-50.000000 0.000000
-49.000000 0.000000
-48.000000 0.000000
-47.000000 0.000000
-46.000000 0.000000
-45.000000 0.000000
-44.000000 0.000000
-43.000000 0.000001
-42.000000 0.000002
-41.000000 0.000004
-40.000000 0.000009
-39.000000 0.000019
-38.000000 0.000040
-37.000000 0.000078
-36.000000 0.000146
-35.000000 0.000259
-34.000000 0.000439
-33.000000 0.000708
-32.000000 0.001088
-31.000000 0.001596
-30.000000 0.002237
-29.000000 0.003000
-28.000000 0.003860
-27.000000 0.004779
-26.000000 0.005716
-25.000000 0.006630
-24.000000 0.007489
-23.000000 0.008267
-22.000000 0.008952
-21.000000 0.009538
-20.000000 0.010024
-19.000000 0.010416
-18.000000 0.010719
-17.000000 0.010942
-16.000000 0.011088
-15.000000 0.011161
-14.000000 0.011161
-13.000000 0.011081
-12.000000 0.010914
-11.000000 0.010645
-10.000000 0.010265
-9.000000 0.009767
-8.000000 0.009159
-7.000000 0.008462
-6.000000 0.007713
-5.000000 0.006959
-4.000000 0.006253
-3.000000 0.005647
-2.000000 0.005182
-1.000000 0.004891
0.000000 0.004792
1.000000 0.004891
2.000000 0.005182
3.000000 0.005647
4.000000 0.006253
5.000000 0.006959
6.000000 0.007713
7.000000 0.008462
8.000000 0.009159
9.000000 0.009767
10.000000 0.010265
11.000000 0.010645
12.000000 0.010914
13.000000 0.011081
14.000000 0.011161
15.000000 0.011161
16.000000 0.011088
17.000000 0.010942
18.000000 0.010719
19.000000 0.010416
20.000000 0.010024
21.000000 0.009538
22.000000 0.008952
23.000000 0.008267
24.000000 0.007489
25.000000 0.006630
26.000000 0.005716
27.000000 0.004779
28.000000 0.003860
29.000000 0.003000
30.000000 0.002237
31.000000 0.001596
32.000000 0.001088
33.000000 0.000708
34.000000 0.000439
35.000000 0.000259
36.000000 0.000146
37.000000 0.000078
38.000000 0.000040
39.000000 0.000019
40.000000 0.000009
41.000000 0.000004
42.000000 0.000002
43.000000 0.000001
44.000000 0.000000
45.000000 0.000000
46.000000 0.000000
47.000000 0.000000
48.000000 0.000000
49.000000 0.000000
