-16.767950 0.000138
-16.267950 0.000069
-15.767950 0.000277
-15.267950 0.000346
-14.767950 0.000346
-14.267950 0.000899
-13.767950 0.000692
-13.267950 0.001038
-12.767950 0.001799
-12.267950 0.002491
-11.767950 0.004843
-11.267950 0.006296
-10.767950 0.010031
-10.267950 0.012384
-9.767950 0.015289
-9.267950 0.022000
-8.767950 0.025113
-8.267950 0.034868
-7.767950 0.039157
-7.267950 0.047874
-6.767950 0.057975
-6.267950 0.063856
-5.767950 0.069736
-5.267950 0.076101
-4.767950 0.076862
-4.267950 0.070290
-3.767950 0.067522
-3.267950 0.066208
-2.767950 0.052440
-2.267950 0.046422
-1.767950 0.041579
-1.267950 0.037220
-0.767950 0.033000
-0.267950 0.031340
0.232050 0.031201
0.732050 0.034937
1.232050 0.037912
1.732050 0.046560
2.232050 0.051818
2.732050 0.061088
3.232050 0.069459
3.732050 0.072988
4.232050 0.073126
4.732050 0.079837
5.232050 0.072780
5.732050 0.065654
6.232050 0.056176
6.732050 0.049673
7.232050 0.041855
7.732050 0.033969
8.232050 0.027120
8.732050 0.022623
9.232050 0.015912
9.732050 0.011761
10.232050 0.008302
10.732050 0.006157
11.232050 0.004151
11.732050 0.002629
12.232050 0.002283
12.732050 0.001522
13.232050 0.000692
13.732050 0.000415
14.232050 0.000415
14.732050 0.000208
15.232050 0.000138
15.732050 0.000069
16.232050 0.000069
