-36.655980 0.000020
-36.155980 0.000000
-35.655980 0.000040
-35.155980 0.000040
-34.655980 0.000020
-34.155980 0.000060
-33.655980 0.000140
-33.155980 0.000040
-32.655980 0.000180
-32.155980 0.000240
-31.655980 0.000220
-31.155980 0.000160
-30.655980 0.000320
-30.155980 0.000580
-29.655980 0.000540
-29.155980 0.000700
-28.655980 0.001060
-28.155980 0.001100
-27.655980 0.001420
-27.155980 0.001560
-26.655980 0.002100
-26.155980 0.002700
-25.655980 0.002300
-25.155980 0.003000
-24.655980 0.003780
-24.155980 0.004760
-23.655980 0.005780
-23.155980 0.005240
-22.655980 0.007520
-22.155980 0.007140
-21.655980 0.008800
-21.155980 0.010220
-20.655980 0.011240
-20.155980 0.012420
-19.655980 0.014700
-19.155980 0.014820
-18.655980 0.017380
-18.155980 0.018200
-17.655980 0.020900
-17.155980 0.021220
-16.655980 0.022100
-16.155980 0.023300
-15.655980 0.025221
-15.155980 0.026061
-14.655980 0.028421
-14.155980 0.028421
-13.655980 0.030261
-13.155980 0.031521
-12.655980 0.031161
-12.155980 0.031281
-11.655980 0.031741
-11.155980 0.031961
-10.655980 0.032701
-10.155980 0.033101
-9.655980 0.031441
-9.155980 0.031941
-8.655980 0.031201
-8.155980 0.029581
-7.655980 0.030001
-7.155980 0.027321
-6.655980 0.026801
-6.155980 0.025061
-5.655980 0.023100
-5.155980 0.020380
-4.655980 0.018440
-4.155980 0.017160
-3.655980 0.015840
-3.155980 0.013760
-2.655980 0.011940
-2.155980 0.011640
-1.655980 0.010020
-1.155980 0.008660
-0.655980 0.009620
-0.155980 0.009620
0.344020 0.009920
0.844020 0.009980
1.344020 0.010900
1.844020 0.011520
2.344020 0.012980
2.844020 0.014680
3.344020 0.016600
3.844020 0.017880
4.344020 0.019780
4.844020 0.021000
5.344020 0.023980
5.844020 0.024380
6.344020 0.026361
6.844020 0.027821
7.344020 0.028581
7.844020 0.028781
8.344020 0.033081
8.844020 0.030861
9.344020 0.031501
9.844020 0.030721
10.344020 0.032361
10.844020 0.031881
11.344020 0.030941
11.844020 0.030781
12.344020 0.030101
12.844020 0.030381
13.344020 0.029501
13.844020 0.027341
14.344020 0.026661
14.844020 0.025461
15.344020 0.024240
15.844020 0.022320
16.344020 0.021740
16.844020 0.019580
17.344020 0.019440
17.844020 0.017460
18.344020 0.016400
18.844020 0.014240
19.344020 0.011840
19.844020 0.011520
20.344020 0.011320
20.844020 0.009560
21.344020 0.008580
21.844020 0.007140
22.344020 0.005920
22.844020 0.005780
23.344020 0.005640
23.844020 0.005220
24.344020 0.004120
24.844020 0.003220
25.344020 0.002880
25.844020 0.002100
26.344020 0.001820
26.844020 0.001780
27.344020 0.001080
27.844020 0.000860
28.344020 0.000880
28.844020 0.000680
29.344020 0.000520
29.844020 0.000460
30.344020 0.000400
30.844020 0.000280
31.344020 0.000220
31.844020 0.000220
32.344020 0.000120
32.844020 0.000080
33.344020 0.000040
33.844020 0.000020
34.344020 0.000040
34.844020 0.000020
35.344020 0.000040
35.844020 0.000020
36.344020 0.000000
36.844020 0.000000
37.344020 0.000000
37.844020 0.000000
38.344020 0.000000
38.844020 0.000000
39.344020 0.000000
