-39.361300 0.000020
-38.861300 0.000020
-38.361300 0.000020
-37.861300 0.000000
-37.361300 0.000000
-36.861300 0.000000
-36.361300 0.000020
-35.861300 0.000020
-35.361300 0.000000
-34.861300 0.000040
-34.361300 0.000040
-33.861300 0.000040
-33.361300 0.000080
-32.861300 0.000100
-32.361300 0.000120
-31.861300 0.000220
-31.361300 0.000260
-30.861300 0.000420
-30.361300 0.000620
-29.861300 0.000620
-29.361300 0.000920
-28.861300 0.000960
-28.361300 0.001500
-27.861300 0.001980
-27.361300 0.002080
-26.861300 0.003020
-26.361300 0.003840
-25.861300 0.004120
-25.361300 0.006040
-24.861300 0.006360
-24.361300 0.008320
-23.861300 0.009700
-23.361300 0.012000
-22.861300 0.012760
-22.361300 0.014700
-21.861300 0.016780
-21.361300 0.019980
-20.861300 0.021500
-20.361300 0.025121
-19.861300 0.027001
-19.361300 0.027821
-18.861300 0.032081
-18.361300 0.034241
-17.861300 0.034321
-17.361300 0.035181
-16.861300 0.039261
-16.361300 0.038181
-15.861300 0.039881
-15.361300 0.039341
-14.861300 0.037861
-14.361300 0.037721
-13.861300 0.034581
-13.361300 0.033941
-12.861300 0.032581
-12.361300 0.030181
-11.861300 0.029521
-11.361300 0.027921
-10.861300 0.026601
-10.361300 0.024600
-9.861300 0.022720
-9.361300 0.020560
-8.861300 0.018580
-8.361300 0.016640
-7.861300 0.015240
-7.361300 0.013540
-6.861300 0.012840
-6.361300 0.010340
-5.861300 0.009440
-5.361300 0.008420
-4.861300 0.006860
-4.361300 0.005100
-3.861300 0.004060
-3.361300 0.002600
-2.861300 0.001260
-2.361300 0.000980
-1.861300 0.000760
-1.361300 0.000540
-0.861300 0.000340
-0.361300 0.000500
0.138700 0.000380
0.638700 0.000520
1.138700 0.000620
1.638700 0.000980
2.138700 0.001380
2.638700 0.002240
3.138700 0.003460
3.638700 0.004880
4.138700 0.006480
4.638700 0.007820
5.138700 0.007880
5.638700 0.009540
6.138700 0.011160
6.638700 0.012560
7.138700 0.013800
7.638700 0.016400
8.138700 0.018200
8.638700 0.019060
9.138700 0.020820
9.638700 0.023660
10.138700 0.025501
10.638700 0.026741
11.138700 0.028201
11.638700 0.028961
12.138700 0.031081
12.638700 0.033841
13.138700 0.034661
13.638700 0.035641
14.138700 0.037301
14.638700 0.037601
15.138700 0.038841
15.638700 0.038501
16.138700 0.037081
16.638700 0.036621
17.138700 0.034981
17.638700 0.034301
18.138700 0.031821
18.638700 0.029381
19.138700 0.028381
19.638700 0.024340
20.138700 0.022860
20.638700 0.020020
21.138700 0.017460
21.638700 0.016180
22.138700 0.013100
22.638700 0.011980
23.138700 0.010140
23.638700 0.008140
24.138700 0.006980
24.638700 0.005520
25.138700 0.005220
25.638700 0.004120
26.138700 0.002820
26.638700 0.002460
27.138700 0.001680
27.638700 0.001600
28.138700 0.001360
28.638700 0.000940
29.138700 0.000920
29.638700 0.000820
30.138700 0.000480
30.638700 0.000280
31.138700 0.000200
31.638700 0.000180
32.138700 0.000140
32.638700 0.000180
33.138700 0.000080
33.638700 0.000020
34.138700 0.000020
34.638700 0.000000
