-20.455580 0.000020
-19.955580 0.000000
-19.455580 0.000020
-18.955580 0.000020
-18.455580 0.000060
-17.955580 0.000100
-17.455580 0.000160
-16.955580 0.000300
-16.455580 0.000320
-15.955580 0.000640
-15.455580 0.000940
-14.955580 0.002100
-14.455580 0.002380
-13.955580 0.003680
-13.455580 0.005660
-12.955580 0.008240
-12.455580 0.011260
-11.955580 0.016740
-11.455580 0.021500
-10.955580 0.029120
-10.455580 0.038540
-9.955580 0.045760
-9.455580 0.057001
-8.955580 0.064261
-8.455580 0.071201
-7.955580 0.077961
-7.455580 0.080381
-6.955580 0.077441
-6.455580 0.077401
-5.955580 0.069041
-5.455580 0.060281
-4.955580 0.051881
-4.455580 0.041580
-3.955580 0.031900
-3.455580 0.020600
-2.955580 0.014060
-2.455580 0.008640
-1.955580 0.005320
-1.455580 0.004580
-0.955580 0.003020
-0.455580 0.002880
0.044420 0.003300
0.544420 0.003240
1.044420 0.004300
1.544420 0.006240
2.044420 0.008700
2.544420 0.013780
3.044420 0.021720
3.544420 0.033420
4.044420 0.043560
4.544420 0.053161
5.044420 0.061201
5.544420 0.069861
6.044420 0.075961
6.544420 0.076461
7.044420 0.079081
7.544420 0.074561
8.044420 0.069141
8.544420 0.062901
9.044420 0.054341
9.544420 0.044300
10.044420 0.035640
10.544420 0.026920
11.044420 0.020960
11.544420 0.015760
12.044420 0.010620
12.544420 0.007540
13.044420 0.005280
13.544420 0.004020
14.044420 0.002740
14.544420 0.001400
15.044420 0.001140
15.544420 0.000860
16.044420 0.000400
16.544420 0.000260
17.044420 0.000060
17.544420 0.000060
18.044420 0.000060
18.544420 0.000040
19.044420 0.000020
