# 781 1.000000e+06 1.000000e+04 0.000000e+00 1.000000e+00 5.000000e-01
-1.048753e+13 -9.782328e+12 9.870226e+12 -9.084294e-01 -3.635347e-01 2.063944e-01 5.498021e+00 0 486530
8.988515e+12 1.077469e+13 1.541326e+13 1.639171e-02 6.849948e-01 7.283636e-01 1.069625e+01 0 405754
-1.142683e+13 1.364999e+13 2.051372e+12 -9.295220e-01 2.967282e-01 -2.189549e-01 -2.098212e+00 0 52592
1.592015e+13 5.657523e+12 3.762870e+12 3.037461e-01 9.369964e-01 1.725573e-01 2.589365e+00 0 577733
2.368109e+13 -1.080604e+13 -4.265256e+12 6.507286e-01 -6.602546e-01 -3.749882e-01 -9.904653e+00 0 138831
-1.650811e+13 5.429438e+12 -6.325032e+12 -7.966936e-01 5.770642e-01 1.796556e-01 -7.559038e+00 0 1093396
-2.965074e+12 3.688548e+12 1.643488e+13 2.517634e-01 3.152220e-01 9.150138e-01 -5.252719e+00 0 872565
-1.654258e+13 1.718987e+12 -5.540941e+12 -6.285156e-01 -7.777969e-01 3.964623e-04 1.361687e+01 0 912396
1.441566e+13 1.426190e+12 -8.921131e+12 -4.087907e-03 -6.303018e-01 -7.763394e-01 -7.350545e-01 0 122672
3.081234e+12 -2.312398e+12 -1.690422e+13 -4.864949e-01 -4.071801e-01 -7.729988e-01 -9.220714e+00 0 644537
1.545510e+13 8.007237e+12 -4.469269e+12 5.737925e-01 4.224400e-01 -7.016456e-01 -4.427614e+00 0 3
1.246717e+12 -6.063893e+11 -2.051778e+13 -2.915491e-01 -2.418662e-01 -9.254728e-01 -9.223265e+00 0 807970
-1.145278e+13 -1.134894e+13 -7.006059e+12 -6.402984e-01 -7.571960e-01 -1.291209e-01 4.964105e+00 0 109054
-4.992529e+12 -1.540235e+13 7.917738e+12 -3.777484e-01 -9.031149e-01 2.041805e-01 -5.051036e+00 0 350766
1.155811e+13 1.168005e+13 -6.879742e+12 5.015902e-01 6.791025e-01 5.359357e-01 -6.271211e+00 0 2
3.822442e+12 -1.402304e+13 -9.812088e+12 4.398913e-01 -7.901785e-01 -4.267478e-01 -2.120666e+00 0 2
-9.149864e+12 -1.406346e+13 5.436098e+12 -5.805743e-01 -5.690606e-01 5.823260e-01 -6.007835e+00 0 3310740
-2.555683e+12 -1.572878e+13 -5.808445e+12 9.279400e-01 -3.121310e-01 -2.037193e-01 7.113368e+00 0 592838
7.856492e+12 8.536574e+12 1.297054e+13 3.233631e-02 4.136279e-01 9.098716e-01 -2.471339e+00 0 184237
-5.627765e+12 -4.582573e+12 -1.666817e+13 -4.314620e-01 -1.425326e-02 -9.020185e-01 -8.540423e+00 0 1401492
-1.035915e+13 -1.522135e+13 4.645425e+12 2.036229e-02 -9.649264e-01 -2.617296e-01 1.048453e+01 0 401357
1.174089e+13 -1.505306e+13 -1.590860e+12 9.536751e-01 -4.784196e-02 2.970099e-01 1.949513e+00 0 160025
-1.038117e+13 4.154903e+12 -1.313749e+13 -7.295066e-01 -3.492098e-01 -5.881094e-01 -2.123773e+00 0 1520901
1.514820e+13 -9.884932e+12 2.364743e+12 8.765843e-01 3.177499e-01 -3.614345e-01 1.191067e+01 0 969111
-1.572193e+13 3.762377e+11 1.125237e+13 -9.171226e-01 1.922965e-01 3.491534e-01 3.852568e+00 0 370035
-6.822305e+12 -9.035092e+12 1.832146e+13 -7.889487e-01 -3.690931e-01 4.912537e-01 -8.682272e+00 0 346308
-1.541847e+13 4.092124e+12 6.432661e+12 -3.250695e-01 8.354892e-01 4.430435e-01 1.146297e+00 0 89950
4.470235e+12 1.447750e+13 -1.032039e+13 4.478495e-01 6.935856e-01 -5.642427e-01 -6.066272e+00 0 284195
9.627430e+12 1.144554e+13 -8.055058e+12 5.948341e-01 7.847645e-01 -1.741182e-01 4.046735e+00 0 699478
1.516508e+13 -7.597337e+12 8.161532e+12 5.969306e-01 -6.741180e-01 4.350159e-01 -7.187252e+00 0 543612
-1.361771e+13 4.474379e+12 1.326879e+13 -8.929442e-01 4.003156e-01 2.059077e-01 -4.329375e+00 0 435028
-1.585924e+13 8.059675e+12 -3.897520e+12 -7.935801e-01 3.404773e-01 -5.042875e-01 -8.401649e+00 0 253407
1.621418e+13 6.836057e+12 -4.530864e+12 8.566543e-01 4.832841e-01 -1.804992e-01 1.018751e+01 0 125197
1.530806e+13 -8.102848e+12 -1.583454e+12 -6.025402e-02 -9.972452e-01 -4.326033e-02 -2.016948e+00 0 1436402
1.049499e+13 -1.228714e+13 5.922854e+12 7.042515e-01 -4.324388e-01 5.630511e-01 6.135884e+00 0 477022
7.604303e+11 9.358393e+12 1.610840e+13 -1.766198e-01 7.344300e-01 6.552999e-01 -3.140718e+00 0 227869
2.195264e+11 1.065426e+13 -1.329552e+13 -4.670219e-01 2.220006e-01 -8.559242e-01 3.722188e-01 0 569462
2.773425e+12 -2.096128e+13 -5.831172e+12 -4.514100e-01 -8.909474e-01 4.941463e-02 -1.219332e+01 0 1875662
-2.161199e+12 -1.207141e+13 1.509774e+13 -4.396045e-01 -6.211083e-01 6.488238e-01 4.388616e+00 0 873561
-4.550035e+11 -1.694615e+13 6.130454e+11 2.753349e-01 -2.906633e-01 9.163545e-01 8.474070e+00 0 3
1.366857e+13 1.916784e+12 1.398139e+13 5.637119e-02 6.318446e-02 9.964086e-01 -5.132859e+00 0 85831
-1.540188e+13 -1.477259e+13 9.744939e+12 -5.352206e-01 -7.156567e-01 4.487477e-01 9.562789e+00 0 274457
-1.398469e+12 7.789047e+12 -1.538051e+13 7.397566e-02 4.208899e-01 -9.040903e-01 -6.054872e+00 0 633722
8.124713e+12 -1.751878e+13 -5.753764e+12 5.174447e-01 -8.511251e-01 8.852723e-02 5.024372e+00 0 852768
4.634157e+12 -5.459044e+12 1.598638e+13 -5.825420e-01 -1.435904e-01 8.000166e-01 -1.158176e+01 0 32018
9.325872e+07 2.222637e+12 -1.743449e+13 3.695120e-01 -3.979017e-04 -9.292259e-01 5.938990e+00 0 609220
-1.856453e+13 -6.363350e+12 -3.911250e+12 -4.973438e-01 -8.672898e-01 -2.138973e-02 1.912592e+01 0 114503
-1.144364e+13 5.332620e+12 1.508956e+13 -7.152843e-01 5.591651e-01 4.191692e-01 5.789913e+00 0 1234686
-5.997090e+12 5.531230e+12 -1.559541e+13 -4.180689e-02 -4.940981e-01 -8.684004e-01 -3.144060e+00 0 359422
1.343628e+13 8.884401e+12 6.433898e+12 1.477389e-01 9.054541e-01 3.979022e-01 1.849845e+00 0 2
5.446789e+12 -4.375175e+12 -1.565707e+13 -3.150418e-01 -8.722186e-01 -3.741435e-01 -6.436737e+00 0 6928
1.160277e+13 -1.439955e+13 3.706006e+12 5.779793e-01 -6.252631e-01 5.243911e-01 6.092452e+00 0 1
-1.099141e+13 -1.425343e+13 1.163941e+12 -4.502639e-01 -5.805096e-01 6.784328e-01 3.340807e+00 0 255738
-1.654954e+13 4.013346e+12 -8.259658e+11 -8.145684e-01 2.327181e-01 -5.313385e-01 -5.391648e+00 0 11634
6.896812e+12 5.633610e+12 1.564872e+13 9.391077e-02 8.504394e-01 5.176231e-01 -6.406106e+00 0 1523472
-9.125891e+12 -3.348850e+12 1.513638e+13 -8.169189e-02 -8.955338e-01 4.374308e-01 -2.582337e+00 0 1644285
1.284700e+13 -1.613060e+13 -1.262483e+13 1.986081e-01 -9.426458e-01 -2.682792e-01 4.393507e+00 0 35913
-1.529275e+13 8.156563e+12 8.776703e+11 -5.833142e-01 -3.501851e-01 7.328813e-01 -2.510502e+00 0 1
-1.700414e+13 3.383369e+13 1.866433e+12 -6.378882e-01 7.631236e-01 -1.036388e-01 -8.909728e+00 0 922408
1.598602e+13 -5.408962e+12 3.211627e+12 4.297824e-01 -8.447169e-01 3.189678e-01 -1.760128e+00 0 255070
1.080789e+13 -6.904465e+12 1.234657e+13 6.349351e-01 -5.738567e-02 7.704313e-01 -7.653647e-01 0 927403
1.136803e+13 4.530387e+12 1.183461e+13 5.335076e-01 -1.897943e-01 8.242255e-01 5.286492e+00 0 411138
-1.141051e+13 -4.891947e+12 1.203828e+13 -9.065229e-01 -3.145896e-01 -2.815130e-01 -6.443366e+00 0 85635
1.452496e+13 1.311038e+13 6.791307e+12 2.348323e-01 7.671694e-01 5.969129e-01 8.809531e+00 0 5221
1.641563e+13 1.766731e+13 -4.167488e+12 9.683179e-02 8.512796e-01 -5.157002e-01 -1.356833e+00 0 12
-1.511589e+13 -6.354544e+12 5.338081e+12 -5.951684e-01 -7.190364e-01 -3.588331e-01 -3.533474e+00 0 156722
-2.521920e+12 1.545663e+13 -6.891815e+12 -7.753144e-01 6.213698e-01 -1.130803e-01 4.017509e+00 0 168459
1.222557e+13 6.481320e+12 -1.557718e+13 7.388570e-01 4.235188e-01 -5.241394e-01 5.142817e+00 0 731084
-1.150565e+13 1.457514e+13 -2.958840e+12 -7.478232e-01 -2.126726e-02 -6.635572e-01 -4.394910e+00 0 1513929
-2.948265e+12 5.723697e+12 -1.599828e+13 7.923431e-02 9.891131e-01 1.240048e-01 5.317183e+00 0 209271
-1.039567e+13 -8.533523e+12 1.127520e+13 6.685352e-02 1.570120e-01 9.853313e-01 -3.708974e+00 0 5
7.051489e+12 -1.545385e+13 -8.746458e+11 -1.192143e-01 -9.737071e-01 1.941196e-01 -6.442650e+00 0 1102857
-1.238525e+13 -8.720868e+12 2.347554e+13 -4.834219e-01 -3.892858e-01 7.840662e-01 7.882551e+00 0 443652
-8.124490e+12 1.379466e+13 8.948853e+12 -9.587238e-01 2.639509e-01 1.057288e-01 -2.367878e+00 0 664938
1.876403e+13 -8.809401e+12 -1.609537e+13 9.141551e-01 -2.368054e-01 -3.290041e-01 -8.355541e+00 0 293910
-3.568547e+12 -1.570699e+13 -5.398911e+12 6.093311e-02 -9.925200e-01 -1.057888e-01 -3.788285e+00 0 1678846
2.410558e+13 -2.792659e+13 -1.172706e+13 6.225858e-01 -7.424044e-01 -2.474321e-01 1.093907e+01 0 238945
-1.051717e+13 1.302544e+13 -8.740906e+12 -2.083930e-01 9.663991e-01 -1.504830e-01 -7.479422e+00 0 403124
-1.321252e+13 1.146815e+13 7.373072e+12 -6.533750e-01 3.244560e-01 6.839806e-01 5.642252e+00 0 58296
1.515150e+12 1.434437e+13 -1.043392e+13 -3.077928e-01 4.133677e-01 -8.569660e-01 -2.907815e+00 0 1
-7.181141e+12 1.589574e+13 8.503724e+12 -7.714114e-01 1.221208e-01 6.245086e-01 -5.963580e-01 0 791199
-5.899946e+11 2.058534e+13 1.676456e+12 -1.999821e-01 9.792255e-01 -3.353395e-02 -4.200689e+00 0 1531235
3.230352e+12 1.745853e+13 -2.235975e+12 8.665541e-01 4.798595e-01 -1.371816e-01 -1.356695e+01 0 1
1.677808e+13 4.590163e+12 -6.862439e+12 7.376387e-01 -1.587411e-01 -6.562701e-01 4.599554e+00 0 2
-1.389596e+13 -1.665372e+12 -9.717464e+12 -9.856032e-02 -5.105784e-01 -8.541637e-01 7.080013e+00 0 207159
-3.087319e+12 -1.332375e+13 -1.227002e+13 4.238645e-01 -7.836641e-01 -4.541028e-01 1.103156e+01 0 131638
4.465068e+12 -4.754104e+12 1.577652e+13 8.335188e-01 -1.863377e-01 5.201199e-01 1.491117e+00 0 3791
-1.029554e+13 -8.516640e+12 -1.082928e+13 -9.550972e-01 1.344773e-01 -2.640174e-01 -7.945581e+00 0 689803
1.681558e+13 -3.233820e+12 1.224720e+13 7.094892e-01 3.896169e-01 5.872170e-01 -5.305049e+00 0 249458
5.385242e+12 -1.342346e+13 -1.025567e+13 1.189635e-01 -8.477182e-01 -5.169348e-01 -7.582231e+00 0 206316
-7.960516e+12 1.114426e+13 1.002020e+13 -9.379379e-01 3.057748e-01 -1.636286e-01 7.816106e+00 0 64162
1.533991e+13 -7.266398e+12 1.089325e+12 4.437593e-01 -8.951372e-01 -4.251017e-02 -9.122794e+00 0 212602
-3.482186e+12 1.113265e+13 -1.255769e+13 -9.103419e-01 3.384499e-01 2.381793e-01 1.024847e+01 0 21732
6.300936e+12 -1.610607e+13 2.361533e+12 8.980871e-01 -4.156516e-01 1.437824e-01 9.502218e+00 0 684739
-8.854371e+12 1.727976e+12 1.444142e+13 -7.485032e-02 -6.019630e-01 7.950081e-01 7.302994e+00 0 104592
-6.286527e+12 1.597121e+13 -8.059885e+11 -4.807090e-01 8.706893e-01 -1.040141e-01 -7.636329e+00 0 1
-2.747405e+11 -7.813008e+12 -1.531671e+13 4.973009e-01 -2.192034e-01 -8.394294e-01 -5.109203e+00 0 2494287
-2.250100e+13 -4.919717e+12 6.516790e+12 -9.261781e-01 2.219940e-01 3.048161e-01 -1.536431e+01 0 92238
-1.347883e+13 -1.057254e+13 4.363877e+12 -9.890133e-01 -1.223984e-01 -8.289388e-02 -6.019215e+00 0 21723
-1.119905e+13 8.282740e+12 -9.986874e+12 -8.475704e-01 -5.288302e-01 4.430650e-02 1.226086e+00 0 1
5.024407e+12 3.553361e+12 -2.013364e+13 8.491338e-01 2.707372e-01 -4.535121e-01 6.330465e+00 0 1163754
6.846977e+11 -6.708030e+12 1.690106e+13 6.347016e-01 1.304392e-01 7.616689e-01 -4.421264e+00 0 601286
-5.101528e+12 -1.312002e+13 -9.815321e+12 -8.202644e-01 -4.687734e-01 3.277466e-01 -4.941990e-02 0 86372
-1.437666e+13 4.538563e+12 1.131853e+13 -3.039423e-01 3.433672e-01 8.886608e-01 -1.119393e+01 0 733092
-5.301196e+12 1.359567e+13 -1.175757e+13 -7.042552e-01 4.572264e-01 -5.431101e-01 6.836088e+00 0 447626
1.364912e+13 -3.542675e+12 -1.221592e+13 4.244229e-01 -3.057598e-01 -8.522770e-01 7.655731e+00 0 276763
1.596431e+13 2.726499e+11 1.030624e+13 9.241082e-01 1.378595e-01 3.563969e-01 9.865137e+00 0 423223
-2.654272e+12 -1.243601e+13 -1.316910e+13 -6.726283e-01 -6.502731e-01 -3.531517e-01 -6.749589e+00 0 129740
1.452607e+13 -8.734998e+12 4.124578e+12 7.988054e-01 -3.473224e-01 -4.911996e-01 -7.373635e+00 0 275776
9.954629e+12 -1.079035e+13 -1.148789e+13 7.404698e-01 -4.626539e-01 -4.874997e-01 5.922942e+00 0 1007649
4.521073e+12 9.633956e+12 1.337640e+13 -6.345516e-02 -1.478061e-01 9.869786e-01 4.387159e+00 0 259447
-1.539042e+13 7.164709e+12 3.680855e+12 -2.166455e-01 8.164090e-01 5.352954e-01 -1.287182e+01 0 3
1.303603e+13 1.041381e+13 -4.334944e+12 1.654185e-02 4.258908e-01 -9.046233e-01 1.083550e+01 0 181464
9.780978e+12 -9.715616e+12 -1.115035e+13 6.128323e-01 4.220093e-02 -7.890854e-01 8.006564e+00 0 849452
-5.523252e+12 -1.024400e+13 1.677796e+13 -6.604338e-01 -3.861910e-01 6.439594e-01 -9.030098e+00 0 74774
-1.645848e+13 -1.234144e+13 2.014683e+12 -7.460016e-01 -4.808011e-01 4.607733e-01 -5.644767e+00 0 4
-5.291527e+12 -2.096443e+13 -5.585469e+12 -3.364721e-01 -8.607595e-01 -3.819419e-01 -8.477748e+00 0 8507
6.534888e+12 -1.017124e+13 1.216709e+13 4.734229e-01 -7.489986e-01 4.635427e-01 -9.230600e+00 0 163934
-1.582517e+13 4.682944e+12 1.377509e+13 -7.675518e-01 5.201668e-01 3.745540e-01 5.893889e+00 0 155849
-5.623104e+12 1.859163e+12 -2.011674e+13 -1.665573e-01 6.205230e-01 -7.662962e-01 -7.757102e+00 0 890387
-1.573773e+13 -8.726679e+11 -6.281931e+12 -8.837962e-01 -4.468522e-01 1.386627e-01 1.594055e+00 0 1475323
-5.847647e+12 1.201111e+13 -1.074220e+13 -4.805953e-01 6.487013e-01 -5.900973e-01 -1.951800e+00 0 430836
-1.443030e+13 -1.006365e+13 3.194671e+12 -8.978358e-01 -3.574039e-01 -2.572030e-01 7.794253e+00 0 2503082
-1.491422e+13 7.467449e+12 3.626222e+12 -9.555889e-01 1.896483e-01 -2.255737e-01 4.829386e+00 0 848039
1.587536e+13 2.439801e+12 5.577936e+12 4.850618e-01 -8.283290e-01 2.803321e-01 -9.200833e+00 0 1
7.300677e+12 7.291216e+12 1.346947e+13 6.998130e-01 -3.111798e-01 6.429844e-01 2.652807e-01 0 13331
-5.165097e+12 -4.348527e+12 -1.668182e+13 -1.725907e-01 -9.367812e-01 -3.043903e-01 9.949418e+00 0 1760707
-1.050170e+13 1.968456e+13 6.340732e+12 -5.282728e-01 8.395690e-01 -1.266958e-01 9.757545e+00 0 199385
2.070756e+12 -1.275073e+12 1.983024e+13 3.976849e-01 -7.889652e-01 4.683809e-01 5.523935e+00 0 510370
-1.763802e+13 -5.677204e+10 5.586180e+12 -5.501907e-01 -5.709771e-01 6.093236e-01 8.479846e+00 0 157738
-1.502595e+13 7.989977e+11 1.087752e+13 -7.963151e-01 6.018430e-01 6.055729e-02 1.944407e+00 0 241121
-6.338601e+12 -1.669574e+13 5.233684e+12 -1.225000e-01 -9.881375e-01 -9.261799e-02 -9.936310e+00 0 98448
1.358285e+13 1.393583e+13 8.287697e+11 7.913039e-01 3.988331e-01 4.634332e-01 3.067639e+00 0 97441
-1.707897e+12 3.731369e+12 -1.693249e+13 -4.341347e-01 2.392744e-01 -8.684899e-01 2.904699e+00 0 40305
1.495036e+13 -6.609167e+12 5.343488e+12 7.130657e-01 3.341072e-01 6.163681e-01 1.358645e+00 0 115917
8.694809e+12 1.466379e+13 1.998731e+12 3.328021e-01 2.257220e-01 -9.155831e-01 -8.060383e+00 0 19668
-3.247674e+12 -1.265660e+13 1.658826e+13 -6.899260e-02 -7.818357e-01 6.196555e-01 -9.244271e+00 0 219202
1.184380e+13 8.701292e+12 -9.396083e+12 3.040460e-01 9.279037e-01 -2.157562e-01 8.449597e+00 0 9
4.870774e+12 1.605363e+12 -1.809054e+13 3.333114e-01 4.780508e-02 -9.416041e-01 7.987141e+00 0 2047382
-7.660711e+12 -1.505489e+13 1.096875e+13 -3.211621e-01 -8.917408e-01 3.188311e-01 8.932609e+00 0 268966
-1.635665e+13 1.975933e+12 -8.858703e+12 -7.783109e-01 -4.709408e-01 -4.152673e-01 9.408402e+00 0 64979
2.534725e+12 1.118909e+13 -1.348647e+13 1.767760e-01 5.952364e-02 -9.824496e-01 -8.345524e+00 0 1530906
6.767732e+12 -1.119022e+13 -1.304936e+13 7.673547e-01 -6.373822e-01 -7.007679e-02 7.211881e+00 0 229043
1.510763e+12 2.089618e+12 -1.699841e+13 5.344832e-02 4.651898e-01 -8.835959e-01 4.838343e+00 0 278060
2.079940e+13 3.603641e+12 1.576127e+13 8.393300e-01 -3.224316e-01 4.376791e-01 -1.412799e+01 0 586865
-7.156198e+12 6.287746e+11 -1.818649e+13 -3.598752e-01 1.545904e-01 -9.201042e-01 1.508028e+00 0 287007
9.554465e+12 -7.536068e+12 -1.303380e+13 4.885529e-01 -4.949518e-01 -7.185672e-01 -5.509111e+00 0 5425
-3.985577e+12 -1.856237e+12 -1.667327e+13 -9.893448e-01 -1.427934e-01 -2.840520e-02 -4.911286e+00 0 1252047
-1.485304e+12 -1.137138e+13 1.624843e+13 2.176110e-01 -9.266723e-01 3.064700e-01 9.293807e+00 0 53313
6.028115e+12 -2.460051e+13 4.047054e+11 3.000602e-01 -9.464477e-01 -1.191665e-01 -4.503568e+00 0 734114
-5.957112e+12 -1.000372e+13 -1.361598e+13 -4.705504e-01 -6.589892e-01 -5.867841e-01 -8.186797e+00 0 219410
4.597206e+12 -1.137444e+13 1.300947e+13 3.637450e-01 -8.689372e-01 -3.356156e-01 7.856834e+00 0 798016
-5.871093e+12 5.108333e+12 -1.603562e+13 -8.899414e-01 4.460524e-01 -9.508693e-02 -5.735547e+00 0 264413
1.764778e+13 -6.834839e+12 -6.194277e+12 4.107048e-01 1.135676e-01 -9.046679e-01 1.111096e+01 0 52753
1.368070e+13 1.408178e+13 2.944446e+12 7.141295e-01 6.609141e-01 2.306765e-01 1.277237e+00 0 552517
-1.420079e+13 -7.547542e+12 -5.454568e+12 -3.692519e-01 -7.011243e-01 6.099818e-01 7.901086e-01 0 225706
-1.699759e+12 2.298371e+13 -1.924462e+13 -2.350976e-02 7.771927e-01 -6.288233e-01 8.508664e+00 0 1984529
6.023940e+12 -1.240146e+13 9.965570e+12 2.398725e-01 -7.124125e-01 6.594920e-01 7.581023e+00 0 2003046
-1.667944e+13 -1.185817e+12 5.100158e+12 -5.225866e-01 8.160082e-01 2.470502e-01 -1.052632e+00 0 535325
1.534038e+12 -1.688001e+13 1.371816e+12 -3.892918e-01 -8.829806e-01 -2.622922e-01 -1.042940e+01 0 1458425
1.415068e+13 -3.540056e+12 1.034752e+13 7.939026e-01 -4.913792e-02 6.060562e-01 6.791257e+00 0 5
1.107097e+12 -1.626998e+13 4.666419e+12 5.921060e-01 -6.918691e-01 4.131919e-01 1.125222e+00 0 132939
3.516637e+12 1.511083e+13 -1.842987e+13 1.172958e-02 3.318292e-01 -9.432666e-01 -8.597331e+00 0 411258
-1.978444e+12 1.250873e+13 1.200046e+13 7.830946e-01 1.636457e-01 5.999857e-01 -1.050838e+01 0 853726
-1.555619e+13 1.902814e+12 -9.686743e+12 -9.674374e-01 -1.009386e-02 2.529089e-01 -6.270194e+00 0 114288
-7.908849e+12 1.411807e+13 6.498531e+12 -4.008719e-01 5.026393e-01 7.659344e-01 -5.077004e+00 0 443806
1.527642e+13 7.649869e+12 -5.494500e+12 9.770792e-01 -1.983820e-01 -7.720665e-02 9.767385e-01 0 716516
-1.080546e+13 -1.118020e+12 1.315983e+13 -4.430938e-01 2.774734e-01 8.524532e-01 4.208982e+00 0 183582
-1.374177e+13 -4.317158e+12 -1.664363e+13 -3.225987e-01 -2.838637e-01 -9.029681e-01 7.187080e+00 0 505250
-5.760453e+12 -1.267096e+13 -1.069087e+13 -5.762558e-01 -7.934809e-01 -1.957480e-01 -8.910214e+00 0 13
-7.827553e+12 1.298109e+13 8.112018e+12 2.286948e-01 9.166250e-01 3.278678e-01 -9.381768e+00 0 1505100
1.015423e+13 1.280260e+13 5.672616e+12 -1.572989e-01 5.946814e-01 7.884232e-01 -3.613441e+00 0 480863
-5.125247e+12 2.480621e+12 1.616698e+13 4.506658e-01 6.962474e-01 5.586948e-01 2.998289e+00 0 86752
-9.887990e+12 8.076910e+12 -1.264223e+13 -2.658626e-01 -1.062810e-01 -9.581344e-01 -4.021125e+00 0 114140
-3.883812e+11 -1.626619e+13 6.741283e+12 -5.747932e-01 -8.022150e-01 1.614431e-01 4.607962e+00 0 139505
1.088472e+13 1.131162e+13 7.211777e+12 5.087808e-01 7.081741e-01 -4.895218e-01 -3.329141e+00 0 577537
5.336525e+12 -1.546396e+13 6.433297e+12 9.469180e-01 -2.465758e-01 -2.062683e-01 9.595298e+00 0 1
-1.555145e+13 8.276850e+12 2.405924e+12 -4.754020e-01 3.086048e-01 8.238665e-01 -7.520980e+00 0 347141
-7.659959e+12 -1.513103e+13 -4.773221e+12 -7.341383e-01 -7.043893e-02 -6.753365e-01 -8.080134e+00 0 334007
-1.397263e+13 -2.390919e+11 1.156839e+13 -8.746424e-01 1.543332e-01 4.595454e-01 4.816317e+00 0 141576
5.690620e+12 1.071246e+13 -1.213520e+13 -1.119117e-01 -2.856303e-01 -9.517831e-01 -2.788408e+00 0 341888
1.389007e+13 -8.975263e+10 -1.026624e+13 4.830285e-01 4.479708e-01 -7.523334e-01 -2.898248e-01 0 116032
-4.832638e+12 1.039928e+13 -1.409052e+13 -6.528498e-01 7.336050e-01 -1.887085e-01 9.037199e+00 0 571901
-2.336313e+12 -8.393664e+12 1.584506e+13 1.975863e-01 -7.938354e-01 5.751391e-01 -5.372357e+00 0 1749251
-6.498804e+12 -1.569496e+13 9.376333e+12 -4.681328e-01 -2.930776e-01 8.336409e-01 1.198841e+00 0 150547
-1.900672e+13 -3.005347e+12 2.387679e+12 -7.819941e-01 -4.009426e-01 4.772108e-01 -4.350742e+00 0 934647
-1.891760e+13 -1.919201e+12 -1.657000e+12 -9.422487e-01 1.192041e-01 3.129821e-01 -7.618980e+00 0 473005
-7.566979e+12 -1.226702e+13 9.007689e+12 -4.833400e-01 -4.620363e-01 7.435758e-01 -3.537640e+00 0 1158010
9.810280e+12 8.727013e+12 -1.353471e+13 9.767951e-02 4.624574e-01 -8.812445e-01 8.527398e+00 0 228579
-1.121613e+13 2.193205e+13 3.632703e+12 -2.874683e-01 9.537877e-01 8.747048e-02 6.417948e+00 0 307091
-2.988705e+12 1.498607e+13 8.633205e+12 2.184209e-01 9.005850e-01 3.758178e-01 1.923378e+00 0 274174
-1.661166e+13 -2.420206e+12 5.033533e+12 -8.947471e-01 -3.640815e-01 2.585967e-01 -2.696917e+00 0 9935
-6.611294e+12 1.569491e+13 1.184573e+13 -4.540489e-01 6.541833e-01 6.048833e-01 9.071016e+00 0 202268
-2.650197e+12 -1.527355e+13 -1.754335e+13 3.089903e-01 -7.725858e-01 -5.546496e-01 1.093203e+01 0 796320
1.006012e+13 1.400120e+13 1.084153e+12 8.432643e-01 -5.426872e-02 -5.347525e-01 -6.598008e+00 0 295954
-1.305146e+13 1.011217e+13 -4.688181e+12 -6.175902e-01 7.217824e-01 -3.124299e-01 2.767319e-01 0 2
-1.487690e+13 -2.579400e+12 -1.071090e+13 -4.075195e-01 -3.391683e-02 -9.125664e-01 4.441340e+00 0 618457
1.409178e+13 -2.979051e+12 -9.719514e+12 5.506295e-01 2.747465e-01 -7.882395e-01 6.745457e+00 0 2
-1.065179e+13 -1.595260e+13 4.399202e+11 -9.817954e-01 -1.820570e-01 -5.415779e-02 -1.128648e+01 0 1288024
1.618265e+13 3.447013e+12 3.956313e+12 3.235375e-01 9.036287e-01 -2.806753e-01 9.448290e+00 0 1117068
-1.272041e+13 8.897822e+12 7.193490e+12 -6.571941e-01 6.804256e-01 -3.242174e-01 -4.909594e+00 0 100461
-1.079501e+13 -1.318946e+12 1.303295e+13 -8.186635e-01 1.938854e-01 5.405540e-01 -7.026833e+00 0 479112
1.150092e+12 -9.153699e+12 1.858871e+13 -2.830865e-01 2.288575e-02 9.588213e-01 8.835499e+00 0 447273
-2.274549e+12 -1.901711e+13 -8.677467e+10 1.269997e-01 -9.831080e-01 -1.317940e-01 9.302566e+00 0 865715
-1.547927e+13 6.800195e+12 1.464848e+12 -6.882291e-01 -1.765495e-01 -7.036838e-01 1.886969e+00 0 524853
1.468893e+13 8.437045e+12 2.693893e+12 9.694499e-01 1.718778e-01 -1.749996e-01 -6.204758e+00 0 2511964
5.845250e+12 -1.304965e+13 1.035305e+13 3.075707e-01 -8.670099e-01 -3.920384e-01 -8.870140e+00 0 1338266
9.684036e+12 -9.978897e+12 -3.528286e+13 1.622592e-01 -4.029507e-01 -9.007234e-01 9.334216e+00 0 810152
1.750029e+13 5.413740e+12 3.230070e+12 5.066360e-01 8.396418e-01 -1.957589e-01 -2.214130e+00 0 133663
6.170831e+12 1.300785e+13 9.280872e+12 4.723823e-01 6.067950e-02 8.793025e-01 1.725620e+00 0 736224
-1.621727e+13 -5.254081e+11 -5.490470e+12 -9.088059e-01 -9.001251e-02 4.073936e-01 3.764358e+00 0 334041
-1.688335e+13 1.552770e+12 -2.192197e+12 -2.001958e-01 9.534470e-01 2.255225e-01 -1.030857e+01 0 1
2.824745e+12 -1.407952e+13 1.255670e+13 3.034287e-01 -5.927503e-01 7.460416e-01 4.477670e+00 0 1
-1.026654e+13 7.512215e+12 1.126538e+13 -4.734425e-01 2.604076e-01 8.414512e-01 1.478643e+00 0 85900
1.094369e+12 -1.534552e+13 8.286595e+12 9.241843e-01 -3.551267e-01 1.406003e-01 1.141139e+01 0 4
-7.405135e+12 1.439473e+13 6.454150e+12 -6.694310e-01 6.722072e-01 3.162271e-01 -4.507345e+00 0 1853297
-1.448945e+13 -8.922349e+12 5.308295e+12 -9.683174e-01 -1.637121e-01 1.885731e-01 4.315895e+00 0 502471
-7.770680e+12 -1.036907e+13 -1.310970e+13 -1.609365e-01 -9.712820e-01 -1.752445e-01 5.099178e+00 0 261655
4.681179e+12 1.644256e+13 1.751311e+12 -7.160752e-01 6.773322e-01 -1.686934e-01 -2.742305e+00 0 3
-1.154088e+13 7.451931e+12 -1.002881e+13 -4.662691e-01 -2.539965e-01 -8.473954e-01 5.580091e+00 0 839784
2.016221e+13 -1.403460e+13 -3.735374e+12 8.710091e-01 -3.780282e-01 3.137481e-01 1.196043e+01 0 1699290
3.924047e+12 1.792387e+13 4.016184e+12 5.765909e-01 3.530423e-01 7.368202e-01 1.588751e+00 0 2084126
1.628429e+13 -1.030898e+13 -8.142441e+12 5.914034e-01 -8.020236e-01 8.366639e-02 7.947795e+00 0 663497
8.363582e+12 -1.528818e+13 1.321520e+12 2.048172e-01 -7.150436e-01 6.684030e-01 5.157501e+00 0 200814
1.950711e+13 -6.729790e+12 -5.590789e+12 6.994123e-01 -2.204793e-01 -6.798613e-01 7.410061e+00 0 620319
4.190399e+12 1.209707e+13 -1.398709e+13 7.877461e-01 6.057801e-01 -1.117435e-01 4.385074e+00 0 330329
2.945588e+12 -2.945388e+12 1.671290e+13 -3.154097e-01 6.122473e-01 7.250310e-01 5.341294e+00 0 1344137
1.353026e+13 -5.231643e+12 1.521998e+13 5.599284e-01 -2.849211e-01 7.780104e-01 4.736750e+00 0 1072097
-1.257913e+13 -3.938297e+12 -1.085985e+13 -7.117015e-01 -6.825078e-01 1.663253e-01 8.879811e+00 0 7
8.554876e+12 -1.775144e+12 -2.436983e+13 6.678226e-01 1.714711e-01 -7.243001e-01 7.936140e+00 0 1540470
-1.149198e+12 -8.446825e+12 1.650028e+13 -1.888773e-01 -8.051395e-01 5.622062e-01 2.712984e+00 0 620838
-1.632232e+13 -9.914268e+12 -6.328262e+12 -8.487314e-01 -5.035703e-01 -1.614682e-01 6.722820e+00 0 166217
-1.518745e+12 1.560435e+13 -7.566509e+12 -1.547693e-01 9.141057e-01 -3.747763e-01 5.809318e+00 0 1478320
1.955909e+13 2.331001e+12 -4.799914e+12 8.218454e-01 -5.683573e-01 -3.924512e-02 4.220581e+00 0 1663771
1.477013e+13 8.767373e+11 -1.276461e+13 8.589933e-01 7.119817e-02 -5.070122e-01 5.425650e+00 0 376218
-1.217445e+13 -8.447671e+12 1.097581e+13 -6.846105e-01 -7.091342e-01 1.686329e-01 2.407520e+00 0 75047
-8.477129e+12 1.294660e+13 -1.777691e+13 -5.638999e-01 5.393841e-01 -6.253652e-01 -4.893052e+00 0 124310
2.587039e+11 2.871126e+12 -1.692915e+13 -5.238494e-01 8.056499e-01 -2.766046e-01 -2.838672e+00 0 61064
-1.631793e+13 3.505993e+12 -3.460868e+12 -7.296284e-01 -6.721800e-02 -6.805323e-01 1.249269e+01 0 130380
9.961955e+12 1.172473e+13 -7.222469e+12 8.721862e-02 7.335285e-02 -9.934849e-01 -3.257142e+00 0 4
-1.001750e+13 6.790250e+12 2.198717e+13 -4.869882e-01 5.254418e-01 6.976771e-01 6.178606e+00 0 76306
1.574384e+13 3.839431e+12 -6.525457e+12 6.782773e-01 -7.325345e-01 -5.773276e-02 -3.248966e+00 0 1
6.066415e+12 4.181295e+12 1.860516e+13 4.941728e-01 -2.800631e-01 8.230176e-01 -9.484736e+00 0 1268258
5.139518e+11 1.063797e+12 1.700098e+13 1.847917e-01 -1.589848e-01 9.698329e-01 -3.872636e+00 0 481505
1.458888e+13 2.297483e+12 -8.396955e+12 9.103470e-01 -3.032681e-01 2.815967e-01 -6.391839e+00 0 672942
-1.733126e+13 -1.097969e+12 2.335599e+12 -3.491826e-01 -7.881567e-01 5.068339e-01 1.261671e+01 0 17
8.820571e+12 -1.431797e+13 -3.527685e+12 8.421973e-01 -1.711233e-01 -5.112930e-01 1.404946e+00 0 389449
1.177326e+13 -1.273609e+13 7.347008e+11 6.419794e-01 -4.618572e-01 6.120052e-01 -5.966959e+00 0 4
-1.620002e+13 9.454852e+12 -4.177037e+12 -7.849819e-01 6.031959e-01 -1.412729e-01 -6.322636e+00 0 486579
2.088587e+12 1.885204e+12 -1.713890e+13 4.138052e-02 -8.079689e-01 -5.877702e-01 4.884543e+00 0 803094
-5.127802e+12 -5.991448e+11 -1.666249e+13 -6.916058e-01 6.452949e-01 -3.244625e-01 -6.422327e+00 0 279770
-1.795862e+13 -9.063970e+12 8.311754e+12 -3.874058e-01 -4.594343e-01 7.992727e-01 1.088399e+01 0 176364
-9.961458e+12 4.559438e+12 1.434877e+13 -5.725261e-02 4.159637e-01 9.075772e-01 -9.898142e+00 0 221437
-1.241195e+13 -1.136527e+13 3.291655e+12 -9.893873e-01 -4.384921e-02 -1.385282e-01 -8.467474e+00 0 735665
-8.868121e+11 -1.737008e+13 5.400621e+12 -2.400748e-02 -8.638038e-01 5.032560e-01 -4.838870e+00 0 185417
-1.605765e+13 7.809396e+12 9.154186e+12 -7.692733e-01 5.964688e-01 2.290053e-01 6.825090e+00 0 913
1.504290e+13 2.929818e+12 -9.717969e+12 9.510419e-01 -1.029479e-01 -2.914122e-01 5.657036e+00 0 239647
2.171738e+13 -2.680788e+12 -1.983459e+12 7.613444e-01 -6.261481e-01 1.682060e-01 2.054444e+00 0 642194
9.178005e+12 -1.916002e+13 1.223387e+13 1.920649e-01 -9.246306e-01 3.288910e-01 7.317811e+00 0 328557
1.565278e+13 2.402318e+12 8.378552e+12 8.943506e-01 4.098948e-01 -1.792298e-01 -1.065294e+00 0 120090
1.009375e+13 9.248066e+12 -1.124697e+13 3.674490e-01 1.297482e-01 -9.209488e-01 8.324136e-01 0 1958316
9.383383e+12 1.609296e+13 2.225048e+12 6.710446e-02 9.397247e-01 3.352826e-01 7.864519e+00 0 43019
1.101596e+13 1.094314e+12 -1.656157e+13 1.615647e-01 1.775795e-01 -9.707535e-01 8.552389e+00 0 448345
4.335848e+12 1.641149e+13 7.218169e+12 8.037333e-01 4.749688e-01 3.583539e-01 -1.817781e+00 0 344054
-9.125607e+12 -2.111704e+13 -6.446697e+12 -9.505108e-02 -7.332285e-01 -6.733063e-01 9.013856e+00 0 1074333
-1.332076e+12 6.859259e+12 -1.665454e+13 -9.229465e-01 -9.796795e-02 -3.722528e-01 1.128641e+01 0 525844
-2.350609e+13 -4.796155e+12 4.399761e+11 -9.992918e-01 -2.947063e-02 -2.339714e-02 -9.006433e+00 0 572270
4.934104e+12 7.661620e+12 1.430746e+13 -3.074041e-01 -3.080866e-01 9.003251e-01 3.059004e+00 0 4562
-4.499251e+12 -1.570213e+13 5.354914e+12 -7.619318e-05 -7.564660e-01 6.540330e-01 5.789144e+00 0 1753449
1.781166e+13 3.260871e+12 -2.288072e+12 7.641580e-01 4.798119e-01 4.310952e-01 -1.613657e+00 0 1311680
-1.318852e+12 2.697620e+12 1.713728e+13 -5.767772e-01 -5.893444e-01 5.656865e-01 -7.446453e+00 0 397901
1.415474e+13 -9.934527e+12 1.554096e+12 5.752036e-02 -9.699062e-01 2.365868e-01 -9.745315e+00 0 211304
6.392878e+12 1.388750e+13 -8.001570e+12 9.450603e-01 -9.447261e-02 -3.129473e-01 -1.493412e+01 0 1176119
-8.128048e+12 -1.063579e+13 -1.077683e+13 -9.789888e-01 4.792896e-02 1.982015e-01 -8.688737e+00 0 83306
5.019753e+12 3.702517e+12 1.786946e+13 5.218268e-01 5.593114e-01 6.441021e-01 1.062132e+01 0 403993
-1.859525e+12 -3.638998e+12 -1.925266e+13 -2.325866e-01 2.206659e-01 -9.472117e-01 -4.287415e+00 0 207
1.036520e+13 1.368084e+13 1.046539e+12 5.577722e-01 8.263015e-01 -7.820444e-02 -1.867456e+00 0 324257
7.810581e+12 -1.640751e+13 8.801113e+11 -2.513301e-01 -8.639101e-01 4.364544e-01 -1.075737e+01 0 2525207
-1.962313e+12 1.681828e+13 -3.116591e+12 8.435899e-01 5.113205e-01 -1.640349e-01 -4.400903e+00 0 219964
-2.352290e+12 2.790818e+13 -7.932506e+12 -2.067026e-01 9.716858e-01 -1.144585e-01 1.095862e+01 0 243032
-6.002937e+11 1.728342e+13 1.574163e+12 1.483361e-02 9.348734e-01 -3.546711e-01 4.969345e+00 0 1433
-9.817041e+11 1.702650e+13 -7.721943e+12 1.113969e-01 9.934332e-01 -2.609861e-02 -8.084139e+00 0 2141604
-1.005506e+13 -7.685134e+12 -1.132430e+13 -1.531178e-01 -9.288748e-01 -3.372632e-01 8.565153e-01 0 311064
1.408998e+13 -8.155371e+12 -1.248065e+13 5.906291e-01 -9.104048e-02 -8.017910e-01 -6.342285e+00 0 20
-1.800051e+13 1.531255e+13 1.144802e+13 -7.547240e-01 6.404940e-01 1.419831e-01 7.153181e+00 0 44392
-1.584090e+13 7.619886e+12 2.157947e+11 -8.763206e-01 -3.144298e-01 3.649603e-01 1.997896e+00 0 43344
-6.776899e+12 4.849773e+12 -1.506153e+13 -3.981350e-01 2.369389e-01 -8.861989e-01 -2.431974e+00 0 152523
6.947059e+12 -1.217970e+13 1.132137e+13 -2.407373e-01 -3.456970e-01 9.069394e-01 -5.025667e+00 0 546031
1.869132e+13 4.106428e+10 -3.309991e+12 8.559168e-01 -3.575780e-01 -3.735564e-01 2.341384e+00 0 522410
-1.473158e+13 -1.112099e+13 -8.126156e+12 -6.973366e-01 -4.224330e-01 -5.790267e-01 -9.533189e+00 0 1403258
-6.222127e+12 1.385388e+13 -8.334352e+12 -4.718876e-01 8.450553e-01 2.514031e-01 -4.655251e+00 0 319830
8.703456e+12 -1.451583e+13 -6.585740e+12 -1.402787e-01 -8.584637e-01 4.933173e-01 1.921521e+00 0 236658
1.647526e+13 6.935880e+10 6.103195e+12 9.487213e-01 3.155094e-01 1.954059e-02 7.816268e+00 0 289720
1.162217e+13 -1.299583e+13 1.105288e+12 9.325581e-01 2.577257e-02 -3.600989e-01 2.062961e+00 0 2
8.103692e+12 1.628271e+13 4.948361e+12 -2.377496e-01 9.636210e-01 -1.221052e-01 8.532198e+00 0 151925
1.163262e+13 -8.333395e+12 9.942562e+12 9.159987e-01 1.885368e-01 3.541189e-01 -1.240417e-01 0 123613
-1.098236e+13 -2.239682e+13 1.623410e+12 -6.994321e-01 -7.101788e-01 8.025461e-02 7.433849e+00 0 811962
-1.313287e+13 -1.746064e+12 -1.284348e+13 -7.781839e-01 2.827400e-01 -5.607922e-01 4.518924e+00 0 27650
-9.832224e+12 2.207282e+12 -1.506674e+13 -5.858957e-01 -5.624004e-02 -8.084326e-01 6.175607e+00 0 156118
9.059235e+12 -1.736094e+13 4.286073e+12 8.468401e-01 -3.338970e-01 4.139742e-01 -3.467951e+00 0 128170
-9.103203e+10 2.102340e+13 -1.235839e+13 4.540490e-01 7.755358e-01 -4.386157e-01 -1.891178e+01 0 1082798
1.103951e+13 -2.668695e+12 1.262057e+13 4.847214e-02 -1.127154e-01 9.924443e-01 -4.093274e+00 0 100155
-4.263966e+12 1.060707e+13 1.700478e+13 -6.679714e-01 4.760892e-01 5.719731e-01 -6.079640e+00 0 1816648
2.087031e+12 1.682013e+13 -4.095331e+12 3.452566e-01 8.960960e-01 2.789443e-01 2.821776e+00 0 2
-1.591771e+13 1.130067e+13 1.355046e+12 -6.214849e-01 6.396539e-01 4.523267e-01 5.275862e+00 0 203678
8.700548e+12 2.424147e+12 2.009302e+13 2.637292e-01 5.181574e-01 8.136091e-01 1.065042e+01 0 1131630
-1.445865e+13 6.033469e+12 6.845687e+12 -8.124881e-01 5.793891e-01 6.458686e-02 -1.292598e+00 0 114366
9.473711e+12 5.547068e+12 -1.469661e+13 -3.766382e-01 4.665126e-01 -8.003185e-01 -5.483053e+00 0 332342
2.191834e+13 -4.654367e+11 -1.537177e+13 8.214408e-01 -8.289220e-02 -5.642374e-01 -8.560987e+00 0 1173796
1.188407e+13 7.205399e+12 1.611817e+13 8.248360e-01 4.167824e-01 3.820184e-01 -9.304735e+00 0 2314228
8.628741e+12 -6.129465e+12 1.370129e+13 -4.111881e-01 -3.769364e-01 8.299659e-01 5.623300e+00 0 263443
-6.892583e+12 1.556453e+13 -2.775150e+12 -8.808850e-02 6.002443e-01 -7.949511e-01 -6.605008e+00 0 90713
1.074386e+13 4.625485e+12 -1.940461e+13 4.405988e-01 -3.127093e-01 -8.414782e-01 6.348956e+00 0 222995
8.402537e+12 3.137383e+12 1.448551e+13 -3.787447e-01 -6.871258e-01 6.200086e-01 -5.474945e+00 0 411709
-1.411861e+12 -1.042146e+12 1.925887e+13 -5.987770e-01 -4.000808e-01 6.938310e-01 -5.733698e+00 0 1100055
-2.087410e+13 1.115991e+13 -7.324030e+12 -6.893524e-01 6.562000e-01 3.069119e-01 -1.139015e+01 0 171265
-3.392145e+12 1.655467e+13 -1.370509e+13 -4.891367e-01 5.198012e-01 -7.003942e-01 -1.353000e+00 0 2581672
-1.149017e+13 1.349619e+13 -7.806743e+11 -1.433564e-01 9.235981e-01 -3.555496e-01 -9.767556e+00 0 444685
-1.698354e+13 4.208652e+12 -3.397408e+12 -7.266266e-01 2.729105e-01 -6.305027e-01 6.115079e+00 0 759220
1.393496e+13 1.713745e+11 -9.670000e+12 2.372648e-01 5.839235e-01 -7.763625e-01 3.415898e+00 0 126812
2.695477e+12 1.669652e+13 -3.466328e+12 -6.062894e-01 7.830400e-01 -1.387860e-01 -1.222659e+00 0 569643
1.924793e+13 1.040802e+13 -3.517754e+12 9.631663e-01 2.413177e-01 -1.186440e-01 6.497414e+00 0 1101782
-9.121246e+12 2.727044e+13 2.027914e+13 -4.470445e-01 6.658253e-01 5.973506e-01 -8.971655e+00 0 407239
1.120945e+13 1.129535e+13 -5.895684e+12 8.559206e-01 4.921235e-01 -1.587903e-01 -2.427130e+00 0 218585
1.403965e+13 8.191944e+12 -4.985737e+12 8.505356e-01 4.407153e-01 2.869828e-01 2.885746e+00 0 121560
2.888569e+12 -1.948608e+12 -1.719343e+13 5.317906e-01 -2.898493e-01 -7.957300e-01 2.827602e+00 0 6211
9.685962e+12 -1.002993e+13 -1.001747e+13 2.910301e-01 1.807971e-01 -9.394753e-01 7.258671e+00 0 1035016
-1.052013e+13 -9.228390e+12 1.042269e+13 7.237116e-02 -2.897484e-01 9.543628e-01 -6.619116e+00 0 774309
1.673622e+13 -4.352731e+12 2.265668e+12 7.833731e-01 -7.951672e-02 6.164444e-01 -1.527353e+00 0 1979602
-1.475642e+13 4.359671e+12 9.823651e+12 -9.939753e-01 -1.090584e-01 -1.092544e-02 -3.213802e+00 0 1561050
1.125137e+13 8.458142e+12 -1.306580e+13 2.163037e-01 7.916683e-01 -5.713791e-01 -5.881348e+00 0 1325072
1.671274e+13 7.596654e+11 -1.628524e+13 4.563666e-01 1.669472e-01 -8.739898e-01 -5.064085e+00 0 146693
-8.197101e+12 -1.562388e+13 3.245807e+12 -8.641239e-01 -3.606584e-01 3.510204e-01 1.248583e-01 0 335766
1.259017e+13 3.501044e+13 7.113013e+12 4.050356e-01 9.064855e-01 1.192907e-01 8.503948e+00 0 4094142
-1.037004e+13 -6.776995e+12 -1.360054e+13 -3.560180e-01 -2.327842e-01 -9.050208e-01 2.479735e+00 0 5
-4.649159e+12 -1.194941e+13 -1.161788e+13 -5.587621e-01 -8.076228e-01 1.884950e-01 -7.183829e+00 0 1446122
-2.548998e+13 -4.079158e+12 -6.237874e+11 -7.447367e-01 -5.584925e-01 -3.653127e-01 -5.652712e+00 0 933345
5.025701e+12 5.732597e+12 1.591094e+13 4.665494e-01 -1.499084e-02 8.843681e-01 -1.003041e+01 0 74168
4.023584e+12 -1.143296e+12 -1.749469e+13 2.184001e-01 6.768231e-01 -7.030020e-01 8.355978e+00 0 420526
-1.300642e+13 -1.137944e+13 1.195919e+13 -3.504675e-01 -5.804413e-01 7.350241e-01 -1.976194e+00 0 402614
1.338719e+13 6.355442e+12 1.130899e+13 1.980090e-01 -3.086874e-01 9.303249e-01 -1.076661e+01 0 652694
6.576117e+12 1.461290e+13 -6.471882e+12 8.151187e-02 9.920332e-01 -9.605210e-02 7.062992e+00 0 926702
-9.213627e+12 -1.414691e+13 1.879570e+12 -5.861985e-01 -9.857020e-02 8.041488e-01 -7.408334e+00 0 6
1.252317e+13 -5.058974e+12 -1.369704e+13 6.626945e-01 5.154860e-01 -5.432404e-01 1.035590e+01 0 452936
-1.506896e+13 1.392984e+12 -1.014988e+13 -9.282503e-01 -3.875621e-02 -3.699316e-01 -4.123987e+00 0 931266
-9.727716e+11 1.977908e+13 2.782021e+12 5.553405e-01 7.785245e-01 -2.923978e-01 2.167815e+00 0 7
-1.170326e+13 9.401655e+12 -9.462366e+12 1.572561e-02 -3.160269e-01 -9.486199e-01 -5.753051e+00 0 1
-3.570282e+12 -1.141294e+13 1.408372e+13 2.212344e-01 1.937536e-01 9.557797e-01 -2.671533e+00 0 469662
-1.125760e+13 6.644905e+12 1.531776e+13 -9.423642e-01 -1.299474e-01 3.083235e-01 8.684070e+00 0 708143
4.185148e+12 1.028856e+13 -1.515022e+13 -2.720660e-01 -1.449113e-02 -9.621695e-01 5.343296e+00 0 30089
-1.270671e+13 1.065904e+13 5.579966e+12 -9.007280e-01 3.860063e-01 1.992189e-01 7.748361e+00 0 345738
4.080844e+12 -8.583437e+12 1.666571e+13 8.839450e-01 -3.154310e-01 3.451733e-01 -2.027648e+00 0 176036
1.439832e+12 1.716109e+13 -6.647159e+12 -5.114689e-01 6.919354e-01 -5.095341e-01 -3.576153e+00 0 953600
-3.772580e+12 1.597158e+13 5.581160e+12 -8.761719e-02 8.621174e-01 4.990760e-01 -4.976411e+00 0 202696
-1.548345e+13 3.692592e+12 -1.264435e+13 -8.799173e-01 4.212238e-01 -2.198093e-01 8.803430e+00 0 453804
1.344229e+13 1.033983e+13 5.937726e+12 5.318858e-01 7.370403e-01 -4.169761e-01 -1.560028e+00 0 950101
-1.028191e+13 1.749406e+12 1.352636e+13 -7.104753e-01 -2.801384e-01 6.455598e-01 3.997575e-01 0 933731
-6.486629e+12 8.677490e+12 1.406707e+13 -7.296825e-02 1.017869e-01 9.921265e-01 -6.935834e+00 0 748169
1.183534e+13 -9.756443e+12 -7.312676e+12 1.505187e-01 4.694040e-01 -8.700598e-01 6.862864e+00 0 52644
1.727957e+13 -1.079325e+11 -2.818234e+12 8.417062e-01 -1.052239e-01 5.295835e-01 -8.485857e+00 0 512562
1.263896e+13 2.525254e+13 -5.330361e+12 2.189424e-01 9.628009e-01 -1.583621e-01 1.168101e+01 0 2888599
1.043064e+12 6.708089e+12 -1.554446e+13 -9.046391e-02 -8.022392e-01 -5.901089e-01 5.461518e+00 0 28167
-7.865394e+12 3.847175e+12 1.848689e+13 2.665094e-02 -1.167368e-01 9.928052e-01 -4.930221e+00 0 16067
1.703744e+13 4.517085e+12 -1.745666e+12 8.525670e-01 -6.781068e-02 -5.182000e-01 -1.790316e+00 0 6405
1.662158e+12 -6.730772e+12 -1.563632e+13 1.156737e-01 -3.068369e-01 -9.447067e-01 4.928777e+00 0 2679729
6.440121e+12 -2.069688e+12 -1.600490e+13 3.594778e-01 8.422696e-02 -9.293447e-01 -5.558411e+00 0 169270
2.964485e+12 -8.840626e+12 1.459632e+13 3.262678e-01 -4.613429e-01 8.250527e-01 -4.401271e+00 0 172660
-6.601221e+12 -9.867916e+12 1.254475e+13 -4.063423e-01 -3.391718e-01 8.484388e-01 1.706316e+00 0 280774
7.546276e+12 -9.266644e+12 1.330471e+13 -1.148447e-02 -2.481660e-01 9.686494e-01 6.745705e+00 0 449863
-7.159522e+12 -1.081385e+13 -1.436494e+13 -4.505128e-01 -8.551302e-01 -2.564967e-01 -7.388905e+00 0 317572
1.242030e+13 -8.016538e+12 -9.719916e+12 5.129168e-01 -8.382270e-01 -1.851806e-01 -7.876933e+00 0 984661
-1.978625e+13 1.751878e+12 -6.229409e+12 -9.925073e-01 4.462545e-02 -1.137449e-01 -3.010945e+00 0 487113
-1.429124e+13 -5.844584e+12 -7.955000e+12 -8.616965e-01 1.812899e-01 -4.739336e-01 -7.732341e+00 0 156458
1.510188e+13 -4.719186e+12 -8.067504e+12 8.506850e-01 6.881952e-02 -5.211515e-01 -3.396976e+00 0 817790
-1.193690e+13 1.209077e+13 1.853593e+12 -9.859447e-01 2.922904e-02 -1.644955e-01 1.329059e+00 0 5
2.372022e+12 -1.161737e+13 -1.212742e+13 8.365466e-01 -3.076991e-01 -4.533332e-01 5.209936e+00 0 135780
1.804351e+13 -2.928856e+11 -1.638883e+12 8.296591e-01 5.014743e-01 -2.453352e-01 8.226385e+00 0 742271
1.832660e+13 7.803334e+11 7.109837e+12 8.512240e-01 3.283595e-01 4.093869e-01 -3.235862e+00 0 530144
-9.133378e+12 -1.489744e+13 -3.584555e+12 -3.296273e-01 -4.624637e-01 -8.230876e-01 6.066489e+00 0 170297
-1.299582e+13 -1.091247e+13 2.952899e+12 -5.012307e-01 2.831374e-02 8.648504e-01 1.590252e+00 0 2
1.563678e+13 1.040023e+13 2.794579e+12 6.560237e-01 6.061137e-01 4.497322e-01 -6.211405e+00 0 160680
-1.791497e+13 5.971535e+12 -1.124383e+13 -4.484446e-01 8.641850e-01 -2.282143e-01 -1.456316e+01 0 1402915
5.669785e+12 1.463331e+13 8.645891e+12 3.420192e-01 9.323705e-01 1.170815e-01 -7.322690e+00 0 54836
1.489853e+13 8.073882e+12 -1.028649e+13 6.847220e-01 6.377375e-01 -3.527699e-01 -4.525597e+00 0 395259
-3.309081e+12 1.845279e+13 -5.100413e+12 -5.655867e-01 7.129856e-01 -4.144432e-01 -3.604805e+00 0 488293
5.543285e+12 1.773157e+13 9.797624e+12 2.644450e-01 9.570558e-01 1.187983e-01 -7.283844e+00 0 223872
-4.224774e+12 -1.714364e+13 -7.196182e+11 9.037862e-02 -9.261864e-01 3.660743e-01 5.916928e+00 0 653173
-1.099567e+13 -1.234464e+13 -5.065808e+12 -1.996759e-01 -8.040672e-01 -5.600049e-01 -1.454838e+00 0 273595
-7.047917e+12 1.198001e+13 -9.829352e+12 -9.539591e-01 2.399920e-01 -1.799051e-01 3.625372e+00 0 678970
-1.106249e+13 -8.323309e+12 -1.345288e+13 -2.179720e-01 -9.591400e-01 -1.803849e-01 1.278052e+01 0 467148
6.011290e+12 -1.662076e+13 6.997199e+12 -3.681813e-01 -9.273200e-01 6.723262e-02 -8.871830e+00 0 152902
1.241252e+13 3.694850e+12 -1.251559e+13 7.034342e-01 -3.839844e-01 -5.981106e-01 -1.118860e+01 0 23475
-1.583468e+13 9.184834e+11 -6.111665e+12 -7.642333e-01 3.645477e-01 -5.320268e-01 2.132148e+00 0 411282
-1.028043e+12 6.851245e+12 2.336398e+13 2.949502e-01 1.069918e-02 9.554527e-01 9.233035e+00 0 302211
-2.761878e+12 -8.940185e+12 1.423030e+13 1.347480e-01 2.413590e-01 9.610353e-01 5.003087e+00 0 1049460
2.559784e+12 -1.532088e+12 -1.745123e+13 -5.783471e-01 -2.816969e-01 -7.656119e-01 5.500212e+00 0 236412
8.738302e+12 1.433883e+13 -5.439412e+12 -4.769686e-01 8.471464e-01 -2.341877e-01 5.504009e-01 0 320378
8.604195e+12 -1.480722e+13 -1.932394e+12 -1.519555e-01 -8.408556e-01 -5.194915e-01 -8.646411e+00 0 238030
-2.536185e+12 -1.424613e+13 -1.006581e+13 -5.879717e-01 -7.079580e-01 3.912604e-01 2.012988e+00 0 226989
7.824880e+12 2.511939e+13 1.234547e+13 1.699238e-02 9.106417e-01 4.128475e-01 -5.835075e+00 0 960101
-5.721037e+12 2.023862e+13 -2.972697e+12 -1.772912e-01 9.438611e-01 2.787365e-01 7.607802e+00 0 2019664
-1.305386e+13 -9.245688e+12 5.954118e+12 -3.588390e-02 -6.660462e-01 7.450468e-01 6.545815e+00 0 801652
8.601977e+12 1.963314e+13 -4.810528e+12 3.977086e-01 9.014432e-01 -1.709623e-01 6.547661e+00 0 52209
2.652869e+12 -3.533702e+11 1.697117e+13 -5.112969e-03 -7.248547e-02 9.973564e-01 -6.201479e+00 0 832825
-5.747156e+12 -1.157118e+13 1.147172e+13 6.211918e-02 1.218453e-01 9.906033e-01 4.969217e+00 0 1509024
1.291877e+13 7.086980e+12 9.010408e+12 9.046077e-01 3.925623e-01 1.660716e-01 3.059501e+00 0 190568
-1.369298e+12 5.719119e+12 1.885669e+13 -3.950324e-01 3.840184e-01 8.345534e-01 -4.946364e+00 0 528939
-2.610700e+13 -3.758938e+12 6.034528e+12 -9.377845e-01 -2.829352e-01 -2.012656e-01 -1.221938e+01 0 1744802
2.698145e+12 6.439714e+12 1.563699e+13 6.928486e-01 6.318804e-01 3.474018e-01 -1.150786e+01 0 63002
1.706162e+13 -9.243172e+12 3.570352e+12 5.770316e-01 -7.457903e-01 -3.329136e-01 1.646846e+00 0 590088
-1.734125e+13 1.972522e+12 7.824204e+12 -8.675541e-01 4.898155e-01 8.620107e-02 2.850254e+00 0 436063
9.031658e+12 -1.172904e+13 1.267162e+13 -3.356148e-01 -5.694481e-01 7.503943e-01 3.269612e+00 0 365188
-1.513757e+13 7.326235e+12 8.224289e+12 -8.663243e-02 3.907833e-01 9.163969e-01 -9.507851e+00 0 197709
-1.341931e+13 -3.919190e+12 9.924977e+12 -9.405723e-01 -9.147377e-03 -3.394702e-01 -7.958570e+00 0 1892194
1.702347e+13 1.396676e+12 -4.281453e+12 9.923976e-01 2.080918e-02 -1.213011e-01 -7.187937e+00 0 2577868
1.536501e+12 -1.665156e+13 7.171623e+12 -3.326883e-01 -6.722589e-01 6.613520e-01 4.153800e-02 0 1257856
8.031217e+12 -1.623949e+13 -1.138864e+12 -4.151336e-01 -9.073453e-01 6.624680e-02 -1.098308e+01 0 688756
1.569075e+13 -2.869385e+12 6.029589e+12 4.608276e-01 -8.585899e-01 2.246361e-01 -1.755519e-02 0 2768138
-1.099466e+13 -8.448503e+12 -1.197845e+13 -9.742533e-01 3.773818e-03 -2.254244e-01 1.695582e+00 0 94649
1.701675e+13 2.733610e+12 -1.403014e+13 9.716642e-01 1.655003e-01 -1.687553e-01 9.626906e+00 0 2696330
-1.738954e+13 4.257948e+12 -5.797900e+12 -8.925954e-01 1.088491e-01 4.375218e-01 -3.029793e+00 0 1307867
-3.550056e+12 -9.000323e+11 1.660807e+13 6.429858e-01 -6.805001e-01 3.514097e-01 -1.028755e+00 0 222119
6.936920e+12 5.943945e+12 1.457121e+13 7.831736e-01 5.552686e-01 2.798498e-01 3.270742e+00 0 20307
-9.234127e+12 -1.213854e+13 1.150034e+13 -1.296328e-01 -8.569384e-01 4.988506e-01 -5.500014e+00 0 1253646
-1.640801e+13 3.316782e+12 -7.942553e+12 -9.900074e-01 -9.799405e-02 -1.014026e-01 7.115541e+00 0 7333
-5.502017e+12 -1.541755e+13 7.786205e+12 -7.123948e-01 7.823852e-02 6.974041e-01 -5.505448e-02 0 1447166
1.677032e+13 2.005643e+12 -3.398901e+12 8.265702e-01 -2.190589e-01 -5.184543e-01 3.204895e+00 0 2805747
4.486559e+11 -1.433286e+13 1.027612e+13 3.609822e-01 -9.308303e-01 5.698092e-02 6.302620e+00 0 340743
-9.100659e+12 -1.538172e+13 2.881782e+12 -8.896415e-01 -4.531764e-01 -5.629540e-02 -2.743053e-01 0 2
-2.125221e+12 7.123050e+12 -1.528534e+13 -1.935637e-01 3.420417e-01 -9.195328e-01 3.379477e+00 0 12198
-1.499745e+11 -2.575599e+13 2.578043e+13 -3.410498e-02 -9.262929e-01 3.752576e-01 -1.039175e+01 0 120204
-1.397147e+13 1.009391e+13 -3.824747e+12 -9.518980e-01 7.563783e-02 -2.969330e-01 8.057725e+00 0 673583
3.267325e+12 1.273926e+13 -1.216144e+13 -3.556322e-01 6.935905e-01 -6.264646e-01 -6.859568e+00 0 187270
2.984603e+12 -3.782536e+12 1.762404e+13 -1.196487e-01 6.717435e-02 9.905412e-01 -5.905083e+00 0 2642220
-1.377271e+13 -2.777231e+12 -1.147057e+13 -8.271100e-01 -1.698287e-01 -5.357679e-01 -5.156196e+00 0 551304
1.527820e+12 1.690440e+13 -2.702098e+12 -3.773380e-02 4.346659e-01 -8.998009e-01 4.923383e+00 0 2
2.636850e+12 1.912237e+13 -2.906015e+13 1.514864e-01 4.654440e-01 -8.720170e-01 -1.099135e+01 0 338113
9.905202e+12 -1.148717e+13 7.897426e+12 8.950780e-01 5.264327e-02 -4.427912e-01 3.630198e+00 0 97956
-5.327987e+12 -1.718550e+13 -1.858836e+12 -7.209418e-01 -5.196442e-01 -4.584897e-01 -1.029870e+01 0 1640077
7.289844e+12 -1.556522e+13 -5.321105e+12 5.534176e-01 -6.361060e-01 5.376784e-01 4.663142e+00 0 475103
3.254311e+12 8.609513e+12 -1.527280e+13 1.264913e-01 -8.705643e-03 -9.919295e-01 -6.383124e+00 0 969087
1.833091e+13 6.876096e+12 -4.530996e+12 9.516086e-01 1.028652e-01 -2.895856e-01 3.969846e+00 0 2401755
1.076914e+12 1.393278e+12 -1.727770e+13 5.515274e-01 -1.266545e-01 -8.244854e-01 3.694353e+00 0 803416
-6.128829e+12 1.453403e+13 6.713075e+12 -5.854431e-01 3.663705e-01 7.232074e-01 1.020644e+01 0 13
-1.054409e+13 -7.874757e+12 -2.216913e+13 -5.964144e-01 -2.132443e-01 -7.738325e-01 7.955242e+00 0 770220
-1.069177e+13 -7.105621e+12 -2.477581e+13 -3.592506e-01 1.846381e-01 -9.147939e-01 6.258461e+00 0 1413612
-1.363405e+13 1.032771e+13 3.290945e+11 -3.561567e-01 9.319978e-01 -6.732339e-02 -2.572069e-01 0 73089
8.608376e+12 -7.426937e+12 1.334271e+13 8.034187e-01 8.317491e-02 5.895764e-01 -3.199138e+00 0 1007734
-1.268653e+12 1.617319e+13 5.684589e+12 1.825210e-01 3.012960e-01 9.358989e-01 -3.607399e+00 0 428709
1.757586e+13 4.734091e+12 5.940605e+12 9.968060e-01 -3.504290e-02 7.176221e-02 -4.532799e+00 0 90686
-5.366923e+12 -1.659599e+13 -4.155855e+12 -3.229991e-01 -6.363055e-01 7.005618e-01 3.625718e+00 0 30877
-3.150553e+12 1.630405e+13 5.435779e+12 1.177194e-01 6.975019e-01 -7.068474e-01 6.055285e+00 0 1066057
-7.061175e+12 7.051696e+12 -1.419881e+13 2.236939e-01 5.445487e-01 -8.083488e-01 -6.217140e+00 0 538911
-2.937352e+12 -1.486695e+13 9.077074e+12 -1.326176e-01 1.072939e-01 9.853429e-01 1.207207e+00 0 2
1.302552e+13 -6.451071e+12 1.053100e+13 8.820405e-01 -4.011965e-01 2.470746e-01 6.094551e+00 0 339545
-1.097742e+13 1.027959e+13 -8.575614e+12 -1.322928e-01 -5.778631e-02 -9.895248e-01 -3.083796e+00 0 117884
8.230316e+12 -8.552267e+12 1.706876e+13 3.447509e-01 -6.431123e-01 6.837787e-01 -8.677741e+00 0 87131
-4.475810e+12 -1.257987e+13 1.333119e+13 -4.425920e-01 -5.890777e-01 6.760916e-01 -5.441960e+00 0 25714
8.077424e+11 3.082204e+12 1.782508e+13 -3.753863e-01 3.598566e-01 8.541594e-01 5.673317e+00 0 588496
-5.716454e+12 -8.094855e+12 1.406670e+13 -2.688686e-01 -6.084189e-01 7.466834e-01 4.505762e+00 0 1047086
1.256244e+13 3.928571e+12 1.078665e+13 6.202916e-01 6.507249e-01 4.379446e-01 6.267534e+00 0 234241
1.113597e+13 -1.548942e+13 5.707178e+12 -3.997782e-01 -8.756466e-01 2.709621e-01 -3.731347e-01 0 625355
8.801658e+12 1.452191e+13 -2.076308e+12 6.615031e-01 6.590203e-01 3.579187e-01 -7.241999e+00 0 442112
3.906787e+12 1.075224e+13 1.701877e+13 3.334804e-01 1.482812e-01 9.310228e-01 5.520099e+00 0 523063
1.556814e+13 3.394537e+12 -2.908438e+13 4.876725e-01 -1.537022e-01 -8.593900e-01 5.738409e+00 0 541815
1.341162e+13 1.317010e+13 -2.459697e+12 8.330191e-01 8.744147e-02 5.462904e-01 2.270174e+00 0 2
-1.131338e+13 1.096729e+13 6.649772e+12 -8.252773e-01 3.535829e-01 -4.403368e-01 2.065686e+00 0 392112
-1.888195e+12 1.117331e+13 1.270331e+13 4.160983e-01 3.856712e-01 8.234804e-01 3.564631e+00 0 158811
1.519679e+13 -9.546105e+12 1.741705e+12 9.553714e-01 -5.647635e-02 -2.899583e-01 -2.948742e+00 0 4
-6.141289e+12 -1.562040e+13 -4.556093e+12 -3.939269e-01 -4.313940e-01 -8.116162e-01 1.370780e+00 0 216622
1.645828e+13 1.394552e+12 -5.272309e+12 6.145683e-01 7.870854e-01 5.293733e-02 9.454922e+00 0 355697
1.983548e+13 -1.160055e+13 -4.626013e+12 4.710395e-01 -6.855846e-01 -5.550636e-01 -1.117865e+01 0 406838
-5.561150e+12 -1.440628e+13 -1.036846e+13 -8.597975e-01 -4.316481e-01 -2.728154e-01 -1.214762e+01 0 556484
-1.409270e+13 1.166879e+13 4.403359e+12 -7.857285e-02 9.767381e-01 -1.995220e-01 -1.251200e+01 0 613766
2.328232e+13 7.776190e+12 4.918283e+12 8.955181e-01 2.286711e-01 3.817812e-01 -5.525692e+00 0 173847
7.644801e+12 -1.027401e+13 -1.122840e+13 4.432866e-01 -8.963769e-01 -2.341126e-03 -2.091368e+00 0 150875
2.884369e+12 1.376139e+13 1.113538e+13 -4.955682e-01 8.556372e-01 -1.493222e-01 1.046720e+01 0 871015
-1.680156e+13 8.251770e+11 2.379994e+12 -6.364291e-01 -9.548964e-02 -7.654017e-01 -1.682810e+00 0 31535
1.008160e+13 -1.443491e+13 4.070283e+12 1.628737e-01 -7.672395e-01 6.203351e-01 3.470762e+00 0 1384256
-1.693987e+13 -2.160950e+12 2.074582e+12 -5.365552e-01 -8.356853e-01 1.172118e-01 1.001958e+01 0 612004
-1.369037e+13 -5.796226e+12 9.016879e+12 -3.664833e-01 -7.633651e-01 5.319433e-01 9.628351e+00 0 952069
-1.697930e+13 -3.671820e+12 -5.236513e+12 -8.362205e-01 4.427609e-02 -5.466030e-01 -8.051063e+00 0 108884
1.577318e+13 -4.165758e+12 -6.457929e+12 2.394234e-01 -7.117287e-01 -6.603928e-01 8.130809e+00 0 19
7.268145e+12 -1.523267e+13 2.381790e+12 5.843953e-01 -7.905427e-01 1.830965e-01 5.872441e+00 0 303283
-1.630483e+12 1.620608e+13 4.796224e+12 2.859772e-01 2.517339e-01 9.245794e-01 -6.744549e+00 0 23
-7.910883e+12 -1.269778e+13 -1.016667e+13 -7.100660e-01 -3.833332e-01 -5.906454e-01 -9.821923e+00 0 681295
-7.919091e+11 2.002983e+13 -1.086803e+13 3.026268e-02 8.305807e-01 -5.560754e-01 5.212831e+00 0 185787
-1.806569e+13 2.497358e+12 2.754270e+12 -9.581743e-01 -2.778161e-02 -2.848335e-01 8.519411e+00 0 1202477
2.885315e+12 1.516922e+13 7.457519e+12 -6.876812e-01 2.508704e-01 6.812919e-01 -1.459204e+00 0 9683
6.646627e+12 1.532872e+13 1.231328e+13 5.033628e-01 5.465717e-01 6.692424e-01 -9.404290e+00 0 19077
-1.743236e+13 3.925486e+12 -5.352182e+12 -5.091032e-01 3.757912e-01 -7.743352e-01 4.974593e+00 0 912207
-1.455243e+12 -1.510363e+13 -1.044304e+13 -3.811746e-01 -9.244235e-01 -1.212652e-02 4.090740e+00 0 4
-9.000399e+12 -1.438194e+13 -5.109117e+12 -5.727123e-01 -2.656267e-01 -7.755276e-01 -7.817829e+00 0 9
-3.317494e+12 3.718739e+12 1.693461e+13 1.130413e-01 6.123249e-01 7.824832e-01 4.686479e+00 0 499507
1.515184e+13 9.976427e+12 1.195012e+12 1.877954e-01 9.049193e-01 3.819082e-01 9.671387e+00 0 469226
5.714490e+12 1.405405e+11 2.851050e+13 2.614913e-01 5.190804e-01 8.137431e-01 1.218789e+01 0 1017959
-3.269373e+12 1.294112e+13 -1.125566e+13 8.984114e-02 -1.740386e-01 -9.806320e-01 -4.296996e+00 0 256071
-1.967431e+13 6.764819e+12 8.151992e+12 -7.953658e-01 1.624808e-01 5.839463e-01 5.821089e+00 0 379992
5.214927e+12 9.219703e+12 -1.376293e+13 4.658770e-01 8.944696e-02 -8.803169e-01 3.407122e+00 0 180994
-6.349879e+12 1.846624e+12 1.564571e+13 -1.732062e-01 8.268234e-01 5.351286e-01 7.296188e-01 0 4554769
2.008661e+11 -2.348679e+12 1.691126e+13 -3.130268e-01 -1.909397e-01 9.303528e-01 -4.338172e+00 0 286148
3.352438e+12 2.387918e+12 1.753009e+13 -2.655431e-01 7.333035e-01 6.259017e-01 -3.740309e+00 0 321597
-1.226429e+12 -1.223332e+13 1.179484e+13 2.138030e-01 -6.068408e-01 7.655276e-01 5.314398e+00 0 231545
-3.868665e+12 1.393272e+13 -9.415778e+12 2.481033e-01 5.286070e-01 -8.118001e-01 8.481413e-01 0 6263
7.434811e+12 -1.404385e+13 -6.626670e+12 2.810406e-01 -8.811198e-01 3.803210e-01 -7.450315e+00 0 1034122
5.348158e+12 -5.657016e+12 -1.542989e+13 2.464577e-01 -9.606157e-01 -1.283593e-01 2.379850e+00 0 133475
-1.796535e+12 -1.680224e+13 -6.677517e+12 7.224407e-02 -4.743451e-01 -8.773697e-01 6.979368e+00 0 1
-7.942024e+12 1.529161e+13 -4.685238e+12 -3.650815e-01 9.237938e-01 1.154142e-01 -4.508261e+00 0 45732
1.084604e+13 5.549055e+12 1.493549e+13 3.818618e-01 3.056549e-01 8.722137e-01 7.052348e+00 0 982052
3.681411e+12 6.098357e+12 -1.599000e+13 -1.243864e-01 6.304181e-01 -7.662252e-01 -4.121964e+00 0 182458
-1.695914e+13 4.302400e+12 9.103202e+12 -7.592775e-01 6.360781e-01 -1.374860e-01 5.383499e+00 0 54462
1.764629e+13 -1.080328e+12 -2.423315e+12 7.455367e-01 -9.906907e-02 6.590602e-01 7.664198e+00 0 312437
1.194318e+13 6.519064e+12 -1.267576e+13 1.962034e-01 -6.824391e-02 -9.781856e-01 6.126328e+00 0 1616353
-1.098230e+13 9.339580e+12 9.349822e+12 3.962935e-01 8.235065e-01 4.059416e-01 -8.909738e-01 0 1108545
2.243362e+13 -5.144660e+12 1.772306e+13 4.691518e-01 -1.344336e-01 8.728254e-01 -7.773500e+00 0 298587
4.333503e+12 1.619651e+13 -2.844229e+12 5.614975e-01 6.070212e-01 5.623574e-01 -4.572411e+00 0 173257
-5.436028e+12 -1.577890e+13 -5.220301e+12 -3.052842e-01 -6.377984e-01 -7.071173e-01 -7.899226e+00 0 168744
-4.781986e+12 1.271334e+13 -1.147232e+13 -5.584460e-01 7.339302e-01 -3.866324e-01 6.520605e+00 0 914758
6.701717e+11 5.464427e+11 1.859171e+13 4.459272e-02 -1.774416e-01 9.831205e-01 6.371690e+00 0 7
-1.721978e+13 -7.032397e+12 -9.227796e+11 -7.866386e-01 -4.358723e-01 -4.372815e-01 -5.893756e+00 0 214979
1.021541e+13 7.905356e+12 -1.883194e+13 -1.279330e-01 2.218787e-01 -9.666452e-01 5.450688e+00 0 1
-1.357986e+13 -5.513866e+12 9.887583e+12 -9.967501e-01 5.518229e-02 5.868734e-02 1.065955e+00 0 34257
9.011726e+12 6.475800e+12 1.382522e+13 -4.490610e-01 2.613255e-01 8.544315e-01 -6.479316e-01 0 1444834
1.190109e+13 -1.198281e+13 1.624988e+12 9.182220e-01 2.910980e-01 2.685710e-01 7.305847e+00 0 1489021
-7.120391e+12 -1.465315e+13 -4.741266e+12 -2.077550e-01 -5.846841e-01 -7.842081e-01 -6.115533e+00 0 90966
1.617313e+13 1.132206e+13 -1.040456e+13 2.992858e-01 9.541517e-01 -4.749168e-03 1.541258e+01 0 1221409
-8.971847e+11 8.995193e+12 -1.453757e+13 -8.347970e-01 9.492365e-02 -5.423131e-01 9.201666e+00 0 2
-1.529875e+13 -1.417638e+12 -1.643212e+13 -8.906410e-01 1.464144e-01 -4.304897e-01 1.167458e+01 0 820070
-8.342244e+12 -1.309044e+12 1.561540e+13 -2.540010e-01 3.575758e-01 8.986785e-01 -4.869236e+00 0 884199
3.208411e+12 -8.067334e+12 -1.572539e+13 5.240929e-01 -5.668577e-01 -6.356091e-01 4.758321e+00 0 19522
1.416329e+13 -9.390077e+12 -7.610638e+11 9.473888e-01 -1.551755e-01 -2.799554e-01 -2.392521e+00 0 218895
1.649772e+13 4.628810e+12 -3.705201e+12 5.932398e-01 7.999607e-01 9.016324e-02 1.654815e+00 0 318673
1.957649e+13 8.564196e+11 8.417000e+12 7.544943e-01 -3.851684e-01 5.313977e-01 -1.010665e+01 0 4
-2.776191e+12 -8.824727e+12 -1.442409e+13 -7.091330e-02 -9.938724e-01 -8.478815e-02 4.768333e+00 0 404079
-9.742570e+11 -2.080940e+13 5.534199e+12 2.894941e-01 -9.396083e-01 -1.825633e-01 9.248954e+00 0 1008459
1.484868e+13 1.787389e+12 -9.217055e+12 9.624299e-01 2.108040e-01 -1.711440e-01 -2.978368e+00 0 364521
-1.723116e+13 1.125201e+12 5.135610e+12 -7.939766e-01 -2.616931e-01 -5.487420e-01 -2.883627e+00 0 3
9.053056e+12 -3.082486e+12 1.609335e+13 2.025598e-02 -2.681639e-01 9.631603e-01 -1.021776e+01 0 57318
2.424978e+11 4.300765e+12 -1.903437e+13 -2.263743e-01 2.602490e-01 -9.386294e-01 4.560286e+00 0 221023
1.058331e+13 5.534622e+12 1.254180e+13 9.884507e-01 -7.133645e-02 1.337027e-01 1.548972e+00 0 497117
2.079839e+13 1.114345e+12 -8.704015e+12 7.939060e-01 -2.883741e-01 -5.353071e-01 2.712271e+00 0 1907395
4.932329e+12 6.224234e+12 -1.662673e+13 6.815753e-01 -4.330910e-01 -5.898197e-01 -1.050861e+01 0 149384
-1.487754e+13 -1.137805e+13 -4.377093e+12 -7.721981e-01 -6.308169e-01 -7.602749e-02 6.509501e+00 0 10499
-7.864827e+11 1.458955e+13 -9.467024e+12 -6.485037e-01 3.619167e-01 -6.696710e-01 1.223963e+01 0 108215
3.116811e+12 -1.659622e+13 4.083461e+12 -3.930027e-01 -8.802177e-01 -2.660182e-01 -1.577878e+01 0 731840
-1.086886e+12 -4.045742e+12 -1.650562e+13 -5.331857e-01 -3.271136e-01 -7.801985e-01 -4.714688e+00 0 65227
-8.017382e+12 -1.242279e+13 9.264187e+12 1.851164e-01 -8.721377e-01 -4.528883e-01 8.290455e-02 0 125978
-1.280408e+13 -3.534406e+12 1.073801e+13 -1.516416e-01 -9.189732e-01 3.639960e-01 9.182196e+00 0 5
7.675682e+12 -1.564484e+13 1.251998e+13 5.218993e-01 -5.934902e-01 6.126912e-01 -6.677107e+00 0 1887871
-1.293372e+13 -1.346290e+13 2.948756e+12 -2.050088e-01 -8.310478e-01 -5.170406e-01 9.814037e+00 0 28829
1.437954e+12 -7.713599e+12 -1.799180e+13 -8.484026e-02 -4.909652e-01 -8.670382e-01 -6.414942e+00 0 2268627
-1.231083e+13 -4.515339e+12 1.101601e+13 -9.898614e-01 -1.340491e-02 1.414027e-01 2.321172e+00 0 81852
-2.105647e+12 2.997436e+12 -1.667760e+13 4.207251e-02 8.937959e-02 -9.951086e-01 -1.772112e+00 0 197630
5.291609e+12 1.199355e+13 1.085741e+13 -5.773696e-01 8.152434e-01 -4.497336e-02 2.864576e+00 0 142728
-1.704525e+12 -2.654358e+12 1.726989e+13 1.695328e-01 -5.002441e-01 8.491257e-01 -5.575868e+00 0 316604
-1.575849e+13 -5.710243e+12 2.959231e+12 -4.380765e-01 -4.377676e-01 7.851423e-01 8.682369e+00 0 2
-9.018007e+12 3.241864e+12 -1.417539e+13 -7.197215e-01 6.684721e-01 -1.874728e-01 -3.850803e+00 0 415663
-1.362038e+13 8.147069e+12 1.381447e+13 -8.310322e-01 1.132940e-01 5.445641e-01 -5.989039e+00 0 832448
-7.702811e+12 1.782663e+13 -6.854974e+12 -3.305131e-01 5.973772e-01 -7.306857e-01 -4.254517e+00 0 258536
1.535942e+13 4.806572e+12 -1.390640e+13 2.107191e-01 2.122348e-01 -9.542295e-01 -6.513054e+00 0 501872
-5.459615e+12 2.712004e+12 1.859002e+13 4.023249e-01 -3.393767e-01 8.502695e-01 4.070887e+00 0 2264732
1.820376e+13 8.321727e+12 -4.768867e+12 8.866410e-01 2.819225e-01 -3.665889e-01 -4.571403e+00 0 2
-1.320451e+13 7.729697e+12 -1.030083e+13 -7.815406e-01 -2.825032e-03 -6.238480e-01 1.009328e+01 0 587283
-5.878939e+12 -5.392795e+12 -1.536292e+13 -4.210278e-01 -1.414513e-01 -8.959504e-01 3.488425e+00 0 23862
7.071665e+12 -1.380324e+13 -7.271858e+12 -1.170329e-01 -9.338346e-01 -3.380180e-01 -7.703844e-01 0 1303598
-1.631883e+13 -2.003837e+12 1.452182e+13 -4.732689e-01 -1.031172e-01 8.748619e-01 -5.806355e+00 0 124263
-1.716006e+13 -2.567804e+12 3.524023e+12 -7.410331e-01 -2.166606e-01 6.355535e-01 4.021280e+00 0 354396
6.009585e+12 -1.433292e+13 -7.514176e+12 7.149760e-01 -6.242218e-01 -3.148911e-01 1.059471e+01 0 1618934
4.781830e+12 1.602922e+13 5.517204e+12 -3.347708e-02 8.661635e-01 4.986382e-01 7.461995e+00 0 404318
3.703654e+12 1.650518e+13 3.395318e+12 -9.864473e-02 8.541660e-01 5.105582e-01 1.099129e+01 0 310088
1.910501e+12 -1.827830e+12 -1.874889e+13 -3.159461e-01 -1.174011e-01 -9.414855e-01 7.327068e+00 0 794992
1.489808e+13 -7.639344e+12 -4.669231e+12 8.938726e-01 4.482926e-01 -5.050249e-03 1.480408e+01 0 1811376
-1.032830e+12 -2.089595e+13 -1.492654e+12 -4.797506e-01 -8.773627e-01 -8.606240e-03 -9.776914e+00 0 45292
-9.028435e+12 8.322185e+12 2.199933e+13 -1.958310e-01 3.723217e-01 9.072082e-01 -9.612855e+00 0 150688
-1.502843e+13 -2.648365e+12 -8.454235e+12 -2.914991e-01 -1.824903e-01 -9.390024e-01 5.114786e+00 0 4991
-7.583361e+12 -1.772350e+13 2.321162e+12 1.550509e-01 -9.692242e-01 1.912165e-01 -2.767064e+00 0 430283
5.553934e+12 -1.528000e+13 5.029060e+12 3.416382e-01 -8.999841e-01 2.707617e-01 -7.464414e+00 0 240747
-1.725336e+13 7.850885e+12 -7.204016e+12 -6.755595e-01 4.722562e-01 -5.662097e-01 1.186560e+01 0 710072
-2.589440e+12 6.606755e+12 1.868766e+13 -5.174561e-01 2.783381e-01 8.091768e-01 1.215803e+01 0 579457
5.487763e+12 -9.713798e+12 -1.291525e+13 -3.852251e-01 -5.004875e-01 -7.753154e-01 -3.538356e+00 0 43702
4.314115e+12 8.547984e+12 -1.586116e+13 -1.827959e-01 7.803951e-01 -5.979708e-01 1.135866e+01 0 2084176
1.448368e+13 6.646580e+12 -7.485808e+12 5.431471e-01 4.526487e-01 -7.071778e-01 -9.852751e-01 0 619267
-1.537161e+13 -9.950014e+12 1.440344e+12 -5.606341e-01 1.939202e-01 8.050369e-01 -1.078786e+01 0 2
1.519369e+13 7.826648e+12 2.763295e+12 8.060226e-01 -4.407691e-01 -3.950319e-01 -2.454942e-01 0 25247
1.222106e+13 1.222919e+13 6.241435e+11 5.561078e-01 6.951329e-01 4.555594e-01 -7.030932e+00 0 637424
9.426559e+12 1.841811e+13 -7.897912e+11 -9.920066e-02 9.950603e-01 -3.783810e-03 -3.958638e-01 0 2165626
9.929115e+12 -7.975261e+12 -1.136335e+13 8.671798e-01 3.018590e-01 -3.960812e-01 7.279876e+00 0 297501
1.160033e+12 -1.387550e+13 1.028416e+13 -1.634491e-01 -2.957743e-01 9.411705e-01 2.004233e+00 0 340075
-6.373377e+12 1.700171e+13 -4.755262e+12 -5.634453e-01 5.963905e-01 -5.717060e-01 1.014443e+01 0 1317283
-8.928764e+12 1.229980e+13 7.796611e+12 -5.390212e-01 8.295190e-01 -1.461312e-01 -1.563912e-01 0 25295
1.601902e+12 -1.035039e+13 1.489016e+13 1.839519e-01 -3.559961e-01 9.162033e-01 -4.855489e+00 0 134115
-2.793206e+12 -1.622855e+13 -5.246346e+12 1.666142e-01 -9.756905e-01 -1.423648e-01 -6.289624e+00 0 815157
1.246358e+13 -1.191748e+13 -2.203834e+12 4.428408e-01 -8.351630e-01 -3.261821e-01 -6.876359e+00 0 295227
4.420392e+11 -5.014010e+12 1.626076e+13 1.183917e-02 5.188898e-02 9.985827e-01 5.068113e+00 0 934367
-3.385263e+12 -1.065817e+13 -1.710115e+13 -1.245669e-01 8.447274e-02 -9.886088e-01 6.534518e+00 0 93127
1.622002e+13 -2.169869e+12 -5.373284e+12 8.658110e-01 4.768806e-01 1.515130e-01 5.702761e+00 0 1212095
-9.805467e+12 6.255816e+12 1.263456e+13 -8.606166e-01 -1.364403e-01 4.906354e-01 6.824365e-01 0 106305
-1.306765e+12 -1.357680e+13 1.016109e+13 3.889115e-01 -8.049930e-01 -4.480337e-01 7.130232e+00 0 867537
3.112368e+12 -8.342480e+12 1.460594e+13 5.793786e-01 6.187621e-01 5.305223e-01 -5.448129e-01 0 87675
1.353090e+13 -1.093862e+13 -7.024445e+12 8.157572e-01 -4.601473e-01 3.504349e-01 -5.625199e+00 0 323076
-5.029964e+12 4.066682e+12 -1.583867e+13 5.934369e-02 8.397500e-01 -5.397206e-01 -6.844942e+00 0 60713
9.389640e+12 1.050533e+13 9.586059e+12 5.418606e-01 4.004590e-01 -7.389314e-01 -4.869115e+00 0 1697246
5.756267e+12 1.391099e+13 1.183050e+13 4.184378e-01 4.537003e-01 7.868074e-01 -5.166692e+00 0 702972
-1.843812e+13 -4.730758e+12 -3.035822e+12 -9.927902e-01 -1.191277e-01 -1.327331e-02 -7.205705e+00 0 768045
-5.184205e+12 -2.126984e+12 -1.643534e+13 1.014169e-01 -5.829367e-01 -8.061634e-01 4.731071e+00 0 229562
-3.884510e+12 2.550713e+13 -5.942182e+12 1.868987e-01 9.630086e-01 1.941221e-01 -1.361396e+01 0 572521
-5.159641e+11 -1.093468e+13 1.353676e+13 4.430842e-01 -3.655384e-01 8.185708e-01 7.275535e+00 0 565320
-3.889376e+12 1.003915e+13 1.413952e+13 -6.249987e-01 5.466160e-01 5.573039e-01 -1.024742e+00 0 1554809
1.495583e+13 -3.483655e+12 -1.151414e+13 7.023017e-01 -1.105870e-01 -7.032374e-01 -7.807527e+00 0 154814
-6.363506e+12 -1.661828e+13 1.723272e+12 -8.735721e-02 -9.305663e-01 3.555490e-01 6.116022e+00 0 75402
-1.536545e+13 2.219729e+12 1.387963e+13 -6.345701e-01 2.802904e-01 7.202486e-01 4.781252e+00 0 136150
9.209005e+12 -3.809255e+12 1.399339e+13 9.632640e-01 2.418760e-01 1.166985e-01 -3.313438e+00 0 282283
1.078451e+13 -7.685278e+12 1.198132e+13 9.663027e-01 -2.169645e-01 -1.385119e-01 -4.777614e+00 0 679193
-9.999335e+12 1.267110e+13 -7.966858e+12 -7.267925e-02 9.852181e-01 1.551226e-01 -9.344038e+00 0 233391
1.688925e+12 -1.643266e+13 6.937116e+12 -1.160026e-01 -3.311787e-01 9.364102e-01 8.712774e+00 0 989189
1.369590e+13 -6.192887e+12 8.496719e+12 9.268585e-01 -3.159361e-01 -2.027752e-01 -3.502978e+00 0 66216
4.408692e+12 -1.385187e+13 1.008538e+13 -1.778645e-01 -9.840488e-01 -3.493757e-03 3.623093e+00 0 185469
5.524132e+12 -1.832264e+13 -4.066752e+12 1.733456e-01 -9.775626e-01 -1.196774e-01 -7.585805e+00 0 827610
8.831110e+12 1.118032e+13 -9.960109e+12 6.185745e-01 7.838077e-01 -5.487411e-02 5.599133e+00 0 1151956
-1.927977e+13 -2.297851e+12 5.947848e+12 -8.868662e-01 3.486550e-01 -3.031633e-01 5.666026e+00 0 216248
2.290386e+13 7.669116e+12 -7.035877e+12 9.670628e-01 2.514234e-01 -3.969610e-02 6.586694e+00 0 4
1.757969e+13 1.922115e+12 -3.365560e+12 7.370877e-01 -4.129075e-01 -5.349852e-01 6.360163e+00 0 396637
-2.077901e+13 -2.282961e+11 2.452722e+12 -6.497755e-01 -1.831416e-01 7.377337e-01 9.516475e+00 0 187838
7.296362e+12 1.804941e+13 -1.638009e+12 7.939492e-01 5.816281e-01 1.770689e-01 3.933451e+00 0 951153
1.288059e+13 -6.844787e+12 1.147005e+13 4.605702e-01 5.052861e-01 7.297678e-01 6.761016e+00 0 704880
1.042715e+13 -1.033944e+13 1.025716e+13 9.307468e-01 -2.400279e-01 2.758570e-01 2.800301e+00 0 3
-6.227041e+12 -1.372166e+13 -1.093833e+13 -6.457639e-01 -4.593512e-01 -6.099060e-01 7.787166e+00 0 356034
-1.522783e+12 -1.139397e+13 1.251451e+13 -5.006487e-01 -3.170861e-01 8.054857e-01 -4.212375e+00 0 117424
6.774024e+12 1.543464e+13 3.062833e+12 8.518257e-01 4.909303e-01 -1.827032e-01 -1.986470e-01 0 446067
-6.621065e+12 -1.657615e+13 -9.038246e+11 -5.452599e-01 -6.543185e-01 5.239838e-01 -9.103221e+00 0 388939
-1.254992e+13 4.138922e+12 -1.126673e+13 -4.153449e-01 -2.641019e-01 -8.704819e-01 7.272812e+00 0 233547
-2.691727e+12 1.294274e+13 -1.123173e+13 -4.829090e-01 -1.635381e-01 -8.602640e-01 -7.034707e-01 0 47085
7.638663e+12 -1.619146e+13 3.906772e+12 2.023217e-01 -8.219552e-01 5.324054e-01 -4.972044e+00 0 460377
1.822259e+13 4.833537e+12 2.993950e+12 5.436699e-01 7.947321e-01 2.698592e-01 -2.642215e+00 0 838010
-1.208337e+13 -1.232829e+13 1.512080e+12 -5.169586e-01 -6.721960e-01 -5.300060e-01 7.952013e+00 0 2086204
-6.425499e+12 1.985615e+13 1.435465e+13 -4.161940e-01 4.267260e-01 8.029243e-01 1.388399e+01 0 675302
-7.439694e+12 1.567805e+13 8.034464e+11 -3.492501e-01 2.836749e-01 8.930582e-01 4.688953e+00 0 896703
-1.282672e+13 -1.258677e+12 -1.111091e+13 -7.260656e-01 5.370141e-01 -4.294701e-01 -7.625966e-01 0 4240
-1.251932e+13 -1.051943e+13 -5.395570e+12 -6.662713e-01 -7.327640e-01 -1.383459e-01 7.417369e+00 0 289105
-1.493661e+13 6.987197e+12 -7.135939e+12 -4.294081e-01 8.745877e-01 -2.251777e-01 1.971365e+00 0 1812633
1.393140e+13 -5.792271e+12 1.142780e+13 8.379931e-01 4.528788e-01 3.044148e-01 -2.593295e+00 0 617381
-2.587380e+12 1.232143e+13 -1.277411e+13 -8.620007e-01 4.644096e-02 -5.047752e-01 -9.475890e-02 0 4
5.310913e+12 -3.637340e+12 1.569574e+13 3.716762e-01 -8.543601e-01 3.632157e-01 -8.157850e+00 0 85517
-2.807235e+12 1.676761e+13 -1.062855e+12 -2.720201e-01 2.619379e-01 -9.259555e-01 -2.821965e+00 0 22849
6.372226e+11 -6.138428e+12 -1.607747e+13 5.932686e-01 -3.536203e-01 -7.231771e-01 -1.444078e+00 0 718625
2.613530e+12 -1.741763e+13 -4.015671e+12 3.289103e-01 -9.194528e-01 2.154637e-01 -3.369802e+00 0 155666
4.208830e+12 -6.387016e+12 -1.638528e+13 -6.731051e-02 3.957930e-01 -9.158696e-01 8.199884e+00 0 213023
-4.185319e+12 9.229188e+12 -1.382838e+13 8.473442e-02 2.476892e-01 -9.651270e-01 -3.666100e+00 0 8707
-1.083330e+13 1.166571e+13 9.279783e+12 -2.489069e-01 9.649578e-01 -8.307668e-02 -7.621615e+00 0 335606
-7.590661e+12 -1.490299e+13 -4.771661e+12 -2.701928e-01 -7.630771e-01 5.871194e-01 -2.875538e+00 0 58665
1.017871e+13 -1.236991e+13 1.000313e+13 9.702265e-01 -2.394049e-01 3.668529e-02 -1.563155e+00 0 1664201
-5.783341e+12 2.424250e+12 1.880914e+13 -3.614210e-01 5.371456e-02 9.308542e-01 4.776250e+00 0 369462
-8.856176e+12 -1.252215e+13 9.076055e+12 2.048288e-01 -2.338262e-01 9.504580e-01 -2.699385e+00 0 403768
-1.691129e+13 2.407059e+12 -5.151892e+12 -9.732230e-01 -2.679666e-02 2.282958e-01 6.124779e+00 0 1024838
-4.804297e+12 -1.417278e+13 1.100140e+13 -7.004613e-01 -3.800695e-01 6.040704e-01 5.090119e+00 0 95428
-1.421935e+13 1.699682e+12 -1.091667e+13 -8.433058e-01 -4.577717e-02 -5.354809e-01 5.969438e+00 0 740175
9.321268e+12 -9.240063e+12 -1.096570e+13 8.658738e-01 6.610360e-02 -4.958758e-01 6.695472e+00 0 951710
7.838820e+12 5.120776e+12 1.471695e+13 6.509648e-02 1.601337e-01 9.849465e-01 3.886081e+00 0 741493
4.392744e+12 1.555340e+13 1.002043e+13 3.017950e-01 8.536218e-01 4.245583e-01 5.571725e+00 0 11
-9.461581e+12 -8.971766e+12 -1.529500e+13 -1.751269e-01 -2.752257e-01 -9.452943e-01 -5.627557e+00 0 1846197
3.167079e+12 9.446564e+12 1.456496e+13 -3.845330e-01 6.909343e-01 6.121635e-01 -1.808438e+00 0 619668
1.952737e+13 -4.687609e+12 -3.361725e+12 8.006262e-01 -1.959139e-01 -5.662292e-01 7.507384e+00 0 932046
7.086824e+12 -6.252027e+12 2.027416e+13 2.243159e-01 -8.326273e-01 5.063735e-01 8.894343e+00 0 197851
-1.796154e+13 -8.054025e+12 6.266806e+12 -7.802270e-01 -5.248792e-01 3.402170e-01 7.309323e+00 0 507111
5.810737e+12 -1.255843e+13 -1.088317e+13 6.859803e-01 -1.230046e-01 -7.171477e-01 1.069461e+01 0 244887
-1.022987e+13 1.822461e+13 8.160813e+12 -2.553708e-01 9.170050e-01 3.064108e-01 4.920615e+00 0 14806
1.501603e+13 1.021163e+13 -1.287629e+13 3.988573e-01 8.578328e-01 -3.240922e-01 1.279725e+01 0 259169
1.793074e+13 -5.833762e+12 -2.402665e+13 6.485649e-01 1.068699e-01 -7.536195e-01 1.210510e+01 0 192857
6.661774e+12 -1.562819e+13 1.623776e+12 -5.675398e-01 -6.878407e-01 4.525194e-01 -1.016035e+00 0 935313
5.799993e+12 1.284254e+13 1.001221e+13 8.230792e-01 8.841068e-02 5.610029e-01 9.282930e-01 0 303265
-1.259672e+13 -4.024132e+12 -1.066452e+13 -7.332078e-01 1.175046e-01 -6.697754e-01 -5.084254e+00 0 1091685
-1.423937e+13 -2.474890e+12 -9.718422e+12 -3.754174e-01 -1.709955e-01 -9.109458e-01 3.552598e+00 0 728800
-1.410979e+13 -1.069105e+13 -5.110129e+12 -9.294373e-01 -8.473352e-02 3.591192e-01 -6.893739e-03 0 1502367
-5.926930e+12 -1.153436e+13 1.333109e+13 -4.104178e-02 -7.496045e-01 6.606123e-01 -5.136864e+00 0 431232
3.614433e+12 -4.739026e+12 -1.765861e+13 2.403608e-02 -6.159805e-01 -7.873946e-01 -4.949169e+00 0 1380997
3.641845e+11 -1.377162e+13 -1.235625e+13 -4.077002e-01 -8.818457e-01 -2.369150e-01 -1.016864e+01 0 537275
1.386760e+13 -7.532751e+12 -6.679380e+12 8.770214e-01 5.026541e-02 -4.778146e-01 9.543080e+00 0 14153
-1.892795e+13 3.775172e+12 -2.115484e+13 -7.098107e-01 4.162241e-01 -5.682661e-01 -1.076687e+01 0 1211256
1.673379e+13 1.231150e+13 6.891036e+11 9.928256e-01 9.990147e-02 -6.570472e-02 -1.279413e+01 0 3
-3.020598e+12 1.866270e+13 3.761120e+11 3.485360e-01 9.169631e-01 -1.941683e-01 2.069958e+00 0 8
-2.694373e+12 -1.732975e+13 -1.346519e+12 -2.891514e-01 -7.634892e-01 -5.774736e-01 2.976849e+00 0 2436252
1.912980e+13 -7.623119e+11 -6.730141e+11 9.540552e-01 1.440364e-01 2.627398e-01 7.576519e+00 0 1295058
1.502508e+13 -2.631960e+13 1.678199e+13 4.530023e-01 -7.223901e-01 5.224380e-01 -1.026594e+01 0 1323238
-1.970595e+12 1.470156e+13 -1.326387e+13 6.381313e-01 3.480290e-01 -6.867782e-01 3.226009e+00 0 288259
4.617851e+12 2.594688e+13 3.332557e+12 3.200436e-01 9.331678e-01 -1.636151e-01 8.459706e+00 0 1120895
-2.145620e+12 1.374323e+12 -1.710809e+13 1.729624e-01 4.025210e-01 -8.989221e-01 -8.551651e+00 0 80466
1.001801e+13 8.959987e+12 1.312938e+13 6.598496e-01 -1.993951e-01 7.244585e-01 -9.228035e+00 0 407001
-2.857670e+12 5.412728e+12 -1.664062e+13 -3.964965e-01 -3.708690e-01 -8.397897e-01 6.265060e+00 0 986201
-7.450297e+12 -1.896471e+13 9.575237e+12 -1.555624e-01 -9.773272e-01 -1.436382e-01 1.158381e+01 0 207255
7.874040e+12 8.403794e+11 -1.502112e+13 4.457119e-01 1.141159e-02 -8.951037e-01 -2.892809e+00 0 7958
-1.091072e+13 6.658908e+12 -1.138425e+13 -8.267036e-01 -5.588457e-01 6.521294e-02 8.186771e+00 0 232695
-8.796157e+12 -1.190956e+13 -8.329577e+12 2.514824e-01 -7.424523e-01 -6.209035e-01 8.156293e+00 0 39061
-7.868320e+12 -9.883171e+12 -1.342462e+13 3.410267e-01 -5.074153e-01 -7.913473e-01 -4.760634e+00 0 9
-1.350232e+13 1.020396e+13 1.399613e+12 -2.264726e-01 6.236570e-01 -7.481725e-01 -1.159647e+01 0 296284
4.890086e+12 1.602074e+13 3.042541e+12 5.810119e-01 7.633831e-01 2.822611e-01 1.071591e+00 0 1367091
-6.306322e+12 1.622218e+13 -1.243390e+12 -6.663284e-01 5.373876e-01 -5.169343e-01 7.859385e+00 0 191767
-7.452559e+12 -1.456808e+13 4.938885e+12 3.968831e-01 -7.570980e-01 5.189281e-01 1.361517e+01 0 1
1.411608e+13 -1.189703e+13 3.599548e+12 9.933937e-01 -5.736196e-02 9.939131e-02 -4.606414e-01 0 72195
-1.718610e+13 -4.413007e+11 5.754304e+12 -9.412724e-01 1.048149e-02 3.374853e-01 -8.357509e+00 0 23608
8.129825e+11 1.344855e+13 1.061586e+13 -5.421229e-02 5.964757e-01 8.007982e-01 4.479643e+00 0 2586492
5.450707e+12 -5.600699e+11 -1.611176e+13 5.437221e-01 7.605522e-01 -3.548614e-01 -6.956300e+00 0 1613915
-1.486020e+12 -1.752770e+13 -5.045839e+11 6.166150e-01 -6.778485e-01 4.003839e-01 9.454433e-01 0 761194
-5.233597e+12 -1.687545e+13 -1.069276e+13 -3.498794e-01 -3.255507e-01 -8.784083e-01 -1.062161e+01 0 7
1.136507e+13 -7.856754e+12 -1.016735e+13 8.834654e-01 -1.513597e-01 -4.433725e-01 5.040804e+00 0 1
-1.696499e+13 1.865655e+11 -4.157673e+12 -6.811076e-01 -6.222452e-01 -3.858800e-01 1.066227e+01 0 333241
-8.713243e+11 9.798393e+12 1.399433e+13 -7.371311e-01 -1.392598e-02 6.756063e-01 -1.295034e+00 0 2610814
1.257758e+13 5.221577e+11 -1.226106e+13 3.887669e-01 2.107872e-01 -8.968997e-01 1.094802e+01 0 475600
1.747177e+13 1.665691e+13 1.695657e+13 7.012787e-01 4.627875e-01 5.422509e-01 8.806043e+00 0 1073889
1.500830e+13 -4.216548e+12 7.121855e+12 5.985582e-01 -7.851459e-01 1.589781e-01 -9.754877e-01 0 1913514
-1.342070e+13 1.033278e+13 9.902486e+11 4.534341e-02 8.529991e-01 5.199390e-01 -1.064521e+01 0 1342817
-1.291246e+13 1.324248e+12 -1.265951e+13 -6.387921e-01 -6.289331e-01 -4.431567e-01 -3.773001e-01 0 379
-5.453559e+12 2.747990e+12 1.592098e+13 -8.067990e-01 5.811442e-01 -1.065217e-01 -2.474535e+00 0 97704
4.739140e+12 -1.073341e+13 1.415359e+13 6.703975e-01 -1.276162e-01 7.309455e-01 -2.542943e+00 0 209449
5.281069e+12 6.779072e+12 -1.712001e+13 2.318223e-01 6.723674e-01 -7.029797e-01 9.757447e+00 0 88211
-2.871931e+12 -1.678490e+13 -4.019319e+12 2.680287e-01 -9.081673e-01 3.215473e-01 -3.604097e-02 0 9299
1.510022e+13 -8.006561e+12 -1.499116e+12 6.798100e-01 7.315833e-01 -5.142297e-02 1.211556e+01 0 135487
7.120155e+12 5.275019e+12 1.462555e+13 2.674075e-01 -4.612557e-01 8.460121e-01 1.719291e+00 0 280070
-1.089421e+13 6.103333e+12 1.177797e+13 -9.823225e-01 -1.133861e-01 -1.489502e-01 5.723345e+00 0 1796330
8.701531e+12 9.173355e+12 -1.174675e+13 7.039518e-01 -2.144665e-02 -7.099239e-01 1.622449e+00 0 1634952
8.621023e+12 -1.827590e+13 -8.079128e+12 -7.281991e-02 -7.244029e-01 -6.855200e-01 -1.155177e+01 0 185183
6.135984e+11 -6.333257e+12 -1.813410e+13 3.102081e-01 -4.628115e-01 -8.304074e-01 9.087559e+00 0 22114
6.070513e+12 1.447760e+13 -1.642934e+13 9.389921e-02 7.208324e-01 -6.867194e-01 1.628995e+01 0 400892
-1.149118e+13 1.391243e+13 1.872279e+12 5.547525e-02 6.621094e-01 7.473511e-01 -1.075621e+01 0 55544
-1.327203e+13 4.677573e+12 1.213081e+13 -3.297034e-01 5.689675e-01 7.533735e-01 -9.150243e+00 0 165178
6.502417e+11 1.318039e+13 -1.078380e+13 -2.518371e-01 7.736503e-01 -5.814149e-01 4.793242e+00 0 39528
-5.034181e+12 1.984792e+13 -7.542004e+12 5.805220e-01 7.521658e-01 -3.118347e-01 -1.613114e+01 0 28189
-1.753997e+13 -1.210829e+13 -6.200017e+12 -9.059559e-01 -1.313245e-01 -4.024896e-01 -1.157176e+01 0 591613
-6.549724e+12 1.222232e+13 9.787859e+12 -2.133087e-01 9.191301e-01 3.312088e-01 -9.359069e-02 0 34373
-1.482716e+13 5.653997e+12 -6.377077e+12 -8.544512e-01 4.715371e-01 2.180959e-01 -3.048953e-01 0 370786
5.734458e+12 -1.327573e+13 1.169608e+13 -8.868619e-02 -6.778363e-01 7.298443e-01 -9.665853e+00 0 924618
-1.162469e+13 1.055221e+13 6.509207e+12 -2.154136e-01 8.813868e-01 -4.204216e-01 -2.681498e+00 0 404756
-2.238924e+12 -4.798084e+12 1.747604e+13 1.903756e-01 6.937739e-01 6.945754e-01 6.060316e+00 0 627138
-1.461435e+13 -8.552919e+12 -3.160144e+12 -9.221321e-01 1.825398e-01 3.411036e-01 -7.543619e+00 0 148069
1.662818e+13 -4.997630e+12 2.907107e+12 8.444660e-01 -3.967440e-01 -3.598213e-01 2.894401e+00 0 1152298
7.094139e+12 1.908326e+13 6.064634e+12 6.107980e-01 7.380475e-01 2.867259e-01 -1.050990e+01 0 2
1.619174e+13 4.901556e+12 2.473278e+12 2.483484e-01 8.701746e-01 4.255811e-01 1.196134e+01 0 1359937
-1.070559e+13 1.327601e+13 -4.168684e+12 -9.592219e-01 -5.205796e-02 2.778189e-01 1.114965e+01 0 134309
-6.835086e+11 7.371795e+12 1.526067e+13 -6.000616e-01 -2.926228e-02 7.994184e-01 4.536414e+00 0 76210
-1.655560e+13 -6.309867e+12 3.305194e+12 -9.885983e-01 -1.489391e-01 2.214772e-02 -5.243805e+00 0 3263957
2.406026e+13 8.037049e+12 1.628419e+13 8.625951e-01 4.592405e-01 2.121977e-01 -6.963428e+00 0 224455
3.344670e+12 1.985383e+13 -3.044489e+12 1.754416e-01 8.319761e-01 -5.263421e-01 6.632496e+00 0 2597986
1.353887e+13 -4.258353e+12 -1.834214e+13 1.880244e-01 3.068936e-01 -9.329861e-01 -6.330470e+00 0 440750
1.139880e+13 1.022372e+13 7.447038e+12 5.783840e-01 8.106763e-01 -9.097135e-02 -3.158809e+00 0 147603
-1.803553e+13 -4.480718e+12 1.528843e+12 -8.779439e-01 -4.321901e-01 -2.059762e-01 -5.502481e+00 0 578708
-1.596976e+13 -6.818070e+12 6.857626e+12 -8.719647e-01 -4.552251e-01 -1.801321e-01 6.121318e+00 0 811487
5.044206e+12 -1.096933e+13 -1.231659e+13 -6.025029e-01 -7.819640e-01 -1.597576e-01 5.523842e+00 0 1732683
2.046772e+13 -3.625717e+12 4.670649e+12 8.184484e-01 7.198099e-03 5.745350e-01 8.297166e+00 0 668812
-9.824345e+12 6.406921e+12 -1.234240e+13 -9.786528e-01 9.932920e-02 -1.799231e-01 -8.407769e-01 0 33570
1.233670e+13 1.736570e+12 1.299777e+13 5.499300e-01 -2.657234e-02 8.347879e-01 6.199520e+00 0 412527
1.936801e+13 -4.809297e+12 3.255119e+12 9.385543e-01 -2.499814e-02 -3.442250e-01 9.497000e+00 0 2461716
9.245817e+12 -1.328644e+13 6.052306e+12 9.023981e-01 -5.793197e-02 -4.269914e-01 -2.144756e+00 0 366112
9.024111e+12 1.449693e+13 5.421625e+11 2.410832e-01 9.334133e-01 -2.657414e-01 6.480587e+00 0 628215
-2.112264e+13 1.926639e+13 -1.512758e+13 -5.045638e-01 6.660583e-01 -5.493466e-01 8.657249e+00 0 417911
-1.325015e+13 5.351536e+12 -1.079164e+13 -7.674735e-01 6.199897e-01 1.630863e-01 -6.691649e+00 0 946548
-1.659195e+13 5.146085e+12 -1.509636e+12 -1.267259e-01 9.115775e-01 -3.911100e-01 -1.133642e+01 0 105217
-1.345595e+13 -3.920563e+12 1.053655e+13 -4.511602e-01 -8.810635e-01 1.420622e-01 -3.884656e+00 0 4401
-6.568078e+12 -7.551434e+12 -1.371188e+13 -3.450621e-01 -7.154039e-01 -6.075602e-01 -4.089289e+00 0 186709
7.200528e+11 1.571831e+13 6.758518e+12 -6.763328e-01 6.085564e-01 4.150097e-01 8.614377e+00 0 659065
-1.596036e+13 6.168376e+12 1.636509e+12 -8.614408e-01 -4.068635e-01 -3.039439e-01 9.300926e+00 0 53859
8.346318e+12 -6.163777e+12 -1.441692e+13 -4.890089e-01 4.199847e-02 -8.712671e-01 -8.094243e+00 0 696917
2.054406e+12 1.337597e+13 -1.050935e+13 -1.444623e-02 9.735964e-01 2.278188e-01 7.827881e-01 0 114471
-1.028084e+13 1.397921e+13 -2.667772e+12 -3.843798e-01 8.353071e-01 -3.930829e-01 2.072091e+00 0 80729
8.528157e+12 -7.767946e+12 -1.425818e+13 3.774937e-01 -3.679989e-03 -9.260048e-01 7.454597e+00 0 1033549
-2.526747e+12 -1.523844e+13 -9.464631e+12 3.556054e-01 -5.166357e-01 -7.788661e-01 9.235350e+00 0 324325
-8.705756e+10 -1.961069e+12 -1.818635e+13 -2.749045e-01 -6.909014e-01 -6.686425e-01 -8.440396e+00 0 1428062
5.471420e+12 -2.758809e+12 -1.643641e+13 -2.746906e-01 -4.592662e-01 -8.447601e-01 2.813827e+00 0 57929
1.287483e+13 -1.460897e+13 -1.292628e+13 3.593152e-01 -4.577311e-01 -8.132496e-01 5.207428e+00 0 2
1.181960e+13 -1.263141e+13 -1.969772e+12 9.267663e-01 -1.164733e-01 3.571250e-01 1.264192e+01 0 3
-1.925611e+13 -1.031102e+13 1.340204e+12 -6.259114e-01 -7.164607e-01 -3.080892e-01 -1.724377e+00 0 40348
-1.991941e+12 2.132978e+12 -1.724830e+13 -5.090505e-01 6.293407e-01 -5.871949e-01 1.175767e+00 0 1010790
1.392906e+13 -1.115636e+13 5.919249e+12 8.781495e-01 -1.958516e-01 4.364581e-01 -1.108274e+00 0 224680
-1.342670e+13 -1.037588e+13 -2.206221e+12 -6.192696e-01 -6.002114e-01 5.062129e-01 6.296185e+00 0 26351
2.456479e+11 -1.713956e+13 -4.894592e+12 4.140823e-01 -5.326906e-01 -7.380898e-01 1.139797e+01 0 2096776
-1.038857e+12 -1.573262e+13 -1.019877e+13 -5.551149e-01 -5.459047e-01 -6.275632e-01 -7.707925e+00 0 1530924
1.317003e+13 3.445053e+11 1.171304e+13 8.615583e-01 5.049822e-01 -5.206109e-02 -2.947515e+00 0 2621409
-7.935138e+12 -3.028936e+11 1.643361e+13 -6.954899e-01 -1.989466e-01 6.904448e-01 -3.289203e+00 0 1281555
-8.639085e+12 8.672671e+12 -1.193903e+13 -9.218704e-01 -3.172233e-01 -2.225406e-01 -2.636627e+00 0 249552
-1.149836e+13 5.535134e+12 1.769085e+13 -4.934722e-01 -3.537947e-02 8.690417e-01 -6.993521e+00 0 314502
-1.631081e+13 2.832627e+12 4.044251e+12 -4.148820e-01 9.084518e-01 -5.087488e-02 -4.843881e+00 0 15
1.620314e+13 1.299612e+13 -1.682190e+12 7.186572e-01 6.578867e-01 2.252041e-01 -1.039645e+01 0 972814
8.756544e+11 -1.055547e+13 -1.380998e+13 -3.909156e-01 -9.201311e-01 -2.331783e-02 -3.083700e-01 0 127633
