# 781
-1.653930e+13 1.496453e+14 4.939531e+13 -8.643444e-01 2.455467e-01 -4.388799e-01 0.000000e+00 1
-5.103489e+13 -1.120214e+13 6.380817e+13 7.364805e-01 4.644291e-01 -4.918354e-01 0.000000e+00 1
1.520848e+14 -5.544331e+13 1.798662e+13 -3.848982e-01 3.394681e-01 8.582627e-01 0.000000e+00 1
-1.410586e+12 -7.666732e+13 8.799800e+13 -9.739550e-02 8.060344e-01 -5.838001e-01 0.000000e+00 1
1.248297e+14 6.008114e+12 -8.968049e+13 -7.714835e-01 -6.362438e-01 2.647188e-03 0.000000e+00 1
-3.136640e+13 8.101442e+13 5.067915e+13 -1.392379e-01 4.934207e-01 -8.585737e-01 0.000000e+00 1
4.976171e+13 6.286542e+13 -1.125322e+14 7.723975e-01 -2.767245e-02 6.345364e-01 0.000000e+00 1
-2.830727e+13 -1.053881e+14 6.610063e+13 4.997951e-01 -6.005854e-01 6.241010e-01 0.000000e+00 1
4.922809e+13 -7.662746e+13 4.554594e+13 6.200359e-01 -4.227609e-01 6.609302e-01 0.000000e+00 1
1.999888e+13 -6.960583e+13 -9.581988e+13 -1.516045e-01 2.402646e-01 9.587956e-01 0.000000e+00 1
2.416214e+13 -4.320092e+13 -8.188929e+13 9.104823e-01 -3.870090e-01 1.457603e-01 0.000000e+00 1
-1.168814e+14 9.416592e+13 -5.922301e+13 -8.496284e-01 3.517862e-01 3.929097e-01 0.000000e+00 1
2.705831e+13 -4.864643e+13 -1.423541e+14 9.498797e-01 3.040084e-01 -7.285210e-02 0.000000e+00 1
-9.939063e+13 -7.285128e+12 -8.910597e+13 -8.089972e-01 -4.578580e-01 -3.686319e-01 0.000000e+00 1
1.368056e+14 9.115836e+13 6.200915e+10 6.035247e-01 2.130878e-01 7.683434e-01 0.000000e+00 1
1.456348e+14 -4.429643e+12 -8.582885e+13 -1.623412e-01 -9.188616e-01 3.596369e-01 0.000000e+00 1
1.247891e+14 -1.401870e+13 -4.292937e+13 1.542898e-01 4.545123e-01 8.772760e-01 0.000000e+00 1
-2.760785e+13 2.376962e+13 -1.371325e+14 -1.626738e-01 -9.539407e-01 2.520603e-01 0.000000e+00 1
3.472171e+13 -5.090301e+13 1.051446e+14 -7.018327e-01 -5.311960e-01 -4.746173e-01 0.000000e+00 1
-5.887956e+13 1.501532e+13 -2.110079e+13 -1.622596e-01 -1.513887e-01 -9.750658e-01 0.000000e+00 1
-2.559334e+12 7.080494e+13 2.499686e+13 4.724697e-01 -7.930044e-01 -3.845989e-01 0.000000e+00 1
7.000269e+13 7.669801e+13 -4.912511e+13 -2.179606e-01 -7.164129e-01 -6.627562e-01 0.000000e+00 1
7.116770e+13 -9.962570e+13 6.119487e+12 -2.685416e-01 9.220079e-01 -2.789029e-01 0.000000e+00 1
-2.847052e+13 -4.458858e+13 9.728709e+13 -3.038192e-01 8.519338e-01 4.265005e-01 0.000000e+00 1
2.004221e+13 -1.585486e+14 -1.976973e+13 -4.954616e-02 9.986425e-01 -1.607361e-02 0.000000e+00 1
7.337787e+13 -2.013133e+13 9.066687e+13 4.379892e-03 -1.873536e-01 -9.822828e-01 0.000000e+00 1
-9.036468e+13 1.135382e+14 6.172401e+12 -3.986783e-01 8.988057e-01 -1.822194e-01 0.000000e+00 1
-1.831469e+13 -4.194012e+13 -4.153742e+13 3.857868e-01 -2.270288e-02 9.223086e-01 0.000000e+00 1
1.307372e+14 -6.678381e+13 -4.043461e+13 -5.684013e-01 -7.713828e-01 2.861618e-01 0.000000e+00 1
-5.587611e+12 -1.291477e+13 -1.602528e+14 6.326993e-01 -5.218912e-01 5.721199e-01 0.000000e+00 1
4.286258e+13 9.369013e+13 5.027069e+13 7.376851e-01 -6.235279e-01 -2.589086e-01 0.000000e+00 1
-7.771023e+13 2.616356e+13 7.757414e+13 -3.003690e-01 1.313993e-02 -9.537326e-01 0.000000e+00 1
-1.061031e+14 4.675642e+13 3.053248e+13 2.106976e-01 2.806903e-01 -9.363864e-01 0.000000e+00 1
-1.919347e+13 2.358381e+13 -5.067320e+13 6.928795e-01 -6.275552e-01 -3.550950e-01 0.000000e+00 1
1.037275e+14 2.275274e+13 6.726682e+13 -6.457761e-01 -3.518509e-01 6.776239e-01 0.000000e+00 1
4.387533e+13 -1.726315e+13 -8.740337e+13 5.527424e-01 8.238605e-01 -1.254182e-01 0.000000e+00 1
-3.987652e+13 1.453424e+14 -1.585710e+13 5.716647e-01 -6.890510e-01 4.454302e-01 0.000000e+00 1
-1.063486e+14 7.353811e+13 -4.531731e+13 3.622841e-01 -7.543979e-01 5.473883e-01 0.000000e+00 1
8.286812e+13 5.386657e+13 6.529601e+12 -8.485585e-01 -2.684916e-01 -4.559175e-01 0.000000e+00 1
-8.666665e+12 7.505483e+13 7.654420e+13 -7.144268e-01 -6.996767e-01 6.847028e-03 0.000000e+00 1
9.662843e+13 -1.797809e+13 3.079117e+12 -5.611598e-01 9.546410e-02 8.221838e-01 0.000000e+00 1
5.134880e+13 -1.415163e+14 -5.325156e+13 9.705599e-01 3.085115e-02 -2.388757e-01 0.000000e+00 1
-1.120063e+14 1.140758e+14 -2.656726e+13 3.333439e-01 8.766871e-01 3.468452e-01 0.000000e+00 1
-6.800177e+12 9.852422e+11 -1.253704e+14 9.800477e-01 -1.969543e-01 2.674903e-02 0.000000e+00 1
-3.303741e+13 -7.215456e+13 1.235944e+14 -5.095875e-01 -6.759095e-02 8.577599e-01 0.000000e+00 1
2.008427e+13 3.791209e+13 6.101002e+13 8.640440e-01 3.643313e-01 3.474056e-01 0.000000e+00 1
-5.980524e+13 -5.537094e+13 5.262981e+13 6.615577e-01 1.230832e-01 7.397242e-01 0.000000e+00 1
-7.971559e+13 -5.573330e+13 -7.654038e+13 8.773385e-01 4.450850e-01 -1.793782e-01 0.000000e+00 1
-3.463790e+13 -1.113715e+14 -8.307001e+13 3.119469e-01 -6.111862e-01 7.274205e-01 0.000000e+00 1
-5.747598e+13 1.241566e+14 -9.694312e+13 -9.071443e-01 1.023032e-01 4.081952e-01 0.000000e+00 1
6.501745e+13 -2.115883e+13 -1.066074e+14 -5.432288e-02 -1.077331e-01 9.926946e-01 0.000000e+00 1
-2.546505e+13 -4.075405e+13 1.371302e+13 1.891534e-01 -9.647976e-01 1.827198e-01 0.000000e+00 1
4.765734e+13 5.821189e+13 8.572833e+13 -4.879546e-01 8.580555e-01 -1.601280e-01 0.000000e+00 1
5.851130e+12 -1.087740e+14 -5.508257e+13 -7.230972e-03 5.417818e-01 -8.404881e-01 0.000000e+00 1
8.185399e+13 8.616406e+13 4.605346e+13 -4.442270e-01 -2.668694e-01 -8.552445e-01 0.000000e+00 1
-2.201457e+13 1.442698e+12 9.833561e+13 -6.623461e-01 4.773407e-01 -5.774458e-01 0.000000e+00 1
6.419122e+12 -3.136391e+13 3.170732e+13 6.652740e-01 -2.529638e-01 -7.024385e-01 0.000000e+00 1
-8.031880e+13 6.514386e+12 4.605256e+13 5.202112e-01 1.329599e-03 -8.540366e-01 0.000000e+00 1
1.165812e+14 4.340408e+13 -2.727744e+13 -2.747611e-01 9.521495e-01 -1.338567e-01 0.000000e+00 1
-1.315437e+14 6.118712e+13 2.093651e+13 7.413836e-01 4.664179e-01 4.824984e-01 0.000000e+00 1
7.783479e+13 4.093682e+13 -1.205086e+14 -4.032856e-01 2.646756e-01 -8.759609e-01 0.000000e+00 1
-1.005613e+14 -3.680208e+13 -1.013474e+14 -9.340363e-01 -7.054039e-02 3.501432e-01 0.000000e+00 1
-1.184849e+14 2.222169e+13 5.988272e+13 3.242327e-01 3.332887e-01 -8.853201e-01 0.000000e+00 1
-1.270149e+14 8.440698e+13 -6.936898e+13 -8.146008e-01 -3.543420e-01 4.592029e-01 0.000000e+00 1
-1.597161e+14 2.483590e+13 1.865806e+13 -9.229588e-01 3.575892e-01 1.423976e-01 0.000000e+00 1
-6.225489e+13 -1.510880e+14 2.894609e+13 -5.302264e-01 8.156281e-01 -2.315399e-01 0.000000e+00 1
-5.334670e+13 6.759870e+13 1.018210e+14 7.630166e-01 4.929151e-02 6.444967e-01 0.000000e+00 1
-1.039291e+13 1.289420e+14 7.426595e+13 4.007039e-01 -8.146174e-01 -4.193268e-01 0.000000e+00 1
-1.788756e+12 9.505079e+13 -1.123571e+14 3.077660e-01 6.401629e-01 7.038975e-01 0.000000e+00 1
-2.760184e+13 5.228033e+12 3.563327e+13 7.961140e-02 8.016992e-01 5.924023e-01 0.000000e+00 1
-3.175691e+13 7.442067e+12 1.028777e+14 -9.777179e-02 5.272291e-01 8.440795e-01 0.000000e+00 1
-8.634916e+13 4.719303e+13 3.478240e+13 7.670522e-01 -6.368556e-01 -7.775504e-02 0.000000e+00 1
-6.700498e+13 1.146078e+14 -8.294168e+13 7.446161e-01 -6.661350e-01 -4.255535e-02 0.000000e+00 1
4.370025e+13 8.815392e+13 6.174867e+13 8.201018e-01 9.621563e-02 -5.640706e-01 0.000000e+00 1
1.100700e+13 4.170061e+12 -1.963433e+13 6.699694e-01 5.992499e-01 -4.382243e-01 0.000000e+00 1
-3.672894e+13 8.181813e+13 -1.872557e+13 -8.801271e-01 -9.780359e-03 -4.746374e-01 0.000000e+00 1
-1.261536e+14 -2.704887e+13 -6.091852e+13 6.341268e-01 6.377062e-01 -4.372803e-01 0.000000e+00 1
2.048182e+13 1.534926e+14 3.555070e+13 -8.344001e-01 -1.425182e-01 -5.324143e-01 0.000000e+00 1
1.457787e+14 -2.391757e+13 -2.876315e+13 -1.150895e-01 7.562830e-01 -6.440422e-01 0.000000e+00 1
-1.024541e+13 -1.569523e+14 8.804295e+12 -1.459747e-01 9.054168e-01 3.986374e-01 0.000000e+00 1
1.038066e+14 1.356699e+13 8.116494e+13 -6.149698e-01 7.836460e-01 8.781250e-02 0.000000e+00 1
-6.261974e+12 1.631925e+14 1.936421e+13 5.656940e-01 -2.879871e-01 7.726925e-01 0.000000e+00 1
-6.233980e+13 -1.267164e+14 2.131127e+13 8.731796e-01 -2.927515e-01 3.896844e-01 0.000000e+00 1
4.056863e+13 4.024730e+13 -8.849421e+13 -9.153344e-01 2.178552e-01 -3.386768e-01 0.000000e+00 1
-7.186567e+13 8.597387e+13 -9.135383e+12 -6.243536e-01 4.498562e-02 7.798455e-01 0.000000e+00 1
9.552534e+13 8.467544e+13 2.825444e+13 7.620463e-01 -4.105073e-01 5.007686e-01 0.000000e+00 1
5.878260e+13 3.385019e+13 1.018804e+14 3.063740e-01 -9.482555e-01 8.334589e-02 0.000000e+00 1
2.657488e+13 1.119489e+14 3.619173e+13 -1.210176e-01 5.830314e-01 -8.033861e-01 0.000000e+00 1
1.440777e+14 1.070156e+13 7.577153e+12 -9.127310e-01 -2.126711e-01 -3.488454e-01 0.000000e+00 1
9.059239e+13 1.120483e+14 -6.104372e+13 8.396498e-01 -5.273333e-01 1.300298e-01 0.000000e+00 1
-1.091208e+13 6.742721e+13 2.244001e+13 1.008254e-01 -9.758531e-01 1.937650e-01 0.000000e+00 1
-9.706160e+11 6.116331e+13 -1.320865e+14 8.412435e-01 -2.985479e-01 -4.507533e-01 0.000000e+00 1
-9.965516e+12 8.170546e+13 4.119126e+12 -4.309935e-01 -8.277257e-01 3.593254e-01 0.000000e+00 1
1.107264e+14 1.038728e+14 4.630382e+13 -9.942132e-01 7.994898e-02 -7.175103e-02 0.000000e+00 1
-9.630911e+13 -3.397566e+13 -2.209492e+13 -4.115953e-01 7.816268e-01 4.686671e-01 0.000000e+00 1
1.413224e+12 1.546788e+14 5.560499e+13 -7.759053e-01 3.619074e-01 -5.167146e-01 0.000000e+00 1
-8.034759e+13 -1.286375e+13 4.521434e+12 6.505898e-01 -7.202985e-01 2.406305e-01 0.000000e+00 1
2.407143e+13 7.247768e+13 6.542981e+12 -9.700606e-01 1.156761e-01 2.135452e-01 0.000000e+00 1
-5.565778e+13 -7.456497e+13 1.178568e+13 -8.222830e-01 2.083472e-01 -5.295678e-01 0.000000e+00 1
5.232593e+13 -1.524898e+13 4.689427e+13 5.585769e-02 -5.562868e-01 -8.291109e-01 0.000000e+00 1
1.070649e+14 -1.130185e+14 -3.768943e+13 -2.500275e-01 6.179564e-01 7.453967e-01 0.000000e+00 1
4.139832e+13 2.194330e+13 -1.537182e+14 2.969163e-01 3.824710e-01 -8.749609e-01 0.000000e+00 1
-5.437358e+13 7.018511e+13 -5.931551e+13 -7.306142e-02 7.087958e-01 -7.016199e-01 0.000000e+00 1
7.960095e+13 -1.413665e+14 1.548657e+13 4.398879e-02 -9.826325e-01 -1.802729e-01 0.000000e+00 1
-9.802158e+13 7.258148e+13 -3.963828e+13 5.846941e-01 2.804289e-01 -7.612440e-01 0.000000e+00 1
6.363957e+13 -1.047159e+14 6.977318e+13 2.494533e-01 -9.215156e-01 -2.976273e-01 0.000000e+00 1
2.349374e+13 -4.418194e+13 -1.059622e+14 7.132233e-01 3.483173e-01 6.082660e-01 0.000000e+00 1
-7.989859e+13 -9.117953e+12 1.332350e+12 -9.745591e-01 1.514049e-01 1.652609e-01 0.000000e+00 1
-6.863964e+13 1.309037e+14 3.274385e+13 -9.209041e-01 -2.068672e-01 -3.303660e-01 0.000000e+00 1
5.241031e+13 1.053498e+14 5.032442e+13 -8.025893e-01 9.608640e-02 -5.887425e-01 0.000000e+00 1
-1.083865e+14 -6.761698e+13 -7.118518e+13 -8.169964e-01 -4.788833e-01 -3.212283e-01 0.000000e+00 1
-1.267636e+14 -2.749241e+13 9.099179e+13 1.200772e-01 9.854304e-01 1.204511e-01 0.000000e+00 1
-9.863233e+13 6.097311e+13 5.490512e+12 3.517832e-01 9.104446e-01 -2.175756e-01 0.000000e+00 1
-5.278122e+13 5.356644e+13 -2.540110e+12 -4.745564e-01 -8.789369e-01 -4.760389e-02 0.000000e+00 1
8.740674e+13 -7.615804e+13 -5.522227e+13 6.668169e-01 -4.239450e-01 6.128833e-01 0.000000e+00 1
-6.518968e+13 5.613650e+13 2.303692e+13 -2.898749e-01 -3.696915e-01 8.827801e-01 0.000000e+00 1
-4.448807e+12 1.384142e+14 6.172783e+13 -7.827457e-01 -5.603873e-01 2.706940e-01 0.000000e+00 1
-8.012553e+13 3.533214e+13 -2.783394e+13 9.937820e-01 -1.113266e-01 1.940724e-03 0.000000e+00 1
-9.593323e+13 4.307646e+13 -5.148957e+13 -5.328868e-01 4.178246e-01 7.358358e-01 0.000000e+00 1
-8.064191e+13 8.785724e+12 9.423384e+13 -9.834594e-01 1.774654e-01 -3.624485e-02 0.000000e+00 1
-3.276743e+12 -1.506348e+14 -4.262252e+13 -5.684776e-02 4.830138e-01 8.737654e-01 0.000000e+00 1
-3.346339e+12 4.135762e+13 1.468404e+14 -1.603222e-01 3.914590e-01 -9.061217e-01 0.000000e+00 1
9.784447e+13 6.471122e+13 9.780232e+13 7.686393e-01 -3.770710e-01 -5.167311e-01 0.000000e+00 1
1.154422e+14 2.626597e+12 4.994991e+13 6.970704e-01 -6.363752e-01 3.303324e-01 0.000000e+00 1
-5.224052e+12 -6.020345e+13 -6.346002e+13 -7.609492e-01 -5.322311e-01 3.710612e-01 0.000000e+00 1
1.518275e+14 3.026983e+13 -5.911856e+13 3.434976e-01 -7.882908e-01 5.104969e-01 0.000000e+00 1
2.427369e+13 1.118844e+14 1.214913e+14 -8.125338e-01 4.162341e-01 -4.080907e-01 0.000000e+00 1
-1.342677e+14 -4.582230e+13 5.744969e+13 2.102631e-01 -1.830688e-01 -9.603516e-01 0.000000e+00 1
-1.778048e+13 -4.131198e+13 -4.203194e+10 8.434833e-01 5.121635e-01 1.619397e-01 0.000000e+00 1
-2.992477e+13 7.598519e+13 1.234813e+14 2.973296e-01 -3.096502e-01 9.031677e-01 0.000000e+00 1
-2.503159e+13 -8.942132e+13 9.717856e+13 7.149974e-01 -1.305377e-01 6.868323e-01 0.000000e+00 1
-7.861196e+13 6.403187e+13 -1.202337e+14 9.914186e-01 -3.132797e-02 -1.269165e-01 0.000000e+00 1
7.023248e+13 -5.894445e+12 8.155610e+13 -6.387036e-01 4.848831e-01 -5.974496e-01 0.000000e+00 1
-9.083301e+13 1.423843e+13 5.626764e+13 4.456655e-01 -6.849252e-01 5.764198e-01 0.000000e+00 1
2.491900e+13 -3.256043e+13 -1.583184e+14 1.694142e-02 2.008010e-01 -9.794855e-01 0.000000e+00 1
7.022695e+13 4.474213e+13 5.076609e+13 -1.512013e-01 -9.870310e-02 9.835628e-01 0.000000e+00 1
3.491024e+13 1.161177e+14 -1.072364e+13 -8.173619e-01 2.440329e-01 -5.218883e-01 0.000000e+00 1
-8.631317e+13 1.023466e+13 -9.717204e+13 -9.443388e-01 3.281443e-01 2.335522e-02 0.000000e+00 1
1.661393e+12 -1.092745e+14 8.528924e+13 2.286363e-02 -4.563698e-01 -8.894964e-01 0.000000e+00 1
-1.035038e+14 -5.125946e+12 -1.162039e+14 3.807616e-01 -9.233242e-01 -4.993005e-02 0.000000e+00 1
5.850361e+13 -6.907100e+13 -7.568901e+13 -8.224883e-01 -4.025186e-01 -4.018605e-01 0.000000e+00 1
-1.031058e+14 5.134972e+13 -7.961855e+13 1.456156e-01 8.155125e-01 5.601210e-01 0.000000e+00 1
7.558270e+13 1.956143e+13 7.853682e+13 3.298860e-01 6.937916e-01 6.401785e-01 0.000000e+00 1
-1.566281e+14 -4.694105e+13 -2.194738e+13 2.749533e-02 -4.994336e-01 -8.659158e-01 0.000000e+00 1
-2.701243e+13 -1.579713e+13 -1.541808e+14 -3.034045e-01 4.229954e-01 -8.538271e-01 0.000000e+00 1
1.367109e+14 -4.595993e+13 8.734170e+12 -4.171936e-01 -2.663225e-01 8.689199e-01 0.000000e+00 1
-2.105718e+13 -8.741009e+13 -1.262868e+14 6.227674e-01 -9.820933e-02 -7.762188e-01 0.000000e+00 1
1.106484e+14 -2.346883e+13 -1.228742e+13 -6.540152e-01 -6.776293e-01 3.362777e-01 0.000000e+00 1
1.029679e+14 9.880241e+13 2.932832e+13 -5.460193e-01 2.535067e-01 7.984969e-01 0.000000e+00 1
1.514928e+14 -5.266314e+13 2.459437e+13 -3.838347e-01 -8.579960e-01 -3.413412e-01 0.000000e+00 1
-1.318992e+14 2.811878e+12 -1.477629e+13 -7.214923e-01 -3.401440e-01 6.031176e-01 0.000000e+00 1
-1.050876e+14 -1.172497e+14 -5.879053e+13 8.980000e-02 -8.838437e-01 4.590820e-01 0.000000e+00 1
1.463353e+13 1.532026e+14 6.678900e+13 -8.147110e-01 -5.550475e-01 -1.678340e-01 0.000000e+00 1
3.866200e+12 -9.608762e+13 2.471006e+13 7.828333e-01 -4.725231e-01 4.048381e-01 0.000000e+00 1
5.745098e+13 -3.956506e+13 -9.668313e+13 -3.663948e-01 8.902446e-01 2.705908e-01 0.000000e+00 1
7.514349e+13 -7.542070e+13 -2.618438e+13 6.435684e-01 -7.596925e-01 9.320423e-02 0.000000e+00 1
-4.754653e+13 1.387253e+14 -6.103932e+13 2.394888e-01 -6.907730e-01 -6.822594e-01 0.000000e+00 1
-2.076158e+13 -1.291612e+14 4.674356e+13 7.316900e-01 -1.250674e-01 6.700655e-01 0.000000e+00 1
6.029773e+13 -2.634692e+13 5.655300e+13 -9.897257e-01 2.680288e-02 1.404444e-01 0.000000e+00 1
-1.369354e+14 -6.191976e+13 -6.726938e+13 2.659431e-01 6.616747e-01 7.010427e-01 0.000000e+00 1
-7.122946e+13 -1.996343e+12 -1.006142e+14 -5.858441e-01 5.970876e-01 5.479718e-01 0.000000e+00 1
-3.188552e+13 -3.509594e+12 1.239711e+14 -2.190182e-01 9.148708e-01 3.391790e-01 0.000000e+00 1
8.432601e+12 4.292455e+13 -1.038657e+12 -1.984275e-02 3.558109e-01 -9.343473e-01 0.000000e+00 1
7.346328e+13 -1.030565e+14 -3.774468e+13 8.230631e-01 -5.297316e-01 2.048207e-01 0.000000e+00 1
4.224417e+13 -7.571348e+12 1.328480e+14 3.995193e-01 -8.229038e-01 4.039972e-01 0.000000e+00 1
7.054952e+13 -8.651176e+13 -1.252191e+14 -6.424348e-01 6.525433e-01 -4.018268e-01 0.000000e+00 1
1.355918e+13 -1.534612e+14 5.804546e+13 3.382755e-01 2.004896e-01 -9.194420e-01 0.000000e+00 1
-4.881046e+12 1.534295e+13 -5.479501e+13 -7.837632e-01 -5.844669e-01 -2.100324e-01 0.000000e+00 1
2.804358e+12 -9.223256e+13 -4.093727e+13 3.868924e-01 9.209037e-01 4.744202e-02 0.000000e+00 1
9.430285e+13 -3.171878e+13 -6.360671e+13 -3.151684e-01 1.343796e-01 9.394738e-01 0.000000e+00 1
-9.111730e+13 7.134178e+12 -1.394750e+14 -1.643536e-01 7.426495e-01 6.491993e-01 0.000000e+00 1
7.425246e+13 7.383025e+13 5.554914e+12 2.579787e-01 -8.770597e-01 4.052325e-01 0.000000e+00 1
-6.548325e+13 1.238322e+14 -8.152687e+13 -6.090101e-01 -2.666161e-01 -7.470091e-01 0.000000e+00 1
-2.916579e+12 -2.540459e+13 1.545715e+14 2.266259e-01 -4.543325e-01 8.615235e-01 0.000000e+00 1
3.218314e+13 1.067508e+14 -3.814385e+13 -8.741038e-01 -1.535901e-01 4.608173e-01 0.000000e+00 1
-1.060663e+14 6.888377e+13 1.050416e+14 -9.355594e-01 -2.830511e-01 2.112123e-01 0.000000e+00 1
1.042854e+14 -6.579422e+13 4.850354e+13 6.675480e-01 -2.952542e-01 6.835236e-01 0.000000e+00 1
1.232727e+14 -1.956239e+13 -5.760808e+13 8.280536e-01 1.455009e-03 5.606470e-01 0.000000e+00 1
-6.942216e+13 2.266151e+13 8.021363e+13 -7.900431e-01 5.891176e-01 1.696241e-01 0.000000e+00 1
-1.308171e+13 4.383007e+12 9.510580e+13 9.560215e-01 -2.932690e-01 4.019589e-03 0.000000e+00 1
1.228099e+14 -1.206887e+13 6.977765e+13 -2.944764e-01 -9.532156e-01 6.829121e-02 0.000000e+00 1
-1.425510e+14 5.909457e+12 8.201366e+13 5.495002e-01 -6.889493e-01 4.726504e-01 0.000000e+00 1
2.254883e+13 8.942394e+13 1.288915e+14 3.679479e-02 -5.247542e-01 8.504582e-01 0.000000e+00 1
-3.006624e+13 -6.076790e+13 -1.435615e+14 8.379464e-01 4.991490e-01 -2.206721e-01 0.000000e+00 1
3.962763e+13 -8.020185e+13 1.277324e+14 6.216675e-01 -6.366894e-03 7.832554e-01 0.000000e+00 1
7.632456e+13 2.486197e+13 1.207098e+14 2.514989e-01 -2.959201e-01 9.215094e-01 0.000000e+00 1
5.731947e+13 5.884243e+13 -3.754102e+13 -6.807849e-01 -4.111710e-01 -6.061933e-01 0.000000e+00 1
1.958814e+13 -9.460469e+13 -1.217061e+14 4.074614e-01 -2.162533e-01 8.872484e-01 0.000000e+00 1
6.203381e+13 -9.291465e+13 5.748891e+13 8.842371e-01 -3.796936e-02 4.654923e-01 0.000000e+00 1
9.631084e+13 1.253448e+14 -3.474273e+13 -2.641386e-01 4.300939e-01 8.632787e-01 0.000000e+00 1
7.717226e+13 7.530071e+13 -2.789878e+13 -5.873345e-01 -8.015610e-01 -1.119739e-01 0.000000e+00 1
-5.338941e+13 -3.379486e+13 -1.475840e+14 7.633877e-01 4.632628e-01 -4.501408e-01 0.000000e+00 1
6.191030e+13 -1.082805e+14 1.363962e+13 5.062971e-01 8.100680e-01 -2.957247e-01 0.000000e+00 1
4.486745e+13 -9.277153e+13 -4.363469e+13 -5.759002e-01 -6.704475e-01 -4.678025e-01 0.000000e+00 1
7.906644e+13 4.650945e+13 -9.486400e+12 7.033217e-01 2.583795e-01 6.622526e-01 0.000000e+00 1
6.998953e+13 3.507045e+12 -5.343093e+13 6.776186e-01 -1.633836e-01 -7.170347e-01 0.000000e+00 1
-3.680509e+13 -5.183642e+13 3.600631e+13 7.645457e-02 -6.730335e-01 -7.356498e-01 0.000000e+00 1
-1.062771e+14 6.906091e+13 -9.661084e+12 -9.945145e-01 8.373423e-02 -6.268555e-02 0.000000e+00 1
-1.858067e+13 -5.881151e+13 -9.878834e+13 9.985352e-01 -5.086292e-02 1.845142e-02 0.000000e+00 1
1.596702e+13 -2.189925e+13 5.303741e+12 8.831718e-01 -3.470805e-01 -3.155039e-01 0.000000e+00 1
-2.274215e+13 6.511464e+12 8.252585e+13 5.914658e-01 1.422984e-01 7.936746e-01 0.000000e+00 1
3.905583e+13 -2.034331e+13 -9.517271e+12 -5.952069e-01 -4.247617e-01 6.821336e-01 0.000000e+00 1
-6.592997e+13 1.466336e+14 2.967057e+13 8.243709e-01 -4.629860e-01 3.256632e-01 0.000000e+00 1
7.453746e+13 -1.185582e+14 -3.045693e+13 -6.222878e-01 7.053642e-01 -3.394395e-01 0.000000e+00 1
-8.287367e+13 6.286032e+13 9.092776e+13 4.295131e-01 7.650319e-01 -4.798382e-01 0.000000e+00 1
-4.346918e+13 -9.474876e+13 1.292346e+13 -5.450192e-01 -6.500980e-01 5.294589e-01 0.000000e+00 1
8.073164e+11 -1.269998e+14 -1.603658e+13 -6.814794e-01 5.969068e-01 -4.234243e-01 0.000000e+00 1
8.662701e+12 1.250207e+14 3.560789e+13 -6.195922e-01 -2.790182e-01 -7.336582e-01 0.000000e+00 1
-2.952386e+13 3.741804e+13 -1.525148e+14 -2.437415e-01 -7.884690e-01 -5.647183e-01 0.000000e+00 1
9.085854e+13 1.323877e+14 5.500717e+12 9.220438e-01 -5.447892e-03 -3.870472e-01 0.000000e+00 1
-3.914779e+13 -1.132864e+14 5.602573e+13 -4.250600e-01 -1.578737e-01 8.912912e-01 0.000000e+00 1
3.715468e+13 -6.480876e+13 -7.795076e+13 2.143236e-01 -5.761008e-01 7.887796e-01 0.000000e+00 1
5.820525e+13 -5.636286e+13 -5.431846e+13 3.569834e-01 -3.341881e-01 8.722850e-01 0.000000e+00 1
-1.029464e+14 -6.329090e+13 6.689994e+13 5.653392e-01 8.228838e-01 5.704317e-02 0.000000e+00 1
4.490691e+13 -1.649750e+12 -1.427555e+14 5.221951e-01 5.758613e-02 -8.508796e-01 0.000000e+00 1
-4.475646e+13 1.509267e+14 3.069618e+12 4.975154e-02 -9.421477e-01 -3.314852e-01 0.000000e+00 1
1.068437e+13 1.147622e+14 6.474076e+13 -5.717390e-01 7.479665e-01 3.371360e-01 0.000000e+00 1
9.620342e+13 -8.056956e+13 -4.202506e+12 5.694157e-01 7.474254e-01 -3.422294e-01 0.000000e+00 1
-5.603742e+13 3.373803e+12 1.490828e+14 -3.647391e-01 -7.041316e-01 6.092323e-01 0.000000e+00 1
1.231474e+14 -4.045212e+12 -6.466879e+13 1.825216e-01 -5.211548e-01 8.337167e-01 0.000000e+00 1
1.666064e+13 1.142227e+14 2.566900e+13 3.551391e-01 2.920858e-01 8.880102e-01 0.000000e+00 1
-5.254679e+13 -3.142592e+12 1.011105e+14 9.536084e-01 1.036669e-01 -2.826379e-01 0.000000e+00 1
-1.168749e+14 -9.520476e+13 2.072402e+12 -5.780760e-01 -6.473161e-01 -4.967998e-01 0.000000e+00 1
1.287276e+14 -6.345302e+13 4.863620e+13 -2.893934e-01 -9.258161e-02 9.527225e-01 0.000000e+00 1
5.093601e+13 -8.971411e+13 -3.681689e+13 -9.871516e-01 -5.267671e-02 -1.508540e-01 0.000000e+00 1
-4.960919e+13 -1.470950e+14 6.563699e+13 6.826764e-01 -7.114802e-01 1.665798e-01 0.000000e+00 1
5.846387e+13 -1.991071e+13 -8.292054e+13 -9.158397e-01 3.347722e-01 -2.217325e-01 0.000000e+00 1
7.787097e+13 -4.523279e+13 8.205944e+13 8.490129e-01 -4.557866e-01 2.672744e-01 0.000000e+00 1
2.881294e+13 4.498657e+13 -3.138503e+13 9.288750e-01 -5.409399e-02 3.664221e-01 0.000000e+00 1
-3.313603e+13 7.910608e+13 -1.339906e+14 -7.093437e-01 -3.346637e-01 -6.203481e-01 0.000000e+00 1
3.013338e+13 -1.258514e+14 5.740914e+13 -7.924884e-01 -5.940749e-01 -1.379752e-01 0.000000e+00 1
1.538152e+13 -2.204105e+13 -4.123879e+13 1.747403e-01 1.524840e-01 -9.727356e-01 0.000000e+00 1
-3.539144e+13 -1.023894e+14 1.263582e+14 -1.503460e-01 1.502957e-01 9.771424e-01 0.000000e+00 1
1.081792e+14 1.275437e+14 -7.159221e+12 2.105297e-01 8.374015e-01 5.044165e-01 0.000000e+00 1
2.518542e+13 -4.335798e+13 9.634655e+13 -4.728638e-01 -8.080242e-01 3.514209e-01 0.000000e+00 1
-1.270137e+14 8.056680e+13 3.060639e+13 7.161766e-01 -3.267000e-01 -6.167319e-01 0.000000e+00 1
1.154763e+14 -1.123659e+13 8.194197e+13 6.501523e-01 7.367456e-01 -1.857628e-01 0.000000e+00 1
4.690815e+13 2.565294e+13 4.929022e+13 5.142213e-01 7.398162e-01 -4.338761e-01 0.000000e+00 1
-4.457709e+13 -1.195282e+14 5.374968e+13 5.243385e-01 -1.142643e-01 8.438085e-01 0.000000e+00 1
6.865666e+12 1.019818e+14 1.141707e+14 -1.885587e-01 8.770930e-01 4.417618e-01 0.000000e+00 1
-4.893552e+13 -3.754609e+13 1.368944e+14 -5.008567e-01 -6.901766e-01 5.223016e-01 0.000000e+00 1
-3.311843e+13 -3.712137e+13 -1.432351e+14 -3.370600e-01 -7.879507e-01 -5.152905e-01 0.000000e+00 1
4.900117e+13 -1.179613e+14 4.941047e+13 -9.932259e-01 2.883034e-02 1.125659e-01 0.000000e+00 1
-2.415857e+13 -9.195772e+13 -3.429312e+13 -4.573940e-01 -7.673791e-01 -4.493552e-01 0.000000e+00 1
-7.403082e+13 4.108094e+13 -1.233376e+14 5.457741e-01 5.985683e-01 -5.863844e-01 0.000000e+00 1
1.032623e+14 3.216060e+13 -9.599016e+13 -1.446885e-01 8.310524e-01 5.370448e-01 0.000000e+00 1
-8.108426e+13 -4.874771e+13 5.524572e+13 -4.205348e-01 -2.573833e-01 8.700025e-01 0.000000e+00 1
-1.311677e+13 1.205245e+14 9.155917e+13 -7.609118e-01 -5.755334e-01 2.996241e-01 0.000000e+00 1
-9.886855e+13 -3.722790e+13 3.577956e+13 9.279698e-01 2.062438e-01 -3.103796e-01 0.000000e+00 1
-1.150200e+14 2.574430e+13 -8.175796e+13 8.427661e-01 5.276150e-01 1.066196e-01 0.000000e+00 1
-1.110131e+13 -9.240920e+13 1.282779e+14 -5.784370e-01 -5.462548e-01 -6.058187e-01 0.000000e+00 1
-1.360101e+13 -1.249452e+14 -1.009714e+14 -6.932622e-01 -4.541160e-01 -5.596125e-01 0.000000e+00 1
1.423627e+14 -4.082238e+13 2.712706e+13 -6.622943e-01 -5.807821e-01 -4.733480e-01 0.000000e+00 1
9.645178e+13 5.527623e+12 -8.136417e+13 -7.635168e-01 -6.422151e-01 6.783680e-02 0.000000e+00 1
-2.645894e+13 -6.027188e+13 3.945559e+13 3.986229e-02 -4.563066e-01 8.889293e-01 0.000000e+00 1
1.092718e+14 -1.928828e+13 -4.971356e+13 6.782677e-01 -3.900064e-01 -6.227744e-01 0.000000e+00 1
3.795610e+13 1.310671e+14 -4.554911e+13 9.037472e-01 4.230588e-01 6.528538e-02 0.000000e+00 1
-9.243124e+13 -5.789691e+12 -2.019585e+13 -6.731390e-01 -7.088852e-01 2.106315e-01 0.000000e+00 1
5.270779e+12 1.277195e+14 4.951381e+13 -8.955686e-01 9.184750e-02 -4.353400e-01 0.000000e+00 1
-2.460240e+12 5.306908e+13 1.543760e+14 -8.594969e-02 -5.204074e-01 8.495816e-01 0.000000e+00 1
-2.229026e+13 9.779438e+13 -4.842059e+13 -5.419612e-01 -3.621079e-01 -7.583903e-01 0.000000e+00 1
5.533549e+13 -4.127576e+13 -1.024513e+14 9.807800e-01 -1.922289e-01 3.344568e-02 0.000000e+00 1
-1.281221e+13 -4.974046e+13 -1.018675e+14 -3.375023e-01 5.048105e-01 -7.945178e-01 0.000000e+00 1
1.084940e+13 1.538483e+14 -4.407093e+13 -7.031733e-01 -5.825881e-01 -4.076008e-01 0.000000e+00 1
8.729497e+13 4.975051e+13 -1.078383e+14 -3.538037e-01 -9.186358e-01 1.758725e-01 0.000000e+00 1
1.325013e+14 5.113592e+13 -2.101240e+12 -5.861256e-01 8.931339e-02 -8.052825e-01 0.000000e+00 1
2.666203e+13 1.319709e+14 -4.025838e+13 4.802830e-01 3.221371e-01 -8.158161e-01 0.000000e+00 1
2.428494e+13 1.716326e+13 -4.306897e+13 4.374577e-01 4.496655e-01 -7.787373e-01 0.000000e+00 1
-6.874385e+13 -1.242731e+14 -7.414316e+13 -5.342874e-01 4.888843e-01 -6.895862e-01 0.000000e+00 1
4.682770e+13 -9.712607e+13 -7.027914e+11 1.470920e-01 5.685617e-01 -8.093834e-01 0.000000e+00 1
4.044741e+12 1.351266e+13 -9.477613e+13 -1.546506e-02 -3.232712e-01 -9.461800e-01 0.000000e+00 1
-2.117677e+13 -2.456111e+13 -3.553631e+13 -8.719475e-01 -3.607968e-01 3.309580e-01 0.000000e+00 1
1.613899e+13 -2.710250e+13 1.648551e+14 8.577333e-01 -4.886979e-01 -1.595869e-01 0.000000e+00 1
-5.877900e+13 1.053439e+14 4.949686e+13 9.684255e-02 4.514791e-01 8.870108e-01 0.000000e+00 1
1.170657e+14 -2.229111e+13 8.101590e+13 -5.140826e-01 5.225473e-01 6.801936e-01 0.000000e+00 1
-5.500117e+13 3.265678e+13 -1.529560e+14 -2.807973e-01 -1.729274e-01 9.440598e-01 0.000000e+00 1
-8.837605e+13 3.967932e+13 4.059380e+13 3.972188e-01 -7.801215e-01 -4.833505e-01 0.000000e+00 1
9.376971e+13 4.659059e+13 1.032358e+13 1.667388e-01 4.383017e-01 -8.832269e-01 0.000000e+00 1
1.075357e+13 -1.162019e+14 1.865316e+13 1.802547e-01 7.265649e-01 6.630322e-01 0.000000e+00 1
-1.476469e+14 5.060821e+13 1.588071e+13 -4.713838e-01 -8.276701e-01 -3.045644e-01 0.000000e+00 1
3.737065e+13 5.345192e+13 -2.847809e+13 4.809673e-01 6.177465e-01 -6.221413e-01 0.000000e+00 1
-2.114266e+13 -5.281715e+13 8.545841e+13 9.297218e-01 -3.094158e-01 1.996976e-01 0.000000e+00 1
1.028492e+14 4.796195e+13 -1.126909e+14 1.443390e-01 -3.225752e-01 9.354739e-01 0.000000e+00 1
-1.051526e+14 -5.914519e+13 3.150256e+13 -2.280315e-01 2.935444e-01 9.283498e-01 0.000000e+00 1
1.832371e+13 -1.649272e+13 -1.259464e+14 -2.915426e-01 -8.336959e-01 4.689927e-01 0.000000e+00 1
-1.043690e+14 6.685975e+13 6.837431e+13 3.879261e-01 8.899771e-01 -2.396959e-01 0.000000e+00 1
-3.408942e+13 1.327532e+14 -8.399003e+13 7.446654e-01 1.630934e-01 -6.472047e-01 0.000000e+00 1
-9.518468e+13 -6.211955e+13 -1.957082e+13 -3.645311e-01 9.220969e-01 -1.298242e-01 0.000000e+00 1
-2.967052e+13 1.999709e+13 -1.547656e+14 6.718996e-04 8.180345e-01 5.751687e-01 0.000000e+00 1
1.984370e+13 -9.355058e+12 1.572632e+14 -9.469230e-01 -9.621435e-02 -3.067241e-01 0.000000e+00 1
6.188525e+13 -9.132591e+13 -7.464673e+13 6.772963e-01 1.548719e-01 -7.192249e-01 0.000000e+00 1
-2.718899e+13 6.840668e+13 -5.306814e+13 2.416736e-01 -9.438952e-01 2.250681e-01 0.000000e+00 1
-1.397556e+14 1.734908e+13 -8.745915e+12 -4.440659e-01 -2.904517e-01 -8.476103e-01 0.000000e+00 1
-4.070819e+13 -1.211563e+13 4.587386e+13 6.004992e-01 -3.387986e-01 -7.243040e-01 0.000000e+00 1
-6.987991e+13 1.358374e+13 8.443007e+13 2.607619e-02 -3.348307e-02 9.990991e-01 0.000000e+00 1
-2.650468e+13 6.072987e+13 1.328980e+13 9.781264e-01 -1.483674e-01 -1.457938e-01 0.000000e+00 1
-3.464148e+13 5.189142e+13 -1.280162e+14 5.955933e-01 3.899811e-01 7.022702e-01 0.000000e+00 1
4.678663e+12 1.334524e+14 -7.546735e+13 -4.062683e-01 -6.581378e-01 -6.338775e-01 0.000000e+00 1
-2.247730e+13 9.073217e+13 1.171640e+14 -6.528178e-01 -6.816585e-01 -3.304099e-01 0.000000e+00 1
-3.094077e+13 -1.054478e+14 -8.113246e+13 8.478451e-01 2.082316e-02 -5.298349e-01 0.000000e+00 1
-7.416992e+13 1.864748e+13 7.670445e+13 1.840608e-01 -6.051696e-01 7.745266e-01 0.000000e+00 1
-1.067459e+14 3.785900e+13 7.421735e+13 -7.430349e-01 6.302637e-01 -2.250929e-01 0.000000e+00 1
1.139947e+14 -5.106613e+12 -7.248040e+13 -2.417003e-01 -9.600368e-01 1.411041e-01 0.000000e+00 1
-2.473876e+13 9.882575e+13 -1.632778e+11 1.066008e-01 -6.271923e-01 -7.715349e-01 0.000000e+00 1
1.210934e+14 -4.868835e+13 -4.030056e+13 4.352211e-01 7.753564e-01 -4.576080e-01 0.000000e+00 1
1.200860e+14 3.184654e+13 8.608437e+13 7.683197e-01 -4.363255e-01 4.683001e-01 0.000000e+00 1
6.245757e+12 -5.304441e+13 9.249057e+13 3.378182e-01 8.481763e-01 -4.080144e-01 0.000000e+00 1
7.416499e+13 -4.192751e+13 4.825032e+13 7.792693e-01 6.136978e-01 1.269427e-01 0.000000e+00 1
-6.117382e+13 1.486987e+14 3.159627e+13 -6.464367e-01 -4.398926e-02 -7.616985e-01 0.000000e+00 1
-8.172296e+13 -2.556333e+13 -4.166871e+13 -1.957549e-02 -3.997731e-01 -9.164051e-01 0.000000e+00 1
-3.854831e+13 3.024312e+13 -1.488971e+14 6.373771e-01 -7.480510e-01 -1.848519e-01 0.000000e+00 1
5.994413e+11 3.973307e+13 9.620128e+13 3.441267e-01 -2.098087e-01 9.151815e-01 0.000000e+00 1
1.050378e+13 -2.211201e+13 -1.395953e+14 2.205915e-01 -4.311893e-01 8.748801e-01 0.000000e+00 1
-4.209876e+13 5.678317e+13 2.085962e+13 7.119934e-01 -5.159843e-02 -7.002878e-01 0.000000e+00 1
9.990864e+13 6.568166e+13 2.604312e+13 -4.258499e-01 -7.950450e-01 4.319204e-01 0.000000e+00 1
9.325774e+13 1.344261e+14 1.252957e+13 4.769386e-01 5.071220e-02 8.774724e-01 0.000000e+00 1
1.254883e+14 -3.281749e+13 -9.288664e+13 4.024146e-01 -3.628461e-01 -8.404792e-01 0.000000e+00 1
-1.212925e+14 -4.846714e+13 -7.420914e+13 6.945118e-01 3.760315e-01 -6.133952e-01 0.000000e+00 1
7.080035e+13 -6.358045e+13 1.968569e+13 -9.719278e-01 -8.571114e-02 -2.191116e-01 0.000000e+00 1
2.928482e+11 9.491304e+12 -6.878690e+13 -1.180775e-01 -9.767021e-01 -1.791945e-01 0.000000e+00 1
-6.712201e+13 -4.860641e+13 3.702162e+13 -2.731564e-01 -3.735955e-01 -8.864604e-01 0.000000e+00 1
-2.561837e+13 -4.105551e+13 -4.418687e+13 -4.450713e-01 6.249926e-01 6.413235e-01 0.000000e+00 1
3.534386e+13 1.541552e+12 -1.011804e+14 8.719536e-01 1.669341e-03 4.895857e-01 0.000000e+00 1
1.539615e+14 -9.612899e+12 -6.782345e+13 -4.374184e-01 -5.687309e-02 -8.974578e-01 0.000000e+00 1
-8.609676e+12 1.299714e+14 -1.601104e+13 5.499600e-01 2.227640e-01 8.049349e-01 0.000000e+00 1
1.532290e+13 1.037468e+14 -7.032326e+13 7.274762e-01 -2.782234e-01 -6.271922e-01 0.000000e+00 1
1.211582e+14 3.263000e+13 4.309857e+13 2.536070e-01 -9.371305e-01 -2.397290e-01 0.000000e+00 1
-2.048022e+13 1.105927e+14 4.839120e+13 9.849064e-01 1.573828e-01 -7.204183e-02 0.000000e+00 1
-7.102509e+13 -3.408000e+13 -1.012833e+14 -4.857323e-02 8.991663e-01 4.349030e-01 0.000000e+00 1
4.785962e+13 1.182844e+14 -9.456130e+13 -2.611646e-01 -7.048133e-01 -6.595689e-01 0.000000e+00 1
-3.179606e+12 3.668394e+13 1.363294e+14 -8.949695e-01 -1.162889e-01 -4.307046e-01 0.000000e+00 1
3.562848e+13 -1.445349e+14 4.966286e+13 6.620718e-01 -2.016210e-01 -7.218102e-01 0.000000e+00 1
1.199324e+14 -5.279301e+13 4.514479e+13 5.877650e-01 7.807711e-01 -2.119640e-01 0.000000e+00 1
-1.051780e+14 -2.873803e+13 7.758231e+12 2.001473e-01 5.940818e-01 -7.791071e-01 0.000000e+00 1
-3.862140e+13 -8.440268e+11 -1.690647e+12 9.039146e-01 2.542643e-01 3.439304e-01 0.000000e+00 1
-1.607074e+14 2.417058e+13 2.863310e+13 -3.772671e-01 6.661112e-01 -6.434015e-01 0.000000e+00 1
-8.898244e+13 1.320535e+14 3.393610e+13 -1.922431e-01 3.080039e-01 9.317597e-01 0.000000e+00 1
-7.384814e+13 -5.285806e+13 8.345148e+12 2.128194e-01 9.554419e-01 -2.045449e-01 0.000000e+00 1
1.387378e+14 2.957559e+13 9.074185e+13 9.192907e-01 -3.398894e-01 1.984433e-01 0.000000e+00 1
-6.541893e+12 -5.362508e+13 6.477879e+13 4.706127e-01 5.630058e-01 -6.793734e-01 0.000000e+00 1
2.572666e+13 -5.957759e+13 9.617484e+13 -8.102154e-01 -5.340476e-01 2.415455e-01 0.000000e+00 1
-3.770301e+13 -1.066778e+14 5.016387e+13 9.150752e-01 -2.595880e-01 -3.086285e-01 0.000000e+00 1
8.752848e+13 -6.639736e+13 -4.311744e+13 9.921109e-01 1.253352e-01 -2.659336e-03 0.000000e+00 1
5.670744e+13 -4.864720e+13 2.122585e+13 -6.792835e-01 -7.284214e-01 -8.930965e-02 0.000000e+00 1
-1.289817e+14 -9.584704e+13 3.683717e+13 -6.569471e-01 -3.660547e-01 -6.591089e-01 0.000000e+00 1
-1.104534e+14 5.092881e+13 -1.068401e+14 2.861858e-02 -7.610578e-01 -6.480524e-01 0.000000e+00 1
-1.535906e+14 6.411144e+13 -1.989201e+13 4.990446e-02 -6.410032e-01 -7.659141e-01 0.000000e+00 1
4.415509e+13 8.383000e+12 7.743502e+13 -9.501600e-01 1.458136e-01 2.755618e-01 0.000000e+00 1
-2.331419e+13 5.434287e+13 -6.516194e+13 -6.957238e-02 9.951156e-01 7.003331e-02 0.000000e+00 1
5.350264e+13 -1.263658e+14 8.883469e+13 -5.185629e-01 -4.607111e-02 -8.537974e-01 0.000000e+00 1
5.853096e+13 -2.678724e+13 1.080540e+13 -2.924094e-01 -7.351432e-01 6.116054e-01 0.000000e+00 1
-6.093710e+13 -3.670478e+13 6.584867e+13 -1.007081e-01 8.923682e-01 4.399282e-01 0.000000e+00 1
-1.323442e+14 3.049429e+13 6.772607e+13 4.373284e-01 -4.319453e-01 7.887757e-01 0.000000e+00 1
-7.247927e+12 1.180276e+14 7.021819e+13 6.097680e-01 -6.474523e-01 -4.571527e-01 0.000000e+00 1
8.255318e+13 -5.271117e+13 2.499919e+13 -7.226507e-01 -6.513929e-01 -2.312211e-01 0.000000e+00 1
2.376184e+13 6.190246e+13 -7.216467e+13 -2.116858e-01 3.230602e-01 9.223997e-01 0.000000e+00 1
-1.049443e+13 -6.936025e+13 -4.829304e+13 -4.738002e-01 -4.198583e-01 -7.741010e-01 0.000000e+00 1
-2.563841e+13 2.840000e+13 5.826573e+13 -6.902378e-01 6.775649e-02 -7.204033e-01 0.000000e+00 1
2.204170e+13 7.233343e+13 -4.753321e+13 8.090925e-01 5.672252e-01 1.537041e-01 0.000000e+00 1
1.792536e+13 1.387035e+14 6.885036e+13 -1.879251e-01 -9.772819e-01 9.800121e-02 0.000000e+00 1
-6.861904e+13 -6.243280e+13 2.667547e+13 4.789596e-01 -8.592270e-01 -1.797960e-01 0.000000e+00 1
3.329301e+13 1.538731e+14 3.108066e+13 9.593263e-01 1.361610e-01 2.472919e-01 0.000000e+00 1
4.877528e+13 -3.206944e+13 -5.997359e+13 -8.856720e-02 -1.954542e-01 -9.767054e-01 0.000000e+00 1
-3.353128e+13 -9.550966e+13 5.153742e+13 -9.796100e-01 1.780400e-01 -9.309171e-02 0.000000e+00 1
-1.654621e+13 1.255938e+13 1.447391e+14 7.815752e-02 9.863003e-01 -1.452689e-01 0.000000e+00 1
-9.334666e+13 1.218434e+14 5.971072e+12 8.744038e-01 3.876459e-01 2.918026e-01 0.000000e+00 1
7.388696e+13 5.447733e+13 6.493573e+13 1.085822e-01 -5.385081e-01 -8.355950e-01 0.000000e+00 1
1.370890e+14 -7.954230e+13 5.178113e+13 -9.424407e-01 -3.343359e-01 -4.997928e-03 0.000000e+00 1
-4.118445e+12 1.794563e+13 9.418888e+13 -7.430163e-01 2.486974e-01 -6.213504e-01 0.000000e+00 1
9.433517e+13 8.524931e+13 -7.625457e+13 4.455385e-01 -8.883920e-01 1.107025e-01 0.000000e+00 1
1.735529e+13 5.882119e+12 -1.618905e+14 -4.777105e-01 -8.262403e-01 2.985292e-01 0.000000e+00 1
-3.109449e+13 -2.710552e+13 -3.626886e+13 2.549723e-01 3.076922e-01 -9.166868e-01 0.000000e+00 1
6.984101e+13 -1.818171e+13 1.129161e+14 -3.192388e-01 -8.860962e-01 3.360360e-01 0.000000e+00 1
1.270672e+14 7.693887e+13 -7.261136e+13 1.067635e-01 5.266384e-01 8.433585e-01 0.000000e+00 1
1.794016e+12 -5.850111e+13 8.727824e+13 9.449885e-01 -1.942432e-01 2.631850e-01 0.000000e+00 1
-4.231261e+13 8.025500e+12 -8.974826e+12 4.883743e-01 -3.544653e-01 7.973988e-01 0.000000e+00 1
1.145815e+14 -6.423281e+13 -9.179098e+13 2.027098e-01 -1.945985e-01 -9.597084e-01 0.000000e+00 1
-1.716984e+13 -1.884527e+13 3.585107e+13 4.295259e-01 -7.863745e-01 -4.439850e-01 0.000000e+00 1
3.102403e+13 3.744730e+13 1.123109e+14 -8.933993e-01 4.465131e-01 4.963675e-02 0.000000e+00 1
-3.869027e+13 4.804110e+13 -1.570341e+14 -7.985583e-01 5.491806e-02 -5.994069e-01 0.000000e+00 1
3.489377e+13 9.315322e+13 3.311034e+13 6.425175e-01 5.832486e-01 -4.969832e-01 0.000000e+00 1
-1.066142e+14 7.286145e+13 3.740073e+13 5.063493e-01 8.203702e-01 -2.657124e-01 0.000000e+00 1
-7.413940e+13 -1.181726e+13 -8.202783e+12 8.455274e-01 5.256096e-01 9.390418e-02 0.000000e+00 1
-3.179374e+13 9.231422e+12 -2.876347e+13 -7.911880e-02 9.644299e-01 2.522207e-01 0.000000e+00 1
1.609124e+14 2.253901e+13 3.629315e+13 9.787921e-01 -1.444997e-01 -1.452098e-01 0.000000e+00 1
-2.750612e+13 -1.438644e+14 7.636926e+13 -9.003385e-01 4.078840e-01 -1.517278e-01 0.000000e+00 1
-7.894930e+13 -8.761513e+13 -7.055657e+13 -8.339071e-01 -1.454045e-01 5.324064e-01 0.000000e+00 1
5.782713e+13 -1.062969e+14 7.708301e+13 3.021823e-01 -5.531125e-02 9.516441e-01 0.000000e+00 1
1.025797e+14 -1.255894e+14 1.111085e+13 3.920700e-01 4.184785e-01 -8.192416e-01 0.000000e+00 1
3.714087e+13 1.051897e+14 7.020423e+13 -3.796863e-01 -1.468884e-01 9.133795e-01 0.000000e+00 1
-5.747764e+13 -9.653362e+13 -6.305725e+13 -2.769428e-01 -4.932237e-01 8.246412e-01 0.000000e+00 1
-5.266483e+13 1.003107e+14 -3.052591e+13 -4.405478e-01 7.820952e-01 -4.407320e-01 0.000000e+00 1
1.490258e+13 9.969397e+13 4.786366e+13 -8.316408e-01 4.502747e-01 -3.250019e-01 0.000000e+00 1
-7.763611e+13 5.184932e+13 -9.639214e+13 -6.386262e-02 9.717973e-01 2.270058e-01 0.000000e+00 1
2.091613e+13 -6.951916e+13 -1.222644e+14 -4.491035e-01 -7.498833e-01 -4.857789e-01 0.000000e+00 1
5.813168e+13 -1.025996e+14 -1.100602e+14 -6.600418e-01 -3.587063e-01 6.600566e-01 0.000000e+00 1
3.625495e+13 -6.965762e+13 8.183292e+13 -6.388331e-01 -2.410606e-01 -7.306039e-01 0.000000e+00 1
-3.785977e+13 -1.075087e+14 -4.434322e+13 -4.172048e-01 9.005465e-01 -1.222952e-01 0.000000e+00 1
-5.419240e+13 9.774571e+13 6.895995e+13 -3.490958e-01 4.033419e-01 -8.458413e-01 0.000000e+00 1
-5.222913e+13 -9.838147e+13 -2.860380e+13 -5.682805e-01 6.319052e-01 5.270228e-01 0.000000e+00 1
1.587030e+13 -1.354922e+14 -9.512408e+12 2.116088e-01 -1.610467e-01 9.639946e-01 0.000000e+00 1
-1.378185e+14 4.561147e+13 -3.466520e+12 9.148029e-01 -4.038672e-01 5.180647e-03 0.000000e+00 1
-6.134032e+13 1.007499e+14 5.052137e+13 7.474055e-01 4.514881e-01 -4.873844e-01 0.000000e+00 1
-8.823278e+12 -8.760185e+13 -9.465060e+13 -6.079820e-01 -7.939025e-01 8.757975e-03 0.000000e+00 1
2.437802e+13 6.672638e+13 9.122322e+13 -3.686290e-01 8.168893e-02 9.259803e-01 0.000000e+00 1
1.435895e+13 -2.973054e+13 -1.196700e+14 -3.814145e-01 7.059702e-01 5.967655e-01 0.000000e+00 1
4.604871e+12 1.961731e+13 6.068662e+13 -9.596019e-01 2.005780e-01 1.973134e-01 0.000000e+00 1
-6.848771e+13 -1.152200e+14 1.357371e+13 7.454595e-01 -6.494293e-01 1.501057e-01 0.000000e+00 1
-1.110943e+14 9.148909e+13 -4.553329e+13 -2.014228e-01 2.666309e-01 9.425162e-01 0.000000e+00 1
-3.224254e+13 -5.225736e+13 8.918575e+13 8.894380e-01 5.902975e-02 -4.532278e-01 0.000000e+00 1
-1.896077e+12 -2.908641e+13 1.640012e+14 5.011103e-01 -4.325037e-01 -7.495525e-01 0.000000e+00 1
3.647705e+13 -7.758358e+13 6.797777e+13 -8.460084e-01 5.249323e-01 -9.335872e-02 0.000000e+00 1
-3.046574e+13 7.885007e+13 1.438245e+14 1.144625e-01 -5.018874e-01 -8.573257e-01 0.000000e+00 1
6.714770e+13 2.401681e+13 -9.201473e+13 -5.323932e-01 6.902181e-01 4.900575e-01 0.000000e+00 1
-4.017276e+13 6.279281e+13 -1.173901e+14 -8.938561e-01 1.977647e-01 4.023810e-01 0.000000e+00 1
1.130560e+14 1.186246e+14 3.245437e+13 4.883391e-01 -8.668886e-01 -1.001451e-01 0.000000e+00 1
-7.125661e+12 -1.432953e+14 4.246514e+12 -1.122002e-02 2.894910e-01 9.571150e-01 0.000000e+00 1
-2.262925e+13 9.742838e+13 -1.699770e+13 9.886078e-01 -1.501901e-01 -9.874976e-03 0.000000e+00 1
-2.541468e+13 -7.671253e+12 2.546125e+13 -6.679059e-01 -5.211104e-01 5.313620e-01 0.000000e+00 1
-2.615180e+13 -4.521029e+13 -3.065098e+13 -9.100637e-01 3.758028e-01 -1.748036e-01 0.000000e+00 1
1.182306e+13 -1.399402e+14 2.465466e+13 -9.084544e-01 3.497259e-01 2.289156e-01 0.000000e+00 1
-4.910130e+13 -2.958832e+13 -1.065978e+14 1.000272e-01 5.848313e-01 -8.049639e-01 0.000000e+00 1
-9.968645e+13 9.980475e+13 -8.192772e+13 -6.236247e-01 7.333900e-01 -2.706128e-01 0.000000e+00 1
8.450161e+13 3.475922e+13 -8.450279e+13 -6.620679e-01 5.428603e-01 5.166902e-01 0.000000e+00 1
2.652272e+13 7.163795e+13 -9.990949e+13 4.350887e-01 7.075368e-01 -5.568568e-01 0.000000e+00 1
7.171551e+13 -1.017083e+13 -2.872472e+13 8.350180e-01 -4.272978e-01 3.466432e-01 0.000000e+00 1
-2.808143e+13 -9.881531e+13 -6.582274e+13 4.792854e-02 8.064647e-01 -5.893366e-01 0.000000e+00 1
-1.201546e+14 5.509369e+13 4.701777e+13 6.456470e-01 4.940632e-02 7.620361e-01 0.000000e+00 1
-2.735028e+13 -1.611121e+13 -1.140313e+14 -9.458638e-01 2.149176e-01 2.432122e-01 0.000000e+00 1
6.178523e+13 3.183547e+13 1.406149e+14 4.135937e-01 8.748908e-01 -2.520047e-01 0.000000e+00 1
-1.052302e+14 -3.325992e+13 7.112454e+13 -8.032514e-02 -1.209170e-01 -9.894074e-01 0.000000e+00 1
-2.469408e+13 -3.668118e+13 1.171828e+14 -7.100458e-01 -7.471946e-02 7.001799e-01 0.000000e+00 1
7.611023e+13 1.501408e+13 -1.169309e+14 -1.366843e-02 7.539118e-01 -6.568334e-01 0.000000e+00 1
-1.130264e+14 -3.236983e+13 1.056609e+14 -6.118454e-01 2.446054e-01 -7.522057e-01 0.000000e+00 1
-3.211513e+13 -7.583452e+12 1.259981e+14 -5.059408e-02 -9.253914e-01 3.756208e-01 0.000000e+00 1
-1.009135e+14 7.385869e+13 -1.086038e+14 6.360332e-01 -2.821822e-01 7.182166e-01 0.000000e+00 1
2.746006e+12 -1.497499e+14 -6.878194e+13 -2.709020e-01 4.173386e-01 -8.674334e-01 0.000000e+00 1
-6.930104e+13 1.090521e+14 9.104107e+13 -2.222843e-01 3.308740e-01 -9.171217e-01 0.000000e+00 1
-8.031410e+13 -1.268821e+13 -5.932401e+13 -8.789055e-01 1.826206e-01 4.406527e-01 0.000000e+00 1
1.327754e+14 4.187513e+13 4.253634e+13 5.655363e-01 -8.244408e-01 2.158952e-02 0.000000e+00 1
-3.958199e+11 7.496852e+13 1.339845e+14 1.342091e-01 -6.012470e-01 7.877118e-01 0.000000e+00 1
-7.250974e+13 -1.121656e+14 7.745978e+13 -7.505158e-01 -5.863992e-01 -3.047327e-01 0.000000e+00 1
7.440145e+13 8.921439e+13 -7.424666e+13 -6.502268e-01 -6.986805e-01 2.984136e-01 0.000000e+00 1
-7.477211e+11 2.623257e+13 1.263573e+14 -9.103313e-01 -3.753823e-01 1.743133e-01 0.000000e+00 1
4.088775e+13 -7.954244e+13 5.046887e+13 3.761205e-01 -8.124012e-01 4.455756e-01 0.000000e+00 1
-9.944094e+13 -5.294217e+13 8.722920e+13 -1.143685e-02 -7.191816e-01 6.947280e-01 0.000000e+00 1
4.411581e+13 -1.170785e+14 -3.054540e+13 -1.688804e-01 -2.161558e-01 -9.616424e-01 0.000000e+00 1
7.516190e+12 -2.076696e+13 -1.201191e+14 -3.570497e-01 -8.334569e-01 4.217405e-01 0.000000e+00 1
1.491446e+12 -1.115528e+14 -9.037311e+13 3.465442e-01 2.889660e-01 8.924157e-01 0.000000e+00 1
-8.104272e+13 5.710077e+13 -4.857942e+13 -4.439476e-01 -8.666854e-01 2.275233e-01 0.000000e+00 1
9.919786e+13 6.103648e+13 4.188508e+13 2.699366e-01 -9.174416e-01 2.922929e-01 0.000000e+00 1
3.671522e+13 5.174020e+13 5.116217e+13 4.674161e-01 -5.818345e-01 -6.655755e-01 0.000000e+00 1
1.659482e+14 3.047005e+13 -1.250604e+13 3.309323e-01 -9.187775e-01 -2.152479e-01 0.000000e+00 1
3.322429e+13 9.859576e+12 -1.473642e+14 6.990211e-01 -4.727600e-02 -7.135366e-01 0.000000e+00 1
2.958562e+13 -4.807821e+13 -1.045004e+14 -8.814012e-01 -1.845853e-02 4.720076e-01 0.000000e+00 1
1.145741e+14 4.994227e+13 9.247922e+13 -4.106153e-01 -5.246189e-03 9.117936e-01 0.000000e+00 1
-7.878571e+13 6.759030e+13 1.477295e+13 2.911209e-01 -9.563717e-01 -2.452927e-02 0.000000e+00 1
3.957268e+13 -9.753283e+13 1.068099e+14 9.004307e-01 4.474702e-02 4.326919e-01 0.000000e+00 1
-9.107335e+13 -5.395482e+13 1.049276e+14 7.348604e-01 2.053816e-01 -6.463734e-01 0.000000e+00 1
1.128783e+13 7.337930e+12 -5.487678e+13 9.402429e-01 -2.616562e-01 2.178973e-01 0.000000e+00 1
-2.152847e+13 -9.262211e+13 5.853843e+13 9.817235e-02 -9.943578e-01 4.018505e-02 0.000000e+00 1
2.950110e+13 2.826086e+13 8.836422e+13 -9.632786e-02 -5.052281e-01 -8.575929e-01 0.000000e+00 1
-1.276146e+13 3.567076e+13 -1.149059e+14 6.099864e-01 6.874160e-01 -3.941775e-01 0.000000e+00 1
-6.357655e+13 -4.231752e+13 -1.160493e+14 -8.121513e-01 -5.925489e-03 5.834168e-01 0.000000e+00 1
2.482232e+13 2.598715e+13 -1.392343e+14 6.218349e-02 7.637516e-01 -6.425081e-01 0.000000e+00 1
-4.010203e+13 -2.723762e+11 1.138979e+14 9.713740e-01 -2.084092e-01 1.140094e-01 0.000000e+00 1
5.353463e+13 1.561474e+14 7.184755e+12 3.044622e-01 -1.705546e-01 9.371307e-01 0.000000e+00 1
-7.080926e+12 1.301933e+14 -4.029860e+13 -6.958604e-02 6.838370e-01 -7.263090e-01 0.000000e+00 1
-1.453621e+14 7.321028e+13 -2.290846e+13 6.332436e-01 -1.633886e-01 7.565095e-01 0.000000e+00 1
-8.945681e+13 -1.399847e+14 1.234702e+13 1.694387e-01 -4.446702e-01 -8.795220e-01 0.000000e+00 1
1.031995e+14 -1.105885e+14 -4.080947e+12 4.179363e-01 4.583589e-01 7.843700e-01 0.000000e+00 1
3.151538e+13 -1.356002e+14 -8.054284e+13 -1.641995e-01 2.422072e-01 9.562291e-01 0.000000e+00 1
-1.419682e+13 4.630744e+13 -1.609747e+14 7.533446e-01 -1.215245e-01 -6.463000e-01 0.000000e+00 1
1.986334e+13 1.413657e+14 -4.944166e+13 5.280485e-01 7.342831e-01 -4.266066e-01 0.000000e+00 1
1.135374e+14 8.850813e+13 5.453765e+13 -7.228476e-01 -4.905068e-01 -4.867180e-01 0.000000e+00 1
-7.699598e+13 -1.430992e+13 -7.369094e+13 5.081511e-01 8.590370e-01 6.195036e-02 0.000000e+00 1
1.146463e+14 -9.312598e+13 3.749990e+13 -9.662060e-01 2.547244e-01 3.951467e-02 0.000000e+00 1
1.107651e+14 8.892656e+13 -1.186437e+13 9.401588e-01 2.359547e-01 2.458184e-01 0.000000e+00 1
-7.489833e+13 6.999413e+13 -9.635805e+13 -3.950498e-02 9.360943e-01 3.495237e-01 0.000000e+00 1
-4.479404e+13 -1.168135e+14 9.733844e+13 9.423752e-01 -3.336851e-01 2.414878e-02 0.000000e+00 1
5.155161e+13 6.257370e+13 -1.927318e+13 6.505046e-01 -7.151476e-01 -2.557492e-01 0.000000e+00 1
-7.101452e+13 -6.438930e+13 4.156545e+13 7.413963e-01 -5.089048e-01 -4.374327e-01 0.000000e+00 1
9.828594e+12 -1.619149e+13 1.330222e+14 3.774627e-01 4.511722e-01 -8.086813e-01 0.000000e+00 1
5.370163e+13 1.216824e+14 3.983625e+13 -9.249299e-01 2.838747e-01 2.528237e-01 0.000000e+00 1
-2.481511e+13 1.449594e+14 7.450243e+12 7.185425e-01 6.717323e-01 1.802007e-01 0.000000e+00 1
-2.890654e+13 3.686751e+13 7.370421e+13 1.433910e-01 1.786097e-01 -9.734154e-01 0.000000e+00 1
-3.656602e+12 -2.423996e+13 1.265796e+14 -9.256553e-02 -8.091974e-01 -5.801993e-01 0.000000e+00 1
6.224585e+13 1.336585e+14 -2.409142e+13 -7.588717e-01 5.731575e-01 3.091993e-01 0.000000e+00 1
4.506790e+13 3.125851e+13 6.460073e+12 6.884222e-01 1.775794e-01 -7.032357e-01 0.000000e+00 1
9.747352e+12 1.094003e+14 -4.486830e+13 -5.476988e-01 8.355888e-01 4.263151e-02 0.000000e+00 1
-8.447523e+13 -4.924864e+13 -1.208379e+14 9.670368e-01 1.422389e-01 2.112060e-01 0.000000e+00 1
4.881365e+13 5.634478e+12 7.362897e+13 -6.777579e-01 -6.463086e-01 3.506130e-01 0.000000e+00 1
-4.471580e+12 -3.241598e+13 9.588132e+13 5.343746e-01 8.438490e-01 4.860717e-02 0.000000e+00 1
-1.532047e+13 -3.922934e+12 8.254538e+13 5.611977e-01 -5.638878e-01 6.058777e-01 0.000000e+00 1
3.275491e+13 -6.144472e+13 1.205445e+14 -7.676745e-01 6.349525e-01 -8.666661e-02 0.000000e+00 1
4.444865e+10 -2.277923e+12 5.688203e+13 1.606191e-01 8.271149e-01 -5.385930e-01 0.000000e+00 1
5.821253e+13 2.304158e+13 1.061140e+14 -5.442083e-01 7.619036e-01 -3.511983e-01 0.000000e+00 1
-7.695158e+12 -4.227160e+13 -1.230755e+14 4.943064e-01 7.225134e-01 -4.833587e-01 0.000000e+00 1
8.669127e+13 5.612419e+13 -6.033614e+13 -7.035937e-01 2.274857e-01 6.732058e-01 0.000000e+00 1
3.071533e+13 2.644841e+13 -5.952299e+13 2.355006e-01 -9.650800e-01 -1.147174e-01 0.000000e+00 1
-5.680485e+13 3.991735e+13 1.178700e+14 5.447759e-02 -9.897851e-01 1.317486e-01 0.000000e+00 1
-2.642446e+13 -2.649579e+13 -1.621633e+14 -4.634215e-01 6.504324e-01 -6.018125e-01 0.000000e+00 1
-1.065964e+14 -2.667729e+13 -1.135876e+12 -6.640913e-01 6.051478e-01 -4.390659e-01 0.000000e+00 1
-4.927551e+13 8.881934e+13 -3.934762e+13 2.626203e-01 -9.493115e-01 -1.727375e-01 0.000000e+00 1
-1.998970e+12 1.034234e+14 -9.883028e+13 -3.870213e-02 -9.922818e-01 -1.178091e-01 0.000000e+00 1
-1.589715e+14 -7.838518e+12 -2.144561e+13 1.182264e-01 -3.397853e-01 -9.330426e-01 0.000000e+00 1
8.325908e+13 -9.804946e+13 2.190218e+13 -6.807614e-01 -3.789706e-02 -7.315242e-01 0.000000e+00 1
3.017500e+13 -3.132492e+13 1.032273e+13 -1.337972e-01 9.745255e-01 1.799956e-01 0.000000e+00 1
1.485109e+14 -1.217926e+12 -6.385243e+13 4.131425e-01 -8.072686e-01 -4.214625e-01 0.000000e+00 1
1.377521e+14 -2.266425e+13 -5.324920e+13 -8.936328e-01 4.441536e-01 6.440538e-02 0.000000e+00 1
3.151948e+13 8.343277e+13 5.548400e+13 -2.573596e-01 8.268341e-01 5.001113e-01 0.000000e+00 1
1.215613e+14 -4.075311e+13 6.952483e+12 4.028975e-01 5.339947e-02 -9.136860e-01 0.000000e+00 1
-2.752499e+13 1.470230e+13 2.859281e+13 -5.901892e-01 -6.408692e-01 4.908803e-01 0.000000e+00 1
3.296022e+13 1.075468e+14 -9.356455e+13 -4.265055e-01 1.561494e-01 8.909043e-01 0.000000e+00 1
1.485507e+14 5.157841e+13 3.033882e+13 -1.534253e-01 6.994822e-01 6.979866e-01 0.000000e+00 1
-3.101811e+13 4.335098e+13 8.997500e+13 4.515480e-01 -1.824554e-01 8.733925e-01 0.000000e+00 1
-8.871375e+12 -1.188789e+14 8.740371e+13 6.177311e-01 -7.288633e-01 -2.952399e-01 0.000000e+00 1
5.418989e+12 -5.627396e+13 -1.572443e+14 -1.770281e-01 -2.374151e-01 9.551414e-01 0.000000e+00 1
1.526983e+13 -1.145397e+14 -7.162592e+13 1.295058e-01 -1.897213e-01 -9.732595e-01 0.000000e+00 1
-4.429846e+13 -1.222093e+14 -2.449074e+12 6.435041e-01 -1.551547e-01 7.495528e-01 0.000000e+00 1
9.632476e+13 -3.117140e+13 -1.090213e+14 -1.052331e-02 9.795471e-01 -2.009395e-01 0.000000e+00 1
-1.412030e+14 -4.862244e+13 -1.428816e+13 4.606306e-01 -8.224649e-01 3.337227e-01 0.000000e+00 1
8.777823e+13 -3.884648e+13 6.877721e+13 4.473241e-01 3.669985e-01 -8.156061e-01 0.000000e+00 1
-4.951612e+13 1.324912e+14 2.052166e+13 6.632220e-01 7.480392e-01 -2.395945e-02 0.000000e+00 1
-3.786036e+13 -6.400358e+13 1.322295e+14 -7.220139e-01 6.819917e-01 -1.165475e-01 0.000000e+00 1
-1.343273e+14 -8.390576e+13 1.542153e+13 -7.206222e-02 -9.941570e-01 8.036688e-02 0.000000e+00 1
1.490354e+14 -6.796060e+13 -2.587913e+13 -4.167223e-01 5.724694e-01 7.061312e-01 0.000000e+00 1
1.487889e+14 -3.544373e+13 -3.662113e+13 -9.917522e-01 1.229659e-01 3.615148e-02 0.000000e+00 1
1.225893e+14 -3.731565e+13 2.462064e+13 9.049733e-01 -2.974545e-01 -3.042106e-01 0.000000e+00 1
-2.206507e+13 2.186909e+13 -7.128797e+13 6.236529e-01 6.698857e-01 4.028774e-01 0.000000e+00 1
-4.232825e+13 -1.017846e+14 -3.924196e+11 9.655788e-01 -5.572600e-02 -2.540712e-01 0.000000e+00 1
-2.531864e+13 2.983193e+13 -1.623700e+14 9.403096e-01 3.093958e-01 -1.417465e-01 0.000000e+00 1
4.889012e+13 -1.016138e+14 1.236888e+14 -6.613050e-01 1.851429e-01 7.269097e-01 0.000000e+00 1
-1.343284e+14 3.164154e+13 -5.972480e+13 -1.649914e-01 1.291656e-01 9.778006e-01 0.000000e+00 1
2.969295e+13 5.110600e+13 -1.304682e+14 1.341202e-01 -8.816198e-01 4.525023e-01 0.000000e+00 1
-6.161936e+13 -1.101118e+14 3.341362e+13 5.081719e-01 5.536508e-01 -6.597212e-01 0.000000e+00 1
5.731507e+13 7.871303e+13 7.001629e+13 -7.918133e-01 1.922964e-01 -5.797015e-01 0.000000e+00 1
5.655362e+13 -2.820596e+13 1.125349e+14 6.842648e-01 -3.795346e-01 -6.226839e-01 0.000000e+00 1
5.075631e+13 1.205855e+14 -2.253067e+13 -3.047276e-01 1.760494e-01 9.360276e-01 0.000000e+00 1
2.118583e+13 1.086870e+14 -1.701121e+13 9.818836e-01 -2.145148e-02 -1.882671e-01 0.000000e+00 1
1.505235e+14 -1.877510e+13 4.805690e+12 2.867294e-01 -9.001170e-01 -3.279872e-01 0.000000e+00 1
-1.260462e+12 -1.208425e+14 -4.816802e+12 -6.232599e-01 -6.572752e-01 -4.237175e-01 0.000000e+00 1
-4.384038e+13 4.876260e+13 -8.863906e+13 -6.749489e-02 -9.951306e-01 -7.182996e-02 0.000000e+00 1
5.877452e+13 1.297637e+14 4.256166e+13 3.369094e-01 -8.908601e-01 3.047299e-01 0.000000e+00 1
6.741738e+13 4.092092e+12 4.040162e+12 -7.554719e-01 2.665427e-01 -5.985125e-01 0.000000e+00 1
-8.680642e+13 -3.192092e+13 8.160131e+13 -4.334898e-02 -9.905672e-01 -1.299905e-01 0.000000e+00 1
-6.633920e+13 1.269822e+14 1.117778e+13 4.186101e-01 -3.705744e-01 -8.291202e-01 0.000000e+00 1
1.462323e+13 -1.141449e+14 -4.739774e+13 -9.234419e-01 -3.832266e-01 1.980873e-02 0.000000e+00 1
1.167849e+14 9.496605e+13 -7.666387e+13 -6.103538e-01 3.384078e-01 -7.162041e-01 0.000000e+00 1
4.842650e+13 -1.429381e+14 6.993400e+13 5.850011e-01 2.029099e-01 -7.852396e-01 0.000000e+00 1
-1.103345e+14 -4.169425e+13 -1.180929e+14 -4.008903e-01 -5.422572e-01 7.384065e-01 0.000000e+00 1
-9.714007e+13 -4.787045e+13 1.471435e+13 -3.017990e-02 -5.003193e-01 8.653148e-01 0.000000e+00 1
7.385433e+13 -8.312385e+13 -1.098646e+14 1.425259e-03 9.666413e-01 2.561300e-01 0.000000e+00 1
-7.429607e+13 1.158750e+13 1.297597e+14 -6.729729e-01 -6.452957e-01 -3.615259e-01 0.000000e+00 1
1.788604e+13 -4.005676e+13 -1.505288e+14 -8.194162e-01 -3.319938e-01 4.672657e-01 0.000000e+00 1
2.546409e+13 1.367280e+14 7.724839e+13 -4.757519e-01 8.785990e-01 -4.152047e-02 0.000000e+00 1
3.679022e+13 -3.332023e+13 -1.372922e+14 4.145806e-01 -1.461483e-01 8.982002e-01 0.000000e+00 1
5.696172e+13 -4.570194e+13 -2.282059e+13 -6.706339e-01 -5.734715e-01 4.705110e-01 0.000000e+00 1
2.130115e+13 5.002617e+13 1.053130e+14 3.776727e-02 9.566096e-01 2.889148e-01 0.000000e+00 1
-1.273374e+14 -6.947784e+13 1.736974e+13 9.283479e-01 1.675018e-01 -3.318333e-01 0.000000e+00 1
6.067663e+13 -4.408196e+12 1.249628e+14 5.027659e-01 1.816976e-01 8.451109e-01 0.000000e+00 1
1.356394e+14 -3.269098e+13 -6.539419e+13 7.222458e-01 2.948014e-01 -6.256622e-01 0.000000e+00 1
-9.929171e+13 -8.030953e+13 1.022954e+14 -7.501654e-01 6.610122e-01 -1.774244e-02 0.000000e+00 1
3.021182e+13 7.957661e+13 9.750745e+13 3.708676e-01 1.150513e-01 9.215316e-01 0.000000e+00 1
-1.748618e+13 -3.509744e+13 -1.044074e+14 5.887126e-01 3.562784e-01 -7.255916e-01 0.000000e+00 1
-3.830101e+13 1.145261e+14 -9.543684e+13 5.131189e-01 -3.591145e-01 7.795805e-01 0.000000e+00 1
2.122275e+13 5.957612e+13 9.048966e+13 -6.026890e-01 3.317016e-01 -7.257686e-01 0.000000e+00 1
-6.124633e+13 1.120747e+14 2.867607e+13 2.558507e-01 8.687557e-01 -4.240330e-01 0.000000e+00 1
-2.007623e+13 -8.688437e+12 1.077155e+14 -2.399876e-01 9.703074e-01 3.015810e-02 0.000000e+00 1
-1.163512e+14 -6.365977e+13 -3.171100e+13 -7.196104e-01 9.278002e-02 6.881516e-01 0.000000e+00 1
-1.319426e+14 1.299733e+13 2.969683e+13 -4.804894e-01 2.352875e-01 8.448489e-01 0.000000e+00 1
-1.039712e+13 -4.196612e+13 1.183229e+14 4.924339e-01 7.440938e-01 -4.514789e-01 0.000000e+00 1
-3.312375e+12 1.619847e+14 -2.853554e+13 1.385454e-01 -7.406283e-01 6.574762e-01 0.000000e+00 1
-7.005922e+13 5.347057e+13 -1.284656e+14 6.386712e-01 2.413576e-01 -7.306474e-01 0.000000e+00 1
-4.464387e+13 9.461005e+13 1.329547e+14 -3.600118e-01 -8.142613e-01 -4.553790e-01 0.000000e+00 1
-2.636860e+13 5.338284e+13 1.225001e+14 -1.280237e-01 -9.508111e-01 2.820784e-01 0.000000e+00 1
1.586088e+14 5.711409e+12 -5.852879e+13 -7.534147e-01 -4.565967e-01 -4.731656e-01 0.000000e+00 1
-3.137725e+12 -1.572626e+14 -3.412002e+13 -5.294655e-01 6.942119e-01 -4.875819e-01 0.000000e+00 1
-3.502271e+13 1.068498e+14 -3.401277e+13 5.886910e-01 -2.869710e-01 7.557053e-01 0.000000e+00 1
-9.136757e+12 -2.415886e+13 -1.288068e+14 4.371129e-01 1.541250e-01 8.861026e-01 0.000000e+00 1
-9.026731e+13 1.285563e+14 -3.803054e+13 4.521339e-01 -8.220129e-01 -3.462222e-01 0.000000e+00 1
-6.073640e+13 1.261883e+14 -6.994047e+13 -6.571111e-01 -6.794964e-01 3.263276e-01 0.000000e+00 1
-1.039715e+14 -3.515165e+13 -4.491704e+13 -5.108101e-01 6.164240e-01 5.992449e-01 0.000000e+00 1
-8.186057e+13 -6.914725e+13 -1.060434e+14 -7.877371e-01 1.796030e-01 -5.892478e-01 0.000000e+00 1
-6.186972e+12 -2.573168e+13 1.581923e+14 9.038247e-01 1.431608e-01 -4.032442e-01 0.000000e+00 1
1.514433e+13 -1.109296e+14 -5.045184e+13 9.173653e-01 -6.947432e-02 -3.919366e-01 0.000000e+00 1
-7.236428e+13 3.706928e+13 9.917772e+13 -9.482548e-03 3.574858e-01 9.338704e-01 0.000000e+00 1
1.305790e+14 8.228393e+13 -2.246219e+13 -9.617971e-02 9.097593e-01 4.038410e-01 0.000000e+00 1
-4.715538e+13 6.108386e+13 -1.271148e+14 2.236820e-02 9.984255e-01 5.144188e-02 0.000000e+00 1
3.202237e+13 -1.081782e+13 1.498934e+14 6.096502e-01 -7.703411e-01 -1.868187e-01 0.000000e+00 1
-2.421417e+12 -8.014174e+13 7.885078e+13 5.756499e-01 -2.497797e-01 7.786125e-01 0.000000e+00 1
-3.127726e+13 1.224795e+14 4.970363e+13 -3.304959e-01 9.379276e-01 1.051865e-01 0.000000e+00 1
8.107794e+13 -1.234399e+14 3.901619e+12 -7.366423e-02 -6.308146e-01 -7.724289e-01 0.000000e+00 1
7.646143e+13 5.163212e+13 8.077323e+13 -4.679305e-01 -8.405844e-01 -2.728717e-01 0.000000e+00 1
1.085654e+14 -9.829653e+13 -1.634675e+12 -6.566687e-01 3.260100e-01 -6.800762e-01 0.000000e+00 1
1.283534e+14 -1.000664e+14 4.217242e+13 2.617533e-01 -9.616560e-01 8.187189e-02 0.000000e+00 1
-6.171019e+13 -1.226218e+14 -2.697611e+13 -1.383051e-01 7.455253e-01 -6.519691e-01 0.000000e+00 1
-4.113758e+13 -1.125768e+13 -1.562923e+14 3.850128e-01 5.912436e-01 -7.086580e-01 0.000000e+00 1
1.217692e+14 5.770927e+13 -1.695729e+13 7.463798e-01 -4.764547e-01 -4.646592e-01 0.000000e+00 1
-1.597465e+13 6.102328e+13 9.491078e+13 -5.678307e-01 -5.586928e-01 -6.045086e-01 0.000000e+00 1
5.013153e+13 -1.172044e+14 1.037883e+14 -8.100112e-01 -4.614771e-01 3.618296e-01 0.000000e+00 1
-6.906257e+13 -1.954419e+13 9.852659e+13 -4.671179e-01 -7.046552e-01 -5.340992e-01 0.000000e+00 1
5.346620e+13 1.072569e+14 1.048225e+14 9.391906e-01 1.741762e-01 2.959453e-01 0.000000e+00 1
-1.266980e+14 1.454406e+13 -1.020187e+14 5.483468e-01 -6.274984e-01 5.527762e-01 0.000000e+00 1
-3.302206e+13 1.111095e+14 -4.756328e+13 1.599363e-01 5.762203e-01 -8.014927e-01 0.000000e+00 1
8.065289e+12 1.496392e+14 6.313194e+13 1.847763e-01 9.348512e-01 -3.031681e-01 0.000000e+00 1
1.048564e+14 -1.242205e+14 -3.880748e+13 -1.098946e-01 -2.492683e-01 9.621790e-01 0.000000e+00 1
1.477671e+14 -2.522131e+13 5.203720e+13 1.774991e-01 -4.851926e-01 8.562022e-01 0.000000e+00 1
1.340310e+14 4.342815e+13 -8.647608e+13 3.561621e-01 8.889205e-01 2.880431e-01 0.000000e+00 1
1.425529e+13 3.555444e+13 -1.398729e+14 -5.038513e-01 1.572896e-01 8.493490e-01 0.000000e+00 1
4.965394e+13 -4.854439e+13 4.023597e+13 -2.433228e-01 2.581748e-01 9.349544e-01 0.000000e+00 1
1.165774e+13 -1.168452e+14 -2.541353e+13 2.422979e-01 -5.006888e-01 -8.310249e-01 0.000000e+00 1
4.873189e+13 -9.917077e+13 1.239077e+14 7.140621e-02 7.520027e-01 -6.552809e-01 0.000000e+00 1
3.478978e+13 1.970102e+13 1.414935e+14 -1.139739e-01 -9.882638e-01 1.017087e-01 0.000000e+00 1
-2.816451e+13 3.358677e+12 -5.186597e+13 7.727878e-01 2.917013e-03 6.346577e-01 0.000000e+00 1
1.354697e+13 -1.142681e+14 3.691247e+13 9.221490e-01 -3.737183e-01 -9.987910e-02 0.000000e+00 1
3.337060e+13 1.464244e+14 5.473668e+13 4.066558e-01 -7.113752e-01 -5.732158e-01 0.000000e+00 1
-8.893936e+13 2.215274e+13 5.365473e+13 -6.644495e-01 -2.908115e-01 6.884297e-01 0.000000e+00 1
8.124891e+13 1.826471e+13 -8.342301e+13 -5.980800e-01 -4.252938e-01 -6.792830e-01 0.000000e+00 1
-7.689913e+13 -6.000621e+13 1.077544e+14 -3.973898e-01 -8.597757e-01 3.207290e-01 0.000000e+00 1
1.387407e+13 -8.257017e+13 -1.289795e+14 3.882958e-01 -9.124730e-01 -1.289163e-01 0.000000e+00 1
3.859269e+13 1.250916e+14 2.139803e+13 3.205929e-01 -3.441909e-01 -8.824698e-01 0.000000e+00 1
1.253916e+14 -7.793331e+12 -6.499950e+13 2.856650e-01 1.473863e-02 9.582162e-01 0.000000e+00 1
-9.726980e+13 1.446093e+13 1.187994e+14 6.599552e-01 7.028388e-01 -2.654745e-01 0.000000e+00 1
-1.155226e+14 1.252028e+13 -4.079858e+13 -5.165976e-01 7.484667e-01 4.158420e-01 0.000000e+00 1
-4.089014e+13 1.706563e+13 5.905976e+13 -1.087098e-01 2.824309e-01 9.531081e-01 0.000000e+00 1
-1.722813e+13 1.186065e+14 -1.041914e+14 -2.223133e-01 7.762996e-02 -9.718798e-01 0.000000e+00 1
1.099418e+14 1.522042e+13 -7.135823e+13 8.468748e-01 3.142164e-01 4.290352e-01 0.000000e+00 1
-1.880973e+13 -1.109926e+14 1.574074e+13 -5.076904e-01 -7.596981e-01 -4.063363e-01 0.000000e+00 1
-4.848986e+13 6.192709e+13 -1.870524e+13 -1.621327e-01 4.753158e-01 -8.647473e-01 0.000000e+00 1
2.415441e+13 -1.035118e+14 -1.097339e+14 5.657083e-01 1.288407e-01 -8.144779e-01 0.000000e+00 1
2.017004e+13 8.449237e+12 -8.103239e+13 -9.359584e-01 3.268436e-01 -1.309777e-01 0.000000e+00 1
6.346188e+13 -5.156889e+13 -1.453224e+14 -1.713139e-02 9.785804e-01 -2.051507e-01 0.000000e+00 1
1.493180e+13 -2.367361e+13 -2.556257e+13 -4.006228e-01 7.208652e-01 5.655571e-01 0.000000e+00 1
-1.028661e+13 -6.012646e+13 3.784466e+13 1.029416e-01 1.212171e-01 -9.872737e-01 0.000000e+00 1
-5.888709e+13 3.135650e+12 -8.413586e+13 -9.231744e-01 2.664557e-01 2.770384e-01 0.000000e+00 1
-9.521959e+13 1.212331e+13 -1.307894e+14 -6.391564e-01 6.121112e-01 -4.656168e-01 0.000000e+00 1
1.318064e+14 -7.867803e+13 2.601330e+13 -3.754372e-01 -4.485897e-01 8.110574e-01 0.000000e+00 1
4.856201e+13 3.290728e+13 -2.854295e+13 -8.415622e-02 8.907442e-01 -4.466458e-01 0.000000e+00 1
-1.923489e+13 -2.725359e+13 -4.447263e+13 -4.876740e-01 -6.341606e-02 8.707195e-01 0.000000e+00 1
9.555793e+12 -1.330839e+14 9.237444e+13 8.837327e-02 -1.371201e-01 9.866044e-01 0.000000e+00 1
1.069264e+14 -7.516516e+13 8.812733e+13 7.347807e-01 9.350779e-02 6.718286e-01 0.000000e+00 1
-4.742897e+13 -1.329599e+13 -1.614134e+13 4.154802e-01 7.902980e-01 -4.503391e-01 0.000000e+00 1
-1.327509e+14 7.956897e+13 -1.972056e+13 -2.670084e-02 9.179643e-01 -3.957634e-01 0.000000e+00 1
-2.941233e+13 -5.254286e+13 4.862479e+13 4.458448e-01 -2.789300e-01 8.505413e-01 0.000000e+00 1
7.491073e+13 1.325966e+14 -1.072435e+13 4.266985e-02 6.737149e-01 7.377585e-01 0.000000e+00 1
7.138578e+13 -3.477223e+13 -6.986226e+13 6.043353e-01 -7.564728e-01 -2.500555e-01 0.000000e+00 1
3.593899e+13 -2.614794e+13 -1.167974e+14 -2.248592e-01 2.446202e-01 -9.431857e-01 0.000000e+00 1
9.497269e+13 6.705602e+13 -6.946648e+13 -5.332396e-01 -3.969710e-01 7.470406e-01 0.000000e+00 1
-7.368023e+12 4.121285e+13 7.084852e+13 9.010544e-01 4.391676e-02 4.314768e-01 0.000000e+00 1
7.570515e+13 1.250387e+14 5.505117e+13 -4.309280e-02 -1.731678e-01 9.839492e-01 0.000000e+00 1
3.701284e+13 -8.497012e+13 -6.345971e+13 1.729715e-01 7.044056e-01 6.883993e-01 0.000000e+00 1
-1.954250e+13 -1.242403e+14 3.857058e+13 -9.874989e-01 1.277744e-01 9.230231e-02 0.000000e+00 1
-3.730572e+13 4.830736e+13 1.038263e+13 7.385536e-01 4.974804e-01 -4.550294e-01 0.000000e+00 1
6.737573e+12 -1.472147e+14 -8.389516e+13 -4.099140e-01 -3.443584e-01 8.446229e-01 0.000000e+00 1
-1.146281e+13 4.603226e+13 -1.206579e+14 -9.303571e-01 2.575881e-02 3.657487e-01 0.000000e+00 1
-1.556543e+13 -2.743106e+13 9.665113e+13 -7.176579e-01 -5.006779e-01 4.840339e-01 0.000000e+00 1
2.439370e+13 2.783128e+12 -1.002428e+14 6.662323e-01 7.448726e-01 3.604508e-02 0.000000e+00 1
4.931720e+13 3.089704e+13 -1.419182e+14 -9.570911e-01 8.539367e-02 -2.769198e-01 0.000000e+00 1
3.988019e+13 -2.719140e+13 -5.168752e+13 5.984415e-01 -3.432410e-01 7.239153e-01 0.000000e+00 1
-2.325644e+13 2.176494e+13 -1.252335e+14 3.962184e-01 8.583917e-01 -3.258444e-01 0.000000e+00 1
-5.998770e+13 1.128920e+14 -3.065080e+13 -4.577914e-01 -3.056102e-01 -8.348829e-01 0.000000e+00 1
-4.837541e+13 1.443318e+14 2.184412e+13 2.175711e-01 4.439566e-01 -8.692326e-01 0.000000e+00 1
6.234290e+13 6.889181e+13 -8.759025e+13 9.631049e-01 7.865170e-02 -2.573769e-01 0.000000e+00 1
9.472023e+13 -7.925272e+13 -3.429252e+13 3.524463e-01 -1.962424e-01 9.150249e-01 0.000000e+00 1
-2.672097e+12 1.337246e+14 1.025039e+14 -1.750380e-01 9.142886e-01 -3.652916e-01 0.000000e+00 1
-3.144538e+13 -8.627983e+13 -1.945548e+13 -4.452825e-01 5.467313e-01 -7.090899e-01 0.000000e+00 1
3.715390e+13 -1.077571e+14 8.962820e+13 7.228156e-01 -6.403250e-01 2.598488e-01 0.000000e+00 1
-4.248871e+12 6.306420e+13 9.835514e+13 4.803967e-01 -7.974082e-01 -3.651837e-01 0.000000e+00 1
-2.926293e+13 -4.851625e+13 -1.184789e+14 6.946960e-01 -5.359470e-01 -4.797481e-01 0.000000e+00 1
6.078440e+13 -7.706338e+13 -9.952416e+12 1.153356e-01 -9.662433e-01 2.303728e-01 0.000000e+00 1
1.373120e+14 -2.654892e+13 5.335950e+13 -6.649941e-02 5.675881e-01 -8.206227e-01 0.000000e+00 1
-4.651255e+13 -7.071008e+13 -1.170701e+14 7.403776e-01 5.800533e-01 -3.396750e-01 0.000000e+00 1
-1.105552e+12 7.527970e+13 -2.956919e+12 1.459347e-01 -3.435925e-02 9.886974e-01 0.000000e+00 1
5.850298e+13 -7.529280e+13 6.674813e+12 -4.945361e-01 3.748297e-01 7.841791e-01 0.000000e+00 1
5.028869e+13 -8.517493e+13 -1.235514e+14 -2.889826e-01 5.589917e-01 7.771856e-01 0.000000e+00 1
4.876947e+12 9.994132e+13 1.091814e+14 -6.164965e-01 -1.966659e-01 -7.624005e-01 0.000000e+00 1
7.730889e+13 -1.614058e+13 2.471655e+13 -8.008023e-01 5.859839e-01 -1.238489e-01 0.000000e+00 1
1.212950e+14 8.547876e+13 9.819065e+12 2.970748e-01 6.184028e-01 7.275469e-01 0.000000e+00 1
-6.823638e+13 1.205011e+13 4.926097e+13 5.522427e-01 -2.808922e-01 7.849379e-01 0.000000e+00 1
2.175712e+13 1.793620e+13 1.261394e+14 -2.855912e-01 4.265720e-01 -8.581807e-01 0.000000e+00 1
-1.141382e+14 2.377321e+13 7.308859e+13 6.146911e-01 6.736883e-02 -7.858857e-01 0.000000e+00 1
3.851232e+12 8.616743e+13 -4.912401e+13 1.416364e-01 9.890698e-01 4.098834e-02 0.000000e+00 1
-1.064908e+14 7.245425e+13 -8.271053e+13 -8.439154e-01 5.064115e-01 -1.770715e-01 0.000000e+00 1
3.574533e+13 -5.060176e+13 -1.378691e+14 -5.827124e-01 7.386626e-01 -3.388566e-01 0.000000e+00 1
1.472967e+14 4.027057e+13 4.823464e+13 3.839310e-01 -8.780733e-01 2.856296e-01 0.000000e+00 1
5.957785e+13 -4.468252e+13 -4.780733e+13 4.028254e-01 -3.552837e-01 -8.435076e-01 0.000000e+00 1
-8.600210e+13 7.174805e+13 -1.158827e+14 -1.735897e-01 2.111585e-01 -9.619141e-01 0.000000e+00 1
-1.125759e+14 -6.633076e+13 8.897175e+13 -7.425658e-01 -2.917269e-01 6.029025e-01 0.000000e+00 1
-8.315753e+13 -6.444357e+12 6.252646e+13 -5.882042e-01 -3.179476e-01 -7.435894e-01 0.000000e+00 1
-3.278133e+13 -1.319084e+14 -1.338697e+13 1.346444e-01 8.748689e-01 -4.652690e-01 0.000000e+00 1
-5.142982e+13 1.078153e+14 -7.747104e+13 -5.306086e-01 -8.105383e-01 2.479562e-01 0.000000e+00 1
-2.610396e+13 1.211754e+14 4.914050e+13 -4.934336e-01 4.675123e-01 -7.334545e-01 0.000000e+00 1
6.779169e+13 -7.400674e+12 -1.477532e+14 8.522626e-01 -4.600017e-01 2.490921e-01 0.000000e+00 1
-5.683215e+13 6.459691e+13 2.337005e+13 -1.012546e-01 -2.474125e-01 9.636050e-01 0.000000e+00 1
-1.187997e+12 -1.299205e+14 5.356738e+13 6.384452e-01 7.613292e-01 1.129850e-01 0.000000e+00 1
1.385024e+14 -4.675466e+13 4.795104e+13 -7.872767e-01 -3.772345e-01 4.877391e-01 0.000000e+00 1
-5.931219e+13 2.790956e+13 -9.682490e+13 3.904114e-01 7.996268e-01 4.562629e-01 0.000000e+00 1
-2.485302e+13 3.403095e+13 3.144798e+13 -7.903503e-02 8.332835e-01 -5.471673e-01 0.000000e+00 1
-1.917006e+13 -2.184798e+13 9.444886e+13 8.078918e-01 -7.492198e-02 5.845490e-01 0.000000e+00 1
-2.131442e+12 6.291772e+12 -1.374113e+14 -2.692704e-01 -7.853957e-01 5.573572e-01 0.000000e+00 1
3.125244e+13 -8.464525e+13 -1.038722e+14 2.251744e-02 5.697766e-02 -9.981215e-01 0.000000e+00 1
-6.825544e+13 5.047572e+13 1.297739e+14 5.473315e-01 -8.361862e-01 -3.494075e-02 0.000000e+00 1
-2.700827e+13 -4.884835e+13 1.130018e+14 -9.470321e-01 -7.762198e-02 3.116169e-01 0.000000e+00 1
-1.027245e+14 -1.027270e+14 4.109135e+13 9.113165e-01 4.115462e-01 1.148873e-02 0.000000e+00 1
4.826076e+13 1.210424e+14 5.037346e+13 4.983368e-01 6.888354e-01 -5.264657e-01 0.000000e+00 1
-2.133830e+13 -7.168984e+13 1.354866e+13 -9.834473e-01 1.456662e-01 1.077621e-01 0.000000e+00 1
-3.709101e+13 1.407337e+14 -7.873656e+13 -4.069625e-02 -3.409849e-03 9.991657e-01 0.000000e+00 1
-7.755618e+13 5.666494e+13 -1.278072e+14 -8.212808e-01 2.861787e-01 -4.935581e-01 0.000000e+00 1
-3.353756e+13 8.420865e+13 1.106746e+14 -2.573002e-01 -8.586371e-01 -4.433271e-01 0.000000e+00 1
1.028786e+14 -4.559899e+13 1.248328e+14 8.530055e-01 4.597159e-01 2.470687e-01 0.000000e+00 1
-1.466073e+14 -6.728293e+13 2.314071e+13 -6.439286e-01 -5.543114e-01 5.273470e-01 0.000000e+00 1
4.342292e+13 1.312246e+14 -4.589666e+12 9.034132e-01 4.136757e-01 -1.127695e-01 0.000000e+00 1
9.518111e+13 -7.277299e+13 -5.683384e+13 5.913377e-01 5.321066e-01 6.059557e-01 0.000000e+00 1
1.580474e+13 -1.689764e+12 1.254262e+13 7.657702e-01 2.935572e-01 -5.722064e-01 0.000000e+00 1
1.095787e+14 -4.152533e+13 9.309273e+13 8.670291e-01 -3.379877e-01 -3.660940e-01 0.000000e+00 1
3.716028e+13 -6.329526e+13 -2.341727e+13 -4.423844e-01 -6.933496e-01 5.688254e-01 0.000000e+00 1
-3.348580e+13 -1.179833e+14 7.864458e+13 -1.163251e-01 7.826019e-01 -6.115577e-01 0.000000e+00 1
4.999763e+13 5.650475e+13 -6.255316e+13 5.606024e-01 3.746152e-01 -7.385042e-01 0.000000e+00 1
-1.443813e+13 -9.734681e+13 -9.304408e+13 -4.980157e-01 -1.349306e-01 8.566061e-01 0.000000e+00 1
-1.465024e+14 2.333771e+13 7.448262e+13 -7.321668e-01 5.085506e-01 4.531093e-01 0.000000e+00 1
7.988739e+13 -9.889040e+11 6.377261e+13 -8.682539e-01 9.946810e-02 4.860466e-01 0.000000e+00 1
9.498982e+13 2.921848e+13 1.291770e+14 -9.085438e-01 3.994883e-01 1.222997e-01 0.000000e+00 1
-1.196003e+14 -1.026789e+14 -1.279880e+13 3.561018e-01 5.619508e-02 9.327559e-01 0.000000e+00 1
2.199681e+13 -5.825967e+13 1.319945e+14 -1.550393e-01 9.743584e-01 -1.630598e-01 0.000000e+00 1
5.733286e+13 1.220185e+14 -5.215934e+13 9.490451e-01 1.204120e-01 2.912289e-01 0.000000e+00 1
-5.077658e+12 -3.262431e+13 1.198032e+14 1.980473e-01 1.876207e-01 -9.620685e-01 0.000000e+00 1
2.716058e+13 -1.064289e+13 -1.345274e+14 -3.169742e-01 4.270650e-01 8.468428e-01 0.000000e+00 1
-1.061173e+13 5.861117e+13 3.403395e+13 -5.749384e-01 -5.915062e-01 5.653018e-01 0.000000e+00 1
7.375443e+13 -5.778730e+13 8.637779e+13 2.219802e-02 9.347489e-01 3.546150e-01 0.000000e+00 1
-3.268350e+13 2.787171e+13 9.044736e+13 7.479129e-01 -5.475764e-01 -3.752151e-01 0.000000e+00 1
1.581300e+13 5.193658e+13 -9.341865e+13 -3.173593e-01 6.022883e-01 -7.324833e-01 0.000000e+00 1
-1.238651e+13 -7.547625e+13 -4.410897e+13 8.839832e-01 -3.719679e-01 2.832199e-01 0.000000e+00 1
4.965363e+13 -7.346722e+13 -1.274459e+14 -2.005276e-01 -9.767976e-01 7.520109e-02 0.000000e+00 1
-8.576160e+13 -1.304706e+14 -2.214264e+13 9.781478e-01 1.999248e-01 -5.706956e-02 0.000000e+00 1
-2.708595e+13 1.103773e+14 -3.951151e+13 -6.075252e-01 6.903769e-01 3.928013e-01 0.000000e+00 1
-6.537529e+13 -3.035113e+13 -1.702282e+13 -9.472613e-01 -2.868670e-01 -1.428401e-01 0.000000e+00 1
-2.781172e+13 4.004661e+13 3.536628e+13 -5.612472e-01 -8.035671e-01 1.981956e-01 0.000000e+00 1
-6.778781e+13 9.506460e+13 -3.831122e+13 4.156600e-01 -5.426237e-01 7.299221e-01 0.000000e+00 1
7.643536e+11 5.622431e+13 -1.317948e+14 -1.313595e-01 -7.972831e-01 5.891386e-01 0.000000e+00 1
5.854728e+13 -1.118664e+14 4.124175e+13 -2.674988e-01 -1.717465e-01 9.481285e-01 0.000000e+00 1
2.770847e+13 -3.641423e+13 -6.740623e+13 -6.331036e-01 -3.553613e-01 -6.876759e-01 0.000000e+00 1
7.627523e+13 7.747885e+13 3.006713e+13 -6.151391e-01 -1.708528e-01 -7.696839e-01 0.000000e+00 1
-6.274137e+13 -1.080192e+14 -6.051357e+13 8.502180e-01 -3.133339e-01 -4.230262e-01 0.000000e+00 1
-5.586602e+13 -4.418875e+13 1.040280e+14 -4.110147e-01 8.963759e-01 1.660641e-01 0.000000e+00 1
-1.243522e+12 1.622757e+14 1.843132e+13 -2.498617e-02 5.463053e-01 -8.372134e-01 0.000000e+00 1
4.621231e+13 9.265384e+13 -3.568876e+13 6.103806e-01 5.412463e-01 5.783493e-01 0.000000e+00 1
-8.892593e+13 3.769585e+13 5.712685e+13 -6.194511e-01 3.042550e-01 -7.236776e-01 0.000000e+00 1
-7.261336e+13 -1.361405e+13 1.019556e+14 -9.619395e-01 -6.069575e-02 2.664366e-01 0.000000e+00 1
7.551701e+13 1.238445e+14 8.713667e+13 -2.949977e-01 7.823108e-01 5.486039e-01 0.000000e+00 1
8.268397e+13 9.181273e+13 9.651627e+13 3.012515e-01 -9.524720e-01 4.521758e-02 0.000000e+00 1
-1.830881e+13 -1.521091e+14 -1.270545e+13 6.328318e-01 -7.728698e-01 -4.686389e-02 0.000000e+00 1
2.299828e+13 1.530785e+14 5.706416e+13 -7.744354e-01 2.146097e-01 5.951408e-01 0.000000e+00 1
-2.398575e+13 1.212642e+14 3.324944e+13 -5.157721e-01 -3.130528e-01 7.974817e-01 0.000000e+00 1
6.211673e+13 -3.539980e+13 2.013830e+13 -4.414607e-02 -9.844067e-01 -1.702780e-01 0.000000e+00 1
-1.252148e+14 -1.545325e+13 1.909648e+13 5.086860e-01 8.592354e-01 5.434189e-02 0.000000e+00 1
8.227261e+13 -1.002358e+13 -3.133953e+13 8.987990e-01 -1.699080e-01 4.040935e-01 0.000000e+00 1
-5.614226e+12 -1.134818e+14 1.934078e+13 -3.268169e-01 -9.186236e-02 -9.406126e-01 0.000000e+00 1
-1.044007e+14 -1.258859e+14 -1.807874e+12 7.390871e-01 5.834962e-01 3.365745e-01 0.000000e+00 1
-9.771168e+13 -1.199108e+14 1.257092e+13 6.658392e-01 -1.514158e-01 7.305693e-01 0.000000e+00 1
-2.414627e+13 -6.274698e+13 -8.848883e+12 -1.617907e-01 -8.605507e-01 -4.829868e-01 0.000000e+00 1
2.862990e+13 -5.984265e+13 1.484077e+14 -3.449466e-02 -7.417960e-01 6.697379e-01 0.000000e+00 1
-2.747268e+13 1.446102e+14 7.004123e+13 2.413274e-01 1.506399e-02 -9.703268e-01 0.000000e+00 1
-3.879427e+13 -1.112793e+13 -5.432420e+13 -4.050359e-01 6.820089e-01 -6.089415e-01 0.000000e+00 1
-1.598899e+14 -3.199137e+13 3.000685e+13 3.956040e-01 -7.619960e-01 5.126983e-01 0.000000e+00 1
-1.331888e+14 -9.180391e+13 -1.366985e+13 -1.301692e-01 5.602155e-01 8.180553e-01 0.000000e+00 1
4.804450e+13 3.162004e+13 -1.434607e+14 -1.073083e-01 -9.838418e-01 1.433184e-01 0.000000e+00 1
2.723528e+13 -1.031891e+14 -6.385064e+13 -5.474582e-01 -3.135090e-01 -7.758877e-01 0.000000e+00 1
1.324126e+14 -7.320217e+13 1.816576e+13 5.744445e-01 7.951245e-01 1.943979e-01 0.000000e+00 1
-5.083397e+13 5.248719e+13 5.621922e+13 7.416674e-02 9.050753e-01 4.187337e-01 0.000000e+00 1
-6.575345e+13 5.687192e+13 -1.375016e+14 9.471789e-02 9.305592e-01 -3.536781e-01 0.000000e+00 1
6.684247e+12 -8.015010e+13 3.627971e+13 -3.103130e-01 -4.393002e-01 -8.430428e-01 0.000000e+00 1
1.025121e+14 1.885919e+13 -9.934382e+11 -4.257464e-01 7.492812e-01 5.072648e-01 0.000000e+00 1
-7.337285e+13 -6.309904e+13 8.196160e+13 -5.110409e-01 -3.026010e-01 8.045308e-01 0.000000e+00 1
-1.317355e+14 -1.524550e+13 -9.419596e+13 8.378434e-01 -8.878077e-03 5.458385e-01 0.000000e+00 1
1.106976e+14 9.802311e+12 -9.889489e+13 -8.007508e-01 2.795618e-01 -5.297578e-01 0.000000e+00 1
-4.045223e+12 4.509919e+13 1.057262e+14 -2.700101e-01 3.820859e-02 9.620991e-01 0.000000e+00 1
1.599071e+13 -7.023575e+13 -1.098798e+14 2.859401e-01 -7.751353e-02 -9.551073e-01 0.000000e+00 1
-3.542218e+12 -3.748452e+13 -1.375429e+14 -1.476963e-01 8.013858e-04 9.890324e-01 0.000000e+00 1
-7.242048e+13 9.424465e+12 -5.387476e+13 -9.425986e-01 -3.338419e-01 7.582237e-03 0.000000e+00 1
1.122193e+13 1.277076e+14 1.558097e+13 6.302493e-01 -7.003956e-01 3.350102e-01 0.000000e+00 1
