# 781 1.000000e+06 1.000000e+04 0.000000e+00 1.000000e+00 5.000000e-01
-5.975116e+12 -6.514065e+12 1.539375e+13 -5.949113e-01 -3.545164e-01 7.213867e-01 4.546395e+00 0 540434
1.216639e+13 -1.343854e+13 -1.217183e+12 6.691720e-02 -9.972062e-01 -3.319375e-02 -9.492639e+00 0 9
1.167779e+13 -1.238073e+13 -2.315583e+11 3.857995e-01 -6.516478e-01 -6.530804e-01 -8.421065e+00 0 77706
2.650705e+12 1.553043e+13 -8.063332e+12 -1.337103e-01 6.801692e-01 -7.207575e-01 -5.424101e+00 0 810020
-7.650540e+11 1.366683e+13 -1.004886e+13 -7.868855e-01 -1.682908e-01 -5.937082e-01 8.128341e+00 0 128524
-8.922403e+12 -9.233024e+12 1.155769e+13 4.521770e-01 -8.887563e-03 8.918839e-01 -3.951602e+00 0 578675
3.150943e+12 7.671461e+12 1.538501e+13 6.619655e-01 2.534703e-01 7.053754e-01 -6.325347e+00 0 423827
2.774956e+12 -1.734916e+12 1.787283e+13 -2.664939e-01 -5.802800e-01 7.695818e-01 5.827115e+00 0 1208820
1.156917e+13 -4.735364e+12 -1.278278e+13 2.802107e-01 -7.724311e-01 -5.699405e-01 -1.096171e+01 0 6106
-2.859669e+12 1.806029e+13 1.701706e+11 -6.268446e-03 9.854045e-01 1.701140e-01 3.985547e+00 0 161039
-2.689789e+13 1.513841e+13 1.425506e+13 -6.046549e-01 7.699759e-01 2.037879e-01 -1.477802e+01 0 113574
-1.324604e+13 1.809782e+13 -6.344965e+12 -4.793593e-01 8.142890e-01 -3.273348e-01 -7.423364e+00 0 7
-1.483677e+13 -2.424477e+11 8.564664e+12 -8.598243e-01 5.091068e-01 -3.889015e-02 6.620609e-01 0 815505
-1.258439e+13 -1.188830e+13 1.692041e+12 -8.346781e-01 3.456623e-01 4.287540e-01 -9.601997e+00 0 32348
-1.658723e+13 1.238344e+13 -3.423442e+12 -8.775595e-01 4.053194e-02 -4.777514e-01 -1.164364e+00 0 2
6.490239e+12 1.671229e+13 -1.349486e+13 -2.391705e-01 8.771102e-01 -4.165035e-01 -2.394013e+00 0 1023933
7.629366e+12 -1.233455e+12 1.582329e+13 -1.111159e-01 -9.970092e-02 9.887937e-01 3.290909e+00 0 7666
-1.010026e+13 -1.213211e+13 -1.010421e+13 -9.382674e-01 -2.538207e-01 -2.350091e-01 1.714638e+00 0 243140
-6.355929e+12 6.114588e+12 1.621795e+13 -1.796121e-01 4.213519e-01 8.889331e-01 2.447320e+00 0 64168
1.149597e+13 3.404877e+12 1.861985e+13 5.974470e-01 -7.390497e-02 7.984956e-01 3.570717e+00 0 925887
-1.015646e+13 1.332680e+13 6.513868e+12 -1.613726e-01 8.534522e-01 4.955585e-01 -2.472555e+00 0 660639
6.031283e+12 -9.064431e+11 -1.630313e+13 2.706175e-01 4.446191e-01 -8.538618e-01 -2.036792e+00 0 55266
-1.652469e+12 1.234857e+13 -1.254034e+13 1.354218e-01 5.328268e-01 -8.353182e-01 5.302400e+00 0 3
1.658659e+13 6.566173e+12 1.113589e+12 7.741969e-01 -6.187956e-01 1.330832e-01 -1.337072e+01 0 7
7.748814e+12 -7.464861e+12 1.399077e+13 5.957424e-01 5.823192e-01 5.531685e-01 -3.095559e-01 0 6
1.400476e+13 -9.815867e+12 -6.242712e+12 3.657178e-01 -9.149544e-01 -1.706135e-01 4.281178e+00 0 1027773
-5.984742e+12 -8.875636e+12 -1.896030e+13 -6.408572e-01 -3.385713e-01 -6.889641e-01 3.868730e+00 0 38555
-8.291813e+12 -1.584429e+13 -6.119350e+10 2.910046e-02 -5.255150e-01 8.502865e-01 7.781006e+00 0 76453
1.514382e+13 -9.915936e+12 -7.199998e+12 8.479407e-01 -2.984564e-01 -4.380871e-01 -2.234873e+00 0 160326
5.026484e+12 1.623109e+13 -3.970828e+12 -7.687745e-01 4.110541e-01 -4.899187e-01 1.504008e+00 0 4
-8.188624e+12 -7.808117e+12 -1.375761e+13 4.417782e-01 -4.775903e-02 -8.958522e-01 7.552659e+00 0 232654
1.442323e+13 4.054223e+12 8.084194e+12 2.501652e-01 6.267773e-01 7.379482e-01 4.908939e+00 0 600994
-4.023379e+12 -5.819793e+12 1.568014e+13 -6.547630e-01 -1.954226e-01 7.301339e-01 -9.172957e+00 0 432678
-3.575193e+12 -1.545817e+13 6.696050e+12 -3.067956e-01 -9.063624e-01 -2.904888e-01 2.949508e+00 0 947669
-8.960770e+11 2.155723e+13 2.389060e+13 1.784095e-01 2.712742e-01 9.458226e-01 -1.110070e+01 0 9
-1.231079e+13 3.051702e+12 1.185551e+13 -5.040544e-01 -3.647862e-01 7.828539e-01 9.821754e+00 0 3500715
5.642140e+12 1.158143e+13 1.236821e+13 3.424723e-02 2.420473e-01 9.696598e-01 -7.560849e+00 0 584554
-4.381611e+12 -1.787878e+12 -1.673623e+13 6.598284e-01 -1.466317e-01 -7.369706e-01 -1.902389e+00 0 76044
7.284667e+12 1.432633e+13 -6.755502e+12 2.536932e-01 6.719356e-01 -6.958033e-01 -3.486473e+00 0 237928
6.919363e+12 1.772219e+13 1.134861e+13 2.587181e-01 7.845417e-01 5.635239e-01 7.804678e+00 0 417134
2.404573e+10 -1.023722e+13 1.365183e+13 -9.514748e-01 -1.453916e-01 2.712141e-01 1.349360e+00 0 693228
1.273965e+13 8.331236e+12 7.680128e+12 4.764420e-01 8.019263e-01 -3.604404e-01 -9.040415e-01 0 6338
-1.116078e+13 -1.384387e+13 -3.610877e+12 -5.461084e-01 -7.072207e-01 -4.490040e-01 -3.250169e+00 0 804585
-5.537111e+12 -1.383313e+13 1.789511e+13 -5.232484e-01 -5.914681e-01 6.134955e-01 -9.508992e+00 0 321404
1.488891e+13 -1.606720e+13 9.171912e+12 6.638641e-01 -7.255205e-01 1.813955e-01 9.709848e+00 0 632642
1.561768e+13 -8.652431e+12 -3.476693e+12 1.422467e-01 -6.720700e-01 -7.266965e-01 -7.027210e-01 0 248628
2.408313e+13 7.346094e+12 1.178037e+13 8.557886e-01 2.778069e-01 4.364049e-01 9.369608e+00 0 113114
1.769101e+13 3.850211e+12 8.320142e+11 9.627121e-01 -2.801535e-02 2.690737e-01 -1.116047e+01 0 1485755
-5.385291e+12 -1.093628e+13 1.184033e+13 -1.720493e-01 -5.914312e-01 7.877869e-01 1.939432e+00 0 42275
9.415452e+11 -1.552118e+13 -7.118240e+12 7.303194e-01 -6.766304e-01 -9.383461e-02 -2.187217e-01 0 69992
-7.022444e+12 1.573337e+13 -9.089157e+11 -7.288493e-01 2.620271e-01 6.325508e-01 1.389341e+00 0 174675
-4.275765e+12 -1.952676e+13 -6.936679e+12 4.759067e-01 -7.841621e-01 -3.982494e-01 1.497449e+01 0 915349
8.558872e+12 6.780990e+12 -1.299027e+13 5.201638e-01 7.171169e-01 -4.638674e-01 4.070897e+00 0 323451
-1.300892e+13 -5.941340e+12 1.019898e+13 -5.000931e-01 -5.961794e-01 6.280741e-01 6.806616e+00 0 738074
1.412124e+13 -1.037816e+13 -1.802717e+12 3.381104e-01 -7.483728e-01 -5.706308e-01 -1.157096e+01 0 420303
-1.232069e+13 -7.967788e+12 -9.014954e+12 -5.158973e-01 -8.025925e-01 -2.994916e-01 -4.089398e+00 0 457270
-1.765568e+13 -4.042101e+12 1.549648e+12 -7.892357e-01 -3.020548e-01 5.346680e-01 -4.701686e+00 0 1940633
-1.162483e+13 -8.016478e+12 -9.671038e+12 -9.934837e-01 4.925805e-02 -1.027800e-01 -1.184338e+01 0 66125
7.104011e+12 -1.472073e+13 4.767756e+12 1.929262e-01 -8.442302e-01 5.000548e-01 -4.253589e+00 0 312622
1.367330e+13 -6.191320e+12 9.276977e+12 1.548436e-01 -7.371309e-01 6.577701e-01 -1.339998e+01 0 7
9.335041e+12 4.179942e+12 -1.612247e+13 6.158316e-01 1.114790e-01 -7.799512e-01 -6.464586e+00 0 494819
-6.509350e+12 -1.222829e+13 1.016670e+13 2.664697e-01 -6.406541e-01 7.201085e-01 -2.223895e+00 0 1
5.053274e+12 -1.645415e+13 -1.837690e+12 -2.534493e-01 -6.908879e-01 6.770800e-01 -7.597428e+00 0 643160
-1.347635e+13 5.795568e+12 -1.013044e+13 -8.922421e-01 2.651568e-01 -3.655077e-01 1.034617e+01 0 923102
7.776949e+12 1.414122e+13 -7.230753e+12 2.218649e-01 8.323854e-01 -5.078490e-01 -2.171378e+00 0 571965
9.603192e+12 -1.473949e+13 -5.090268e+12 3.242229e-01 -5.593945e-01 -7.628612e-01 -5.739420e+00 0 251939
-1.498603e+13 -3.626787e+12 7.245477e+12 -9.852487e-01 5.067773e-02 -1.634529e-01 -5.574608e+00 0 4
1.221092e+13 1.356712e+13 8.434031e+12 3.333150e-01 5.931252e-01 7.328736e-01 8.702778e+00 0 198046
-1.382156e+12 -1.590092e+13 -8.819153e+12 -4.054119e-01 -2.671366e-01 -8.742307e-01 7.690867e+00 0 62582
-1.662111e+13 -5.381490e+12 2.569199e+12 -4.391389e-01 -8.705563e-01 2.220108e-01 1.280136e+01 0 972886
-9.552022e+12 -2.813821e+12 -1.425215e+13 2.526655e-01 3.035660e-01 -9.186990e-01 3.614095e+00 0 6
1.477034e+12 1.327831e+13 -1.090408e+13 1.687410e-01 4.471591e-01 -8.783935e-01 3.667386e+00 0 72252
-6.209663e+12 -1.735220e+13 -1.020420e+12 -3.216036e-01 -8.969683e-01 3.033464e-01 1.055489e+01 0 710275
-4.476641e+12 1.723358e+13 -1.148514e+12 -5.265494e-01 7.739670e-01 -3.517398e-01 -2.196250e+00 0 601064
4.498890e+12 9.494854e+12 1.354296e+13 -4.103780e-01 -2.519024e-01 8.764332e-01 6.756541e+00 0 292411
-2.432527e+12 2.727491e+13 3.251990e+12 -2.716674e-01 9.329238e-01 -2.363261e-01 8.853308e+00 0 269698
-6.306346e+12 9.474737e+12 2.323768e+13 -5.131823e-01 4.894605e-01 7.050336e-01 -6.285776e+00 0 2483
-1.358099e+13 1.243455e+13 -1.531751e+12 -9.890412e-01 1.474902e-01 -6.636221e-03 -3.026175e+00 0 524796
-2.532710e+12 1.082191e+13 -1.565761e+13 6.161950e-01 3.335284e-01 -7.134862e-01 -1.192956e+01 0 224614
-1.510752e+13 1.027788e+13 -2.656510e+13 -4.312001e-01 3.546402e-01 -8.296365e-01 -9.587086e+00 0 138684
-1.611109e+13 3.521939e+12 5.579066e+12 -4.324733e-01 5.778913e-01 -6.921044e-01 -8.336952e+00 0 404095
1.694617e+13 -2.283571e+12 5.006203e+12 8.682082e-01 4.088802e-01 2.811256e-01 1.040925e+01 0 150964
-1.364350e+10 2.660793e+12 -2.066385e+13 -9.073717e-02 -3.196260e-01 -9.431893e-01 -8.991836e+00 0 131757
6.708811e+12 9.416423e+12 1.947017e+13 3.052855e-01 7.307695e-01 6.105545e-01 -7.113203e+00 0 986903
8.597103e+12 -1.501123e+13 -5.861280e+11 7.466919e-01 -6.420327e-01 1.739117e-01 1.081618e+01 0 1726614
-1.336856e+13 -1.620404e+13 2.301042e+12 -9.106728e-01 -2.936530e-01 -2.905907e-01 3.221797e+00 0 262774
-1.581436e+13 -2.672442e+12 -6.205656e+12 -1.212954e-01 2.879931e-01 -9.499197e-01 2.351079e+00 0 141844
1.362791e+13 9.059154e+12 5.120643e+12 6.237248e-01 5.273963e-01 -5.769060e-01 -2.351345e+00 0 17255
-9.467906e+12 2.666476e+12 -1.529642e+13 -9.418605e-01 1.737462e-01 -2.875953e-01 -4.449638e+00 0 253213
1.185326e+13 2.505134e+13 7.675873e+12 3.510732e-01 7.886751e-01 5.047169e-01 -8.974796e+00 0 138660
6.427626e+12 -1.248932e+13 9.979176e+12 -3.893241e-02 -9.320712e-01 -3.601771e-01 -6.416599e+00 0 360682
1.518613e+13 -7.807612e+12 1.647040e+12 -8.544035e-03 -8.984946e-01 -4.389015e-01 1.100225e+00 0 513844
-1.140228e+13 1.729133e+13 -2.273193e+11 -4.631016e-01 8.748944e-01 -1.417629e-01 5.430219e+00 0 633238
1.646400e+12 7.537812e+12 2.556612e+13 5.381025e-02 4.839978e-01 8.734132e-01 -1.219304e+01 0 1486570
-1.378765e+12 -5.849454e+12 1.963127e+13 2.048809e-01 -4.834610e-01 8.510518e-01 -5.916461e+00 0 110226
1.018155e+13 -7.727309e+12 -1.292594e+13 2.792162e-02 -8.809698e-01 -4.723480e-01 -8.018163e-01 0 966036
5.071852e+12 -1.656816e+13 2.313281e+12 4.824161e-01 -7.491062e-01 4.539984e-01 4.573950e+00 0 50581
4.796692e+11 -1.707575e+13 2.314436e+12 -5.844299e-01 -7.128474e-01 3.876728e-01 -1.007883e+00 0 276967
-4.571119e+12 -1.644436e+13 -2.856969e+12 3.878951e-02 -8.246847e-01 -5.642610e-01 1.051822e+01 0 2
1.050021e+13 1.396643e+13 -3.783189e+11 7.419386e-01 4.996037e-01 -4.471279e-01 -5.603266e+00 0 552240
-5.647614e+12 8.374970e+12 1.468283e+13 -9.558726e-01 1.621944e-01 2.449500e-01 9.324755e+00 0 1877956
6.854230e+12 -1.239663e+13 9.609439e+12 7.625409e-01 -6.166941e-01 -1.954990e-01 1.233951e+01 0 284031
-1.129473e+13 2.043029e+12 1.672629e+13 -8.995150e-01 -2.529869e-01 3.561887e-01 -4.499277e+00 0 17
1.216571e+13 5.113925e+12 1.849639e+13 5.509504e-01 -1.394446e-01 8.228055e-01 9.010621e+00 0 651018
-1.031951e+13 -1.492304e+13 4.093529e+12 9.555754e-02 -8.743343e-01 4.758239e-01 1.129411e+01 0 1801087
-1.488499e+13 -2.200631e+13 2.379665e+13 -5.699530e-01 -6.762213e-01 4.667745e-01 -1.087044e+01 0 322363
1.332765e+13 -6.782870e+11 1.110994e+13 8.555085e-01 -5.070019e-01 1.051394e-01 -7.294572e+00 0 2119423
1.132606e+13 5.111414e+12 -1.170495e+13 -2.110926e-01 -6.844461e-01 -6.978348e-01 -9.020605e+00 0 15171
4.600755e+11 1.633156e+13 -4.780328e+12 -6.255497e-02 8.661736e-01 4.958126e-01 3.276868e-01 0 606819
1.074560e+13 -9.510315e+12 9.184467e+12 6.500457e-01 -3.121235e-01 6.928344e-01 -3.327591e+00 0 143057
-6.635617e+12 1.088196e+13 -1.127137e+13 -6.840339e-01 2.440456e-01 -6.874150e-01 -8.148803e-03 0 27623
2.980426e+12 -1.104066e+13 1.257432e+13 7.784656e-01 -5.436304e-02 6.253287e-01 2.609092e-03 0 857075
1.089008e+13 6.729061e+12 -1.134448e+13 9.007641e-01 1.510957e-01 -4.071782e-01 -1.188577e+01 0 864995
7.605941e+12 1.069120e+13 2.195988e+13 5.747174e-01 5.042327e-01 6.445536e-01 7.977178e+00 0 1081488
-1.376509e+13 2.543405e+12 -1.102865e+13 -2.776862e-01 -1.999948e-01 -9.396236e-01 8.039977e+00 0 93726
-5.100975e+12 -1.774893e+13 6.093916e+12 -3.530831e-01 -8.586312e-01 -3.715977e-01 5.637989e+00 0 87244
-4.178569e+12 -1.133837e+13 -1.355568e+13 -1.385454e-02 -3.678569e-01 -9.297792e-01 -2.285171e+00 0 995482
1.723820e+13 -8.375246e+12 7.471993e+11 9.866084e-01 4.740545e-02 -1.560657e-01 1.289187e+01 0 437754
-1.705623e+13 -1.129454e+13 -3.542778e+12 -4.799834e-01 -6.676361e-01 -5.691028e-01 -1.907913e+00 0 286109
-3.098057e+12 9.480309e+12 1.426313e+13 -2.520470e-01 8.474902e-02 9.639968e-01 -2.477670e+00 0 1709628
-7.508871e+12 -1.649589e+13 2.840964e+12 -4.036941e-01 -7.471461e-01 5.280187e-01 -6.775304e+00 0 290316
-4.244643e+12 -8.654704e+12 1.432942e+13 6.228932e-01 2.588399e-01 7.382451e-01 -6.640504e+00 0 296105
7.655032e+12 -1.315023e+13 -8.128589e+12 1.348872e-01 -8.855305e-01 -4.445685e-01 7.268918e+00 0 172088
-1.810492e+13 -1.858942e+13 6.268538e+12 -6.067132e-01 -7.807973e-01 1.491803e-01 1.127528e+01 0 92986
-1.601306e+13 -8.327749e+12 3.166965e+12 -9.697014e-01 1.066088e-01 2.198038e-01 -9.355653e+00 0 2
-1.218561e+13 1.149881e+13 4.003041e+12 -6.465636e-01 2.467541e-01 7.218504e-01 7.493180e+00 0 572723
-6.343361e+12 1.084686e+13 -1.330958e+13 2.808028e-01 9.593891e-01 -2.687598e-02 -1.135005e+01 0 277964
-1.677327e+13 2.285245e+11 -5.856970e+12 -9.100114e-01 -3.902178e-01 1.400335e-01 5.904123e+00 0 96705
1.950596e+13 -4.579926e+11 7.142912e+12 6.177431e-01 6.350923e-01 4.637361e-01 -4.486238e-01 0 1338138
-9.319904e+12 1.506800e+13 9.790435e+11 6.590774e-02 8.957217e-01 -4.397031e-01 -7.295624e-02 0 1044764
4.713519e+11 1.677224e+13 4.020902e+12 4.062957e-02 5.998319e-01 7.990938e-01 3.855519e+00 0 177318
2.289164e+13 7.525858e+11 5.907029e+12 9.837150e-01 1.438751e-01 -1.077254e-01 3.756094e+00 0 3581
9.007532e+12 -1.120500e+13 -9.634608e+12 6.160057e-01 -6.726892e-01 -4.099100e-01 6.077080e+00 0 526482
5.819500e+11 -1.969933e+13 2.919592e+12 2.178162e-01 -8.542539e-01 4.720236e-01 -8.374865e+00 0 53305
-1.766053e+13 -8.036273e+12 -3.064952e+12 -7.566776e-01 -6.331424e-01 1.630023e-01 7.767908e+00 0 86201
2.896128e+12 -1.067199e+13 -1.375958e+13 -4.931672e-02 -9.982946e-01 -3.123770e-02 -8.518090e+00 0 348685
1.321993e+12 -1.262094e+13 1.146237e+13 8.385485e-01 -1.705859e-01 5.174330e-01 -4.228326e+00 0 423419
-8.551450e+12 -1.350067e+12 -1.524436e+13 4.041100e-01 -3.410433e-01 -8.487547e-01 9.225912e+00 0 2449993
1.228906e+12 1.618321e+13 5.671707e+12 -7.590090e-01 6.191767e-01 -2.013098e-01 -2.784616e+00 0 1353823
-5.623690e+11 1.710512e+13 6.506005e+11 1.116413e-01 3.975130e-01 -9.107797e-01 4.679929e+00 0 118063
-1.496600e+13 1.936352e+12 -1.108001e+13 -5.068595e-01 5.777288e-01 -6.397835e-01 -1.168188e+01 0 349537
-6.785303e+12 5.153740e+12 1.829296e+13 -6.390884e-01 6.127237e-01 4.649039e-01 8.943883e+00 0 285894
-1.880787e+13 -1.771084e+12 -7.464367e+11 -8.698773e-01 3.834517e-01 -3.102873e-01 2.355917e+00 0 1007344
-1.247556e+12 -1.649295e+13 6.339453e+12 5.499762e-01 -4.160154e-01 7.241943e-01 -3.662819e+00 0 142862
-1.075719e+13 -1.338142e+13 -3.849049e+12 -7.758177e-01 1.016762e-01 -6.227109e-01 -1.107523e+01 0 136363
-1.282021e+13 -4.474351e+12 1.129491e+13 -8.298187e-01 -4.662581e-01 3.066011e-01 3.423988e+00 0 75484
8.327397e+12 -1.445833e+13 4.118319e+12 4.673873e-01 -8.726605e-01 1.414667e-01 4.366453e+00 0 611591
-3.236829e+12 -9.850316e+12 -1.535862e+13 -5.946908e-02 2.656856e-01 -9.622238e-01 -8.989003e+00 0 636480
4.844753e+12 -6.546256e+12 2.240085e+13 1.902369e-01 -5.743769e-01 7.961791e-01 1.050562e+01 0 34243
1.256696e+13 1.082530e+13 -7.945621e+12 9.352988e-01 2.655509e-01 -2.338780e-01 5.923973e+00 0 909336
-3.254111e+12 1.572758e+13 9.027520e+12 -6.827849e-01 7.026627e-01 2.001747e-01 -3.453510e+00 0 569643
-2.852581e+12 -1.501501e+13 -7.919967e+12 -4.243599e-01 -8.246496e-01 -3.739943e-01 -9.721534e+00 0 5
-8.467814e+12 1.284299e+13 -7.522116e+12 -8.388796e-01 4.251211e-01 -3.399311e-01 7.222683e+00 0 737340
5.075021e+12 2.251930e+12 -1.653730e+13 2.661510e-03 7.469172e-01 -6.649118e-01 8.081901e+00 0 123032
1.361451e+13 9.932029e+12 3.637761e+12 7.506802e-01 6.500679e-01 -1.178599e-01 -3.482089e+00 0 1
1.198314e+13 -1.287664e+13 -2.648031e+12 6.312195e-01 -7.377937e-01 -2.392120e-01 -6.966079e+00 0 26177
1.288532e+13 -7.294110e+12 8.424058e+12 7.365072e-01 -6.060029e-01 -3.005290e-01 -8.360104e+00 0 1839412
1.103739e+13 8.707408e+12 1.213444e+13 6.874809e-01 6.010402e-01 4.075791e-01 6.880359e+00 0 549144
9.346986e+12 -5.694883e+12 -1.331148e+13 6.134819e-01 -5.377173e-01 -5.783598e-01 3.192410e+00 0 50164
-2.114532e+12 -1.659265e+12 -2.068882e+13 -4.658996e-01 1.712167e-01 -8.681143e-01 -1.023937e+01 0 1137553
-1.598383e+13 -1.098242e+13 2.906512e+12 -9.924283e-01 -9.605536e-02 7.654751e-02 4.225429e+00 0 159313
1.221592e+13 -6.267831e+11 -1.258412e+13 2.247236e-01 -1.443793e-04 -9.744225e-01 6.327783e+00 0 154864
-1.350899e+13 -9.229718e+12 4.782717e+12 -2.170039e-01 -5.564913e-01 8.020141e-01 -1.450584e+00 0 79288
-9.398223e+12 1.101679e+13 -1.411732e+13 -2.976484e-01 7.491515e-01 -5.917579e-01 -9.253261e+00 0 343294
2.405683e+12 9.115948e+12 1.645270e+13 7.752050e-01 -1.365411e-01 6.167769e-01 1.996267e+00 0 78680
1.872639e+13 2.175850e+12 -4.693418e+12 8.518178e-01 5.154138e-01 -9.356895e-02 -1.391425e+00 0 1673535
-2.212991e+11 1.738983e+13 1.425173e+12 6.001809e-01 7.349439e-01 3.156588e-01 3.072749e+00 0 1185418
1.238296e+13 1.371389e+13 -5.774478e+12 4.518087e-01 6.198080e-01 -6.416440e-01 -1.112041e+01 0 626652
-1.324638e+13 -8.769759e+12 6.175914e+12 -6.865665e-01 -6.964475e-01 -2.087758e-01 3.002028e+00 0 172148
-2.303991e+13 -1.642971e+13 1.789908e+13 -6.214538e-01 -4.827709e-01 6.170311e-01 1.229012e+01 0 561917
1.763469e+13 3.057979e+12 -1.239851e+13 7.570899e-01 -2.146938e-01 -6.170263e-01 3.277891e+00 0 600448
-1.355724e+13 -7.151996e+12 -8.153225e+12 -6.745598e-01 -6.700367e-01 3.098708e-01 6.700068e+00 0 198178
-8.896647e+12 1.237397e+13 7.642927e+12 -8.574052e-01 3.618923e-01 -3.659103e-01 -7.117002e-01 0 301658
-1.742498e+13 1.639514e+12 -3.779221e+12 -9.534336e-01 2.131645e-01 2.133664e-01 2.844465e+00 0 1915761
1.559707e+12 1.558303e+13 -8.002441e+12 -4.049531e-01 8.542262e-01 3.260531e-01 1.048580e+01 0 3669038
-1.256334e+13 -1.242475e+13 -1.653121e+10 -8.571321e-01 -5.786557e-02 5.118361e-01 2.393247e+00 0 291782
-1.117163e+13 6.607819e+12 1.310802e+13 -9.396913e-01 2.982677e-01 1.673817e-01 4.013471e+00 0 102374
6.624615e+12 3.270209e+12 1.527018e+13 3.038015e-01 -6.873715e-02 9.502525e-01 -4.538434e-01 0 16282
9.957094e+12 -1.572496e+13 -3.979456e+12 3.865958e-02 -3.891073e-01 -9.203809e-01 -9.963676e+00 0 1078669
1.456104e+13 9.029136e+12 2.265498e+12 9.786176e-01 1.085862e-01 1.746903e-01 1.314801e+00 0 1196463
-1.677297e+13 5.422812e+12 -2.743931e+12 -8.184267e-01 6.199582e-02 -5.712567e-01 1.324103e+01 0 765840
-8.063467e+11 1.529736e+13 -7.401609e+12 -5.885077e-01 6.684829e-01 -4.547409e-01 2.454768e+00 0 102992
-1.936395e+13 1.316620e+13 -6.879778e+12 -6.605796e-01 3.080930e-01 -6.846264e-01 -1.153895e+01 0 2889
1.025822e+13 3.688003e+12 -1.916321e+13 7.714688e-01 -3.863557e-01 -5.055345e-01 3.560337e+00 0 507986
-8.485809e+12 1.084134e+13 1.136297e+13 -7.138105e-01 9.104073e-02 6.943962e-01 -3.683682e+00 0 963062
-8.460266e+12 5.815019e+12 2.832659e+13 -1.382948e-01 -1.185145e-01 9.832746e-01 9.709487e+00 0 3911417
9.398396e+12 -8.331614e+12 -1.235771e+13 -4.499549e-01 -5.342489e-01 -7.156247e-01 -3.843160e-01 0 858838
3.202353e+12 1.665537e+13 1.914934e+12 -7.796426e-01 4.501841e-01 4.353065e-01 1.141241e+01 0 278687
-2.704582e+12 7.069866e+12 1.577855e+13 3.803916e-01 9.084035e-01 1.735086e-01 5.148101e+00 0 152911
1.634658e+13 4.179680e+12 -4.831299e+12 2.914127e-01 9.534269e-01 7.781857e-02 6.118056e-01 0 1618797
3.663571e+12 -1.520631e+13 -8.729776e+12 -8.262416e-02 -1.042801e-02 -9.965262e-01 -2.544973e+00 0 1181019
-1.006782e+13 -1.366931e+13 5.559734e+11 -9.030127e-01 -7.540437e-02 4.229448e-01 -7.706030e+00 0 1260120
-1.372968e+13 1.010708e+13 5.824236e+12 -9.713941e-01 2.110370e-01 1.088897e-01 -4.920278e+00 0 313923
1.240260e+13 2.256492e+12 1.196376e+13 4.978814e-01 8.285678e-01 2.561043e-01 -3.084488e-01 0 1932689
-1.449698e+13 4.426436e+12 8.473160e+12 -3.499374e-01 9.253119e-01 1.460878e-01 -1.429511e+01 0 2
-2.709130e+12 -1.328709e+13 1.075705e+13 -1.199588e-01 -3.920818e-01 9.120755e-01 -4.074970e+00 0 2426214
-1.472784e+13 -4.036717e+12 8.162462e+12 -8.310442e-01 2.730743e-01 -4.845575e-01 6.256946e+00 0 270998
-1.216987e+13 -7.752572e+12 9.018770e+12 -6.784386e-01 -7.276647e-01 1.011189e-01 1.096931e+01 0 1987789
8.622550e+12 8.281651e+11 1.910433e+13 -1.848983e-01 -2.202315e-01 9.577634e-01 -7.764294e+00 0 2
1.534043e+13 3.656624e+12 1.041435e+13 2.807682e-01 -2.944162e-01 9.135033e-01 5.664594e+00 0 1091448
-2.724672e+12 1.164515e+13 1.559139e+13 -5.526706e-03 6.101276e-01 7.922839e-01 4.327404e+00 0 977117
1.450987e+13 -1.924908e+12 -1.024765e+13 9.229695e-01 -2.968392e-03 -3.848616e-01 6.050676e+00 0 2
-1.221161e+13 5.906819e+12 -1.154533e+13 -9.020284e-01 -1.079761e-01 -4.179544e-01 3.352951e-01 0 2
-9.089727e+12 1.509566e+13 -5.621542e+12 -5.071587e-02 9.597709e-01 -2.761661e-01 4.055808e+00 0 393346
-8.056433e+12 -3.425474e+12 1.802531e+13 -3.508916e-01 2.199944e-01 9.102074e-01 -7.267241e+00 0 100626
-1.153953e+13 -1.003696e+13 7.844485e+12 -8.442768e-01 -4.571864e-01 -2.796022e-01 -7.562584e+00 0 88102
-1.865134e+13 -3.847321e+12 8.683251e+12 -4.905583e-01 -6.297582e-01 6.022932e-01 9.393704e+00 0 94319
1.277293e+13 -6.335827e+12 9.998723e+12 8.052930e-01 -5.686809e-01 -1.676458e-01 3.496211e+00 0 2701628
-5.230353e+12 1.540237e+13 -5.456998e+12 -2.514157e-01 8.300331e-01 -4.978304e-01 9.410036e+00 0 167270
1.576904e+13 4.374324e+12 7.698687e+12 8.689944e-01 -2.766943e-01 4.102305e-01 -9.577064e+00 0 261343
-1.454967e+13 1.355174e+13 1.443234e+13 -5.277224e-01 4.071926e-01 7.454551e-01 8.525376e+00 0 1211239
1.699466e+13 -8.564867e+12 -1.432689e+13 9.050676e-01 -2.864684e-01 -3.143064e-01 7.751577e+00 0 6555
2.486464e+12 -1.224290e+13 1.460753e+13 4.860228e-01 -5.516562e-01 6.778328e-01 6.380504e+00 0 224591
1.061512e+13 8.278433e+12 -1.128944e+13 3.598191e-02 -2.616906e-01 -9.644809e-01 1.783141e+00 0 5
8.344872e+12 1.681595e+13 -1.442918e+12 9.456703e-01 1.699298e-01 -2.771850e-01 -1.284607e+01 0 394157
2.695401e+12 -1.733122e+13 8.448493e+12 5.601078e-01 -8.239444e-01 8.599303e-02 8.590037e+00 0 928621
-1.328206e+13 -1.076269e+13 1.225900e+12 -7.011546e-01 5.385229e-01 4.673065e-01 -1.752746e+00 0 660599
1.282201e+13 1.855098e+12 -1.108978e+13 2.584690e-01 9.538836e-01 -1.526431e-01 1.246943e+01 0 193953
-1.355327e+13 4.845797e+12 -1.095635e+13 -7.052460e-01 4.840031e-01 -5.180435e-01 3.567321e+00 0 2
-8.621625e+12 -1.296822e+13 -9.059963e+12 -9.861529e-01 -1.656222e-01 -8.475206e-03 -6.507919e+00 0 66673
-9.952672e+12 -1.220208e+13 -1.035650e+13 -1.841373e-01 -9.823325e-01 -3.341183e-02 -6.102303e+00 0 1581454
1.860692e+12 -1.582500e+13 6.465189e+12 -7.344769e-01 -6.610184e-01 -1.536175e-01 -9.118271e+00 0 3
1.239364e+13 -1.057860e+13 -4.734598e+12 7.196929e-01 -1.445330e-01 -6.790819e-01 1.138453e+01 0 853680
-1.581463e+13 -3.065676e+12 -6.169098e+12 -7.343312e-01 1.494400e-01 -6.621369e-01 3.421757e+00 0 306075
1.037023e+13 -1.677600e+12 1.477226e+13 5.923707e-01 2.501119e-01 7.658596e-01 1.039636e+01 0 1053991
-3.938339e+12 -2.083033e+13 8.737810e+11 -1.552076e-01 -8.607184e-01 -4.848448e-01 -8.564002e+00 0 102799
2.414687e+12 1.612832e+13 5.262861e+12 2.526666e-01 5.427291e-01 8.010023e-01 3.022780e+00 0 535964
-1.665011e+13 7.636119e+12 -4.115457e+11 -7.682087e-01 4.024126e-01 -4.979152e-01 5.621804e+00 0 2
-8.826960e+12 -1.474833e+13 3.881152e+12 -1.695921e-01 -2.729059e-01 9.469746e-01 2.151452e+00 0 846522
-8.322950e+12 4.623503e+12 -1.509433e+13 -3.773466e-01 -1.093115e-01 -9.195980e-01 -2.153462e+00 0 399575
-9.830266e+12 -9.566285e+12 -1.027614e+13 9.559180e-02 -6.360618e-01 -7.656942e-01 -6.121679e-01 0 396704
3.594301e+11 1.405582e+13 1.075907e+13 -3.530924e-01 8.836719e-01 3.073267e-01 -3.072586e+00 0 1020916
1.038032e+13 1.471532e+13 2.686210e+12 6.575767e-01 6.585346e-01 3.659579e-01 -7.261027e+00 0 12366
-2.477857e+12 8.537769e+12 -1.533197e+13 -6.270400e-01 6.769966e-01 -3.853525e-01 -3.112071e+00 0 464295
-7.908505e+11 8.280779e+12 2.166495e+13 2.876830e-01 2.435690e-01 9.262357e-01 4.804214e+00 0 557656
-1.523981e+13 -8.999966e+12 -7.692747e+11 -7.862173e-01 5.608082e-01 -2.595314e-01 -1.583486e+01 0 664948
-1.684854e+13 2.276155e+12 7.869094e+11 -3.548979e-01 1.843327e-01 9.165527e-01 5.367031e+00 0 119404
1.307987e+13 5.930402e+12 -1.340919e+13 8.403987e-01 5.276282e-01 1.238490e-01 -7.896413e+00 0 615758
-5.989920e+12 6.083796e+12 -1.470449e+13 3.328843e-01 3.862960e-01 -8.602113e-01 3.571929e+00 0 3712
1.360020e+13 9.034111e+12 7.693302e+12 8.286732e-01 -1.053454e-01 5.497300e-01 -7.578724e+00 0 466930
-1.191395e+13 2.456881e+12 -1.197933e+13 1.110377e-01 6.455374e-01 -7.556138e-01 -7.720656e+00 0 1
1.505631e+13 -9.707393e+12 1.480129e+13 9.131897e-01 -2.865741e-01 2.897583e-01 9.989481e+00 0 262558
-2.213928e+12 1.329406e+13 1.031882e+13 -2.463343e-01 7.648045e-02 9.661626e-01 1.345772e+00 0 1
1.189005e+13 5.284655e+12 -1.091203e+13 -2.615744e-01 4.100877e-01 -8.737316e-01 1.455018e+00 0 18976
1.826596e+13 6.654206e+12 -1.679971e+12 3.619753e-01 9.318308e-01 -2.579018e-02 1.325383e+01 0 39826
1.253169e+12 -1.638471e+12 1.748527e+13 -2.602702e-01 8.529807e-01 4.524195e-01 -5.804630e+00 0 184024
8.415090e+12 3.710256e+12 -1.502148e+13 8.627055e-01 -4.807892e-01 -1.567830e-01 -8.297447e+00 0 1627219
-7.873331e+12 -1.843625e+13 1.715306e+12 -3.598942e-05 -9.991779e-01 -4.054099e-02 -2.125795e+00 0 677482
1.006419e+11 -1.581932e+13 -8.701470e+12 3.161369e-01 -9.244296e-01 2.132777e-01 7.726693e+00 0 12438
-1.008151e+13 9.619973e+12 -9.762195e+12 -4.032437e-01 1.509057e-01 -9.025641e-01 5.629811e+00 0 1050355
1.763098e+13 -1.551515e+13 -2.201418e+12 4.617308e-01 -7.755345e-01 -4.305240e-01 -1.415115e+01 0 2785650
3.385059e+12 -1.923386e+13 -7.834703e+12 5.610115e-01 -8.232558e-01 -8.669428e-02 1.018363e+01 0 75312
-3.700204e+10 1.159795e+13 -1.464367e+13 -1.472884e-01 -3.053609e-02 -9.886221e-01 6.098736e+00 0 18857
-1.165849e+13 -1.029941e+13 7.459497e+12 1.182003e-01 -9.011906e-01 4.169942e-01 6.968065e+00 0 142243
-8.333424e+12 1.705001e+13 -2.274325e+12 2.223072e-01 9.655893e-01 1.349700e-01 -1.207612e+01 0 128025
4.840684e+12 1.477793e+13 -7.962134e+12 -2.809176e-01 9.090097e-01 3.078745e-01 1.279768e+01 0 583433
1.171999e+13 -3.823000e+12 1.168083e+13 8.254922e-01 -3.752288e-01 4.216231e-01 -7.835296e+00 0 601142
-3.733362e+11 1.141880e+13 1.329958e+13 3.420382e-01 4.728427e-01 8.120527e-01 4.027325e+00 0 461846
8.655316e+12 -1.405970e+13 3.995131e+12 7.242887e-01 -2.721981e-01 -6.334935e-01 -2.160796e+00 0 20556
-4.799820e+12 -4.047081e+12 -1.680841e+13 -7.535486e-02 -4.594393e-01 -8.850069e-01 5.637214e+00 0 357297
-7.168554e+12 2.132171e+12 -1.578186e+13 9.834722e-02 -3.858770e-01 -9.172932e-01 -2.343612e+00 0 1503082
6.689331e+12 -3.567119e+12 -1.786551e+13 8.458981e-01 -3.587333e-01 -3.946731e-01 9.604471e+00 0 214812
5.395073e+12 2.081371e+13 -1.007300e+13 2.555570e-01 8.827169e-01 -3.943368e-01 -9.009094e+00 0 904630
-2.557423e+13 6.072617e+12 6.570895e+12 -9.718618e-01 2.647763e-02 -2.340589e-01 -4.096834e+00 0 867954
1.037308e+13 -1.428792e+13 1.229802e+11 7.845231e-01 -6.093083e-01 1.151820e-01 -3.805645e+00 0 79028
-3.894610e+13 -4.671169e+12 -1.091607e+13 -9.766744e-01 2.314876e-02 -2.134745e-01 -8.989383e+00 0 168014
-5.064905e+12 -1.139702e+13 -1.409451e+13 -4.081502e-03 -8.989469e-01 -4.380387e-01 9.714286e+00 0 1119774
-1.218549e+13 1.996802e+13 1.039121e+13 -5.982821e-01 5.462374e-01 5.862450e-01 -6.910251e+00 0 1176986
-1.501007e+12 -1.486408e+13 8.355868e+12 3.040382e-01 -8.548441e-01 4.204787e-01 -2.589838e+00 0 471355
-9.833369e+12 1.314524e+13 4.435731e+12 -6.849050e-01 7.285973e-01 -7.152782e-03 -1.547490e+00 0 1295025
1.140123e+13 1.074246e+13 7.094687e+12 2.945362e-01 7.188765e-01 6.296546e-01 7.905213e+00 0 5
-1.288218e+13 1.238832e+13 -4.797046e+12 -8.806576e-01 4.593984e-01 -1.157383e-01 7.805575e+00 0 115940
1.656567e+13 -3.607532e+12 -7.294636e+12 3.812884e-01 2.814370e-01 -8.805750e-01 9.309417e+00 0 3
9.382611e+12 1.409646e+13 -5.562926e+12 4.122023e-02 1.767754e-01 -9.833877e-01 4.208000e+00 0 4
-2.205568e+12 1.599820e+13 -8.831836e+12 2.347340e-01 5.372146e-01 -8.101237e-01 -8.431658e+00 0 4920
-8.899421e+12 1.882331e+13 -5.349576e+12 4.018410e-03 9.297159e-01 -3.682555e-01 -9.965172e+00 0 566757
-1.245386e+13 4.717510e+12 -1.746615e+13 -6.959837e-01 -1.854423e-01 -6.936986e-01 8.029866e+00 0 747549
-4.129849e+12 -9.411402e+12 1.357424e+13 1.886643e-01 -8.528155e-01 4.869409e-01 -1.996399e+00 0 376621
-5.195576e+12 1.506923e+13 1.088158e+13 -5.481994e-01 4.414667e-01 7.103411e-01 9.443778e+00 0 518450
-2.156043e+12 -7.717335e+12 -1.500030e+13 -3.421851e-01 -5.846053e-01 -7.356262e-01 1.828014e-01 0 46981
1.246825e+13 1.200985e+13 7.245862e+11 3.867156e-01 7.463753e-01 5.416410e-01 4.835968e+00 0 883174
1.976340e+13 1.438261e+12 2.209562e+12 6.338187e-01 7.469477e-01 -2.008560e-01 -1.421170e+00 0 2441437
-4.118624e+12 1.840624e+13 -1.115821e+13 2.683500e-01 5.390271e-01 -7.983972e-01 6.260585e+00 0 44475
-7.960513e+12 -1.929377e+13 2.826881e+12 -5.323155e-01 -6.443783e-01 5.490143e-01 6.505908e+00 0 738534
-1.231840e+12 -1.883730e+13 -2.097951e+12 8.725875e-02 -7.704551e-01 6.314942e-01 -1.988840e+00 0 310217
-1.071550e+13 7.923697e+12 1.189391e+13 -6.122270e-01 -5.136404e-01 6.011253e-01 -3.645753e+00 0 2550119
-7.576371e+12 -9.307341e+12 1.229927e+13 -7.779333e-01 -5.590492e-01 2.868516e-01 -6.568720e+00 0 236017
-1.375171e+13 8.860118e+12 4.617222e+12 -2.956333e-01 8.878846e-01 -3.525079e-01 -1.183049e+01 0 1183876
1.545408e+13 -2.706229e+12 -1.215394e+13 8.718335e-01 4.885510e-01 -3.498897e-02 2.752563e-01 0 32434
3.534285e+12 9.573058e+12 -1.436849e+13 7.282814e-01 6.611628e-01 1.801943e-01 -6.733878e+00 0 200972
-2.932427e+12 -5.355513e+12 -2.239920e+13 -6.623230e-02 -6.069007e-01 -7.920131e-01 -9.659965e+00 0 1378134
3.672538e+12 1.495611e+13 -7.181971e+12 2.819413e-01 5.964985e-01 7.514643e-01 4.727669e+00 0 222829
-7.249787e+12 -5.940862e+12 -1.414466e+13 1.877071e-01 8.133494e-01 -5.506621e-01 -1.061293e+01 0 9
1.528324e+13 -1.091893e+13 -3.470427e+12 8.415113e-02 -9.961535e-01 2.442976e-02 -1.503850e+01 0 644974
1.087547e+13 1.161254e+13 7.267535e+12 5.512587e-01 3.354569e-01 7.639257e-01 -5.288214e+00 0 487205
2.735673e+12 -8.596146e+11 1.989804e+13 2.212137e-03 6.333996e-01 7.738217e-01 6.236607e+00 0 1222491
-1.339739e+13 9.749167e+12 3.772364e+12 -6.533535e-01 7.838446e-02 7.529841e-01 6.604530e+00 0 402402
-1.635346e+13 8.010255e+12 2.428505e+13 -7.215648e-01 8.064296e-02 6.876343e-01 9.675760e+00 0 3184076
3.817296e+12 1.166379e+13 -1.515159e+13 5.380263e-01 6.636674e-01 -5.196858e-01 8.614735e+00 0 357281
-7.261527e+12 2.248879e+13 -3.558230e+12 -4.316339e-02 9.078497e-01 -4.170682e-01 -1.236705e+01 0 12
4.351126e+12 -1.640353e+13 5.346373e+12 6.557695e-01 -7.421840e-01 -1.383091e-01 -3.474605e+00 0 274504
1.382433e+13 -1.220363e+13 7.621424e+12 8.056496e-01 -2.905224e-01 -5.162610e-01 -4.817635e+00 0 284112
-1.715677e+13 -1.487045e+12 -5.819659e+12 -7.753301e-01 -6.309446e-01 2.778750e-02 9.008723e+00 0 125039
-1.064364e+13 -3.303697e+12 -2.002712e+13 -4.247141e-01 4.568389e-01 -7.816113e-01 -1.275285e+01 0 1026325
1.753229e+13 1.101147e+13 -9.106867e+12 6.705362e-01 2.542130e-01 -6.969627e-01 -1.039063e+01 0 127646
1.479702e+13 -4.019452e+12 7.924255e+12 8.227484e-01 -5.351530e-01 1.915626e-01 -7.938512e+00 0 2171037
-1.083542e+13 1.308953e+13 6.638187e+12 -8.596137e-01 4.009286e-01 3.167343e-01 -5.027218e+00 0 88121
-1.063658e+13 -2.260109e+12 1.417040e+13 -6.819139e-02 -3.003981e-01 9.513732e-01 -5.968441e+00 0 97781
1.599648e+13 -4.305192e+12 -3.890508e+12 6.863773e-01 -4.783465e-01 -5.477872e-01 5.087815e-01 0 1963309
2.787489e+12 1.513893e+13 7.622109e+12 -3.802831e-02 3.444258e-01 9.380430e-01 -1.172272e+01 0 774312
4.288926e+12 1.098922e+13 -1.431721e+13 -6.057144e-02 8.781721e-01 -4.744944e-01 8.942296e+00 0 614750
-5.685082e+12 -1.739751e+13 -5.448121e+12 1.246506e-02 -7.214559e-01 -6.923482e-01 8.611525e+00 0 261933
-8.955326e+12 1.008347e+13 1.085928e+13 -2.621601e-02 -3.874172e-01 9.215317e-01 -5.345068e+00 0 156191
-1.657565e+13 -3.543808e+12 -5.194175e+12 -8.448473e-01 -5.224715e-01 -1.151370e-01 1.009575e+01 0 156779
1.260034e+11 -5.895095e+12 1.776369e+13 -1.682276e-01 -1.659554e-01 9.716781e-01 -1.337161e+01 0 212929
2.328572e+12 1.704167e+13 -2.605848e+12 7.567320e-01 6.401642e-01 -1.324634e-01 -1.113961e+01 0 375380
-8.990185e+12 1.764661e+13 -7.734222e+12 -4.128199e-01 4.471479e-01 -7.934976e-01 9.897332e+00 0 61451
-1.054866e+13 1.331123e+13 -6.114590e+12 -6.112225e-01 7.221991e-01 -3.237831e-01 8.728925e+00 0 1016762
-1.274700e+13 -4.400274e+12 1.144123e+13 -6.785651e-01 -3.244109e-01 6.590198e-01 -4.438341e+00 0 84810
-2.159841e+12 -2.035760e+13 -6.873249e+12 -1.428822e-02 -9.423959e-01 -3.341942e-01 -8.263971e+00 0 2386617
1.597883e+13 2.688542e+12 5.495131e+12 5.736298e-01 5.088826e-01 -6.418624e-01 8.672744e+00 0 1
1.297019e+12 1.127132e+13 1.812666e+13 2.003189e-01 9.478731e-01 2.478083e-01 7.829270e+00 0 895202
1.585803e+13 4.940401e+12 -1.517675e+13 8.638691e-01 -3.290221e-01 -3.814114e-01 -1.403912e+01 0 1505077
3.671960e+12 1.752670e+13 1.011006e+11 5.877610e-01 8.089708e-01 -1.016496e-02 -9.643905e+00 0 990677
-5.583686e+12 1.938966e+13 3.674157e+12 -9.583144e-02 6.422456e-01 7.604847e-01 -8.384152e+00 0 478859
4.395351e+12 -1.567461e+13 8.857181e+12 -4.047485e-02 -9.817383e-01 -1.858808e-01 3.318934e+00 0 34524
1.704298e+13 8.828956e+12 -1.122819e+13 7.906342e-01 5.692375e-01 -2.255355e-01 8.378032e+00 0 211198
-1.362138e+13 1.282647e+13 -9.698005e+12 -9.683955e-01 1.424885e-01 -2.047123e-01 9.118137e+00 0 1
-1.543682e+13 -7.235629e+12 -3.952253e+12 -7.700253e-01 -3.183574e-01 -5.529102e-01 -5.216077e+00 0 268932
-2.845095e+12 4.710066e+12 1.850649e+13 -7.247319e-01 1.780726e-01 6.656228e-01 8.328644e+00 0 197549
1.786902e+13 -1.847738e+11 3.699437e+11 9.525595e-01 2.414077e-01 -1.853452e-01 -4.213626e+00 0 926065
-1.744466e+13 3.224767e+12 -1.796159e+12 -9.185253e-01 5.384612e-02 -3.916783e-01 1.054438e+01 0 3
1.881870e+12 -1.124576e+13 1.360355e+13 6.380850e-01 -1.943662e-01 7.450297e-01 7.933416e+00 0 2221667
1.680447e+13 5.913427e+12 -2.114772e+12 7.947245e-01 -4.930691e-01 3.539716e-01 -9.223066e+00 0 483230
-1.295185e+13 -1.882551e+13 -5.141792e+12 -7.868176e-01 -6.132397e-01 6.967862e-02 2.608992e+00 0 1558218
-7.010100e+12 1.561034e+13 1.197417e+13 -3.684529e-01 8.480696e-01 3.808154e-01 6.772811e+00 0 814788
-6.411427e+11 1.760872e+13 7.425057e+12 -5.536878e-01 6.654436e-01 5.006143e-01 -4.473516e-01 0 146128
-1.715780e+13 1.058114e+12 3.333989e+12 -6.930575e-01 4.959324e-01 5.231848e-01 -8.743345e+00 0 1473518
5.885678e+12 1.992031e+12 1.768305e+13 1.108848e-01 3.285041e-01 9.379710e-01 7.854158e+00 0 2346389
1.494562e+13 1.414228e+12 -9.052244e+12 8.112652e-01 -1.138882e-01 -5.734791e-01 -6.450487e+00 0 54078
-1.853574e+12 -1.684883e+13 1.850615e+12 -2.997930e-01 -6.202542e-01 7.248510e-01 -4.304753e+00 0 438006
-8.945506e+11 -1.504219e+13 1.521547e+13 3.497396e-01 -9.037090e-01 2.469660e-01 1.116325e+01 0 872078
1.041864e+13 -1.091056e+13 8.491886e+12 -3.267429e-01 -9.392488e-01 1.051226e-01 -1.340814e+00 0 667414
-1.319179e+13 -2.854650e+12 -1.261586e+13 -6.633881e-01 5.022481e-01 -5.546739e-01 2.798419e+00 0 171697
-2.218482e+12 1.684472e+12 -1.722699e+13 -2.798182e-01 -1.880502e-02 -9.598688e-01 1.093633e+01 0 247896
4.417522e+12 -1.592535e+13 6.558611e+12 2.524970e-01 -8.344784e-01 -4.897867e-01 7.332218e+00 0 909589
1.189471e+13 1.238686e+13 -1.330585e+12 3.608372e-01 7.744069e-01 -5.197022e-01 -1.027095e+00 0 1
1.949797e+13 -2.877855e+12 1.773777e+12 9.241299e-01 -2.113013e-02 -3.814937e-01 7.692847e+00 0 1623925
-1.651954e+13 -5.560262e+12 -1.299354e+12 -9.830671e-01 1.677808e-01 -7.367993e-02 -1.031680e+01 0 66924
-1.577727e+13 2.265090e+13 6.512360e+12 -7.865678e-01 6.014270e-01 1.399879e-01 -6.699036e+00 0 2923463
-9.583425e+12 1.559316e+13 1.254544e+12 3.732184e-01 9.125554e-01 1.671846e-01 1.554967e-01 0 6980
7.639138e+12 1.597718e+13 -4.317298e+11 8.808460e-01 6.068188e-02 4.694976e-01 -1.071502e+01 0 84762
1.752128e+13 -3.333694e+12 -2.120009e+12 8.300312e-01 -2.781660e-01 -4.833963e-01 1.119874e+00 0 227725
-6.713837e+12 1.407937e+13 1.569664e+13 2.124436e-01 2.423831e-01 9.466352e-01 5.047052e+00 0 40163
-1.173890e+12 1.450154e+13 -1.068849e+13 5.822498e-02 6.325462e-03 -9.982834e-01 3.942044e+00 0 301340
9.053275e+12 1.112131e+13 9.978565e+12 2.172018e-01 9.760821e-01 9.331030e-03 -3.380795e+00 0 977898
1.669885e+13 -2.744190e+12 -1.750846e+12 4.240518e-01 -8.536568e-01 3.024072e-01 -1.100207e+01 0 689031
-1.399710e+13 -3.276568e+12 2.455150e+13 -1.465217e-01 -4.857182e-02 9.880143e-01 -9.252560e+00 0 2102606
1.298048e+13 -8.991426e+12 -6.864795e+12 9.858345e-01 -5.600471e-02 -1.580945e-01 -5.237926e+00 0 1437324
1.016487e+13 1.352542e+13 1.204212e+12 4.732734e-01 8.581810e-01 -1.988406e-01 -1.666490e+00 0 203018
8.528480e+12 -2.231605e+12 1.526913e+13 2.345124e-02 -1.405109e-01 9.898014e-01 4.970348e+00 0 289056
1.557241e+13 1.753304e+13 2.026217e+12 2.302772e-01 9.628249e-01 -1.412116e-01 1.297180e+01 0 1605910
-1.611974e+13 2.665300e+12 -7.969161e+12 -3.755516e-01 -2.048126e-01 -9.038876e-01 -4.389794e+00 0 530567
1.437382e+12 1.149609e+13 1.454643e+13 -2.730532e-01 6.083993e-01 7.451794e-01 -2.939632e+00 0 3
-1.563137e+13 -1.177872e+13 1.399772e+12 -9.925505e-01 -1.211370e-01 -1.301435e-02 -1.129430e+01 0 5
-1.431654e+13 -9.358505e+12 4.138217e+12 -5.783122e-01 -8.133448e-01 6.344539e-02 1.110717e+01 0 840056
1.738151e+13 1.036808e+13 7.310654e+11 9.497474e-01 2.933630e-01 1.091697e-01 -8.965538e+00 0 390361
1.275378e+13 1.348790e+13 4.606652e+11 8.259727e-01 3.150079e-01 4.674817e-01 5.174464e-01 0 129934
-2.748822e+12 1.571091e+13 6.976108e+12 1.223153e-01 7.954087e-01 5.936025e-01 -5.457193e+00 0 94109
5.492980e+12 8.322646e+12 1.395763e+13 1.097432e-01 9.939448e-01 -5.490307e-03 5.534821e+00 0 646625
8.231977e+11 1.305564e+13 1.101476e+13 3.208076e-01 -3.296422e-01 8.879293e-01 -9.301265e+00 0 2609382
-1.029693e+13 6.875252e+12 1.162534e+13 3.870306e-01 3.348982e-01 8.590987e-01 1.726163e+00 0 322039
-1.155028e+13 1.213863e+13 3.800850e+12 -7.997034e-01 -1.612597e-01 5.783336e-01 2.882431e+00 0 1617960
-1.150131e+13 1.744722e+13 -3.278920e+13 -4.121001e-01 3.517384e-01 -8.405079e-01 -7.045830e+00 0 260618
1.425300e+12 -1.247639e+13 1.432270e+13 -4.795677e-02 -4.288856e-01 9.020850e-01 4.421741e+00 0 308092
-1.031356e+13 -1.337073e+13 -1.598507e+12 -7.820334e-01 -5.977265e-01 -1.764847e-01 -3.847562e+00 0 28790
5.359154e+12 1.684814e+13 -9.679373e+11 1.309393e-01 9.155162e-01 -3.803748e-01 -4.291165e+00 0 357347
-3.450212e+12 1.478994e+13 -7.623641e+12 -1.210170e-01 1.364773e-01 -9.832237e-01 -7.777633e+00 0 347677
-1.347934e+13 9.925120e+12 -4.239691e+12 -1.459526e-01 9.806298e-01 -1.306254e-01 5.676613e-01 0 558485
-1.564161e+13 5.863747e+12 4.752491e+12 -6.368060e-01 7.171355e-01 2.831868e-01 -8.910228e+00 0 1050980
1.721745e+13 -1.098955e+13 -7.249185e+12 4.482794e-01 -7.755730e-01 -4.444459e-01 5.701648e+00 0 697360
1.863338e+13 -7.426919e+12 1.092913e+11 8.924002e-01 1.993127e-01 -4.048412e-01 1.124643e+01 0 494588
1.185941e+13 -1.119820e+13 -4.967972e+12 2.252593e-02 -9.035632e-01 -4.278622e-01 -8.710325e+00 0 1
-1.870640e+12 1.684576e+13 -5.504387e+12 -5.425213e-01 7.586578e-01 -3.607062e-01 9.413275e+00 0 320374
1.063428e+13 6.672676e+11 -1.439908e+13 8.298249e-01 5.483646e-01 -1.033777e-01 -4.641383e+00 0 775221
-5.471775e+11 -1.528161e+13 -8.179934e+12 -3.090098e-01 1.389115e-01 -9.408595e-01 1.908138e+00 0 869119
-2.795059e+12 -1.151498e+13 -1.245862e+13 3.962933e-01 -8.208584e-01 -4.112701e-01 -2.457079e+00 0 945584
1.761205e+13 5.765388e+11 -4.540970e+12 8.595781e-01 2.702519e-01 -4.336929e-01 1.015974e+01 0 370803
1.031110e+13 3.482055e+12 1.489977e+13 4.765550e-01 3.506957e-01 8.061687e-01 -6.089067e+00 0 202049
-6.421513e+12 -4.713648e+12 -1.544606e+13 -8.369498e-02 -5.702632e-01 -8.171873e-01 -4.176617e+00 0 824140
1.371416e+12 1.932889e+13 2.125534e+12 -2.037134e-02 9.929480e-01 -1.167876e-01 5.439574e+00 0 152600
1.453501e+13 8.208697e+12 -7.001286e+12 9.682189e-01 -9.921162e-02 2.295847e-01 -7.276763e+00 0 283090
-1.860154e+13 -8.361056e+12 4.415001e+12 -9.513902e-01 -2.546082e-01 1.732953e-01 4.675178e+00 0 104252
8.701535e+12 1.441805e+13 -4.445767e+12 9.276748e-01 8.989642e-02 -3.624060e-01 -1.040002e+01 0 277429
-1.855163e+12 -2.314002e+13 -1.620625e+13 -1.384299e-01 -8.872589e-01 -4.400101e-01 4.996829e+00 0 1251215
-4.437976e+11 -1.791945e+13 3.612832e+12 3.187376e-01 -9.469899e-01 4.020585e-02 6.782147e+00 0 1490653
1.613377e+13 5.216821e+12 3.806712e+12 3.129822e-01 8.982106e-01 -3.086419e-01 1.082290e+01 0 810684
3.962871e+12 3.393789e+12 1.634674e+13 3.548282e-01 9.330248e-01 5.967995e-02 -1.963952e+00 0 111045
1.116079e+13 -1.309093e+13 8.223820e+11 5.362904e-01 -3.670874e-01 7.600259e-01 5.713319e+00 0 88537
-1.065551e+13 9.812807e+12 1.140633e+13 -1.400622e-01 7.268993e-01 6.723094e-01 1.045605e+00 0 164109
9.229753e+11 -2.288689e+13 1.282470e+13 -2.530871e-01 -7.118493e-01 6.551470e-01 -1.145602e+01 0 52724
-1.653370e+13 9.516221e+12 2.811693e+12 -9.999998e-01 6.705320e-05 6.726753e-04 1.628092e-01 0 217474
-3.821206e+12 1.332242e+13 1.326119e+13 -5.508650e-01 4.617082e-01 6.952505e-01 7.000193e+00 0 24311
1.423702e+13 -5.261699e+12 -7.770058e+12 6.455493e-01 6.065958e-01 4.640126e-01 3.198635e+00 0 356776
8.355298e+12 1.542995e+13 1.316062e+12 4.953630e-01 6.599900e-01 5.648262e-01 -1.055459e+01 0 208839
-3.488389e+12 -5.298685e+12 -1.585675e+13 -4.726009e-02 3.230643e-01 -9.451962e-01 3.022909e+00 0 629628
-9.946307e+12 -2.503737e+12 -1.374438e+13 -2.838015e-01 3.566111e-01 -8.901040e-01 -5.228052e+00 0 212026
1.329510e+13 -1.402285e+13 -3.885884e+12 9.302770e-01 -2.764056e-01 -2.412151e-01 9.065641e+00 0 398879
9.187772e+12 3.242992e+12 -1.557290e+13 9.491429e-01 1.646658e-01 -2.683523e-01 7.320526e+00 0 891725
-2.696886e+12 -1.618964e+13 -7.445014e+12 1.307333e-01 -9.229290e-01 -3.620925e-01 5.808993e-01 0 230469
-7.159471e+12 3.907787e+12 1.494333e+13 -7.081128e-03 3.593792e-01 9.331647e-01 4.629574e+00 0 849219
-1.058305e+13 -1.169646e+13 8.922316e+12 -6.977454e-01 -3.583560e-01 6.202679e-01 -1.047924e+01 0 336358
1.921204e+13 -4.652805e+10 5.249765e+12 5.896303e-01 -3.939482e-01 7.050822e-01 3.531464e+00 0 568870
-1.261378e+13 -1.391908e+13 -3.438058e+12 -7.885974e-01 -3.282880e-01 -5.199434e-01 -7.507025e+00 0 254326
1.623198e+13 -1.173414e+13 -1.018819e+13 6.338302e-01 -5.588629e-01 -5.347257e-01 -8.229829e+00 0 455964
1.291183e+13 -1.014949e+13 -4.254410e+12 6.884971e-01 -5.074233e-01 -5.181633e-01 -2.152552e-01 0 414576
1.444464e+13 -5.874713e+12 -1.193304e+13 6.268085e-01 -1.037923e-01 -7.722294e-01 8.060523e+00 0 453956
1.076293e+13 -4.699852e+12 -1.266075e+13 6.308943e-01 -5.213476e-01 -5.746034e-01 -6.005532e+00 0 160582
-2.669203e+12 1.673817e+13 -5.675174e+12 5.221407e-01 8.325114e-01 1.851861e-01 1.794221e+00 0 127681
3.267865e+12 1.773010e+13 1.420545e+13 -1.872930e-01 9.821534e-01 -1.720741e-02 -6.001672e+00 0 387000
-1.284593e+13 -2.494732e+12 1.186615e+13 -3.427475e-01 -7.895467e-01 5.090581e-01 -1.982745e+00 0 759921
-5.169487e+12 4.598139e+12 1.609301e+13 6.657018e-01 2.538759e-02 7.457859e-01 3.672478e-01 0 58306
-6.339042e+11 1.730899e+13 -1.505533e+12 -3.725204e-01 7.929580e-01 4.821267e-01 8.685326e+00 0 1435725
6.730450e+12 -1.118295e+13 -1.214893e+13 6.498988e-01 4.407543e-01 -6.191666e-01 9.013186e+00 0 1
-1.423719e+13 8.700866e+12 3.080835e+12 -9.722423e-01 1.609916e-01 1.697839e-01 9.448887e+00 0 112579
-2.206791e+13 -7.622298e+12 5.972759e+12 -9.842916e-01 1.055470e-01 1.415268e-01 -1.109148e+01 0 1689385
5.783527e+12 2.012377e+12 1.582556e+13 -3.809524e-01 5.780844e-01 7.215911e-01 4.190264e+00 0 96801
5.508638e+12 -1.574064e+13 -5.016232e+12 8.944287e-03 -8.735038e-01 -4.867352e-01 -6.720822e+00 0 40223
1.014229e+13 2.832076e+12 1.329650e+13 9.356253e-01 -3.529364e-01 6.419511e-03 -4.222893e+00 0 242584
-5.507938e+12 -7.693843e+12 1.427216e+13 -1.285067e-01 -8.944299e-01 4.283471e-01 8.629818e+00 0 348128
-1.404463e+12 1.241685e+13 -1.194793e+13 4.540668e-01 4.151584e-01 -7.883316e-01 -1.058818e+01 0 262700
-1.838880e+12 1.520325e+13 -7.911763e+12 -3.106335e-01 5.453187e-01 -7.785463e-01 -3.096693e+00 0 144464
1.511051e+13 7.125890e+12 -3.005072e+12 8.879445e-01 -1.913920e-01 4.182388e-01 -3.665568e+00 0 5751
7.807474e+12 1.218178e+13 -1.340241e+13 8.873329e-01 2.953965e-01 -3.540920e-01 -1.164977e+01 0 624836
-8.649229e+12 5.756830e+12 1.386425e+13 -2.454030e-01 7.456322e-01 6.195240e-01 -7.666181e+00 0 302457
1.174740e+13 -1.357096e+13 1.286025e+12 6.048275e-01 -6.567458e-01 4.504095e-01 6.082209e+00 0 37566
1.513515e+13 1.054761e+13 1.543577e+12 4.075472e-01 7.037246e-01 5.819595e-01 6.318272e+00 0 361833
-1.057058e+13 -1.341265e+13 7.757416e+12 -6.816731e-01 -6.680943e-01 -2.982813e-01 4.652422e+00 0 573700
2.366267e+13 -8.725049e+12 -6.227790e+12 6.979535e-01 -5.217116e-01 -4.905894e-01 -9.313599e+00 0 649766
-4.375639e+11 1.713540e+13 6.111607e+12 -8.128058e-01 5.726561e-01 1.068256e-01 -5.122620e-01 0 1405019
9.114363e+12 1.556527e+13 -4.048393e+12 7.236070e-01 4.921204e-01 4.839529e-01 -7.937812e+00 0 149463
1.489200e+13 6.613669e+12 7.144611e+12 6.559440e-01 7.156513e-01 -2.399599e-01 -1.533913e+00 0 455092
-1.848417e+13 -1.386933e+12 7.165806e+12 -7.660600e-01 -3.375305e-01 5.470148e-01 -4.295483e+00 0 764906
4.902873e+12 1.608018e+13 -1.887752e+13 5.253784e-02 6.233531e-01 -7.801735e-01 -6.398671e+00 0 629430
8.184102e+12 8.978898e+12 -1.190026e+13 5.572153e-01 -2.037639e-03 -8.303656e-01 -5.887460e+00 0 78162
-1.364074e+12 4.680996e+12 -1.636505e+13 2.055224e-02 8.280553e-01 -5.602696e-01 -8.159131e+00 0 277703
-3.993065e+12 1.584932e+13 -6.149105e+12 -7.217503e-02 9.936685e-01 8.610234e-02 2.945569e+00 0 30804
-8.121026e+12 1.981782e+12 -1.495201e+13 -3.454636e-01 4.551892e-01 -8.206447e-01 1.951299e+00 0 82626
-4.348307e+11 -1.236971e+13 -1.312441e+13 2.434897e-01 -5.292514e-01 -8.127765e-01 5.549612e+00 0 363579
4.046162e+11 -4.503917e+12 -1.978642e+13 3.549924e-02 -4.116746e-01 -9.106392e-01 1.608558e+00 0 521300
1.743885e+13 1.922870e+12 -3.329171e+12 7.432985e-01 7.094112e-02 -6.651877e-01 5.620961e+00 0 486603
-1.378843e+13 5.016802e+12 1.791670e+13 -6.751054e-01 1.708246e-01 7.176710e-01 -7.595816e+00 0 1344413
-9.673205e+12 4.854432e+12 -1.396528e+13 1.780840e-01 6.089535e-01 -7.729565e-01 3.342853e+00 0 389530
-1.633600e+12 7.013359e+12 1.551525e+13 7.668938e-01 6.292516e-01 1.261598e-01 2.113213e+00 0 128763
-4.480939e+11 6.843789e+12 -1.552544e+13 1.584172e-01 8.453096e-01 -5.102506e-01 -5.716842e+00 0 456949
7.976406e+12 -9.852100e+12 -1.153926e+13 5.048333e-01 6.333686e-01 -5.865046e-01 8.846612e+00 0 98321
3.739779e+12 1.661906e+13 -2.671082e+13 4.630325e-01 3.137935e-01 -8.289358e-01 9.925624e+00 0 55398
-6.806469e+12 1.407142e+13 1.513501e+13 -4.683334e-01 8.692852e-01 1.581365e-01 9.614223e+00 0 18860
-1.867706e+13 7.406960e+12 2.111457e+12 -8.658355e-01 -6.389881e-02 4.962316e-01 1.165179e+01 0 707629
1.261148e+13 9.354411e+12 -1.289267e+13 5.477436e-01 2.626165e-01 -7.943611e-01 -6.599397e+00 0 18
1.453476e+13 5.093181e+12 -8.732928e+12 3.758233e-01 7.360924e-01 -5.629608e-01 1.120021e+00 0 153798
3.103257e+13 1.068433e+12 -1.674031e+13 6.778410e-01 -1.031666e-01 -7.279342e-01 -1.443413e+01 0 240230
1.748520e+13 -2.587670e+12 1.301220e+13 6.503124e-01 6.110741e-01 4.513117e-01 -5.167654e+00 0 407416
1.500066e+13 -2.968077e+12 7.692890e+12 9.087967e-01 1.721465e-01 3.800712e-01 -1.519710e+00 0 1379523
-4.251917e+12 1.694533e+13 -3.538741e+11 -3.597599e-01 4.733101e-01 8.040835e-01 7.930652e+00 0 496761
-1.645831e+13 3.663865e+12 -1.889152e+12 -7.105584e-01 3.924923e-01 -5.840005e-01 4.715219e-02 0 28447
-1.696591e+13 -1.953316e+12 3.611844e+12 -9.792791e-01 5.616257e-02 1.945721e-01 5.135812e+00 0 455789
5.613570e+12 -7.182984e+12 1.480182e+13 1.524246e-01 -8.060647e-01 5.718622e-01 2.253280e+00 0 18757
1.546983e+13 -5.225717e+12 1.394920e+13 8.853061e-01 -1.146198e-01 4.506610e-01 6.788842e+00 0 5
-1.869737e+13 -7.439900e+12 -1.122176e+13 -9.088976e-01 5.347926e-02 -4.135761e-01 -1.419559e+01 0 3934395
1.235695e+13 -3.174263e+11 1.989538e+13 5.181184e-01 2.701336e-01 8.115301e-01 8.849832e+00 0 2018916
1.418146e+13 -8.087153e+12 -1.127632e+13 5.433229e-01 -4.334908e-01 -7.189478e-01 3.400922e+00 0 70544
8.395871e+12 -3.115607e+12 -1.451994e+13 3.268690e-01 -8.152847e-01 -4.779828e-01 1.356109e+00 0 184142
-8.180252e+12 -8.578146e+12 -1.228911e+13 -1.307420e-01 -5.311864e-01 -8.371066e-01 -3.496492e+00 0 923392
8.226404e+12 -1.626158e+13 -4.818878e+12 1.370414e-02 -9.998394e-01 -1.154615e-02 -7.828739e+00 0 251579
-2.456172e+12 -1.695711e+13 -2.140387e+12 -4.462093e-01 -6.072812e-01 -6.573483e-01 -9.208176e+00 0 1413290
4.083058e+12 -1.085824e+13 1.281747e+13 6.798218e-01 -6.663141e-01 3.063787e-01 7.796184e+00 0 65942
-8.471512e+12 -1.475234e+13 2.901961e+12 4.636694e-01 -8.309767e-01 3.073897e-01 -9.931683e-01 0 669088
-5.511380e+12 -1.202754e+13 -1.143588e+13 7.392380e-01 -5.393492e-01 -4.032737e-01 -2.474775e+00 0 561910
-9.338115e+11 -1.115628e+13 1.340594e+13 4.730125e-03 -9.617552e-01 2.738697e-01 -5.065928e+00 0 823228
-7.390647e+12 -1.369226e+13 9.454817e+12 -5.172258e-01 -7.839474e-01 -3.433713e-01 -6.217050e+00 0 2098355
-6.193722e+11 -1.463024e+13 8.885118e+12 2.470840e-01 3.198341e-02 9.684661e-01 -3.668670e+00 0 763789
-1.101229e+13 -7.586259e+11 1.842419e+13 -2.758570e-01 -1.943404e-01 9.413473e-01 4.195767e+00 0 267503
1.425147e+13 8.037672e+12 -4.759617e+12 7.170118e-01 4.193660e-01 -5.568000e-01 -3.335655e+00 0 2044401
7.306014e+12 8.855597e+12 1.309784e+13 5.995771e-01 7.997302e-01 3.064156e-02 -6.247556e+00 0 967300
1.841416e+12 1.599671e+13 -5.329722e+12 9.812119e-01 1.593447e-01 -1.087769e-01 -7.255868e+00 0 310164
-1.404031e+13 4.703427e+12 9.033501e+12 -9.030520e-01 -3.808025e-02 4.278399e-01 -5.620260e+00 0 683799
9.791081e+12 1.223938e+13 -6.763134e+12 -3.377473e-01 8.977077e-01 -2.829270e-01 1.359187e+01 0 1421335
1.455871e+13 -5.907842e+12 1.213938e+13 7.110078e-01 -6.711093e-01 2.099528e-01 -7.844738e+00 0 2000776
4.553977e+12 -7.862823e+12 -1.575360e+13 -6.009112e-01 -1.371034e-01 -7.874696e-01 6.899506e-01 0 448277
4.548698e+12 -6.006010e+12 1.525091e+13 7.936334e-01 3.980991e-01 4.600686e-01 1.405662e+01 0 399436
-9.808649e+12 2.281638e+12 -1.552840e+13 -5.382459e-01 6.796561e-01 -4.983562e-01 2.358187e+00 0 193982
1.259281e+13 -8.059167e+12 -8.545670e+12 8.219619e-02 -9.352858e-01 -3.442155e-01 -8.186023e+00 0 386304
-9.224226e+12 1.154330e+13 -8.643361e+12 -8.916684e-01 -1.786524e-01 -4.159456e-01 1.107666e+01 0 307723
-1.887529e+12 -1.366023e+13 -9.874616e+12 -6.997926e-01 -6.524549e-01 -2.908488e-01 -9.805451e+00 0 521016
-6.378736e+12 -7.788938e+11 1.669682e+13 -5.135582e-01 -2.506998e-01 8.206142e-01 5.644677e+00 0 4792
-1.521896e+13 1.047723e+13 7.585844e+10 -4.471551e-01 6.571600e-02 8.920391e-01 -8.709583e+00 0 649511
1.727282e+13 9.509673e+12 -7.287817e+11 9.626984e-01 -1.030424e-03 2.705748e-01 5.352969e+00 0 1137651
-4.767574e+10 -1.130030e+13 -1.266490e+13 2.890650e-01 -9.417925e-01 -1.716633e-01 2.888658e+00 0 799878
-2.571809e+12 -1.213302e+13 1.366432e+13 6.415811e-01 -6.125421e-01 4.616989e-01 -6.900040e-01 0 382668
4.261850e+12 4.788162e+12 1.665257e+13 -1.035222e-01 -4.266242e-01 8.984848e-01 6.440043e+00 0 15
8.035592e+12 -1.513162e+12 1.487643e+13 4.638860e-01 7.030591e-02 8.831007e-01 2.865142e+00 0 61296
1.403229e+12 -9.670341e+12 1.620494e+13 3.467714e-01 -7.449293e-01 5.699386e-01 -8.339727e+00 0 681726
2.533936e+13 2.193259e+13 -1.325713e+13 6.012995e-01 6.782575e-01 -4.223808e-01 1.541226e+01 0 263148
-1.138571e+13 9.745977e+12 1.208546e+13 4.535412e-02 7.623876e-01 6.455294e-01 -7.301387e+00 0 79851
-3.849704e+12 9.882129e+12 -1.445855e+13 -5.690686e-01 1.090352e-01 -8.150290e-01 -5.604450e+00 0 82196
-7.022063e+12 1.204421e+13 -1.049890e+13 -2.592176e-01 4.266035e-01 -8.664962e-01 4.297523e+00 0 281495
5.599159e+12 1.648538e+13 -8.108344e+12 2.913836e-01 6.704524e-01 -6.823410e-01 7.470351e+00 0 685577
-1.565139e+13 4.426893e+12 -1.082508e+13 -8.104127e-01 5.631596e-01 1.615008e-01 -1.032754e+01 0 291148
2.999574e+12 -1.282350e+13 2.070935e+13 3.785721e-02 1.038877e-01 9.938683e-01 1.229031e+01 0 616662
-1.301615e+13 -1.819569e+13 -5.981471e+12 -3.362309e-01 -9.253700e-01 -1.750405e-01 9.220881e+00 0 60754
-1.611252e+13 -9.760510e+12 -3.967637e+12 -2.022178e-01 -9.301658e-01 3.064304e-01 1.454771e+01 0 196968
1.015704e+13 -1.180702e+13 8.041591e+12 4.710828e-02 -3.159778e-01 9.475963e-01 -1.072688e+01 0 999087
1.169764e+13 -1.246983e+13 -1.223715e+12 -3.932813e-01 -8.564279e-01 3.344563e-01 -1.262935e+01 0 4
-1.357239e+13 1.503709e+13 7.027497e+12 -1.668888e-01 9.805232e-01 1.035486e-01 -1.217911e+01 0 1535892
-4.440092e+12 -5.521089e+11 -2.053022e+13 2.650681e-01 -3.690207e-01 -8.908213e-01 -5.465020e+00 0 99469
-5.077209e+12 1.500046e+13 7.143089e+12 3.077507e-01 4.879305e-01 8.168313e-01 -7.583553e+00 0 525077
3.347658e+12 -3.229228e+12 -1.909156e+13 -1.622205e-01 6.053111e-01 -7.792836e-01 8.380855e+00 0 66988
1.036130e+13 1.109876e+13 1.123602e+13 8.314053e-01 5.530774e-01 5.357806e-02 3.187215e+00 0 5
-4.569901e+12 1.879355e+13 -2.124358e+12 5.677394e-01 6.556393e-01 -4.978042e-01 5.021364e-01 0 1003825
8.384356e+12 2.025153e+13 -1.350452e+12 7.528557e-01 5.017419e-01 4.259852e-01 -1.384858e+01 0 1240945
-2.559353e+12 -8.373798e+12 1.599149e+13 -5.433987e-01 3.820439e-01 7.475027e-01 -7.733655e+00 0 695141
-6.864710e+12 -1.428038e+13 8.442603e+12 -9.524160e-01 -2.949848e-01 -7.673132e-02 -1.150795e+01 0 283138
-4.694752e+12 9.680635e+12 1.329766e+13 -2.120452e-01 5.502511e-01 8.076265e-01 -2.126510e+00 0 1161463
2.341246e+12 -6.010028e+12 2.047777e+13 1.709793e-01 -5.626345e-01 8.088315e-01 -7.454207e+00 0 1328972
-1.965032e+12 -1.586453e+13 -7.588272e+12 -4.109770e-02 -8.778844e-01 -4.771059e-01 7.392173e+00 0 154574
3.591423e+09 -9.550123e+12 1.486329e+13 4.970217e-01 3.045950e-01 8.125216e-01 -2.058967e+00 0 695
6.419376e+12 1.503404e+13 4.556214e+12 1.450970e-01 9.269857e-01 -3.458965e-01 3.338387e+00 0 128010
1.853263e+13 -5.770677e+12 -1.616112e+12 4.667665e-01 -8.631104e-01 -1.927939e-01 -1.304519e+01 0 6326126
-2.334047e+13 1.737243e+13 2.239259e+13 -6.636546e-01 3.098263e-01 6.808599e-01 -8.454132e+00 0 615075
8.420515e+12 -1.624514e+13 -1.551798e+12 -2.212361e-01 -7.975991e-01 5.611508e-01 4.980789e+00 0 9
5.206953e+12 3.090156e+12 1.609286e+13 6.797721e-01 4.092112e-01 6.086511e-01 4.455296e+00 0 632568
1.187951e+13 -4.443251e+12 -2.505684e+13 5.997503e-01 -2.023115e-01 -7.741897e-01 -7.465089e+00 0 552015
3.389922e+12 1.129319e+13 -1.355024e+13 -7.970591e-02 8.635564e-01 -4.979129e-01 7.275807e+00 0 677715
8.077209e+12 4.614564e+12 -1.440949e+13 -5.172103e-01 7.627659e-01 -3.881774e-01 3.053881e+00 0 225121
1.961801e+12 -1.442823e+13 -8.698738e+12 -4.658082e-01 -7.586894e-01 -4.554262e-01 -2.421263e+00 0 1342516
7.846417e+12 -1.292927e+13 -8.039599e+12 8.172054e-01 -4.388228e-01 -3.736441e-01 3.883343e+00 0 142047
-7.883480e+12 1.188960e+13 -1.215573e+13 -7.720570e-02 7.968851e-01 -5.991773e-01 -1.311420e+01 0 503319
-1.444283e+13 -1.253284e+13 5.467795e+12 -5.997654e-01 -7.592698e-01 2.525684e-01 7.776395e+00 0 88212
4.634729e+12 1.437890e+13 1.390270e+13 -1.138414e-01 9.841691e-01 1.358354e-01 1.094105e+01 0 243666
1.536369e+13 -3.803128e+12 -1.020669e+13 9.161599e-01 3.293035e-01 -2.284956e-01 -1.375787e+00 0 287584
-6.628502e+12 1.692913e+13 9.712437e+11 5.212832e-02 9.986301e-01 -4.524894e-03 5.590639e+00 0 3548047
-2.275800e+11 1.682706e+13 -4.080268e+12 1.532559e-01 1.821342e-01 -9.712568e-01 -6.413518e+00 0 85113
-9.273684e+12 -2.919127e+11 1.707810e+13 7.139036e-02 1.757408e-01 9.818445e-01 5.391215e+00 0 1534134
-5.782128e+10 3.200842e+13 1.580170e+13 2.636005e-02 9.124391e-01 4.083626e-01 -9.447415e+00 0 619937
-1.027232e+13 -9.993111e+12 9.674318e+12 -4.388237e-01 -3.773917e-01 8.154810e-01 3.933204e+00 0 28975
1.734788e+13 -5.107528e+12 7.493667e+12 8.749188e-01 -3.294865e-01 -3.549024e-01 -9.337611e+00 0 557005
1.321202e+13 -7.714406e+12 9.326071e+12 9.341499e-01 -6.839655e-02 3.502653e-01 -9.057824e-01 0 342288
-1.772704e+13 -1.503960e+12 -5.642069e+12 -9.347117e-01 -2.333028e-01 2.681115e-01 -4.450373e+00 0 88732
2.176024e+12 -1.426129e+13 1.043049e+13 5.372337e-02 -9.667071e-01 2.501823e-01 -7.442285e+00 0 97351
-7.468793e+12 4.270661e+12 -1.559417e+13 -2.514051e-01 5.532424e-01 -7.941777e-01 -2.934711e+00 0 5084261
-1.147081e+13 1.151429e+13 -5.034330e+12 5.430890e-01 8.390660e-01 3.197633e-02 -1.382836e+01 0 77101
-9.646569e+12 -1.110211e+13 8.455947e+12 3.005080e-01 -9.525108e-01 -4.917332e-02 1.438730e+01 0 9
-5.366112e+12 -1.218901e+13 -1.066855e+13 -3.713555e-01 2.922253e-01 -8.813056e-01 1.960082e+00 0 355412
-1.488480e+12 1.654072e+13 3.836899e+12 -9.439421e-01 7.557972e-02 3.213426e-01 1.315549e+01 0 436603
-1.272844e+13 -1.259007e+13 3.445859e+12 -7.823896e-01 -3.293245e-01 -5.285942e-01 3.349597e+00 0 824707
1.613147e+13 -6.112916e+12 8.243744e+10 7.686877e-01 9.894588e-03 -6.395478e-01 -3.769402e+00 0 56309
-1.909272e+13 8.120041e+12 -2.007590e+12 -9.404548e-01 3.388516e-01 2.691303e-02 8.352033e+00 0 679732
7.023631e+12 -8.611476e+12 1.617853e+13 3.642224e-01 -4.064813e-01 8.379230e-01 4.580356e+00 0 43719
1.767050e+13 -4.600637e+12 -1.913635e+12 6.064616e-01 -7.582714e-01 -2.392257e-01 -1.058635e+01 0 1167283
-7.856738e+12 1.537596e+13 1.732942e+11 -6.000504e-01 7.814002e-01 -1.713275e-01 6.341275e+00 0 31963
1.244188e+13 -1.437341e+13 7.121401e+12 8.188217e-01 -3.931591e-01 4.182785e-01 -6.689561e+00 0 663764
-4.889959e+12 -1.459674e+13 -7.262734e+12 -2.265293e-01 -3.491421e-01 -9.092768e-01 4.375945e+00 0 65895
1.095020e+13 7.866156e+12 1.048125e+13 5.252761e-01 -4.655714e-02 8.496572e-01 6.732004e+00 0 7
-9.364689e+12 -1.158672e+13 9.089827e+12 -1.711473e-01 -9.375728e-01 3.027638e-01 -2.832885e+00 0 261128
4.962306e+12 -2.068226e+13 8.193509e+12 2.637231e-01 -4.619321e-01 8.467992e-01 1.363905e+01 0 133920
-7.518220e+12 5.481207e+12 1.439714e+13 -5.568740e-02 2.669509e-01 9.620999e-01 4.788910e+00 0 313035
-1.140180e+13 -2.037708e+12 1.341752e+13 -5.778207e-01 6.168602e-01 5.344218e-01 5.577326e-01 0 156038
-1.571552e+13 -6.877064e+12 -6.286164e+12 -1.381953e-01 -8.900057e-01 -4.345019e-01 7.373622e-01 0 527699
1.916324e+13 9.450864e+11 -9.257793e+12 9.908533e-01 1.123467e-01 -7.475330e-02 -5.870015e+00 0 418127
3.959759e+12 -1.726391e+13 -1.888211e+12 -1.065015e-01 -9.941611e-01 -1.735104e-02 -8.458672e+00 0 2159612
1.918545e+13 -2.258984e+11 4.636050e+12 9.028784e-01 1.239695e-01 4.116336e-01 5.486763e+00 0 1
-1.725320e+13 3.309982e+12 -8.756851e+12 -2.033602e-01 8.025554e-02 -9.758092e-01 -1.014408e+01 0 843625
1.151240e+13 1.284460e+13 1.190501e+13 2.430347e-01 8.565360e-01 4.552804e-01 -5.982037e+00 0 771274
7.269051e+12 2.765817e+12 1.563205e+13 7.011941e-01 -2.438223e-01 6.699832e-01 2.236367e+00 0 360477
-5.073450e+12 2.008302e+13 -7.212090e+12 -4.257780e-01 5.138281e-01 -7.447777e-01 1.309040e+01 0 1240269
1.187429e+13 4.746492e+12 -1.116785e+13 2.181736e-01 -5.221809e-01 -8.244558e-01 3.360739e+00 0 367711
-8.201938e+12 -1.053619e+13 -1.501985e+13 -3.238448e-01 -2.354798e-01 -9.163372e-01 7.812455e+00 0 1289097
1.148092e+13 1.262953e+13 -3.217436e+11 5.647326e-01 6.499367e-01 -5.085857e-01 -3.537750e+00 0 1053318
-1.607757e+13 -1.111625e+13 4.991149e+11 -6.976860e-01 -7.057152e-01 1.232893e-01 7.501064e+00 0 182899
4.899049e+12 -1.269822e+13 2.019745e+13 1.316266e-01 -7.420851e-01 6.572550e-01 -7.132088e+00 0 802838
-1.156043e+13 -1.045170e+13 1.052165e+13 -2.664484e-01 -8.933790e-01 3.617723e-01 1.115219e+01 0 1012761
-8.549789e+12 -2.931103e+13 -5.142940e+11 -4.293202e-01 -8.494007e-01 3.069244e-01 5.555944e+00 0 886480
2.281757e+12 1.600961e+13 8.118669e+12 6.269943e-01 5.976802e-01 4.996564e-01 -9.851290e+00 0 198968
7.241085e+12 -7.574776e+12 1.350455e+13 -5.876261e-01 -2.916307e-01 7.547497e-01 -5.011283e+00 0 91604
-1.019935e+13 -1.104558e+12 1.518346e+13 -3.493702e-01 -1.403168e-01 9.264187e-01 -5.004466e-02 0 75443
-1.409557e+13 -7.428462e+12 -7.874876e+12 -8.380941e-01 -2.557300e-02 5.449260e-01 -9.729764e+00 0 922683
-1.705617e+12 -6.038257e+12 1.790146e+13 -3.861569e-01 3.162319e-01 8.665335e-01 4.884994e+00 0 2250669
-8.278619e+12 1.401602e+13 -5.088405e+12 2.092534e-01 8.165197e-01 5.380600e-01 -1.200204e+00 0 410151
1.177909e+13 1.990302e+13 2.076221e+10 7.005697e-01 6.018184e-01 3.834276e-01 -9.992668e+00 0 299396
7.826474e+12 -1.407426e+13 -6.650606e+12 -1.082778e-01 -9.411774e-01 -3.200953e-01 -7.895966e+00 0 1354710
-4.809730e+12 -1.544899e+13 -5.469423e+12 5.923609e-02 -8.830054e-01 -4.656100e-01 -7.737617e-01 0 137821
-1.425558e+13 7.692310e+12 -6.955956e+12 1.092726e-03 9.971983e-01 7.479504e-02 -1.056920e+01 0 1
-1.722069e+13 -7.031224e+11 -4.544997e+12 -6.147723e-01 -2.580157e-01 -7.453073e-01 5.450789e+00 0 43331
-9.154752e+12 8.165900e+12 1.172536e+13 -4.311952e-01 7.567821e-01 4.912754e-01 1.213716e+00 0 1505293
1.628412e+13 8.591838e+12 -4.409344e+11 5.679403e-01 7.878328e-01 -2.382505e-01 7.911868e+00 0 719803
-1.330119e+13 -9.018744e+12 -6.113581e+12 1.200669e-01 -5.988834e-01 -7.917844e-01 8.506300e+00 0 950604
-7.061592e+11 -1.394481e+13 1.004679e+13 6.550912e-01 -3.849835e-02 7.545683e-01 -1.434944e-01 0 5
3.496389e+12 -1.488061e+13 7.732532e+12 -1.772603e-01 -9.280797e-01 -3.274855e-01 1.493347e+00 0 2227004
-3.746481e+11 -9.396036e+12 1.531067e+13 1.270130e-02 -8.184698e-01 5.744091e-01 -4.819230e+00 0 315370
-8.111736e+12 -3.817654e+12 -1.642415e+13 -2.120330e-01 -2.528491e-01 -9.439859e-01 5.280714e+00 0 286104
-1.676010e+13 8.765511e+12 3.602341e+12 -8.762765e-01 1.274206e-01 -4.646541e-01 -5.735390e+00 0 57251
-9.899669e+12 -1.295337e+13 -5.483365e+12 -8.920862e-01 -3.832925e-01 -2.393098e-01 -9.901243e-01 0 690156
9.645114e+12 -1.856003e+13 -3.756505e+12 7.672465e-01 -4.151353e-01 4.888717e-01 -1.420694e+00 0 133246
-6.282273e+12 1.680638e+13 -3.148947e+12 -4.794856e-01 1.589508e-01 -8.630343e-01 -6.942571e+00 0 10
1.526694e+13 -6.956473e+12 3.635708e+12 4.417451e-01 -8.861079e-01 1.402646e-01 -8.247286e+00 0 389523
-8.005880e+12 -1.755455e+13 4.337420e+12 9.035337e-02 -5.265361e-01 8.453378e-01 1.374593e+01 0 185829
-5.342991e+12 -1.553341e+13 5.081454e+12 -4.833619e-01 -5.830400e-01 -6.530127e-01 3.358070e+00 0 959670
1.458327e+13 -1.078444e+13 -1.389302e+13 5.325797e-01 -5.314412e-01 -6.587329e-01 -1.234773e+01 0 471619
-7.434387e+12 -1.941824e+13 -5.374542e+12 -5.725414e-01 -5.088367e-01 -6.428698e-01 4.675784e+00 0 1560767
-1.354269e+13 -1.022615e+13 1.262853e+12 -4.313336e-01 -2.233470e-01 8.741095e-01 2.968205e+00 0 29569
1.367973e+13 2.855015e+11 1.847519e+13 8.863358e-01 -7.893131e-03 4.629757e-01 5.628676e+00 0 992443
-1.163459e+13 1.721350e+13 -9.753731e+12 -2.575541e-01 5.560912e-01 -7.902078e-01 -8.966431e+00 0 1186481
1.055410e+12 1.621978e+13 1.387330e+13 -1.136608e-03 8.485866e-01 5.290553e-01 6.366181e+00 0 8
1.294850e+13 1.201080e+13 7.635203e+12 3.334714e-01 9.171689e-01 2.181697e-01 -6.629204e+00 0 156889
6.728084e+11 -5.635223e+12 -1.598329e+13 6.073001e-01 -5.433785e-01 -5.795915e-01 6.273861e-01 0 205805
-2.398196e+12 9.541210e+11 -1.826942e+13 -2.655691e-01 -2.802317e-01 -9.224658e-01 1.136333e+01 0 287210
3.172492e+12 7.298291e+12 -1.509010e+13 5.423190e-01 -4.717060e-01 -6.952579e-01 2.739642e+00 0 7
1.625705e+13 3.165074e+12 -5.296304e+12 8.910762e-01 4.530403e-01 -2.715989e-02 1.166585e+01 0 40613
-9.704276e+12 1.066141e+13 -1.271232e+13 1.922159e-01 7.466903e-01 -6.367940e-01 2.686035e+00 0 989079
-1.617735e+13 -6.057419e+12 -7.143608e+12 -4.247504e-01 -8.606238e-01 2.809159e-01 1.188158e+01 0 265590
1.385322e+13 -3.940711e+12 -9.256860e+12 3.394797e-01 6.398633e-01 -6.894407e-01 4.460001e-01 0 874339
8.529885e+12 -6.253343e+12 1.359999e+13 4.134864e-01 -7.714186e-01 4.836758e-01 -8.614708e+00 0 966680
3.257497e+12 -6.203736e+12 -1.553782e+13 1.524252e-01 -6.933443e-01 -7.043012e-01 1.750701e+00 0 60373
-3.025742e+12 -2.645893e+13 -2.394987e+12 -4.743660e-01 -8.721879e-01 -1.194366e-01 5.996781e+00 0 6068737
-1.588361e+13 2.743037e+12 -5.281779e+12 -1.123301e-01 -6.221911e-01 -7.747646e-01 9.668537e+00 0 78818
1.191565e+13 4.302153e+12 -1.156930e+13 -2.539903e-02 9.789998e-01 -2.022726e-01 6.805661e+00 0 1
-7.755744e+12 -1.369220e+13 6.903621e+12 -7.765253e-01 -5.750096e-01 2.576283e-01 2.033702e+00 0 402069
4.393532e+11 4.288088e+12 -1.676691e+13 7.195374e-01 4.711336e-01 -5.101952e-01 -1.068826e+01 0 670171
2.854672e+12 1.424234e+13 9.827807e+12 1.167948e-01 9.720041e-01 2.038797e-01 7.328428e+00 0 353889
7.037898e+11 8.979169e+12 -1.439591e+13 -8.048046e-01 -1.462762e-02 -5.933596e-01 6.793662e+00 0 11261
-2.950138e+12 -1.686616e+13 -2.149690e+12 -8.097964e-01 -5.623380e-01 1.673494e-01 -8.585018e+00 0 961432
1.830320e+12 1.561908e+13 -1.190674e+13 2.384331e-01 8.613329e-01 -4.486149e-01 -4.377158e+00 0 350999
1.626623e+13 2.966251e+12 1.442556e+13 3.480313e-01 3.164381e-01 8.824631e-01 1.133806e+01 0 1713774
-2.713458e+12 -1.243791e+13 -1.710454e+13 -4.162871e-01 -6.383977e-01 -6.474206e-01 6.896118e+00 0 24119
1.666989e+13 -8.992053e+11 3.612705e+12 7.717089e-01 1.707946e-01 6.126129e-01 6.992994e+00 0 241461
1.801665e+13 -4.043385e+12 7.382322e+12 9.536249e-01 3.009871e-01 2.531734e-03 -1.665372e+00 0 1244156
9.565927e+12 -1.060855e+13 9.990782e+12 5.537964e-01 -7.810385e-01 2.885972e-01 6.437958e+00 0 1867318
1.204147e+13 -1.254251e+12 1.253692e+13 8.549191e-01 4.990510e-01 1.416383e-01 -3.086746e+00 0 927408
-2.104347e+12 -1.935889e+13 -4.636028e+12 -4.894891e-01 -8.081531e-01 -3.275500e-01 -7.631704e+00 0 1160198
-4.430524e+12 3.158282e+12 1.607401e+13 -4.540637e-01 8.494493e-01 2.688160e-01 4.652772e+00 0 668865
-1.147653e+13 1.104339e+13 6.396333e+12 5.761143e-01 7.688996e-01 2.772827e-01 -3.240710e+00 0 771626
-1.449108e+13 8.517740e+12 -5.776761e+12 -9.234556e-01 -1.149370e-01 -3.660865e-01 6.572393e+00 0 3229050
-1.496102e+13 -7.857435e+12 6.759110e+12 -9.679218e-01 -2.991628e-02 2.494641e-01 4.276862e+00 0 61270
1.407596e+13 3.173844e+12 9.231821e+12 -6.181682e-02 1.342845e-01 9.890128e-01 -8.311090e+00 0 1561399
-8.459359e+12 2.589406e+12 -1.644446e+13 -6.430982e-02 2.853321e-01 -9.562687e-01 7.678298e+00 0 556904
-1.692627e+13 1.014051e+12 5.481821e+12 -2.750550e-01 6.282720e-01 7.277493e-01 5.110863e+00 0 150618
-1.256725e+13 -1.112855e+13 6.042309e+12 -2.185850e-01 -8.858048e-01 4.093537e-01 1.055120e+01 0 1192247
4.555760e+12 -1.262977e+13 -1.055533e+13 4.034932e-02 -7.923235e-01 -6.087655e-01 -4.987038e+00 0 2302334
-5.862043e+12 1.601709e+13 1.098932e+12 4.280663e-01 5.266361e-01 -7.344478e-01 9.038502e-01 0 239104
1.307930e+13 1.428127e+13 4.583566e+12 6.481119e-01 4.393285e-02 7.602769e-01 6.114436e-01 0 526173
-5.020562e+12 -1.465327e+13 1.037489e+13 -3.929212e-01 -3.403889e-01 8.542531e-01 -8.509739e+00 0 700616
4.540636e+12 -1.557277e+13 1.145697e+13 -3.219646e-03 -7.012478e-01 7.129103e-01 2.286659e+00 0 321172
-7.389786e+12 -7.049543e+12 -1.800242e+13 -5.891716e-01 1.358329e-01 -7.965088e-01 -9.939733e+00 0 701011
-7.886858e+12 1.092408e+13 1.085426e+13 -9.753221e-01 1.027512e-01 1.954198e-01 6.631697e+00 0 446700
9.434548e+12 -3.880836e+12 -2.132045e+13 3.577188e-01 -1.031631e-01 -9.281135e-01 -6.403125e+00 0 2773538
-1.661118e+12 1.577823e+13 -6.577456e+12 -6.722451e-02 5.086272e-01 -8.583584e-01 -2.606361e+00 0 265385
1.063127e+13 7.294886e+12 1.294733e+13 -2.998314e-01 2.228117e-01 9.276077e-01 -6.937909e+00 0 10
5.677800e+12 1.091040e+13 1.370325e+13 -4.212228e-01 5.726629e-01 7.032983e-01 7.136079e+00 0 822236
-1.677777e+13 5.107563e+12 -3.951959e+12 -6.109879e-01 -2.540631e-01 -7.497638e-01 -1.571217e+00 0 436453
-1.222322e+13 -1.246175e+13 1.471989e+11 -4.119465e-01 -8.438124e-01 -3.439196e-01 8.078293e+00 0 471422
-5.341161e+12 1.644832e+13 1.172537e+13 -3.276106e-01 9.428066e-01 -6.153800e-02 -6.062470e+00 0 84887
4.401076e+12 5.509776e+12 -2.068872e+13 1.922008e-01 5.504487e-02 -9.798107e-01 7.269376e+00 0 1503473
8.721836e+12 1.413252e+13 -5.176546e+12 8.673762e-02 6.457988e-01 -7.585647e-01 -3.501995e+00 0 1352655
-7.008036e+12 -1.393246e+13 7.624359e+12 -2.205658e-01 -2.964356e-01 9.292345e-01 -6.222484e+00 0 1
7.125203e+12 1.504891e+13 6.695536e+12 3.029265e-01 9.360962e-01 1.787722e-01 1.261861e+01 0 37164
1.017587e+13 -7.162888e+12 -1.177711e+13 4.935924e-01 -6.439272e-01 -5.845719e-01 -5.684545e+00 0 684221
1.461532e+13 -8.214727e+12 3.281104e+12 8.157903e-01 -3.366683e-01 -4.702560e-01 4.025738e+00 0 755079
-2.216056e+12 2.179743e+13 2.568710e+12 -5.590436e-01 7.891955e-01 2.542454e-01 1.424807e+01 0 6
1.333699e+12 -1.406835e+12 -2.025411e+13 -3.379048e-01 -3.387456e-01 -8.781069e-01 7.126987e+00 0 234460
-1.016654e+13 -3.419197e+12 1.395387e+13 -4.144723e-01 4.200351e-01 8.073309e-01 -9.795561e+00 0 289723
-7.363198e+12 9.665095e+12 -1.296110e+13 -1.536850e-01 9.458128e-01 -2.860405e-01 -6.444284e+00 0 37928
1.190114e+13 -3.907879e+12 -1.596041e+13 8.353877e-01 5.298234e-02 -5.471017e-01 -6.341648e+00 0 320724
-1.490686e+13 2.112082e+13 -2.009125e+12 -5.735686e-01 7.724401e-01 -2.726819e-01 8.416946e+00 0 673029
-3.789799e+12 -1.271770e+13 1.147781e+13 -6.378987e-01 -6.391291e-01 4.296501e-01 -9.448226e+00 0 1269078
-1.007621e+13 5.284689e+12 1.258299e+13 -8.897691e-02 6.786208e-01 7.290795e-01 2.791370e+00 0 12803
1.583371e+12 -1.030087e+13 1.399395e+13 -6.578369e-01 -4.950125e-01 5.676382e-01 5.632044e+00 0 936449
-1.966563e+13 -1.477136e+13 -1.745954e+13 -3.136442e-01 -5.852632e-01 -7.477261e-01 -7.315503e+00 0 404059
-2.989801e+11 1.689794e+13 -6.862668e+12 -4.805772e-01 8.002586e-01 -3.586528e-01 8.719013e+00 0 3459
-2.646089e+11 5.942486e+12 -2.223575e+13 -2.576841e-01 5.310502e-01 -8.072079e-01 9.011205e+00 0 207704
-2.376158e+13 1.075571e+12 8.264868e+12 -7.344960e-01 2.494764e-01 6.310921e-01 -1.107218e+01 0 355626
7.415541e+12 1.333979e+13 -7.440718e+12 1.571815e-02 5.160165e-01 -8.564344e-01 4.221365e+00 0 81974
9.252484e+12 8.249322e+12 -1.553651e+13 1.571971e-01 5.014297e-01 -8.507980e-01 -4.068383e+00 0 626390
3.203921e+12 -1.492014e+13 -8.026482e+12 -8.960981e-02 -9.921540e-01 -8.718053e-02 -7.104576e+00 0 337184
1.908297e+13 1.103546e+13 1.216509e+12 3.964119e-01 9.172840e-01 -3.804750e-02 1.639273e+01 0 963034
-1.072600e+13 -8.776971e+12 -1.460045e+13 -4.470708e-01 -6.563759e-01 -6.076992e-01 4.259779e+00 0 380086
-6.347996e+11 -1.601075e+13 -6.041348e+12 -5.629932e-01 -7.449154e-01 -3.579660e-01 -9.456328e+00 0 11
7.646526e+12 -1.323927e+13 -8.762211e+12 6.640618e-01 -4.376242e-01 6.062235e-01 -2.863200e+00 0 1
-1.600261e+13 -8.101377e+12 9.610724e+12 -1.352557e-01 -9.512386e-01 2.772201e-01 9.224662e-01 0 68958
-1.381682e+13 3.819557e+11 -1.029841e+13 -1.247427e-01 2.089266e-01 -9.699427e-01 2.018871e+00 0 418947
-1.786708e+13 -3.367652e+12 -2.843881e+12 -5.714106e-01 -5.598266e-01 6.000701e-01 8.717940e+00 0 178015
9.909593e+12 1.422987e+13 -1.116732e+13 6.290322e-01 7.668527e-01 -1.274968e-01 9.266682e+00 0 1022387
5.940529e+12 1.072800e+13 1.659576e+13 5.746338e-01 4.673582e-01 6.718425e-01 -6.001274e+00 0 943350
1.557669e+13 4.316596e+12 5.224473e+12 9.153497e-01 1.997630e-01 3.496137e-01 -3.407013e+00 0 1
-1.770999e+13 -3.569771e+12 -6.529377e+12 -8.786860e-01 -2.680008e-01 -3.950779e-01 6.513103e+00 0 448842
3.435179e+12 1.614937e+13 9.892277e+12 5.965485e-01 7.642041e-01 2.451978e-01 -8.893728e+00 0 229030
-1.692216e+13 2.596451e+12 9.841461e+12 -7.161392e-01 6.816289e-01 1.500890e-01 1.040960e+00 0 71413
1.109743e+13 2.975268e+11 1.334588e+13 1.562556e-02 8.415210e-01 5.399984e-01 1.212182e+01 0 768891
-1.098579e+13 2.184500e+13 -1.777934e+13 -3.135952e-01 7.240886e-01 -6.142912e-01 -8.550925e+00 0 298367
-3.124309e+12 8.032944e+12 1.636304e+13 -8.396220e-01 2.123468e-01 4.999437e-01 6.199790e+00 0 53460
-1.090333e+13 -7.378000e+12 1.124012e+13 -7.035588e-03 -9.047677e-01 4.258474e-01 7.990286e+00 0 332775
-1.439146e+13 1.055150e+13 -6.588525e+12 -8.984119e-01 1.687270e-01 -4.054470e-01 -1.807937e+00 0 1984068
1.197122e+13 -1.423084e+13 1.311617e+13 5.273830e-01 -2.770359e-01 8.031925e-01 -6.834766e+00 0 1243694
-1.587567e+12 -1.178484e+13 -1.241391e+13 -3.604402e-01 2.106855e-01 -9.086773e-01 -8.352403e+00 0 1122674
8.675134e+12 -1.446893e+13 -3.948142e+12 6.304527e-01 -6.113579e-01 -4.783000e-01 -4.203329e+00 0 499780
1.254014e+13 -5.667815e+12 1.024588e+13 2.860232e-01 -8.887312e-01 3.582562e-01 -7.553035e+00 0 372611
9.347601e+12 -7.646073e+12 1.320488e+13 4.676999e-01 -3.389198e-01 8.163273e-01 -7.106430e+00 0 199017
-1.764680e+13 1.111519e+12 8.271900e+11 -6.018588e-01 -3.048958e-01 -7.381087e-01 -1.930567e+00 0 1
1.132696e+13 1.390415e+13 -6.999482e+12 9.803554e-01 1.889295e-01 5.664735e-02 5.545021e-01 0 1
1.051821e+13 7.036563e+12 -1.702984e+13 2.211407e-01 -7.786791e-02 -9.721283e-01 7.646582e+00 0 2
-1.224190e+13 -8.043514e+12 1.254583e+13 -6.760444e-01 -7.261854e-01 -1.249747e-01 6.433492e+00 0 950662
5.904416e+12 -3.043473e+12 -1.698224e+13 3.755584e-01 -7.417111e-02 -9.238260e-01 -4.911121e+00 0 39595
1.116024e+13 1.189222e+13 -2.391877e+13 6.035795e-01 6.590380e-01 -4.487324e-01 -1.121976e+01 0 158574
1.226751e+13 1.206213e+13 6.465199e+12 5.347475e-01 3.983318e-01 7.452361e-01 -6.273765e+00 0 1630058
7.282790e+12 -2.188107e+12 -1.747890e+13 6.496894e-01 -4.490682e-01 -6.133852e-01 3.922076e+00 0 332785
9.889523e+12 -1.434611e+13 1.617390e+12 -2.234618e-01 -5.635546e-01 7.952805e-01 2.745816e+00 0 87958
-5.681532e+12 -6.494103e+12 -1.490117e+13 -1.531037e-01 6.934240e-01 -7.040756e-01 -8.020235e+00 0 263623
1.681973e+13 6.413728e+12 9.125975e+12 8.929344e-01 -3.089818e-01 3.274118e-01 -1.029559e+01 0 153374
-1.489223e+13 7.336497e+12 -3.870254e+12 2.166389e-01 9.391458e-01 -2.665948e-01 -6.534153e+00 0 33413
1.196315e+13 -1.831383e+13 1.410540e+13 2.218829e-01 -8.215044e-01 5.252605e-01 -1.084488e+01 0 9
-9.331502e+12 9.160824e+12 -1.151588e+13 -7.947593e-01 4.916273e-01 -3.558936e-01 6.852781e+00 0 65267
-2.003694e+13 7.961340e+12 4.140997e+12 -9.185672e-01 2.345936e-01 3.181197e-01 -3.527029e+00 0 2274564
-9.164391e+12 -1.397865e+13 -7.904315e+12 -6.217123e-01 -7.544934e-01 2.102700e-01 -7.324704e+00 0 244537
5.079039e+12 4.362734e+12 -1.624223e+13 4.033933e-01 6.562422e-01 -6.376676e-01 1.032946e+01 0 242874
6.529702e+12 -1.652190e+13 2.762335e+12 4.230001e-01 -8.434265e-01 3.312139e-01 -1.006978e+01 0 350267
6.079942e+12 -1.773384e+13 7.322704e+12 2.217169e-01 -8.932689e-01 3.910399e-01 -1.218967e+01 0 686612
-1.515196e+13 -8.926479e+11 -7.897156e+12 -5.603949e-01 3.642581e-01 -7.438236e-01 -5.070133e-01 0 148024
-2.227507e+12 6.126973e+12 1.570742e+13 5.660240e-01 -2.318202e-01 7.911234e-01 -6.091679e+00 0 765091
5.074184e+12 -1.475661e+13 1.609131e+13 -7.501058e-02 -5.121431e-01 8.556184e-01 -9.432691e+00 0 1812910
-1.263960e+13 -1.367071e+13 8.577610e+12 -7.849958e-01 1.887135e-02 6.192135e-01 -1.139590e+01 0 1132914
9.268635e+12 1.297741e+12 -1.704415e+13 -7.562348e-02 -2.563938e-01 -9.636095e-01 -7.704973e+00 0 234731
-3.169277e+12 1.634624e+13 -6.773764e+12 -4.913130e-01 8.368956e-01 2.412827e-01 -3.222255e+00 0 8
-1.648860e+13 6.260162e+12 8.947656e+11 -9.289229e-01 -3.032916e-01 -2.124062e-01 1.052176e+01 0 4
-1.978032e+12 9.331158e+12 1.483788e+13 -4.880890e-01 8.608265e-01 1.440380e-01 3.753609e+00 0 418055
-8.413459e+12 -4.018507e+12 1.514200e+13 -3.865247e-01 5.864711e-02 9.204125e-01 -7.805826e+00 0 72852
9.697081e+12 -1.446806e+13 1.038963e+13 6.631460e-01 -2.609168e-01 7.015411e-01 -4.453317e+00 0 278856
4.209971e+12 6.539303e+12 1.507969e+13 2.597992e-01 8.795222e-01 3.986792e-01 -5.271444e-01 0 276900
-2.880817e+12 1.640530e+13 -3.661306e+12 1.125522e-01 9.559777e-01 -2.709957e-01 2.854759e+00 0 101436
6.360044e+12 1.536181e+13 3.869527e+12 -4.568741e-01 8.639160e-01 -2.119321e-01 8.787764e+00 0 617092
1.411930e+13 -1.944187e+13 2.380656e+12 8.237161e-01 -5.662429e-01 2.933904e-02 -1.909682e+00 0 90568
1.672989e+13 -6.793096e+11 2.785697e+12 6.304649e-01 6.652783e-01 3.998984e-01 1.928302e+00 0 95133
-5.706071e+12 -1.771776e+13 -2.195325e+12 -4.719658e-01 -8.742494e-01 1.137378e-01 -7.912648e+00 0 540407
-1.458667e+13 6.692553e+12 6.286510e+12 2.314321e-01 4.244591e-01 8.753706e-01 -6.992576e+00 0 630556
-1.493630e+13 1.038389e+13 9.551088e+12 -7.492740e-01 6.510209e-01 1.214919e-01 8.090235e+00 0 600670
1.901071e+13 -5.130427e+12 1.066001e+13 7.559743e-01 2.822121e-01 5.906430e-01 9.477148e+00 0 978114
-1.984802e+11 9.297250e+12 -1.454491e+13 -2.538401e-01 9.129033e-01 -3.196448e-01 4.908834e+00 0 155430
-1.078158e+13 -1.340542e+13 -7.621101e+12 -3.917824e-01 -1.632199e-01 -9.054644e-01 -7.980141e+00 0 1026094
6.322007e+12 1.590079e+13 -2.063911e+12 6.868121e-02 1.168995e-01 -9.907661e-01 -9.442661e+00 0 251510
1.561200e+13 -6.636279e+12 7.636201e+11 9.677255e-01 1.522319e-01 -2.008305e-01 5.977016e-02 0 127154
-1.180634e+13 -1.392785e+13 4.764873e+12 -5.001880e-01 -8.228434e-01 2.697048e-01 -7.057947e+00 0 47079
-1.313022e+13 1.202837e+13 -2.495809e+12 -2.658270e-01 9.588671e-01 -9.954876e-02 1.197275e-01 0 108963
6.631990e+11 -5.766845e+12 -1.699399e+13 3.157635e-01 4.293802e-01 -8.461241e-01 -6.862369e+00 0 1225938
1.476925e+13 1.174289e+12 8.274537e+12 7.598339e-01 2.689150e-01 5.918929e-01 6.194472e+00 0 17579
5.934140e+12 -1.231095e+13 -1.037181e+13 4.139905e-01 -7.215717e-01 -5.549290e-01 -7.002230e+00 0 302385
-4.323737e+12 3.518226e+12 -2.128483e+13 -3.904109e-01 3.841723e-01 -8.366547e-01 -7.004206e+00 0 230252
1.033055e+13 -5.438261e+12 1.263738e+13 -1.589004e-01 -3.031294e-01 9.396080e-01 -4.597869e+00 0 605261
-1.463580e+13 -4.327085e+11 -8.612804e+12 -9.147735e-01 3.474723e-01 2.060401e-01 -1.093194e+01 0 689596
1.397731e+13 -6.324531e+12 -8.341820e+12 4.147261e-01 -7.277291e-01 -5.462716e-01 1.332288e+00 0 1876288
-1.655302e+13 1.891695e+12 -3.908141e+12 -5.005379e-02 8.310079e-01 -5.540040e-01 -1.408332e+01 0 964385
-1.262669e+13 1.006613e+13 -5.210435e+12 -8.422243e-01 -7.251259e-02 5.342285e-01 6.935354e+00 0 998078
-1.679535e+13 7.072973e+12 -4.676672e+12 -1.194850e-01 7.684930e-01 -6.286031e-01 5.690441e-01 0 133385
-1.425088e+13 -3.862087e+12 -9.090603e+12 -5.934971e-01 1.095398e-01 -7.973470e-01 -5.541809e+00 0 57013
-1.599962e+13 -1.599510e+13 7.529120e+12 -5.266973e-01 -2.779267e-01 8.033347e-01 5.767699e+00 0 237354
6.582820e+12 -6.103621e+12 1.714568e+13 9.110952e-01 -1.490534e-02 4.119265e-01 -3.812899e+00 0 256425
-1.987222e+11 -8.364206e+11 -2.080029e+13 -4.922044e-02 4.651727e-01 -8.838505e-01 -9.953217e+00 0 258729
1.454377e+13 7.812139e+12 -9.527885e+12 5.164946e-01 5.937398e-01 -6.170141e-01 1.227696e+01 0 1604700
-1.072317e+12 -4.224072e+12 -1.744991e+13 2.875232e-01 -5.072334e-01 -8.124313e-01 -4.884454e+00 0 435293
-3.508349e+12 -1.870714e+13 9.791042e+12 3.600579e-01 -8.391347e-01 4.076901e-01 -4.663286e+00 0 533831
-4.918329e+12 9.749904e+12 -1.610177e+13 1.665355e-02 8.905516e-01 -4.545772e-01 -1.065663e+01 0 18
-4.956747e+12 1.598070e+13 6.841855e+12 -6.795569e-01 5.029590e-01 -5.340737e-01 -2.589541e+00 0 13
-2.871883e+13 1.147581e+12 4.459060e+12 -9.353112e-01 -3.126683e-01 1.656248e-01 -3.081468e+00 0 285828
-7.457172e+12 -2.177308e+13 6.133360e+12 4.055875e-01 -8.743483e-01 2.664842e-01 -2.914394e+00 0 394355
4.372988e+12 1.228579e+13 1.085128e+13 3.021542e-01 7.461652e-01 5.932456e-01 -2.563295e+00 0 611769
-1.011412e+13 1.318004e+13 3.796337e+12 -2.715093e-01 9.551277e-01 1.183795e-01 1.697225e+00 0 611176
3.333180e+12 1.631899e+13 -4.240843e+12 5.808540e-01 6.155220e-01 -5.326737e-01 -7.514277e+00 0 161919
3.503635e+12 9.422227e+12 1.645361e+13 -4.064511e-01 5.542934e-01 7.263307e-01 9.647481e+00 0 869035
7.528182e+12 -5.243504e+12 -1.506250e+13 7.510804e-01 -3.195039e-01 -5.777503e-01 5.845188e+00 0 1037443
1.270117e+13 -1.119168e+12 -1.175903e+13 4.234166e-01 -5.868952e-01 -6.901249e-01 2.710244e+00 0 5228200
5.073635e+12 4.024060e+12 -1.580157e+13 3.402660e-01 6.589852e-01 -6.707887e-01 2.901415e-01 0 261010
-2.630298e+12 6.211158e+12 1.563527e+13 3.231147e-02 8.285335e-01 5.590065e-01 -5.622423e+00 0 413634
2.932114e+12 1.889779e+13 -2.357318e+12 8.217459e-01 4.944682e-01 2.832578e-01 -1.504026e+01 0 1
