# 781 1.000000e+07 1.000000e+04 0.000000e+00 1.000000e+00 5.000000e-01
2.018093e+12 -1.487504e+14 -8.205996e+13 5.592250e-01 -6.934433e-01 4.543168e-01 -2.356206e+00 0 5516577
-6.858478e+13 -1.551934e+14 8.339188e+12 -6.325417e-02 -3.054426e-01 -9.501072e-01 7.457938e+00 0 1
1.290384e+14 1.032447e+14 3.894367e+13 5.991885e-01 7.736231e-01 2.061080e-01 -6.717715e+00 0 1473313
3.880992e+13 1.274145e+14 -1.112032e+14 4.711157e-01 8.376373e-01 -2.764303e-01 -8.378855e+00 0 485095
-1.682262e+14 -1.037848e+13 -2.005874e+13 -8.768524e-01 4.807533e-01 2.489799e-03 -2.498946e-01 0 48233
1.451303e+14 5.799781e+13 -6.702173e+13 7.366227e-01 6.763006e-01 -2.141758e-03 8.101310e+00 0 1
1.704455e+13 1.655135e+14 -3.509443e+13 -5.060138e-01 4.352625e-01 -7.446453e-01 -3.652906e+00 0 27
1.652573e+13 -6.439252e+13 -1.562448e+14 9.525506e-01 -2.989808e-01 -5.707777e-02 8.783701e+00 0 1998394
-9.065283e+13 -1.269043e+14 7.045091e+13 -2.062966e-01 -8.536634e-01 4.782265e-01 -4.639817e+00 0 5837486
2.603469e+13 -1.727131e+14 -9.069965e+12 2.561079e-01 -9.649278e-01 -5.764636e-02 2.293828e+01 0 4388162
-1.318817e+14 1.365090e+13 -1.060137e+14 -1.432737e-01 9.607764e-01 -2.374477e-01 -1.052672e+01 0 3448836
5.630758e+13 -1.648211e+14 -5.017518e+12 2.466163e-01 -9.195667e-01 -3.059043e-01 1.222428e+01 0 3687301
-6.157291e+13 1.147858e+14 -1.132595e+14 -1.250800e-01 9.039477e-01 -4.089420e-01 -1.916416e+01 0 3038781
1.026914e+14 1.365255e+14 -4.352286e+09 7.772600e-01 5.152563e-01 -3.610787e-01 2.847139e+00 0 764784
2.760183e+13 -1.674213e+14 5.231639e+12 -6.712901e-01 -7.386919e-01 -6.086021e-02 -9.865646e+00 0 6274242
-1.427300e+14 8.113601e+13 -4.313276e+13 -8.811136e-02 9.958349e-01 2.343484e-02 -1.712675e+00 0 4008360
-4.581307e+13 -1.356264e+14 -9.808504e+13 6.153835e-01 2.044340e-03 -7.882252e-01 1.732844e+01 0 4470755
-3.361942e+13 1.093756e+13 -1.875948e+14 2.261956e-01 3.218054e-01 -9.193894e-01 -9.292261e+00 0 5555352
3.479497e+13 1.122162e+14 -1.298056e+14 -4.683817e-01 -2.419683e-01 -8.497470e-01 -1.676459e+01 0 3427575
1.632303e+14 -2.631862e+11 -7.389675e+13 7.341396e-01 5.554447e-01 -3.905384e-01 3.047281e+01 0 389752
6.337392e+13 -1.166356e+14 -1.100025e+14 -1.417489e-01 -6.831996e-01 -7.163417e-01 1.190500e+01 0 3261654
1.553323e+14 2.928442e+13 -6.241773e+13 7.889111e-01 4.090513e-01 4.585807e-01 8.113571e+00 0 3642741
8.492031e+13 -4.810339e+13 -1.543557e+14 9.368531e-01 -2.615958e-01 -2.321074e-01 1.322995e+01 0 23332150
1.691612e+13 7.415087e+13 -1.572061e+14 -6.124634e-02 7.570768e-01 -6.504487e-01 6.562437e+00 0 379953
-8.544412e+13 8.968513e+13 -1.199484e+14 -4.094567e-01 7.369724e-01 -5.377889e-01 -2.089486e+01 0 1409771
1.340989e+14 -1.125695e+14 -8.735875e+12 8.165936e-01 -3.082634e-01 -4.880047e-01 9.219462e+00 0 1606617
8.046042e+13 -1.245914e+14 8.395211e+13 7.965671e-01 -4.906771e-01 3.531527e-01 -3.028915e+00 0 5231482
-3.280991e+13 -1.407808e+14 -8.894876e+13 -6.075465e-01 -7.938379e-01 -2.661798e-02 1.700076e+00 0 1164653
8.946697e+11 5.811950e+13 -1.615546e+14 -3.462286e-01 -5.961533e-01 -7.243804e-01 1.105061e+01 0 1830924
1.488720e+14 7.762971e+13 -2.975634e+13 8.230320e-01 -1.451658e-02 5.678095e-01 -1.220237e+01 0 574640
9.168154e+13 1.295100e+14 7.662543e+13 9.604975e-01 2.725314e-01 -5.631301e-02 -1.892518e+01 0 691227
-7.663612e+13 1.217879e+14 8.979686e+13 3.470065e-01 6.249600e-01 6.992936e-01 -1.361069e+01 0 6280066
-1.658170e+14 -3.594457e+13 1.347972e+14 -8.516141e-01 2.853943e-01 4.396629e-01 -2.233425e+01 0 7573713
2.445113e+13 -1.233459e+14 1.168911e+14 -3.745231e-01 -5.790001e-01 7.242178e-01 -9.564180e+00 0 6262726
1.036264e+14 -1.342694e+14 1.558208e+13 9.472265e-01 -2.790509e-01 -1.577736e-01 -1.764273e+00 0 7111738
1.272598e+14 9.101844e+13 7.985763e+13 1.218829e-01 7.624244e-01 6.354947e-01 1.718406e+01 0 9011183
-1.435452e+14 -3.583348e+13 -8.473013e+13 -9.943346e-01 -6.419607e-02 8.472066e-02 -3.883658e+00 0 602246
5.428263e+13 8.794628e+13 1.440688e+14 -1.558670e-01 8.345412e-01 5.284378e-01 1.673236e+01 0 1475639
6.552638e+13 -1.558267e+13 1.613486e+14 8.507259e-01 6.478257e-02 5.216020e-01 7.156403e+00 0 1599095
1.310174e+14 1.221800e+14 2.789340e+13 -2.154023e-01 8.811625e-01 -4.208973e-01 1.687158e+01 0 2718727
1.583475e+14 -3.698990e+13 4.864501e+13 6.968643e-01 1.916716e-01 6.911166e-01 2.305476e+01 0 3285449
1.924614e+13 -6.081987e+12 1.872316e+14 7.020370e-01 -3.304144e-01 6.308490e-01 2.065128e+01 0 1320141
-3.808928e+13 1.705416e+14 -3.284838e+13 6.210488e-01 6.783263e-01 3.926471e-01 -1.888533e+01 0 1117957
7.799434e+13 -1.363765e+14 6.867795e+13 8.241604e-01 -2.989393e-01 -4.810353e-01 1.368476e+01 0 1432964
-2.325379e+13 1.142689e+14 1.503534e+14 -1.457845e-01 7.171279e-01 6.815236e-01 1.976407e+01 0 1386153
-6.447754e+13 8.241156e+13 1.356507e+14 -5.532150e-01 8.201403e-01 1.460243e-01 1.184801e+01 0 2233756
1.304768e+14 6.339522e+13 9.820276e+13 9.328026e-01 9.356597e-02 3.480298e-01 -1.310464e+01 0 2331072
-8.583625e+13 -9.645886e+12 -1.509634e+14 1.206254e-01 -2.316919e-02 -9.924277e-01 -1.080175e+01 0 2199598
1.702409e+13 -3.774425e+13 -1.712676e+14 -3.074260e-02 -3.918893e-01 -9.194986e-01 1.478624e+01 0 11410252
1.290222e+14 1.183734e+14 3.805879e+13 7.381980e-01 6.745603e-01 -5.664411e-03 -5.231432e+00 0 2
1.094787e+14 9.240049e+13 1.099203e+14 4.074755e-01 6.752823e-01 6.147825e-01 -1.349637e+01 0 11477680
-3.512555e+13 1.787374e+14 -1.560841e+14 -1.553331e-02 6.039995e-01 -7.968333e-01 -2.633377e+01 0 1561448
-1.330710e+14 1.261348e+14 -1.221302e+13 -3.844827e-01 9.228939e-01 -2.097255e-02 -1.404338e+01 0 3205265
-6.906310e+13 1.032996e+14 1.180397e+14 -8.903059e-01 -2.213716e-01 3.979321e-01 1.127091e+01 0 11993602
-8.149939e+13 1.313254e+14 1.021296e+14 -4.322237e-01 8.822866e-01 1.864216e-01 -1.369746e+01 0 2309859
1.691746e+13 -1.376736e+14 -1.053944e+14 -4.933271e-01 -8.595096e-01 -1.336847e-01 -1.392093e+01 0 1943795
-8.755271e+13 5.279075e+13 -1.574394e+14 5.844095e-03 2.250795e-01 -9.743229e-01 1.762522e+01 0 5397961
-9.048561e+13 1.400258e+14 -4.084952e+13 -8.037536e-01 5.892821e-01 -8.201648e-02 1.135596e+01 0 393258
1.072799e+13 -7.787098e+13 -1.551686e+14 -7.345289e-01 -2.079199e-02 -6.782587e-01 -1.184410e+01 0 1088616
-1.572351e+14 -4.318939e+13 6.021286e+13 -4.436975e-01 -2.215477e-01 8.683600e-01 -2.228960e+01 0 13817287
-1.530812e+14 1.660386e+14 1.460663e+13 -5.544642e-01 8.277490e-01 8.602926e-02 1.754665e+01 0 657566
-1.188706e+14 -5.060780e+13 -1.149237e+14 -6.627796e-01 -7.118557e-01 2.323461e-01 -9.490067e+00 0 25330697
9.292871e+12 -7.607190e+11 1.698173e+14 6.329256e-01 1.831087e-01 7.522476e-01 6.525710e+00 0 55590
-8.234693e+13 8.503493e+13 1.221482e+14 1.806152e-01 9.311176e-01 -3.168567e-01 1.135516e+01 0 1427624
1.708553e+14 3.349788e+12 -2.070205e+13 2.610971e-01 -7.341269e-01 -6.268062e-01 -1.542654e+01 0 104328
1.837451e+13 1.673912e+14 -2.074915e+13 -1.550606e-01 8.458629e-01 5.103648e-01 6.513965e+00 0 9084101
8.112246e+13 -5.969928e+13 1.498774e+14 3.021834e-01 -8.452624e-01 4.407002e-01 1.035149e+01 0 771207
-1.041611e+14 4.799032e+12 1.487781e+14 -8.338928e-01 2.161799e-01 5.078277e-01 -1.012178e+01 0 6865666
-1.449438e+14 9.360421e+13 -1.632437e+13 -6.769145e-01 -1.610688e-01 -7.182225e-01 -1.913980e+01 0 1668259
-6.551272e+13 8.161136e+13 -1.507285e+14 2.273555e-01 3.959825e-01 -8.896670e-01 -1.250949e+01 0 9513500
9.351345e+13 -1.590465e+14 1.107075e+13 4.822480e-01 -6.799704e-01 -5.523379e-01 -2.200332e+01 0 137098
1.671007e+14 4.045254e+13 -1.466192e+13 3.775763e-01 6.986915e-01 -6.076729e-01 1.727796e+01 0 4581812
1.098987e+14 8.550952e+12 -1.357604e+14 6.388854e-01 5.283248e-01 -5.591944e-01 -1.529634e+01 0 3037687
-1.752206e+14 7.686005e+13 -5.910795e+12 -7.132217e-01 6.290375e-01 3.092356e-01 -1.828485e+01 0 8548923
-3.471983e+13 -1.622907e+14 5.253999e+13 -8.880103e-01 -3.917323e-01 2.407977e-01 3.979925e+00 0 10608360
-1.769160e+14 -4.733982e+13 -2.188554e+13 -8.105176e-01 -3.554003e-01 -4.655661e-01 -1.575368e+01 0 1649733
1.724898e+13 -1.705523e+14 4.101520e+12 5.745672e-01 -7.018518e-01 4.210422e-01 1.359094e+01 0 9613443
7.737029e+13 9.730799e+13 1.199929e+14 4.120758e-01 5.113288e-02 9.097137e-01 1.143824e+01 0 1610531
1.158894e+14 -2.471387e+13 -1.266127e+14 1.299824e-01 -7.054349e-01 -6.967540e-01 -1.584469e+01 0 905650
4.705184e+13 -4.405659e+13 1.576985e+14 4.424830e-01 -7.239520e-01 5.292469e-01 6.791350e+00 0 18908
-1.198526e+14 -7.190807e+13 -1.119521e+14 -9.865311e-01 -1.147503e-01 1.165711e-01 -2.061625e+01 0 18031888
-1.438837e+14 -2.183225e+13 -9.546214e+13 -8.685494e-01 4.415380e-01 2.250912e-01 9.262502e+00 0 2463881
7.214663e+13 -1.496685e+14 4.516209e+13 6.076052e-02 -8.549830e-01 5.150847e-01 -8.259466e+00 0 11574507
-1.443429e+14 -6.475608e+13 -6.654814e+13 -4.655649e-01 -7.360032e-01 -4.914760e-01 -5.243574e+00 0 1573329
-5.453190e+13 -7.717694e+13 -1.446284e+14 -2.302337e-01 -8.117055e-01 -5.367742e-01 1.929411e+01 0 6428291
1.026149e+14 -1.068463e+14 -8.343877e+13 -2.996878e-01 8.220522e-02 -9.504891e-01 -1.082593e+01 0 13220367
1.584887e+14 5.309182e+13 3.210401e+13 5.214486e-01 7.716513e-01 3.642056e-01 1.349259e+00 0 83602
-9.388397e+13 -1.284629e+14 -6.772596e+13 -7.634468e-02 -3.903552e-01 -9.174935e-01 -1.671157e+00 0 200222
1.300253e+14 -6.424901e+13 -1.522229e+14 4.635385e-01 -2.960892e-01 -8.351427e-01 2.145503e+01 0 3989593
6.158543e+13 -1.296121e+14 -9.586162e+13 9.258465e-01 2.706997e-01 -2.636851e-01 -2.698932e+00 0 486133
-1.063265e+13 1.439591e+13 1.738508e+14 6.140550e-01 3.016496e-01 7.293449e-01 -1.443895e+01 0 299186
3.095416e+13 -1.542994e+14 -6.893242e+13 -6.260321e-01 -6.967506e-01 -3.501748e-01 -1.918100e+01 0 1380951
1.242948e+14 -4.954141e+13 -1.048674e+14 8.004225e-01 -2.488749e-01 -5.453303e-01 1.003122e+01 0 2421689
1.611970e+14 -4.614305e+13 -4.832333e+13 9.544834e-01 5.229337e-02 -2.936441e-01 1.324934e+01 0 6424839
-1.385339e+14 9.350410e+13 -3.299868e+13 -5.543435e-01 8.195918e-01 1.448191e-01 -1.644826e+01 0 163
1.469306e+14 7.983087e+13 -3.889270e+13 6.438205e-01 2.423058e-02 -7.647928e-01 -1.715782e+01 0 8896761
7.876407e+13 -1.182968e+14 9.476172e+13 -2.889901e-01 -7.615652e-01 5.800889e-01 9.331278e+00 0 262368
1.469288e+14 5.745062e+12 1.074837e+14 6.847749e-02 5.265365e-01 8.473902e-01 -6.891707e+00 0 5670023
-4.428500e+13 1.619137e+13 2.574668e+14 -2.144082e-01 1.092328e-01 9.706170e-01 -2.278612e+01 0 7986688
-5.857450e+13 -7.145440e+13 1.429468e+14 -3.796455e-01 9.665865e-02 9.200687e-01 1.292245e+01 0 1606498
-1.759727e+13 8.563575e+13 1.453427e+14 6.604318e-01 3.677272e-01 6.546805e-01 -1.635679e+00 0 431952
1.452124e+13 -1.537100e+14 -7.863364e+13 -1.062066e-02 -9.998576e-01 -1.311718e-02 -1.402887e+01 0 4916063
4.569120e+13 1.845633e+13 -1.651833e+14 2.753292e-01 2.579281e-01 -9.261031e-01 9.508690e+00 0 18695996
5.321162e+13 2.006729e+14 6.229713e+13 1.557563e-01 5.803346e-01 7.993446e-01 2.681130e+01 0 1849017
1.406086e+14 -6.415696e+13 7.065769e+13 7.168854e-01 6.925105e-01 8.065109e-02 -9.958279e-01 0 2400590
1.305176e+14 -8.375694e+13 -7.033124e+13 8.084733e-01 -2.434921e-01 -5.358008e-01 1.112761e+01 0 12847621
1.091857e+14 -1.213749e+14 -6.264828e+13 -4.309223e-03 -9.934326e-01 1.143373e-01 5.749424e+00 0 794698
5.344786e+13 1.521197e+14 6.585179e+13 -3.020859e-01 6.334477e-01 7.123820e-01 -5.212454e+00 0 2645610
4.706358e+13 -1.648501e+13 1.637681e+14 4.904769e-01 -1.709955e-01 8.545133e-01 -8.856809e+00 0 6791261
-1.412747e+14 -5.694192e+13 -7.653796e+13 -5.020471e-01 -8.358936e-01 -2.218798e-01 1.594175e+01 0 4894250
1.668716e+14 -2.757633e+13 1.557298e+13 9.415770e-01 1.796924e-01 -2.848568e-01 6.717381e+00 0 329799
-1.284188e+14 -7.375111e+13 -1.005969e+14 -6.709681e-01 6.371654e-02 -7.387436e-01 -2.178803e+01 0 5874189
-7.244517e+13 8.242309e+13 1.333633e+14 -5.590578e-01 3.706847e-01 7.416517e-01 7.113060e+00 0 1957387
1.534557e+14 -7.134485e+13 -4.283158e+13 4.210864e-01 -9.011997e-01 -1.025934e-01 -1.862346e+01 0 875449
1.017473e+14 -1.137785e+14 7.421384e+13 9.505861e-02 -6.926438e-01 7.149884e-01 -3.633387e+00 0 364105
-4.983973e+13 1.019511e+13 1.621790e+14 -7.726710e-01 -3.284899e-01 5.432070e-01 -5.663031e+00 0 382879
9.956256e+13 -8.685886e+12 1.401840e+14 2.123812e-01 -4.447599e-01 8.701051e-01 1.115667e+01 0 3331820
-5.391812e+13 -9.753839e+13 -1.285748e+14 4.852079e-01 1.590342e-01 -8.598148e-01 5.444815e+00 0 35180
-4.602031e+12 -4.291049e+13 1.664649e+14 7.145195e-02 -2.665495e-01 9.611691e-01 1.005459e+01 0 10602583
5.106881e+13 1.809974e+14 2.176978e+12 5.863597e-02 6.439711e-01 -7.627995e-01 -1.678038e+01 0 4913442
-1.642932e+14 5.746354e+13 -2.470669e+13 -6.882618e-01 -7.232694e-01 5.636604e-02 -1.503412e+01 0 2004824
2.925371e+13 -7.280878e+13 -1.565938e+14 -3.321300e-01 -9.374471e-01 -1.043196e-01 7.053014e+00 0 329419
1.211831e+14 7.587676e+13 -9.802860e+13 -3.141895e-01 7.217613e-01 -6.167216e-01 -2.799801e+00 0 1118351
2.606992e+12 1.182566e+14 1.219545e+14 9.187372e-01 2.601507e-01 2.970583e-01 -2.897160e+01 0 1936566
7.720644e+13 -1.070735e+14 1.069989e+14 7.670268e-01 5.765171e-01 2.815989e-01 1.399483e+01 0 9
1.632405e+14 -2.109287e+13 -5.863985e+13 1.552798e-01 -3.782819e-01 -9.125738e-01 -1.529966e+01 0 1782716
8.125489e+13 1.356116e+14 -6.743991e+13 4.351898e-02 9.831545e-01 1.775198e-01 1.770880e+01 0 6208931
-1.525139e+14 -2.716626e+13 -7.947098e+13 -6.856955e-01 4.006306e-01 -6.077144e-01 -1.624826e+01 0 4565725
-2.186330e+13 -1.641445e+14 4.278085e+13 -1.887068e-01 -9.819876e-01 -9.487074e-03 6.552462e+00 0 3
9.677550e+12 9.218700e+13 1.840020e+14 -1.185189e-01 -2.575243e-02 9.926178e-01 -2.176790e+01 0 776389
1.159783e+14 8.972676e+13 9.247617e+13 7.031254e-01 6.126795e-01 -3.608857e-01 6.727956e+00 0 582137
-1.543393e+14 2.877274e+12 7.320035e+13 -3.414172e-01 6.655183e-01 6.637166e-01 8.696230e+00 0 9910406
7.444449e+13 1.524917e+14 1.723812e+13 -1.008413e-01 7.502334e-01 -6.534377e-01 -2.909940e+00 0 1119323
5.339701e+13 2.976218e+13 1.703097e+14 3.814690e-01 1.890216e-01 9.048493e-01 1.369904e+01 0 1335494
-4.075837e+13 -1.649711e+14 1.544830e+12 4.494809e-01 -7.810325e-01 4.335380e-01 -2.328346e+00 0 389080
1.270192e+14 5.008424e+13 -1.049312e+14 7.856080e-01 4.295132e-01 -4.453522e-01 1.401304e+01 0 3194579
1.022657e+14 8.171751e+13 1.412493e+14 4.322379e-01 4.670831e-01 7.713649e-01 -1.827759e+01 0 14645270
4.047166e+12 1.194420e+14 1.206515e+14 -6.887788e-01 6.650810e-01 2.885325e-01 -7.206625e+00 0 12500077
3.802109e+12 -1.823829e+14 -3.069284e+13 -6.721038e-02 -8.669044e-01 -4.939226e-01 1.130706e+01 0 1112742
-1.272725e+14 1.128555e+14 1.303326e+12 -6.234932e-01 7.258950e-01 -2.904008e-01 4.077759e+00 0 5831848
-1.514703e+13 -1.864884e+14 -3.096190e+13 -2.052867e-01 -9.786234e-01 1.239031e-02 -1.596457e+01 0 5904338
3.292572e+13 -1.429044e+14 -8.824711e+13 -2.920611e-01 -2.145438e-01 -9.320253e-01 7.687579e+00 0 1694792
-2.223332e+13 -9.606958e+13 1.554566e+14 1.215409e-02 4.993616e-01 8.663084e-01 1.722071e+01 0 12079
1.479136e+13 -2.717386e+13 -1.698680e+14 3.557565e-01 -4.656203e-01 -8.103302e-01 -1.097914e+01 0 3587828
1.595902e+14 4.341781e+13 4.209007e+13 7.758829e-01 5.553652e-01 2.992913e-01 1.244851e+01 0 16370890
-1.658684e+14 7.662265e+13 -2.403955e+13 -8.593716e-01 -5.927678e-02 -5.079043e-01 -1.300215e+01 0 3469506
2.166771e+13 -1.341044e+14 1.039414e+14 2.329228e-01 -7.429742e-01 6.274842e-01 -5.448576e+00 0 3587876
1.213886e+14 1.399844e+14 -3.443162e+13 5.885211e-01 2.077693e-01 -7.813289e-01 -1.748558e+01 0 3306322
1.115557e+14 6.704569e+13 1.092179e+14 3.715670e-01 -7.048113e-01 6.043004e-01 -1.655155e+01 0 1747295
1.030242e+14 1.395507e+14 8.251792e+12 3.569107e-02 8.688656e-01 -4.937598e-01 1.676025e+01 0 1227403
1.977537e+13 8.047637e+13 1.505424e+14 1.182016e-01 -2.883678e-01 9.501960e-01 3.684032e+00 0 129249
5.359877e+13 1.255887e+14 1.053875e+14 1.992121e-01 8.933217e-01 -4.028533e-01 -9.973196e+00 0 2465515
-1.446829e+14 8.501543e+13 5.430472e+13 -9.909790e-01 -1.537004e-04 1.340172e-01 -9.907710e+00 0 11225538
-1.465913e+13 -9.506453e+12 1.925063e+14 -2.828315e-01 -5.524637e-01 7.840856e-01 1.217866e+01 0 777132
1.238563e+14 9.228705e+13 -9.119936e+13 2.933146e-02 3.678879e-01 -9.294074e-01 1.644780e+01 0 295991
1.095191e+14 -7.274409e+13 1.691756e+14 3.063399e-01 2.972583e-01 9.043193e-01 -1.631347e+01 0 1119534
-9.115383e+13 1.092198e+14 -1.032277e+14 -8.064422e-01 4.507213e-01 3.827548e-01 1.389207e+01 0 195472
8.734009e+13 2.094268e+13 -1.483839e+14 4.430730e-01 3.902372e-01 -8.070943e-01 -7.155194e+00 0 7097328
-4.518548e+13 1.052599e+14 -1.294713e+14 1.514578e-01 4.390669e-01 -8.855963e-01 -1.009466e+01 0 687578
-3.046662e+12 1.805093e+14 -3.066215e+13 1.179155e-01 9.923163e-01 3.747495e-02 7.449258e+00 0 277206
-7.303430e+13 -2.003928e+14 6.785994e+13 -6.008623e-01 -7.991453e-01 1.820224e-02 1.536326e+01 0 1415720
8.418534e+13 -1.520128e+14 -2.526147e+13 -4.687288e-01 -8.292546e-01 3.043519e-01 1.117293e+01 0 10049895
-1.343412e+14 -1.115966e+14 1.525554e+12 -7.756255e-01 -4.809643e-01 4.087524e-01 4.807068e+00 0 2182526
-1.591735e+14 8.471722e+13 2.722993e+13 -8.180863e-01 5.658135e-01 -1.029071e-01 -1.047218e+01 0 13789171
-1.222910e+14 1.441336e+14 2.465496e+13 -8.371846e-01 5.416926e-01 -7.543885e-02 -2.367825e+01 0 2815128
-1.538269e+14 1.942805e+12 -7.697386e+13 -7.598169e-01 6.988829e-02 -6.463698e-01 -8.609197e+00 0 5
-1.423718e+14 -9.532185e+13 5.249725e+13 -8.558220e-01 5.144433e-01 5.400823e-02 2.022984e+01 0 11214132
-1.468394e+14 -9.042827e+13 2.506152e+13 -9.329363e-01 -3.282592e-02 -3.585420e-01 3.893294e+00 0 5361737
8.357698e+13 -8.261104e+13 1.302647e+14 2.293023e-01 -1.023499e-01 9.679592e-01 9.138176e+00 0 7285513
6.161397e+13 1.584427e+14 -1.534084e+13 2.631142e-01 9.437791e-01 2.001296e-01 -5.910622e+00 0 627959
1.324589e+14 -1.153918e+14 -1.505704e+13 -1.083476e-04 -9.299622e-01 3.676552e-01 -1.062681e+01 0 723456
-1.693166e+14 3.444172e+13 1.875445e+12 -3.216811e-01 8.488484e-01 4.194970e-01 1.051538e+00 0 22
-7.305770e+11 1.290280e+12 -1.696018e+14 4.991366e-01 7.752675e-02 -8.630482e-01 7.136120e-01 0 13063462
-2.536256e+13 1.543696e+13 1.779279e+14 -6.800049e-01 4.802130e-01 5.540658e-01 -1.621811e+01 0 3777562
-7.684492e+13 4.877859e+13 -1.597216e+14 -7.875676e-01 3.464070e-01 -5.096464e-01 -1.651981e+01 0 4176249
-6.237708e+13 1.267777e+14 -1.049059e+14 -8.344285e-01 4.256627e-01 -3.500575e-01 1.079120e+01 0 429814
-5.674547e+13 6.938914e+13 1.439913e+14 -5.219639e-01 -3.128040e-01 7.935410e-01 -9.585301e+00 0 4706076
-8.911034e+13 1.353175e+14 6.526873e+13 2.305751e-01 9.730341e-01 6.312761e-03 -2.012443e+01 0 2249269
-7.974342e+13 -1.294011e+14 8.342698e+13 -3.078510e-01 7.741413e-02 9.482799e-01 1.718287e+01 0 871849
-1.368828e+14 -1.032150e+14 -1.643575e+13 -7.905345e-01 -6.111306e-01 -3.967998e-02 -7.037584e+00 0 5167629
5.003040e+13 1.279557e+14 -1.024481e+14 -4.130732e-01 -1.983880e-01 -8.888266e-01 -1.147896e+01 0 871281
5.628789e+13 -2.331235e+13 1.586460e+14 8.791823e-01 9.987084e-02 4.659016e-01 -1.867313e+01 0 1081904
6.287403e+13 1.165982e+14 1.112910e+14 -3.774739e-01 8.288771e-01 4.128876e-01 -7.908242e+00 0 8381069
-4.724719e+12 -1.770869e+14 4.658794e+13 -6.561002e-01 -7.546012e-01 1.046328e-02 2.173008e+00 0 229737
1.705863e+14 3.111713e+13 8.871975e+12 1.697276e-01 9.824484e-01 7.738055e-02 4.157214e-01 0 225449
-4.501028e+13 1.423459e+14 8.538067e+13 3.530798e-01 9.298938e-01 1.031118e-01 -7.768317e+00 0 550675
-1.721620e+14 2.191459e+13 -6.889115e+11 -8.696104e-01 4.165680e-01 -2.650451e-01 1.172127e+01 0 14857368
1.023811e+14 1.436036e+14 -3.646648e+13 4.241099e-01 7.827157e-01 4.555074e-01 -1.151029e+01 0 14189408
8.491344e+13 3.657985e+13 -1.430301e+14 8.447610e-01 7.060069e-02 -5.304662e-01 -6.269101e+00 0 9678998
8.448851e+13 1.337722e+14 6.578166e+13 6.954285e-01 5.415281e-03 7.185749e-01 1.387506e+01 0 2520108
-1.084313e+14 2.897013e+13 -1.318421e+14 -3.895126e-01 1.323288e-01 -9.114653e-01 -7.917436e+00 0 1100200
6.410015e+13 -1.180576e+14 -1.392785e+14 2.310877e-01 -9.113895e-01 -3.405402e-01 1.236041e+01 0 676471
-3.288235e+13 3.363460e+13 -1.671534e+14 -1.961542e-01 5.057897e-02 -9.792677e-01 1.433215e+01 0 12777538
-1.369007e+14 -1.828504e+13 1.134886e+14 -3.839467e-01 4.008688e-02 9.224847e-01 1.725302e+01 0 3363956
6.230794e+13 -1.502537e+14 5.785716e+13 1.528121e-01 -6.443040e-01 7.493469e-01 1.258823e+01 0 8882234
5.627243e+13 2.611661e+13 -1.653958e+14 3.858165e-01 -5.968128e-02 -9.206431e-01 1.182161e+01 0 6799524
1.341720e+14 3.457791e+13 -1.166147e+14 9.353427e-01 1.922366e-01 2.969497e-01 -2.554077e+01 0 2906456
-3.281804e+13 -1.227491e+14 -1.142757e+14 -3.055249e-01 -4.353053e-01 -8.468553e-01 -1.176561e+01 0 792806
-6.976610e+12 1.339024e+14 1.041598e+14 1.525184e-01 -3.102510e-02 9.878135e-01 9.866229e+00 0 5902103
-1.384451e+14 -7.435822e+13 9.382573e+13 -6.971212e-01 2.695771e-01 6.643420e-01 -2.287838e+01 0 4009751
8.385642e+13 -1.370002e+14 -7.460609e+13 8.218491e-01 -3.815997e-01 4.230197e-01 1.743846e+01 0 8147553
1.573284e+13 -1.276784e+14 -1.105348e+14 -9.952486e-02 -9.895816e-01 -1.040336e-01 -1.052469e+01 0 14200011
8.587347e+13 -1.419509e+14 -4.822283e+13 -1.501223e-01 -7.911591e-01 5.929001e-01 -1.270450e+01 0 5972901
-6.925644e+13 4.074232e+13 -1.568714e+14 -6.375953e-02 5.280173e-01 -8.468367e-01 -9.896155e+00 0 3348968
1.358060e+14 1.106135e+14 1.260939e+13 7.305841e-01 6.808369e-01 5.203829e-02 -1.007168e+01 0 5033998
2.492602e+13 1.479507e+14 -8.029714e+13 4.378609e-01 8.878715e-01 1.412871e-01 -1.151307e+01 0 989866
-1.887225e+14 -1.922994e+14 -8.171570e+13 -5.739523e-01 -7.949286e-01 -1.966399e-01 -2.079726e+01 0 4025781
-1.443598e+14 -7.955541e+13 -5.124224e+13 -5.392285e-01 -8.186274e-01 -1.976913e-01 -5.645118e+00 0 1803483
1.199861e+14 -1.208797e+14 -4.477510e+13 8.010152e-01 -5.277425e-01 -2.825994e-01 6.221276e+00 0 7
4.104639e+13 4.065409e+13 1.603322e+14 -2.291216e-01 -5.816928e-01 7.804721e-01 -4.796439e+00 0 15938342
3.398764e+13 1.482740e+14 7.732801e+13 -2.478855e-01 1.069497e-01 9.628679e-01 5.475763e+00 0 4071193
-6.883650e+13 -7.884953e+13 1.345673e+14 -8.549317e-01 -4.536779e-01 2.515317e-01 -1.339689e+01 0 4951
1.544365e+14 -3.002565e+13 -6.537202e+13 8.301544e-01 3.353146e-01 -4.454299e-01 -5.199329e+00 0 617837
-6.422212e+13 -8.659591e+13 1.439806e+14 9.516691e-02 -6.789172e-01 7.280211e-01 -1.558485e+01 0 8559152
-7.341654e+13 -1.629565e+14 -6.645139e+12 -2.651742e-01 -7.570236e-01 -5.971581e-01 -1.836788e+01 0 14282649
1.200171e+14 -1.051598e+14 8.130600e+13 7.462708e-01 -6.188859e-01 2.450718e-01 1.648004e+01 0 6492791
-1.233092e+14 -1.003872e+14 6.493343e+13 -3.520233e-01 -2.666001e-01 8.972202e-01 -5.143520e+00 0 1
-1.129602e+14 -1.423360e+14 1.027470e+13 -7.445625e-01 -2.096880e-01 6.337646e-01 1.380867e+01 0 3366729
1.455807e+14 -8.121203e+13 -1.350451e+14 3.561454e-01 -4.195720e-02 -9.334881e-01 1.970409e+01 0 5224293
-1.259438e+14 -8.994335e+13 -7.259399e+13 -5.792885e-01 -7.685173e-01 -2.716726e-01 -1.518885e+01 0 22764791
-1.579205e+14 5.542383e+13 2.845425e+13 -3.117071e-01 8.413844e-01 -4.414872e-01 -1.767771e+01 0 8268296
1.439802e+14 -8.689851e+13 6.622465e+13 7.190004e-01 -3.583827e-01 5.954833e-01 1.771379e+01 0 1758566
-1.107737e+14 1.346287e+14 -3.926814e+12 -9.782493e-01 -2.502915e-02 -2.059170e-01 -8.392181e+00 0 2972575
7.735243e+13 -1.610755e+14 1.958734e+13 2.342965e-01 -8.862515e-01 -3.995790e-01 1.494893e+01 0 2828498
1.058500e+14 1.479586e+14 -5.055702e+13 6.806453e-01 6.482917e-01 3.412327e-01 1.377225e+01 0 568555
3.892742e+12 8.519190e+13 -1.467295e+14 -1.641414e-01 9.368930e-01 3.086892e-01 -3.785904e+00 0 383140
1.514209e+14 -5.408617e+13 -7.799094e+13 8.396078e-01 4.714044e-01 -2.698827e-01 -1.698783e+01 0 8136589
6.884116e+13 -1.466366e+13 1.552417e+14 5.357814e-01 -3.287038e-01 7.777481e-01 -5.436798e-01 0 320629
-1.184684e+14 -1.008335e+14 7.725253e+13 -3.685939e-01 -9.004746e-01 2.308332e-01 9.430460e+00 0 3022241
1.634734e+13 -8.150731e+13 -1.582790e+14 3.162085e-01 -5.426258e-01 -7.781834e-01 -1.272880e+01 0 10365946
-1.389061e+13 1.060185e+14 -1.355519e+14 8.172614e-01 4.834641e-02 -5.742355e-01 -2.383235e+01 0 10620717
-2.745134e+13 -1.026773e+14 -1.331300e+14 -7.420294e-01 -1.978867e-01 -6.404945e-01 -2.801646e+01 0 3480930
4.357213e+13 -9.098810e+13 1.743269e+14 7.809679e-01 1.940173e-01 5.936720e-01 -1.370707e+01 0 2434831
6.078235e+13 3.522852e+12 -1.605820e+14 6.366732e-01 -5.578727e-01 -5.323770e-01 1.095398e+01 0 423823
1.076379e+14 -2.532269e+13 -1.291188e+14 -1.049399e-02 -3.648486e-01 -9.310077e-01 3.933212e+00 0 39358
3.278935e+13 -9.110062e+13 1.540578e+14 -2.761629e-01 -9.144587e-02 9.567506e-01 -1.763523e+01 0 12089171
-8.821852e+13 1.180106e+14 8.994570e+13 -7.376847e-02 8.900965e-01 4.497626e-01 -1.660035e+01 0 5304945
-9.459437e+13 -7.796750e+13 1.176161e+14 3.378784e-01 -6.708413e-01 6.601591e-01 2.738117e+00 0 5295889
-4.734270e+13 6.849835e+13 1.579541e+14 -9.701366e-02 3.951161e-01 9.134942e-01 -1.648658e+01 0 14424883
3.218022e+13 1.138252e+14 -1.245726e+14 1.868294e-01 9.721308e-01 1.416212e-01 -1.141676e+01 0 6388935
1.522189e+14 6.430074e+13 4.077981e+13 2.236739e-01 9.054682e-01 -3.606902e-01 2.453977e+00 0 301321
-3.433699e+13 -1.018143e+14 -1.663436e+14 -1.438649e-01 -5.080382e-01 -8.492350e-01 1.284187e+01 0 807310
6.106554e+13 1.471913e+14 -8.000036e+13 -4.469524e-01 6.587720e-01 -6.051883e-01 1.668807e+01 0 14700003
-1.580698e+14 -5.215121e+13 3.787032e+13 -7.136847e-01 6.918940e-01 1.092558e-01 4.174097e+00 0 6424820
-1.787490e+14 -1.708929e+13 -7.516020e+13 -9.749796e-01 2.221491e-01 -8.028999e-03 1.354012e+01 0 10102133
-3.394111e+13 -1.199820e+14 1.156865e+14 -3.975212e-01 -5.558841e-01 7.300478e-01 -6.047256e+00 0 185248
-3.250490e+13 1.191643e+14 1.254561e+14 -1.149825e-01 2.289872e-01 9.666146e-01 8.093264e+00 0 3944213
1.128187e+14 -1.101088e+14 -6.620725e+13 4.568807e-01 -8.282706e-01 -3.243885e-01 -2.178925e+01 0 1056733
1.743197e+14 4.883728e+13 6.674118e+13 9.551595e-01 -6.122495e-02 -2.896925e-01 -2.858967e+01 0 28606855
4.100578e+13 -1.120014e+14 -1.260335e+14 2.566920e-01 -6.637916e-01 -7.024884e-01 6.015143e+00 0 23223796
7.795081e+13 -1.664635e+14 -1.408579e+13 5.385269e-01 -5.950993e-01 5.965280e-01 -1.205113e+01 0 3301336
5.810429e+13 -1.605932e+14 -1.824118e+13 3.383117e-01 -9.387393e-01 -6.567818e-02 8.865110e+00 0 13320066
1.190756e+14 -1.245429e+14 2.917220e+13 5.842380e-01 -1.664997e-01 7.943197e-01 1.411768e+01 0 785008
7.829893e+12 1.788329e+14 -9.753211e+12 3.828623e-02 6.022556e-01 7.973847e-01 1.074364e+01 0 14431670
-5.763426e+13 1.211214e+14 -1.077384e+14 -5.334726e-01 7.276520e-01 -4.311955e-01 8.567874e+00 0 1035005
1.000062e+14 -8.319877e+13 -1.147585e+14 6.641123e-01 -5.778409e-01 4.743993e-01 1.337201e+01 0 1301627
-1.466076e+14 -6.447343e+13 -5.929432e+13 -7.506930e-01 -6.435211e-01 -1.494679e-01 7.019204e+00 0 6
-5.204008e+13 1.129284e+14 -1.154159e+14 2.173873e-01 -2.525254e-02 -9.757587e-01 3.904151e+00 0 83986
-1.125273e+14 1.724700e+13 1.266618e+14 -2.805070e-01 -7.987743e-01 5.322363e-01 1.208620e+01 0 8303423
1.009391e+14 1.113637e+14 -8.355729e+13 2.844824e-01 7.933566e-01 -5.381962e-01 -8.229481e+00 0 4602671
-7.099208e+12 -6.671751e+12 1.889601e+14 5.964244e-01 -3.097723e-01 7.404857e-01 1.046589e+01 0 10902838
6.590098e+13 -1.575082e+14 1.193935e+13 2.394762e-01 -9.673806e-01 -8.261944e-02 9.350943e+00 0 4950860
-5.272004e+13 -1.203242e+14 1.399730e+14 -4.351006e-01 -4.066354e-01 8.033275e-01 1.680876e+01 0 8702978
-8.507091e+13 -1.259924e+14 -1.318163e+14 -7.470718e-01 -5.257320e-01 -4.068040e-01 8.560881e+00 0 18130755
2.843278e+13 1.597818e+14 -5.218538e+13 3.784570e-01 5.283404e-01 7.600176e-01 -1.390347e+01 0 63540
-1.539688e+14 -1.178173e+13 7.015121e+13 1.883474e-01 4.587695e-01 8.683638e-01 -2.783707e+00 0 3546264
1.398854e+14 7.966546e+13 7.524357e+13 8.310474e-01 5.303144e-01 -1.677107e-01 9.602176e+00 0 7868586
5.367778e+13 -1.073507e+14 1.439132e+14 8.564659e-02 -5.866681e-01 8.052858e-01 1.249347e+01 0 5173320
1.555013e+14 -8.116892e+13 -1.146176e+13 9.165332e-01 1.789489e-01 3.576929e-01 1.526901e+01 0 410952
-1.699814e+14 4.543508e+13 1.882451e+13 -6.115620e-01 6.423338e-01 4.619516e-01 6.364619e+00 0 3987781
1.886375e+14 1.291132e+13 -4.049373e+13 8.286577e-01 1.280126e-01 5.449213e-01 2.744067e+01 0 9033130
4.700189e+13 1.513145e+14 6.192401e+13 -5.169591e-01 2.897228e-01 8.054899e-01 1.894973e+01 0 10084954
-1.447764e+14 5.562498e+13 -8.610455e+13 -4.653303e-01 2.085542e-01 -8.602167e-01 -1.531187e+01 0 9420059
-1.259776e+14 7.336250e+13 1.151510e+14 -5.670379e-01 -2.124968e-02 8.234176e-01 -7.824287e+00 0 137635
-2.838982e+13 -1.127757e+14 -1.241762e+14 -8.714691e-01 2.300635e-02 -4.899105e-01 -1.198364e+01 0 2348646
-1.675785e+14 8.834499e+12 -3.347182e+13 -6.355311e-01 -2.124366e-01 7.422741e-01 -4.996215e+00 0 4457795
1.466517e+14 -2.094036e+13 9.181628e+13 1.897383e-01 1.908607e-01 9.631052e-01 1.580505e+01 0 11513600
3.278412e+12 1.372449e+14 -1.015822e+14 -4.064131e-01 8.337245e-01 3.738072e-01 1.830505e+01 0 8753510
1.049122e+14 1.038891e+14 8.465185e+13 6.368057e-01 3.614576e-03 7.710158e-01 3.210292e+00 0 72485
-3.300598e+13 -9.275708e+13 -1.665138e+14 -3.439922e-01 -5.998621e-01 -7.223814e-01 -1.701478e+01 0 842467
3.752538e+13 1.863691e+13 1.648810e+14 2.006685e-01 7.318411e-01 6.512609e-01 -1.056543e+01 0 6105421
-1.347084e+14 -1.227164e+14 -2.123672e+12 -8.395585e-01 -1.860839e-01 -5.104060e-01 2.318149e+01 0 193628
1.394813e+14 -5.892541e+13 7.900916e+13 7.208320e-01 -1.978413e-01 6.642740e-01 5.862340e+00 0 338300
4.789686e+13 -1.558739e+14 5.477366e+13 -3.722396e-01 -7.307518e-01 5.722233e-01 -1.382416e+01 0 505893
1.521279e+14 1.987023e+13 -7.831631e+13 -1.667276e-01 -1.265569e-01 -9.778472e-01 1.185023e+01 0 7883133
7.905560e+13 -1.058276e+14 1.067597e+14 9.224708e-01 4.764684e-02 -3.831153e-01 -2.702637e+00 0 2513349
-8.418476e+13 -4.215499e+13 1.531672e+14 2.094021e-01 -2.735148e-01 9.387973e-01 -1.052373e+01 0 5749978
-7.436632e+13 1.288306e+14 8.175399e+13 -1.986018e-01 9.748366e-01 -1.012473e-01 6.607720e+00 0 4096012
-1.158158e+13 -1.590783e+14 -7.364318e+13 2.455419e-01 -9.529839e-01 -1.775694e-01 -8.379737e+00 0 1055201
-1.295350e+14 -1.133438e+14 5.772258e+13 -7.079815e-01 -5.382216e-01 4.572524e-01 1.466424e+01 0 13079141
1.442439e+14 7.540609e+13 -7.780998e+13 8.780428e-01 -2.551720e-02 -4.779013e-01 -1.852496e+01 0 1142575
-1.038500e+14 9.136695e+13 -1.104945e+14 -6.980172e-01 6.671325e-01 -2.602043e-01 -1.438225e+01 0 1975504
3.102757e+13 1.286643e+14 -1.105556e+14 6.297009e-01 7.726247e-01 -8.079519e-02 -8.196599e+00 0 1845993
1.537907e+14 -7.007606e+13 1.997477e+13 1.007504e-01 -2.675598e-01 9.582594e-01 -1.508501e+01 0 6781716
-4.447126e+13 9.432888e+13 1.386163e+14 -1.455272e-01 8.174547e-01 5.573057e-01 -1.467226e+01 0 7082594
9.108140e+13 -1.376569e+13 -1.434208e+14 3.500913e-01 5.048079e-01 -7.890533e-01 -6.160229e+00 0 3430791
2.467284e+13 -1.543956e+14 -7.100319e+13 3.716255e-01 -7.522978e-02 -9.253296e-01 1.250887e+01 0 1283518
1.407854e+14 -1.008066e+14 -6.545519e+12 6.968148e-01 -7.164805e-01 3.323853e-02 -1.996801e+01 0 4993008
-1.586869e+14 6.514479e+13 -9.385496e+12 -5.609516e-01 4.152615e-01 -7.161642e-01 -9.549815e+00 0 12829728
1.515409e+14 -5.438791e+12 8.016917e+13 1.145766e-01 -1.778182e-01 9.773704e-01 7.816249e+00 0 1677248
-1.525700e+14 2.666889e+13 -7.860203e+13 -9.760519e-01 8.613334e-02 -1.997593e-01 -9.515483e+00 0 10306111
1.239530e+14 6.013822e+13 1.072162e+14 9.500899e-01 2.499820e-05 3.119762e-01 1.272007e+01 0 5344408
-1.635895e+14 1.977366e+13 -4.017353e+13 -9.622426e-01 -2.714948e-01 1.948870e-02 3.750318e+00 0 106852
1.924637e+13 1.594021e+14 -5.501898e+13 1.387528e-01 8.440704e-01 5.179699e-01 6.179507e+00 0 1416318
1.077923e+14 -9.729503e+13 8.764734e+13 6.698722e-01 -3.229472e-01 6.685629e-01 9.025422e+00 0 4919972
1.181527e+14 5.818867e+13 1.074626e+14 8.384573e-01 -2.421604e-01 4.882087e-01 2.033634e+00 0 3549733
-1.874375e+13 -1.487986e+14 8.688417e+13 -7.548407e-02 -8.195636e-01 5.679944e-01 1.608662e+01 0 6476089
1.588909e+14 4.155147e+13 -5.333741e+13 8.355306e-01 5.019032e-01 2.235660e-01 -1.842154e+01 0 4891927
-5.069485e+13 -1.523225e+14 -6.583356e+13 -3.765214e-01 -2.302407e-01 -8.973410e-01 4.359475e+00 0 270785
1.200569e+14 3.688825e+12 1.215566e+14 8.414210e-01 4.040408e-01 3.588339e-01 -1.146511e+00 0 4
1.635625e+14 -1.228721e+13 5.337559e+13 9.356668e-01 -3.437884e-01 -7.960685e-02 7.950440e+00 0 95092
-9.594628e+13 4.671643e+13 1.321037e+14 1.845304e-01 3.841780e-01 9.046302e-01 -2.221960e-01 0 21297552
-1.326344e+14 1.410491e+13 -1.066102e+14 7.466031e-02 -7.036093e-01 -7.066540e-01 -3.674132e+00 0 2950300
-4.827551e+13 -1.313827e+14 -9.583470e+13 -9.068517e-02 1.553922e-01 -9.836816e-01 -4.965213e+00 0 67957
1.601430e+14 -5.365161e+13 3.246817e+13 5.601579e-01 -7.874535e-01 2.571773e-01 1.509877e+00 0 12536912
9.978123e+13 1.288872e+14 6.357281e+13 2.688837e-01 1.337415e-01 9.538421e-01 1.267790e+01 0 10967113
1.086089e+14 -7.952121e+13 1.198020e+14 6.232443e-01 -7.784856e-01 7.434174e-02 1.014530e+01 0 22723849
3.854242e+13 -1.217291e+14 -1.176764e+14 -6.381550e-01 -3.879058e-01 -6.650468e-01 8.450054e+00 0 4358867
1.356866e+13 -1.429363e+13 1.999273e+14 -2.549147e-03 -4.201013e-02 9.991139e-01 1.633791e+01 0 17877076
-1.475495e+14 8.614487e+13 -1.406062e+12 -9.285403e-01 3.711258e-01 -8.859706e-03 9.630680e+00 0 13143031
-4.336984e+13 -8.159699e+13 -1.428396e+14 -4.400065e-01 -8.747199e-01 -2.031239e-01 -7.630450e+00 0 1087183
-3.999789e+13 1.067793e+14 1.271678e+14 -6.113532e-01 1.880404e-01 7.686924e-01 9.005917e+00 0 335399
-9.693173e+13 6.098786e+13 1.437733e+14 -3.524825e-01 9.014016e-01 2.514581e-01 1.243559e+01 0 1443064
-3.092340e+13 -7.504988e+13 -1.550368e+14 -4.145222e-02 -6.314765e-01 -7.742862e-01 1.300593e+01 0 16098175
-9.624825e+13 1.503014e+14 5.519246e+13 -5.715968e-01 4.253626e-01 7.016721e-01 -2.141692e+01 0 813159
-3.111037e+12 1.722965e+14 -7.125679e+13 5.697452e-01 6.545708e-01 -4.969180e-01 9.867535e+00 0 15007049
1.611969e+14 -6.110893e+13 3.203789e+13 9.608290e-01 -2.187005e-01 1.702286e-01 1.418205e+01 0 1475375
1.587720e+14 6.517955e+13 7.380761e+12 9.548442e-01 2.709328e-01 -1.219342e-01 9.501773e+00 0 1233899
1.206598e+14 -9.221737e+11 1.266649e+14 7.512590e-01 -4.722814e-01 4.610426e-01 3.969437e+00 0 7841933
-1.637284e+14 -3.007634e+13 -3.761479e+13 -4.918210e-01 -5.027679e-01 7.108703e-01 -6.337775e+00 0 13
-4.675878e+12 -1.433311e+14 1.160447e+14 -7.188407e-02 -5.643985e-01 8.223667e-01 1.791695e+01 0 5584069
-8.415724e+13 9.722163e+13 1.106632e+14 -5.421986e-01 1.611511e-01 8.246521e-01 5.940530e+00 0 1385108
1.530901e+14 -7.248988e+13 -9.747719e+12 9.869205e-01 3.208426e-02 1.579829e-01 -3.914352e+00 0 1641285
6.789040e+13 -7.067351e+13 1.521114e+14 6.052392e-01 1.327803e-01 7.848917e-01 -1.092678e+01 0 348335
3.375370e+12 1.432071e+14 1.050729e+14 5.683205e-01 5.705687e-01 5.928432e-01 6.612393e+00 0 1215737
-4.723487e+13 3.392444e+13 -1.646904e+14 -2.623219e-01 -1.569687e-02 -9.648527e-01 -9.927603e+00 0 2634499
-5.663296e+13 -9.999953e+13 1.624578e+14 -1.202950e-01 -1.679812e-01 9.784229e-01 2.739191e+01 0 33634810
-6.194398e+13 -9.772114e+13 -1.328129e+14 -1.478549e-02 -5.908317e-01 -8.066593e-01 -4.645310e+00 0 907022
-1.375996e+14 1.399572e+13 9.924176e+13 -9.720800e-01 1.723599e-01 -1.592247e-01 -1.147170e+01 0 3545440
-1.518604e+14 -6.552962e+13 -5.583295e+13 -7.404362e-01 -3.337692e-01 -5.833972e-01 -2.092068e+01 0 13583072
-8.595815e+12 -1.352503e+14 1.037706e+14 -2.478136e-01 -7.021981e-01 6.674626e-01 -9.938502e+00 0 25227764
-9.651892e+13 -8.493927e+13 1.173624e+14 4.993042e-02 -7.010621e-01 7.113500e-01 1.271849e+01 0 3823551
2.047049e+13 1.673708e+14 2.434424e+13 -5.280749e-01 5.701898e-01 -6.293016e-01 -1.059193e+00 0 1948888
-7.794438e+13 -2.117211e+13 1.497288e+14 -9.165114e-01 2.976921e-01 2.671820e-01 -1.483447e+01 0 9626492
1.684386e+14 -2.350307e+13 -8.914005e+12 7.765848e-01 1.557588e-01 -6.104549e-01 1.211127e+01 0 2095723
-5.961004e+13 1.377769e+14 -1.173590e+14 -2.964252e-02 6.955676e-01 -7.178489e-01 -1.026398e+01 0 36514497
-1.577993e+14 5.807418e+13 -3.596072e+13 -4.542409e-01 8.803089e-01 -1.368262e-01 -1.573232e+01 0 837183
-8.919138e+13 1.428900e+14 -2.036738e+13 3.849433e-01 9.004474e-01 -2.025168e-01 -1.536563e+01 0 353492
-7.924472e+13 1.279688e+14 9.595779e+13 -3.378604e-02 9.697089e-01 2.419155e-01 1.393582e+01 0 3547803
1.592113e+13 1.778278e+14 -8.412839e+13 7.410052e-01 5.711522e-01 -3.531239e-01 7.932761e+00 0 2062337
-1.024277e+14 1.461398e+14 1.555159e+13 -6.782792e-01 7.218950e-01 -1.371314e-01 2.106904e+01 0 10905828
-1.332480e+14 -8.987837e+13 5.451981e+13 -3.494260e-01 -6.095262e-01 -7.116033e-01 1.061642e+01 0 509350
-9.645584e+11 1.328819e+14 1.058925e+14 -2.819636e-01 9.594137e-01 -4.671970e-03 6.770931e-01 0 359650
8.445316e+12 -1.784733e+14 -3.269910e+13 9.999172e-04 -9.995179e-01 -3.103185e-02 1.766448e+01 0 2068497
-4.590692e+13 -1.049426e+14 -1.315599e+14 -5.022051e-01 -7.644458e-01 -4.042433e-01 2.597953e+01 0 4709251
5.505900e+13 -5.738511e+13 -1.498714e+14 5.196736e-01 1.700958e-01 -8.372615e-01 6.303589e+00 0 414234
9.241771e+13 -1.515108e+14 7.719744e+12 2.736987e-01 -9.096485e-01 3.124559e-01 -1.239166e+01 0 26583661
-1.089074e+14 8.115310e+13 -1.111899e+14 -4.273014e-01 8.119411e-01 3.976997e-01 1.319008e+01 0 617388
-1.342250e+14 7.437632e+13 8.861737e+13 -9.910933e-01 -7.357943e-02 -1.109961e-01 2.173052e+01 0 1900102
1.477732e+14 -4.493519e+13 -8.060677e+13 9.813154e-01 -7.286221e-02 1.780762e-01 -6.852142e+00 0 1967087
-1.035795e+14 -1.071531e+14 9.001842e+13 -9.131071e-01 -2.676344e-01 3.075828e-01 7.931861e+00 0 11664394
2.335006e+12 -1.269797e+14 -1.137939e+14 -4.804178e-01 -8.088756e-01 -3.389971e-01 2.858293e+00 0 8282822
8.705686e+13 2.432314e+13 1.853675e+14 2.417122e-01 -1.463713e-01 9.592448e-01 1.612766e+01 0 12464261
5.377958e+13 -1.381784e+14 -8.687156e+13 7.702243e-02 -9.496336e-01 -3.037491e-01 -1.821506e+01 0 5774563
-1.069966e+14 -1.528304e+14 -9.983308e+13 -2.047218e-01 -4.460605e-01 -8.712744e-01 -2.013176e+01 0 7286078
-1.666805e+14 -2.301850e+13 3.103132e+13 -9.954534e-01 5.432361e-02 7.824022e-02 9.185804e+00 0 5021432
1.017640e+14 -6.761518e+13 -1.331056e+14 -1.409225e-01 -8.183673e-01 -5.571497e-01 -2.043877e+01 0 3259394
-1.592753e+14 -4.820903e+13 -3.461624e+13 -5.363608e-01 4.337931e-01 -7.239756e-01 1.008044e+01 0 3036141
-1.308056e+14 -4.413804e+13 9.916199e+13 -1.729796e-01 -6.635595e-02 9.826876e-01 -9.269387e+00 0 25152965
-1.258797e+14 -1.383248e+14 9.291006e+13 -7.911362e-01 -6.051530e-01 -8.884432e-02 -1.940393e+01 0 977864
4.770976e+13 3.684746e+13 -1.629241e+14 7.836961e-01 6.181501e-01 -6.091746e-02 -8.460713e+00 0 3654142
-6.334708e+13 1.404485e+14 1.022612e+14 -3.202337e-01 5.001377e-01 8.045574e-01 -9.797442e+00 0 4928090
-1.074307e+14 2.931098e+13 -1.346342e+14 -2.801939e-01 -5.625569e-01 -7.778310e-01 9.197488e+00 0 2150928
1.036528e+14 9.578977e+13 1.005760e+14 9.810279e-01 1.711623e-01 9.103754e-02 1.337346e+01 0 29383962
-5.257247e+13 1.024601e+14 -1.261322e+14 -1.418010e-01 8.402608e-01 -5.233108e-01 1.385568e+01 0 52984
1.849873e+14 -1.425378e+13 -3.440065e+13 6.816396e-01 6.480954e-01 -3.396172e-01 -1.196033e+01 0 7070424
1.074764e+14 9.710139e+13 -9.416595e+13 1.055069e-01 9.189250e-01 3.800595e-01 1.646681e+01 0 18818237
1.078970e+14 -7.230021e+13 -1.128987e+14 1.932766e-01 -9.785587e-01 -7.118289e-02 4.426427e+00 0 1172474
-4.371777e+13 1.358384e+14 -1.820564e+14 -5.396917e-01 5.609305e-01 -6.277658e-01 -1.939193e+01 0 2548445
-7.237717e+13 -1.001644e+14 1.280968e+14 -1.746389e-01 -9.788395e-01 -1.066515e-01 -1.889439e+01 0 5294570
-1.682382e+14 -2.193984e+12 -6.532257e+13 -8.764921e-01 4.474350e-01 -1.776614e-01 -1.515046e+01 0 5254774
-8.146891e+13 -1.445435e+14 4.558854e+13 -1.799492e-01 -2.987631e-01 9.372080e-01 1.510982e+01 0 10167152
-1.055670e+13 1.608308e+14 -6.034725e+13 -3.796852e-01 9.089578e-01 -1.721481e-01 -7.461690e+00 0 505310
-1.000398e+14 -1.332506e+14 -7.377142e+13 -6.905005e-01 -5.662450e-01 4.500841e-01 -1.981920e+01 0 3887009
1.627409e+14 1.051181e+14 8.726946e+11 1.160488e-01 9.617753e-01 -2.480342e-01 2.690035e+01 0 7300935
-1.397157e+14 7.701088e+13 7.343325e+13 -7.609769e-01 4.743677e-01 -4.425940e-01 -1.151293e+01 0 31
1.240289e+14 -1.502398e+14 1.778748e+13 2.716838e-01 -8.760510e-01 -3.984001e-01 1.687439e+01 0 6423071
5.570542e+13 -9.868013e+13 -1.432356e+14 1.781073e-01 2.864159e-01 -9.414052e-01 1.862317e+01 0 13739186
-5.347321e+13 1.454060e+14 -8.032026e+13 3.636312e-01 9.165380e-01 -1.665249e-01 1.432266e+01 0 1270255
-2.899375e+13 -1.009299e+14 1.356527e+14 -3.972348e-01 -8.891035e-01 2.273750e-01 1.252362e+01 0 6660230
-8.369342e+13 1.243688e+14 8.464489e+13 1.204214e-01 6.510074e-01 7.494585e-01 4.826041e+00 0 4447269
7.392199e+13 1.557297e+14 4.250512e+13 -6.918096e-02 9.263483e-01 -3.702605e-01 -8.611976e+00 0 4257388
8.305943e+12 1.096322e+14 1.302901e+14 -4.130222e-01 6.269557e-01 6.605597e-01 2.871814e+01 0 6919740
-1.414752e+14 -3.712550e+13 -8.589343e+13 -9.865508e-01 1.060621e-01 -1.243721e-01 -3.631569e+00 0 190074
-1.551514e+14 -4.597902e+13 -7.530001e+13 -2.524971e-01 8.453039e-02 -9.638983e-01 -1.112339e+01 0 2043720
3.350221e+13 1.648638e+14 3.733037e+13 4.449489e-01 7.453491e-01 -4.964627e-01 7.766442e+00 0 6074073
-2.168368e+13 -1.322945e+14 -1.040029e+14 -3.459074e-02 -9.987735e-01 3.542525e-02 8.573397e+00 0 636868
-1.350104e+14 9.371187e+13 4.397083e+13 2.891368e-01 3.482218e-01 8.917071e-01 2.281600e+00 0 10
3.849992e+13 4.287342e+13 1.627418e+14 -2.516542e-02 4.845590e-01 8.743965e-01 -1.705047e+01 0 11613425
-3.900569e+13 8.588809e+13 -1.424240e+14 -7.929052e-02 2.155793e-01 -9.732618e-01 3.586344e+00 0 324278
7.072165e+13 -1.506529e+14 -3.428280e+13 6.254024e-01 -5.322002e-01 -5.706441e-01 -2.293691e+00 0 1442980
1.573013e+14 -2.394918e+13 6.388435e+13 9.148064e-01 2.821392e-01 -2.890098e-01 1.280041e+01 0 279595
-2.248613e+13 -1.651648e+14 7.542973e+13 6.798424e-02 -8.430714e-01 5.334874e-01 1.595054e+01 0 719592
1.102751e+14 -1.220468e+14 -4.653180e+13 1.955849e-01 -8.833765e-01 -4.259021e-01 -8.746035e+00 0 1673912
9.395885e+13 1.513087e+14 3.323667e+13 7.522321e-01 4.706265e-01 -4.611481e-01 1.025941e+01 0 1696114
9.579212e+13 -1.497869e+14 -4.963353e+12 5.022322e-01 -8.369641e-01 -2.173798e-01 1.310571e+01 0 2337331
1.272240e+14 -9.898831e+13 5.627357e+13 6.880388e-01 -7.098316e-01 -1.508037e-01 -8.008028e+00 0 6730148
-1.345621e+14 8.335684e+13 6.598616e+13 -7.871928e-01 -5.256368e-01 3.225422e-01 -1.453618e+00 0 1604978
1.135315e+14 1.023504e+14 8.131139e+13 -4.076244e-02 9.431170e-01 3.299528e-01 1.644472e+01 0 1000908
1.002916e+14 -4.286754e+13 -1.301751e+14 -1.536060e-03 -4.752114e-01 -8.798703e-01 -4.939786e+00 0 2874767
-2.860312e+12 -4.856812e+13 1.739886e+14 -7.727863e-02 -7.668023e-01 6.372145e-01 1.200252e+01 0 6021297
-1.219699e+14 -7.243403e+13 1.000653e+14 -4.354304e-02 -6.428306e-01 7.647698e-01 1.289498e+01 0 7417786
-1.388673e+13 -1.738255e+14 2.222453e+13 2.909791e-01 -9.444143e-01 -1.530127e-01 -5.424690e+00 0 9375746
2.006942e+13 1.593866e+14 5.546678e+13 -6.747767e-02 9.822974e-01 1.747530e-01 -5.109005e+00 0 2961273
-1.060568e+14 -1.019194e+14 9.242725e+13 -6.274830e-01 -6.043260e-01 -4.909736e-01 1.013200e+01 0 2628700
-1.595912e+14 -4.337359e+12 8.447944e+13 -4.653755e-01 5.231955e-01 7.139272e-01 3.364308e+00 0 2861415
5.704249e+12 -9.296727e+13 1.485870e+14 1.062993e-01 -9.887041e-01 1.056631e-01 -1.658896e+01 0 2448441
7.651332e+13 -2.495770e+13 -1.558595e+14 4.318526e-01 -2.933300e-01 -8.529132e-01 -8.876650e+00 0 1943463
1.310468e+13 1.364544e+14 -1.028428e+14 7.125696e-01 1.188233e-01 -6.914663e-01 7.768169e+00 0 168396
-4.840109e+13 9.825491e+13 -1.531579e+14 -3.370851e-01 8.154076e-01 -4.706209e-01 9.705970e+00 0 9075767
3.846376e+13 -1.424579e+13 1.649710e+14 4.931082e-01 3.670629e-01 7.887389e-01 -7.300109e+00 0 3511943
-2.467796e+13 -2.563236e+13 -1.681684e+14 1.382353e-01 -4.426199e-01 -8.859902e-01 -5.313061e+00 0 817916
-6.267621e+10 1.476486e+14 8.720108e+13 -2.975571e-01 9.536954e-02 9.499286e-01 1.049943e+01 0 619733
1.269631e+14 -1.236642e+14 -1.790840e+13 7.758114e-01 -6.719136e-02 -6.273770e-01 1.536751e+01 0 3429955
-1.441606e+13 -8.236683e+13 1.478135e+14 -6.748532e-02 -9.782602e-01 1.960936e-01 1.941265e+00 0 340562
-9.585391e+13 1.042844e+14 9.770681e+13 -9.923038e-01 -3.936260e-02 1.174046e-01 -4.966780e+00 0 3843841
1.299457e+14 -1.122021e+14 5.694452e+12 7.394675e-01 5.389121e-01 4.034372e-01 -2.143875e+00 0 8521396
6.450943e+13 -1.460710e+14 -6.983300e+13 6.335567e-01 2.729768e-01 -7.239403e-01 2.194339e+01 0 6196150
9.462173e+13 9.930344e+13 -9.979118e+13 1.453170e-01 -4.539099e-01 -8.791182e-01 3.256109e+00 0 49902
2.105253e+13 -2.451001e+13 1.683811e+14 -2.371985e-02 -7.390579e-01 6.732242e-01 -1.327990e+01 0 329578
1.433553e+13 8.269555e+13 1.484681e+14 4.140386e-01 7.982669e-01 4.374265e-01 -5.335518e+00 0 821050
1.093403e+14 -1.163136e+14 6.543619e+13 9.667494e-01 2.556744e-01 -5.123651e-03 -4.545578e+00 0 5714999
1.486044e+14 6.692152e+13 4.702571e+13 2.260878e-01 8.916407e-01 3.922515e-01 2.148854e+00 0 88743
8.643410e+12 -6.105279e+13 -1.757451e+14 6.778635e-01 -1.547918e-01 -7.187076e-01 -1.049883e+01 0 9595754
1.738805e+14 -7.551590e+12 -1.090748e+14 8.669762e-01 -3.718795e-01 -3.317499e-01 -2.321141e+01 0 2269579
-1.061330e+14 -1.122816e+14 7.418997e+13 -2.441334e-01 -9.634741e-01 1.100754e-01 -5.809958e+00 0 2109206
-1.099901e+14 1.173913e+14 6.303743e+13 -9.492493e-01 3.140149e-01 -1.789932e-02 -9.097545e+00 0 2012784
1.249104e+14 8.021477e+13 1.082429e+14 8.854687e-01 2.613256e-01 3.842578e-01 1.669590e+01 0 1419505
-1.443151e+14 -8.017567e+13 -6.020924e+13 -2.851104e-01 -7.452444e-02 -9.555931e-01 1.437887e+01 0 8506545
-9.686355e+13 -1.325967e+14 -4.646433e+13 -3.587846e-01 -9.255741e-01 -1.207735e-01 -1.275732e+01 0 180459
-2.599789e+13 4.060444e+13 -1.626422e+14 2.753821e-01 5.299195e-01 -8.020910e-01 2.323428e+00 0 2082696
-1.012924e+13 1.624035e+14 -7.673295e+13 -4.595284e-01 8.853362e-01 7.080554e-02 -7.643810e+00 0 9500132
-3.983366e+13 -1.198521e+14 1.133052e+14 -4.366566e-01 -6.720168e-01 -5.981007e-01 -6.424925e+00 0 782893
-3.538479e+13 -9.896341e+13 -1.331273e+14 8.649767e-01 5.344942e-02 -4.989575e-01 8.110858e+00 0 1
-1.306153e+14 3.994785e+13 1.050006e+14 -7.093351e-01 -3.865471e-03 7.048609e-01 -5.285272e+00 0 463878
8.178582e+13 -1.531119e+14 -1.505145e+13 9.718351e-01 -2.352723e-01 -1.354959e-02 -1.507069e+01 0 2350940
1.392940e+14 -1.010098e+13 1.085963e+14 8.075736e-01 -2.475635e-01 5.352917e-01 -1.520359e+01 0 157138
-1.321409e+14 2.628619e+13 -1.119815e+14 -8.671664e-01 -3.129785e-01 -3.873848e-01 -1.017184e+01 0 9298694
-1.965677e+13 1.603925e+14 5.393482e+13 -3.515737e-01 9.249041e-01 -1.447352e-01 -9.139025e+00 0 2194814
5.644357e+13 -1.639179e+14 -4.051628e+13 -3.515136e-01 -7.816852e-01 -5.151761e-01 9.042733e+00 0 16350070
-1.670047e+14 -4.688868e+13 1.256514e+13 -5.238143e-01 -4.152201e-01 7.437815e-01 1.512484e+01 0 5074390
1.404973e+14 -3.320727e+13 -8.917794e+13 3.829075e-01 -6.127716e-01 6.912979e-01 6.898756e+00 0 5441859
-9.250579e+13 -1.410890e+14 -2.130538e+13 -5.696862e-01 -6.767867e-01 -4.662804e-01 -1.444643e+01 0 9843561
1.021662e+13 1.071260e+14 1.367033e+14 1.678554e-01 8.706277e-01 4.624197e-01 -1.209134e+01 0 10832171
1.614310e+14 1.079247e+14 -1.295217e+13 2.945959e-01 9.208612e-01 2.553974e-01 1.527913e+01 0 1171017
9.011023e+13 -1.262326e+14 7.384328e+13 5.991433e-01 -5.285258e-01 6.014048e-01 1.130030e+01 0 66037
6.221208e+13 8.317536e+13 -1.350713e+14 -5.314136e-01 5.766826e-01 -6.205133e-01 -7.660978e+00 0 712242
9.462648e+13 1.141617e+14 -1.054078e+14 3.358342e-01 7.638895e-01 -5.510792e-01 1.404966e+01 0 20752683
-1.045010e+14 1.424383e+14 -1.793678e+12 -4.893975e-01 6.879838e-01 -5.358810e-01 -1.312999e+01 0 22727118
-1.532949e+14 7.216517e+13 -1.442172e+13 -8.296253e-01 -3.150178e-01 -4.609616e-01 -4.533841e+00 0 767431
-1.174405e+14 -8.179150e+13 -9.198954e+13 -7.001641e-01 -6.826198e-01 2.092858e-01 -4.205337e+00 0 679523
-1.036530e+14 6.583694e+13 -1.226017e+14 1.606482e-01 6.808079e-01 -7.146277e-01 -1.500985e+01 0 324463
-1.300674e+14 -6.862854e+13 -9.431618e+13 -7.477827e-01 3.793191e-01 -5.449203e-01 -1.765620e+01 0 2136175
-8.438615e+13 1.463636e+14 2.434040e+13 6.198544e-02 9.790653e-01 -1.938785e-01 -1.109378e+01 0 3324163
1.542987e+14 6.022137e+13 -3.651039e+13 9.262789e-01 3.767383e-01 8.693053e-03 -5.218206e+00 0 252822
-4.357057e+11 -1.311998e+14 1.145886e+14 5.835705e-01 -4.271139e-01 6.906658e-01 -3.167116e+00 0 10815025
-2.649824e+13 -1.234076e+13 1.714857e+14 -1.695655e-01 7.332235e-01 6.585065e-01 1.736058e+01 0 8731850
-1.731181e+14 4.675962e+13 4.955076e+13 -8.909434e-01 -1.240387e-01 -4.368459e-01 -1.252051e+01 0 2916788
1.174567e+13 -1.121374e+14 -1.289298e+14 5.794372e-01 -8.077459e-01 -1.086236e-01 1.618851e+01 0 16801720
3.848305e+13 1.235085e+14 1.241605e+14 4.047163e-01 5.491684e-01 7.311763e-01 1.061543e+01 0 1386396
5.385676e+12 1.691216e+14 5.008209e+13 3.318061e-01 7.792761e-01 5.316328e-01 5.928166e+00 0 463611
-4.791998e+13 1.077067e+14 1.229107e+14 1.043211e-01 7.614811e-01 6.397372e-01 8.044773e+00 0 1829033
-8.317301e+13 -5.436249e+13 1.562730e+14 -7.473627e-01 -5.615222e-01 3.551644e-01 1.717582e+01 0 16921306
7.144278e+13 -7.727159e+13 -1.383391e+14 8.233189e-01 -1.778502e-01 -5.389947e-01 -7.301704e+00 0 1149323
4.762062e+13 9.667374e+13 -1.361493e+14 4.495220e-01 8.828780e-01 1.358542e-01 -1.154307e+01 0 675663
1.030158e+14 9.853889e+13 9.213048e+13 -3.339084e-01 3.083139e-01 8.907568e-01 -5.750065e+00 0 1133299
-8.151986e+13 1.843501e+13 -1.509397e+14 -1.617042e-01 -8.604636e-01 -4.831710e-01 1.760108e+01 0 4141207
-1.231086e+14 -1.468647e+13 -1.288211e+14 8.303212e-02 -7.878646e-01 -6.102254e-01 -1.012230e+01 0 500186
1.555789e+14 6.122941e+13 5.220174e+13 7.263839e-01 6.843449e-01 -6.354886e-02 1.403271e+01 0 419345
-7.875898e+13 1.485923e+14 -2.199427e+13 2.783331e-01 7.154839e-01 6.407912e-01 -4.383773e+00 0 5314552
-6.553674e+13 -1.667810e+14 4.476108e+13 -3.371622e-01 -9.405946e-01 4.004321e-02 -1.510407e+01 0 1806230
-1.598034e+14 1.325381e+12 -7.267401e+13 -7.694565e-01 2.390406e-02 -6.382518e-01 -1.877529e+01 0 7773886
5.880369e+13 -1.309495e+14 9.490089e+13 -5.234618e-01 -8.315756e-01 1.856605e-01 -1.441367e+01 0 7977144
2.123356e+13 -1.262497e+14 1.136735e+14 -1.873785e-01 -8.341264e-01 -5.187701e-01 4.043500e+00 0 124092
-3.142764e+13 1.172974e+14 -1.201656e+14 6.935975e-01 5.202885e-01 -4.982193e-01 -1.472323e+01 0 4346978
2.897018e+13 8.035946e+13 -1.466990e+14 3.248280e-02 -4.389120e-01 -8.979427e-01 -5.271083e+00 0 21734300
-9.789051e+13 -1.111462e+14 -8.641415e+13 -7.047268e-01 -2.315088e-01 -6.706444e-01 -1.099948e+01 0 1849214
4.667071e+13 -9.247673e+13 -1.504255e+14 -3.244917e-01 -5.663400e-01 -7.576042e-01 8.758770e+00 0 21813929
1.292303e+14 -9.514930e+13 5.501329e+13 6.695014e-01 2.178311e-01 -7.101531e-01 1.510530e+01 0 2850239
9.560201e+13 -1.340411e+14 4.183506e+13 1.125435e-01 -9.645092e-01 -2.388638e-01 -1.008539e+01 0 4837588
-9.610163e+13 -1.381602e+14 2.170133e+13 -8.552652e-01 -4.802631e-01 1.945991e-01 5.318629e+00 0 33
-1.814506e+14 -2.463575e+13 6.959618e+13 -6.972882e-01 -7.149118e-01 5.186741e-02 1.566863e+01 0 1198998
-1.128150e+14 1.742643e+14 -1.139513e+13 -7.374791e-01 4.203832e-01 5.285853e-01 -1.928753e+01 0 5992949
1.223874e+14 7.978749e+13 1.035652e+14 7.113477e-01 5.741159e-01 -4.054323e-01 9.634545e+00 0 2164784
6.353610e+13 -9.954577e+13 1.398584e+14 2.505921e-01 -7.220738e-01 6.448357e-01 8.626942e+00 0 10814151
8.055910e+12 1.791637e+13 2.028934e+14 3.246600e-01 3.111557e-01 8.931842e-01 -2.173463e+01 0 14589527
1.456077e+14 5.507325e+13 -7.941432e+13 9.113620e-01 -3.672264e-01 -1.859142e-01 1.464850e+00 0 13
-7.192983e+12 1.397234e+14 -9.700208e+13 -1.607439e-02 9.086295e-01 -4.172938e-01 3.260907e+00 0 5878020
-2.260104e+13 -9.054270e+13 -1.534284e+14 -7.723496e-01 -6.351208e-01 -9.878629e-03 -1.620876e+01 0 270423
1.054733e+14 5.256125e+13 1.250314e+14 3.061118e-01 9.493258e-02 9.472504e-01 1.703476e+01 0 2917215
1.588137e+12 -2.055974e+14 -1.811910e+13 4.299274e-01 -8.682833e-01 -2.474804e-01 -1.189292e+01 0 6222715
-5.499978e+13 -1.435778e+13 -1.600572e+14 -2.978309e-01 7.012640e-01 -6.477079e-01 -5.476195e+00 0 512644
1.100513e+14 -1.315232e+14 5.254511e+13 4.454635e-01 -8.402005e-01 -3.092336e-01 1.049446e+01 0 2011183
-1.687059e+14 6.565659e+13 9.395575e+13 -9.886708e-01 1.497172e-01 1.071128e-02 2.058223e+01 0 6526479
-1.129043e+14 1.157566e+14 5.369264e+13 1.469955e-01 9.525499e-01 2.665351e-01 -1.162737e+01 0 3305113
-8.358486e+13 1.225001e+14 8.886963e+13 -8.460298e-01 8.583297e-03 5.330665e-01 1.459630e+01 0 12139027
-1.418041e+14 -7.595049e+13 -6.066866e+13 -2.928259e-01 -8.872907e-01 -3.563260e-01 -8.073292e+00 0 3569806
6.187606e+13 1.105351e+12 -1.716566e+14 4.456320e-01 -7.903682e-01 -4.203929e-01 -1.730194e+01 0 19927570
1.280088e+14 1.978201e+13 1.100543e+14 5.903048e-01 -7.299574e-01 3.445322e-01 -1.301533e+01 0 4381179
6.287693e+13 -1.216247e+14 1.090502e+14 8.225879e-01 -5.253076e-01 2.177180e-01 1.773059e+01 0 4116650
-8.850308e+13 -1.338914e+14 -6.639632e+13 3.675049e-01 -4.922707e-01 -7.890562e-01 2.085832e+01 0 5742071
-6.967338e+13 -8.377421e+13 -1.743706e+14 -7.323934e-01 -1.835618e-01 -6.556714e-01 -1.838094e+01 0 4486492
-9.335754e+13 -7.508016e+13 1.204039e+14 2.722953e-01 -2.277640e-01 9.348683e-01 1.037335e+01 0 8992169
-6.684930e+13 -5.496737e+13 -2.023038e+14 -5.707910e-01 -3.347322e-01 -7.497680e-01 -1.613638e+01 0 788792
-1.369124e+14 -6.627056e+13 1.211374e+14 7.694848e-02 -4.370270e-01 8.961508e-01 -1.822727e+01 0 23751966
1.569186e+14 -4.609332e+13 -4.893906e+13 6.769864e-01 -7.002288e-01 2.266472e-01 -1.769101e+01 0 1138000
-5.235593e+13 -1.432611e+14 9.880463e+13 -3.793005e-01 -7.576359e-01 5.311487e-01 -1.178857e+01 0 4832587
-1.379827e+14 -7.012493e+13 -7.379953e+13 -9.027575e-01 -4.246285e-01 -6.869873e-02 -1.408842e+01 0 1334537
1.639187e+14 1.318597e+12 -4.819269e+13 3.321396e-01 9.392715e-01 -8.632735e-02 -1.127794e+01 0 941683
1.817565e+13 1.523557e+14 7.338345e+13 -8.287176e-01 3.414980e-01 4.434031e-01 -2.796230e+00 0 2673098
-7.375470e+13 -8.690008e+13 1.325166e+14 -7.434892e-01 -5.249653e-01 -4.142889e-01 1.369439e+01 0 1477552
-8.788426e+13 -1.416293e+13 -1.468547e+14 -5.350645e-01 7.285760e-01 -4.276482e-01 -8.617239e+00 0 4407257
6.447772e+13 -8.506269e+12 -1.627325e+14 2.571445e-02 -4.026178e-01 -9.150069e-01 -9.017999e+00 0 360695
5.860973e+12 -1.610981e+14 -6.774154e+13 -2.626985e-01 -9.517379e-01 1.586963e-01 8.771479e+00 0 14963817
1.212191e+14 -5.160842e+13 1.107990e+14 4.968454e-01 3.391168e-01 7.988394e-01 -3.851908e+00 0 2039963
-3.026747e+13 1.647267e+14 4.373282e+13 1.210774e-01 9.787480e-01 1.655073e-01 1.477214e+01 0 483037
-6.720652e+13 4.891647e+13 -1.480139e+14 -9.612825e-01 2.324429e-01 1.480079e-01 -5.534157e+00 0 1261933
-6.129605e+13 -1.772582e+14 -4.967991e+13 -5.532646e-02 -8.233093e-01 -5.648900e-01 1.920931e+01 0 3900953
-6.462412e+13 -1.578378e+14 6.311018e+13 -5.476450e-01 -6.262607e-01 5.548716e-01 -1.408405e+01 0 9105412
1.178564e+14 9.417773e+13 8.061704e+13 6.045488e-01 4.199703e-01 6.768646e-01 1.580423e+01 0 890950
7.981304e+13 3.504236e+13 -1.469620e+14 7.530053e-02 1.668928e-01 -9.830954e-01 8.581361e+00 0 6177350
1.461621e+14 -8.606184e+13 2.588076e+12 7.319869e-01 -4.318616e-01 5.269637e-01 -1.803502e+00 0 1482646
-1.749440e+13 -1.693411e+14 -1.627255e+12 7.172693e-01 -6.148606e-01 -3.278279e-01 -4.023525e+00 0 1913809
-7.368722e+13 9.682741e+13 -1.209061e+14 -3.927853e-01 2.585411e-01 -8.825396e-01 1.093621e+01 0 10502922
-1.528650e+14 7.408604e+13 1.316523e+13 -3.221368e-01 4.807630e-01 -8.155335e-01 -1.084419e+01 0 2372938
-1.052639e+14 1.279715e+14 -3.768301e+13 -4.852527e-01 2.188032e-01 8.465548e-01 7.787707e+00 0 511149
6.722892e+13 -7.044412e+13 -1.492041e+14 -3.597165e-01 -9.545259e-02 -9.281664e-01 -1.988983e+01 0 2775026
4.856351e+13 -1.490336e+13 1.732247e+14 2.102060e-01 6.466888e-01 7.332169e-01 1.158467e+01 0 1124059
9.763206e+12 3.424525e+13 1.715671e+14 -6.621237e-02 8.810721e-01 4.683245e-01 9.732710e+00 0 6527288
-6.620620e+12 -6.615031e+13 -1.603683e+14 6.066361e-01 -1.554586e-01 -7.796315e-01 -1.860620e+01 0 8704338
1.633280e+14 -6.152968e+13 -8.796522e+13 4.009183e-01 -4.055613e-01 -8.214527e-01 -2.311291e+01 0 4256948
-9.795800e+13 -1.011815e+14 -1.080720e+14 -7.300379e-01 -3.580407e-01 -5.821095e-01 3.546456e+00 0 211862
-2.348017e+13 -1.686487e+14 6.681662e+13 -5.699908e-01 -7.869965e-01 -2.361080e-01 -1.923247e+01 0 1256595
-5.728937e+13 -6.654761e+13 1.644447e+14 -1.138761e-01 -2.768870e-01 9.541309e-01 -6.747084e+00 0 5167841
8.427436e+12 -1.516314e+14 -1.032921e+14 -1.835913e-01 -9.827269e-01 2.328208e-02 -2.415236e+01 0 9195294
1.298958e+14 -2.971841e+13 -1.081712e+14 9.990901e-01 -3.025323e-02 3.006183e-02 7.924111e+00 0 3393023
-1.261747e+14 -1.215820e+14 4.995933e+13 -2.779607e-01 -9.567228e-01 -8.613567e-02 -8.074537e+00 0 1719186
-1.342714e+14 -7.354585e+13 -7.784265e+13 -5.873011e-01 -2.315616e-01 -7.755364e-01 9.766575e+00 0 11503746
-4.290695e+12 1.208943e+13 1.694107e+14 -1.346537e-01 1.470654e-01 9.799184e-01 3.458062e+00 0 3385073
-1.590080e+14 6.411850e+13 -7.195716e+13 -3.426960e-01 8.172287e-01 -4.633537e-01 5.745378e+00 0 10912472
-3.752960e+13 6.545775e+13 1.563830e+14 -1.542154e-01 -5.683691e-01 8.081919e-01 6.531782e+00 0 131927
-1.264073e+14 -1.215369e+14 7.352203e+13 -9.502495e-01 -2.748079e-01 1.466508e-01 1.197218e+01 0 1248702
-1.196329e+14 1.490860e+13 1.212506e+14 -4.235456e-02 -5.330429e-01 8.450274e-01 -1.926309e+00 0 794070
-6.807754e+13 1.092507e+14 1.186295e+14 -7.209549e-01 6.701610e-01 1.763753e-01 -1.191460e+01 0 1498740
-8.432097e+13 -3.413852e+13 1.437173e+14 -5.781080e-01 -7.178057e-01 3.880027e-01 -1.646583e+01 0 926767
-5.184858e+12 2.120788e+13 1.687191e+14 6.083025e-01 5.878596e-01 5.332815e-01 -9.171041e+00 0 3871211
-8.232552e+13 -4.757285e+12 -1.489578e+14 -4.181686e-01 -4.588012e-01 -7.839875e-01 -8.769161e+00 0 355420
-1.997463e+13 -2.115489e+14 -5.310905e+13 2.283563e-01 -9.340147e-01 -2.747180e-01 2.392957e+01 0 2037101
-3.014946e+13 1.130929e+14 1.293994e+14 -1.419600e-01 8.042045e-01 5.771502e-01 -6.631902e+00 0 2714688
-6.864752e+12 1.295346e+14 1.095599e+14 -1.800890e-01 9.576561e-01 -2.246391e-01 -3.632658e+00 0 16125263
4.416302e+13 4.496697e+13 1.604960e+14 -1.828691e-01 1.612777e-01 9.698187e-01 1.788218e+01 0 1446387
3.828680e+13 1.369159e+14 1.292848e+14 2.830972e-01 1.116574e-01 9.525695e-01 -1.361444e+01 0 4134392
-7.622096e+13 -1.740912e+13 -1.615476e+14 -5.820077e-02 8.797055e-01 -4.719437e-01 1.212388e+01 0 4644337
-1.579730e+13 1.661667e+14 3.148517e+13 -7.018335e-01 2.483619e-01 -6.676422e-01 -5.591146e+00 0 1912869
-9.580620e+13 -1.365209e+14 3.461095e+13 -8.784129e-02 -6.306827e-01 -7.710534e-01 -5.428611e+00 0 4169239
1.091435e+12 1.549374e+14 -7.324173e+13 -8.122786e-01 8.563526e-02 -5.769490e-01 1.092100e+01 0 5022625
1.178046e+14 -3.858861e+13 1.160014e+14 4.209301e-01 8.353003e-01 3.536823e-01 -1.496727e+00 0 601141
4.666048e+13 1.023502e+14 -1.281140e+14 4.978644e-01 1.069249e-01 -8.606382e-01 3.486394e+00 0 4
5.711039e+13 -8.339303e+13 -1.564595e+14 2.563798e-01 -5.056265e-01 -8.237786e-01 1.045383e+01 0 1980905
1.231396e+14 -4.336449e+13 -1.182784e+14 1.896827e-01 -7.856237e-02 -9.786973e-01 -1.018787e+01 0 130135
-1.678523e+14 4.132078e+13 -1.277058e+13 -6.993744e-01 -5.977191e-01 3.919278e-01 -1.065345e+01 0 7503563
-1.820354e+14 7.781360e+13 6.558760e+12 -9.342211e-01 1.807845e-01 3.074865e-01 1.497867e+01 0 1369372
5.553588e+12 1.303378e+14 -1.194255e+14 -3.093665e-01 9.311531e-01 -1.929931e-01 1.789119e+01 0 3699425
1.269401e+14 -1.257901e+14 -3.282615e+13 4.290141e-01 -8.872381e-01 -1.695745e-01 1.489849e+01 0 5802591
1.420382e+14 8.014542e+13 -6.314802e+13 4.545182e-01 -1.705914e-01 -8.742493e-01 1.192488e+01 0 6889329
-9.703763e+13 1.376553e+14 -2.024343e+13 -7.836004e-01 4.851040e-01 3.881295e-01 1.347278e+01 0 14291427
4.550694e+13 1.004098e+14 -1.329726e+14 3.817507e-03 2.407944e-01 -9.705686e-01 -6.338042e+00 0 2350638
-8.997279e+13 4.560535e+13 1.368984e+14 1.941052e-01 -6.488501e-01 7.357423e-01 -9.283213e+00 0 1885538
1.425577e+14 -4.811235e+12 -9.209372e+13 8.877816e-01 3.312155e-01 3.195937e-01 8.441056e+00 0 1780886
1.612314e+14 6.158031e+13 4.986850e+12 7.051960e-01 5.719988e-01 -4.189463e-01 1.947285e+01 0 650444
-1.773467e+14 -4.718586e+13 3.048404e+13 -7.505616e-01 -5.694659e-01 3.352101e-01 -9.068055e+00 0 1214075
5.183316e+12 -8.081164e+13 -1.627189e+14 8.500050e-01 -2.207417e-01 -4.782935e-01 -1.341867e+01 0 7184109
-8.724468e+13 -1.564219e+14 4.216135e+13 -4.063075e-01 -6.086308e-01 -6.815297e-01 1.275222e+01 0 1873496
-2.658177e+13 5.726210e+13 1.609496e+14 -8.341563e-01 -2.021567e-01 5.131432e-01 -3.542176e+00 0 59291
7.156512e+13 1.093873e+13 1.568863e+14 -5.942323e-02 3.029880e-01 9.511399e-01 9.715107e+00 0 5333668
6.576553e+13 7.088481e+13 -1.653870e+14 8.984959e-01 -1.726675e-01 -4.035977e-01 1.781851e+01 0 8531038
-5.330814e+13 -1.446817e+14 -7.767644e+13 -9.557245e-01 -1.896785e-01 -2.249728e-01 -2.332439e+01 0 5427682
1.356103e+14 -1.078695e+14 -4.193330e+13 9.447935e-01 -1.504651e-01 -2.910765e-01 1.463195e+01 0 712021
1.290748e+14 -3.171702e+12 -1.105068e+14 1.175737e-01 -9.688223e-02 -9.883270e-01 5.379152e+00 0 400834
-8.194641e+13 -1.037125e+13 1.494034e+14 2.691274e-02 -3.803195e-01 9.244635e-01 -2.472086e+00 0 315661
1.377391e+14 -1.579000e+13 -1.086201e+14 2.422233e-01 -1.541315e-01 -9.578995e-01 1.061843e+01 0 39
-3.146411e+13 1.155038e+14 1.328757e+14 -2.938574e-01 8.345966e-01 4.659360e-01 1.202942e+01 0 3934817
5.829940e+13 6.682428e+13 1.529572e+14 -5.666620e-01 2.980118e-01 7.681687e-01 1.128102e+01 0 1189363
-1.279739e+14 1.235803e+14 1.327552e+13 -8.746540e-01 4.709470e-01 -1.148445e-01 -3.943860e+00 0 15414335
-1.710933e+14 -1.029786e+13 -8.129176e+13 -9.568853e-01 -6.869508e-02 2.822261e-01 -1.328905e+01 0 173105
-1.057459e+14 -1.183550e+14 -6.530532e+13 -1.356408e-01 -6.597290e-01 -7.391612e-01 -2.553637e+01 0 9022046
5.020548e+13 -1.502595e+14 6.245836e+13 2.584686e-02 -2.975465e-01 9.543574e-01 1.361427e+01 0 1830553
-3.865291e+13 1.601305e+14 6.524012e+13 -1.346413e-01 9.761158e-01 1.704983e-01 -9.249675e+00 0 341127
1.317906e+13 1.096140e+14 -1.319782e+14 5.660864e-01 6.941518e-01 -4.446341e-01 -9.912037e+00 0 780695
1.364759e+14 9.118983e+13 4.685243e+13 7.123602e-01 9.719413e-02 6.950512e-01 -6.537128e+00 0 7431713
-1.375468e+14 9.153939e+13 5.322808e+13 -2.855301e-01 9.539145e-01 9.230219e-02 -1.630758e+01 0 1411726
3.256620e+13 -1.728890e+14 -7.368269e+13 2.986440e-01 -9.441191e-01 -1.394663e-01 -1.516437e+01 0 7042091
-4.786514e+13 1.730145e+14 3.937711e+13 -1.015662e-01 7.818744e-01 6.151071e-01 1.415649e+01 0 6550599
-1.509022e+14 8.485284e+12 1.153747e+14 -2.389439e-01 2.730598e-01 9.318498e-01 -1.790107e+01 0 7492851
-3.304747e+13 -3.557226e+13 -1.893408e+14 -3.874972e-01 -2.200032e-01 -8.952343e-01 -1.639613e+01 0 283519
-1.417482e+14 -7.547859e+13 -5.547374e+13 1.435312e-01 -2.592175e-01 -9.550943e-01 9.718386e+00 0 14895088
-1.274056e+14 1.115323e+14 2.013946e+13 -9.597239e-01 2.360421e-01 -1.523616e-01 -2.099388e+00 0 1687520
-1.655014e+14 -2.754259e+13 8.860359e+13 -7.636793e-01 -6.005096e-01 -2.370276e-01 -1.724999e+01 0 599453
-4.425936e+13 -1.087171e+14 -1.242613e+14 -3.751503e-01 3.760110e-01 -8.472768e-01 3.762125e+00 0 2183441
1.534910e+14 1.192392e+11 -1.063895e+14 7.889892e-01 1.412939e-01 -5.979399e-01 1.774034e+01 0 4024041
5.029163e+13 -1.193432e+14 1.159655e+14 -3.851826e-02 -3.792835e-01 9.244784e-01 1.791160e+01 0 4238021
2.822479e+13 1.533294e+14 -6.874243e+13 3.524568e-01 7.406105e-01 -5.720754e-01 -1.588009e+01 0 59467
7.540494e+13 -1.692042e+14 2.109000e+13 1.170768e-01 -7.866245e-01 -6.062301e-01 -1.697241e+01 0 3936424
-1.557296e+14 1.068909e+13 -7.886258e+13 -6.886898e-01 1.131068e-01 -7.161796e-01 -9.492805e+00 0 1666092
5.976975e+13 1.291399e+14 9.475165e+13 5.619845e-01 4.857741e-01 6.694751e-01 9.980222e+00 0 7423700
8.784965e+13 8.615401e+13 -1.179392e+14 -4.769652e-01 1.694091e-01 -8.624411e-01 1.135757e+01 0 100296
8.251687e+13 1.148530e+14 9.845501e+13 -5.785021e-01 4.664330e-01 6.691604e-01 1.933918e+01 0 10402209
5.484384e+13 -1.617654e+14 -3.733367e+13 -6.988529e-03 -7.641484e-01 6.450026e-01 1.012404e+01 0 7340335
-1.137487e+14 -8.651897e+13 1.116732e+14 -7.624989e-01 -5.386489e-01 3.584030e-01 -1.904758e+01 0 32413
-1.354198e+14 -2.144903e+13 -9.987737e+13 3.497054e-02 -3.515720e-01 -9.355075e-01 -1.567823e+00 0 7780171
1.265012e+14 3.999956e+13 -1.060396e+14 8.969413e-01 4.313011e-01 9.734299e-02 -8.607890e+00 0 2230379
1.595834e+14 6.836600e+13 3.014112e+12 8.336773e-01 5.179089e-01 -1.917094e-01 7.090902e+00 0 1288737
4.583198e+13 1.587614e+14 1.046208e+14 5.263823e-02 4.464743e-01 8.932468e-01 -1.297788e+01 0 144226
7.096004e+13 -2.332136e+13 1.584372e+14 -1.551350e-02 1.787278e-01 9.837763e-01 1.127696e+01 0 2507466
-1.820403e+14 3.618024e+13 3.056763e+13 -8.282106e-01 1.743411e-01 5.326089e-01 1.713982e+01 0 34406648
1.323258e+14 5.665922e+11 -1.162218e+14 6.151246e-01 3.038403e-01 -7.275320e-01 -6.996456e+00 0 3757536
1.027773e+14 8.871866e+12 -1.526645e+14 8.552398e-01 -4.620536e-01 -2.346727e-01 -2.199490e+01 0 278414
-9.134284e+13 5.134886e+13 -1.525274e+14 -7.250015e-01 6.554792e-01 -2.114706e-01 1.194868e+01 0 1528850
5.504358e+13 2.585936e+13 1.875017e+14 3.718909e-01 -3.977553e-01 8.387418e-01 -1.311130e+01 0 15412207
-1.471526e+14 -2.778748e+13 8.437818e+13 -8.667769e-01 4.082769e-01 2.863700e-01 5.094163e+00 0 1608498
5.879881e+13 1.441070e+14 -1.014904e+14 6.261920e-01 -5.636981e-02 -7.776285e-01 1.342448e+01 0 6395430
1.363169e+13 -1.678014e+14 3.454577e+13 3.949963e-01 -8.583095e-01 -3.275404e-01 -7.801041e+00 0 3087336
4.565961e+13 7.767996e+13 -1.497539e+14 -5.731277e-01 7.160123e-01 -3.985612e-01 -1.314403e+01 0 8548019
1.348785e+14 -9.878336e+13 -3.096543e+13 -3.294304e-01 -8.797044e-01 3.429225e-01 -2.008872e+01 0 994300
6.827079e+13 1.041749e+14 1.151517e+14 2.554990e-01 9.626253e-01 -8.984882e-02 1.654341e+01 0 4054746
8.436343e+13 -5.821493e+13 -1.360933e+14 -3.987159e-01 3.512220e-01 -8.471533e-01 1.321505e+01 0 4006062
5.259823e+12 4.126136e+13 -1.738422e+14 -6.837930e-02 9.164477e-01 -3.942688e-01 -1.080918e+01 0 744391
1.079430e+14 2.812423e+13 1.280712e+14 7.091389e-01 -5.480332e-01 4.436007e-01 -1.090063e+01 0 9482930
-1.376143e+14 -1.057857e+14 -4.354044e+13 -7.813105e-01 -2.823823e-01 -5.566094e-01 -1.161405e+01 0 3576713
-2.800038e+13 -3.785234e+13 -1.712629e+14 -4.371195e-01 -7.988992e-01 -4.131423e-01 -1.478033e+01 0 535776
-5.080412e+13 1.443693e+14 -7.526893e+13 -7.404749e-01 -5.672568e-03 -6.720601e-01 -4.140202e+00 0 1129162
7.192416e+13 -8.981719e+13 -1.348194e+14 2.268428e-01 -2.844833e-01 -9.314567e-01 -1.496204e+01 0 2578781
-1.133847e+14 -6.042182e+13 1.123222e+14 -2.241449e-01 -8.795976e-01 -4.196035e-01 -1.796375e+01 0 69443
1.261742e+13 1.405707e+14 9.747425e+13 1.084949e-01 9.536384e-01 2.807181e-01 6.697509e+00 0 4111538
-2.236005e+12 1.593232e+14 7.186559e+13 4.524320e-01 8.728761e-01 1.827363e-01 3.812705e+00 0 3140007
-6.852236e+13 6.475377e+13 1.496036e+14 -3.573721e-01 7.258470e-01 5.877340e-01 1.493314e+01 0 2314882
-1.118009e+14 1.425445e+14 7.598362e+13 -6.284896e-01 7.036403e-01 3.314984e-01 1.842119e+01 0 6026704
-1.049581e+14 -3.139580e+12 1.336855e+14 -8.149136e-01 -2.253771e-01 5.339673e-01 -8.145617e+00 0 2900152
8.709911e+13 2.132194e+13 1.508583e+14 9.230732e-01 -6.875002e-02 3.784301e-01 1.021874e+01 0 428496
2.794303e+14 -8.730683e+11 1.134764e+13 9.230147e-01 -3.308351e-01 1.964483e-01 1.481626e+01 0 2242368
-2.970716e+13 6.630881e+13 1.638077e+14 -3.644901e-01 4.880093e-01 7.930913e-01 1.098217e+01 0 4092516
1.256455e+14 1.153885e+13 2.072183e+14 7.828181e-01 -2.101531e-01 5.856889e-01 1.918524e+01 0 8708349
-9.934062e+12 9.825629e+13 -1.440024e+14 -2.377491e-01 5.463502e-01 -8.031045e-01 1.829261e+01 0 8478087
1.604252e+14 -5.233965e+13 2.431909e+13 6.099536e-01 1.489510e-01 7.783124e-01 -1.119319e+01 0 12533584
-1.282449e+14 1.136335e+14 7.839432e+12 -3.018860e-01 5.504500e-01 7.783763e-01 -1.034180e+01 0 11
4.056793e+13 1.611052e+14 3.584281e+13 1.951953e-01 6.336508e-01 -7.485890e-01 1.028348e+01 0 8500324
2.752756e+13 8.912071e+13 -1.419468e+14 6.799782e-01 6.025784e-01 -4.177666e-01 1.330797e+00 0 1425868
4.814560e+13 5.827190e+13 1.576184e+14 3.635062e-01 8.544595e-01 3.711633e-01 -1.890420e+01 0 3817008
-5.588352e+13 -8.743411e+13 -1.626873e+14 -5.119191e-01 -1.791203e-01 -8.401516e-01 1.849919e+01 0 7509264
-1.444692e+14 -8.951302e+13 2.419937e+13 -9.717156e-01 1.717385e-01 -1.620948e-01 4.291242e+00 0 3148025
-6.591256e+13 -1.407663e+14 -9.264428e+13 -8.618701e-01 -5.035555e-01 6.009768e-02 1.680622e+01 0 8768424
6.886345e+12 -8.615103e+13 1.534087e+14 3.066236e-01 -2.042061e-01 9.296676e-01 1.495517e+01 0 4706394
8.918468e+13 -2.541784e+13 1.428274e+14 9.165709e-01 -2.284611e-01 3.281818e-01 7.745772e+00 0 6290257
7.841345e+13 1.171497e+13 -1.753568e+14 6.285395e-01 5.275358e-01 -5.715279e-01 1.690721e+01 0 15187864
6.491175e+13 -7.267587e+13 -1.480888e+14 3.908160e-02 -4.992720e-01 -8.655635e-01 6.967078e+00 0 3052404
-7.123642e+13 -1.178843e+14 -1.027606e+14 -1.672075e-01 -5.521837e-01 -8.167832e-01 -8.801152e+00 0 5990957
5.583156e+13 -1.353944e+14 -1.227456e+14 5.679477e-01 -3.701889e-01 -7.351161e-01 -1.023730e+01 0 5235959
1.430969e+14 -8.029649e+13 4.327983e+13 4.842635e-01 -5.971576e-01 6.394463e-01 1.824187e+00 0 569590
1.886951e+13 -6.628969e+13 -2.021656e+14 -6.430088e-01 -2.594468e-01 -7.205741e-01 1.395586e+01 0 8073977
-1.305656e+14 -1.497663e+14 -3.462386e+13 -7.573075e-01 -4.575884e-01 4.659380e-01 1.167507e+01 0 4152236
6.408623e+13 -5.919283e+13 -1.516117e+14 3.696851e-01 -8.170145e-01 -4.425158e-01 1.810512e+01 0 8509475
-9.117222e+12 -1.757616e+14 8.325377e+13 -1.022222e-01 -9.934785e-01 5.050929e-02 2.285537e+01 0 15520306
1.453045e+14 -6.011484e+13 8.822592e+13 4.301106e-01 -8.694247e-01 2.431162e-01 -1.769326e+01 0 500056
-1.936947e+13 1.526132e+14 7.692383e+13 6.542012e-01 6.073191e-01 4.507598e-01 2.181713e+00 0 73042
-3.438141e+13 9.570033e+12 1.740521e+14 7.459963e-01 -2.901972e-03 6.659438e-01 1.940663e+01 0 15057209
8.675569e+13 -4.594566e+13 -1.396831e+14 3.338329e-01 -9.404352e-01 -6.432112e-02 -9.836490e+00 0 2176766
1.980369e+13 7.814847e+13 1.507138e+14 1.028491e-01 6.251966e-01 7.736610e-01 -1.013082e+01 0 15000647
3.196054e+13 1.849809e+14 -4.408850e+13 3.168751e-01 8.450116e-01 4.307501e-01 -1.407689e+01 0 2848847
-6.894361e+13 1.243775e+14 -9.472301e+13 6.896144e-01 5.384369e-01 -4.842703e-01 -5.719066e-01 0 174014
9.026586e+13 -4.712457e+13 1.385329e+14 6.723463e-01 -5.974572e-01 4.370301e-01 6.429518e+00 0 1418183
-8.674454e+13 -1.238828e+14 8.213012e+13 5.473150e-01 -6.704048e-01 5.010027e-01 1.985010e+01 0 26165899
1.336329e+13 1.125865e+14 1.619844e+14 2.336262e-01 3.816441e-01 8.942967e-01 1.598582e+01 0 2083779
8.725678e+13 2.851448e+13 1.440908e+14 1.849857e-01 8.317273e-01 5.234596e-01 1.907201e+01 0 5550924
9.528425e+13 1.400901e+14 -4.339537e+13 9.318396e-01 -3.282642e-01 -1.546531e-01 -2.814683e+01 0 2324919
-3.155907e+13 -8.534750e+13 1.432265e+14 -5.565045e-02 3.814351e-01 9.227190e-01 -7.168736e+00 0 9004351
-3.015899e+13 8.357830e+13 1.447632e+14 3.947644e-01 4.573828e-01 7.968451e-01 -2.333750e+01 0 4703728
1.610183e+14 -4.662018e+13 2.997511e+13 8.544441e-01 -5.730845e-02 5.163729e-01 -8.933723e+00 0 4117298
-6.612239e+11 3.888251e+13 1.690413e+14 -3.573109e-01 3.537822e-01 8.643882e-01 1.349315e+01 0 2435911
-7.204892e+13 -1.246040e+14 1.012156e+14 -7.457936e-01 -6.461413e-01 1.621523e-01 7.962432e+00 0 1556592
5.773261e+13 5.647099e+13 1.492060e+14 5.868992e-01 5.362733e-01 6.065973e-01 -2.005016e+00 0 7155
1.062153e+14 -1.761559e+13 -2.312035e+14 4.085835e-01 -5.745820e-01 -7.091651e-01 1.651564e+01 0 4910208
1.428182e+14 4.983449e+13 -9.419200e+13 9.057487e-01 2.862659e-01 -3.125238e-01 -8.441070e+00 0 8494498
6.429770e+13 -1.762322e+14 -3.924831e+13 8.505982e-01 -5.123383e-01 1.182880e-01 2.270783e+01 0 3885178
-1.563084e+14 -5.108382e+13 -4.159914e+13 -6.872728e-01 7.242218e-01 -5.620398e-02 1.278135e+00 0 1329605
8.809033e+13 -4.051618e+12 1.494335e+14 4.893826e-01 -1.686848e-01 8.555993e-01 -7.376523e+00 0 507527
1.097255e+14 -1.304619e+14 5.692245e+12 -6.563740e-02 -5.650053e-01 8.224723e-01 -1.862216e+01 0 1594023
-5.390601e+13 9.332190e+13 1.684999e+14 -4.268773e-01 6.309182e-01 6.478565e-01 1.388231e+01 0 1355751
-7.163945e+13 6.148785e+13 1.435834e+14 -8.540420e-01 2.431652e-01 4.598728e-01 7.159140e+00 0 5313671
1.231300e+14 1.978804e+13 1.539807e+14 4.040775e-01 -4.731639e-01 7.828392e-01 -1.927826e+01 0 24786723
-5.074980e+13 -3.317124e+13 1.677094e+14 1.153572e-02 -5.405887e-01 8.412079e-01 1.308943e+01 0 37602920
-3.569135e+13 -1.103076e+13 -1.923644e+14 2.951691e-01 7.604344e-02 -9.524141e-01 -1.174332e+01 0 583287
1.076097e+14 1.026347e+13 -1.329436e+14 7.791451e-01 -8.771086e-02 -6.206769e-01 5.678405e+00 0 3352990
1.653958e+14 5.193312e+13 2.961539e+13 5.951919e-01 7.776646e-01 2.024461e-01 -7.260500e+00 0 227212
4.020337e+13 9.450342e+13 -1.356386e+14 -3.474505e-01 2.815664e-01 -8.944264e-01 -3.992315e+00 0 3700234
-8.333993e+13 1.503749e+14 -2.396677e+13 -6.476190e-01 7.509433e-01 -1.291271e-01 -8.589646e+00 0 184511
2.683463e+13 -9.709259e+13 -1.586761e+14 7.536116e-01 -6.004229e-01 -2.675106e-01 2.008456e+01 0 1990707
1.618595e+14 6.857004e+13 -4.386715e+12 5.660418e-01 6.120807e-01 5.522263e-01 -1.197078e+01 0 10776348
1.471183e+14 2.111733e+13 -8.216669e+13 8.083752e-01 4.295389e-01 4.025244e-01 8.449853e+00 0 2287019
4.958787e+13 1.017647e+14 1.398593e+14 7.629532e-01 -1.154338e-01 6.360640e-01 9.924113e+00 0 3122677
-6.881111e+13 1.641376e+14 2.227762e+13 2.005280e-01 7.550732e-01 -6.242219e-01 1.121510e+01 0 113791
6.392553e+13 9.682778e+13 1.238946e+14 8.117399e-01 -1.149851e-01 5.725878e-01 -1.668382e+01 0 1206891
1.340635e+14 -5.251278e+13 1.144108e+14 1.213780e-01 -9.347492e-01 3.339331e-01 7.901831e+00 0 51917049
-1.493888e+14 1.690135e+13 -9.960156e+13 -5.686695e-01 5.060394e-01 -6.484899e-01 -1.314117e+01 0 1268078
-3.559348e+13 -2.321185e+13 1.739389e+14 -5.215139e-01 2.893410e-01 8.026862e-01 1.564192e+01 0 1575258
-1.018523e+14 1.331395e+14 2.807732e+13 -2.216048e-01 9.134566e-01 -3.413038e-01 -1.038570e+01 0 20
-6.863707e+13 1.050063e+14 -1.171865e+14 -8.861671e-01 3.391473e-01 -3.157325e-01 -7.995596e+00 0 2989551
1.288690e+14 1.110564e+14 -1.280358e+13 3.129973e-01 8.184812e-01 -4.817895e-01 1.284280e+01 0 465006
-8.768511e+12 -1.420355e+14 -9.636365e+13 5.300017e-01 -6.472481e-01 -5.478760e-01 8.724119e+00 0 814600
-1.084455e+14 -5.790593e+13 -1.213435e+14 -7.877372e-01 -5.276373e-01 3.179135e-01 1.007322e+01 0 2096033
-1.154625e+14 -6.568819e+13 -1.122378e+14 -6.536250e-01 -2.177453e-02 -7.565053e-01 5.996722e+00 0 401150
1.444258e+14 -3.269698e+13 1.104411e+14 5.476720e-01 5.919555e-01 5.913071e-01 -1.391969e+01 0 13057629
2.602992e+13 1.470984e+14 -8.588108e+13 -5.887956e-01 7.747022e-01 2.305562e-01 -6.413948e+00 0 696811
-1.355684e+14 -1.025301e+14 -1.390797e+13 -8.773424e-01 -3.368536e-02 4.786811e-01 -1.131677e+01 0 1619636
1.095105e+14 -7.404730e+13 -1.189920e+14 -3.239970e-01 -6.738329e-01 -6.640596e-01 1.162388e+01 0 636922
-6.297272e+13 -1.398923e+14 7.256508e+13 -1.937787e-01 -1.572032e-01 9.683682e-01 4.812276e+00 0 4051384
4.970623e+13 1.490965e+14 6.663779e+13 7.757029e-01 1.457231e-01 6.140438e-01 9.417553e+00 0 59986
-9.184107e+13 1.473615e+14 5.961162e+13 -9.629529e-01 -4.544838e-02 2.658122e-01 2.093764e+01 0 983606
-1.213174e+14 -1.438182e+14 -2.149065e+13 -4.206615e-01 -8.523382e-01 3.107468e-01 2.261624e+01 0 5984154
9.043109e+13 -1.356828e+14 -4.925930e+13 8.915505e-01 -3.397091e-01 2.995586e-01 1.413814e+01 0 13211
1.458654e+13 -7.140980e+13 1.539863e+14 5.791746e-01 -8.055013e-01 1.253969e-01 -5.871810e-01 0 93780
-7.607653e+13 -1.236308e+14 -8.869556e+13 -4.127829e-01 -7.968852e-01 -4.411171e-01 1.241160e+01 0 936211
1.056259e+14 9.305300e+13 -9.555556e+13 8.764155e-01 9.588267e-02 -4.719135e-01 4.108285e+00 0 185951
-4.339800e+13 -1.637067e+14 -2.902483e+13 -2.041236e-01 -9.467005e-01 -2.491823e-01 -1.448414e+01 0 1286078
-1.456412e+14 -6.446880e+13 -5.871246e+13 -2.078899e-01 4.818614e-01 -8.512294e-01 2.307795e+00 0 66672
6.505013e+13 -9.044444e+13 1.294675e+14 7.602342e-01 -2.664298e-01 5.925024e-01 -7.006804e+00 0 4173904
2.467817e+13 1.666775e+14 5.126568e+13 2.908683e-01 2.208309e-01 9.309293e-01 -1.121268e+01 0 991912
-9.215349e+13 -4.258146e+13 -1.694057e+14 -2.228259e-01 6.464430e-02 -9.727126e-01 -2.445129e+01 0 11039546
1.336075e+14 1.089126e+14 -9.738178e+13 -1.018887e-01 7.249145e-01 -6.812619e-01 -1.044132e+01 0 17973985
-1.209867e+14 -6.511111e+13 1.010311e+14 -7.778136e-01 -6.258675e-01 -5.740883e-02 -1.143176e+01 0 16128722
3.203744e+13 -1.430363e+14 1.208542e+14 -5.793900e-01 -7.384705e-01 3.449183e-01 1.163278e+01 0 901987
-1.439617e+14 3.822481e+13 -8.609161e+13 -4.920542e-01 4.629491e-01 -7.372658e-01 -1.103517e+01 0 1717750
1.715178e+14 -6.293889e+12 1.242994e+13 5.919566e-01 8.050614e-01 -3.825689e-02 -2.139246e+00 0 407993
9.467121e+13 -9.981263e+13 -9.976446e+13 -7.269887e-03 2.785901e-01 -9.603826e-01 -5.190207e+00 0 5438413
-1.481478e+14 1.074200e+14 9.657693e+13 -6.037281e-01 -5.924135e-02 7.949861e-01 2.508406e+01 0 8472069
-3.960584e+13 -8.388053e+10 -1.654165e+14 1.330540e-01 -3.146856e-01 -9.398243e-01 -1.136525e+01 0 5956251
-4.895880e+13 1.761296e+14 -6.782002e+13 -7.485427e-01 4.568698e-01 -4.805766e-01 2.431941e+01 0 180991
1.004726e+14 -1.960176e+13 -1.441236e+14 9.816850e-01 -1.837460e-01 -5.031863e-02 -1.443513e+01 0 652810
7.442299e+13 9.416111e+13 1.657667e+14 5.314434e-01 4.591912e-01 7.118366e-01 -1.964566e+01 0 795239
6.341657e+13 -6.678886e+13 1.530352e+14 -4.295520e-01 -7.775509e-01 4.592382e-01 -1.426209e+01 0 316276
-7.845676e+13 -1.067225e+14 1.075023e+14 -1.027389e-01 -1.426338e-01 9.844289e-01 -7.811229e+00 0 1524385
1.177568e+14 -1.435145e+14 -1.941414e+13 9.962783e-01 -2.089345e-02 -8.362466e-02 -8.455891e+00 0 3920422
-8.736703e+13 1.509678e+13 1.523324e+14 -6.387130e-01 5.428217e-02 7.675279e-01 1.455057e+01 0 11383332
-9.786684e+11 1.336014e+14 1.204026e+14 3.775140e-01 6.326139e-01 6.762269e-01 -1.538727e+01 0 1630309
4.466484e+13 1.962318e+12 -1.720461e+14 3.692796e-01 -1.570583e-01 -9.159505e-01 -1.246821e+01 0 2673690
1.578554e+14 7.067870e+13 3.236475e+13 9.283040e-01 3.526735e-01 1.177842e-01 1.698432e+01 0 3129701
1.373986e+14 -9.443597e+13 -3.341251e+13 1.173440e-01 -9.927609e-01 -2.561497e-02 -1.293463e+01 0 40045732
6.753675e+12 -1.685066e+14 2.346169e+13 -6.562454e-01 -7.197209e-01 2.265917e-01 -1.738428e+00 0 1130769
3.727378e+13 -4.749748e+12 -1.661610e+14 4.475045e-01 -2.395110e-01 -8.616114e-01 5.639948e+00 0 6876298
-9.346538e+13 -2.074805e+12 -1.581530e+14 -9.399392e-01 -3.433697e-02 -3.396105e-01 1.221906e+01 0 14096386
4.313743e+13 1.615185e+14 4.797380e+13 6.191036e-01 5.689990e-02 7.832452e-01 -1.970988e+01 0 78793
3.162242e+13 -1.165176e+14 -1.216010e+14 9.678013e-01 -2.233726e-01 1.160404e-01 -6.842755e+00 0 6030758
1.538381e+14 7.056030e+13 -4.956257e+13 9.768496e-01 -2.062828e-01 5.667624e-02 -1.574905e+01 0 8596328
1.344217e+14 -1.249628e+14 2.678290e+13 9.956930e-01 4.387198e-02 8.167387e-02 1.521720e+01 0 1786387
-5.302566e+11 -6.452951e+13 1.745342e+14 -2.119592e-01 8.838598e-02 9.732735e-01 -1.132464e+01 0 6038009
1.713150e+14 -1.627180e+13 1.703838e+13 7.917498e-01 5.269978e-02 -6.085680e-01 1.741675e+01 0 4426741
-2.729304e+13 -3.901473e+13 1.638476e+14 2.626012e-01 -6.131978e-01 7.450027e-01 -8.149272e+00 0 294698
-6.989716e+13 -1.422538e+14 -7.936214e+13 -2.270844e-01 -9.600197e-01 1.636912e-01 -1.380310e+01 0 5798789
-1.411414e+14 -4.893236e+13 8.764069e+13 -7.679149e-01 -1.782996e-01 6.152365e-01 8.624371e+00 0 315044
4.319914e+11 -9.613386e+13 -1.471192e+14 -2.325600e-01 6.569471e-02 -9.703608e-01 1.464585e+01 0 2476393
1.645140e+14 1.490800e+13 -1.111341e+14 8.458080e-01 5.086245e-01 -1.609659e-01 -1.392689e+01 0 280681
9.214260e+13 -1.061579e+14 -9.686584e+13 7.889428e-02 -7.571833e-01 6.484205e-01 1.176238e+01 0 4294763
-7.556318e+13 -1.154516e+14 -9.898997e+13 -7.177062e-01 -3.422220e-01 -6.064502e-01 -7.745325e-01 0 4444074
-9.831725e+13 7.438512e+13 1.257528e+14 -3.279029e-01 -3.319313e-02 9.441281e-01 -3.732744e+00 0 2088383
8.999673e+13 1.271405e+14 -6.816096e+13 -6.112092e-01 7.913865e-01 -1.143704e-02 2.604088e+01 0 6585165
-8.112638e+13 1.431055e+14 4.455032e+13 -7.177775e-01 5.008592e-01 4.836688e-01 -3.579238e+00 0 1945377
-3.375301e+13 2.016528e+13 1.793464e+14 2.570840e-01 4.756233e-01 8.412433e-01 1.406781e+01 0 10445882
2.015232e+13 -1.677177e+14 -1.998850e+13 -4.168019e-02 -9.677646e-01 -2.483835e-01 -1.420897e+01 0 1507561
1.206568e+13 -7.670162e+13 -1.560030e+14 -5.543737e-01 -5.010760e-01 -6.645244e-01 -1.344224e+01 0 1954177
5.078218e+12 -7.370415e+12 1.711563e+14 -1.969763e-01 -6.691268e-01 7.165680e-01 -1.356295e+01 0 1052389
-5.354965e+13 1.608445e+14 -2.806729e+13 1.403094e-01 9.471091e-01 -2.886133e-01 8.352740e+00 0 13786554
-1.180297e+14 7.175385e+12 -1.328567e+14 2.186814e-01 -4.312837e-01 -8.753130e-01 1.237665e+01 0 2759195
