# 781
6.834785e+11 -8.714745e+10 -6.395945e+11 1.495533e-01 -7.185862e-01 -6.791669e-01 0.000000e+00 1
-1.219055e+12 3.789522e+11 3.597405e+11 -6.137370e-01 1.761731e-01 7.696038e-01 0.000000e+00 1
6.653175e+10 -1.519210e+12 -5.035479e+11 -5.558697e-01 -7.324712e-01 -3.930584e-01 0.000000e+00 1
-6.706293e+10 -1.575232e+12 -4.320198e+11 4.640678e-01 -4.236321e-01 7.779312e-01 0.000000e+00 1
-8.656472e+11 -9.440662e+11 8.519308e+11 -7.384677e-02 -9.697455e-01 2.326808e-01 0.000000e+00 1
-1.147663e+12 6.869699e+11 6.612329e+11 -8.144891e-01 4.707816e-01 3.390755e-01 0.000000e+00 1
-4.214060e+11 -1.295869e+12 6.992323e+10 2.711356e-01 1.457413e-01 -9.514436e-01 0.000000e+00 1
-1.557879e+11 -9.122566e+10 -2.599537e+11 1.942290e-01 -9.753140e-01 1.050607e-01 0.000000e+00 1
6.836602e+11 1.463807e+12 7.948784e+10 -9.344368e-01 -2.977015e-01 -1.954525e-01 0.000000e+00 1
9.025443e+11 7.711384e+11 7.190344e+11 -2.016230e-01 9.007602e-01 -3.846807e-01 0.000000e+00 1
1.272671e+12 2.391781e+10 5.542159e+11 -3.709360e-02 3.485759e-01 9.365463e-01 0.000000e+00 1
1.215604e+12 5.872889e+11 -1.368823e+11 -7.091974e-01 -6.982001e-01 -9.775312e-02 0.000000e+00 1
9.397214e+11 -1.087974e+12 5.630420e+10 -1.212836e-01 9.721547e-01 2.005132e-01 0.000000e+00 1
-3.154830e+11 -1.438017e+12 -3.928552e+10 -3.054380e-01 8.200513e-01 4.839664e-01 0.000000e+00 1
1.729897e+11 4.500142e+10 1.628731e+12 7.264514e-01 -1.612375e-01 6.680351e-01 0.000000e+00 1
9.853987e+11 1.046570e+11 2.833931e+11 5.697482e-01 6.801443e-01 -4.612924e-01 0.000000e+00 1
1.369963e+12 -4.626995e+11 -3.100899e+11 -1.603673e-01 1.750590e-01 -9.714096e-01 0.000000e+00 1
1.168952e+12 8.780198e+10 -1.039182e+12 -8.915202e-01 -4.515293e-01 -3.623586e-02 0.000000e+00 1
-9.802858e+11 -8.876265e+11 -1.047403e+12 4.337820e-01 -3.215324e-01 -8.416948e-01 0.000000e+00 1
9.944909e+11 -3.418607e+11 -2.466889e+11 1.430143e-01 9.172534e-01 3.717434e-01 0.000000e+00 1
-1.036353e+12 1.212808e+12 2.532006e+11 7.490649e-01 5.706789e-01 -3.364927e-01 0.000000e+00 1
5.261995e+11 -1.285247e+12 5.847715e+10 2.283590e-01 -9.396331e-01 -2.548369e-01 0.000000e+00 1
-5.560386e+11 -8.450928e+11 -1.082623e+11 -7.722630e-01 -4.719833e-01 4.252548e-01 0.000000e+00 1
8.915732e+11 5.062245e+11 -1.170990e+12 -6.578277e-01 9.147929e-02 7.475923e-01 0.000000e+00 1
-7.774242e+11 -6.056073e+11 -1.269122e+10 -2.829660e-01 7.660412e-01 -5.771578e-01 0.000000e+00 1
-2.787907e+11 -8.414041e+11 -7.989494e+11 -1.315633e-01 4.987364e-01 -8.567106e-01 0.000000e+00 1
-5.361795e+11 -7.173588e+09 3.665941e+11 6.507751e-01 5.122603e-01 -5.604294e-01 0.000000e+00 1
-1.589258e+11 -6.856631e+11 -1.473334e+12 -4.707400e-01 -1.365096e-01 -8.716473e-01 0.000000e+00 1
-8.259391e+11 2.291906e+11 1.343789e+12 -8.183079e-01 5.741867e-01 2.611228e-02 0.000000e+00 1
3.273314e+11 6.900422e+11 -6.879875e+11 5.094154e-01 -6.395423e-02 8.581409e-01 0.000000e+00 1
1.155703e+12 1.251387e+11 9.185146e+11 -1.296220e-01 9.459030e-01 2.974317e-01 0.000000e+00 1
-1.387814e+12 2.358073e+11 -2.003088e+11 6.952225e-01 -6.714925e-01 2.564441e-01 0.000000e+00 1
-6.350370e+11 1.117068e+12 -7.355167e+11 2.681677e-01 -5.981972e-01 7.551465e-01 0.000000e+00 1
5.972716e+11 -6.510629e+11 -6.009731e+10 -9.740388e-01 -2.263406e-01 -4.277061e-03 0.000000e+00 1
-7.855009e+11 5.916736e+11 5.828079e+11 6.090374e-01 -4.192949e-01 6.732498e-01 0.000000e+00 1
1.073639e+12 -6.461261e+11 -6.035793e+11 -1.736412e-01 1.538837e-01 9.727120e-01 0.000000e+00 1
6.396415e+11 3.244475e+10 3.991220e+11 1.816797e-01 9.082662e-01 3.768887e-01 0.000000e+00 1
-3.152310e+10 -7.503844e+11 1.108614e+12 6.172208e-01 -7.836410e-01 7.032246e-02 0.000000e+00 1
3.096783e+10 8.211177e+11 -3.886032e+11 5.634537e-01 2.263952e-01 -7.945220e-01 0.000000e+00 1
8.081236e+10 -1.819952e+11 -1.596125e+12 8.966736e-01 4.387378e-01 -5.903955e-02 0.000000e+00 1
-1.005886e+12 -5.555152e+11 7.903320e+11 7.015973e-01 6.463190e-01 -3.000550e-01 0.000000e+00 1
-4.012069e+11 1.573067e+12 3.726362e+11 -3.363787e-01 4.298355e-01 -8.379086e-01 0.000000e+00 1
5.736480e+11 -3.786450e+11 1.134659e+11 -7.969409e-01 5.842259e-01 -1.535097e-01 0.000000e+00 1
-1.450882e+12 -3.287026e+11 -5.301432e+11 -3.486201e-01 -2.499258e-01 9.033278e-01 0.000000e+00 1
-1.035868e+12 6.508764e+11 1.029119e+12 5.869289e-01 -5.585837e-01 -5.860876e-01 0.000000e+00 1
8.261497e+09 -1.311615e+10 -4.657354e+11 5.828416e-01 3.791536e-01 7.187059e-01 0.000000e+00 1
-5.167826e+11 1.245804e+12 6.241871e+11 8.898958e-01 -4.384938e-01 -1.257326e-01 0.000000e+00 1
-3.449776e+11 1.379547e+12 -6.148908e+11 -4.193469e-01 -9.071896e-01 3.398876e-02 0.000000e+00 1
-9.035664e+11 1.045537e+12 -7.265502e+11 5.236179e-01 7.981607e-01 -2.979325e-01 0.000000e+00 1
-8.093309e+11 -6.854765e+11 9.144456e+11 4.196300e-01 -4.661178e-01 7.788741e-01 0.000000e+00 1
-1.017792e+12 8.786736e+11 -1.192900e+11 3.960138e-01 -7.208938e-01 -5.687575e-01 0.000000e+00 1
3.525273e+11 5.587195e+11 -4.254857e+11 -7.553290e-01 6.317448e-01 1.742885e-01 0.000000e+00 1
-6.017000e+11 1.536486e+12 -7.997480e+10 8.877399e-01 -1.504654e-01 4.350610e-01 0.000000e+00 1
-2.596074e+11 1.449884e+10 1.624419e+12 -5.509883e-01 5.348237e-01 6.406056e-01 0.000000e+00 1
-7.652648e+11 -1.179946e+12 4.458218e+11 -2.584974e-01 6.965216e-01 6.693555e-01 0.000000e+00 1
2.229506e+09 -1.085201e+12 3.325475e+11 1.272719e-01 8.650733e-02 -9.880882e-01 0.000000e+00 1
-1.010103e+11 1.181255e+12 -6.439742e+11 2.606256e-02 -9.983639e-01 5.089391e-02 0.000000e+00 1
1.163899e+12 2.871002e+11 -5.504676e+11 2.750752e-01 9.083143e-01 3.151171e-01 0.000000e+00 1
3.119274e+11 4.205974e+11 -1.111839e+12 6.053079e-01 -6.758420e-01 -4.205234e-01 0.000000e+00 1
1.298423e+12 -8.582988e+11 -4.123347e+11 7.133615e-01 -2.867500e-01 -6.394450e-01 0.000000e+00 1
1.379402e+12 -4.862884e+11 6.186887e+11 7.575723e-01 -3.798719e-01 5.308310e-01 0.000000e+00 1
-1.687208e+10 -1.173614e+12 -4.199018e+10 -8.603192e-01 -3.687715e-01 3.519353e-01 0.000000e+00 1
7.588413e+11 -1.182129e+12 -6.920308e+11 -1.517248e-01 7.487029e-01 -6.453089e-01 0.000000e+00 1
-6.172162e+11 -3.870560e+10 -1.549929e+12 -6.074334e-01 -2.556321e-01 7.521149e-01 0.000000e+00 1
2.957360e+11 -1.099511e+11 5.237130e+11 4.045729e-01 1.735770e-01 8.978818e-01 0.000000e+00 1
1.576237e+12 1.561261e+11 5.691438e+11 1.097013e-01 2.018503e-01 -9.732534e-01 0.000000e+00 1
1.370026e+12 4.751088e+11 -8.404946e+11 -1.538518e-01 -2.815897e-01 9.471203e-01 0.000000e+00 1
-2.907933e+11 2.557825e+11 -1.384643e+12 4.635073e-01 -8.236062e-02 8.822572e-01 0.000000e+00 1
3.799018e+11 9.698788e+11 -1.485505e+11 -5.964254e-01 6.194106e-01 -5.104971e-01 0.000000e+00 1
8.862766e+11 2.103793e+11 -4.847207e+11 -5.574736e-01 -7.103259e-01 4.297213e-01 0.000000e+00 1
8.022997e+10 4.893006e+11 5.107803e+11 1.415329e-01 9.742679e-01 1.754153e-01 0.000000e+00 1
-6.900334e+11 1.312535e+12 -1.810479e+11 -9.054971e-01 3.144857e-01 -2.849100e-01 0.000000e+00 1
2.599235e+11 1.491209e+11 1.647260e+12 1.898073e-01 7.027777e-01 6.856214e-01 0.000000e+00 1
3.056694e+11 -5.156113e+10 -4.859070e+11 4.370900e-01 7.159063e-01 -5.444544e-01 0.000000e+00 1
-1.184582e+12 -4.708171e+11 4.826125e+10 -4.617346e-01 8.840605e-01 -7.237588e-02 0.000000e+00 1
5.890858e+11 -1.390198e+12 7.128704e+11 -3.193380e-01 -4.720401e-01 -8.217064e-01 0.000000e+00 1
-1.650076e+12 2.224543e+11 2.133625e+11 9.420157e-01 -2.210715e-01 2.524554e-01 0.000000e+00 1
6.248118e+11 -3.627333e+11 -3.354725e+11 -1.411756e-01 9.772972e-01 1.579859e-01 0.000000e+00 1
-8.766127e+11 -9.995948e+11 5.968108e+11 8.134748e-01 -1.207539e-01 -5.689264e-01 0.000000e+00 1
7.159901e+11 -8.386421e+11 -3.546152e+11 3.618828e-01 4.709260e-01 -8.045306e-01 0.000000e+00 1
1.455808e+12 -3.068639e+11 3.283925e+11 -9.739305e-01 -8.354252e-02 2.109031e-01 0.000000e+00 1
-9.835118e+11 1.244527e+12 -7.352571e+10 -6.962237e-03 -9.619945e-01 2.729802e-01 0.000000e+00 1
-3.677672e+11 -3.162510e+11 8.945820e+11 6.961759e-01 1.907470e-01 6.920656e-01 0.000000e+00 1
-1.024759e+12 1.090125e+12 2.907668e+11 5.754443e-01 -7.063225e-01 4.122772e-01 0.000000e+00 1
3.027686e+11 1.175367e+12 2.115778e+11 8.848194e-01 -4.656753e-01 -1.552754e-02 0.000000e+00 1
9.603367e+11 -9.188182e+11 5.426825e+10 -4.364492e-01 -3.557859e-01 8.263948e-01 0.000000e+00 1
-5.188327e+11 -2.155840e+10 6.242826e+11 4.919747e-01 5.406200e-01 -6.824155e-01 0.000000e+00 1
-6.447842e+11 -5.908241e+11 -1.308127e+12 7.427405e-02 -2.231639e-01 9.719471e-01 0.000000e+00 1
5.188747e+11 -1.364030e+12 -5.914122e+11 -5.620218e-01 3.656589e-01 -7.419064e-01 0.000000e+00 1
1.183722e+12 9.924701e+11 1.723012e+11 6.721212e-01 1.753253e-01 -7.193846e-01 0.000000e+00 1
1.045869e+12 4.271863e+11 -6.655027e+11 9.855108e-01 8.043456e-02 -1.493273e-01 0.000000e+00 1
6.683773e+11 5.141949e+11 6.439217e+11 7.190229e-01 -4.041802e-01 5.653711e-01 0.000000e+00 1
-1.394941e+12 2.236474e+11 3.872943e+11 -1.322036e-01 -9.745018e-01 -1.812964e-01 0.000000e+00 1
6.415894e+11 -8.012230e+11 -1.098048e+12 8.796614e-01 -3.297531e-01 3.427224e-01 0.000000e+00 1
-6.836734e+10 -1.216744e+12 -1.109927e+12 8.249018e-01 5.459479e-01 -1.465535e-01 0.000000e+00 1
-3.770745e+11 6.096044e+11 -1.891188e+11 7.876228e-01 -4.852882e-01 3.796651e-01 0.000000e+00 1
9.857793e+11 -2.877434e+11 -7.589229e+11 9.625638e-01 -1.080009e-01 -2.486095e-01 0.000000e+00 1
1.694363e+11 -7.567243e+11 -3.050075e+11 -2.881415e-03 7.865674e-01 -6.174977e-01 0.000000e+00 1
7.950059e+11 -5.652944e+11 -7.624613e+11 3.622762e-01 5.118423e-01 7.789566e-01 0.000000e+00 1
2.179758e+11 -6.025842e+11 -6.591321e+11 6.178573e-01 7.862230e-01 -1.028456e-02 0.000000e+00 1
1.477452e+12 -4.367350e+11 -2.118869e+11 1.770622e-01 -6.431280e-01 7.450070e-01 0.000000e+00 1
2.538397e+11 4.653509e+11 -1.530583e+11 6.854603e-01 3.236061e-02 -7.273905e-01 0.000000e+00 1
1.209928e+12 -4.194254e+10 -6.023789e+11 -3.964641e-02 -9.908543e-01 1.289799e-01 0.000000e+00 1
1.058192e+12 1.550021e+11 9.933460e+11 1.334528e-01 2.204294e-01 9.662304e-01 0.000000e+00 1
-6.617361e+11 7.603214e+11 1.288570e+12 -1.637956e-01 -7.729004e-01 -6.130220e-01 0.000000e+00 1
-6.454536e+11 1.091756e+12 -2.424147e+11 -9.765828e-01 6.123540e-02 -2.062431e-01 0.000000e+00 1
-1.193480e+12 -9.585588e+11 -5.583543e+11 6.005465e-01 9.062497e-02 -7.944375e-01 0.000000e+00 1
-1.691488e+11 -6.286989e+11 7.081955e+11 5.705297e-01 -5.456496e-01 -6.138097e-01 0.000000e+00 1
1.336510e+09 1.782221e+11 -5.600842e+11 -5.424286e-01 -2.424881e-01 -8.043449e-01 0.000000e+00 1
1.053564e+12 -6.507671e+11 -7.918437e+10 -8.288331e-01 5.122779e-01 2.249601e-01 0.000000e+00 1
-9.421246e+11 -1.055839e+11 -1.017240e+12 8.831342e-01 -3.853513e-01 -2.675414e-01 0.000000e+00 1
5.902253e+11 -1.176938e+12 -5.557841e+11 4.904013e-01 8.105961e-01 3.200633e-01 0.000000e+00 1
7.251993e+11 3.880298e+11 1.446102e+12 8.598498e-01 1.318893e-01 -4.932175e-01 0.000000e+00 1
-1.074256e+12 -7.410264e+11 8.539826e+11 -6.266785e-01 -3.349822e-01 7.036058e-01 0.000000e+00 1
3.881897e+10 -4.201799e+10 3.482594e+11 -1.238032e-01 -7.240301e-01 -6.785670e-01 0.000000e+00 1
-5.762405e+11 -1.166597e+12 -1.029704e+12 -9.875260e-01 1.564261e-01 1.798061e-02 0.000000e+00 1
-6.964633e+11 6.334702e+11 9.135043e+11 -6.912483e-01 6.609211e-01 2.921626e-01 0.000000e+00 1
1.418208e+12 7.845424e+11 -4.129090e+11 1.830723e-01 9.830913e-01 -4.002670e-03 0.000000e+00 1
4.917114e+11 1.494612e+12 5.795178e+11 1.362632e-01 -1.057203e-01 9.850155e-01 0.000000e+00 1
-4.855161e+11 -5.300709e+11 -3.211913e+11 -8.820500e-01 -1.297378e-01 -4.529414e-01 0.000000e+00 1
8.767591e+11 -3.211487e+11 8.533750e+11 -6.867538e-01 7.268895e-01 9.293275e-04 0.000000e+00 1
-2.042791e+11 -2.422927e+11 5.069428e+11 -8.897853e-02 9.096246e-01 -4.057904e-01 0.000000e+00 1
4.272953e+11 -5.374925e+11 1.204342e+11 -8.965647e-01 3.946823e-01 2.009917e-01 0.000000e+00 1
-1.123247e+12 3.449412e+11 -9.769032e+11 -4.036967e-01 7.902030e-01 -4.610945e-01 0.000000e+00 1
-8.677886e+11 -2.077088e+11 1.457984e+11 -9.406554e-01 7.680697e-02 3.305572e-01 0.000000e+00 1
7.990255e+11 1.023766e+12 5.732315e+11 -5.193917e-01 5.840538e-01 6.237896e-01 0.000000e+00 1
8.958325e+11 3.284086e+11 9.639305e+11 5.393632e-01 7.104280e-02 -8.390711e-01 0.000000e+00 1
-8.304315e+10 -5.894847e+11 -1.494811e+11 2.539449e-01 -5.301196e-01 -8.090026e-01 0.000000e+00 1
3.071672e+11 -7.895257e+11 -6.986253e+11 4.758335e-01 -8.791908e-01 -2.461827e-02 0.000000e+00 1
2.799332e+11 -8.012625e+11 -4.928004e+11 -9.469696e-01 -1.769353e-01 2.682211e-01 0.000000e+00 1
-1.218545e+12 7.486390e+11 -8.092055e+11 -9.536939e-01 1.776985e-01 -2.426752e-01 0.000000e+00 1
5.711462e+11 -7.212681e+11 -4.915841e+11 4.864315e-01 5.704223e-01 6.618178e-01 0.000000e+00 1
-5.951676e+11 1.137891e+12 4.298226e+11 9.746789e-01 2.547890e-02 -2.221527e-01 0.000000e+00 1
-1.296560e+12 8.391321e+11 5.974445e+11 1.148836e-01 7.832998e-01 -6.109363e-01 0.000000e+00 1
-5.759334e+11 3.905042e+11 -1.190893e+12 5.210758e-01 -3.365957e-01 7.843362e-01 0.000000e+00 1
7.869912e+11 1.362945e+12 4.870777e+11 -3.310642e-01 1.958126e-02 -9.434050e-01 0.000000e+00 1
1.089530e+12 1.568387e+11 8.300638e+11 -6.343318e-01 -7.464666e-01 2.010243e-01 0.000000e+00 1
-4.807989e+11 4.740627e+11 1.479913e+12 -2.386429e-01 3.334362e-01 -9.120690e-01 0.000000e+00 1
-6.003599e+11 -4.242071e+11 -1.427647e+12 -4.676597e-01 -1.040932e-01 8.777579e-01 0.000000e+00 1
-2.833821e+11 1.808624e+11 9.680390e+11 7.530443e-01 -4.194401e-01 -5.069461e-01 0.000000e+00 1
1.618963e+11 8.579882e+11 -9.527548e+11 3.698209e-01 9.259241e-01 -7.679195e-02 0.000000e+00 1
-9.514123e+11 1.230955e+12 5.555743e+11 4.995734e-01 7.489154e-02 8.630282e-01 0.000000e+00 1
-1.263007e+11 -1.028462e+12 -6.355895e+11 -8.016163e-01 -5.543075e-01 -2.239520e-01 0.000000e+00 1
1.950747e+11 -1.873344e+09 -1.400772e+11 4.780913e-01 -6.223886e-01 6.197267e-01 0.000000e+00 1
6.408157e+11 5.351150e+11 4.678427e+11 -8.944085e-01 -3.067683e-01 -3.254638e-01 0.000000e+00 1
-9.499927e+09 -1.228706e+12 -9.187588e+11 -8.154818e-01 -1.086050e-01 -5.685018e-01 0.000000e+00 1
2.135368e+11 -5.600310e+11 6.987520e+10 -3.416032e-01 -9.127247e-01 -2.241447e-01 0.000000e+00 1
-1.003477e+12 2.183812e+11 -9.933785e+11 3.645431e-01 -8.959990e-01 2.535628e-01 0.000000e+00 1
-1.158976e+12 9.403888e+11 5.530911e+11 -8.096881e-01 5.536357e-01 1.946606e-01 0.000000e+00 1
9.889067e+11 2.394286e+11 5.477778e+11 1.244348e-01 -9.443918e-01 3.043684e-01 0.000000e+00 1
-3.335798e+11 3.571435e+11 3.731833e+11 9.445038e-01 2.763898e-01 1.775422e-01 0.000000e+00 1
7.007663e+11 1.155398e+12 5.567391e+11 7.993566e-01 4.020568e-01 4.465192e-01 0.000000e+00 1
-2.044911e+11 7.817198e+11 -1.355268e+12 3.053217e-01 -5.933104e-01 -7.448231e-01 0.000000e+00 1
-4.189616e+11 2.732301e+11 -1.037075e+12 -4.462406e-01 8.941600e-01 -3.670526e-02 0.000000e+00 1
-6.410585e+11 1.994702e+10 9.423699e+11 2.082974e-01 8.968906e-01 3.901275e-01 0.000000e+00 1
1.499621e+12 -4.463463e+11 6.367893e+11 7.685075e-01 -9.111969e-02 -6.333194e-01 0.000000e+00 1
-8.424585e+11 1.152477e+12 6.605606e+11 -5.118864e-01 1.791319e-01 -8.401691e-01 0.000000e+00 1
3.118864e+11 -6.638189e+11 -6.852719e+11 9.817601e-01 1.901160e-01 -1.765143e-03 0.000000e+00 1
6.827159e+11 -1.070961e+10 1.475868e+12 7.248302e-01 3.552321e-02 6.880111e-01 0.000000e+00 1
-4.308538e+11 1.247758e+12 -5.687619e+11 1.699693e-01 -5.264512e-01 8.330424e-01 0.000000e+00 1
-3.184829e+11 -5.849217e+11 -9.080478e+11 -8.462427e-01 4.534075e-01 -2.798122e-01 0.000000e+00 1
5.487106e+11 -7.058096e+11 -4.270117e+10 2.632126e-02 7.082725e-01 -7.054483e-01 0.000000e+00 1
-5.032167e+11 1.085124e+12 5.503618e+11 -4.117054e-01 9.067341e-01 9.127971e-02 0.000000e+00 1
9.367418e+11 -5.554378e+11 -1.920909e+11 -9.067989e-01 3.644797e-01 -2.118262e-01 0.000000e+00 1
3.162736e+11 -1.415626e+12 8.634254e+11 7.819160e-01 -3.858082e-01 -4.896523e-01 0.000000e+00 1
-1.689148e+11 -4.028691e+11 9.870874e+11 3.456718e-01 8.419717e-01 4.142398e-01 0.000000e+00 1
-1.380207e+12 2.313350e+11 2.107356e+11 8.126100e-01 -3.153559e-01 -4.901180e-01 0.000000e+00 1
-1.123353e+12 1.711427e+11 1.789875e+11 4.293445e-01 -2.467444e-01 8.687810e-01 0.000000e+00 1
8.546043e+11 9.363315e+11 -6.599147e+11 3.059174e-01 -7.902887e-01 -5.309034e-01 0.000000e+00 1
-1.024727e+12 -4.685063e+11 1.940144e+11 -2.280866e-01 5.889669e-01 -7.753028e-01 0.000000e+00 1
1.083909e+12 -7.981880e+10 -9.554602e+11 -3.338995e-01 -2.778224e-01 -9.007363e-01 0.000000e+00 1
1.048867e+12 8.318106e+11 3.161263e+11 -6.599971e-01 1.920858e-01 -7.262967e-01 0.000000e+00 1
-1.602342e+11 5.982735e+11 9.361235e+11 2.443806e-02 -1.531619e-01 -9.878989e-01 0.000000e+00 1
-8.698511e+11 -1.515633e+11 4.523851e+11 3.581640e-01 -2.992702e-01 8.843958e-01 0.000000e+00 1
9.379445e+11 -3.137218e+11 7.492580e+10 9.444143e-01 -3.277709e-01 -2.545279e-02 0.000000e+00 1
-1.901646e+11 5.097102e+11 -7.277362e+11 6.882436e-01 -9.252227e-03 7.254206e-01 0.000000e+00 1
2.745769e+11 1.071753e+12 -1.140281e+11 -5.238772e-01 8.409193e-01 1.356738e-01 0.000000e+00 1
6.563209e+11 7.626012e+11 -5.903420e+11 6.679878e-01 -7.053337e-01 -2.372692e-01 0.000000e+00 1
-2.015437e+11 -1.057865e+12 2.087309e+11 3.458292e-01 -8.051392e-01 -4.818226e-01 0.000000e+00 1
8.547498e+11 4.031327e+10 -2.958889e+11 -5.829518e-01 -7.957750e-01 -1.640409e-01 0.000000e+00 1
2.863423e+11 4.490094e+11 -8.309313e+11 -8.438995e-01 8.404525e-02 -5.298773e-01 0.000000e+00 1
2.601764e+11 5.793056e+11 7.347772e+11 -8.361939e-01 -4.822646e-01 2.611525e-01 0.000000e+00 1
2.937003e+11 4.900585e+11 1.987999e+11 -8.421571e-01 5.267559e-01 1.153245e-01 0.000000e+00 1
-6.754902e+11 -9.561451e+10 1.545999e+12 -9.493176e-01 2.696449e-01 1.615172e-01 0.000000e+00 1
-8.529394e+09 -5.484154e+11 1.077801e+12 9.918141e-01 5.845920e-03 1.275563e-01 0.000000e+00 1
5.619875e+11 -9.850021e+11 -1.192032e+12 -4.516413e-01 3.890384e-01 -8.029130e-01 0.000000e+00 1
-3.677418e+11 -8.878607e+11 6.694499e+11 -2.271077e-01 -5.496899e-01 8.039049e-01 0.000000e+00 1
3.185181e+11 3.593753e+11 3.017942e+11 7.831656e-01 -1.501316e-01 -6.034171e-01 0.000000e+00 1
-4.806679e+11 3.932825e+11 6.230981e+11 9.962650e-01 4.662020e-02 -7.268137e-02 0.000000e+00 1
-6.975399e+10 1.147319e+12 -1.437861e+10 -6.975592e-01 -5.862324e-01 4.119985e-01 0.000000e+00 1
-4.820013e+11 1.119716e+11 -2.266355e+11 -7.028280e-01 5.403256e-01 4.626888e-01 0.000000e+00 1
-1.218795e+12 -8.725156e+11 -4.780099e+11 2.757464e-01 9.477579e-01 1.603711e-01 0.000000e+00 1
5.092668e+11 -1.743617e+11 -4.353137e+11 -5.127994e-01 8.189271e-01 -2.576727e-01 0.000000e+00 1
-9.750135e+11 -8.544100e+11 1.568475e+11 -8.421903e-01 -5.903096e-02 5.359392e-01 0.000000e+00 1
2.393029e+11 -6.683600e+11 -5.966160e+11 1.794708e-02 9.361185e-01 -3.512264e-01 0.000000e+00 1
-7.906652e+11 3.657041e+11 -3.480549e+10 -1.626907e-01 -1.208408e-02 -9.866031e-01 0.000000e+00 1
-2.300544e+10 1.298298e+11 -7.316104e+11 7.121564e-01 -4.369355e-01 5.494730e-01 0.000000e+00 1
8.965386e+10 7.603203e+11 8.389224e+11 -8.945008e-01 -3.788638e-01 -2.373404e-01 0.000000e+00 1
-1.068040e+12 4.138073e+11 6.900129e+11 -7.064631e-01 5.747295e-01 4.130326e-01 0.000000e+00 1
-1.531833e+12 -2.004889e+11 -1.131028e+11 9.185044e-01 1.245661e-02 -3.952144e-01 0.000000e+00 1
-7.458145e+11 -7.343983e+11 1.275360e+12 -8.644680e-01 3.648769e-01 3.457743e-01 0.000000e+00 1
2.223856e+10 1.425230e+12 -5.275444e+11 2.768772e-01 9.592955e-01 5.559845e-02 0.000000e+00 1
6.630508e+11 -3.951428e+11 3.179430e+11 6.552411e-01 6.186955e-01 -4.334455e-01 0.000000e+00 1
3.967413e+11 -5.676718e+11 -3.615928e+11 -1.076029e-01 -9.919386e-01 -6.692907e-02 0.000000e+00 1
-6.970203e+11 4.352171e+11 -9.009488e+11 4.616385e-01 -4.318668e-01 -7.748426e-01 0.000000e+00 1
-6.271525e+11 -6.355787e+11 -1.278583e+11 -7.743898e-01 -2.653254e-01 5.743891e-01 0.000000e+00 1
9.788389e+11 -1.056726e+12 -2.161898e+11 3.621464e-02 8.287820e-01 5.583985e-01 0.000000e+00 1
-7.453265e+09 -2.708668e+11 -1.426387e+12 8.591105e-01 2.730350e-01 4.328753e-01 0.000000e+00 1
7.078930e+11 -5.609994e+07 -1.035690e+12 4.984599e-01 -5.891185e-01 6.359851e-01 0.000000e+00 1
-1.324670e+11 -2.183804e+11 -1.716287e+11 -6.891860e-01 5.357176e-01 -4.878825e-01 0.000000e+00 1
-8.203496e+11 1.392245e+12 -9.215447e+10 7.553211e-02 7.343340e-01 6.745728e-01 0.000000e+00 1
3.238837e+11 4.059832e+11 9.373839e+11 -9.496410e-01 2.183081e-02 3.125786e-01 0.000000e+00 1
1.267136e+12 9.713853e+11 -1.182784e+11 -6.261184e-01 -7.467090e-01 2.245025e-01 0.000000e+00 1
2.510119e+11 1.395725e+12 8.042003e+11 1.919665e-01 -5.993436e-01 -7.771333e-01 0.000000e+00 1
-3.839073e+11 -3.427368e+10 7.197928e+11 9.513166e-01 1.869962e-01 2.450086e-01 0.000000e+00 1
-2.422485e+11 1.425248e+12 -8.540272e+11 3.339821e-01 -4.673930e-01 -8.185351e-01 0.000000e+00 1
-8.576024e+11 3.597474e+11 6.587019e+11 2.386251e-01 7.152409e-01 -6.568779e-01 0.000000e+00 1
-9.005111e+11 6.904290e+11 -5.361443e+11 3.003180e-01 -6.692130e-01 -6.796787e-01 0.000000e+00 1
9.824854e+10 3.576373e+11 7.950980e+11 5.517795e-01 3.365976e-02 8.333105e-01 0.000000e+00 1
9.718323e+11 -8.402880e+11 8.531203e+10 -4.530188e-01 -8.892936e-01 6.269667e-02 0.000000e+00 1
-7.520369e+11 3.295335e+11 -3.245184e+11 -7.137403e-01 6.730670e-01 -1.937926e-01 0.000000e+00 1
9.644241e+11 1.011319e+12 5.980541e+10 -9.365070e-01 1.664113e-01 3.086454e-01 0.000000e+00 1
-1.104382e+12 -9.152342e+11 2.410444e+11 6.016778e-01 -5.800086e-01 -5.491573e-01 0.000000e+00 1
-1.173990e+12 5.817508e+11 9.294038e+11 3.001037e-01 -8.351139e-01 -4.610016e-01 0.000000e+00 1
9.191854e+11 2.138145e+11 -1.371459e+11 -1.094444e-01 -6.582311e-01 7.448179e-01 0.000000e+00 1
8.449034e+11 2.482590e+10 -1.463139e+12 -9.257140e-01 -3.259802e-01 1.918083e-01 0.000000e+00 1
3.842702e+11 1.121784e+11 -9.651530e+11 -9.347618e-03 5.151061e-01 8.570754e-01 0.000000e+00 1
9.403453e+11 -6.252628e+11 2.142381e+11 -3.831134e-01 2.582199e-02 -9.233403e-01 0.000000e+00 1
1.015134e+12 -7.929066e+11 -4.247728e+10 9.110410e-01 -4.041189e-01 -8.180630e-02 0.000000e+00 1
7.256016e+10 -2.810493e+11 -6.736885e+11 8.943597e-02 9.025664e-01 4.211592e-01 0.000000e+00 1
1.545127e+12 -4.083932e+11 9.688027e+10 3.050616e-01 -7.679390e-01 5.632114e-01 0.000000e+00 1
-1.358050e+12 3.244306e+11 -2.709199e+10 5.497382e-01 -7.435135e-01 3.807567e-01 0.000000e+00 1
-1.920251e+11 -5.095185e+11 1.111502e+12 7.918487e-02 6.559940e-01 -7.506009e-01 0.000000e+00 1
-7.042016e+11 -3.565371e+11 -6.155436e+11 -2.324653e-01 -9.726031e-01 -1.776130e-03 0.000000e+00 1
5.826474e+11 3.209693e+11 -9.235165e+11 -2.303186e-01 8.985093e-01 3.736768e-01 0.000000e+00 1
6.783795e+11 9.127177e+11 -1.073324e+12 3.855685e-01 -8.196628e-01 -4.236624e-01 0.000000e+00 1
-2.017218e+11 -9.504587e+11 6.003682e+11 8.697800e-01 -4.072751e-01 2.785851e-01 0.000000e+00 1
1.006531e+12 -1.020842e+12 -7.876703e+11 -3.175779e-01 5.634122e-01 7.626998e-01 0.000000e+00 1
1.052924e+12 -4.919789e+11 4.738293e+11 1.617186e-01 9.355988e-01 -3.138502e-01 0.000000e+00 1
3.050836e+11 2.816569e+11 -1.598739e+12 1.035470e-01 9.917798e-01 7.517204e-02 0.000000e+00 1
-8.647278e+11 -4.644352e+11 3.121806e+10 -6.581817e-01 -7.376513e-01 1.505570e-01 0.000000e+00 1
-1.222250e+12 3.329217e+11 5.771549e+11 3.161738e-01 -9.027358e-01 2.917227e-01 0.000000e+00 1
-1.437829e+12 4.548419e+11 -1.327740e+11 2.493759e-01 -3.773194e-01 8.918754e-01 0.000000e+00 1
7.634082e+11 -7.467094e+11 2.951478e+11 -2.181276e-01 -2.446699e-01 9.447523e-01 0.000000e+00 1
-2.735067e+11 -7.196574e+11 -1.129973e+12 -3.219246e-01 6.028675e-01 7.300105e-01 0.000000e+00 1
1.494391e+12 7.279789e+08 9.169405e+10 7.122566e-01 -2.948161e-01 -6.370039e-01 0.000000e+00 1
8.541629e+09 -7.938345e+11 1.078716e+12 -8.967786e-01 -3.935392e-01 2.022749e-01 0.000000e+00 1
-1.431909e+12 -8.252280e+11 2.356733e+11 2.244374e-01 8.227177e-01 5.222676e-01 0.000000e+00 1
1.494062e+12 9.912555e+10 -5.811285e+11 2.204288e-01 1.325321e-01 -9.663573e-01 0.000000e+00 1
3.767513e+10 -7.917882e+11 -1.228748e+12 -1.335530e-01 -8.877337e-01 4.405592e-01 0.000000e+00 1
-8.363774e+11 4.030547e+11 1.382362e+11 -4.204271e-01 -8.643894e-01 2.758114e-01 0.000000e+00 1
-4.222746e+11 -8.145542e+11 -1.741577e+10 -4.747415e-01 3.631612e-01 8.017072e-01 0.000000e+00 1
1.227543e+12 -7.934025e+11 8.295900e+10 -2.136135e-01 -6.395519e-02 9.748225e-01 0.000000e+00 1
1.606140e+12 3.203481e+11 -1.197656e+11 -5.486278e-01 -2.376751e-01 8.015723e-01 0.000000e+00 1
-3.170519e+11 -8.398604e+11 -8.229342e+11 1.450513e-01 9.433166e-01 -2.985194e-01 0.000000e+00 1
3.998950e+11 -1.458622e+12 -4.544609e+11 -3.267103e-01 -8.608625e-01 3.900976e-01 0.000000e+00 1
-5.331241e+11 6.705308e+11 -3.736609e+11 -2.556258e-01 -3.970172e-02 -9.659603e-01 0.000000e+00 1
-2.409102e+11 1.517352e+11 1.217364e+12 -2.106736e-01 -8.892350e-01 4.060515e-01 0.000000e+00 1
9.310296e+11 4.255780e+10 -1.363778e+12 9.103477e-01 2.780619e-01 3.065103e-01 0.000000e+00 1
-4.407521e+11 1.203225e+12 1.128116e+11 8.330503e-01 -3.131767e-01 -4.560126e-01 0.000000e+00 1
4.245756e+11 1.377851e+12 4.832050e+11 5.089091e-01 -2.620195e-01 8.199740e-01 0.000000e+00 1
-8.891568e+11 1.285450e+12 5.542698e+11 4.907112e-02 -9.183805e-01 -3.926439e-01 0.000000e+00 1
-6.423330e+11 -6.623664e+11 -7.682454e+11 1.922282e-01 -3.559476e-01 9.145215e-01 0.000000e+00 1
-1.012685e+12 -7.260350e+11 1.104015e+12 5.042062e-01 3.598368e-02 8.628333e-01 0.000000e+00 1
3.431401e+11 -4.883974e+11 1.272311e+12 -2.246676e-02 9.983294e-01 -5.323194e-02 0.000000e+00 1
8.088094e+11 9.769337e+11 9.455408e+11 2.960631e-01 2.884188e-01 9.105829e-01 0.000000e+00 1
1.903956e+11 -2.722040e+11 -5.901717e+11 7.859910e-01 -2.334889e-01 5.724518e-01 0.000000e+00 1
7.875322e+11 9.549626e+11 2.475553e+11 6.171352e-01 -7.627730e-01 1.931875e-01 0.000000e+00 1
-9.881492e+11 -1.228312e+12 -4.364239e+11 8.558271e-01 2.687698e-01 4.419534e-01 0.000000e+00 1
-3.516271e+11 -2.066268e+10 -1.358610e+12 -7.801203e-01 -2.208784e-01 -5.853418e-01 0.000000e+00 1
6.217371e+11 7.678074e+11 -7.242111e+11 9.528362e-01 3.015216e-01 3.446507e-02 0.000000e+00 1
-8.846850e+11 8.146773e+11 3.687846e+11 2.944997e-01 -9.511525e-01 9.262232e-02 0.000000e+00 1
1.002933e+12 -2.711334e+11 -9.827139e+11 -4.639746e-01 6.011435e-01 -6.506567e-01 0.000000e+00 1
-3.402623e+11 -7.405012e+11 4.589122e+10 -8.904231e-01 1.512671e-01 -4.292610e-01 0.000000e+00 1
-1.007512e+12 -1.098770e+12 -3.948427e+11 8.071685e-01 -4.956870e-01 3.205831e-01 0.000000e+00 1
-3.481250e+11 1.122464e+12 9.140397e+10 -2.018319e-01 1.245959e-01 -9.714627e-01 0.000000e+00 1
-1.831061e+11 9.267630e+11 2.383524e+11 1.848170e-01 7.426843e-01 6.436324e-01 0.000000e+00 1
-1.179669e+12 -3.746729e+11 5.945146e+11 3.568152e-01 2.112998e-01 -9.099645e-01 0.000000e+00 1
3.471762e+11 -1.183231e+12 1.983231e+11 1.700534e-01 -1.273379e-01 -9.771729e-01 0.000000e+00 1
5.357480e+11 -3.820644e+11 -1.280467e+12 -7.706014e-01 -6.096871e-01 -1.856210e-01 0.000000e+00 1
2.707675e+11 6.682664e+11 -6.564906e+11 -7.073141e-01 6.538197e-01 2.687500e-01 0.000000e+00 1
8.708284e+11 -2.382383e+11 -1.222385e+12 3.914693e-01 -5.922440e-01 -7.042719e-01 0.000000e+00 1
-1.502065e+12 -6.648380e+10 -4.861350e+11 4.994193e-01 8.557303e-01 1.352998e-01 0.000000e+00 1
-9.917511e+09 5.942083e+11 4.718374e+11 -5.726866e-01 5.022090e-01 6.479322e-01 0.000000e+00 1
-4.569716e+10 4.347230e+11 -5.691293e+11 -2.506569e-01 -8.442422e-01 4.737365e-01 0.000000e+00 1
-6.404287e+11 -1.095538e+12 6.638170e+11 4.607362e-01 3.674294e-01 8.079095e-01 0.000000e+00 1
1.531669e+11 1.054520e+12 -3.661822e+11 3.979413e-01 6.766617e-01 6.194931e-01 0.000000e+00 1
1.872784e+11 1.283873e+11 1.498297e+12 -1.406160e-01 8.568178e-02 -9.863497e-01 0.000000e+00 1
1.918586e+11 7.591012e+11 -1.637183e+11 -9.841867e-01 -2.893530e-02 1.747549e-01 0.000000e+00 1
4.229551e+11 -5.287603e+10 1.351417e+12 3.033466e-01 -9.413787e-01 -1.476043e-01 0.000000e+00 1
9.044572e+11 -8.350603e+10 -1.152145e+12 -2.448392e-01 -8.015082e-01 -5.455625e-01 0.000000e+00 1
-7.238278e+11 -1.244645e+12 -7.015532e+11 -8.393835e-01 4.599792e-01 2.895765e-01 0.000000e+00 1
3.565654e+11 -8.703216e+11 -4.426983e+11 7.135051e-01 -3.380004e-01 -6.137314e-01 0.000000e+00 1
-5.829563e+11 -5.519658e+11 9.860233e+11 -4.098516e-01 -1.712090e-01 8.959404e-01 0.000000e+00 1
-9.141930e+11 -4.057886e+11 -9.849840e+11 3.370424e-01 2.630606e-02 9.411219e-01 0.000000e+00 1
-2.001469e+11 -6.084419e+11 -6.274745e+11 9.283669e-01 1.796059e-01 3.253868e-01 0.000000e+00 1
4.158089e+11 -5.891051e+11 4.549411e+11 7.322329e-01 6.706785e-01 -1.184284e-01 0.000000e+00 1
1.136654e+11 -7.507415e+11 3.911351e+11 4.700144e-01 8.644076e-01 -1.785662e-01 0.000000e+00 1
4.048054e+11 -7.841669e+11 -5.147944e+11 -1.126909e-01 9.042479e-01 -4.118696e-01 0.000000e+00 1
9.136252e+11 1.055302e+12 2.673969e+11 5.745471e-01 -6.141662e-01 5.410135e-01 0.000000e+00 1
8.383759e+11 -5.129186e+11 -1.058116e+12 5.284566e-02 1.156871e-01 9.918789e-01 0.000000e+00 1
1.200702e+12 6.816339e+11 3.681423e+10 -1.150122e-01 7.804121e-01 6.145968e-01 0.000000e+00 1
2.561910e+11 -1.412723e+12 2.503118e+11 7.137211e-01 -5.526258e-01 -4.303568e-01 0.000000e+00 1
-8.943492e+11 8.319363e+11 1.093546e+12 -1.459189e-01 7.473967e-01 6.481558e-01 0.000000e+00 1
9.951820e+11 8.844140e+11 -8.726121e+11 -1.314334e-01 7.354827e-02 -9.885929e-01 0.000000e+00 1
-7.815398e+11 7.908969e+11 -7.087874e+11 -9.038815e-01 1.718643e-01 3.917407e-01 0.000000e+00 1
-6.708746e+11 1.187022e+12 8.408055e+11 2.098477e-01 -4.324269e-01 8.769099e-01 0.000000e+00 1
-5.291370e+11 1.533575e+12 -4.881743e+11 -8.144766e-02 -7.717217e-01 6.307233e-01 0.000000e+00 1
-1.461723e+11 2.082119e+11 1.262285e+11 1.325928e-01 -8.637688e-01 -4.861303e-01 0.000000e+00 1
1.974352e+11 -1.009245e+12 -4.848734e+11 2.579298e-01 2.810926e-01 9.243696e-01 0.000000e+00 1
1.244565e+12 -1.671990e+11 -5.522484e+11 9.635205e-02 5.406552e-01 -8.357083e-01 0.000000e+00 1
-1.374456e+12 -8.182894e+11 1.062904e+11 -1.310303e-01 9.855986e-01 1.068947e-01 0.000000e+00 1
2.209337e+11 -9.899393e+11 1.885545e+11 -2.367692e-01 -6.213391e-01 7.469123e-01 0.000000e+00 1
1.069251e+12 -5.914772e+11 2.015355e+11 9.932491e-01 -9.255918e-02 -6.992125e-02 0.000000e+00 1
-1.362580e+12 -2.150917e+11 -9.389641e+11 5.664242e-01 -6.335133e-02 8.216753e-01 0.000000e+00 1
-7.689624e+11 -2.451697e+11 1.484645e+12 1.072862e-01 -5.110040e-01 8.528567e-01 0.000000e+00 1
-8.635388e+11 -8.022401e+11 -1.162612e+12 -8.566641e-01 -4.793791e-01 -1.905842e-01 0.000000e+00 1
5.938395e+11 8.620345e+11 4.706827e+11 7.375267e-01 -6.011663e-01 -3.076582e-01 0.000000e+00 1
2.569060e+11 -5.249216e+11 -2.630832e+11 3.435375e-01 3.292330e-01 8.795383e-01 0.000000e+00 1
-8.487909e+11 -7.518803e+11 1.016714e+11 -7.364325e-01 -1.785026e-01 -6.525366e-01 0.000000e+00 1
-7.921235e+11 -7.313518e+11 -1.014975e+12 -9.549565e-01 2.435801e-01 1.694898e-01 0.000000e+00 1
-1.805702e+10 2.502776e+11 1.732206e+10 -7.433090e-01 1.423069e-01 6.536363e-01 0.000000e+00 1
3.008432e+11 -9.143955e+11 -9.315949e+11 7.163921e-01 -6.513549e-01 -2.500382e-01 0.000000e+00 1
-5.685862e+11 5.770409e+11 3.476843e+11 -9.901455e-02 3.126756e-01 9.446852e-01 0.000000e+00 1
1.692452e+11 9.936738e+11 4.465881e+11 3.010252e-01 -7.652621e-01 -5.689971e-01 0.000000e+00 1
8.647418e+10 1.146664e+12 -5.607854e+10 6.348906e-01 -6.012318e-01 4.852156e-01 0.000000e+00 1
-4.180352e+11 1.071931e+12 1.051747e+11 -4.844004e-01 -4.862696e-01 7.272538e-01 0.000000e+00 1
-5.382463e+11 1.234618e+11 -1.556658e+12 5.741093e-01 -6.236064e-01 5.305786e-01 0.000000e+00 1
-4.853576e+11 6.282671e+11 -4.015566e+11 5.787482e-01 6.762504e-01 -4.557805e-01 0.000000e+00 1
-3.906531e+11 -1.109079e+12 -1.199719e+12 -4.933043e-01 -2.039859e-01 8.456008e-01 0.000000e+00 1
1.087396e+12 6.669199e+11 5.580744e+11 7.591897e-01 -5.502497e-01 -3.476440e-01 0.000000e+00 1
-1.220109e+12 -5.078730e+11 -5.707653e+11 2.508428e-01 5.183829e-01 -8.175311e-01 0.000000e+00 1
1.369859e+12 8.581914e+11 -5.091055e+10 2.010825e-01 -5.307506e-01 -8.233284e-01 0.000000e+00 1
-9.669458e+11 -2.873407e+11 3.238223e+11 -8.213554e-01 4.024425e-01 4.042466e-01 0.000000e+00 1
8.902969e+11 8.174331e+11 2.144451e+11 -6.239099e-02 8.512517e-01 5.210355e-01 0.000000e+00 1
-9.712278e+11 1.172742e+12 7.364179e+11 9.626012e-01 2.692181e-01 -3.034139e-02 0.000000e+00 1
4.748521e+11 1.215070e+12 -8.756212e+11 2.633057e-01 -9.646967e-01 5.511810e-03 0.000000e+00 1
-2.081140e+11 -3.760248e+10 1.569658e+12 -8.172610e-01 -3.395324e-01 4.656203e-01 0.000000e+00 1
7.014166e+11 -1.387027e+12 -6.722371e+11 4.855756e-01 -4.828425e-01 7.287520e-01 0.000000e+00 1
1.438273e+11 -5.659507e+11 -7.092978e+11 4.153827e-01 -3.270771e-01 8.488097e-01 0.000000e+00 1
-1.284179e+12 1.030970e+12 -2.842057e+11 -6.062643e-01 -7.948655e-01 2.514819e-02 0.000000e+00 1
-1.039602e+12 -3.737294e+11 -7.517559e+11 6.051854e-02 9.898186e-01 1.288281e-01 0.000000e+00 1
1.153363e+12 5.505030e+10 7.271984e+11 -7.951295e-01 -3.993738e-01 4.563658e-01 0.000000e+00 1
-4.274128e+11 -8.631033e+11 1.389428e+12 7.656885e-02 -4.694990e-01 -8.796067e-01 0.000000e+00 1
5.286398e+11 7.621266e+11 -1.268914e+12 -5.727759e-01 7.377029e-01 -3.573826e-01 0.000000e+00 1
1.162953e+12 2.854818e+10 4.618417e+10 -5.718981e-01 6.459119e-01 5.056980e-01 0.000000e+00 1
4.209899e+11 -6.586570e+11 1.251889e+12 5.441893e-01 8.381309e-01 3.734393e-02 0.000000e+00 1
2.845778e+11 -8.090351e+10 -1.536170e+12 -3.848655e-01 -9.228102e-01 -1.731793e-02 0.000000e+00 1
4.756189e+11 6.730958e+11 -3.480619e+11 -9.370820e-01 -3.489139e-01 1.168207e-02 0.000000e+00 1
1.266644e+11 -1.140958e+12 8.261885e+11 7.111841e-01 -6.951582e-01 1.047484e-01 0.000000e+00 1
-5.374760e+11 -5.343914e+11 -3.841358e+11 3.520738e-01 -9.160416e-01 -1.921242e-01 0.000000e+00 1
4.613960e+11 1.200377e+11 -6.060173e+11 2.430818e-01 2.781503e-01 -9.292705e-01 0.000000e+00 1
4.224325e+11 -3.434846e+11 -1.103904e+12 1.963923e-01 -4.233212e-01 8.844372e-01 0.000000e+00 1
-8.320799e+11 -1.144895e+12 8.451167e+11 4.972374e-01 2.756360e-01 8.226662e-01 0.000000e+00 1
-1.063388e+12 2.319048e+11 3.976422e+11 -7.023188e-01 6.933216e-01 1.614106e-01 0.000000e+00 1
-8.840116e+11 -7.707400e+11 -2.252766e+11 6.383412e-01 -1.524345e-01 7.545093e-01 0.000000e+00 1
-2.486516e+11 1.067815e+12 7.472657e+11 7.731397e-02 -8.978459e-01 -4.334689e-01 0.000000e+00 1
2.976807e+11 6.428760e+11 1.055300e+12 -5.600361e-01 3.734825e-01 -7.395069e-01 0.000000e+00 1
4.400828e+10 -6.807054e+11 5.612939e+11 9.046113e-02 2.214330e-01 -9.709708e-01 0.000000e+00 1
-4.964129e+11 6.962949e+11 9.056953e+11 -2.298885e-01 7.861515e-01 -5.736873e-01 0.000000e+00 1
8.287406e+11 6.268570e+10 -1.165239e+12 -6.215459e-02 -4.902490e-01 -8.693634e-01 0.000000e+00 1
1.532404e+12 1.793337e+10 -1.574515e+11 1.810566e-01 8.329417e-01 5.229021e-01 0.000000e+00 1
-6.235666e+11 1.092829e+12 9.920685e+11 -1.419698e-01 4.070030e-01 9.023265e-01 0.000000e+00 1
-9.638194e+11 -3.419329e+11 1.084814e+12 9.942194e-01 1.069907e-01 8.992143e-03 0.000000e+00 1
-4.587056e+11 -2.163238e+11 -1.600494e+12 3.445092e-01 -8.121551e-01 -4.708689e-01 0.000000e+00 1
-2.481579e+11 5.449442e+10 8.286238e+10 -2.121679e-01 -7.690801e-01 6.029101e-01 0.000000e+00 1
3.684516e+10 6.916753e+11 -1.111906e+12 6.812679e-01 1.315600e-01 7.201153e-01 0.000000e+00 1
-8.338215e+11 -3.049113e+11 -2.988212e+11 -9.836705e-01 1.645938e-02 -1.792247e-01 0.000000e+00 1
-6.215669e+11 1.539176e+11 8.894673e+10 1.482428e-01 -3.607814e-01 -9.207936e-01 0.000000e+00 1
-1.225485e+12 4.563815e+11 4.350519e+11 -9.514750e-02 -9.622942e-01 2.548272e-01 0.000000e+00 1
1.328019e+12 -2.727258e+10 -9.572523e+11 -2.045868e-01 -6.947178e-01 -6.895734e-01 0.000000e+00 1
-1.413755e+12 -1.812024e+11 5.937726e+11 7.564077e-01 -5.511271e-01 3.522874e-01 0.000000e+00 1
-1.227307e+12 -3.688664e+10 -5.572205e+11 -1.538545e-01 -8.713766e-01 4.658665e-01 0.000000e+00 1
-1.018703e+12 3.837786e+11 -3.074761e+11 -3.601163e-01 7.694019e-01 -5.275765e-01 0.000000e+00 1
2.399433e+11 4.586121e+11 2.353907e+10 -4.246937e-01 7.882869e-01 4.452404e-01 0.000000e+00 1
-1.353205e+12 4.657716e+11 1.443833e+11 4.138278e-01 -7.544509e-01 -5.094609e-01 0.000000e+00 1
7.683164e+11 -1.223230e+12 5.114845e+11 -4.258578e-01 -4.947036e-01 -7.575708e-01 0.000000e+00 1
1.133686e+12 -2.980900e+11 -3.396456e+11 9.337107e-01 -3.141959e-01 1.716544e-01 0.000000e+00 1
6.124014e+11 -5.561898e+11 1.310783e+12 7.865386e-01 -3.208236e-01 -5.276640e-01 0.000000e+00 1
-3.980222e+11 7.144214e+11 5.574881e+11 4.972916e-01 6.138887e-01 -6.130593e-01 0.000000e+00 1
9.431527e+11 -7.299469e+11 -6.876849e+11 6.734453e-01 -4.131935e-01 6.129784e-01 0.000000e+00 1
-1.462986e+12 -1.131877e+11 -1.417030e+11 3.096761e-01 -8.263703e-01 -4.703327e-01 0.000000e+00 1
1.317976e+11 -3.047769e+11 1.188654e+12 5.285468e-01 3.656049e-01 7.661405e-01 0.000000e+00 1
-2.000024e+10 -9.419010e+11 -3.369234e+11 -5.912029e-01 -7.953596e-01 1.337246e-01 0.000000e+00 1
6.068372e+11 1.053447e+12 5.196640e+11 -7.779291e-01 6.252825e-01 -6.203323e-02 0.000000e+00 1
1.199998e+12 -5.827345e+11 4.112951e+11 6.955381e-01 -1.010194e-01 -7.113521e-01 0.000000e+00 1
2.664672e+11 9.933034e+09 1.285072e+12 -8.138791e-01 1.903179e-01 5.489808e-01 0.000000e+00 1
-3.493297e+10 -2.776044e+11 5.704351e+11 7.050804e-02 -5.439249e-01 8.361664e-01 0.000000e+00 1
-7.956988e+11 8.059262e+11 -7.352199e+11 3.494910e-01 -6.549967e-01 6.699518e-01 0.000000e+00 1
7.232185e+10 4.918666e+10 1.053443e+12 -1.311061e-01 -9.187085e-01 -3.725399e-01 0.000000e+00 1
-8.657622e+11 3.081713e+11 1.329319e+12 -2.752690e-01 -8.494019e-02 9.576075e-01 0.000000e+00 1
-6.956302e+10 5.024081e+11 3.020612e+11 6.676497e-01 -2.499259e-01 -7.012709e-01 0.000000e+00 1
-1.805849e+10 6.255119e+11 1.542147e+12 1.233178e-01 6.118918e-01 -7.812690e-01 0.000000e+00 1
1.325053e+12 -8.205413e+11 4.379704e+11 5.168425e-01 8.476091e-01 -1.201356e-01 0.000000e+00 1
2.655000e+11 1.598312e+11 -6.673689e+11 -8.646488e-01 -3.529858e-01 3.574683e-01 0.000000e+00 1
6.671895e+11 -2.219714e+11 -1.514279e+12 2.219973e-01 7.391042e-01 6.359577e-01 0.000000e+00 1
5.318722e+11 -1.702104e+11 6.622213e+11 5.730892e-01 3.952810e-01 7.178591e-01 0.000000e+00 1
-6.316877e+11 -1.480769e+12 -1.693040e+11 -5.944523e-01 -7.590604e-02 -8.005403e-01 0.000000e+00 1
-1.332931e+12 -6.836562e+11 -3.680843e+10 7.874041e-01 -5.864419e-01 1.899491e-01 0.000000e+00 1
-1.592705e+11 8.124514e+11 -6.355779e+11 8.183860e-01 -3.927263e-01 4.195359e-01 0.000000e+00 1
-5.653860e+11 3.476419e+11 6.029666e+11 -9.314433e-01 -3.545952e-01 8.170421e-02 0.000000e+00 1
1.131358e+12 -1.717521e+11 3.578732e+11 -2.106107e-01 8.834734e-01 4.184709e-01 0.000000e+00 1
-8.479666e+11 -9.481940e+11 6.853448e+11 7.699948e-01 5.916170e-01 -2.389505e-01 0.000000e+00 1
3.827537e+11 -4.239654e+11 -1.014298e+12 -9.343642e-01 3.165161e-03 3.563054e-01 0.000000e+00 1
-6.077310e+11 -7.745723e+11 2.767625e+11 -7.574087e-01 5.920095e-01 2.754213e-01 0.000000e+00 1
-5.901941e+11 8.394111e+11 9.066893e+11 -1.629510e-01 1.242661e-01 -9.787773e-01 0.000000e+00 1
-5.071224e+11 5.271567e+11 -7.733192e+10 6.159242e-01 -1.965103e-01 7.629030e-01 0.000000e+00 1
6.330290e+11 2.630979e+11 -4.823181e+11 -1.008537e-01 -9.702640e-01 -2.200370e-01 0.000000e+00 1
7.380892e+11 1.072022e+12 -4.732606e+11 -4.930920e-01 8.312028e-01 2.568309e-01 0.000000e+00 1
-3.501657e+11 -5.645851e+11 -8.858179e+11 4.986507e-01 8.045959e-01 3.224484e-01 0.000000e+00 1
3.427345e+11 1.373650e+12 -3.794583e+10 7.148010e-01 -3.058097e-01 -6.289196e-01 0.000000e+00 1
-8.376170e+11 -1.177549e+11 2.244396e+11 7.389836e-01 -5.787254e-01 -3.449351e-01 0.000000e+00 1
-1.378974e+12 -7.681960e+11 2.962229e+11 -3.884979e-01 4.409781e-01 -8.090783e-01 0.000000e+00 1
-5.128856e+11 -8.555314e+11 -1.012439e+12 9.605863e-01 -2.177456e-01 -1.728028e-01 0.000000e+00 1
3.221591e+10 4.676075e+11 8.370858e+11 -4.837723e-01 -8.382900e-01 -2.514642e-01 0.000000e+00 1
7.275502e+10 5.258535e+11 3.632099e+10 -1.176544e-01 5.371153e-01 8.352632e-01 0.000000e+00 1
-4.777715e+10 -4.840011e+11 2.861385e+11 9.591733e-01 -2.520256e-01 1.283342e-01 0.000000e+00 1
-9.691325e+11 2.714488e+11 -7.226118e+11 4.780953e-01 7.633676e-01 -4.343901e-01 0.000000e+00 1
-3.221326e+11 4.449110e+11 1.056700e+10 4.862202e-01 -2.101835e-01 8.481821e-01 0.000000e+00 1
-1.063613e+11 3.067541e+11 1.497183e+12 -9.817937e-01 -7.073867e-02 -1.762870e-01 0.000000e+00 1
1.049587e+12 -1.019501e+12 -6.467856e+11 1.891263e-01 -3.565631e-01 -9.149284e-01 0.000000e+00 1
2.458442e+11 -2.201765e+11 -1.626274e+12 -4.809448e-01 7.975980e-01 -3.640459e-01 0.000000e+00 1
-3.483828e+11 7.673876e+11 2.063598e+11 -9.090619e-01 -3.166611e-01 -2.707993e-01 0.000000e+00 1
9.965504e+11 -1.074820e+12 -7.740711e+11 -8.980002e-01 1.272152e-01 -4.212029e-01 0.000000e+00 1
-1.124001e+12 -5.112084e+11 -1.128858e+12 -9.203031e-01 2.958574e-01 2.559505e-01 0.000000e+00 1
6.847079e+11 -3.858606e+11 -1.175780e+12 7.342060e-01 5.977196e-01 -3.219826e-01 0.000000e+00 1
1.102395e+12 -6.596608e+11 -8.932911e+11 -3.707886e-01 -8.829381e-01 2.879864e-01 0.000000e+00 1
9.627987e+10 -6.442340e+11 3.294583e+11 -5.188767e-01 -4.571243e-01 -7.223602e-01 0.000000e+00 1
7.602066e+11 9.139164e+11 -1.206911e+12 6.301728e-01 2.075257e-01 -7.482081e-01 0.000000e+00 1
3.726657e+11 -1.306256e+12 -4.539847e+11 -2.890443e-01 9.560808e-01 -4.860901e-02 0.000000e+00 1
2.251861e+11 6.864106e+11 1.127775e+12 1.571320e-01 -1.633040e-01 -9.739822e-01 0.000000e+00 1
-1.695731e+11 5.538221e+11 -1.378477e+12 -1.803475e-01 9.605548e-01 -2.116817e-01 0.000000e+00 1
1.618558e+11 -9.072133e+11 1.041269e+12 9.467541e-01 -3.185003e-01 -4.705594e-02 0.000000e+00 1
9.549952e+11 6.482382e+11 1.110907e+12 -5.274560e-01 -8.273018e-01 -1.932924e-01 0.000000e+00 1
5.423471e+11 -2.216211e+11 1.252282e+12 -4.670867e-01 2.081861e-01 -8.593536e-01 0.000000e+00 1
-1.452059e+12 2.872458e+11 5.179075e+11 -6.829122e-01 7.148811e-02 -7.269940e-01 0.000000e+00 1
-1.375122e+12 -2.058953e+11 -7.142111e+11 -1.086554e-01 6.042433e-01 -7.893568e-01 0.000000e+00 1
6.713088e+11 -6.963046e+11 -9.915120e+11 -1.681484e-02 -7.677006e-01 -6.405880e-01 0.000000e+00 1
6.556665e+11 -2.708496e+11 -4.989015e+10 -7.760680e-01 6.306444e-01 -2.443351e-03 0.000000e+00 1
1.085324e+11 -5.430856e+11 -6.393969e+11 -7.455426e-01 6.431278e-01 1.747935e-01 0.000000e+00 1
-1.044794e+11 1.131644e+12 1.117685e+12 7.710095e-01 3.570786e-01 -5.272942e-01 0.000000e+00 1
1.096020e+12 -8.929640e+11 6.327922e+11 -2.878739e-01 -3.501122e-01 8.913754e-01 0.000000e+00 1
4.485103e+11 -5.584198e+11 4.237190e+11 7.282318e-01 -6.567384e-01 -1.958905e-01 0.000000e+00 1
-7.910854e+11 1.344679e+12 -2.404953e+11 -9.319100e-01 -2.618361e-01 2.509692e-01 0.000000e+00 1
-1.640937e+11 -1.140803e+11 8.542358e+11 2.213788e-01 -2.640890e-01 -9.387483e-01 0.000000e+00 1
-8.950087e+11 -6.874657e+11 7.485748e+11 -8.980122e-01 4.399271e-01 -6.178074e-03 0.000000e+00 1
2.965980e+11 -5.022999e+11 6.329164e+11 4.350306e-01 6.258549e-01 -6.473438e-01 0.000000e+00 1
-4.501972e+11 -2.861106e+11 1.225347e+12 4.692632e-02 -5.265857e-01 8.488259e-01 0.000000e+00 1
7.614000e+11 1.920815e+11 -1.030870e+12 -4.484824e-01 -7.210745e-01 -5.281241e-01 0.000000e+00 1
-3.360285e+11 -6.272798e+11 1.084857e+12 -9.372639e-01 -2.285751e-01 -2.632296e-01 0.000000e+00 1
-5.993992e+11 -2.960327e+11 -1.060205e+12 6.616949e-01 -7.446976e-01 -8.709343e-02 0.000000e+00 1
1.089713e+12 -1.126973e+12 -5.240734e+11 -6.552415e-01 -7.345588e-01 -1.763008e-01 0.000000e+00 1
1.322393e+12 -6.619287e+11 4.029136e+10 -3.513988e-01 -4.624544e-01 8.140361e-01 0.000000e+00 1
5.529441e+11 1.152429e+12 1.773737e+11 -1.986550e-01 2.212377e-02 -9.798198e-01 0.000000e+00 1
7.591034e+10 -7.568822e+11 7.702010e+11 -9.561457e-01 -1.023545e-01 -2.744249e-01 0.000000e+00 1
-4.958081e+11 5.213207e+11 -4.244060e+11 9.092688e-01 3.882611e-01 1.499452e-01 0.000000e+00 1
-1.421002e+12 6.784795e+11 7.056390e+10 7.266565e-01 -4.524136e-01 5.170032e-01 0.000000e+00 1
-1.239349e+12 1.209235e+11 -3.003842e+11 3.625665e-01 1.234541e-01 -9.237449e-01 0.000000e+00 1
-5.721397e+11 -6.321352e+11 -1.064346e+12 2.709057e-01 2.787735e-01 -9.213552e-01 0.000000e+00 1
5.484249e+11 -1.066044e+12 -9.719042e+11 8.213496e-01 6.434592e-02 5.667843e-01 0.000000e+00 1
8.858442e+11 2.285390e+11 -7.099544e+11 3.025314e-01 3.698410e-01 -8.784602e-01 0.000000e+00 1
-4.035674e+11 -1.475762e+12 4.731778e+11 6.771120e-01 -7.236709e-01 -1.334910e-01 0.000000e+00 1
1.998601e+11 -7.502590e+11 -6.187168e+11 -3.905629e-01 -6.423847e-01 -6.593955e-01 0.000000e+00 1
3.666456e+11 -1.255216e+10 1.124489e+12 2.727276e-01 9.515515e-01 1.420191e-01 0.000000e+00 1
8.045729e+11 -8.181556e+11 6.490510e+11 7.447346e-01 -3.555202e-01 -5.647794e-01 0.000000e+00 1
8.178066e+11 6.375072e+11 -6.838168e+11 1.246489e-01 -8.474311e-01 -5.160650e-01 0.000000e+00 1
4.959542e+11 -2.056990e+11 -8.671131e+11 -5.543283e-01 -7.496514e-01 3.615840e-01 0.000000e+00 1
-4.935538e+11 4.386050e+11 -1.010700e+12 9.083624e-02 8.185991e-01 5.671370e-01 0.000000e+00 1
6.953697e+11 2.837939e+11 -5.903088e+11 5.305405e-01 -1.780897e-01 -8.287405e-01 0.000000e+00 1
-6.298568e+11 -3.069473e+11 -4.421887e+11 2.109835e-01 -3.265514e-01 9.213307e-01 0.000000e+00 1
5.430538e+11 2.885026e+11 -1.326095e+12 1.846354e-01 -8.543474e-01 -4.857986e-01 0.000000e+00 1
7.417141e+11 -3.249420e+11 6.202504e+11 3.528296e-01 -6.073469e-01 -7.117872e-01 0.000000e+00 1
-6.324685e+11 5.556086e+11 -1.691262e+11 -3.866312e-01 -7.376270e-01 5.535546e-01 0.000000e+00 1
-2.947563e+11 -4.550514e+11 1.563424e+12 -5.078993e-01 -4.042690e-01 -7.606608e-01 0.000000e+00 1
1.335995e+12 1.684663e+11 -3.839898e+11 -7.941429e-01 4.857372e-01 -3.652347e-01 0.000000e+00 1
-2.352359e+11 -1.442155e+12 -7.930923e+10 8.658393e-02 -4.190915e-02 9.953627e-01 0.000000e+00 1
-6.810340e+11 -5.220347e+11 4.462609e+11 6.271363e-03 9.331259e-01 3.594951e-01 0.000000e+00 1
-7.335085e+10 3.218471e+11 -1.243948e+12 -9.217480e-01 -3.482203e-01 -1.706552e-01 0.000000e+00 1
7.791240e+11 -3.632223e+11 -1.178541e+12 -8.811796e-01 -1.222944e-01 4.566909e-01 0.000000e+00 1
1.344020e+11 9.458629e+11 -4.598536e+11 -3.872480e-01 -5.983676e-01 -7.014237e-01 0.000000e+00 1
1.096156e+12 -8.219010e+11 1.270328e+11 -5.340361e-01 5.305001e-01 -6.583122e-01 0.000000e+00 1
-8.820355e+11 -4.631482e+11 3.032602e+11 -5.885764e-01 7.680143e-01 -2.524517e-01 0.000000e+00 1
4.408999e+11 1.959060e+11 7.412023e+11 -7.228381e-01 5.438884e-01 -4.262517e-01 0.000000e+00 1
4.209465e+11 -8.723973e+11 -3.837336e+11 7.555739e-01 -3.891127e-01 5.269719e-01 0.000000e+00 1
-9.495432e+11 -1.474658e+11 -4.244341e+11 5.625359e-01 -8.092236e-01 -1.694418e-01 0.000000e+00 1
1.458423e+12 1.783847e+11 -7.103706e+11 -6.035669e-01 -5.003699e-01 6.207552e-01 0.000000e+00 1
-3.724773e+11 -3.549919e+11 -1.570401e+12 -1.799997e-01 9.689872e-01 1.693043e-01 0.000000e+00 1
1.873869e+11 -1.047117e+11 -7.161548e+11 -8.467057e-01 -5.184870e-01 -1.194182e-01 0.000000e+00 1
-5.557948e+11 5.551718e+11 4.253999e+10 1.433067e-01 -8.594179e-02 -9.859398e-01 0.000000e+00 1
1.216532e+12 -5.385248e+11 -3.192240e+11 -6.483742e-01 7.577134e-01 -7.403564e-02 0.000000e+00 1
-1.478237e+10 6.124032e+11 2.682480e+11 6.070178e-01 6.656366e-01 -4.341166e-01 0.000000e+00 1
2.755757e+11 -1.195833e+12 -2.389536e+11 6.782635e-01 -6.619714e-01 -3.189866e-01 0.000000e+00 1
-8.361838e+10 -5.558028e+11 -1.071027e+12 9.103674e-02 -2.743012e-01 -9.573250e-01 0.000000e+00 1
-2.529880e+11 -1.586773e+12 4.017296e+10 6.253893e-02 -3.035061e-03 9.980379e-01 0.000000e+00 1
5.821102e+11 -5.277238e+11 -1.093260e+12 -4.314228e-01 4.455862e-01 7.844280e-01 0.000000e+00 1
1.098379e+11 -1.128435e+12 1.099602e+12 5.928001e-01 6.480288e-01 4.781702e-01 0.000000e+00 1
-1.515455e+11 -8.590568e+11 -1.687530e+11 7.263099e-01 -6.865818e-01 -3.285410e-02 0.000000e+00 1
4.727111e+10 -3.118602e+11 4.826926e+11 1.838134e-01 -8.841222e-01 4.295818e-01 0.000000e+00 1
-1.324295e+12 -2.929923e+11 5.149778e+10 -4.825238e-01 8.551354e-01 1.895104e-01 0.000000e+00 1
1.456933e+12 3.380654e+11 7.311312e+11 -3.282523e-01 -4.556639e-02 -9.434904e-01 0.000000e+00 1
-3.651656e+11 9.260392e+11 -6.927004e+11 -3.625551e-01 -4.143517e-01 -8.347853e-01 0.000000e+00 1
-9.787126e+11 -4.103509e+11 1.054277e+12 -6.030857e-01 -5.752497e-01 5.526078e-01 0.000000e+00 1
1.031344e+11 8.540157e+11 -1.345717e+12 4.065196e-01 -2.127371e-01 -8.885295e-01 0.000000e+00 1
-1.608634e+12 -3.648322e+10 2.335403e+09 -2.646796e-01 7.811305e-01 -5.654908e-01 0.000000e+00 1
-5.463890e+11 7.291242e+11 1.153660e+12 -1.411973e-01 -2.950846e-01 -9.449806e-01 0.000000e+00 1
-8.299050e+11 5.829903e+11 1.060348e+12 4.958013e-01 3.744754e-01 7.835491e-01 0.000000e+00 1
5.387648e+11 -5.958396e+11 -1.365250e+12 -7.759250e-01 5.288580e-01 -3.438745e-01 0.000000e+00 1
-1.036939e+11 -1.365201e+10 -3.114405e+11 -4.140575e-01 -8.998653e-01 -1.371092e-01 0.000000e+00 1
2.951371e+11 5.260514e+11 1.340136e+11 -6.801564e-02 9.272051e-01 3.683268e-01 0.000000e+00 1
5.103537e+11 -1.203787e+12 3.999272e+11 6.789147e-01 3.155693e-01 6.629410e-01 0.000000e+00 1
6.931742e+11 -9.774926e+11 -1.317567e+11 -6.604987e-01 7.919954e-02 -7.466384e-01 0.000000e+00 1
-1.195343e+12 -3.580430e+11 -4.667183e+11 -1.365285e-01 8.943985e-01 -4.259240e-01 0.000000e+00 1
-1.049498e+12 1.054937e+12 -6.754929e+11 -4.972941e-01 -6.594461e-01 5.637637e-01 0.000000e+00 1
1.111473e+12 -4.767951e+11 2.396969e+11 6.626649e-01 -7.461519e-01 -6.428534e-02 0.000000e+00 1
-7.932571e+11 1.302264e+11 -8.912956e+11 4.358613e-02 -8.434105e-01 -5.354987e-01 0.000000e+00 1
-9.778241e+10 1.059599e+12 -2.838128e+11 -8.446697e-01 2.102175e-01 -4.922822e-01 0.000000e+00 1
-1.002392e+12 -8.940852e+11 8.284869e+11 -7.383669e-01 5.065438e-01 4.452277e-01 0.000000e+00 1
6.796552e+11 -3.481660e+10 9.250989e+11 1.901039e-02 9.098196e-01 -4.145683e-01 0.000000e+00 1
1.709685e+11 -1.637771e+11 1.095515e+12 7.322287e-01 6.490133e-01 2.064532e-01 0.000000e+00 1
-3.691086e+11 -2.660347e+11 8.705942e+11 1.159715e-01 -4.635803e-01 -8.784326e-01 0.000000e+00 1
6.762269e+11 -5.053255e+11 -1.224303e+12 -6.146086e-01 -6.736183e-01 -4.104811e-01 0.000000e+00 1
-5.107431e+11 5.837681e+11 -1.438647e+11 -9.998394e-01 1.548444e-02 9.026081e-03 0.000000e+00 1
3.615350e+11 -1.086022e+12 -4.904241e+11 -1.511088e-01 -3.922297e-01 -9.073709e-01 0.000000e+00 1
1.000420e+12 7.139286e+10 1.241936e+10 2.485913e-01 8.685543e-01 -4.287374e-01 0.000000e+00 1
1.475098e+11 5.801248e+11 1.313654e+12 6.936827e-01 -6.737289e-01 2.547423e-01 0.000000e+00 1
-1.714471e+11 7.111314e+11 -6.176403e+11 -8.345400e-01 -5.168272e-01 1.908732e-01 0.000000e+00 1
-1.109978e+12 2.855344e+11 5.917812e+11 -6.617774e-01 -7.437530e-01 9.424541e-02 0.000000e+00 1
2.699886e+11 1.231165e+12 -3.526839e+11 5.872355e-01 -3.476461e-01 -7.309560e-01 0.000000e+00 1
-2.594143e+11 -7.294209e+11 1.628956e+11 4.334762e-02 9.216087e-01 3.856921e-01 0.000000e+00 1
5.341762e+11 -6.660065e+10 1.194876e+12 -2.281485e-01 -2.888337e-01 -9.297975e-01 0.000000e+00 1
1.182370e+12 -2.970137e+11 7.389096e+10 4.598442e-01 -1.282733e-01 -8.786861e-01 0.000000e+00 1
-1.091014e+12 -2.299195e+11 -9.793730e+11 2.393622e-01 -8.441355e-01 -4.797302e-01 0.000000e+00 1
-4.699803e+10 -1.107302e+12 -6.103334e+11 2.243159e-02 5.344535e-01 8.449001e-01 0.000000e+00 1
3.375296e+11 -1.458897e+12 5.670928e+11 6.905226e-01 5.151535e-01 -5.077356e-01 0.000000e+00 1
8.085295e+11 3.364658e+11 -4.454439e+11 9.878387e-01 -3.403874e-02 -1.517103e-01 0.000000e+00 1
-1.569835e+12 -1.648584e+11 -2.159487e+11 3.196421e-02 3.698623e-01 -9.285366e-01 0.000000e+00 1
1.424912e+12 -2.199700e+11 -6.502272e+11 -7.006428e-02 -6.027440e-01 -7.948526e-01 0.000000e+00 1
-1.218467e+12 5.395697e+11 6.497580e+11 -2.683708e-01 3.702934e-01 -8.893031e-01 0.000000e+00 1
5.751259e+10 -1.490597e+12 -5.131336e+11 5.954516e-01 -2.475416e-01 -7.643040e-01 0.000000e+00 1
5.469434e+11 8.257891e+10 5.378598e+11 -8.942835e-01 3.905691e-01 2.184328e-01 0.000000e+00 1
8.666072e+11 -1.245060e+10 1.302699e+12 -9.102566e-01 2.839942e-01 -3.012975e-01 0.000000e+00 1
-9.519095e+11 -1.977205e+11 9.948138e+11 -8.672635e-01 2.206885e-01 -4.462630e-01 0.000000e+00 1
7.082946e+11 -5.696672e+11 -2.709966e+10 2.766345e-01 -6.974222e-01 -6.611170e-01 0.000000e+00 1
-3.893406e+11 6.824882e+11 -5.331744e+11 5.521132e-02 8.617563e-01 -5.043092e-01 0.000000e+00 1
-1.266046e+11 6.560038e+11 -7.036597e+11 4.295180e-01 -2.911324e-01 -8.548428e-01 0.000000e+00 1
-7.419920e+11 -1.403749e+10 1.320572e+12 -6.844052e-01 -8.458365e-02 7.241789e-01 0.000000e+00 1
2.376060e+11 -9.715163e+11 9.252905e+11 -9.918584e-01 1.272625e-01 -4.607376e-03 0.000000e+00 1
-7.439800e+11 -7.317239e+11 -3.061999e+11 7.116467e-01 -2.040336e-01 -6.722569e-01 0.000000e+00 1
-3.402779e+11 3.596647e+11 1.493961e+12 8.146556e-01 1.191262e-01 5.675784e-01 0.000000e+00 1
-1.098551e+12 -2.864650e+11 1.119748e+12 -2.683752e-02 -7.569472e-01 6.529247e-01 0.000000e+00 1
1.036104e+12 5.979139e+11 3.963374e+11 -6.636395e-01 -5.336560e-01 -5.242078e-01 0.000000e+00 1
9.928997e+10 -1.332841e+12 -2.126122e+11 9.551381e-01 1.266679e-01 -2.677057e-01 0.000000e+00 1
1.146683e+12 -2.390052e+11 9.347947e+11 8.572436e-01 4.910708e-01 1.548640e-01 0.000000e+00 1
7.112969e+11 -3.713571e+11 -1.061295e+10 1.297477e-01 -8.412097e-01 5.249112e-01 0.000000e+00 1
2.310629e+11 -9.470815e+11 3.740842e+11 6.316031e-01 7.426716e-01 -2.225228e-01 0.000000e+00 1
1.318956e+12 -4.499111e+11 3.872415e+10 -9.466384e-01 -3.197098e-01 -4.076011e-02 0.000000e+00 1
-9.628999e+09 7.242244e+11 1.047986e+12 8.699087e-01 -4.525492e-01 -1.961073e-01 0.000000e+00 1
-4.710161e+11 -1.082898e+11 1.198104e+12 9.231174e-01 -6.083201e-04 3.845178e-01 0.000000e+00 1
1.071997e+12 -7.061164e+11 -6.440289e+11 -3.934844e-01 -4.838574e-01 7.816981e-01 0.000000e+00 1
-4.905392e+11 -5.423174e+11 -3.337645e+11 6.989333e-01 -7.148605e-01 -2.160247e-02 0.000000e+00 1
-6.360200e+11 -1.634746e+11 4.245283e+11 -4.914786e-01 7.836224e-01 3.799799e-01 0.000000e+00 1
-4.597714e+11 -3.608095e+11 9.026171e+11 -2.277682e-01 -7.934206e-01 -5.644514e-01 0.000000e+00 1
1.080446e+12 -7.059024e+11 -9.843501e+11 -1.964264e-01 2.717252e-01 9.421158e-01 0.000000e+00 1
9.664285e+11 3.976230e+11 1.005340e+12 4.624693e-02 7.908834e-01 -6.102168e-01 0.000000e+00 1
-3.987618e+10 9.857397e+11 1.086555e+12 -9.485793e-01 -1.740255e-01 2.644096e-01 0.000000e+00 1
-1.131745e+12 5.020202e+11 2.931517e+11 -5.627531e-02 -4.234213e-01 9.041834e-01 0.000000e+00 1
-9.148413e+11 8.862505e+11 3.312740e+11 -4.233772e-01 -1.012480e-01 -9.002781e-01 0.000000e+00 1
4.015051e+11 -3.659204e+11 1.185073e+12 -6.961440e-01 -3.404990e-01 6.320158e-01 0.000000e+00 1
3.915079e+11 9.059856e+11 -8.270923e+11 1.316512e-01 -8.464863e-01 5.158768e-01 0.000000e+00 1
-1.646603e+12 -3.622609e+11 -1.485453e+11 -3.258135e-01 2.815831e-01 -9.025278e-01 0.000000e+00 1
1.461193e+11 1.043446e+12 -1.069204e+12 7.697631e-01 -3.177526e-01 5.536227e-01 0.000000e+00 1
-1.624747e+11 -1.652256e+11 -1.597664e+12 1.315844e-01 4.160695e-01 8.997620e-01 0.000000e+00 1
6.180607e+11 5.659196e+11 -5.541050e+11 6.130369e-01 7.675241e-01 1.873300e-01 0.000000e+00 1
9.391101e+11 -6.251669e+11 6.840510e+11 1.055280e-01 7.148166e-01 6.913039e-01 0.000000e+00 1
8.854919e+11 -5.445037e+11 5.827203e+11 -4.295495e-01 -4.705011e-01 -7.707892e-01 0.000000e+00 1
-8.570064e+11 9.319019e+11 -9.953912e+11 -2.435017e-01 -4.388999e-01 -8.649126e-01 0.000000e+00 1
-1.456079e+12 -1.266357e+11 4.520195e+11 -3.190249e-01 -9.475642e-01 1.858107e-02 0.000000e+00 1
2.632476e+11 -1.219383e+12 6.957601e+11 -4.298638e-01 7.466535e-01 -5.076669e-01 0.000000e+00 1
-1.287105e+11 2.896583e+10 -5.919571e+10 -8.820051e-01 3.188305e-01 -3.470073e-01 0.000000e+00 1
4.170751e+11 -6.692321e+11 -2.912716e+11 -2.105388e-02 -9.997416e-01 -8.569895e-03 0.000000e+00 1
-7.550696e+11 -1.036706e+12 -1.015557e+12 -5.629177e-01 -7.250082e-01 -3.968461e-01 0.000000e+00 1
4.635616e+11 8.529653e+11 -1.350791e+12 -2.859335e-01 -1.158877e-01 -9.512161e-01 0.000000e+00 1
-6.504586e+11 -1.194023e+10 -1.504208e+12 -1.177073e-01 8.945530e-01 4.311843e-01 0.000000e+00 1
1.679912e+11 8.542477e+11 5.863600e+11 8.420230e-01 -2.136337e-01 4.953362e-01 0.000000e+00 1
6.367469e+11 -3.044225e+11 -1.985096e+11 -9.067261e-01 -2.156174e-01 -3.624319e-01 0.000000e+00 1
5.661473e+11 -1.210059e+11 4.930917e+10 -7.079472e-01 2.070869e-01 -6.752228e-01 0.000000e+00 1
5.708786e+11 2.817705e+11 1.391204e+12 -6.967406e-01 4.679135e-01 5.436998e-01 0.000000e+00 1
-3.062652e+11 3.423093e+11 5.135968e+11 9.009183e-01 2.443346e-01 3.586737e-01 0.000000e+00 1
-4.374761e+11 7.542990e+11 -8.988607e+11 8.130335e-01 -5.772600e-01 7.581187e-02 0.000000e+00 1
1.347910e+10 7.368547e+11 5.595128e+11 -7.560981e-01 -4.863868e-01 -4.378853e-01 0.000000e+00 1
4.661842e+11 -2.099973e+11 1.153900e+12 2.938918e-01 -1.851752e-02 -9.556593e-01 0.000000e+00 1
3.876649e+11 -2.113032e+11 8.584463e+11 1.925891e-01 7.231395e-01 -6.633089e-01 0.000000e+00 1
5.188933e+11 1.229246e+12 -9.693616e+11 -6.526848e-01 -5.407951e-01 -5.306064e-01 0.000000e+00 1
1.048324e+12 -1.043753e+12 7.916682e+11 5.073992e-01 1.152775e-01 -8.539655e-01 0.000000e+00 1
-1.961947e+11 1.128096e+12 3.194931e+11 -6.761864e-01 -7.336871e-01 6.689682e-02 0.000000e+00 1
6.446800e+11 6.219026e+11 -1.191535e+12 -8.645042e-01 4.863047e-01 -1.270439e-01 0.000000e+00 1
7.495433e+11 -7.688547e+10 7.427265e+11 -4.394993e-01 -8.942834e-01 -8.424755e-02 0.000000e+00 1
2.861653e+11 -1.602180e+12 7.111051e+09 -2.776317e-01 -1.849792e-01 9.427106e-01 0.000000e+00 1
8.879782e+11 1.827634e+11 -1.644127e+11 -3.853527e-01 -8.682043e-01 -3.126094e-01 0.000000e+00 1
1.106942e+12 -2.523693e+11 9.268966e+11 -5.713094e-01 8.190252e-01 -5.294573e-02 0.000000e+00 1
-2.841335e+11 8.555405e+11 -1.217027e+12 5.818100e-01 7.973825e-01 1.602443e-01 0.000000e+00 1
9.768198e+11 1.749293e+11 -1.014579e+12 -6.479383e-01 1.575287e-01 -7.452252e-01 0.000000e+00 1
6.632598e+11 3.444344e+11 -8.070782e+11 -7.362869e-01 -6.723858e-01 -7.601969e-02 0.000000e+00 1
7.475840e+11 -5.419213e+11 -1.271054e+12 2.548991e-01 -8.167810e-01 -5.175860e-01 0.000000e+00 1
4.441159e+11 -5.817880e+11 1.346851e+12 1.727546e-01 -4.650563e-01 -8.682618e-01 0.000000e+00 1
1.078443e+12 -1.114553e+11 5.353419e+11 4.215756e-01 1.293900e-01 -8.975145e-01 0.000000e+00 1
9.147462e+11 4.977632e+11 1.336650e+11 5.484268e-01 -4.109650e-01 -7.282416e-01 0.000000e+00 1
3.942628e+11 -2.984489e+11 5.890458e+11 -8.642013e-01 -2.110607e-01 -4.567379e-01 0.000000e+00 1
7.550596e+11 7.924952e+11 1.208014e+12 9.694761e-01 -2.415658e-01 4.197562e-02 0.000000e+00 1
4.505288e+11 1.165902e+12 -9.775716e+11 9.896250e-01 1.096245e-01 -9.286983e-02 0.000000e+00 1
5.755152e+11 1.531380e+10 -1.372004e+12 -1.672863e-01 3.116836e-01 -9.353441e-01 0.000000e+00 1
-1.841546e+10 8.221691e+10 -1.418327e+12 -3.032698e-01 -2.621524e-04 9.529047e-01 0.000000e+00 1
5.438904e+11 8.656645e+11 -8.066652e+11 9.922910e-01 -7.482514e-02 -9.879201e-02 0.000000e+00 1
4.175308e+11 1.367915e+12 -7.505132e+11 -9.722719e-01 2.254846e-01 -6.200022e-02 0.000000e+00 1
9.046700e+11 3.130318e+11 1.123785e+12 9.575041e-01 6.851619e-02 2.801631e-01 0.000000e+00 1
3.168527e+11 1.281993e+12 4.969457e+11 -8.521176e-01 7.609759e-02 5.177884e-01 0.000000e+00 1
4.608150e+11 1.191351e+12 -1.904536e+09 -6.082475e-01 3.383325e-01 7.180293e-01 0.000000e+00 1
-1.047964e+12 3.525133e+11 1.190467e+12 5.203386e-01 -5.165759e-01 6.799979e-01 0.000000e+00 1
-2.141791e+11 7.168658e+11 -7.569914e+11 -3.948488e-03 4.205336e-01 9.072684e-01 0.000000e+00 1
1.029591e+12 -8.500586e+11 1.010114e+12 6.677544e-01 6.202567e-01 4.115649e-01 0.000000e+00 1
-5.370078e+11 8.528271e+11 -7.446755e+11 9.029200e-01 1.368802e-01 4.074300e-01 0.000000e+00 1
-3.476289e+11 1.110134e+11 3.832116e+11 -1.203652e-01 8.660420e-01 4.852663e-01 0.000000e+00 1
6.751663e+10 3.866911e+11 -2.367214e+11 -3.691634e-01 -4.990782e-01 -7.839894e-01 0.000000e+00 1
-1.065961e+11 6.305930e+11 -1.464330e+12 1.176841e-01 4.176039e-01 9.009758e-01 0.000000e+00 1
1.545118e+12 5.921141e+11 3.317885e+11 5.260755e-01 -7.941075e-01 3.043647e-01 0.000000e+00 1
-6.225914e+11 3.825038e+11 3.139304e+11 4.193218e-01 -1.312515e-01 8.982997e-01 0.000000e+00 1
3.389595e+11 6.879148e+11 7.456115e+11 -7.770738e-01 6.287000e-01 -2.987733e-02 0.000000e+00 1
1.003505e+12 -1.004676e+12 -8.938320e+11 -6.621990e-01 2.256393e-01 7.145483e-01 0.000000e+00 1
5.202460e+11 4.868808e+11 4.209267e+11 2.666679e-01 -8.277003e-01 4.937615e-01 0.000000e+00 1
7.452590e+11 5.129733e+10 1.409415e+12 -5.315887e-01 -3.047207e-01 -7.902903e-01 0.000000e+00 1
-1.158217e+11 -1.548297e+12 5.971338e+11 3.628954e-01 6.855859e-02 9.293044e-01 0.000000e+00 1
-7.168935e+11 -7.852362e+11 -8.270072e+10 -1.434681e-01 -3.788801e-01 9.142575e-01 0.000000e+00 1
-1.178826e+12 -8.825291e+11 6.161130e+11 -4.498426e-01 -2.940527e-01 -8.433117e-01 0.000000e+00 1
3.642373e+11 1.072565e+12 -4.581091e+11 7.033977e-01 4.763513e-01 -5.275614e-01 0.000000e+00 1
-5.706234e+11 2.768567e+11 -1.326578e+12 2.769903e-01 -9.334887e-01 -2.277614e-01 0.000000e+00 1
-1.351820e+11 -5.604778e+11 5.410266e+11 9.141964e-01 -2.607980e-02 -4.044313e-01 0.000000e+00 1
8.356572e+11 -7.570920e+11 5.702652e+11 -2.101659e-01 -3.579817e-01 -9.097689e-01 0.000000e+00 1
6.931019e+10 -7.183779e+11 1.866995e+11 -9.369741e-01 2.669141e-01 2.254693e-01 0.000000e+00 1
5.514045e+11 -4.105320e+11 -4.526810e+11 4.354552e-01 8.456116e-01 -3.087390e-01 0.000000e+00 1
3.050424e+11 7.074457e+11 -1.459260e+12 9.309783e-01 -3.638364e-01 3.004225e-02 0.000000e+00 1
-2.492500e+10 1.022140e+12 -4.728337e+11 8.479713e-01 -4.753866e-01 2.344189e-01 0.000000e+00 1
-3.643550e+11 -1.601683e+12 5.583267e+10 -1.043986e-01 9.738424e-01 2.018215e-01 0.000000e+00 1
-6.602158e+11 4.627467e+11 4.933314e+11 2.302255e-01 8.734586e-01 4.290295e-01 0.000000e+00 1
6.984493e+11 8.544759e+10 -5.656751e+11 -6.609022e-01 -7.248093e-01 -1.945760e-01 0.000000e+00 1
-1.443857e+12 2.653169e+11 -4.177030e+11 -9.165286e-01 -3.569933e-01 1.803638e-01 0.000000e+00 1
-1.880135e+10 6.419607e+11 1.333809e+12 6.308252e-01 5.088568e-01 5.857681e-01 0.000000e+00 1
-1.757401e+11 -1.410127e+12 -4.827975e+11 6.527038e-01 -7.351641e-01 1.830617e-01 0.000000e+00 1
2.759449e+11 6.184645e+11 5.353766e+11 7.808298e-01 -4.800057e-01 3.998742e-01 0.000000e+00 1
-2.305175e+10 1.159606e+12 -1.856476e+11 -7.761060e-01 -1.970676e-02 -6.302944e-01 0.000000e+00 1
3.356174e+11 2.932121e+11 -1.168456e+12 -7.801054e-01 2.135814e-01 5.880634e-01 0.000000e+00 1
1.006791e+11 1.123115e+12 -6.176773e+11 1.017364e-01 -7.232690e-01 -6.830312e-01 0.000000e+00 1
9.205192e+11 -4.611682e+11 -6.086873e+11 -5.725110e-01 6.784143e-01 4.604185e-01 0.000000e+00 1
-6.509857e+11 6.622100e+11 6.510200e+11 3.140849e-01 2.057050e-03 9.493927e-01 0.000000e+00 1
-1.029396e+12 -4.277137e+11 4.080202e+11 1.361582e-01 6.421585e-01 -7.543828e-01 0.000000e+00 1
4.194817e+11 1.101311e+12 -1.011067e+12 7.285083e-01 1.867673e-01 -6.590855e-01 0.000000e+00 1
-9.741167e+11 -4.050725e+11 -6.997420e+11 -9.739851e-01 -2.059521e-01 9.453426e-02 0.000000e+00 1
7.820425e+11 -1.657530e+11 -1.256899e+12 -8.293572e-01 5.411089e-01 -1.391679e-01 0.000000e+00 1
-5.976396e+11 -5.883354e+11 4.212795e+11 -5.515227e-01 -5.250340e-01 -6.481990e-01 0.000000e+00 1
-1.849041e+11 -6.507780e+11 4.842836e+11 -3.080025e-01 7.408191e-01 -5.969268e-01 0.000000e+00 1
-1.237570e+12 3.683029e+11 3.328955e+11 -4.763002e-02 -9.980895e-01 -3.935370e-02 0.000000e+00 1
1.096550e+11 -1.171991e+12 -7.964956e+11 -3.539661e-01 4.424466e-01 8.239836e-01 0.000000e+00 1
-8.730880e+11 9.694994e+11 -9.238207e+11 -3.556981e-01 7.600147e-01 -5.439269e-01 0.000000e+00 1
-3.076447e+10 -7.030581e+11 -9.272340e+11 4.809152e-01 -1.007584e-01 -8.709583e-01 0.000000e+00 1
2.423541e+11 9.456259e+08 6.361720e+11 7.545163e-01 3.949290e-02 -6.550920e-01 0.000000e+00 1
9.287587e+11 7.064784e+11 -6.939796e+11 -2.699475e-01 -6.165447e-01 -7.395952e-01 0.000000e+00 1
-4.089418e+11 1.295489e+12 -4.494046e+10 -2.564962e-01 -3.758687e-01 8.904675e-01 0.000000e+00 1
-3.319264e+11 6.637165e+11 -1.159952e+12 -5.893105e-01 7.804711e-01 -2.087534e-01 0.000000e+00 1
-3.629067e+11 5.413488e+11 5.544473e+11 -3.012708e-01 -4.880826e-01 8.191527e-01 0.000000e+00 1
2.487750e+11 -7.128953e+11 -1.267406e+12 -1.320283e-01 6.962246e-01 -7.055777e-01 0.000000e+00 1
-1.513456e+12 2.325155e+11 2.881072e+11 2.752191e-01 -1.247773e-02 -9.613005e-01 0.000000e+00 1
-4.022987e+11 -1.301609e+12 -1.245604e+11 -9.509910e-01 -9.152260e-02 -2.953638e-01 0.000000e+00 1
2.879186e+11 -3.598166e+10 -1.556169e+12 -8.718694e-01 1.733982e-01 4.580140e-01 0.000000e+00 1
1.958772e+11 1.297807e+11 -9.071417e+11 4.456512e-01 -5.994914e-01 6.648346e-01 0.000000e+00 1
6.428977e+11 -1.144634e+12 8.141025e+11 4.002049e-01 -9.003386e-01 -1.709575e-01 0.000000e+00 1
9.604662e+11 -1.069513e+12 7.943710e+11 9.530681e-01 1.205772e-01 2.777092e-01 0.000000e+00 1
-9.058132e+11 9.809984e+11 5.251902e+11 8.856093e-01 -3.892010e-02 4.627973e-01 0.000000e+00 1
1.183806e+12 1.032294e+12 -2.873124e+11 7.057012e-01 -3.607989e-01 6.097622e-01 0.000000e+00 1
3.945398e+11 -9.414269e+11 -2.193632e+10 -4.586832e-01 7.170462e-01 -5.248376e-01 0.000000e+00 1
3.558619e+11 -6.688035e+10 2.784417e+11 4.567657e-01 3.710459e-01 8.085110e-01 0.000000e+00 1
2.775286e+11 6.219351e+11 -2.103145e+10 1.832213e-01 9.076685e-01 -3.775815e-01 0.000000e+00 1
1.055990e+12 1.721419e+11 9.367889e+11 1.367895e-01 9.877840e-01 -7.464178e-02 0.000000e+00 1
4.302393e+11 1.068848e+12 -1.241524e+12 -4.451172e-01 2.593414e-01 8.570955e-01 0.000000e+00 1
9.667918e+11 2.422863e+11 3.256228e+11 -4.394656e-01 -7.445163e-01 -5.025589e-01 0.000000e+00 1
1.439146e+12 -9.770098e+10 2.375275e+11 -5.982870e-01 -7.970085e-01 8.264466e-02 0.000000e+00 1
3.514501e+11 2.376006e+11 -3.179266e+11 6.398391e-01 4.064452e-01 6.522333e-01 0.000000e+00 1
-5.278954e+11 -2.582370e+11 -7.267855e+11 -4.529501e-01 5.247875e-01 -7.207179e-01 0.000000e+00 1
-1.296454e+11 -2.627110e+11 -2.365655e+11 -1.403780e-01 -9.855974e-01 -9.429624e-02 0.000000e+00 1
1.813694e+11 -2.951442e+11 -6.809941e+11 -2.704104e-01 -4.491866e-01 -8.515337e-01 0.000000e+00 1
6.682546e+11 -6.934968e+11 -4.237268e+11 -2.418723e-01 -7.102479e-01 -6.610944e-01 0.000000e+00 1
2.753270e+11 5.551966e+11 9.842252e+11 5.543464e-01 4.950549e-01 6.690446e-01 0.000000e+00 1
1.041418e+12 -3.751148e+11 1.166742e+12 -9.359632e-01 1.043973e-01 -3.362649e-01 0.000000e+00 1
-2.718590e+11 -1.306197e+12 6.109666e+11 6.716806e-01 3.494208e-01 6.532613e-01 0.000000e+00 1
6.803975e+11 6.123160e+11 -8.597710e+11 -3.477203e-01 8.459977e-01 -4.042011e-01 0.000000e+00 1
1.567588e+11 -2.136737e+11 -4.943863e+11 8.878630e-01 4.384592e-01 1.394733e-01 0.000000e+00 1
6.146533e+11 -7.912334e+11 -3.668488e+11 9.569860e-01 -2.184897e-01 1.908926e-01 0.000000e+00 1
-1.086497e+12 7.264252e+11 5.687099e+11 -3.623094e-01 -4.855446e-02 -9.307923e-01 0.000000e+00 1
7.458080e+10 1.040973e+12 1.236530e+12 -1.063883e-01 1.842239e-01 -9.771096e-01 0.000000e+00 1
-5.174274e+11 -9.295126e+11 8.189802e+11 1.944995e-01 -3.885063e-01 9.006846e-01 0.000000e+00 1
-8.958915e+11 -1.987735e+11 -1.382742e+12 -9.206978e-01 1.395726e-01 -3.644656e-01 0.000000e+00 1
5.561473e+11 -4.877636e+11 -6.243079e+11 1.929811e-01 2.289974e-01 9.541061e-01 0.000000e+00 1
2.039374e+11 1.500176e+12 4.871166e+11 6.053013e-01 -6.673673e-01 -4.338561e-01 0.000000e+00 1
6.013393e+10 -1.229880e+12 -1.032675e+12 7.322683e-01 -5.246833e-01 4.341550e-01 0.000000e+00 1
-5.472031e+11 -7.833245e+10 1.089422e+12 7.376618e-01 1.873720e-01 -6.486500e-01 0.000000e+00 1
3.430438e+11 -6.952592e+11 1.385157e+12 1.066094e-01 8.487402e-01 5.179522e-01 0.000000e+00 1
-1.091712e+11 -1.763903e+11 -4.593487e+11 -4.366143e-01 5.017927e-02 -8.982483e-01 0.000000e+00 1
-5.659694e+11 -2.867114e+11 -8.542985e+11 -8.905888e-01 -2.385840e-01 3.872071e-01 0.000000e+00 1
1.356356e+12 8.090383e+10 5.506704e+11 8.442736e-01 -2.606845e-01 -4.682367e-01 0.000000e+00 1
7.582458e+11 1.863087e+11 4.359993e+11 4.056731e-01 9.135540e-01 2.912788e-02 0.000000e+00 1
-4.683521e+11 -8.870690e+11 -3.809258e+11 -8.716151e-01 -4.276158e-01 2.396494e-01 0.000000e+00 1
1.553435e+11 -1.186359e+12 1.191065e+12 6.661222e-01 -6.757422e-01 -3.156798e-01 0.000000e+00 1
-2.259379e+11 5.807806e+11 -4.990007e+10 -9.209748e-01 -2.596738e-01 2.904738e-01 0.000000e+00 1
8.734322e+11 -6.981143e+11 -1.246138e+12 -8.973968e-01 4.119499e-01 -1.580386e-01 0.000000e+00 1
3.317237e+10 1.023969e+12 1.091720e+12 5.584578e-01 3.175858e-01 -7.663316e-01 0.000000e+00 1
-1.903109e+11 3.761139e+11 -1.438845e+12 -2.123566e-01 4.355818e-01 8.747418e-01 0.000000e+00 1
8.480342e+11 6.128481e+11 2.563149e+11 -7.660167e-01 5.756121e-01 -2.861629e-01 0.000000e+00 1
9.797697e+11 -5.561620e+11 6.476315e+11 -1.096738e-01 -9.359270e-01 -3.346824e-01 0.000000e+00 1
5.078624e+11 -2.571364e+11 -2.642449e+11 -2.355474e-01 8.954272e-01 3.777931e-01 0.000000e+00 1
6.388391e+11 6.742151e+11 1.175310e+12 4.280454e-01 -2.183776e-01 8.769768e-01 0.000000e+00 1
1.148615e+12 -1.031647e+11 -4.020748e+11 4.629885e-01 -7.383451e-01 -4.903960e-01 0.000000e+00 1
1.415784e+12 2.326583e+11 -7.780139e+10 -6.714435e-01 9.234418e-02 7.352797e-01 0.000000e+00 1
-1.978558e+11 -2.520928e+11 -4.975992e+11 -8.346052e-01 -2.154225e-01 5.069786e-01 0.000000e+00 1
-8.616395e+11 -9.396575e+11 -3.133244e+11 2.626518e-01 9.641584e-01 -3.758435e-02 0.000000e+00 1
1.080542e+12 7.245215e+11 -7.125755e+11 -8.975431e-01 4.166996e-01 -1.441451e-01 0.000000e+00 1
9.237544e+11 -5.466707e+11 7.467139e+11 -6.934592e-01 7.203846e-01 -1.266210e-02 0.000000e+00 1
-2.245710e+11 4.597628e+09 1.557061e+12 -5.928319e-01 7.877451e-01 -1.673557e-01 0.000000e+00 1
-1.911403e+11 7.171123e+11 9.417437e+11 -6.430248e-01 -4.900869e-01 -5.885014e-01 0.000000e+00 1
5.278279e+11 -9.304054e+11 -6.287813e+11 8.679682e-01 -4.845063e-01 -1.090180e-01 0.000000e+00 1
-1.106124e+12 5.863904e+11 8.169424e+11 5.891462e-01 -6.346831e-01 -5.000841e-01 0.000000e+00 1
-5.819165e+11 1.418240e+09 -6.418544e+11 -1.729995e-01 -7.769620e-01 -6.053108e-01 0.000000e+00 1
5.172970e+11 -3.121304e+11 -1.581753e+12 2.280014e-01 6.792454e-01 -6.975967e-01 0.000000e+00 1
-9.379521e+11 7.236151e+09 1.182269e+12 -7.782624e-01 2.634661e-01 -5.699941e-01 0.000000e+00 1
8.949562e+11 3.559403e+10 -9.062386e+11 9.378249e-01 3.022118e-01 -1.707411e-01 0.000000e+00 1
8.474975e+11 -6.550868e+10 1.317297e+12 -2.008422e-01 -9.617011e-01 -1.865299e-01 0.000000e+00 1
-3.079709e+11 -4.398875e+09 6.415696e+11 -8.672624e-01 2.119573e-01 4.504776e-01 0.000000e+00 1
-1.101324e+12 -9.105491e+11 -2.844119e+11 2.043757e-01 9.662843e-01 1.566051e-01 0.000000e+00 1
-4.059505e+11 -7.507139e+11 1.086998e+12 1.700276e-01 -3.979817e-01 -9.014994e-01 0.000000e+00 1
5.770953e+11 -1.271582e+12 2.178723e+11 5.706824e-01 -6.655255e-01 4.810378e-01 0.000000e+00 1
1.087960e+11 -1.455467e+12 -2.750754e+11 2.853350e-01 6.700240e-01 6.853115e-01 0.000000e+00 1
-1.019566e+12 6.383232e+10 9.253538e+11 -4.495518e-01 -8.699458e-01 -2.027251e-01 0.000000e+00 1
3.490922e+11 9.232553e+11 5.299831e+11 1.835720e-01 -8.041673e-01 5.653462e-01 0.000000e+00 1
7.581651e+11 -9.832630e+11 -9.195162e+11 2.625795e-01 -5.464769e-01 7.952453e-01 0.000000e+00 1
-3.574220e+11 1.988551e+11 8.323369e+11 5.226745e-01 1.558355e-01 -8.381686e-01 0.000000e+00 1
-7.837100e+11 -9.538338e+11 -1.996530e+11 -2.104995e-03 -6.116513e-01 7.911247e-01 0.000000e+00 1
-5.831273e+10 2.143851e+11 6.549932e+11 -6.645656e-01 4.099687e-01 -6.247225e-01 0.000000e+00 1
-2.863747e+11 1.122616e+12 -1.136556e+12 9.589206e-02 5.291744e-01 8.430772e-01 0.000000e+00 1
-5.364831e+11 -3.004941e+11 3.503330e+11 -1.642228e-01 -7.970573e-01 -5.811459e-01 0.000000e+00 1
9.517189e+11 -3.211356e+11 8.884948e+11 -6.221235e-01 6.408531e-01 4.497441e-01 0.000000e+00 1
-1.018318e+12 -1.085736e+12 -6.298171e+11 2.201742e-01 9.146785e-01 3.389492e-01 0.000000e+00 1
1.234732e+12 4.142389e+11 -9.843825e+11 7.032098e-02 5.571314e-01 -8.274416e-01 0.000000e+00 1
-1.034943e+12 1.870250e+10 -8.225545e+11 4.472117e-01 -3.294566e-01 8.315407e-01 0.000000e+00 1
1.699314e+11 -1.162840e+12 -1.004719e+12 -3.783591e-01 9.152192e-01 -1.386295e-01 0.000000e+00 1
2.184276e+11 1.487774e+12 -7.787917e+11 -2.845885e-01 -9.579323e-01 -3.708245e-02 0.000000e+00 1
8.398539e+11 3.611935e+11 5.030711e+11 2.743408e-01 -7.700526e-01 5.759828e-01 0.000000e+00 1
-1.144706e+12 6.366780e+11 -2.675717e+11 -3.229300e-01 8.892922e-01 3.238449e-01 0.000000e+00 1
7.618046e+11 -1.303462e+12 -3.252112e+10 -8.472388e-01 -4.906353e-01 2.036259e-01 0.000000e+00 1
-1.919667e+11 -9.709166e+11 -4.733411e+11 -6.170796e-01 4.803160e-01 6.233052e-01 0.000000e+00 1
9.429959e+11 3.683386e+11 -8.285380e+10 8.519103e-02 4.488329e-01 8.895457e-01 0.000000e+00 1
-7.940966e+11 -8.336645e+11 9.465386e+11 -9.739303e-01 -2.256106e-01 2.365868e-02 0.000000e+00 1
4.979020e+11 -1.573804e+12 2.905938e+11 9.490257e-01 -3.110371e-01 5.105071e-02 0.000000e+00 1
-6.684345e+11 1.130813e+12 7.623932e+11 -5.095168e-01 -8.604085e-01 9.477090e-03 0.000000e+00 1
4.352855e+11 1.257463e+12 4.153052e+11 -1.759777e-01 -7.354767e-01 6.542980e-01 0.000000e+00 1
-2.953881e+11 -1.930317e+11 -1.124213e+11 7.659845e-01 4.277261e-01 -4.799147e-01 0.000000e+00 1
1.296145e+12 9.779046e+11 2.060418e+11 7.484885e-01 3.804927e-01 5.431300e-01 0.000000e+00 1
1.123257e+12 1.852796e+11 1.402131e+11 5.517468e-01 3.052842e-01 -7.761295e-01 0.000000e+00 1
-4.603850e+11 -3.290544e+11 1.410440e+11 -1.296435e-01 -9.724368e-01 -1.938020e-01 0.000000e+00 1
-7.489427e+11 2.905772e+11 -1.133078e+12 -1.105914e-01 -5.494909e-01 -8.281481e-01 0.000000e+00 1
-1.330341e+12 -3.700387e+11 6.981309e+11 3.189850e-01 -7.801897e-01 -5.381009e-01 0.000000e+00 1
-1.020693e+11 -4.168047e+11 1.374446e+12 8.563513e-01 8.439475e-02 -5.094507e-01 0.000000e+00 1
3.961665e+11 -1.467654e+12 2.686529e+11 -5.189900e-01 -8.004066e-01 2.999976e-01 0.000000e+00 1
-2.358519e+11 6.392330e+11 7.793769e+11 6.618580e-01 7.325656e-01 -1.590334e-01 0.000000e+00 1
2.558942e+11 -1.143697e+11 4.429983e+10 9.996644e-01 -2.114503e-02 -1.496255e-02 0.000000e+00 1
8.708536e+11 9.357044e+11 -5.081039e+11 9.702821e-01 -2.163360e-01 -1.084041e-01 0.000000e+00 1
6.030994e+11 1.514026e+12 -4.483452e+11 -4.891736e-01 4.535978e-01 7.449552e-01 0.000000e+00 1
1.073291e+12 4.420584e+11 7.136808e+11 -2.066156e-01 -9.766454e-01 5.893911e-02 0.000000e+00 1
-1.098105e+12 -8.858137e+11 -8.065135e+11 -5.366744e-01 -7.169487e-01 -4.449328e-01 0.000000e+00 1
4.155321e+11 -4.213347e+11 1.533788e+12 -8.589215e-01 -2.565896e-01 4.431880e-01 0.000000e+00 1
5.102293e+11 -8.214688e+11 9.727802e+11 -8.366934e-01 5.388202e-01 9.806584e-02 0.000000e+00 1
3.090875e+11 4.181149e+11 -1.039197e+12 7.285170e-01 5.249012e-01 4.401610e-01 0.000000e+00 1
3.597120e+11 -1.767912e+11 4.170798e+11 7.979807e-01 -8.841893e-02 -5.961618e-01 0.000000e+00 1
3.852968e+11 -1.141274e+12 1.022934e+12 9.786021e-01 -2.986737e-02 2.035827e-01 0.000000e+00 1
7.882317e+11 2.207771e+11 3.637024e+11 -5.285418e-01 3.651488e-01 -7.663615e-01 0.000000e+00 1
