# 781 1.000000e+06 1.000000e+04 0.000000e+00 1.000000e+00 5.000000e-01
-8.496313e+12 -3.668023e+12 -1.528895e+13 -1.515126e-01 -7.264325e-01 -6.703281e-01 9.648160e+00 0 354126
-1.382010e+13 -5.528426e+12 9.141362e+12 -5.649011e-01 -6.938003e-01 -4.466855e-01 9.218505e+00 0 192039
-1.707589e+13 -7.225570e+12 -5.082387e+12 -8.293196e-01 -5.582048e-01 -2.522753e-02 -5.268040e+00 0 420706
-3.535189e+12 1.992652e+13 -2.119110e+12 -6.635618e-01 6.631195e-01 3.463499e-01 4.690823e+00 0 106442
-1.485432e+13 1.474624e+13 -5.309802e+12 -7.659485e-01 4.678543e-01 4.409481e-01 1.175718e+01 0 5
-7.614742e+12 8.509305e+12 -1.269278e+13 5.464396e-01 1.976690e-01 -8.138370e-01 -2.038253e+00 0 61315
2.278190e+13 1.172343e+13 2.513010e+12 7.886511e-01 3.794105e-01 4.838152e-01 8.970418e+00 0 1944634
3.748763e+12 -1.120392e+13 1.224035e+13 -2.108028e-01 -9.641156e-01 1.613794e-01 -1.098672e+01 0 475201
3.777656e+12 -1.465953e+13 -1.698304e+13 -3.017761e-01 -1.471515e-01 -9.419542e-01 -1.944500e+01 0 1
1.673444e+13 1.606968e+13 -1.371053e+13 4.815729e-01 6.290923e-01 -6.101888e-01 9.924254e+00 0 2115421
-7.674227e+12 -1.015773e+13 1.149150e+13 -2.894727e-01 -7.476342e-01 5.977028e-01 7.944940e+00 0 35
1.755081e+13 1.150427e+13 1.463985e+12 5.808255e-01 8.138654e-01 1.627682e-02 1.276271e+01 0 2487362
-1.356985e+13 1.336136e+11 -1.021208e+13 -7.751550e-01 -4.427886e-01 -4.506362e-01 1.025477e+01 0 1586362
7.918266e+12 1.382861e+13 6.396129e+12 7.440863e-01 3.622553e-01 -5.613436e-01 -5.704235e+00 0 88893
-5.661879e+12 -2.190928e+13 -7.031129e+12 -6.805825e-01 -5.939277e-01 -4.290191e-01 -1.862509e+01 0 9743
1.592544e+13 -5.534000e+12 -6.272529e+12 5.538019e-01 2.808299e-01 -7.838610e-01 2.197089e+00 0 910270
-1.370780e+13 9.964964e+12 5.131769e+12 -9.790569e-01 1.922960e-01 6.685736e-02 1.085812e+01 0 1003724
1.178750e+12 1.855897e+13 1.358324e+12 3.757326e-01 6.333583e-01 -6.765222e-01 4.935604e+00 0 1
-6.920647e+11 -1.280834e+13 -1.299813e+13 -1.358449e-01 -6.141756e-01 -7.773895e-01 -5.805987e+00 0 74972
5.937104e+12 -1.647603e+13 -4.902625e+12 -9.964429e-02 -3.639960e-01 -9.260550e-01 -1.123883e+01 0 4
-1.114847e+12 4.937022e+12 -1.887274e+13 -1.889900e-01 1.268073e-01 -9.737570e-01 7.446976e+00 0 265627
-7.527948e+12 1.153628e+13 1.207558e+13 2.346882e-01 7.599514e-02 9.690956e-01 -9.659705e+00 0 190117
3.689463e+12 -7.732720e+12 1.495129e+13 9.955252e-02 -3.848349e-01 9.176009e-01 -9.338128e+00 0 57625
3.024802e+11 1.791190e+13 7.761441e+12 -5.710289e-01 8.203397e-01 -3.112605e-02 5.170840e+00 0 6
-9.428689e+12 4.738363e+12 -1.369853e+13 2.192192e-01 5.259333e-01 -8.217889e-01 -9.733980e-01 0 549364
-5.187531e+12 -1.525230e+13 -5.414057e+12 3.999844e-01 -7.786079e-01 -4.835102e-01 2.500984e+00 0 14044
7.606657e+12 1.525463e+13 5.636959e+12 2.166264e-01 8.397588e-01 -4.978736e-01 9.437036e+00 0 9
-7.006412e+12 -1.285519e+13 1.281271e+13 7.213670e-02 -4.272832e-01 9.012355e-01 -2.309022e+00 0 1
7.609605e+12 1.155448e+13 -1.169373e+13 5.742199e-02 9.969184e-01 5.344576e-02 1.029689e+01 0 198811
-2.358130e+11 1.667758e+13 8.119363e+12 1.303395e-01 9.731730e-01 -1.895942e-01 -7.711813e+00 0 2
1.476275e+13 -1.325609e+13 -8.092632e+12 1.678081e-01 -6.703547e-01 -7.228174e-01 -1.847861e+01 0 3
-8.551487e+10 -1.675795e+13 -2.188881e+13 7.334045e-02 -1.428148e-01 -9.870284e-01 -7.757286e+00 0 283154
-1.966330e+13 -8.525440e+12 -2.329412e+13 -8.352607e-01 -4.654881e-01 -2.926779e-01 -6.597452e+00 0 488084
1.671155e+13 -2.812837e+12 -1.740687e+12 4.573925e-01 2.743618e-01 8.458828e-01 9.534020e+00 0 1
-1.228607e+13 -1.242474e+13 1.105839e+12 -9.741199e-01 2.140926e-01 7.248965e-02 -1.661030e+01 0 1461491
7.090131e+12 -5.964236e+12 1.456180e+13 8.178624e-01 -2.485884e-02 5.748767e-01 9.446533e+00 0 612647
3.749420e+12 3.063854e+12 1.658310e+13 -6.469849e-01 7.151658e-01 2.644776e-01 -6.624261e-01 0 480076
1.133152e+13 7.201212e+12 1.631709e+13 9.501199e-01 5.961904e-02 3.061336e-01 -1.480952e+01 0 113133
-1.955211e+12 -3.400481e+13 3.302039e+12 2.313958e-01 -9.720033e-01 4.081130e-02 2.237634e+01 0 4
8.123919e+09 1.649456e+13 6.595188e+12 2.665048e-01 9.600639e-01 8.516169e-02 -1.046201e+01 0 21
1.698387e+13 1.117397e+12 -6.608420e+11 7.564934e-01 -2.782322e-02 6.534092e-01 -7.925511e+00 0 281041
5.835798e+12 -6.869300e+12 -1.524748e+13 5.792667e-02 -9.982707e-01 -1.000465e-02 -1.033833e+01 0 1
1.439794e+13 8.285312e+12 -4.671210e+12 9.679950e-01 2.286844e-01 1.033880e-01 -8.938442e+00 0 399296
-1.098873e+13 2.777593e+12 1.375740e+13 -8.267332e-01 5.110432e-01 2.352596e-01 3.940349e+00 0 413072
-6.327685e+12 -1.821560e+13 7.015199e+12 -3.537624e-01 -8.709027e-01 3.411460e-01 -8.402620e+00 0 896110
-4.975608e+12 1.641019e+13 -1.968563e+12 5.459543e-01 8.262069e-01 1.389820e-01 -1.833896e+01 0 2869151
9.359050e+12 8.002766e+12 -1.938082e+13 3.004240e-01 -6.066763e-02 -9.518744e-01 -9.600131e+00 0 1
2.063961e+13 3.557393e+12 1.757069e+12 9.346759e-01 3.336852e-01 -1.226179e-01 -3.627226e+00 0 528362
1.169932e+13 1.486789e+13 3.915108e+12 5.636608e-01 6.218937e-01 -5.436311e-01 6.504975e+00 0 1
1.569183e+12 -1.625778e+13 5.348840e+12 -3.135124e-01 -9.482015e-01 -5.122467e-02 -9.761021e+00 0 1122125
-2.037032e+13 -2.091486e+12 4.100816e+12 -9.592390e-01 -1.791475e-01 -2.185560e-01 -1.019598e+01 0 9
1.831317e+12 -8.046106e+12 1.516404e+13 -7.764280e-01 -5.002098e-01 3.833401e-01 -2.958011e+00 0 3
9.253007e+12 -1.218274e+13 -9.033738e+12 5.180355e-01 -6.397159e-01 -5.678052e-01 3.820897e+00 0 1880393
1.260914e+13 7.586976e+12 9.347427e+12 9.965557e-01 -5.778527e-02 5.947810e-02 -1.640538e+01 0 6
7.273521e+12 2.110392e+11 1.572785e+13 4.053189e-01 5.162470e-01 7.544572e-01 -2.222555e+00 0 1
9.613177e+12 1.077589e+12 1.398599e+13 -6.876338e-02 -5.148760e-01 8.545024e-01 2.639866e+00 0 140723
-1.561653e+13 1.552144e+12 -6.788255e+12 -9.272156e-01 2.638479e-01 2.658111e-01 4.118476e+00 0 427675
-7.746203e+12 -1.195470e+13 -1.224956e+13 -1.232031e-01 -9.772735e-01 -1.725035e-01 1.687773e+01 0 34561
-1.090189e+12 1.713389e+13 5.686850e+12 -6.041701e-01 7.894286e-01 1.085404e-01 -9.794776e-01 0 1145401
1.501140e+13 -6.768148e+10 8.283431e+12 8.234341e-01 -5.397322e-01 -1.750587e-01 -1.346570e+01 0 5
-9.914544e+12 9.474985e+12 -1.020343e+13 -6.220270e-01 2.558922e-01 -7.400011e-01 -4.138692e+00 0 71777
-3.445580e+12 1.883784e+13 6.100359e+12 -6.413549e-01 7.499231e-01 1.621091e-01 2.186314e+01 0 213196
-3.406601e+12 1.935290e+13 -1.109505e+12 3.477688e-01 9.370853e-01 -3.046465e-02 -5.154681e-01 0 103877
1.155119e+13 9.835792e+12 -7.619905e+12 9.742742e-01 2.196029e-01 -5.063884e-02 -4.040175e+00 0 277682
-6.373922e+12 -1.583994e+13 -3.377915e+12 -7.873684e-01 -5.948600e-01 -1.618412e-01 -7.879802e-01 0 273026
4.690392e+12 -1.367866e+13 1.121439e+13 8.712789e-01 -4.649902e-01 -1.570263e-01 8.293401e-01 0 551264
-1.662457e+13 2.808863e+12 5.610591e+12 -4.610314e-01 8.853139e-01 6.057541e-02 -1.912597e+01 0 17
-2.894574e+12 -7.316503e+12 -1.751778e+13 1.578297e-01 -7.686281e-01 -6.199198e-01 6.374214e+00 0 21562
-1.893485e+12 -3.545243e+12 -2.362276e+13 3.717021e-01 -4.770847e-01 -7.963842e-01 1.062185e+01 0 6
2.459974e+12 1.670241e+13 1.676536e+12 2.822660e-01 7.838779e-01 5.530474e-01 -3.559693e-01 0 1447239
-1.686851e+13 3.812306e+12 7.299945e+12 -9.867258e-01 -8.081229e-02 -1.408600e-01 1.143960e+01 0 1
4.627346e+12 -1.520732e+13 1.158156e+13 -4.893013e-01 -4.697377e-01 7.347998e-01 -1.747082e+01 0 7
8.029601e+12 -1.457790e+13 -4.138897e+12 -2.729987e-01 -7.646718e-01 -5.837368e-01 -1.464638e+01 0 244042
1.699333e+13 -3.979207e+12 -3.575529e+12 4.325522e-01 -8.805881e-01 -1.935541e-01 -1.768833e+01 0 856027
-8.437130e+12 -7.318143e+12 2.998209e+13 -5.904269e-01 -4.236478e-01 6.869633e-01 -1.399694e+01 0 4
-9.184357e+12 -1.601511e+13 -7.954118e+12 -1.966210e-01 -4.901184e-01 -8.491903e-01 -6.068976e+00 0 1
9.938378e+12 6.747553e+12 -1.465563e+13 3.523009e-01 2.520133e-01 -9.013176e-01 5.140270e+00 0 2
7.126510e+11 -1.727178e+13 -4.337109e+12 7.044777e-01 -5.688561e-01 4.243983e-01 1.544089e+01 0 153979
1.323552e+13 1.239995e+13 -3.602069e+13 -9.652736e-03 3.693810e-01 -9.292279e-01 -1.189136e+01 0 536404
-1.210366e+13 1.332501e+13 3.941385e+12 -5.420236e-01 5.509398e-01 6.345674e-01 -5.223783e+00 0 49801
-1.022440e+13 1.717379e+13 -7.900163e+12 -4.015359e-02 9.863132e-01 1.599189e-01 -9.202523e-01 0 573583
-1.847934e+11 6.093092e+12 1.585028e+13 2.309789e-01 8.575349e-01 4.596549e-01 -1.619169e+00 0 33993
-1.134320e+13 -1.284492e+12 2.602575e+13 1.069041e-01 5.070051e-02 9.929758e-01 -1.103981e+01 0 3
1.067410e+13 -1.266555e+13 3.936708e+12 5.224111e-01 -7.460049e-01 -4.129932e-01 -4.239675e+00 0 77994
-3.497026e+12 -1.536805e+13 -6.406563e+12 1.137851e-01 -3.461614e-01 -9.312493e-01 5.918938e+00 0 1
2.177442e+11 1.340939e+13 1.049330e+13 -5.063304e-01 7.116231e-02 8.593983e-01 1.248746e+01 0 189844
3.360855e+12 1.746023e+12 1.745697e+13 -4.670195e-01 -3.411027e-01 8.158074e-01 -4.316988e+00 0 156195
1.421736e+12 -1.455872e+13 9.462995e+12 -8.249481e-01 -3.934020e-01 4.058269e-01 -2.053171e+01 0 13
-6.968504e+12 -3.487523e+12 1.525121e+13 -6.096039e-01 4.001820e-01 6.842788e-01 3.407273e-01 0 547116
4.564794e+12 7.405959e+12 -1.716063e+13 3.259113e-02 6.010601e-01 -7.985390e-01 -5.063330e+00 0 34
-1.236365e+13 -1.024539e+13 -1.441730e+13 -6.266711e-02 -8.838130e-01 -4.636242e-01 1.227649e+01 0 138200
4.585633e+12 1.101259e+13 1.284983e+13 1.765126e-01 3.018330e-01 9.368779e-01 -2.961051e+00 0 837752
-1.179936e+13 5.888052e+12 -1.334227e+13 -2.178366e-01 4.919967e-01 -8.429036e-01 -1.215304e+01 0 4
1.726758e+12 -7.510919e+12 1.703178e+13 -6.107610e-01 -5.390483e-01 5.799982e-01 5.406993e-01 0 5424720
1.268576e+13 1.330426e+13 5.025010e+11 3.576835e-01 6.110798e-01 -7.061472e-01 8.336893e+00 0 250178
-5.148708e+12 1.620863e+13 9.407081e+12 -5.982215e-01 5.470956e-01 5.855061e-01 -3.465261e+00 0 14
6.173408e+12 -1.167906e+13 -1.270334e+13 7.034547e-01 -5.356253e-01 -4.671798e-01 1.109816e+01 0 125295
3.469620e+12 1.410492e+13 9.562875e+12 9.757008e-02 8.795345e-01 4.657243e-01 -4.596703e+00 0 3
-6.292200e+11 -3.044041e+13 -7.027104e+12 -2.177281e-01 -9.726503e-01 -8.090714e-02 -1.815447e+01 0 66855
-7.426884e+12 -1.258619e+13 1.086750e+13 -4.919363e-01 -7.933509e-01 3.585986e-01 -5.696703e+00 0 1972525
-3.766802e+12 -6.595360e+12 1.659700e+13 9.023820e-03 1.679426e-01 9.857555e-01 6.806968e+00 0 250251
5.606478e+12 -3.575578e+12 1.808386e+13 6.965547e-01 -6.460689e-01 3.121003e-01 5.508873e+00 0 473909
1.396047e+13 -8.335257e+12 -5.709383e+12 2.808427e-01 -3.825884e-01 -8.802008e-01 -7.224113e+00 0 239316
-1.271502e+13 -5.185156e+12 -1.408667e+13 -8.814238e-01 3.475726e-02 -4.710457e-01 3.377937e+00 0 1521675
-1.051761e+12 -1.625142e+13 -7.167613e+12 1.601919e-01 -9.804968e-01 -1.138623e-01 1.218421e+01 0 19
7.332191e+12 1.098091e+13 -1.243218e+13 8.973097e-01 3.281456e-01 -2.952216e-01 -1.439072e+00 0 1311452
-3.545616e+12 6.368092e+11 1.917802e+13 4.578898e-01 -5.455210e-01 7.019572e-01 7.717300e+00 0 131425
2.252030e+13 1.584062e+13 -5.737403e+12 7.580732e-01 6.230770e-01 1.926140e-01 1.322627e+01 0 52416
-9.051118e+12 -6.288352e+12 -1.364658e+13 1.668184e-01 -6.696411e-01 -7.237074e-01 1.080736e+01 0 845398
7.564988e+12 -4.350204e+12 -1.580166e+13 6.362280e-01 1.961595e-01 -7.461471e-01 7.361988e+00 0 216148
1.414417e+13 -2.666469e+12 9.867191e+12 9.777953e-02 -7.373314e-01 6.684172e-01 -1.287081e+01 0 441327
2.085973e+12 1.014307e+13 -1.347436e+13 7.002642e-01 7.116427e-01 -5.652174e-02 -2.509321e+00 0 362645
4.921211e+12 -2.587037e+13 3.030461e+12 4.017899e-01 -8.907630e-01 2.123822e-01 1.272935e+01 0 7
1.379266e+13 3.563535e+11 -1.322903e+13 9.667087e-01 -1.436712e-01 -2.117377e-01 -8.113657e+00 0 517706
-7.090175e+12 -7.888176e+12 1.770050e+13 -4.577096e-01 -8.050666e-01 3.773190e-01 -1.043064e+01 0 1212331
1.496677e+13 1.101658e+13 1.142611e+12 9.769361e-01 1.400793e-01 1.611637e-01 -1.442985e+00 0 1375487
1.634721e+13 -1.485774e+13 1.862734e+13 2.902597e-01 -5.143866e-01 8.069422e-01 7.063222e+00 0 728967
1.185439e+13 -1.145918e+13 -4.159860e+12 2.417047e-01 -7.500854e-01 -6.155898e-01 -1.069074e+01 0 758866
-1.184346e+13 1.162352e+13 -5.173048e+12 -2.661436e-01 7.364803e-01 -6.219038e-01 -1.140110e+01 0 1747398
-3.734545e+12 -2.319023e+13 2.590710e+13 -2.799315e-02 -9.089204e-01 4.160289e-01 -6.146646e+00 0 7
-1.203200e+12 -1.033819e+13 -1.484514e+13 5.964009e-01 1.734749e-01 -7.837170e-01 -7.646048e+00 0 3
1.210098e+13 1.545575e+13 -1.091967e+11 6.186624e-01 7.658932e-01 1.751125e-01 8.474898e+00 0 830716
1.234629e+13 -3.527674e+12 1.204406e+13 6.699991e-01 -2.769182e-01 6.887797e-01 5.176749e+00 0 11
-1.283411e+13 1.198143e+13 3.254278e+12 -9.380793e-02 7.237679e-01 6.836374e-01 -1.577449e+00 0 1
1.849167e+13 -9.259371e+12 -7.793727e+12 9.300598e-01 1.867439e-01 -3.164103e-01 1.694956e+01 0 198748
7.530495e+12 6.776481e+11 1.677437e+13 4.275916e-01 3.753919e-01 8.223420e-01 -3.659237e+00 0 1213715
1.522622e+13 -5.827505e+12 -8.871967e+12 2.857831e-01 -6.257197e-01 -7.258118e-01 -2.166530e+00 0 176693
1.405319e+13 -3.108431e+12 1.025186e+13 9.866287e-01 -1.325956e-02 1.624440e-01 -1.516345e+00 0 1016829
-1.668555e+13 -5.399206e+12 1.729249e+12 -9.647629e-01 1.690170e-01 2.016578e-01 -2.420471e+00 0 1752684
1.135399e+13 1.084191e+13 -9.820931e+12 3.579425e-01 3.614083e-01 -8.609653e-01 -5.622130e+00 0 247949
-4.783540e+12 8.257132e+12 -1.484636e+13 -2.036585e-01 1.359932e-01 -9.695510e-01 -6.611726e+00 0 738287
-3.669522e+12 1.781137e+13 4.742025e+12 -4.023781e-01 8.856856e-01 2.316309e-01 1.128357e+01 0 1433056
6.870158e+11 -1.308057e+13 -2.710368e+13 -2.656763e-02 -5.665360e-01 -8.236086e-01 8.121463e+00 0 151387
2.678485e+13 3.026248e+12 -9.779611e+12 9.931384e-01 8.700168e-02 7.814561e-02 8.253480e+00 0 1441034
1.343309e+12 -9.050674e+12 2.293056e+13 6.311679e-01 -2.627512e-02 7.752011e-01 -6.087970e+00 0 820697
-1.880058e+13 6.951522e+12 -2.648056e+12 -9.350361e-01 -1.185939e-02 3.543540e-01 1.806293e+00 0 82785
-7.580496e+12 1.478620e+13 6.073726e+12 5.570378e-01 5.294522e-01 6.398354e-01 -1.746166e+01 0 2348352
-4.234389e+12 7.416644e+12 1.504077e+13 -8.661674e-01 -1.498790e-01 4.767497e-01 6.110325e-01 0 2
-5.189640e+12 -9.581637e+12 1.374249e+13 5.315405e-01 2.256138e-01 8.164332e-01 1.038302e+01 0 878382
-7.770114e+11 -3.717894e+12 -1.870180e+13 -1.701062e-01 -6.848713e-01 -7.085304e-01 3.780442e+00 0 84991
1.241298e+13 -2.643929e+12 1.427874e+13 1.632198e-01 1.904369e-01 9.680357e-01 -7.246437e+00 0 962051
-1.090332e+13 -2.472995e+13 -7.321239e+12 -2.394672e-01 -9.590127e-01 1.514928e-01 1.098466e+01 0 678737
9.600316e+12 2.657549e+12 1.476873e+13 5.575410e-01 6.255232e-01 5.457736e-01 1.187796e+01 0 2
1.273408e+13 -1.507365e+13 3.015890e+12 5.168018e-01 -5.873172e-01 -6.228760e-01 1.010708e+01 0 1644371
3.263891e+13 1.420627e+13 -2.033219e+12 8.792696e-01 4.720695e-01 6.352368e-02 -4.658536e+00 0 696614
-9.386030e+12 1.644516e+12 -1.403882e+13 -5.558606e-01 -8.288162e-01 -6.389683e-02 6.465358e+00 0 36193
-1.354515e+13 1.016181e+13 -1.255412e+13 -6.356975e-01 7.615115e-01 -1.264475e-01 3.900890e+00 0 568449
-4.245225e+11 -1.461909e+13 -1.896878e+13 -1.297030e-02 -7.476723e-02 -9.971167e-01 9.573495e+00 0 927690
-8.093148e+12 -2.423043e+13 -3.451698e+12 -5.336932e-01 -8.407803e-01 -9.088526e-02 2.160466e+00 0 4
4.888217e+12 -1.645623e+13 -2.128712e+13 5.642999e-01 -4.834155e-01 -6.692346e-01 -1.053893e+00 0 129706
1.189795e+13 -8.981246e+12 -1.196291e+13 -1.870732e-01 -3.633240e-01 -9.126880e-01 2.678278e+00 0 3
-8.513607e+11 1.581146e+13 -2.333952e+13 3.680788e-02 1.558913e-02 -9.992008e-01 -1.163508e+01 0 1
-1.578380e+13 -4.783791e+12 4.761398e+12 -6.232706e-01 4.045924e-01 6.692075e-01 -1.222124e+01 0 655046
1.051536e+13 -3.500964e+12 1.604084e+13 5.612112e-01 3.611625e-01 7.447172e-01 -3.975159e+00 0 3
3.508339e+12 6.333947e+12 -2.065448e+13 2.884254e-01 -2.281882e-01 -9.299145e-01 -1.041687e+01 0 248140
-5.004420e+12 -3.334836e+12 -4.182751e+13 -1.342960e-01 1.540740e-01 -9.788901e-01 8.910058e+00 0 2144436
1.180406e+13 -1.224048e+13 -1.751868e+13 5.262870e-01 3.717044e-02 -8.494942e-01 1.663184e+01 0 2
7.813801e+12 -8.981095e+12 -1.275436e+13 7.725406e-01 -6.349097e-01 8.411879e-03 -3.881224e+00 0 674144
1.820244e+13 8.502859e+11 -6.364990e+12 7.611425e-01 4.632949e-01 4.538942e-01 1.274644e+01 0 324700
-7.857003e+12 1.574207e+13 -1.492646e+12 -4.075212e-01 8.692950e-01 -2.797370e-01 4.241704e+00 0 695266
-2.244815e+13 1.584311e+12 1.023963e+13 -4.917353e-01 3.224236e-01 8.088507e-01 -1.873941e+01 0 4
-1.984027e+12 1.381456e+13 -1.045732e+13 -3.458665e-01 7.750505e-01 -5.288413e-01 2.892950e+00 0 89943
-6.881826e+12 -1.234788e+13 1.067869e+13 -5.350388e-01 -5.944394e-01 6.003126e-01 6.176869e+00 0 1
-5.412583e+12 -3.821918e+12 1.594905e+13 -1.577095e-01 2.297668e-01 9.603827e-01 2.578843e+00 0 1551301
2.023983e+12 7.650113e+12 -1.522771e+13 8.644500e-01 -5.316229e-02 -4.998999e-01 -1.107696e+01 0 2
6.290142e+11 1.199506e+13 -1.614558e+13 9.010062e-02 7.885766e-01 -6.082999e-01 -5.550358e+00 0 225448
1.116284e+13 -5.779038e+12 1.189834e+13 -1.922474e-01 -2.413417e-01 9.512072e-01 -8.056605e+00 0 207202
-1.685116e+13 4.106747e+11 -7.015402e+12 -5.998331e-01 5.607272e-01 -5.707760e-01 -4.793596e+00 0 33007
1.336167e+13 4.416493e+12 -9.496063e+12 2.883187e-01 -2.657606e-01 -9.199150e-01 -3.456939e+00 0 32577
7.101675e+12 5.458334e+11 1.579835e+13 3.913529e-01 5.848174e-01 7.105150e-01 1.019937e+01 0 75753
5.378423e+12 4.766398e+11 -1.640356e+13 9.218563e-01 -3.875235e-01 -2.539284e-03 -9.949690e+00 0 859181
-1.464021e+13 -9.166466e+11 9.549408e+12 -9.659621e-01 1.576530e-01 2.050919e-01 -9.657991e+00 0 260523
-2.017222e+12 -1.781697e+13 1.064617e+12 6.229691e-01 -7.288265e-01 2.841151e-01 3.583817e+00 0 8
6.589857e+12 -1.234755e+13 9.658700e+12 6.258718e-01 -3.451440e-01 6.993998e-01 2.095285e+00 0 69638
-1.501213e+13 7.099898e+12 -7.447557e+12 -5.649312e-01 -2.413068e-01 -7.890651e-01 1.094357e+01 0 939709
1.091301e+13 9.629442e+12 -1.121430e+13 4.119788e-01 8.368878e-01 3.604058e-01 -1.833349e+00 0 10
-8.767747e+12 5.423392e+12 -1.592452e+13 -6.521242e-01 -2.741341e-01 -7.068129e-01 1.581260e+01 0 2404612
1.686594e+13 -2.110520e+12 -6.815857e+12 6.338767e-01 3.402894e-01 -6.945527e-01 1.438130e+01 0 1389319
2.635410e+12 -1.840723e+13 1.175801e+13 2.091844e-01 -8.521472e-01 4.796739e-01 6.860067e+00 0 555867
-1.244255e+13 1.559937e+12 1.169280e+13 -9.269546e-01 8.085454e-02 3.663572e-01 -4.063513e+00 0 451251
-8.042125e+12 -1.548555e+13 -1.103820e+12 2.010135e-01 -9.598457e-01 -1.956780e-01 1.924924e+00 0 27291
-1.484923e+13 1.429962e+13 1.020147e+12 -1.062785e-01 9.839100e-01 -1.436178e-01 -4.551940e+00 0 6
-4.809169e+12 7.186281e+12 1.634339e+13 -7.373969e-01 3.035070e-01 6.034313e-01 8.035675e+00 0 829505
1.052242e+13 -5.891498e+12 1.320484e+13 1.761855e-02 -3.402022e-01 9.401872e-01 6.713658e+00 0 12
-1.343240e+13 -1.332067e+13 -2.309357e+12 -8.197691e-01 -5.074089e-01 2.655463e-01 1.093099e+00 0 2899786
-1.320809e+13 1.278749e+13 4.696655e+11 -5.632016e-01 7.691253e-01 -3.020766e-01 6.148304e+00 0 1
-1.509112e+13 6.103543e+12 6.607968e+12 -4.843614e-01 -5.958578e-01 6.405838e-01 1.562994e+01 0 206053
-6.872216e+12 1.564339e+13 -2.049977e+12 -4.904956e-01 8.664402e-01 -9.325006e-02 -4.060277e+00 0 10292
7.625907e+12 -8.795387e+12 1.565117e+13 5.054898e-01 -2.193846e-01 8.344762e-01 8.434618e+00 0 3303691
-1.003458e+13 6.937906e+12 1.402020e+13 -1.574978e-01 9.461142e-01 2.829530e-01 -1.791201e+01 0 107527
2.229825e+13 1.736440e+13 -1.355912e+13 7.591824e-01 2.119956e-01 -6.153860e-01 -1.796432e+01 0 1
-1.548836e+13 -1.417371e+13 5.278424e+12 -8.026991e-01 -5.950819e-01 3.939041e-02 4.030566e+00 0 2138602
-4.219199e+12 -1.120752e+13 2.585162e+13 -6.049038e-01 -2.380627e-01 7.598799e-01 -1.291250e+01 0 1
7.182491e+12 8.833312e+12 -1.299198e+13 8.377145e-01 2.726524e-01 -4.731756e-01 -5.473399e-02 0 294447
1.569120e+13 -1.196581e+13 -7.304534e+12 5.327291e-01 -8.141701e-01 2.309259e-01 3.676691e+00 0 14
3.539488e+12 -1.246608e+13 1.233502e+13 -3.819117e-01 -9.196199e-01 9.188398e-02 -1.745641e+01 0 179897
3.326334e+12 3.713947e+11 -1.691017e+13 -7.871909e-01 -3.829230e-01 -4.834257e-01 2.790041e+00 0 116971
7.872292e+12 -1.519644e+12 -1.767584e+13 9.153195e-02 -3.274199e-01 -9.404351e-01 1.593210e+00 0 132788
1.254493e+13 -1.133737e+13 -1.509051e+12 5.495763e-01 -8.154584e-01 1.816413e-01 7.174448e+00 0 1
-3.769519e+12 -1.286153e+13 -1.113398e+13 -1.680798e-01 -8.301446e-01 5.316099e-01 -5.042865e+00 0 2
-4.104239e+12 -2.111010e+13 9.590644e+11 -2.413917e-01 -9.237976e-01 2.972003e-01 3.991636e+00 0 2
4.948214e+12 -6.889552e+12 -1.534380e+13 6.206633e-01 -4.093902e-01 -6.687127e-01 -4.120728e+00 0 72472
-2.409676e+13 2.774666e+12 -2.037768e+12 -9.765113e-01 -1.353075e-01 -1.676831e-01 -1.220814e+00 0 41
1.661499e+13 3.475838e+12 -1.417118e+12 4.965243e-01 -1.924990e-01 8.464087e-01 -1.081008e+01 0 1414106
-8.527297e+12 4.403821e+12 1.532521e+13 -4.068672e-01 8.948239e-01 1.837096e-01 -7.323452e-01 0 128
1.569808e+13 -7.571643e+12 8.812142e+12 8.924414e-01 -7.843640e-02 -4.442929e-01 -5.405221e-01 0 38603
1.439201e+13 6.895027e+12 -6.558952e+12 2.554529e-01 1.099161e-01 -9.605531e-01 -4.170276e+00 0 517561
8.836839e+12 8.662328e+12 -1.179203e+13 5.476371e-01 7.835625e-01 2.934678e-01 8.326031e+00 0 296248
1.107519e+13 -1.419941e+13 1.906268e+12 6.778768e-01 -5.696389e-01 4.647521e-01 7.967138e+00 0 53510
1.427778e+13 9.411120e+12 1.010318e+13 8.410948e-01 -1.326265e-01 5.243755e-01 -4.021369e+00 0 616931
-6.844352e+12 6.403962e+12 -1.430131e+13 -7.197334e-02 8.840174e-01 -4.618799e-01 2.069982e+00 0 535261
1.565919e+13 -1.105223e+13 -5.357816e+12 5.453775e-01 -7.814504e-01 3.031479e-01 -1.377432e+01 0 363461
-1.775725e+12 1.638683e+13 4.039051e+12 -6.895816e-01 7.220932e-01 -5.530541e-02 1.712446e+01 0 166384
3.574922e+12 1.562893e+13 -5.890740e+12 4.659507e-01 6.490668e-01 -6.013337e-01 2.868341e-01 0 137909
4.183418e+12 9.012743e+12 1.379939e+13 -3.406278e-01 7.415895e-01 5.779427e-01 9.900589e+00 0 955105
-1.519015e+13 -1.034541e+12 -8.926432e+12 -9.606164e-01 2.660661e-01 -8.015587e-02 -1.314201e+01 0 1084468
-2.137813e+13 7.430646e+12 1.912334e+12 -9.893509e-01 8.192167e-02 -1.203062e-01 1.253865e+01 0 217219
8.627488e+12 1.526274e+13 -1.010878e+13 6.165191e-01 6.675805e-01 -4.174213e-01 2.268951e+00 0 154007
6.225002e+12 6.616433e+12 1.634960e+13 2.942048e-01 5.943299e-01 7.484754e-01 5.289358e+00 0 232457
1.818529e+13 7.874540e+12 5.207591e+11 9.696026e-01 -1.195461e-01 -2.134938e-01 -1.539962e+01 0 113828
4.428791e+12 -6.959957e+12 -1.519138e+13 3.788337e-01 -5.735932e-01 -7.262754e-01 1.000140e+01 0 42434
-1.117649e+13 -1.206544e+13 -5.339061e+12 -6.924969e-01 -7.125809e-01 -1.125898e-01 -1.711278e+00 0 1360843
6.523222e+12 -1.696882e+13 2.097504e+12 3.585123e-01 -6.162221e-01 7.012413e-01 -7.153817e+00 0 702622
-1.022349e+12 -2.426995e+13 2.664736e+12 -2.055236e-01 -9.318652e-01 2.989771e-01 -1.597754e+01 0 6
-1.129514e+13 1.282815e+13 -6.151764e+12 -9.642473e-02 2.481681e-01 -9.639060e-01 4.676640e+00 0 96958
1.386781e+13 -1.136556e+13 1.612929e+13 7.747803e-01 6.265100e-02 6.291186e-01 -2.902931e+00 0 909006
-1.111472e+13 8.558069e+12 -1.271798e+13 -9.778391e-01 1.119029e-01 -1.769420e-01 -6.692865e-01 0 1121358
-1.713301e+13 -2.919316e+12 -4.720419e+12 -8.506744e-01 -2.894894e-01 -4.388041e-01 -6.204745e+00 0 6
-1.710913e+13 -2.222247e+12 -1.695053e+12 -4.254286e-01 -5.494513e-01 -7.191062e-01 1.400856e+01 0 577890
-1.301351e+12 1.441503e+13 3.128873e+13 -4.450768e-01 4.092053e-01 7.965285e-01 1.812425e+01 0 2
-4.526300e+12 1.807969e+13 -7.262963e+11 2.533824e-01 9.438304e-01 -2.120884e-01 -5.306824e+00 0 10
1.218988e+13 -1.094612e+13 7.710900e+12 3.676646e-01 -9.195141e-01 -1.389841e-01 -1.210062e+01 0 6
8.494763e+12 4.424699e+12 1.402080e+13 3.800498e-02 8.934239e-01 4.476040e-01 2.247366e+00 0 644470
1.591819e+13 -6.438284e+11 -6.039674e+12 7.441501e-01 -5.881056e-01 -3.168159e-01 -2.524300e+00 0 1069537
1.988982e+12 -1.447792e+13 1.115617e+13 -2.765000e-01 -9.506183e-01 -1.409701e-01 -2.636349e-01 0 33265
1.330882e+12 5.039499e+12 -1.746699e+13 -4.522068e-01 7.414449e-01 -4.957505e-01 8.283134e+00 0 2
1.372648e+13 -1.119983e+13 -5.006476e+11 5.687291e-01 -1.528467e-01 8.081987e-01 6.650567e+00 0 462880
-1.286256e+13 -1.187666e+13 1.080913e+12 8.740805e-02 -9.559494e-01 -2.802151e-01 8.231101e+00 0 1
1.945861e+12 -6.155407e+12 -2.681600e+13 -3.622530e-01 -2.166324e-01 -9.065557e-01 -1.434265e+01 0 4216
7.205716e+12 -1.180466e+13 1.172891e+13 -4.054079e-01 -3.066500e-01 8.611680e-01 -2.530566e+00 0 36960
1.610431e+13 1.127196e+13 -1.508723e+13 8.342756e-01 5.269127e-01 -1.623182e-01 6.968365e+00 0 1538250
-5.431254e+12 1.819906e+13 -2.751196e+13 -3.871293e-01 4.552866e-01 -8.017761e-01 -4.334216e+00 0 1135337
-4.537468e+12 -1.690129e+12 -1.692848e+13 3.396940e-01 -2.486080e-01 -9.070843e-01 -5.221207e+00 0 4
2.026296e+12 -7.837817e+12 -1.727303e+13 -5.554405e-02 -1.046147e-01 -9.929605e-01 7.789327e+00 0 14
-6.271246e+12 -1.043657e+13 -1.192880e+13 -9.506453e-02 -8.983121e-01 -4.289499e-01 1.326029e+01 0 2
1.059878e+12 -6.152942e+12 -1.596129e+13 3.015030e-01 8.191438e-02 -9.499400e-01 2.173802e+00 0 1210672
-1.281185e+13 -1.198654e+13 3.518240e+12 -8.926317e-01 -4.500682e-01 2.544214e-02 -1.157729e+01 0 1474168
-1.678704e+13 -3.201386e+12 -4.533127e+12 -3.493907e-01 -9.077717e-01 2.321134e-01 1.715504e+01 0 674482
-3.028875e+12 1.673052e+13 3.370123e+12 2.249905e-01 9.506522e-01 -2.136344e-01 -2.192671e+00 0 589474
2.454398e+12 1.565525e+13 7.652442e+12 -2.553336e-01 9.631301e-01 -8.476524e-02 1.561796e+00 0 722765
8.788043e+12 -1.454699e+13 -5.449455e+12 7.230675e-01 -6.907319e-01 -7.922268e-03 1.235978e+01 0 2
-1.677657e+13 7.687793e+12 1.078597e+13 -5.409873e-01 -4.015603e-01 7.389737e-01 9.094088e-01 0 1
7.430599e+12 -1.200222e+13 -9.904071e+12 -1.936257e-01 -9.688115e-01 1.546396e-01 -1.588735e+00 0 2941437
8.632873e+12 -9.820458e+12 -1.546172e+13 8.515983e-01 -5.131252e-01 -1.071584e-01 -1.501871e+00 0 1197530
1.648750e+12 9.157499e+12 1.453610e+13 4.560255e-01 -1.014379e-01 8.841669e-01 4.065705e+00 0 246777
-6.376914e+12 1.111739e+13 1.295432e+13 -3.501697e-02 7.821826e-01 6.220644e-01 -1.446498e+01 0 256886
-1.973500e+13 -5.035516e+12 2.114523e+12 -9.787841e-01 2.046259e-01 -1.048845e-02 1.890757e+00 0 1
8.473872e+12 -3.689662e+12 -1.823339e+13 -8.549021e-02 -4.731686e-01 -8.768141e-01 -1.389782e+01 0 1130823
1.744804e+13 6.780197e+12 -3.270009e+12 9.874567e-01 1.301700e-01 -8.935894e-02 -3.286498e-01 0 557556
-1.650398e+13 -2.981062e+12 4.155444e+12 -8.480878e-01 3.024032e-01 -4.350855e-01 -1.261837e+01 0 2
6.321568e+12 -1.368877e+13 1.008081e+13 4.451776e-01 -7.129355e-01 5.417931e-01 7.118745e+00 0 1068465
-1.165140e+13 1.650719e+13 -1.156218e+13 -3.891872e-01 4.024277e-01 -8.286044e-01 -6.307671e+00 0 2
-5.089973e+12 -5.142081e+11 -1.618007e+13 -8.644100e-01 -3.892144e-01 -3.182885e-01 -3.456837e+00 0 174243
-8.956112e+12 -4.600929e+12 1.387153e+13 -8.251362e-02 -9.593635e-01 2.698393e-01 -5.163037e-01 0 218838
-1.570430e+13 9.037399e+12 -7.017531e+12 -5.379472e-01 8.218251e-01 1.876598e-01 -1.773418e+01 0 398999
5.024666e+12 -1.495304e+13 6.400450e+12 5.918785e-01 -6.146822e-01 -5.213882e-01 1.029337e+01 0 93917
-1.014041e+13 1.508434e+13 2.999720e+12 -2.526378e-01 8.980666e-01 3.600703e-01 -1.105247e+01 0 14
1.412844e+13 8.794768e+12 -7.912712e+12 2.043991e-01 8.564963e-01 -4.739568e-01 -1.641867e+00 0 7086
-1.477476e+13 1.321505e+12 -9.668276e+12 -9.009092e-01 3.539231e-01 2.511992e-01 1.460773e-01 0 501296
-1.013620e+13 1.402115e+13 9.128258e+12 -6.625627e-01 2.258385e-01 7.141482e-01 1.310055e+01 0 117451
7.916556e+12 -1.359139e+13 6.486782e+12 4.256737e-01 -5.314098e-01 -7.323971e-01 -5.267736e+00 0 1298237
6.173927e+12 -1.407279e+13 8.819284e+12 -5.718137e-01 -7.073930e-01 4.154807e-01 -1.971836e+01 0 4
-4.125482e+12 -9.607516e+12 -1.342652e+13 1.867518e-01 -9.712097e-01 1.479034e-01 -2.778585e+00 0 1827922
-4.145764e+12 1.004323e+13 -1.489012e+13 -5.618668e-01 6.495577e-02 -8.246736e-01 1.487284e+01 0 546873
1.802330e+13 -2.277921e+10 -3.176763e+12 9.985351e-01 -2.097793e-02 4.987533e-02 -6.109864e+00 0 234599
1.106608e+13 1.221945e+13 5.439489e+12 8.972692e-01 4.369740e-01 6.294213e-02 -1.332386e+01 0 695218
-1.959344e+13 6.317895e+12 -3.928280e+12 -4.837520e-01 4.632807e-01 -7.425328e-01 6.021332e+00 0 1
1.541669e+13 1.371898e+13 -9.435068e+12 8.228244e-01 8.388769e-02 -5.620702e-01 -1.982889e+01 0 416658
9.349763e+12 -6.169633e+12 2.266555e+13 1.072662e-01 -1.711002e-01 9.793971e-01 8.775851e+00 0 699499
-3.206043e+13 -9.698083e+12 -7.617823e+12 -9.382341e-01 -3.360094e-01 8.254985e-02 -1.224341e+01 0 6
1.123560e+13 2.121070e+12 1.413064e+13 5.006043e-01 1.668393e-01 8.494469e-01 -6.585464e+00 0 2097321
1.541433e+13 9.681409e+12 5.881110e+12 7.315245e-01 2.607039e-01 6.300043e-01 6.730411e+00 0 6
3.776250e+12 -4.969937e+12 1.988300e+13 1.537571e-02 -5.631474e-02 9.982947e-01 -8.158368e+00 0 4
6.006553e+12 2.495644e+12 -1.597839e+13 2.966827e-01 3.718586e-01 -8.796025e-01 -1.866025e+00 0 118580
-2.115035e+13 -8.846019e+12 -5.132313e+12 -9.016058e-01 -3.446021e-01 -2.614503e-01 -1.148087e+01 0 15
-1.693173e+13 -6.948783e+12 4.046229e+12 -4.537042e-01 -6.131531e-01 6.466806e-01 -5.831567e+00 0 8
8.926897e+12 -4.741657e+12 1.366785e+13 1.879909e-01 6.053256e-02 9.803036e-01 9.380074e+00 0 46984
-7.250525e+12 -1.970773e+12 1.619631e+13 -3.655372e-02 -4.481883e-01 8.931915e-01 1.539759e+01 0 3
-5.893984e+12 -9.949882e+12 -1.333875e+13 -2.254146e-01 4.283339e-02 -9.733209e-01 -8.310497e+00 0 3387962
-1.098357e+13 1.000609e+13 1.031866e+13 -6.944954e-01 6.189261e-01 -3.668877e-01 -8.110289e+00 0 1
1.563232e+13 -6.160581e+12 1.143459e+13 3.791220e-01 -6.455909e-01 6.629321e-01 -1.651569e+01 0 909386
-9.898061e+12 -1.104494e+13 1.122170e+13 -3.547422e-01 -4.236023e-01 8.334981e-01 -5.623894e+00 0 3
8.918570e+12 -1.633208e+13 5.369863e+12 4.624526e-01 -8.775762e-01 -1.264816e-01 -5.654318e+00 0 41264
-1.528013e+13 -7.842416e+12 -5.333120e+12 -5.052220e-01 -5.643327e-01 6.529007e-01 -4.161974e+00 0 171733
9.073362e+12 -1.365221e+13 -7.423632e+12 6.932530e-01 -6.792963e-01 -2.407423e-01 -4.790358e-01 0 139984
-1.677512e+13 3.933908e+12 1.224532e+13 -6.369822e-01 -4.161143e-01 6.489242e-01 1.757733e+01 0 402958
-1.067202e+13 1.365437e+13 9.220394e+12 -5.741242e-01 5.603998e-01 5.969367e-01 8.088431e+00 0 1301004
-5.144976e+12 -8.110567e+12 1.408243e+13 -7.095168e-01 -6.979636e-01 -9.712195e-02 -3.311837e+00 0 303742
1.758988e+13 -2.206883e+12 2.785173e+12 8.405509e-01 -2.641592e-01 4.729631e-01 -7.629855e+00 0 571674
1.976269e+13 -1.570099e+12 3.435397e+12 7.708082e-01 5.717513e-01 2.809898e-01 2.069365e+00 0 617316
1.182514e+13 -5.094227e+12 -1.235212e+13 6.401841e-01 -6.446842e-01 -4.177877e-01 -1.274441e+01 0 234374
-1.326244e+13 5.798183e+12 9.820851e+12 -8.704088e-01 8.788344e-02 4.844223e-01 1.004775e+01 0 477541
-4.156295e+12 -1.629247e+13 3.970661e+12 -6.724508e-02 -5.544481e-01 -8.294971e-01 -7.373627e+00 0 635942
1.122324e+13 -1.445055e+13 1.582840e+12 9.537533e-01 -2.358008e-01 1.864205e-01 3.875069e+00 0 414395
1.220387e+13 1.870573e+13 3.964135e+12 4.807606e-01 7.603210e-01 4.367850e-01 6.542291e+00 0 23262
-5.001137e+12 1.613892e+13 5.366867e+12 -3.050511e-01 5.350761e-01 7.878054e-01 -3.736867e+00 0 5
-1.526081e+13 2.070895e+12 7.126898e+12 -8.089845e-01 3.489749e-01 4.730334e-01 -1.849656e+00 0 710229
-3.723203e+12 8.907477e+12 1.518820e+13 -6.291847e-01 7.262971e-01 2.768015e-01 -2.513742e+00 0 237142
1.790310e+13 -3.584188e+12 1.277355e+12 9.365706e-01 3.501529e-01 1.511264e-02 1.551976e+01 0 1132206
1.136926e+13 -1.500614e+12 -1.774742e+13 8.452820e-01 -4.252996e-01 -3.234480e-01 3.956976e+00 0 1102444
5.871080e+12 -1.325145e+13 -9.689691e+12 -7.064102e-01 -3.895930e-01 -5.909331e-01 -2.718129e+00 0 2359706
-8.528386e+12 8.184448e+12 -1.325867e+13 -9.290015e-01 2.633942e-01 -2.599610e-01 1.057708e+00 0 48908
-1.065610e+13 -1.655651e+13 5.131096e+11 -2.692792e-01 -7.924585e-01 5.472643e-01 1.074403e-01 0 1437339
-1.411784e+13 -1.057581e+11 -1.107153e+13 -9.545239e-01 -5.172119e-02 -2.936137e-01 8.119442e+00 0 2011326
-2.123266e+12 -2.885993e+12 1.674527e+13 -6.643318e-01 -7.098453e-01 2.340575e-01 -4.022920e+00 0 26703
-2.335632e+13 -1.977877e+13 2.035983e+12 -7.590084e-01 -6.443186e-01 9.359343e-02 -1.083171e+01 0 6
-2.425331e+12 3.179105e+12 -1.859929e+13 -6.724913e-01 2.971331e-01 -6.778402e-01 9.165814e+00 0 32918
1.413196e+12 8.644593e+12 1.578624e+13 1.309393e-01 4.844277e-01 8.649767e-01 -5.331727e+00 0 5
-1.319916e+13 -1.039741e+13 2.994656e+12 -7.585648e-01 -6.213108e-01 -1.963474e-01 4.765690e+00 0 127484
3.278891e+12 2.311241e+12 1.659030e+13 4.725319e-01 4.489423e-01 7.583959e-01 8.230628e+00 0 1115879
1.229014e+13 7.592325e+12 -9.681809e+12 4.851477e-01 4.420125e-01 -7.544910e-01 -2.006194e+00 0 437985
-7.971431e+12 1.296392e+13 -1.120433e+13 -8.311463e-02 9.514193e-01 -2.964679e-01 -1.146348e+01 0 25752
-1.386988e+13 -1.297438e+13 -8.030217e+12 -4.113622e-01 -4.686180e-01 -7.817790e-01 9.210796e+00 0 357420
-1.554781e+13 -2.148236e+12 -8.655161e+12 -7.339973e-02 -8.526683e-01 -5.172710e-01 5.450787e+00 0 584894
1.898864e+13 2.157540e+12 1.478432e+13 3.102189e-01 -1.023477e-01 9.451398e-01 7.516749e+00 0 2
-1.050132e+13 3.045940e+12 -1.341157e+13 1.851267e-02 7.742306e-01 -6.326328e-01 -1.219379e+01 0 2828002
-2.956679e+12 -9.957259e+12 -1.343501e+13 -7.124024e-01 -6.681178e-01 2.147124e-01 -5.778142e+00 0 942
1.632710e+13 -1.335225e+13 2.070508e+13 4.062120e-01 -1.320700e-01 9.041844e-01 1.001673e+01 0 2
5.845530e+11 1.695219e+13 -1.560827e+13 1.161295e-01 4.219912e-01 -8.991314e-01 7.352906e+00 0 1534005
-2.107515e+12 -8.995153e+12 -1.490442e+13 -4.836694e-01 -5.198717e-01 -7.041288e-01 6.907561e+00 0 256796
8.114511e+12 -2.056055e+13 8.660573e+12 6.857116e-01 -5.040312e-01 5.251211e-01 1.881949e+01 0 2
-1.470645e+11 8.890940e+12 1.788814e+13 5.122717e-01 1.291712e-01 8.490539e-01 6.262296e+00 0 197286
-1.314567e+13 3.575127e+12 1.059342e+13 -9.294060e-01 1.258647e-01 -3.469330e-01 5.103430e+00 0 143721
1.116742e+13 -5.205521e+12 -1.166759e+13 6.981643e-01 -6.866593e-01 -2.026462e-01 -5.873381e+00 0 855086
1.391870e+13 -1.018956e+13 -5.081925e+12 9.792129e-01 -1.603108e-01 -1.242683e-01 1.417181e+01 0 9
1.142100e+13 -1.185238e+13 4.119145e+12 5.382687e-01 -2.535372e-01 8.037324e-01 4.987223e+00 0 3145277
-4.876010e+12 1.120674e+13 -1.247149e+13 -3.578039e-01 -2.129764e-01 -9.091850e-01 -1.290520e+00 0 87640
-1.523905e+13 -7.389274e+12 9.576421e+11 -7.879789e-01 -9.790860e-03 6.156244e-01 -3.221635e+00 0 164291
2.137641e+12 1.426629e+13 -1.002279e+13 1.324019e-02 6.139301e-01 -7.892494e-01 4.869045e+00 0 2618294
1.718069e+13 3.970955e+12 -1.129761e+12 8.539762e-01 4.890556e-01 -1.776210e-01 1.351813e+01 0 2
-9.617619e+12 4.800118e+12 -1.437026e+13 -1.802865e-01 -2.793861e-01 -9.431013e-01 1.077519e+01 0 19907
-9.603895e+12 5.162238e+12 -1.820000e+13 -1.121004e-01 7.035430e-01 -7.017554e-01 7.081856e-01 0 6
-3.877772e+12 1.715819e+13 5.023493e+12 -2.414839e-01 9.700077e-01 -2.775853e-02 -6.625976e+00 0 740561
1.039748e+13 1.317652e+13 -1.098481e+13 6.193405e-01 7.655291e-01 -1.743058e-01 -4.989431e+00 0 452403
-7.513574e+12 -1.015466e+13 -1.458271e+13 -1.406348e-01 -2.600001e-01 -9.553124e-01 8.538304e+00 0 888067
1.603930e+13 4.620110e+12 3.998156e+12 9.428508e-01 1.737623e-03 -3.332106e-01 -7.318880e+00 0 158996
-7.899915e+12 -1.476617e+12 -1.606341e+13 -4.248855e-01 6.422541e-02 -9.029659e-01 -7.074581e+00 0 676304
2.416027e+12 -1.672602e+13 1.788080e+13 8.701404e-02 -5.272983e-01 8.452130e-01 -1.003639e+01 0 304911
1.291702e+12 4.060960e+12 -1.723722e+13 -3.348674e-01 2.727744e-01 -9.019190e-01 5.782869e+00 0 535022
-1.241350e+13 -2.495431e+12 1.683057e+13 -5.580191e-01 -2.784330e-01 7.817223e-01 9.638273e+00 0 136864
7.449827e+12 6.270806e+11 -1.703419e+13 4.028714e-01 5.412417e-01 -7.380732e-01 -5.228633e+00 0 531834
-1.003833e+13 -1.254534e+13 -5.787572e+12 1.358116e-01 -7.068414e-01 -6.942121e-01 6.229019e+00 0 646843
2.035592e+13 6.872397e+12 1.518939e+12 9.670361e-01 -5.299137e-02 2.490644e-01 4.380677e-01 0 1310493
2.040532e+13 7.456046e+12 -1.163058e+13 6.762040e-01 7.108856e-01 -1.933645e-01 1.721001e+01 0 1
4.749887e+12 8.147898e+12 -1.929502e+13 6.076174e-01 2.493003e-02 -7.938385e-01 3.635823e+00 0 171467
-1.010214e+13 4.279584e+12 -1.620477e+13 -6.735511e-01 4.185992e-01 -6.091828e-01 -6.936432e+00 0 636514
1.477175e+13 -9.406738e+12 1.207883e+12 4.769408e-01 -8.397517e-01 2.595081e-01 -1.663258e+01 0 365510
1.163629e+13 9.737043e+12 -1.118248e+13 1.609980e-01 -1.280231e-01 -9.786162e-01 5.164886e+00 0 1129564
2.078501e+12 -6.682246e+12 -1.617052e+13 2.371189e-01 -3.100450e-01 -9.206773e-01 -5.181631e+00 0 1228942
9.491181e+12 9.066354e+12 1.089400e+13 7.795319e-01 1.637756e-02 6.261483e-01 -9.063258e+00 0 7081
1.664627e+13 -1.963302e+13 -1.547740e+13 7.243792e-01 -6.411446e-01 -2.533938e-01 8.558121e+00 0 4
-1.426042e+13 -3.466597e+12 9.704093e+12 -5.778490e-01 -1.185625e-01 8.074859e-01 -7.924651e+00 0 1199880
7.864648e+12 -4.315268e+12 1.444029e+13 -4.053102e-01 -9.107916e-01 7.862733e-02 -1.345077e+00 0 35946
1.332416e+13 -8.238931e+12 -8.076637e+12 7.352611e-01 -6.501419e-01 1.915898e-01 -1.099603e+01 0 25
3.448864e+12 -1.240030e+13 1.108076e+13 5.462420e-01 -8.359948e-01 -5.227241e-02 1.104488e+01 0 210756
-9.334764e+12 7.081482e+12 -1.228716e+13 7.080979e-01 6.481309e-01 -2.802208e-01 -8.508640e+00 0 221460
-1.080144e+12 2.231010e+13 3.104224e+12 3.240932e-01 7.948805e-01 5.129606e-01 6.152601e-02 0 2
2.042525e+13 1.117986e+13 -1.504555e+13 7.164148e-01 4.847477e-01 -5.017664e-01 1.216098e+01 0 12
1.433727e+13 -3.700885e+12 1.218677e+13 7.812112e-01 -4.202743e-01 4.616043e-01 -7.974118e+00 0 55093
-5.111209e+12 1.275312e+13 1.089105e+13 -3.044539e-01 9.234372e-01 2.336055e-01 6.528576e+00 0 409909
-5.811716e+11 -2.592382e+12 1.749223e+13 -8.366833e-01 -2.869706e-01 4.664856e-01 5.525219e+00 0 91455
6.566445e+12 5.605962e+12 1.526933e+13 4.903949e-01 -3.761340e-01 7.861527e-01 -1.095405e+01 0 164353
-1.036450e+13 -1.708887e+11 -1.479268e+13 -6.795273e-01 -4.247923e-01 -5.981589e-01 9.988301e+00 0 938140
4.563300e+12 6.575296e+12 -1.497314e+13 -7.774097e-02 6.944723e-01 -7.153074e-01 5.240802e+00 0 676593
1.101981e+13 -8.241546e+12 1.005154e+13 -1.043254e-01 -9.345938e-01 3.400744e-01 3.035270e-01 0 1
-1.234263e+13 -1.215836e+13 6.137307e+12 -9.586304e-01 -3.122282e-02 -2.829363e-01 -1.454597e+01 0 26028
5.941414e+11 -1.881112e+13 -5.073963e+12 4.895322e-01 -4.646610e-01 -7.378675e-01 1.341233e+01 0 2146252
-7.805409e+12 -2.122428e+13 -1.801943e+12 -3.602555e-01 -9.214684e-01 -1.452995e-01 1.068785e+01 0 4
1.467279e+13 1.090007e+13 -9.150842e+12 8.783491e-01 4.375203e-01 -1.925590e-01 -9.476565e+00 0 782582
1.885412e+11 -1.716751e+13 3.635378e+12 7.314555e-01 -6.813632e-01 2.677733e-02 5.894314e+00 0 948871
-4.850513e+12 -8.752477e+12 -1.442047e+13 -1.243973e-01 -5.724994e-01 -8.104133e-01 5.874927e+00 0 962452
-8.491509e+12 -1.550512e+13 -1.156786e+12 2.374403e-01 -7.602485e-01 -6.046853e-01 1.144238e+00 0 287345
1.388785e+13 1.894715e+13 9.887191e+12 8.144729e-01 5.797882e-01 2.190057e-02 -1.704718e+01 0 1139117
-8.665203e+12 1.512587e+13 1.949789e+12 4.998574e-01 8.523355e-01 -1.538399e-01 -2.229043e+01 0 649318
-6.401310e+12 1.211117e+13 -1.582485e+13 -3.751667e-01 4.217799e-01 -8.254403e-01 -6.036418e+00 0 1114521
-1.399324e+13 -7.513491e+12 -7.930932e+12 -9.412746e-01 2.925668e-01 -1.685434e-01 -2.512940e+00 0 334342
-4.226816e+12 4.169364e+12 -1.602767e+13 -5.659066e-01 8.054594e-01 1.760250e-01 3.960092e+00 0 594382
4.822878e+12 -2.778227e+12 -1.871297e+13 3.520157e-01 -1.828616e-01 -9.179578e-01 -3.892483e+00 0 97430
-1.605861e+13 1.852775e+12 6.278242e+12 -8.693479e-01 -2.825391e-02 -4.933922e-01 7.497969e+00 0 541946
1.166379e+13 3.091201e+12 2.672543e+13 6.332214e-01 -2.140230e-01 7.437909e-01 2.976958e+00 0 19
1.558210e+13 7.540230e+12 8.370458e+12 8.083689e-02 9.125003e-01 4.010095e-01 1.805170e+01 0 7754
-1.416700e+13 9.813965e+12 -8.271814e+12 -7.262404e-01 4.213861e-01 -5.431470e-01 -4.023374e+00 0 605960
-1.966552e+13 8.365069e+12 -7.246102e+12 -4.936276e-01 7.908242e-01 -3.618410e-01 4.679903e-01 0 4
6.135462e+12 -4.643149e+12 1.530320e+13 8.813563e-01 -3.892969e-01 2.676919e-01 5.852909e+00 0 5020
-7.510661e+12 -2.781530e+12 -1.516509e+13 -8.645215e-02 -4.209489e-01 -9.029552e-01 -1.364698e+00 0 143740
5.058374e+12 -3.714817e+12 -1.995890e+13 4.311834e-01 -3.773934e-01 -8.195456e-01 -5.714300e+00 0 555640
-1.497129e+13 1.255231e+13 2.667892e+12 -8.764894e-01 2.664207e-01 4.009817e-01 1.494480e+01 0 118071
-1.024433e+13 -6.768172e+12 1.190113e+13 -3.716827e-01 -8.684760e-01 3.280265e-01 8.984251e-01 0 4073922
1.157993e+13 -1.334010e+13 3.407578e+12 2.654627e-01 -1.684140e-01 9.492978e-01 7.476263e+00 0 4
-1.964597e+13 1.425587e+13 -1.387072e+13 -8.489656e-01 4.506463e-01 -2.759989e-01 1.398440e+01 0 210442
-4.766655e+12 -3.818367e+12 1.732446e+13 -6.722939e-02 5.471522e-01 8.343289e-01 3.193783e+00 0 629964
8.327762e+12 -1.665744e+13 9.213432e+12 7.279228e-01 -4.097487e-01 5.497585e-01 1.450532e+01 0 600349
-1.275538e+13 -1.344305e+13 7.664787e+11 -7.547001e-01 -2.599326e-01 -6.023810e-01 3.027591e+00 0 864642
-9.692621e+11 2.020345e+12 -1.811009e+13 -2.664304e-01 -4.229306e-01 -8.661088e-01 -6.074180e+00 0 317668
-4.143965e+12 1.444903e+13 1.288897e+13 3.171462e-01 1.919753e-01 9.287431e-01 -1.096188e+01 0 407932
1.023999e+13 2.698477e+12 1.507007e+13 8.879284e-01 4.459329e-02 4.578151e-01 -5.731129e+00 0 28727
-2.093590e+13 -4.029952e+12 7.201941e+12 -8.762324e-01 -2.481488e-01 4.130848e-01 7.007991e+00 0 229683
-1.201428e+13 -1.945634e+12 1.320145e+13 -5.469924e-01 5.967534e-01 5.870986e-01 -1.371441e+01 0 354949
1.530663e+13 -4.713954e+12 9.665087e+12 4.579558e-01 -4.912087e-01 7.409389e-01 -6.699580e-01 0 474063
-3.045774e+11 1.794436e+13 -7.359405e+12 -4.371437e-01 8.988001e-01 -3.261383e-02 1.260670e+01 0 670802
-9.500836e+12 -1.685296e+13 -9.069946e+12 -2.664675e-01 -4.288330e-01 -8.631902e-01 -5.801347e+00 0 889994
1.500952e+13 -1.057654e+13 1.977233e+12 7.917694e-01 -1.463316e-01 5.930331e-01 -1.823323e+00 0 788429
-3.184981e+12 -9.235420e+12 -1.647404e+13 -6.467529e-01 -2.915257e-01 -7.047861e-01 -1.077857e+01 0 2345617
2.305131e+13 -2.679501e+12 8.902912e+12 8.180450e-01 -5.734595e-01 -4.411992e-02 -1.706466e+01 0 915998
4.355297e+12 -3.029432e+12 -1.656092e+13 6.392385e-02 -8.971246e-01 -4.371283e-01 -7.999392e+00 0 291677
-1.200716e+13 1.278790e+13 -3.888227e+12 -8.904826e-01 4.265646e-01 -1.583772e-01 1.111084e+01 0 3
-5.805853e+12 5.371339e+12 1.682491e+13 -3.488660e-01 -9.376940e-02 9.324697e-01 1.333879e+01 0 24619
1.592036e+13 -3.708612e+12 4.802870e+12 9.705521e-01 1.853107e-01 -1.539110e-01 1.225385e+01 0 367161
9.097328e+12 -5.434362e+12 -1.737490e+13 -1.493586e-01 -1.994140e-01 -9.684658e-01 -1.188250e+01 0 1318095
-1.222388e+13 6.380279e+12 -9.890023e+12 -6.052434e-01 6.061215e-01 -5.160399e-01 -7.127100e+00 0 765881
1.879151e+13 -1.278427e+12 -3.486524e+12 8.996176e-01 3.938947e-01 1.885077e-01 1.766608e+01 0 1
1.847748e+13 1.724785e+13 -5.696551e+12 9.602600e-01 2.252235e-01 1.648487e-01 -9.458363e-01 0 4
1.188678e+13 9.175967e+12 7.885071e+12 8.555758e-01 5.146957e-01 -5.548375e-02 -1.081120e-01 0 433568
-1.713699e+13 -2.041494e+13 -1.290965e+13 -8.621285e-01 -2.517803e-01 -4.397056e-01 2.151004e+00 0 1
1.574091e+13 8.861797e+12 -1.168098e+13 4.119342e-01 5.945036e-01 -6.905618e-01 1.318863e+01 0 123993
-1.378666e+13 4.757321e+12 1.097636e+13 -3.045550e-01 6.983142e-02 9.499315e-01 -4.612917e+00 0 506326
-1.284588e+13 -1.076996e+13 -1.164631e+13 -6.813946e-01 -4.489253e-01 -5.780722e-01 1.102644e+01 0 7
-3.932705e+12 -1.712938e+13 -1.058761e+12 -5.586515e-01 -8.161502e-01 1.476733e-01 7.347581e-01 0 5
-4.149463e+12 -1.104359e+13 -1.286440e+13 2.858615e-01 -7.803101e-01 -5.562368e-01 1.657395e+00 0 180821
-6.901171e+11 5.314763e+12 1.691300e+13 -3.576169e-01 8.419837e-01 4.039475e-01 -2.080438e+00 0 308261
-1.337071e+13 8.869113e+12 1.065165e+13 -4.346933e-01 8.125268e-01 3.883838e-01 2.301139e+00 0 2
1.406102e+12 8.544310e+12 -1.546947e+13 -6.443989e-01 7.508186e-01 -1.449880e-01 1.277310e+01 0 3444288
2.266711e+13 -6.553501e+12 4.487832e+12 8.832776e-01 -4.681173e-01 -2.620781e-02 -1.378410e+01 0 1
7.143707e+12 1.001502e+13 -2.194432e+13 3.900441e-01 -2.132556e-01 -8.957609e-01 -1.974817e+01 0 4
-9.738065e+12 -1.378838e+13 -3.520277e+12 -4.380008e-01 -8.624405e-01 -2.536764e-01 1.071985e+01 0 4
-3.957693e+12 1.066631e+13 1.283056e+13 -3.010874e-01 1.931101e-01 9.338388e-01 -2.924631e-01 0 1585258
7.490113e+11 -1.725092e+13 1.103178e+13 -4.565680e-01 -7.060018e-01 5.413937e-01 -1.898762e+00 0 1677394
-5.013700e+12 -8.593406e+12 1.459770e+13 -2.824320e-01 -8.538837e-01 4.371668e-01 6.624003e+00 0 711603
-5.088330e+12 1.542898e+13 1.643503e+13 -2.633075e-01 3.504903e-01 8.987912e-01 -6.262890e+00 0 518940
-1.664481e+13 6.236917e+12 1.242254e+12 -9.560341e-01 -2.633265e-01 1.290661e-01 3.654306e+00 0 14
-4.924232e+12 -9.629045e+12 -1.488199e+13 -9.061896e-02 -5.799865e-01 -8.095702e-01 6.097027e+00 0 698189
-1.995555e+13 -1.116216e+13 1.365287e+13 -8.369720e-01 2.048065e-01 5.074762e-01 -6.062533e-01 0 8
1.459541e+13 1.692020e+12 -1.774660e+13 5.006836e-01 1.539549e-01 -8.518297e-01 -5.255719e+00 0 104043
7.101862e+12 3.888045e+12 -3.047669e+13 2.530986e-01 1.700978e-01 -9.523696e-01 -9.155359e+00 0 283079
-1.730273e+13 -3.015787e+11 9.185886e+11 -9.357813e-01 -3.140511e-01 -1.602663e-01 2.098107e+00 0 722522
6.507908e+12 -2.319116e+13 7.091571e+11 2.775382e-01 -9.588098e-01 -6.046679e-02 -1.157890e+01 0 1
-3.050058e+12 1.530658e+13 7.814313e+12 1.601074e-01 9.695942e-01 1.850748e-01 1.095487e-01 0 534478
6.004762e+12 2.282101e+13 1.783278e+11 3.169364e-01 9.399109e-01 1.269602e-01 -1.015689e+01 0 10
-1.740018e+13 3.676660e+12 -1.376360e+12 -7.388745e-01 4.954328e-02 -6.720193e-01 4.495651e+00 0 1167994
-7.538619e+12 1.146581e+13 1.767067e+13 -1.445752e-01 2.844920e-01 9.477143e-01 -8.176016e+00 0 86998
-1.007450e+13 6.695193e+12 1.507324e+13 -7.444660e-01 4.453449e-01 4.974318e-01 1.008178e+01 0 2089407
-3.929522e+12 1.572125e+13 -9.431305e+12 -6.727572e-02 9.962788e-01 5.387551e-02 2.846597e+00 0 696148
6.026140e+12 -1.265484e+13 -1.321112e+13 2.771922e-01 -5.547213e-01 -7.845055e-01 -1.240053e+01 0 23
-1.179685e+12 -1.599251e+13 6.219308e+12 5.155069e-01 -2.705945e-01 8.130383e-01 1.425629e+01 0 21213
-5.629781e+12 -1.401385e+12 1.641301e+13 -2.847438e-01 4.141170e-01 8.645392e-01 1.810677e+00 0 148977
-9.613302e+11 1.905369e+13 -1.929540e+12 -1.346940e-01 9.899014e-01 -4.418880e-02 6.105805e+00 0 341359
9.398033e+12 -2.228217e+13 -2.070540e+13 3.992782e-01 -7.958238e-01 -4.552377e-01 9.090701e+00 0 187063
-6.463905e+12 -6.082562e+12 1.446414e+13 -7.551184e-01 -6.106660e-02 6.527381e-01 1.405453e+00 0 434693
1.334532e+13 -1.216701e+13 7.768009e+11 8.089445e-01 -3.909769e-01 -4.390284e-01 7.664284e+00 0 2
1.854255e+13 -7.655231e+12 3.067519e+12 9.308989e-01 -3.347773e-01 -1.461212e-01 9.339116e+00 0 7
-1.702058e+13 -6.152329e+11 2.588039e+12 -3.188522e-01 -7.614172e-01 -5.644264e-01 1.693753e+01 0 70855
-1.063344e+13 -5.460136e+12 1.469396e+13 -7.856886e-01 -1.521073e-02 6.184352e-01 -7.845248e+00 0 42814
-1.270761e+13 -9.399491e+12 6.378101e+12 -7.425731e-01 -2.110171e-02 6.694325e-01 -1.219543e+01 0 53021
-1.435051e+13 2.911004e+12 -9.009023e+12 -8.934157e-01 -2.480085e-01 -3.745665e-01 -1.247401e-01 0 2
-1.186587e+13 -1.144757e+13 -5.149159e+12 -1.849047e-01 -4.037278e-01 -8.959990e-01 -5.185131e+00 0 894696
4.919773e+10 2.325633e+13 -1.945495e+13 -5.254901e-01 6.963841e-01 -4.887836e-01 1.825482e+01 0 2
1.444444e+13 -1.070701e+13 -1.290136e+12 1.603709e-01 -9.727093e-01 1.676836e-01 -3.232275e+00 0 232647
-2.851103e+11 1.612498e+13 6.533756e+12 -8.795511e-01 4.244130e-01 2.150893e-01 4.677647e+00 0 723700
-2.625065e+12 1.254699e+13 2.071042e+13 5.028026e-01 3.373081e-01 7.958723e-01 -1.518345e+01 0 244079
-8.676649e+12 -7.107164e+12 1.492511e+13 -5.303893e-01 1.513390e-01 8.341365e-01 -1.075461e+01 0 145320
-1.282491e+13 -1.238599e+13 3.936744e+12 -9.230580e-01 3.691786e-01 1.080330e-01 -2.956253e+00 0 2
9.019224e+12 1.662869e+13 -2.115284e+12 8.890292e-02 9.920779e-01 8.875670e-02 2.126664e+00 0 1350364
-6.538221e+12 -7.123045e+12 1.397874e+13 6.170431e-01 2.345855e-01 7.511508e-01 -3.216619e+00 0 3
3.145043e+12 5.590620e+12 1.574068e+13 -8.310323e-01 -2.177451e-01 5.118323e-01 1.069339e+01 0 633207
-6.415160e+12 -4.101518e+12 -1.529317e+13 6.446004e-03 -8.331451e-01 -5.530169e-01 1.518715e+00 0 1520545
-1.281924e+13 1.131234e+13 -2.505883e+12 -6.281274e-01 -9.995915e-02 7.716633e-01 1.252665e+01 0 3
7.499925e+12 -9.028523e+12 1.510868e+13 2.537311e-01 4.768055e-01 8.415920e-01 1.568453e+01 0 1
2.058296e+13 -8.954276e+12 -2.539865e+12 7.519362e-01 -6.481016e-01 -1.206493e-01 7.887282e-01 0 1
-1.242102e+13 4.221262e+12 1.116549e+13 -7.079596e-01 -7.549933e-02 7.022059e-01 -8.490787e-01 0 3
-1.237761e+13 1.277748e+13 6.390960e+12 -2.738060e-01 9.569095e-01 9.671883e-02 2.945452e+00 0 2
3.366441e+13 1.379382e+13 -6.517865e+12 8.559754e-01 2.783260e-01 -4.357071e-01 -1.461791e+01 0 11
9.476680e+12 6.948253e+12 1.357229e+13 9.829954e-01 5.510751e-02 -1.751664e-01 -1.219600e+01 0 86040
1.223714e+12 -1.750334e+12 -1.743785e+13 -3.124494e-01 -4.496482e-01 -8.367747e-01 -6.692047e+00 0 607989
1.278795e+13 4.520440e+12 -1.060040e+13 4.651212e-02 8.231958e-01 -5.658492e-01 1.347684e+01 0 1429731
-2.437751e+13 -2.491899e+12 1.341423e+13 -6.549037e-01 -3.112688e-01 6.886312e-01 1.273422e+01 0 1
-1.670168e+13 1.286602e+12 -1.070188e+13 -7.313493e-01 4.578637e-01 -5.054592e-01 1.184946e+00 0 2
1.386780e+13 -9.806676e+12 8.575576e+11 9.861893e-01 -8.272161e-02 -1.434844e-01 6.429756e-01 0 63214
-4.714395e+12 -5.060105e+12 -1.558592e+13 -3.052888e-01 9.539687e-02 -9.474694e-01 3.682050e+00 0 851814
-9.254342e+12 -1.152875e+13 8.866450e+12 2.931965e-01 1.012953e-01 9.506709e-01 -4.605249e+00 0 70085
-1.645744e+13 2.333020e+12 4.277019e+12 -6.362648e-01 3.412667e-01 -6.918845e-01 -1.264435e+01 0 2
-2.403770e+13 -8.646153e+12 6.133806e+12 -7.569422e-01 -6.275950e-03 6.534517e-01 -1.665339e+01 0 1
8.076307e+12 1.816479e+13 3.991076e+12 -4.073477e-01 6.958886e-01 5.914447e-01 -3.482485e-01 0 1
1.492988e+12 -1.542690e+13 -7.127099e+12 3.202050e-01 -9.452123e-01 -6.358081e-02 9.549215e+00 0 526328
-1.730766e+13 1.546104e+12 -7.012718e+12 -9.484123e-01 -2.992303e-01 -1.047633e-01 1.427755e+01 0 1288154
1.687730e+13 5.816884e+12 1.195074e+12 8.606386e-01 4.979746e-01 -1.064073e-01 -6.012394e+00 0 4
-1.302662e+13 -3.640458e+11 -1.369498e+13 -7.638356e-01 -4.846912e-01 -4.261802e-01 -4.235719e+00 0 14
1.732524e+13 2.433285e+13 2.133407e+13 3.318342e-01 8.663411e-01 3.732817e-01 -1.320851e+00 0 315072
1.608196e+13 -6.472108e+12 1.822879e+13 6.504742e-01 -6.552691e-01 3.840647e-01 -1.620174e+01 0 767945
-3.688621e+12 -1.237447e+13 -1.123837e+13 2.760079e-01 -9.542045e-01 1.153835e-01 3.861832e-01 0 277101
1.407365e+13 -1.060302e+13 8.450551e+11 7.091333e-01 1.424515e-01 6.905343e-01 1.409722e+01 0 671785
-5.569157e+12 -1.597218e+13 -1.307262e+12 -4.576431e-01 -8.884050e-01 3.604720e-02 -9.005644e-01 0 137984
2.093102e+13 4.352987e+12 1.029772e+13 7.971027e-01 1.353966e-01 5.884683e-01 -1.042527e+01 0 128675
7.848541e+12 -5.301040e+12 1.592751e+13 1.931170e-01 5.303904e-01 8.254646e-01 8.882102e+00 0 745789
-5.685825e+12 8.978244e+12 1.745979e+13 1.554596e-01 8.020183e-01 5.767140e-01 4.433466e+00 0 105728
1.408488e+13 9.891209e+12 1.519323e+13 8.377731e-01 8.435772e-02 5.394628e-01 2.165281e+00 0 1
-1.027989e+13 -1.201517e+13 8.706467e+12 1.071541e-02 -3.202625e-01 9.472682e-01 1.150923e+00 0 4036012
1.037167e+13 -1.419496e+13 -2.491826e+12 8.781605e-01 -1.404036e-01 -4.572975e-01 1.923627e+01 0 1
-1.351743e+12 -1.909303e+13 5.703526e+12 2.538664e-01 -8.829330e-01 3.949445e-01 1.302445e+01 0 74929
-8.074866e+12 -1.512342e+13 -2.496668e+12 -7.759585e-01 -1.635263e-01 -6.092188e-01 -4.733398e+00 0 164724
-8.853150e+12 -5.131753e+12 1.353455e+13 -6.647321e-01 -7.470806e-01 -1.370979e-03 4.482948e+00 0 41851
-6.258867e+12 -1.541970e+13 4.793982e+12 -6.171035e-02 -9.847421e-01 1.627109e-01 1.152898e+01 0 1724354
8.492862e+12 -7.872290e+12 1.425800e+13 2.437646e-01 -8.372701e-01 4.894463e-01 5.114948e+00 0 1987018
-1.153249e+13 6.415680e+12 1.328552e+13 -5.217995e-01 8.528594e-01 -1.887025e-02 2.638695e+00 0 131095
-1.265898e+13 4.136532e+12 -1.121109e+13 -9.490686e-01 8.490629e-02 3.034133e-01 -1.600521e+00 0 163471
7.724702e+11 1.404223e+13 9.673862e+12 -7.101482e-01 7.039042e-01 1.443952e-02 1.289600e+01 0 278118
1.413305e+13 7.757430e+12 -1.015139e+13 9.273775e-01 1.567314e-01 -3.397148e-01 -1.072482e+01 0 3
5.594134e+12 1.048345e+13 1.740558e+13 -3.407496e-01 2.700215e-01 9.005432e-01 -3.571400e+00 0 982018
1.680566e+13 -3.098642e+12 -1.460827e+13 8.110428e-01 -4.359263e-01 -3.900998e-01 3.463408e+00 0 6
4.039437e+10 -1.034124e+13 -1.482789e+13 -5.142239e-03 -8.720489e-01 -4.893918e-01 5.537073e+00 0 213349
1.325170e+13 3.240477e+12 -1.370614e+13 6.326160e-01 -1.171463e-01 -7.655546e-01 -1.065279e+01 0 22
-1.270875e+12 7.092195e+12 1.626266e+13 2.070234e-01 -1.927059e-01 9.591693e-01 -1.094053e+01 0 5
-3.901088e+12 -1.452266e+13 -8.802677e+12 -1.146611e-01 -3.365067e-01 -9.346743e-01 -8.702647e+00 0 24566
-1.381449e+13 -1.139545e+12 1.005585e+13 -9.968973e-01 -6.763435e-02 4.026694e-02 7.711662e+00 0 332530
-3.312314e+12 -3.091398e+13 1.944765e+13 1.277907e-01 -8.030199e-01 5.820898e-01 -3.301722e+00 0 10
-1.684145e+13 3.429061e+12 -2.691634e+12 -8.269961e-01 1.965926e-01 -5.267151e-01 5.085818e+00 0 359283
-1.313481e+13 -3.974420e+12 1.422272e+13 -1.293856e-01 -5.810069e-01 8.035486e-01 1.582684e+00 0 226509
-1.572151e+13 -9.745159e+12 -3.126285e+12 -6.246687e-01 -6.722056e-01 -3.974023e-01 1.111278e+01 0 1
1.253611e+13 -1.034691e+13 6.479871e+12 3.614478e-01 -8.311941e-01 4.224594e-01 1.474802e+00 0 350955
1.722257e+12 6.805247e+12 -1.628564e+13 2.493402e-01 7.881559e-01 -5.627074e-01 -2.141200e+00 0 309576
-3.406351e+12 -8.130730e+12 -1.489305e+13 5.220794e-01 -7.696735e-01 -3.674721e-01 1.313264e+01 0 1296508
-4.113361e+12 -1.229570e+13 -1.226164e+13 3.432946e-01 -7.941263e-01 -5.015099e-01 1.633152e+01 0 792598
-1.537173e+13 -1.138327e+12 7.651514e+12 -1.631875e-01 -5.618775e-01 8.109646e-01 1.775312e+01 0 12
1.513780e+13 9.754361e+12 1.938463e+12 6.155112e-01 5.381213e-01 -5.758224e-01 -1.058771e+00 0 824370
9.777231e+12 5.043679e+12 -2.103934e+13 6.393813e-01 4.723623e-01 -6.066840e-01 1.092041e+01 0 507456
1.188493e+13 3.971060e+12 1.338103e+13 2.260947e-01 3.988690e-01 8.886983e-01 -8.624301e-01 0 93062
-9.724266e+12 9.144176e+12 1.192167e+13 -5.708500e-01 8.183348e-01 6.677238e-02 -1.780211e+00 0 722116
-1.305544e+13 3.273025e+12 1.100503e+13 1.843489e-02 -2.358795e-01 9.716074e-01 -9.077973e+00 0 1
1.997981e+11 -1.183862e+13 -1.417678e+13 -3.907899e-01 -8.827741e-01 -2.607549e-01 -7.636862e+00 0 1
3.272344e+12 -1.282077e+13 1.303513e+13 -4.151183e-01 -6.824091e-01 6.016598e-01 -1.160692e+01 0 280289
5.304994e+12 -1.319510e+13 -1.142253e+13 5.524748e-01 1.274594e-01 -8.237267e-01 2.235197e+00 0 407370
-6.223965e+11 1.468626e+13 -1.143645e+13 -7.476415e-01 6.622573e-01 4.947099e-02 1.492712e+01 0 99137
9.663647e+12 -4.719272e+12 1.338192e+13 5.549932e-01 -1.352593e-01 8.207847e-01 -2.050831e+00 0 407573
7.140837e+12 -4.612586e+12 2.033148e+13 2.676460e-01 -4.429864e-01 8.556452e-01 -6.841293e+00 0 178114
1.895885e+13 -2.927757e+12 1.460750e+11 6.712901e-01 -7.372503e-01 -7.636554e-02 -1.803968e+01 0 13
-1.454487e+13 1.264986e+13 -2.166898e+12 -9.376818e-01 2.460192e-01 -2.454128e-01 1.249019e+01 0 272185
-3.642106e+12 2.123693e+13 5.704207e+12 3.793366e-01 8.205967e-01 4.274633e-01 -4.952817e+00 0 641584
-5.818664e+11 -4.881948e+11 -1.709125e+13 -1.781584e-01 -2.287788e-01 -9.570370e-01 -5.948960e+00 0 22
-4.987579e+12 -1.389025e+13 1.177948e+13 -2.693398e-01 -9.448352e-01 -1.863932e-01 -7.620191e+00 0 148221
5.798620e+12 1.736988e+13 -6.662512e+12 2.491505e-01 6.086761e-01 -7.532844e-01 -4.787644e+00 0 394304
-1.001668e+13 -1.349802e+13 1.024181e+13 -8.932030e-01 -2.607486e-01 3.663313e-01 -1.399492e+00 0 1
-1.361076e+13 9.071590e+12 -1.014526e+13 -6.666226e-01 -3.925935e-01 -6.336282e-01 1.887748e+01 0 1
-1.607150e+13 3.520334e+12 4.304880e+12 -8.006494e-01 4.049783e-01 -4.415350e-01 -4.731646e+00 0 52631
2.395906e+13 2.085900e+12 5.851221e+12 9.802280e-01 -1.584872e-01 -1.184690e-01 -1.412634e+01 0 1
7.483864e+12 1.379908e+13 6.580686e+12 -2.795883e-01 9.579526e-01 -6.447613e-02 6.297958e+00 0 10939
-8.716615e+11 4.987018e+12 1.642186e+13 -8.170928e-02 5.182262e-01 8.513314e-01 -4.978950e+00 0 149644
1.237619e+13 1.511336e+13 -4.137753e+12 -3.259498e-03 7.458660e-01 -6.660881e-01 1.288317e-01 0 1
1.052357e+13 -1.012827e+13 1.007927e+13 -2.314097e-03 -9.742893e-01 2.252887e-01 -2.228432e+00 0 818796
-6.378072e+12 -1.981975e+13 9.995484e+11 -2.797564e-01 -6.523114e-01 -7.044333e-01 1.129087e+01 0 194744
-1.661325e+13 -6.694024e+12 3.462859e+12 -8.196055e-01 -2.935790e-01 -4.919941e-01 -8.158943e+00 0 2393629
-2.187132e+12 6.265276e+12 -1.596092e+13 -7.950493e-01 7.287854e-02 -6.021505e-01 8.352325e+00 0 141840
-8.267023e+12 2.785105e+13 3.933850e+12 -4.789283e-02 9.247083e-01 3.776517e-01 3.009933e+00 0 11
5.234364e+12 5.915281e+10 2.039042e+13 2.553034e-01 2.907123e-01 9.221207e-01 6.808727e+00 0 58236
4.353873e+10 1.818923e+13 4.378496e+12 1.577026e-01 4.417261e-01 8.831806e-01 8.481217e+00 0 11
-1.296845e+13 4.718976e+12 1.041872e+13 -5.127343e-01 8.565670e-01 5.827953e-02 -8.021584e+00 0 1496088
1.174620e+13 9.946036e+12 1.286664e+13 5.678524e-01 4.241411e-01 7.054417e-01 6.919438e+00 0 704109
2.744465e+12 1.758424e+13 2.267220e+12 2.506300e-01 3.860006e-01 8.877996e-01 -9.661257e+00 0 176641
1.998876e+13 3.289610e+12 2.027836e+12 7.971752e-01 1.771117e-01 5.771856e-01 1.415648e+01 0 1
-5.617649e+12 -1.362620e+13 9.564978e+12 -4.637913e-02 -5.252660e-01 8.496733e-01 7.702382e+00 0 1145383
8.251500e+12 -3.720170e+12 -1.436090e+13 6.364517e-02 -8.094424e-02 -9.946845e-01 7.996253e+00 0 213107
-1.385209e+13 -1.023470e+13 -2.547115e+12 -3.931061e-01 -8.837954e-01 -2.537189e-01 4.350288e-01 0 468180
1.348621e+13 5.119482e+11 1.056445e+13 7.506039e-01 -1.624351e-01 -6.404753e-01 -9.600071e+00 0 378819
-1.123513e+12 -8.314530e+12 1.515185e+13 -1.296577e-01 1.792404e-01 9.752240e-01 1.766466e+00 0 85835
6.490806e+12 1.279461e+13 -1.868939e+13 1.494753e-01 5.310771e-01 -8.340349e-01 -9.770370e+00 0 270713
1.251819e+13 4.082425e+12 2.156345e+13 9.679018e-02 1.994270e-01 9.751208e-01 -7.594280e+00 0 2
-1.641714e+13 7.526230e+12 -1.602191e+13 -7.380240e-01 5.039094e-01 -4.487715e-01 7.536744e+00 0 866775
-9.062321e+12 -2.082815e+12 1.461531e+13 2.321640e-01 -3.639606e-01 9.020158e-01 9.611311e+00 0 612299
-2.208307e+12 -1.214118e+13 2.338577e+13 -2.094602e-01 -5.385193e-01 8.161638e-01 5.900686e+00 0 106014
1.588548e+13 -4.374931e+12 6.307610e+12 8.730658e-01 2.623874e-01 -4.109853e-01 -1.649209e+00 0 192899
-1.473217e+13 -9.115276e+12 -9.725284e+12 -9.556859e-01 -2.180973e-01 -1.977320e-01 -1.116442e+01 0 2
-7.305019e+12 3.914904e+12 1.486311e+13 -9.904453e-01 -1.005397e-01 9.439199e-02 9.389554e-01 0 822058
1.476285e+13 -6.964937e+12 1.089719e+13 3.227411e-01 -9.451666e-01 4.998331e-02 -2.422295e+01 0 1
-8.139357e+12 1.547762e+13 7.149574e+12 2.467704e-01 9.323109e-01 2.643874e-01 -1.809714e+01 0 149081
3.060054e+12 -1.591235e+13 7.014770e+12 -6.153891e-01 -7.492173e-01 2.448871e-01 -1.840855e+01 0 1209392
-7.430256e+12 -1.868185e+13 4.622812e+12 3.180709e-02 -7.233077e-01 6.897929e-01 1.884629e+01 0 2
2.424337e+13 8.861410e+12 2.322715e+13 4.157387e-01 5.986986e-01 6.846322e-01 -4.820759e+00 0 2887874
-5.012516e+12 -1.462529e+13 -1.300793e+13 1.614304e-01 -7.169984e-01 -6.781250e-01 1.209636e+01 0 927684
-1.106569e+13 1.288709e+13 -2.138419e+12 -6.963975e-01 4.991788e-02 7.159181e-01 9.343133e+00 0 1432870
4.502082e+12 -1.641240e+13 2.350511e+12 9.987089e-01 5.243018e-03 -5.052703e-02 2.591759e+01 0 90803
1.212559e+13 -1.699359e+13 1.647410e+13 1.349288e-01 -8.040984e-01 5.789818e-01 1.887031e+00 0 626293
-1.459071e+13 6.804784e+12 2.449531e+13 -2.170690e-01 4.440744e-01 8.692980e-01 -1.238598e+01 0 2
-9.757274e+12 -1.305665e+13 5.940149e+12 -9.233100e-01 3.630181e-01 1.253652e-01 -6.802441e+00 0 107186
1.748908e+13 4.442075e+12 3.019011e+11 5.942438e-01 3.195357e-01 7.380862e-01 6.026172e+00 0 1806827
-5.193982e+11 1.805357e+13 -7.885425e+12 -7.502440e-01 5.063153e-01 -4.251809e-01 2.993117e+00 0 1
-6.410923e+12 1.510284e+13 5.168650e+12 -9.622165e-01 2.505594e-01 -1.065803e-01 1.743342e+01 0 89185
-1.561481e+13 -3.201141e+12 5.929286e+12 -7.684929e-01 -5.164084e-01 3.778108e-01 1.001357e+00 0 795600
3.689740e+12 -3.049922e+12 1.672103e+13 9.470831e-01 -2.108203e-01 2.420505e-01 7.442435e+00 0 487848
1.145934e+13 1.248359e+13 -7.924557e+12 3.084968e-01 8.514099e-01 -4.241827e-01 -4.341330e-01 0 172858
5.662649e+12 -1.634379e+13 -1.317070e+13 -2.579735e-01 -4.687298e-01 -8.448326e-01 -1.567710e+01 0 172377
-1.991360e+12 4.800346e+12 1.637090e+13 -7.625213e-01 -2.262127e-01 6.061263e-01 6.198302e+00 0 53370
1.667246e+13 4.187028e+12 -3.123854e+12 7.614742e-01 4.859463e-02 -6.463711e-01 -8.253141e+00 0 1978222
8.977551e+12 -1.287295e+13 -1.150252e+13 2.887335e-01 -2.360805e-01 -9.278464e-01 7.211280e+00 0 488746
1.090677e+13 -4.532774e+12 1.245258e+13 2.724229e-01 -7.956601e-01 5.410275e-01 -2.612527e-01 0 906997
-1.263706e+13 -1.309683e+13 -3.621587e+12 -7.581351e-01 -4.457940e-01 -4.759189e-01 -1.873210e+01 0 902418
1.170142e+13 1.037604e+13 6.937778e+12 9.359568e-01 -2.083813e-01 2.838345e-01 -1.959326e+01 0 10
-1.506867e+13 -2.528869e+12 7.653629e+12 -2.246941e-01 -9.743764e-01 1.015524e-02 1.801108e+01 0 108928
-1.052250e+13 9.231382e+12 -1.056443e+13 -5.457940e-02 9.725318e-01 -2.262807e-01 -1.768275e+01 0 189138
-7.676150e+12 -2.467567e+12 -1.827669e+13 9.718295e-02 -2.714853e-01 -9.575235e-01 8.559544e+00 0 597776
-1.319015e+13 -5.828156e+12 -9.781780e+12 -9.917155e-01 -3.949701e-02 -1.222311e-01 -9.600463e-01 0 1374650
-9.036122e+12 8.360181e+12 -1.652270e+13 -4.770610e-01 3.755685e-01 -7.945823e-01 3.546045e+00 0 162362
-6.917108e+12 -1.774478e+12 -1.727674e+13 -5.423887e-01 4.942255e-01 -6.793788e-01 -1.188350e+01 0 2
-2.220992e+12 2.574426e+12 -1.897266e+13 5.828472e-02 6.622395e-01 -7.470219e-01 -8.782464e+00 0 40570
-1.605412e+13 7.451980e+12 4.210129e+11 -8.367735e-01 -3.611853e-01 4.115280e-01 1.693940e+01 0 1095612
-6.972042e+12 9.273506e+12 1.333919e+13 -3.108994e-01 8.961820e-01 3.165430e-01 6.022861e+00 0 2
-1.498178e+12 -6.967776e+12 1.653464e+13 -6.024545e-01 3.485802e-02 7.973917e-01 2.979390e+00 0 325570
1.156152e+12 2.191766e+13 6.534476e+12 -3.974419e-01 8.921740e-01 2.146289e-01 4.261964e-01 0 1196454
1.606810e+13 6.978114e+12 -1.064606e+12 9.928091e-01 4.447573e-02 -1.111400e-01 -4.861925e-01 0 807699
2.098975e+13 -3.202178e+13 -5.750520e+12 5.047590e-01 -7.671642e-01 -3.958249e-01 -8.347533e+00 0 2048951
1.815713e+13 -3.279975e+12 1.052729e+12 7.216973e-01 6.280350e-01 -2.910758e-01 2.570451e+01 0 1
-9.172018e+12 -1.765494e+13 3.998443e+12 -9.475965e-01 -3.020731e-01 1.039837e-01 -6.850554e+00 0 23
-3.505829e+12 1.661158e+13 -3.405511e+12 5.728307e-01 6.522948e-01 4.963633e-01 -1.400640e+01 0 694181
-1.375046e+13 -9.716367e+12 -6.477086e+12 -8.420552e-01 -5.309650e-01 -9.497005e-02 5.077453e+00 0 107945
1.618376e+13 1.483225e+12 -6.529188e+12 9.916764e-01 -1.690431e-02 1.276407e-01 6.587336e+00 0 3
-3.116009e+12 1.496096e+13 1.213686e+13 3.591024e-01 9.137723e-01 1.899095e-01 -1.765561e+01 0 1492842
1.324598e+13 -1.127769e+13 1.369635e+13 3.585958e-01 -8.297433e-01 4.277092e-01 2.042554e+00 0 6
5.913139e+12 -1.448025e+13 6.724170e+12 -1.313201e-01 -9.672111e-01 2.173883e-01 -7.804355e+00 0 307533
3.224716e+12 1.316958e+13 -1.095193e+13 5.743168e-01 7.616881e-01 -2.999859e-01 -7.802780e+00 0 938709
-1.635435e+13 3.020299e+12 6.991176e+12 -8.157526e-01 5.781540e-01 1.689859e-02 -1.217289e+01 0 5
1.529818e+13 3.811241e+10 1.162776e+13 7.813380e-01 -6.093719e-01 1.348215e-01 -2.773899e+00 0 1
-6.223152e+12 -2.644969e+13 2.606332e+12 -6.636846e-01 -7.476056e-01 2.467072e-02 -2.777513e+01 0 4
8.183290e+12 1.666785e+13 6.207431e+12 2.801927e-01 8.122645e-01 5.115843e-01 -6.076524e+00 0 518239
-4.165834e+13 -1.712177e+13 -1.615965e+13 -8.788138e-01 -4.179356e-01 -2.302523e-01 1.381122e+01 0 2
1.338935e+13 -7.770455e+12 -7.657483e+12 9.547245e-01 2.428088e-01 -1.718864e-01 1.731126e+01 0 582028
-5.322954e+12 4.856723e+12 1.823505e+13 -2.605153e-01 1.556565e-01 9.528393e-01 6.437739e+00 0 262427
2.163733e+13 8.319351e+12 4.599702e+11 9.893880e-01 6.735726e-03 1.451415e-01 -4.220916e-01 0 542470
4.113661e+12 -4.778136e+11 1.926146e+13 -2.485234e-01 -4.179423e-02 9.677238e-01 -1.438262e+01 0 1181185
-6.771816e+12 -2.977195e+12 -2.255374e+13 -2.905041e-01 1.362912e-01 -9.471178e-01 6.488613e+00 0 1984221
-1.762470e+13 8.690925e+12 -2.640376e+12 -5.134534e-01 6.866608e-01 -5.146479e-01 -1.582958e+01 0 6
-3.791916e+11 -2.227601e+13 1.170125e+13 2.169072e-01 -6.461060e-01 7.317775e-01 1.253412e+01 0 5
8.512490e+12 -1.053739e+13 -1.081296e+13 9.900062e-01 -1.238285e-01 6.748452e-02 1.556707e+01 0 1251141
9.992944e+12 1.919368e+13 3.643873e+12 4.442557e-01 5.174758e-01 7.313382e-01 7.295753e+00 0 3
-1.566102e+13 -9.516609e+12 1.277585e+13 -8.149966e-01 -4.093959e-01 4.100921e-01 -1.389558e+01 0 888471
-8.533315e+11 -6.675270e+12 -1.640588e+13 2.398071e-01 -4.399187e-02 -9.698233e-01 4.762569e+00 0 108257
-8.821073e+12 7.236856e+12 1.724904e+13 -9.099631e-01 -4.009101e-02 4.127466e-01 1.773112e+01 0 675252
7.353447e+11 8.426962e+12 -1.668370e+13 6.731186e-01 2.807557e-01 -6.841693e-01 -7.073757e-01 0 3712283
-2.343372e+11 -1.290629e+13 1.228466e+13 2.132933e-01 -9.320626e-01 -2.928572e-01 -3.095621e+00 0 2284974
-2.060752e+13 3.667362e+12 -1.809434e+13 -4.449724e-01 6.410838e-01 -6.253088e-01 -2.327518e+01 0 1
2.710248e+12 -1.566223e+13 6.366830e+12 -1.228739e-01 -8.543819e-01 -5.049095e-01 -8.607206e+00 0 410271
1.196369e+13 1.308734e+13 9.341405e+12 9.428261e-01 3.057385e-01 1.326760e-01 1.750927e+00 0 1
5.716739e+11 1.677882e+13 -5.912521e+12 -1.579155e-01 7.605208e-01 -6.298181e-01 -5.105745e+00 0 11
1.361252e+13 7.629976e+12 8.815691e+12 4.347963e-01 9.005243e-01 -2.844459e-03 1.257699e+01 0 3
-1.179670e+13 1.131340e+13 -6.027019e+12 -8.179203e-01 1.379771e-01 -5.585416e-01 1.761592e+01 0 1998774
1.149073e+13 4.508875e+12 2.107235e+13 5.110095e-01 6.485510e-01 5.641373e-01 -4.353305e-01 0 264584
-7.572475e+12 -1.456073e+13 -1.045115e+13 -2.240614e-01 8.065711e-02 -9.712316e-01 -1.142043e+01 0 2
1.547214e+13 -7.037995e+12 -5.410989e+12 4.439959e-01 -5.265005e-01 -7.250275e-01 1.131374e+00 0 315294
-3.460077e+13 1.379688e+13 -8.390418e+12 -8.398689e-01 3.405875e-01 -4.226351e-01 -1.404006e+01 0 2
-1.462396e+13 3.475885e+12 9.824937e+12 -4.931453e-01 4.952886e-01 7.151901e-01 -1.047818e+00 0 364652
6.880161e+12 -1.554974e+13 -3.260913e+12 7.102761e-01 -6.571719e-01 -2.522559e-01 -3.643659e+00 0 8
1.930576e+13 1.409198e+13 5.048970e+12 7.047649e-01 6.965069e-01 -1.348501e-01 -3.203129e+00 0 4
2.457953e+12 -2.011441e+13 -7.543957e+12 -9.248911e-02 -9.462142e-01 -3.100395e-01 -1.007592e+01 0 880864
2.952844e+12 -6.334817e+12 1.858985e+13 3.511116e-01 5.273690e-01 7.736941e-01 -2.723351e+00 0 545056
4.222821e+12 -1.398993e+13 -1.223273e+13 -7.305228e-01 -6.357727e-01 -2.492579e-01 -5.671772e+00 0 1
7.704384e+12 3.989428e+12 2.117541e+13 -1.764607e-01 -3.251669e-01 9.290469e-01 7.335863e+00 0 1
7.112759e+12 -2.010102e+13 6.363552e+12 -1.419922e-01 -7.362822e-01 6.616092e-01 2.671898e-01 0 2364944
-5.083643e+12 -8.537619e+12 -3.224633e+13 -1.478004e-01 -3.141256e-01 -9.378060e-01 1.408447e+01 0 402731
-1.348014e+13 -9.352680e+12 4.872488e+12 3.450539e-01 -5.889946e-01 7.307689e-01 1.285072e+00 0 400641
8.529920e+12 2.244226e+13 9.749603e+12 5.518972e-01 8.120911e-01 1.895190e-01 -1.377522e+01 0 2
1.092865e+13 4.115409e+12 -1.482443e+13 3.635896e-01 4.642220e-01 -8.076512e-01 -4.106606e+00 0 129034
-1.689356e+13 -2.970478e+12 -8.258687e+11 -5.145607e-01 -8.521929e-01 -9.483991e-02 1.489799e+01 0 2608027
8.044052e+12 2.246013e+13 -1.233254e+12 4.287545e-01 7.977368e-01 -4.240113e-01 1.023243e+01 0 1
-2.051984e+13 8.755779e+12 -6.718385e+12 -6.534224e-01 2.758796e-01 -7.049323e-01 8.695209e+00 0 3
-6.999382e+12 9.452873e+12 1.339803e+13 1.240959e-01 5.844685e-01 8.018708e-01 9.244565e-01 0 298701
-4.757223e+12 -1.475597e+13 -1.189937e+13 -3.447868e-02 -6.351957e-01 -7.715812e-01 8.187945e+00 0 133923
1.230090e+12 1.082409e+13 1.301595e+13 -3.054691e-01 8.483211e-01 4.324811e-01 6.778714e+00 0 1417484
9.369180e+12 1.511049e+13 -5.854143e+12 -1.630684e-01 9.234850e-01 3.472522e-01 2.195132e+01 0 2
2.324234e+12 1.127088e+13 1.325477e+13 -8.783692e-01 3.886344e-01 2.782641e-01 6.355642e+00 0 443395
-3.570494e+13 -4.589984e+12 -3.304762e+12 -9.686566e-01 1.774954e-01 -1.737808e-01 1.071066e+00 0 1
1.547077e+12 8.336449e+12 -1.488199e+13 3.271466e-01 8.933142e-01 -3.081636e-01 -8.690284e+00 0 602686
-1.401615e+13 1.105244e+13 4.107250e+11 -7.743119e-01 5.179414e-01 -3.635627e-01 -1.172025e+01 0 1
2.138646e+13 -1.651342e+13 1.881288e+13 5.296739e-01 -4.078519e-01 7.437086e-01 8.512793e+00 0 2
3.019254e+12 -3.832226e+12 -1.691305e+13 5.780329e-01 -1.340695e-01 -8.049244e-01 1.202795e+01 0 547527
9.139382e+12 3.863110e+11 1.614882e+13 6.002859e-01 3.288942e-01 7.290305e-01 -3.131354e+00 0 236032
3.978671e+12 -9.862782e+12 1.617498e+13 4.673295e-01 -2.867359e-01 8.362928e-01 -1.004406e+01 0 16
-9.882402e+12 -1.571176e+13 -2.755529e+12 -7.195816e-01 -3.195487e-01 -6.165152e-01 -1.147467e+00 0 92125
2.070341e+13 5.211781e+12 -4.095507e+12 9.664471e-01 1.985310e-01 -1.629889e-01 5.806245e+00 0 352008
1.063946e+12 -1.031040e+13 1.383008e+13 7.591661e-01 -3.568586e-02 6.499179e-01 1.272167e+01 0 3
1.118109e+13 -6.242041e+12 -1.300885e+13 7.007296e-01 -6.195678e-01 3.537144e-01 -8.441442e+00 0 3
-2.023670e+12 1.494660e+13 -1.135295e+13 3.541184e-01 5.352500e-01 -7.668818e-01 -1.378112e+01 0 190384
1.655876e+13 -3.105929e+12 2.417244e+12 8.661507e-01 -1.466274e-01 4.777902e-01 5.486644e+00 0 660265
1.810342e+13 1.344674e+13 2.264103e+12 9.804719e-01 -2.329733e-02 -1.952743e-01 -2.189221e+00 0 1
1.508355e+13 -5.847338e+12 6.288833e+12 9.210536e-01 3.263199e-01 2.125453e-01 8.949239e-01 0 3
-1.507466e+13 1.291989e+13 -6.441811e+12 -8.847025e-01 -6.549822e-02 -4.615316e-01 2.681242e+00 0 676433
1.329911e+13 2.934937e+12 -1.034908e+13 6.992282e-01 1.275638e-01 -7.034255e-01 -5.018434e+00 0 37257
1.302717e+12 -6.348576e+12 1.723148e+13 -5.372151e-01 -5.802509e-01 6.121346e-01 -1.078019e+01 0 49454
-4.742288e+12 1.293601e+13 1.610172e+13 2.509995e-01 2.116830e-01 9.445579e-01 -1.288905e+01 0 1
-1.254057e+13 7.654680e+12 -1.714426e+13 -1.013104e-01 5.121444e-01 -8.529035e-01 -1.255264e+01 0 185965
-1.156753e+13 -1.965203e+12 1.254571e+13 -9.485059e-01 -2.037281e-01 -2.425519e-01 -5.261456e+00 0 1177688
1.802231e+13 -1.379354e+13 3.972019e+12 4.792136e-01 -8.198832e-01 3.132825e-01 -1.590631e+00 0 1288311
5.783290e+12 -1.316095e+13 -1.075106e+13 3.402644e-01 -9.359546e-01 9.060409e-02 -5.969761e+00 0 1153069
6.122698e+11 -1.452991e+13 -8.887482e+12 4.273873e-02 -9.811588e-01 1.884164e-01 -1.108847e+01 0 103808
1.218030e+13 2.022967e+13 -3.930985e+12 2.056900e-01 9.779674e-01 -3.565590e-02 6.754332e-01 0 1088452
1.622627e+13 5.050079e+12 3.810510e+11 8.534776e-01 4.098786e-01 3.218314e-01 1.318636e+01 0 4
-1.467093e+13 8.575839e+12 -1.560456e+12 -6.471634e-01 7.577744e-01 8.341191e-02 -8.916951e-01 0 1750
-1.018008e+12 -4.786287e+12 2.703182e+13 -2.605510e-01 -3.076856e-02 9.649697e-01 8.225123e+00 0 9
1.322058e+13 -1.122350e+13 5.003161e+12 8.083144e-01 -5.119817e-01 -2.906932e-01 1.034866e+01 0 2
-1.363127e+13 1.350094e+13 -6.876910e+11 -5.586953e-01 8.293725e-01 9.135328e-04 -7.532465e+00 0 1
3.578944e+12 -1.628086e+13 4.206924e+12 -7.975389e-02 -8.484426e-01 5.232442e-01 -8.781567e+00 0 253205
1.792412e+13 2.345557e+12 5.828556e+12 9.138109e-01 4.061368e-01 1.589587e-03 -1.512422e+00 0 419082
-1.331272e+13 2.014233e+12 1.499361e+13 -6.025402e-01 5.993494e-01 5.269968e-01 6.036393e+00 0 7
1.049686e+12 -1.748856e+13 2.342644e+12 9.498639e-01 -3.072169e-01 -5.810555e-02 7.390191e+00 0 4
2.657040e+12 -1.162009e+13 -1.221027e+13 1.598100e-02 -4.966072e-01 -8.678283e-01 2.480694e+00 0 315915
-1.773520e+12 9.857885e+12 -1.791167e+13 -4.083182e-01 2.880750e-02 -9.123850e-01 -2.415357e+00 0 743196
-5.178949e+12 -2.237846e+13 1.068233e+13 1.732342e-01 -9.745823e-01 1.420536e-01 -9.852058e-01 0 2
-4.258787e+12 -1.427969e+13 -1.217943e+13 5.097993e-01 -4.312328e-01 -7.444078e-01 3.730753e+00 0 147834
-4.834618e+12 -7.245408e+12 -1.512481e+13 -2.971735e-01 3.383416e-01 -8.928678e-01 -4.330890e-01 0 16721
-1.483529e+13 -9.468507e+12 -1.780587e+12 -9.998982e-01 -1.068855e-02 -9.454897e-03 -1.445674e+01 0 1490786
-1.423077e+13 -7.885238e+12 -4.823045e+12 -9.871972e-01 1.594892e-01 -2.226065e-03 -6.770677e+00 0 78757
-1.404846e+13 -2.051759e+11 -1.364493e+13 -7.808801e-01 4.988032e-03 -6.246610e-01 -5.823262e+00 0 388130
7.823512e+12 3.011304e+13 -1.448458e+13 -4.357725e-03 7.511780e-01 -6.600854e-01 1.328685e+01 0 725238
3.371802e+12 1.557195e+13 -6.122981e+12 -8.495051e-01 4.736323e-01 2.324083e-01 8.673486e+00 0 346472
-1.564541e+13 8.358995e+11 1.239325e+13 -7.962781e-01 5.102838e-02 6.027747e-01 1.120604e+01 0 2
1.090971e+11 1.829430e+13 -8.332471e+11 2.938147e-01 9.558294e-01 -7.938367e-03 -1.088816e+01 0 431868
9.426640e+12 1.461117e+12 1.451035e+13 8.416905e-01 2.374785e-01 4.849342e-01 -8.072561e+00 0 2
1.158400e+12 -1.701119e+13 1.947861e+11 8.017622e-01 -4.964651e-01 -3.327157e-01 1.694413e+01 0 5
7.967242e+12 -1.253994e+13 1.313918e+13 7.347914e-02 -8.533249e-01 5.161757e-01 -5.194356e-01 0 3
-9.830364e+12 1.111576e+13 -8.295431e+12 -6.641653e-01 6.439320e-01 3.797842e-01 -1.929282e+00 0 3810425
8.611723e+12 -1.332844e+13 8.656181e+12 5.294892e-02 -9.579317e-01 -2.820698e-01 -1.751648e+00 0 72052
-1.080544e+13 -5.817086e+12 1.289836e+13 4.689071e-01 -7.791036e-02 8.798046e-01 -5.737359e+00 0 3591375
1.539557e+13 1.365069e+13 4.026053e+12 6.354386e-01 7.649711e-01 -1.050571e-01 -3.739333e+00 0 572010
5.904238e+12 1.686593e+13 1.201579e+13 -2.873486e-01 4.524233e-01 8.442416e-01 4.349946e-01 0 600837
-1.193003e+13 -1.077339e+13 -9.470635e+12 -1.880372e-01 -7.605340e-01 -6.214741e-01 -6.742008e-01 0 194124
8.190425e+12 1.713406e+13 -1.377151e+13 2.808905e-01 7.660763e-01 -5.781242e-01 -5.037856e+00 0 19959
-1.104905e+13 -6.627903e+12 1.430213e+13 -6.173428e-01 -1.216867e-01 7.772260e-01 -7.405291e+00 0 557533
1.336055e+13 -1.131237e+13 1.045469e+13 5.028688e-01 -1.471219e-01 8.517500e-01 -1.193484e+01 0 5
1.137383e+13 1.247117e+13 -2.760829e+12 -1.268843e-01 8.265939e-01 -5.483091e-01 8.030474e+00 0 9
2.278172e+13 5.593243e+11 -6.426853e+12 7.267937e-01 3.320825e-01 -6.012421e-01 1.467085e+01 0 11
1.184944e+13 3.293428e+12 1.268771e+13 2.313014e-01 8.891382e-01 3.948833e-01 3.452214e+00 0 1
-1.059421e+13 1.391978e+13 7.396144e+12 -5.022601e-01 5.530010e-01 6.647741e-01 -4.026222e+00 0 449740
-1.373107e+13 -1.667620e+12 1.126974e+13 -1.394564e-01 7.271681e-01 6.721446e-01 9.270546e-01 0 13
-6.101396e+12 1.410483e+12 1.644753e+13 -8.559117e-01 1.328076e-01 4.997773e-01 5.086366e+00 0 46967
-9.750837e+12 5.844057e+12 2.361057e+13 8.944381e-02 1.083793e-01 9.900776e-01 6.572116e+00 0 4
-1.233861e+13 -8.889323e+12 -7.555272e+12 -6.949640e-01 1.905970e-01 -6.933238e-01 -7.568118e+00 0 660584
-2.962837e+12 -1.916386e+13 3.575146e+12 4.930600e-01 -8.609616e-01 -1.250480e-01 2.527187e+00 0 187758
-1.641935e+10 -9.481740e+12 -1.641695e+13 6.022806e-01 3.558760e-02 -7.974909e-01 -3.505584e+00 0 1
-1.868492e+13 -4.326944e+10 1.616025e+12 -7.738922e-01 -3.949944e-01 -4.950457e-01 1.243187e+00 0 6
8.495131e+12 -1.621332e+13 -2.696239e+12 -8.197220e-02 -9.056497e-01 -4.160279e-01 -2.006448e+00 0 3108
-1.104255e+13 -6.743947e+12 1.341626e+13 -1.427654e-01 -7.533317e-01 6.419575e-01 -2.449749e+00 0 2
-1.192517e+13 -9.424205e+12 -8.170732e+12 -2.460619e-02 3.088182e-01 -9.508027e-01 1.989283e-01 0 426574
-3.846514e+12 7.847552e+12 1.756199e+13 -8.148600e-01 2.519216e-01 5.220523e-01 -2.021145e+00 0 77018
7.461657e+12 1.759090e+13 8.699559e+12 -1.213785e-01 7.395568e-01 6.620597e-01 1.140514e+01 0 3
-7.378481e+12 -2.944293e+12 1.542621e+13 -9.922169e-01 -9.876456e-02 7.583689e-02 -7.107351e+00 0 69263
-3.027242e+12 2.220829e+13 -3.127633e+12 1.388767e-01 9.582889e-01 2.497910e-01 -1.632082e+01 0 48179
1.058923e+13 -6.064761e+12 -1.273398e+13 8.113329e-01 -2.801409e-01 -5.130886e-01 6.212502e+00 0 341303
-2.001023e+13 -1.778933e+13 -2.116522e+13 -4.660674e-01 -6.793414e-01 -5.668126e-01 -6.031933e+00 0 2
-1.274622e+12 -1.712385e+13 -7.036740e+12 4.982531e-01 -3.083344e-01 -8.103541e-01 3.399888e+00 0 392265
-1.467792e+13 -8.075892e+11 -9.224871e+12 -5.642567e-01 7.677030e-01 -3.037210e-01 -4.389602e+00 0 365044
3.935689e+12 9.076865e+12 1.378027e+13 7.409480e-01 -3.775469e-01 5.553867e-01 -1.896738e-01 0 299174
2.640239e+12 -1.574770e+13 -1.103705e+13 3.381704e-01 -6.740897e-01 -6.566916e-01 -1.725995e+00 0 526514
-1.313876e+12 1.516595e+13 -8.633528e+12 -4.641063e-01 3.151489e-01 -8.278203e-01 1.390285e+00 0 10
6.639982e+12 -1.122979e+13 1.150401e+13 8.827857e-01 1.316492e-01 4.509521e-01 6.260634e+00 0 176027
3.688175e+12 1.534526e+13 -6.242129e+12 -4.986391e-01 1.721928e-01 -8.495344e-01 5.305942e+00 0 511484
2.240787e+12 -1.952110e+13 7.956945e+12 3.639421e-01 -6.057578e-01 7.075334e-01 -4.083392e+00 0 1394453
9.087951e+12 1.450364e+13 3.765870e+12 -2.425591e-01 9.693009e-01 -4.025961e-02 5.895781e+00 0 8
1.292796e+13 -1.149525e+13 -4.545339e+12 7.243721e-01 -6.736639e-01 -1.464991e-01 5.186499e+00 0 423768
-7.589834e+12 -1.384184e+13 7.112957e+12 -2.925159e-01 -9.561140e-01 -1.674622e-02 -9.373146e-02 0 816433
9.478198e+12 6.291691e+12 -1.258255e+13 2.085497e-01 -4.329768e-01 -8.769482e-01 -6.794800e+00 0 1462479
-1.588548e+13 -6.669431e+12 -1.955015e+12 -9.125686e-01 -3.735747e-01 -1.663142e-01 5.678075e+00 0 1
-8.315156e+12 1.271770e+13 -8.970690e+12 1.716131e-01 9.787326e-01 -1.123894e-01 1.968480e+00 0 1
2.133197e+12 1.960897e+13 1.127891e+12 2.524347e-01 9.582811e-01 -1.340673e-01 6.503423e+00 0 3
9.032047e+11 1.598603e+12 -1.949064e+13 2.482639e-01 8.018248e-01 -5.435457e-01 -6.532386e+00 0 104405
8.088231e+12 5.469015e+12 -1.693923e+13 1.900759e-01 -1.157498e-01 -9.749221e-01 -9.734136e+00 0 2
-1.289109e+13 2.752046e+12 -1.255266e+13 -1.811175e-01 -7.947431e-02 -9.802450e-01 6.445154e+00 0 7979
-1.338319e+13 -9.886678e+12 -1.046841e+13 -3.906734e-01 -5.842702e-01 -7.113386e-01 1.027207e+01 0 2
-2.269655e+13 -5.796179e+12 5.996135e+12 -9.570520e-01 -2.868552e-01 4.201915e-02 1.100914e+01 0 1
7.798945e+12 9.244078e+12 1.202322e+13 -4.999257e-01 8.480443e-01 1.757702e-01 7.784373e+00 0 2788
1.046069e+13 -4.666658e+12 1.279098e+13 9.007938e-01 -3.930507e-01 1.846122e-01 4.875145e+00 0 582239
-1.459912e+13 1.053885e+13 2.762141e+12 -7.757530e-01 4.795412e-01 4.101798e-01 -7.036894e+00 0 1169087
-2.386674e+13 -1.240228e+13 -4.789631e+11 -8.398178e-01 -3.255596e-01 -4.344158e-01 8.273343e+00 0 10419
5.604680e+12 -2.492237e+13 -6.077199e+12 5.080395e-01 -8.546823e-01 1.068367e-01 -3.014326e+00 0 2
8.400790e+12 -1.939977e+13 1.209846e+12 7.210086e-02 -9.579784e-01 2.776309e-01 -8.527350e+00 0 73728
2.791662e+12 -3.154773e+12 1.652206e+13 4.456190e-01 -6.681715e-01 5.957941e-01 -5.825585e+00 0 274188
1.096716e+13 -6.666979e+12 -1.117985e+13 9.763449e-01 -2.118382e-01 -4.330483e-02 4.534443e+00 0 6
