# 781 1.000000e+05 1.000000e+04 0.000000e+00 1.000000e+00 5.000000e-01
3.584909e+12 2.136905e+12 2.384758e+12 7.891337e-01 5.836461e-01 1.913771e-01 1.033666e+01 0 1
-6.759361e+11 1.329073e+12 -8.088446e+11 -9.996270e-01 9.021271e-03 -2.577914e-02 9.493350e+00 0 321841
5.717204e+10 -2.931876e+12 -3.150094e+11 1.989658e-01 -8.290884e-01 -5.225179e-01 1.083329e+01 0 2
4.504120e+10 -7.100900e+11 2.450405e+12 -2.407103e-01 -5.270414e-01 8.150374e-01 2.767131e+00 0 56120
-9.012367e+12 1.446164e+13 2.687669e+12 -5.030184e-01 8.360271e-01 2.191603e-01 -1.012717e+01 0 1
3.601520e+11 3.498012e+11 1.786320e+12 7.349536e-01 -8.064524e-02 6.733049e-01 -1.777586e-01 0 30488
-6.871071e+12 -1.707431e+12 -1.912655e+12 -8.895495e-01 -3.504069e-01 -2.931154e-01 1.331110e+01 0 2
-3.469445e+11 1.370580e+12 -1.699897e+12 -5.018578e-01 3.319220e-01 -7.987280e-01 2.027353e+00 0 90306
7.383949e+12 2.100977e+12 3.581664e+12 8.219292e-01 3.280298e-01 4.656488e-01 3.738927e-01 0 2
-1.552122e+12 1.916587e+12 -1.329283e+12 -3.886951e-01 6.938517e-01 -6.062062e-01 1.394268e-01 0 3
1.215240e+12 1.567750e+12 -9.323802e+10 3.242456e-01 9.215277e-01 -2.136620e-01 3.624328e+00 0 202508
-2.631811e+11 2.532284e+12 -3.631381e+12 -1.175731e-01 3.745239e-01 -9.197328e-01 -5.774280e+00 0 1
2.862046e+11 9.263224e+11 2.511208e+12 2.462928e-01 2.333001e-01 9.406970e-01 2.556038e+00 0 103979
-1.516191e+12 -4.521070e+11 -1.324226e+12 -5.397615e-01 5.566003e-02 -8.399759e-01 -1.909185e+00 0 326095
1.545127e+12 7.098907e+11 5.987404e+11 7.147983e-01 2.859649e-01 6.381908e-01 -5.359908e+00 0 148518
-1.657520e+12 -7.747286e+10 6.146779e+11 -3.835083e-01 -1.619988e-01 9.092182e-01 4.995501e+00 0 245944
4.063446e+12 8.276851e+11 5.692272e+11 9.893643e-01 -1.423935e-01 -2.970607e-02 7.219634e-01 0 1
1.899933e+12 7.910023e+11 2.987680e+11 7.916515e-01 -1.352704e-01 5.958102e-01 -1.408612e+01 0 1
-2.858774e+11 -1.296203e+12 1.239720e+12 -1.938945e-01 -9.218034e-01 -3.356834e-01 3.557064e+00 0 57856
-1.859610e+11 1.769325e+12 -4.971564e+12 -2.825144e-01 3.463307e-01 -8.945617e-01 1.145499e+01 0 1
1.230602e+12 7.669501e+10 -1.245727e+12 -1.885479e-02 7.301107e-01 -6.830687e-01 8.437740e-01 0 1
-1.106115e+12 -3.018438e+12 2.690133e+12 -5.637492e-01 -6.337209e-01 5.297024e-01 -2.163721e+01 0 1
5.929371e+11 -1.769157e+12 -1.900690e+12 5.465373e-01 -7.721865e-01 -3.240755e-01 1.027186e+01 0 7504
-1.571949e+12 -1.393683e+12 -5.650114e+12 -2.016077e-01 -3.784137e-01 -9.034143e-01 1.172726e+01 0 1
-1.761893e+12 8.800090e+11 1.358106e+12 -4.052806e-01 8.489198e-01 3.392386e-01 -5.942643e+00 0 1
6.758854e+11 -4.179132e+12 -8.027141e+11 -1.319673e-01 -8.940882e-01 -4.280081e-01 -1.764869e+01 0 1
-1.515032e+11 1.685518e+12 -1.179485e+11 -7.328809e-01 6.677791e-01 1.302182e-01 1.142987e+01 0 68799
1.993182e+12 4.731657e+11 -1.965900e+11 9.604477e-01 1.674891e-02 -2.779562e-01 -9.334825e+00 0 9437
-1.838782e+12 -2.599108e+11 -5.430561e+09 -8.628105e-01 2.526190e-01 -4.378832e-01 -4.867327e+00 0 80074
-2.228309e+12 -3.599579e+12 -3.816441e+11 -4.251673e-01 -9.009795e-01 -8.642187e-02 1.339807e+01 0 1
-9.676666e+11 2.604994e+12 8.354809e+11 -1.747878e-01 9.753951e-01 1.343639e-01 -1.124954e+01 0 1
5.744938e+11 -2.815348e+12 6.292609e+11 5.024499e-01 -7.465888e-01 4.360611e-01 5.930495e+00 0 294744
2.317826e+12 5.085093e+12 6.962841e+11 4.494628e-01 8.674479e-01 2.133481e-01 9.902393e-01 0 38842
-7.878364e+11 -8.681521e+11 -3.363544e+12 -2.370677e-01 -3.297205e-01 -9.138289e-01 -1.235948e+01 0 2
-3.785332e+11 1.793420e+12 8.959923e+11 -3.312684e-01 8.864023e-01 3.233452e-01 5.025968e+00 0 150632
-9.159092e+11 2.781474e+12 -2.874729e+11 -2.608803e-01 8.840965e-01 -3.877047e-01 -5.323280e+00 0 39940
8.221329e+10 -2.491452e+12 2.629522e+12 1.220721e-01 -5.359956e-01 8.353485e-01 8.388919e+00 0 1
-8.951963e+11 -4.862362e+12 5.374011e+11 -4.507069e-01 -8.900609e-01 -6.822586e-02 4.222810e-01 0 1
6.231354e+12 1.474898e+12 -1.554403e+12 8.700989e-01 4.036299e-01 -2.828619e-01 6.218112e+00 0 1
1.066002e+12 -1.450619e+12 -1.458461e+12 -3.157284e-01 -6.063496e-01 -7.298327e-01 -5.040007e+00 0 22336
-2.677079e+12 1.313906e+12 -4.436546e+12 -3.916145e-01 -3.079074e-02 -9.196140e-01 1.964177e+01 0 1
-1.212607e+12 2.716377e+12 -3.865440e+11 -2.150554e-01 9.273059e-01 3.063574e-01 -1.044315e+01 0 2
9.543996e+11 1.549477e+12 -1.006414e+12 1.770912e-01 9.489472e-01 -2.610323e-01 2.777707e+00 0 1
-2.056722e+12 -1.883765e+11 3.800946e+11 -9.681173e-01 -2.174878e-01 1.242897e-01 6.428184e+00 0 17936
-4.685176e+12 1.744174e+12 3.628567e+12 -6.385031e-01 2.774688e-01 7.178613e-01 -7.488241e+00 0 1
-5.512240e+11 9.309494e+12 -4.239720e+12 -1.863170e-01 9.251658e-01 -3.306875e-01 1.880395e+01 0 1
2.638901e+12 -5.725884e+11 1.092304e+11 7.078784e-01 -7.037420e-01 6.045883e-02 -6.809365e+00 0 89271
-1.852195e+12 -5.522248e+11 8.920894e+11 -8.870638e-01 -2.946704e-01 3.553692e-01 -9.775693e-01 0 343717
-7.000595e+12 2.482582e+12 -6.662418e+12 -6.869717e-01 3.802092e-01 -6.192825e-01 -4.191222e-01 0 1
-4.514808e+11 -9.442374e+11 -1.356949e+12 -4.577071e-01 -3.508859e-01 -8.169353e-01 -5.809704e+00 0 6091
1.224441e+11 5.880122e+11 -1.808792e+12 1.474136e-01 1.901296e-02 -9.888922e-01 5.496501e+00 0 3
-7.585389e+11 2.258229e+12 -9.261280e+12 6.449602e-02 1.860902e-01 -9.804135e-01 -1.359648e+01 0 1
1.810327e+12 3.668432e+11 -3.321639e+11 8.505961e-01 5.249657e-01 2.995637e-02 4.824347e+00 0 303166
1.640205e+12 1.105108e+12 -5.972313e+11 5.896690e-01 7.955693e-01 -1.391402e-01 7.934262e+00 0 30601
4.541970e+11 -1.613852e+12 6.079103e+11 2.408793e-01 -6.138117e-01 7.518060e-01 -3.097150e+00 0 1
-1.509774e+11 1.352058e+12 -1.016755e+12 -2.142428e-01 1.558658e-01 -9.642644e-01 2.855240e+00 0 5824
3.995338e+12 -4.933734e+12 -6.947464e+12 2.830842e-01 -4.947544e-01 -8.216334e-01 -1.526702e+01 0 1
1.579149e+12 7.467120e+11 3.574698e+11 6.646699e-01 7.407528e-01 9.746351e-02 2.383638e+00 0 1263
-2.021959e+11 9.162138e+11 1.422381e+12 8.561459e-02 8.748200e-01 4.768230e-01 1.144169e+00 0 99996
1.190344e+11 -1.172418e+11 1.690851e+12 7.851683e-01 5.014374e-01 3.634161e-01 1.963672e-01 0 145711
-1.619904e+12 -5.361202e+09 6.366183e+11 -9.926835e-01 1.171783e-01 -2.913390e-02 -1.780654e-01 0 1
3.146653e+12 7.658396e+12 1.308117e+12 5.078990e-01 8.477269e-01 1.529632e-01 -2.125489e+01 0 2
-7.384455e+11 9.421849e+11 1.234576e+12 -1.402972e-01 6.529460e-01 7.442971e-01 -5.056482e-01 0 65005
-1.882269e+12 1.946059e+12 2.297998e+12 -5.506426e-01 6.693633e-01 4.987439e-01 5.271272e+00 0 30632
1.346189e+11 -8.283295e+11 -1.515634e+12 1.041970e-01 -1.126228e-01 -9.881594e-01 -2.267980e+00 0 481916
1.019161e+12 -1.412713e+11 -1.436425e+12 9.164871e-01 3.364532e-01 2.164502e-01 8.410490e+00 0 4
3.059701e+12 -3.726566e+12 -1.355975e+12 5.122438e-01 -6.814716e-01 -5.226880e-01 -8.014093e+00 0 1
1.498671e+12 2.524032e+12 -4.092807e+12 2.592160e-02 4.709333e-01 -8.817879e-01 -1.847416e+00 0 2
-2.022992e+12 -1.213967e+12 1.530056e+12 -8.646580e-01 7.677641e-02 4.964593e-01 -1.608931e+01 0 2
2.012604e+11 -1.435935e+12 -9.667485e+11 -8.940801e-01 -3.873985e-01 -2.248182e-01 -1.238367e+01 0 29391
1.703236e+12 1.321816e+12 1.228388e+11 7.892056e-01 6.135821e-01 2.591339e-02 3.769589e+00 0 34864
1.373275e+12 -7.906795e+11 6.072807e+11 -2.465001e-01 -1.261497e-01 9.608975e-01 -4.875269e+00 0 110535
-1.428627e+12 8.694041e+11 -3.445867e+11 -6.381031e-01 6.479500e-01 4.159150e-01 -9.209868e-01 0 68245
1.154055e+12 -2.473262e+12 1.030993e+11 7.464321e-01 -5.477861e-01 3.778485e-01 -1.102317e-02 0 1
-9.779667e+11 3.172576e+11 2.145746e+12 -4.804513e-01 -3.725174e-01 7.939756e-01 1.828638e+00 0 104249
2.434996e+11 -9.736914e+11 -2.180487e+12 2.072492e-01 -2.161897e-01 -9.541016e-01 4.711371e+00 0 67761
-8.024422e+11 9.227176e+11 1.552171e+12 -7.958795e-01 3.725688e-01 4.772508e-01 1.084102e+01 0 1
2.119132e+12 -4.530010e+12 5.801468e+12 2.631205e-01 -7.378876e-01 6.215219e-01 -9.910171e+00 0 161211
1.729182e+12 1.381573e+11 8.801419e+11 6.313885e-01 7.179264e-01 2.931386e-01 3.833133e+00 0 1
-1.365283e+12 -9.714083e+11 4.539751e+11 -2.320169e-01 -1.517032e-01 9.608092e-01 2.951749e+00 0 137084
-3.143640e+12 -2.789486e+12 -2.275021e+12 -4.621144e-01 -7.850040e-01 -4.125761e-01 2.875188e+00 0 1
-1.296121e+12 -1.756342e+12 -1.166640e+11 -6.026695e-01 -5.024853e-01 6.199178e-01 -9.092063e+00 0 1
1.063682e+12 4.094084e+11 1.395304e+12 1.200995e-02 6.568915e-01 7.538894e-01 9.749406e+00 0 1
-9.488734e+11 -1.279971e+12 2.064902e+12 -6.283143e-01 -7.073482e-01 3.238514e-01 4.636486e+00 0 7
-1.231782e+12 5.803268e+11 1.012910e+12 -4.428909e-01 7.765499e-01 -4.481272e-01 -6.319283e+00 0 3112
1.103983e+12 1.169930e+12 5.396312e+11 9.741095e-01 2.062783e-01 9.252028e-02 -6.565334e+00 0 688007
1.758837e+12 9.292014e+11 1.464944e+12 5.853380e-01 7.141153e-01 3.839516e-01 1.572083e+01 0 2
-1.117885e+12 3.067836e+12 5.916338e+12 -3.710192e-01 4.233094e-01 8.265312e-01 1.624273e+01 0 1
5.650902e+12 1.672613e+12 2.739369e+12 9.109156e-01 8.309176e-02 4.041391e-01 -3.308504e+00 0 1
3.270753e+11 1.667332e+12 1.558409e+12 -3.000410e-01 7.175514e-01 6.285662e-01 1.060401e+01 0 532
1.317760e+12 -1.019810e+12 9.696480e+11 -1.976853e-01 -8.512668e-01 4.860713e-01 -6.876439e+00 0 1
-1.581142e+13 -5.061860e+12 1.386103e+13 -7.119025e-01 -2.856974e-01 6.415387e-01 -1.655881e+00 0 1
-1.409036e+12 1.242099e+12 4.077238e+11 -9.922382e-01 8.890418e-02 -8.694426e-02 6.678158e+00 0 1
-1.845588e+12 4.483333e+11 -2.277882e+12 -9.229259e-01 1.019941e-01 -3.712210e-01 3.483806e+00 0 1
2.706913e+12 -1.178643e+12 1.774945e+12 9.057040e-01 -3.920045e-01 1.613465e-01 5.591341e+00 0 7
2.037976e+12 -8.135511e+11 -6.436746e+11 6.466209e-01 -7.585331e-01 8.067801e-02 -1.668424e+01 0 1
-4.250877e+11 -3.681845e+11 -3.405781e+12 3.000336e-01 -3.593972e-01 -8.836365e-01 1.113258e+01 0 1
-3.302168e+11 1.192721e+11 -1.660893e+12 -4.814821e-01 1.662666e-01 -8.605408e-01 3.005727e+00 0 505844
-7.942266e+11 -3.703713e+12 5.393752e+11 -4.483331e-01 -8.938637e-01 2.273926e-03 -1.487990e+01 0 144596
-2.044331e+11 1.387704e+12 9.614365e+11 5.351225e-01 7.196844e-01 4.423779e-01 -1.158130e+01 0 300567
2.977411e+12 1.182436e+12 1.393475e+12 8.347262e-01 9.100510e-02 5.430932e-01 -9.345599e-01 0 3
1.492951e+12 1.084677e+11 -1.798749e+12 3.135822e-01 2.217131e-01 -9.233144e-01 5.481041e+00 0 36446
2.665512e+12 -3.721400e+11 -1.165837e+12 9.309991e-01 -3.212835e-01 -1.732557e-01 -8.430603e+00 0 1
-3.785050e+12 -2.439549e+12 -2.621809e+11 -7.690899e-01 -6.386437e-01 2.519773e-02 1.304768e+01 0 1
1.887015e+12 8.331103e+11 2.204722e+11 8.594027e-01 4.827310e-01 -1.685165e-01 4.229399e+00 0 23201
2.551665e+12 -7.066518e+10 -1.158354e+12 9.070022e-01 -3.733010e-01 -1.949188e-01 -1.008748e+01 0 221546
4.952502e+12 4.779789e+12 1.010400e+13 4.727842e-01 2.986392e-01 8.290294e-01 -1.949752e+01 0 1
-2.046848e+12 6.067046e+12 7.181093e+11 -2.368776e-01 9.706702e-01 4.109082e-02 -1.369737e+01 0 1
1.993406e+12 3.271141e+12 3.910233e+12 2.838266e-01 6.121214e-01 7.380717e-01 -4.797421e+00 0 1
-3.597366e+12 -2.826179e+12 -1.190101e+12 -8.326595e-01 -5.275186e-01 -1.685296e-01 5.333675e+00 0 2
-1.013890e+12 6.362729e+12 1.146043e+12 -1.966402e-02 9.865509e-01 1.622672e-01 -4.565329e+00 0 6556
-5.495625e+10 1.891704e+12 -1.555282e+12 -3.693049e-01 7.863033e-01 -4.953190e-01 1.307252e+01 0 1
2.074216e+12 -3.322248e+10 -6.002436e+11 6.805134e-01 -2.346089e-01 -6.941615e-01 -8.936766e-01 0 1
8.922637e+12 4.081235e+12 4.647929e+12 8.490679e-01 3.176130e-01 4.221441e-01 -3.324938e-01 0 2
2.745970e+12 -3.421323e+11 2.439111e+12 8.496424e-01 1.302507e-01 5.110210e-01 1.280287e+01 0 1
4.412327e+12 -5.878702e+12 -1.522521e+12 4.692760e-01 -8.659189e-01 -1.731027e-01 -1.716024e+01 0 1
-1.182428e+12 -1.183263e+12 4.540764e+11 -7.961094e-01 3.526529e-01 4.917781e-01 -1.477623e+01 0 1
-9.068739e+11 -4.062020e+12 -8.630920e+11 -3.638000e-01 -9.283140e-01 -7.669880e-02 1.531412e-01 0 1
1.268640e+12 -9.818578e+11 6.237999e+11 3.973585e-01 1.907722e-01 8.976147e-01 7.707339e+00 0 14687
1.880062e+11 -2.144651e+12 -1.394467e+12 5.161113e-01 -7.606250e-01 -3.938003e-01 5.943771e+00 0 1
1.686086e+12 2.804534e+11 -1.375089e+11 8.700437e-01 2.307840e-01 -4.356175e-01 3.304810e-01 0 92842
-1.241441e+12 1.112861e+12 -3.121618e+11 -1.826324e-01 9.778746e-01 -1.020130e-01 -1.013935e+01 0 2775
2.762256e+12 2.309920e+12 -3.566906e+12 5.878624e-01 3.654256e-01 -7.217215e-01 -1.024215e+01 0 1
1.406862e+12 7.816330e+11 6.268104e+11 6.553109e-01 7.499078e-01 -9.058647e-02 8.635590e+00 0 38854
-2.788730e+12 -2.577361e+12 2.353033e+12 -4.863836e-01 -7.634284e-01 4.249801e-01 5.352308e-01 0 1
-2.185665e+11 -2.247632e+12 6.967071e+11 -1.144081e-01 -9.669025e-01 2.280576e-01 3.384169e+00 0 12825
-5.874871e+11 -3.077215e+11 -1.561676e+12 -9.544315e-01 -2.895861e-01 7.211341e-02 -2.752780e+00 0 1028
2.232719e+12 -1.158640e+12 1.895377e+12 8.840857e-01 -2.596437e-01 3.885584e-01 9.589024e+00 0 2
1.953382e+12 -1.005811e+11 -1.711486e+12 5.364010e-01 -4.200370e-02 -8.429174e-01 -3.341389e+00 0 1
1.967892e+12 -6.125305e+12 -9.949696e+12 7.855934e-02 -6.010533e-01 -7.953386e-01 -1.720770e+01 0 1
9.004786e+12 2.162676e+12 1.241785e+13 5.648003e-01 9.506455e-02 8.197337e-01 9.061025e+00 0 1
-2.690743e+12 3.994829e+12 -3.536811e+11 -5.164827e-01 8.242020e-01 -2.322426e-01 -7.483435e+00 0 1
9.800308e+12 4.593379e+11 1.922577e+12 9.717379e-01 -1.380163e-02 2.356585e-01 3.302159e+00 0 2
7.303609e+10 1.314803e+12 2.262145e+12 -3.480508e-02 4.914657e-01 8.702012e-01 4.220049e+00 0 218064
-2.308454e+12 5.968694e+12 -1.927303e+12 -1.446699e-01 9.619012e-01 -2.319841e-01 -3.131153e+00 0 1
1.645480e+12 2.821714e+12 8.899367e+11 6.000647e-01 7.595183e-01 2.511060e-01 2.721896e+00 0 1
-9.804298e+12 5.088106e+12 -2.713262e+12 -8.239063e-01 5.391433e-01 -1.746510e-01 -2.719456e+00 0 1
1.329835e+12 -1.721280e+11 -1.054087e+12 2.618213e-02 -2.088544e-01 -9.775962e-01 -7.521148e+00 0 100642
-3.067147e+11 -1.456905e+12 -4.297169e+12 -1.953833e-01 -3.761322e-01 -9.057317e-01 3.653292e+00 0 109780
-2.824395e+12 -2.073179e+11 -2.937908e+12 -6.009205e-01 -6.687237e-02 -7.965065e-01 4.618419e+00 0 63751
1.605356e+12 1.881920e+12 -2.064024e+12 6.827164e-01 2.425129e-01 -6.892647e-01 -1.651586e+01 0 1
7.947592e+11 5.586509e+12 -4.553505e+12 1.507614e-01 7.144030e-01 -6.833003e-01 -1.121825e+01 0 1
1.277051e+12 1.241731e+12 -2.371096e+12 4.492064e-02 4.463568e-01 -8.937269e-01 9.609948e-01 0 19391
1.390652e+12 -1.048759e+12 1.656544e+12 4.254060e-01 -6.947352e-01 5.799766e-01 -7.637037e+00 0 75598
1.133149e+12 -4.694613e+12 2.294270e+11 3.042807e-01 -9.380936e-01 1.655103e-01 -3.967737e+00 0 4
3.101632e+12 4.797506e+11 -9.718812e+11 8.968349e-01 4.064615e-01 -1.745745e-01 1.702505e+01 0 1
2.487473e+11 1.037363e+12 -1.918780e+12 -1.397979e-01 4.400638e-02 -9.892017e-01 5.784598e+00 0 55651
-6.920683e+11 1.152587e+11 -2.141082e+12 -7.455215e-01 2.919317e-01 -5.991440e-01 2.452793e+00 0 19668
9.871049e+11 -2.286987e+12 -1.191475e+12 5.183753e-01 -5.571740e-01 -6.487250e-01 1.113443e+01 0 1
1.757032e+12 1.974822e+10 -1.408152e+11 3.209975e-01 -5.963154e-01 -7.357775e-01 -1.354069e+01 0 1
1.035285e+12 -2.374921e+12 -2.121268e+12 5.099329e-01 -8.124946e-01 -2.825259e-01 -8.762815e-01 0 2
7.153754e+11 3.536439e+11 1.502796e+12 3.272963e-01 1.338299e-01 9.353966e-01 -1.231008e+00 0 234354
-3.272506e+12 -1.909740e+12 -2.702690e+12 -6.798254e-01 -1.126135e-01 -7.246762e-01 4.883427e+00 0 1
-1.652259e+12 1.053062e+12 7.663089e+11 -7.751416e-01 4.453415e-01 4.481366e-01 8.685490e+00 0 2
-4.988367e+12 3.797089e+12 8.864929e+11 -7.198815e-01 6.262003e-01 2.994058e-01 8.087523e+00 0 1
7.465753e+11 -1.260437e+12 1.562532e+12 -2.060660e-01 -8.396768e-01 5.024736e-01 9.191881e-01 0 2
4.106582e+11 -1.637901e+12 -1.877974e+11 -6.679130e-01 -7.091797e-01 -2.257353e-01 -1.289763e+01 0 163419
7.112834e+11 2.550436e+12 2.707535e+11 1.784061e-01 9.565150e-01 2.307604e-01 4.197838e+00 0 39692
1.382986e+12 1.983204e+11 1.041604e+12 -9.833435e-02 8.585820e-01 5.031573e-01 -2.020709e+00 0 1
2.329903e+11 2.598114e+11 -2.706541e+12 4.316337e-01 8.818064e-02 -8.977285e-01 2.015745e+00 0 59971
1.758891e+12 5.314601e+11 -3.094600e+11 9.695260e-01 6.660637e-02 2.357602e-01 2.268377e+00 0 1520
2.522241e+11 1.418535e+12 -1.868719e+12 2.071664e-01 8.679385e-01 -4.514032e-01 3.773524e+00 0 172629
-7.796974e+11 -1.775932e+10 -1.523756e+12 -4.312722e-01 8.725365e-01 -2.295308e-01 -5.635513e+00 0 44356
3.923939e+12 7.257418e+11 6.852695e+12 5.234325e-01 1.014553e-01 8.460055e-01 6.812081e+00 0 1
9.125803e+11 -8.521037e+11 1.148024e+12 6.155972e-01 -7.367463e-01 2.797231e-01 -2.357525e+00 0 3
-9.434743e+11 -3.857278e+11 -1.356601e+12 -4.822179e-01 3.768230e-01 -7.908668e-01 -7.556597e+00 0 3235
-1.992169e+12 -2.616721e+12 2.744323e+12 -2.849574e-01 -6.784294e-01 6.771505e-01 1.005084e+01 0 1
-3.832537e+12 -6.252688e+12 2.360676e+10 -6.366080e-01 -7.548800e-01 -1.577543e-01 -1.721934e+01 0 1
1.344258e+12 1.300837e+12 -7.689631e+11 8.096909e-01 3.877802e-01 -4.404852e-01 -9.367853e+00 0 57304
3.339382e+12 2.051099e+11 5.766998e+11 9.522849e-01 -1.136311e-01 2.832692e-01 -9.738923e+00 0 1
1.263920e+12 1.161996e+12 8.929681e+11 8.617317e-01 1.566189e-01 4.825858e-01 -1.411722e+01 0 116797
-2.643399e+12 1.206427e+12 2.369611e+12 -6.523739e-01 2.893315e-02 7.573448e-01 -4.139808e-03 0 2
-1.538342e+12 6.948036e+11 4.795287e+11 -9.529566e-01 1.850477e-01 -2.400649e-01 8.038326e+00 0 145617
-7.016023e+11 -2.749691e+12 6.127776e+11 2.062935e-01 -9.493776e-01 2.369077e-01 6.131788e+00 0 1
4.060482e+12 -3.321704e+11 2.097502e+12 9.557238e-01 9.383662e-02 2.789027e-01 1.131543e+01 0 1
-1.240221e+12 1.401116e+12 3.309880e+11 -7.318264e-01 5.019690e-01 4.609309e-01 7.796857e+00 0 1
-4.673621e+12 5.025205e+12 7.447414e+10 -7.545189e-01 6.545154e-01 -4.807187e-02 1.682424e+00 0 1
-2.281194e+12 -4.364562e+12 -1.836833e+12 -3.191505e-01 -9.052122e-01 -2.805955e-01 1.546908e+01 0 1
1.676129e+12 5.436254e+11 -1.451468e+12 9.470154e-01 2.860147e-01 -1.461420e-01 -4.981342e+00 0 108332
-1.044121e+12 2.167654e+12 -7.841699e+11 2.819015e-01 8.914840e-01 -3.546658e-01 -8.527192e+00 0 1
1.199323e+13 -6.613219e+12 3.504852e+13 3.101949e-01 -1.396163e-01 9.403650e-01 -9.662580e+00 0 1
1.057726e+12 -1.686112e+12 2.569668e+11 5.448704e-01 -8.043600e-01 2.368993e-01 9.115765e+00 0 1
2.495012e+12 -1.071800e+12 -1.424147e+12 9.079898e-01 1.353211e-01 -3.965383e-01 1.550827e+01 0 1
3.678740e+11 -2.311265e+12 -1.972310e+12 -1.062932e-01 -9.378557e-01 -3.303460e-01 4.547768e-01 0 69103
2.477154e+11 5.214088e+11 1.917570e+12 -1.032387e-02 -4.547501e-01 8.905592e-01 8.761559e+00 0 2
2.911042e+12 -4.835462e+11 1.684865e+12 8.428347e-01 -4.985636e-01 2.026426e-01 -1.414974e+01 0 5
-2.012868e+11 -1.898990e+12 5.489791e+11 6.250060e-01 -7.606850e-01 -1.752875e-01 9.663569e+00 0 1
8.188923e+11 1.379456e+11 1.649267e+12 3.416679e-02 3.573122e-01 9.333599e-01 7.095120e+00 0 37000
5.691050e+11 -1.693471e+12 2.205790e+11 8.186112e-01 -1.867945e-01 -5.431239e-01 8.041460e+00 0 52916
5.795588e+11 1.487211e+12 -5.943904e+11 4.310851e-01 4.120871e-02 -9.013698e-01 -3.285351e+00 0 222213
-8.109704e+11 1.820214e+12 -2.233541e+10 7.033224e-02 9.933870e-01 9.075091e-02 -3.772291e+00 0 1
1.117259e+12 5.645139e+12 7.561559e+12 2.081594e-01 6.033513e-01 7.698291e-01 -1.591723e+01 0 2
1.756481e+12 -1.534672e+12 2.268053e+12 3.405160e-01 -5.555922e-01 7.585289e-01 -9.168738e+00 0 56806
1.585521e+12 -1.882976e+11 -1.000434e+12 9.263072e-01 -3.598745e-01 1.115589e-01 -6.410041e+00 0 1
-9.418996e+11 -1.396327e+12 2.072680e+11 -7.235303e-02 -9.920720e-01 -1.027530e-01 7.192222e+00 0 107417
-2.674900e+12 1.723858e+11 -1.705301e+12 -6.932727e-01 -3.157922e-01 -6.478027e-01 1.800662e+01 0 1
-3.820681e+12 -2.869756e+12 -4.078668e+11 -7.885967e-01 -6.145447e-01 2.121456e-02 -3.622587e+00 0 9541
-2.863619e+12 8.309401e+11 -2.061951e+12 -5.336099e-01 3.186896e-01 -7.833884e-01 7.190146e+00 0 1
1.538648e+11 -1.754170e+12 -1.749278e+11 5.986049e-02 -8.155089e-01 -5.756405e-01 -1.287856e+00 0 256721
-4.157190e+11 3.148797e+12 -2.157830e+12 -2.922111e-01 8.004499e-01 -5.233475e-01 2.894544e+00 0 191574
3.663149e+11 -1.586714e+12 1.340747e+12 -3.056405e-01 -8.690069e-01 3.891156e-01 -3.794142e+00 0 311316
-1.334698e+12 1.401138e+12 -1.146260e+12 1.038214e-01 7.892762e-01 -6.051977e-01 -9.087134e+00 0 1
4.254250e+12 3.606191e+12 -1.984027e+12 8.311947e-01 4.420323e-01 -3.372281e-01 -3.073073e+00 0 290793
2.265408e+12 1.839606e+12 2.826642e+12 5.745643e-01 6.843845e-01 4.488804e-01 -7.375415e-01 0 20252
-1.365887e+11 -8.210123e+11 1.510169e+12 -7.838290e-01 -3.141159e-01 5.356709e-01 -6.742719e+00 0 67265
-1.427946e+13 1.098719e+13 3.532602e+12 -7.652106e-01 6.089238e-01 2.089605e-01 9.451672e+00 0 1
1.829763e+12 2.914339e+11 -5.399344e+10 8.480477e-01 -5.222551e-01 -8.980350e-02 -2.590644e+00 0 1
-1.614751e+12 -2.423473e+11 6.673335e+11 -6.394789e-01 7.150641e-01 2.824005e-01 -1.820213e+01 0 539968
-1.888625e+12 -1.027439e+12 5.466978e+11 -9.784035e-01 1.895894e-01 -8.235579e-02 -1.625824e+01 0 59639
2.567116e+12 2.056017e+12 1.977196e+12 6.376597e-01 6.690175e-01 3.818451e-01 8.203941e+00 0 116006
-1.828859e+12 7.113428e+11 6.874016e+10 -8.618497e-01 5.039361e-01 5.712639e-02 -7.176926e+00 0 1
1.648349e+12 5.165952e+11 -1.205990e+11 7.937400e-01 4.468922e-02 6.066133e-01 -4.241120e+00 0 88555
1.413396e+12 1.232109e+12 7.854339e+10 5.810534e-01 8.133316e-01 2.947223e-02 -1.085475e-01 0 87677
-2.010076e+12 1.678463e+12 3.086305e+11 -6.868245e-01 5.729030e-01 4.472744e-01 5.844891e+00 0 82180
3.109425e+11 -1.526626e+12 -1.512885e+12 -4.059452e-01 -6.007519e-01 -6.886985e-01 -8.649778e-01 0 1
-5.816659e+11 -1.235982e+12 -3.125415e+12 1.050974e-01 -5.527166e-01 -8.267157e-01 1.447885e+01 0 1
2.020272e+12 -1.481897e+13 9.515870e+11 1.902030e-01 -9.720256e-01 1.378006e-01 -9.973869e-01 0 1
1.701551e+12 7.574798e+11 -7.027246e+11 4.002464e-01 2.355492e-02 -9.161048e-01 -6.473553e+00 0 106760
6.081972e+11 -8.953730e+11 1.580562e+12 7.886961e-01 -2.437196e-01 5.644105e-01 2.416864e+00 0 22917
5.867946e+12 9.316270e+12 -6.551821e+12 3.743084e-01 7.437318e-01 -5.538557e-01 1.513105e+01 0 2
-5.390649e+09 1.980518e+12 -1.032311e+11 -8.484294e-02 7.341684e-01 6.736456e-01 4.189843e+00 0 129895
-1.880900e+12 3.594237e+11 -1.774177e+11 -9.915796e-01 4.024137e-02 -1.230874e-01 -1.609461e+00 0 2
-1.101116e+12 -2.853276e+12 1.174510e+12 -6.126006e-02 -7.440162e-01 6.653474e-01 -1.530953e+00 0 1
5.936833e+11 1.510456e+12 6.007012e+11 3.270038e-01 8.070523e-01 4.916656e-01 7.926050e-01 0 16779
-2.044906e+12 9.981826e+11 -1.018830e+12 -6.048041e-01 -1.226676e-01 -7.868702e-01 1.689017e+01 0 1
-3.195631e+12 -2.188722e+12 -1.728321e+12 -7.182162e-01 -4.124605e-01 -5.603944e-01 -5.888115e+00 0 147299
-1.789626e+12 9.463923e+10 -5.052038e+10 -9.745934e-01 2.238632e-01 7.280092e-03 3.966903e+00 0 183488
1.629208e+12 -1.888692e+11 -7.218156e+11 3.645576e-01 -6.750067e-01 -6.414544e-01 -5.809397e+00 0 56915
7.111228e+11 -1.421789e+12 -1.548331e+12 1.806024e-01 -8.678804e-01 -4.627812e-01 1.830216e+00 0 113186
-2.958037e+10 1.813916e+12 3.753587e+12 -1.412089e-01 3.155600e-01 9.383400e-01 -9.628467e+00 0 2
-1.333609e+12 2.580690e+12 -3.962125e+11 3.468284e-02 9.993977e-01 -1.157361e-03 -9.945605e+00 0 84611
-1.492430e+12 -9.933433e+11 -6.640839e+11 -4.620236e-01 -8.111474e-01 -3.585723e-01 1.078527e+01 0 105227
1.542181e+12 -3.552095e+11 1.204038e+12 5.248670e-01 3.706279e-02 8.503770e-01 -4.783107e+00 0 3
2.752986e+12 -1.246951e+12 -2.990403e+12 6.656372e-01 -3.719266e-01 -6.469913e-01 -1.237761e+01 0 2
-2.346459e+12 2.691068e+12 2.996393e+12 -2.964907e-01 5.965650e-01 7.457905e-01 -2.331398e-01 0 1
-9.504085e+11 3.594194e+11 -1.562969e+12 -6.937455e-01 3.349211e-01 -6.376089e-01 8.025244e+00 0 4
4.951152e+11 -1.274772e+12 -2.829051e+12 1.944149e-01 -6.067525e-01 -7.707491e-01 -4.309204e+00 0 33386
-5.887750e+10 -1.254339e+12 7.103399e+12 -9.594130e-02 -8.450414e-03 9.953511e-01 8.859036e+00 0 1
-9.372708e+11 -1.327470e+10 1.711571e+12 -3.134676e-01 -5.122565e-01 7.995820e-01 -2.939122e-01 0 56321
-1.214348e+12 3.220960e+11 -1.143105e+12 -7.217266e-01 -3.182087e-01 -6.146983e-01 8.108548e+00 0 77944
-4.158324e+11 -1.627570e+12 -4.002489e+11 -1.740022e-01 -9.697444e-01 1.712282e-01 1.540875e+00 0 3987
1.875657e+12 4.218446e+12 2.237670e+12 3.351143e-01 9.254318e-01 1.768457e-01 1.027186e+01 0 3
-1.028605e+12 1.678219e+12 -8.632459e+11 -4.456910e-01 6.543331e-01 -6.109073e-01 -4.726237e+00 0 136798
2.798353e+12 -3.015801e+12 -4.653817e+12 2.758450e-01 -4.991182e-01 -8.214564e-01 5.556017e+00 0 1
7.521770e+11 -2.947455e+12 -8.694749e+11 3.284014e-01 -8.869099e-01 -3.248743e-01 -7.440480e-01 0 1
2.872752e+12 -1.497859e+12 6.180922e+11 6.167203e-01 -6.592965e-01 4.300979e-01 -1.632796e+01 0 1
7.955385e+11 -2.479101e+12 2.189486e+10 6.563270e-01 -7.505476e-01 -7.689682e-02 2.100372e+01 0 1
1.747384e+12 1.053227e+12 1.312796e+12 8.295719e-01 5.519684e-01 -8.450655e-02 -2.425255e+00 0 88384
4.709904e+12 2.609358e+13 -8.756109e+12 1.503431e-01 9.402388e-01 -3.055290e-01 1.691850e+01 0 1
9.872449e+11 1.338204e+12 2.415157e+12 6.164319e-01 5.077647e-01 6.018195e-01 -7.029780e+00 0 84176
3.611611e+11 1.283037e+12 -1.347268e+12 6.952607e-01 3.666474e-01 -6.182090e-01 -3.161962e+00 0 11965
4.135369e+12 7.268308e+12 4.896439e+12 4.080583e-01 7.526838e-01 5.166774e-01 1.154382e+01 0 1
9.185758e+11 -8.009823e+11 1.394450e+12 5.950449e-02 -8.673481e-01 4.941320e-01 -1.096384e+01 0 4
1.688203e+12 -1.614944e+11 -6.809727e+11 8.614385e-01 3.614620e-01 -3.567477e-01 8.474226e+00 0 214906
-8.604403e+11 1.182178e+12 -1.200507e+12 -2.345021e-01 3.000575e-01 -9.246482e-01 -3.981610e+00 0 93221
1.492694e+12 5.414672e+11 -6.718307e+11 -1.414709e-01 9.572997e-01 -2.521177e-01 1.159164e+01 0 41481
-3.831824e+11 1.185305e+12 -1.151750e+12 -6.679748e-01 -3.891842e-01 -6.343070e-01 7.120330e+00 0 3728
3.714653e+11 2.581027e+12 1.493863e+12 -1.978099e-01 8.806942e-01 4.304056e-01 2.976484e+00 0 250795
-2.325153e+12 -4.170209e+12 -2.126121e+12 -3.513752e-01 -9.182992e-01 -1.823788e-01 1.645594e+01 0 1
-1.307242e+12 -2.580806e+12 8.148277e+11 1.062349e-01 -9.862566e-01 1.265386e-01 9.116445e+00 0 2
-9.020563e+10 -5.610558e+11 2.359642e+12 -6.072128e-01 -4.316920e-01 6.670342e-01 1.009884e+00 0 92818
-9.491637e+11 8.362493e+12 -3.350192e+12 -1.007473e-01 9.608455e-01 -2.581199e-01 1.123267e+01 0 2
-2.432118e+12 -8.011242e+11 2.347151e+12 -8.615315e-01 -3.746452e-01 3.426432e-01 1.114934e+01 0 1
-4.775471e+12 9.353901e+12 6.303389e+11 -4.100806e-01 9.115328e-01 3.069006e-02 3.366377e+00 0 1
-1.289823e+12 -1.110140e+11 3.733661e+12 3.144959e-02 -2.019351e-01 9.788938e-01 9.717528e+00 0 1
4.475100e+11 -7.266313e+12 -4.215497e+12 9.221019e-02 -8.363127e-01 -5.404428e-01 8.175680e+00 0 3
-2.797669e+11 1.137791e+12 1.385960e+12 6.935724e-04 1.734102e-01 9.848494e-01 -4.205047e+00 0 2
7.949741e+11 -4.362571e+11 -1.827391e+12 7.024388e-02 -5.244056e-01 -8.485662e-01 -1.050704e+00 0 278299
-2.327740e+11 -1.728013e+12 -2.516545e+12 3.797110e-01 -3.444047e-01 -8.586064e-01 -8.368540e-01 0 1
5.504078e+11 1.673519e+12 7.659564e+11 8.540520e-01 3.149586e-01 4.140004e-01 -8.252044e+00 0 2
3.438972e+11 -2.257791e+12 2.054928e+12 -2.452149e-01 -8.293896e-01 5.019787e-01 -1.646034e+01 0 10316
3.572440e+11 1.442198e+11 4.967554e+12 -8.069016e-02 4.940015e-02 9.955143e-01 -8.012214e+00 0 2
-3.210653e+12 -1.505918e+12 -1.538494e+12 -8.920364e-01 -1.650210e-01 -4.207601e-01 -1.344641e+01 0 2
1.284071e+12 -2.576454e+12 -1.328716e+12 2.859706e-01 -9.481018e-01 -1.390100e-01 1.111022e+00 0 1
-1.378298e+12 -1.539527e+12 1.112942e+12 -2.732557e-01 -7.833558e-01 5.582876e-01 1.021246e+01 0 119906
-1.022855e+12 -8.796331e+11 2.169149e+12 -5.617166e-01 -2.277219e-01 7.953724e-01 2.882201e+00 0 77301
-2.233067e+11 -5.194898e+11 -1.599784e+12 -7.338522e-02 2.768393e-01 -9.581099e-01 -2.161212e+00 0 176929
1.230500e+12 7.758534e+11 -1.100149e+12 -2.244812e-01 5.638974e-01 -7.947502e-01 1.125433e+01 0 100363
1.665264e+13 -1.595053e+13 -1.851720e+12 7.279923e-01 -6.796309e-01 -9.016170e-02 1.195321e+01 0 2
1.221070e+12 -7.592560e+11 -3.336001e+12 1.076544e-01 -1.958970e-01 -9.746973e-01 1.934525e+00 0 21796
4.917801e+11 1.194260e+12 1.100771e+12 -4.682987e-01 8.787628e-01 9.204523e-02 8.928799e+00 0 118836
-1.826608e+12 -3.316889e+11 -1.207379e+12 -6.789983e-01 3.798375e-01 -6.282394e-01 -2.175104e+00 0 1
2.451075e+12 -2.064014e+10 -3.114305e+11 9.120134e-01 -1.035487e-01 3.968744e-01 -6.055790e+00 0 171861
-1.871651e+12 -6.131070e+11 -2.350368e+12 -6.981636e-01 -4.553675e-01 -5.524564e-01 -2.095555e+00 0 1
-5.718279e+11 -1.603812e+12 -8.402366e+11 2.664449e-01 -6.968073e-01 -6.659330e-01 1.614233e+01 0 1
1.500999e+12 8.582641e+11 7.664599e+11 6.598128e-01 -3.779323e-01 6.494722e-01 -1.103804e+01 0 131195
-2.356180e+11 -5.033044e+11 -1.650182e+12 -1.050449e-01 -6.841403e-02 -9.921114e-01 -1.419912e+00 0 126819
-6.566697e+12 -4.113671e+12 2.253457e+11 -9.094809e-01 -4.157033e-01 5.929971e-03 -2.008177e+01 0 1
6.281533e+12 -7.544547e+11 7.848887e+12 5.249048e-01 -3.481684e-02 8.504486e-01 -1.254128e+01 0 1
-6.868979e+11 1.603813e+12 1.339907e+12 1.405371e-01 9.687001e-01 2.046203e-01 -1.267451e+01 0 89414
1.957717e+12 -5.229731e+11 -5.463482e+11 9.726338e-01 2.320919e-01 1.080900e-02 1.392055e+01 0 1
-2.630619e+11 -1.982799e+10 2.327475e+12 -2.519332e-01 -7.593197e-02 9.647611e-01 3.368083e+00 0 193437
-4.282637e+12 -1.645502e+12 3.470293e+12 -7.238972e-01 -4.705937e-01 5.044942e-01 4.288867e+00 0 205407
-1.992842e+12 1.967919e+12 -1.443130e+12 -7.840662e-01 5.466524e-01 -2.939580e-01 -4.970485e+00 0 2
-4.240685e+11 1.276322e+12 -2.027671e+12 -4.577835e-01 2.565777e-01 -8.512356e-01 -1.825149e+00 0 2
1.528307e+12 -3.856295e+12 4.820449e+10 3.212829e-01 -9.210819e-01 -2.199670e-01 5.658203e+00 0 1
-1.314048e+12 -2.732161e+12 1.816092e+12 -4.350813e-01 -6.612158e-01 6.111447e-01 2.477238e+00 0 1
8.568938e+11 1.337669e+12 -1.230394e+12 5.513312e-01 8.342798e-01 -3.318960e-03 -3.271748e+00 0 2251
-1.579122e+12 5.536318e+12 -1.954994e+12 -1.502486e-01 9.739438e-01 -1.698787e-01 4.736997e-01 0 1
-3.566105e+11 4.149818e+12 1.731172e+12 -2.886557e-01 7.490626e-01 5.963079e-01 -2.608984e+00 0 1
3.010726e+12 8.881142e+10 -2.007240e+12 8.444344e-01 -1.016833e-01 -5.259193e-01 1.936412e+00 0 1
1.442705e+12 6.137199e+11 8.141476e+11 6.752999e-01 1.201797e-01 7.276859e-01 -5.382921e+00 0 16607
-9.496523e+11 2.484739e+12 8.618597e+11 -1.851372e-01 8.455699e-01 5.007351e-01 -7.783924e+00 0 1
-3.408946e+12 -7.369841e+11 -4.637700e+12 -4.779100e-01 -3.696711e-01 -7.968345e-01 1.780191e+01 0 1
3.616410e+11 -1.902787e+12 -3.282473e+12 3.922847e-01 -6.682122e-01 -6.321433e-01 -6.586392e-01 0 1
4.356221e+11 1.017276e+12 1.594327e+12 -2.229676e-03 3.495470e-01 9.369162e-01 -7.321505e+00 0 153411
9.322479e+11 -4.532430e+11 3.187864e+12 3.039398e-01 3.762452e-01 8.752486e-01 7.632831e-01 0 94191
-1.750076e+12 -1.614477e+12 7.248959e+11 -5.153439e-01 -8.544942e-01 -6.527173e-02 2.525470e+00 0 92033
-2.285891e+11 -3.700974e+11 2.078902e+12 -5.301260e-01 3.742150e-01 7.608742e-01 1.471101e-01 0 73470
9.951068e+11 3.104300e+12 3.534425e+12 1.338780e-01 7.490889e-01 6.488008e-01 -3.493355e+00 0 156550
5.751836e+11 -2.492755e+12 -3.274473e+12 1.565511e-01 -8.058957e-01 -5.709850e-01 -8.111481e+00 0 2
1.060047e+12 -3.573666e+11 3.159724e+12 3.439077e-01 -2.208278e-01 9.126678e-01 2.660994e+00 0 149558
1.261153e+12 1.667021e+12 -3.592267e+12 -1.010512e-02 5.704861e-01 -8.212451e-01 1.280789e+01 0 1
-1.149870e+12 1.867016e+12 2.754973e+11 -1.742715e-01 9.731413e-01 1.504173e-01 -1.848000e+01 0 1
-1.971769e+12 -1.421514e+12 1.068594e+11 -9.311086e-01 -3.625948e-01 3.951837e-02 -2.110266e+00 0 55078
-1.617091e+12 5.990630e+11 -1.578080e+12 -8.194282e-01 4.812464e-01 -3.113508e-01 4.031780e+00 0 120444
-4.661038e+11 -1.831180e+12 2.971557e+12 -2.624801e-01 -4.875193e-01 8.327239e-01 -6.393976e+00 0 2
1.243013e+11 -2.125304e+13 1.916174e+13 -4.914416e-02 -7.431114e-01 6.673607e-01 -2.220201e+01 0 1
3.819686e+11 3.986569e+12 4.224391e+12 2.433088e-01 6.544750e-01 7.158655e-01 -1.305098e+01 0 23317
1.733935e+12 9.175632e+11 -4.005046e+11 5.477821e-01 7.650174e-01 3.386490e-01 3.112941e+00 0 2
1.057056e+12 1.417720e+11 -2.201342e+12 4.697323e-01 -3.696182e-01 -8.017069e-01 -9.176776e+00 0 7296
9.554029e+11 -9.665808e+12 2.932689e+12 -2.066205e-02 -9.297318e-01 3.676572e-01 -2.047712e+01 0 1
9.956216e+11 -3.719098e+11 1.322663e+12 -4.036650e-01 -5.254503e-02 9.133967e-01 -1.478330e+00 0 22739
-1.748316e+11 -2.382737e+12 1.905423e+12 -1.145183e-01 -5.567722e-01 8.227334e-01 -3.557824e+00 0 58530
1.088659e+12 -6.675240e+11 1.293681e+12 4.092396e-01 -3.442931e-01 8.449765e-01 -6.896227e+00 0 167573
2.408255e+12 2.626093e+11 -1.241942e+12 9.979892e-01 -6.202349e-02 -1.306216e-02 -5.709905e-01 0 68917
-1.947546e+12 -1.264893e+12 -8.024933e+11 -9.518424e-01 -3.040065e-01 -3.969921e-02 -1.312335e+00 0 3
2.090523e+12 -3.839053e+11 6.756867e+11 6.420574e-01 -7.283492e-01 2.393110e-01 -1.751653e+01 0 1
3.288943e+11 4.410155e+11 -1.645180e+12 6.156823e-01 7.150510e-01 -3.311152e-01 -1.690111e+00 0 231050
1.737790e+12 1.933920e+11 -5.695333e+11 9.018803e-01 -3.881128e-01 1.896848e-01 -1.429216e+01 0 34183
-4.299845e+11 1.636430e+12 -1.287825e+11 6.659850e-01 6.690101e-01 -3.299840e-01 -2.267183e+01 0 1
-9.224363e+11 1.748157e+11 1.598969e+12 -4.738748e-01 -1.467084e-01 8.682853e-01 -2.424766e+00 0 199311
-1.467222e+12 1.208788e+12 3.600429e+11 -6.452897e-01 4.893914e-01 -5.865980e-01 -3.296441e-01 0 125926
1.133263e+12 -2.466949e+11 -1.808713e+12 2.197635e-01 -6.463366e-01 -7.307209e-01 -1.514017e+01 0 1
1.786893e+12 2.435988e+10 -2.409661e+12 4.734622e-01 2.423229e-01 -8.468253e-01 8.576243e+00 0 6
6.030542e+11 -3.812974e+11 -1.855415e+12 1.274938e-01 3.577860e-01 -9.250592e-01 -1.178200e+00 0 1
-1.561888e+12 8.816556e+11 -1.951727e+12 -7.326006e-01 3.732162e-01 -5.692152e-01 -5.418570e+00 0 1
5.853523e+11 -1.085538e+12 1.227709e+12 4.428872e-02 -7.543784e-01 6.549441e-01 -5.785489e+00 0 32704
-1.079868e+12 1.265544e+11 -1.624276e+12 -6.883586e-01 1.704998e-01 -7.050477e-01 -5.380240e+00 0 95168
-4.392975e+11 7.981654e+11 -1.853827e+12 -2.329546e-01 5.387624e-01 -8.096093e-01 1.861760e+00 0 132429
2.411023e+11 -1.668832e+12 -8.491500e+11 -4.522026e-01 -8.378410e-01 -3.058354e-01 -9.758354e+00 0 16126
1.280871e+12 7.330169e+11 -2.900426e+12 5.260291e-01 7.058530e-02 -8.475324e-01 -7.082593e+00 0 48500
6.588578e+11 -1.561142e+12 -2.258376e+11 9.451395e-01 1.148180e-01 3.058237e-01 1.910801e+01 0 53869
-1.154376e+11 -1.753411e+12 3.224409e+10 5.551014e-01 -8.310613e-01 -3.463420e-02 1.334938e+01 0 15418
1.300464e+12 4.544184e+12 5.582052e+12 2.513518e-01 5.562211e-01 7.921113e-01 -7.911857e+00 0 1
-6.124718e+12 6.775988e+11 -1.727154e+12 -9.961583e-01 -1.462355e-02 -8.634114e-02 -1.301670e+00 0 1
-4.646342e+11 -1.462162e+12 -2.126921e+12 -5.140930e-01 -5.620890e-01 -6.478922e-01 2.784876e+00 0 397782
4.689958e+11 9.551818e+11 -1.588339e+12 2.723688e-01 3.815340e-01 -8.833159e-01 -6.258789e+00 0 119669
1.943967e+10 -2.151040e+12 -1.696179e+12 -1.942624e-01 -8.342318e-01 -5.160614e-01 -1.108513e+01 0 1
-2.473556e+12 2.215933e+11 -5.058964e+12 -5.230375e-01 -1.927405e-01 -8.302306e-01 1.577049e+01 0 1
-1.312697e+12 1.090853e+12 1.782670e+11 -2.133409e-01 4.945045e-01 8.425858e-01 -6.208583e+00 0 438228
-1.630259e+12 1.487590e+11 1.324005e+12 -7.674059e-01 6.101402e-01 1.970208e-01 -1.277261e+01 0 59147
-1.283089e+11 1.136251e+11 -1.859664e+12 -5.329332e-01 -8.871206e-02 -8.414941e-01 2.396789e+00 0 48712
4.893575e+12 -3.567680e+12 -6.458501e+11 6.831533e-01 -6.926981e-01 -2.312379e-01 -2.465516e+00 0 1
6.429151e+12 1.052238e+12 -2.208159e+12 8.915947e-01 1.312491e-01 -4.333965e-01 -1.294012e+01 0 1
-2.669412e+11 1.678426e+12 9.717024e+10 -4.485832e-01 5.721479e-01 -6.866002e-01 7.124718e+00 0 33051
4.785746e+11 3.160794e+12 -1.330131e+12 2.575756e-01 8.472234e-01 -4.646152e-01 -1.117170e+01 0 1
1.017101e+12 -1.428853e+12 1.861000e+12 6.875573e-01 -5.944528e-01 4.170021e-01 -1.704051e-01 0 78417
-3.035811e+12 5.203137e+12 1.767389e+13 -2.411352e-01 2.414664e-01 9.399722e-01 1.837130e+01 0 1
1.222526e+12 1.595372e+12 -1.435571e+12 4.844749e-01 8.104036e-01 -3.294391e-01 6.456571e+00 0 2
-2.448665e+12 3.668597e+12 -3.433199e+12 -3.326118e-01 7.668550e-01 -5.489106e-01 -1.118152e+01 0 1
1.305335e+12 1.731781e+10 -1.991019e+12 7.802772e-01 -2.786674e-02 -6.248127e-01 3.488173e+00 0 23337
-3.348520e+11 -1.196211e+12 -1.788618e+12 -3.824672e-01 -4.993051e-02 -9.226190e-01 -9.598820e-01 0 87455
-8.513677e+11 1.249702e+12 9.256078e+11 -1.118127e-01 9.447157e-01 3.082373e-01 -9.191915e+00 0 31184
1.687066e+12 2.053705e+11 4.170346e+12 5.235566e-01 4.864372e-03 8.519770e-01 3.897005e+00 0 1
-5.200248e+12 -8.159747e+11 3.113804e+12 -8.397655e-01 -1.100186e-01 5.316858e-01 2.423484e+00 0 2
-3.553816e+11 -3.523214e+11 -1.620899e+12 -4.270108e-01 -6.177406e-04 -9.042463e-01 -3.012801e+00 0 53573
7.931351e+11 -8.840181e+11 1.965877e+12 3.911121e-02 -5.882344e-01 8.077441e-01 -4.254637e-01 0 330058
2.313909e+11 1.819402e+12 -1.414337e+11 -4.819595e-01 7.348173e-01 -4.772406e-01 4.696591e+00 0 1
3.267003e+12 1.097738e+13 -7.502204e+12 2.310328e-01 7.996437e-01 -5.542507e-01 8.504274e+00 0 2
-5.735471e+12 -1.607124e+12 -5.865845e+12 -6.492134e-01 -2.563314e-02 -7.601742e-01 -1.653034e-02 0 2
-3.482779e+12 2.600983e+12 2.511765e+12 -8.689723e-01 3.858886e-01 3.098017e-01 1.572824e+01 0 1
-1.298787e+12 -8.531552e+11 -8.028985e+11 -4.157222e-01 -8.935901e-01 -1.693273e-01 7.252245e+00 0 194112
1.554077e+12 6.305186e+11 -2.614758e+11 4.183291e-01 8.958827e-01 1.496491e-01 1.176305e+01 0 108733
3.419507e+12 2.752476e+11 1.990915e+12 9.782156e-01 -1.065091e-02 2.073182e-01 1.300141e+00 0 2
1.396209e+12 -2.634359e+12 7.317011e+11 5.806255e-01 -7.444927e-01 3.295522e-01 -5.304068e-01 0 66312
-2.571362e+11 6.121481e+11 3.785115e+12 -1.057497e-03 2.522833e-01 9.676528e-01 -4.317880e+00 0 57493
2.967371e+12 -9.352022e+11 1.471938e+12 8.261181e-01 7.746729e-02 5.581466e-01 2.959804e+00 0 1
7.073787e+12 -2.059205e+12 -4.250192e+12 7.806689e-01 -1.303981e-01 -6.111894e-01 -1.801426e-01 0 1
-1.645959e+12 -6.719203e+11 2.466063e+12 -2.384653e-01 -2.679666e-02 9.707813e-01 -6.502807e+00 0 263594
-4.732510e+11 -7.868070e+11 1.558286e+12 2.202486e-01 -7.120181e-01 6.667239e-01 3.478229e+00 0 38187
-1.109995e+12 8.561901e+11 1.391270e+12 -7.935982e-01 5.987272e-01 1.082943e-01 2.551312e+00 0 23962
-1.485561e+12 -1.161669e+12 -3.047216e+11 -9.336238e-01 1.685560e-01 -3.161257e-01 -1.521377e+01 0 50606
1.314704e+12 -1.187523e+12 1.523135e+12 6.363421e-01 -6.269605e-01 4.494322e-01 -4.621690e+00 0 203595
-9.290948e+11 -1.336522e+12 1.028404e+12 -1.524583e-01 -7.971297e-01 5.842437e-01 1.011504e+01 0 1
1.073428e+12 1.053478e+12 -1.126635e+12 6.507572e-01 5.696870e-01 -5.019679e-01 -6.814823e+00 0 3
1.477358e+12 2.156875e+12 -9.613016e+11 3.281845e-01 9.404182e-01 8.892964e-02 -3.536324e-02 0 17646
2.131119e+12 -7.166746e+11 -8.387060e+10 9.669793e-01 -1.120464e-02 2.546087e-01 1.060924e+01 0 1
-1.327625e+11 -4.927480e+11 -2.359763e+12 3.885377e-01 2.767995e-01 -8.788745e-01 3.445657e+00 0 1
-1.216001e+12 -7.251347e+11 1.825531e+12 -6.696765e-01 -5.077027e-01 5.420067e-01 -2.299380e+00 0 119961
-4.416898e+11 -1.981247e+12 4.519465e+11 -8.352651e-02 -9.428761e-01 -3.225027e-01 6.031698e+00 0 1
-3.258103e+12 7.588245e+11 -2.451934e+11 -9.729352e-01 -2.018716e-01 1.124496e-01 6.458502e+00 0 570252
-7.733479e+11 3.857272e+12 -1.141031e+12 -4.276107e-01 8.911778e-01 -1.514968e-01 5.200780e+00 0 236910
1.060705e+12 -9.402835e+11 -2.233432e+12 3.348155e-01 -1.830975e-01 -9.243235e-01 5.810558e+00 0 141905
-1.655036e+12 -2.919633e+12 -1.292839e+12 -5.280861e-01 -8.469894e-01 6.110672e-02 3.790352e+00 0 62336
5.171525e+11 -1.669461e+12 6.090451e+11 7.239161e-01 -6.744452e-01 1.451519e-01 9.766117e+00 0 237091
-3.919488e+12 1.403808e+13 1.059855e+13 -3.060573e-01 7.492047e-01 5.873851e-01 2.241136e+01 0 1
-2.548824e+12 -1.889803e+12 2.874282e+11 -9.201564e-01 -3.902485e-01 3.191213e-02 -1.564033e+00 0 2
-6.096837e+11 2.449025e+12 9.007177e+11 -6.211785e-01 7.836578e-01 -4.199865e-03 4.592716e+00 0 4
2.608896e+12 2.305564e+12 -1.433682e+12 7.205535e-01 5.681488e-01 -3.975042e-01 -4.206174e+00 0 2
3.145311e+12 8.939148e+11 1.573155e+12 8.686359e-01 -1.383245e-01 4.757498e-01 5.117856e-01 0 1
1.208407e+12 5.945886e+11 -1.226105e+12 6.807365e-02 6.801124e-01 -7.299404e-01 1.046557e+01 0 4
-1.479728e+12 6.435780e+11 1.267924e+12 -9.012481e-01 -3.372279e-01 2.720829e-01 1.563252e+01 0 2
-1.316381e+12 1.534375e+12 2.740298e+12 -2.984080e-02 2.710197e-01 9.621111e-01 -6.893527e+00 0 2
-1.275635e+12 1.032308e+12 5.680221e+12 -2.574414e-01 -2.087618e-02 9.660684e-01 -5.811579e+00 0 1
1.963100e+12 4.925423e+12 1.411985e+12 3.505062e-01 8.939716e-01 2.792135e-01 -1.053831e+01 0 1
-1.208902e+12 1.180284e+12 3.168873e+11 -9.032942e-01 3.119891e-01 -2.944867e-01 1.279368e+01 0 1
2.894645e+12 -4.748046e+10 6.164741e+12 3.426980e-01 -1.516642e-01 9.271224e-01 -3.839633e-01 0 435387
-2.048536e+12 6.190025e+11 -1.275630e+12 -9.217457e-01 2.550833e-01 -2.920915e-01 4.678282e+00 0 8073
1.059856e+12 6.038208e+11 -1.194776e+12 3.514637e-01 8.313007e-01 -4.305954e-01 3.181882e+00 0 170261
1.714249e+11 1.722613e+12 -4.289562e+11 1.622130e-01 9.508767e-01 2.636672e-01 -5.527343e+00 0 3
3.799313e+11 1.466878e+12 -1.917163e+12 -2.760719e-01 6.360014e-01 -7.206154e-01 1.267554e+00 0 1
-3.923155e+12 1.013950e+12 -3.773314e+12 -6.115733e-01 1.227816e-01 -7.816027e-01 5.091985e+00 0 1
-1.044851e+12 5.379850e+11 1.718094e+12 -4.556138e-01 4.720898e-01 7.546836e-01 -4.862952e+00 0 1
-8.580766e+11 -2.536292e+11 5.102286e+12 -3.940471e-02 -9.919024e-02 9.942880e-01 5.576669e+00 0 397170
3.515117e+12 -1.492112e+12 1.756199e+12 7.531113e-01 -3.324933e-01 5.676896e-01 -3.467652e+00 0 2
-1.332390e+12 -9.452148e+11 3.165541e+12 -2.776815e-01 -2.856117e-01 9.172344e-01 4.884680e+00 0 2
2.027152e+12 -1.961860e+12 -1.893453e+12 7.464632e-01 -5.653934e-01 -3.508888e-01 5.127833e-01 0 330199
1.478604e+12 -9.898285e+11 -5.713207e+09 1.430208e-01 -7.973044e-01 5.863879e-01 -1.289498e+01 0 2
2.028605e+11 -8.550849e+11 1.564466e+12 -7.308151e-01 -4.341631e-01 5.266989e-01 -8.353317e+00 0 277987
1.136650e+12 -1.076249e+12 -2.630292e+12 4.876885e-01 -5.530981e-01 -6.754571e-01 5.036687e+00 0 240333
2.328883e+12 -3.826036e+11 4.242937e+12 2.359382e-01 -1.451255e-01 9.608703e-01 -4.159070e+00 0 1
1.039711e+12 -9.672593e+11 -2.594179e+12 5.489015e-01 -9.065315e-02 -8.309568e-01 8.973770e+00 0 150144
1.368381e+12 -1.369123e+12 1.424764e+12 9.190494e-01 -1.526368e-01 3.633872e-01 1.544255e+01 0 1
-1.126097e+12 -1.148413e+12 5.856684e+11 -9.113240e-01 -3.721383e-01 -1.760731e-01 -4.082821e+00 0 49556
-1.760411e+12 -1.268091e+12 1.142832e+12 -7.842937e-01 5.081185e-02 6.183054e-01 -3.825795e+00 0 323374
-1.156191e+12 9.723463e+11 -1.601461e+12 -6.723954e-01 6.776084e-01 -2.978779e-01 -5.080080e+00 0 152607
3.443484e+12 3.011792e+12 1.926791e+11 7.199035e-01 6.940718e-01 1.802394e-03 5.993796e+00 0 1
-1.758656e+12 1.708851e+12 -1.817043e+12 -8.964454e-01 4.127208e-01 -1.613916e-01 1.437443e+01 0 1
1.127678e+11 3.215829e+11 -1.679506e+12 -4.867262e-02 -3.683910e-01 -9.283960e-01 5.337253e+00 0 31720
9.585480e+11 -8.140763e+11 -1.180488e+12 1.378712e-01 -8.800628e-01 -4.544018e-01 -8.754418e+00 0 77299
-3.806118e+12 5.030604e+12 -1.393056e+13 -1.908829e-01 2.485527e-01 -9.496237e-01 -1.048767e+01 0 1
-2.127140e+12 -2.499319e+12 -2.967505e+12 -2.555006e-01 -5.384485e-01 -8.029898e-01 -3.267222e+00 0 1
7.649869e+12 2.692788e+11 1.640601e+10 9.994058e-01 2.484306e-02 2.389492e-02 5.236689e+00 0 28132
-2.589608e+11 1.813631e+12 3.392116e+12 -2.388369e-02 6.481521e-01 7.611363e-01 2.487161e+00 0 452595
2.031090e+12 4.890317e+10 -6.670398e+11 6.790456e-01 -3.051703e-01 -6.676587e-01 -1.424896e+00 0 5
-1.792174e+12 6.892723e+11 5.330747e+11 -9.024332e-01 -3.628612e-01 2.322628e-01 1.862225e+01 0 1
5.157645e+12 1.373058e+12 -2.040676e+12 8.431051e-01 4.323020e-01 -3.198261e-01 1.559775e+01 0 3
-1.558142e+12 4.788517e+12 5.288310e+12 -1.427816e-01 7.383140e-01 6.591706e-01 -1.074476e+01 0 5
-1.080815e+12 -2.790439e+11 1.341476e+12 -6.459964e-02 -8.734567e-01 4.825975e-01 1.035458e+01 0 205195
4.843387e+11 2.537209e+12 1.573724e+12 1.883041e-01 7.043143e-01 6.844581e-01 -6.224642e+00 0 4
3.109794e+12 -6.025923e+10 -1.132944e+12 9.362644e-01 2.227776e-01 -2.716230e-01 1.301891e+01 0 116813
1.320403e+12 -5.248283e+11 4.200560e+12 2.341325e-01 -2.706470e-01 9.337731e-01 -6.458492e+00 0 177250
1.167338e+12 -5.899934e+11 -1.130881e+12 8.474053e-02 -4.286230e-01 -8.995006e-01 -1.160560e+00 0 46404
-8.927584e+11 -3.095378e+12 2.876093e+12 4.124520e-02 -7.119585e-01 7.010092e-01 2.317291e+00 0 89649
1.413579e+12 -1.633485e+12 1.499849e+12 4.817952e-01 -7.912425e-01 3.765749e-01 3.556825e+00 0 20154
-4.634167e+12 -2.350690e+12 -1.253787e+12 -6.849172e-01 -6.907155e-01 -2.319494e-01 6.746230e+00 0 1
1.236734e+12 7.018801e+12 3.866728e+12 6.231470e-02 8.806396e-01 4.696710e-01 -6.264914e+00 0 1
2.976800e+11 -1.791189e+11 -1.744493e+12 -2.314086e-01 -5.867130e-01 -7.760270e-01 -4.901961e+00 0 207843
2.191117e+12 -7.935966e+11 3.036622e+12 5.987466e-01 2.052248e-01 7.741997e-01 -2.984344e+00 0 1
1.005862e+12 -6.679343e+12 -2.021101e+12 1.662103e-01 -9.660694e-01 -1.976971e-01 1.049181e+01 0 1
1.210566e+12 -2.081875e+11 1.216760e+12 6.622400e-01 -5.306932e-01 5.289641e-01 -1.093475e+01 0 1
-5.419427e+11 -1.751782e+12 1.054469e+12 4.390083e-01 -4.841845e-01 7.568600e-01 1.476913e+01 0 2
-2.401634e+12 -2.091615e+12 -1.202066e+12 -7.858102e-01 -6.168100e-01 4.525180e-02 1.754606e+00 0 52422
9.984448e+11 -1.288181e+12 5.048240e+11 -9.520388e-02 -7.908812e-02 9.923111e-01 -3.381005e+00 0 31132
-8.537766e+11 -2.436735e+12 3.596253e+12 2.439754e-02 -6.362597e-01 7.710890e-01 6.468305e-01 0 1
2.688460e+12 6.189029e+11 2.999722e+12 5.054422e-01 4.402704e-01 7.420850e-01 2.032273e+01 0 1
-9.634488e+12 2.193122e+11 -6.033961e+12 -8.457036e-01 7.416408e-02 -5.284743e-01 -1.300858e+01 0 2
1.991252e+12 -4.357632e+11 -1.777202e+12 8.980519e-01 -5.949244e-02 -4.358480e-01 -2.148242e+00 0 3
2.658299e+12 1.546650e+12 3.318715e+11 6.656326e-01 7.352494e-01 1.278343e-01 3.656742e+00 0 1
-8.123791e+11 -2.608924e+12 8.822313e+11 -3.744723e-01 -6.267537e-01 6.833376e-01 -9.665833e+00 0 2
3.816432e+12 -2.501990e+12 1.675546e+12 6.566477e-01 -4.464782e-01 6.078413e-01 5.110971e+00 0 4535
-7.006462e+11 -3.033559e+11 -1.693514e+12 -7.280752e-01 2.239706e-01 -6.478762e-01 -5.649974e+00 0 362
-2.335591e+11 -1.289370e+12 -2.189244e+12 -2.865287e-01 -5.515746e-01 -7.833688e-01 -4.247260e+00 0 193022
1.215468e+12 5.390894e+11 -1.080251e+12 -1.805893e-01 6.435218e-01 -7.438193e-01 4.269475e+00 0 378083
-1.099002e+12 9.694860e+11 9.272738e+11 -8.592525e-01 -2.457769e-01 4.486411e-01 5.544949e+00 0 1
1.697186e+12 -5.800992e+10 -8.658127e+11 6.222104e-01 -1.715003e-01 -7.638337e-01 -4.863581e+00 0 94220
1.557900e+12 -2.856473e+11 1.343278e+12 3.185788e-01 -4.410286e-01 8.390479e-01 -9.452183e+00 0 28477
3.943081e+11 1.709963e+12 -2.450400e+12 3.859005e-01 7.087115e-01 -5.906003e-01 -8.837651e+00 0 1
-1.220994e+12 8.656450e+10 -3.898186e+12 -1.739126e-01 1.288791e-01 -9.762913e-01 4.128280e+00 0 1
2.814925e+12 -1.704555e+12 -6.522490e+11 7.270863e-01 -6.764429e-01 -1.173477e-01 -2.242095e+00 0 202256
1.375109e+13 1.058888e+13 1.337727e+13 6.202475e-01 5.315617e-01 5.768320e-01 1.528048e+01 0 1
-1.558109e+12 1.109462e+12 5.834270e+11 -7.474525e-01 6.358209e-01 1.924750e-01 -4.813047e+00 0 320339
1.569169e+12 7.571865e+11 -7.910532e+11 6.826488e-01 -5.044906e-01 -5.286586e-01 -5.166109e+00 0 1
9.308526e+11 4.235177e+12 -1.973324e+12 1.624539e-01 8.635244e-01 -4.774247e-01 1.240364e+01 0 1
-1.725763e+12 -7.744789e+10 7.014098e+10 -7.947622e-01 5.945324e-01 1.220013e-01 -1.140082e+01 0 99005
1.273208e+12 3.898890e+11 -1.657418e+12 6.268963e-01 3.043458e-01 -7.171991e-01 5.089580e+00 0 142886
-1.434435e+11 -8.303940e+11 2.171725e+12 -5.830683e-01 -3.622740e-01 7.271787e-01 -1.594172e+01 0 1
-8.026419e+12 1.556034e+12 -7.808386e+11 -9.846686e-01 1.012273e-01 -1.420588e-01 1.969874e+01 0 1
-1.961798e+12 2.317694e+12 -6.043082e+11 -2.990117e-01 9.478892e-01 1.099909e-01 -2.189787e+01 0 1
-3.135602e+11 7.466779e+11 2.770754e+12 -5.716179e-01 2.410077e-01 7.843266e-01 2.115921e-01 0 1
1.899282e+12 -5.878358e+11 1.098878e+12 9.825455e-01 6.592539e-02 -1.739490e-01 2.027499e+00 0 2
-2.178878e+12 -3.447705e+12 -1.821980e+12 -2.857779e-01 -7.908626e-01 -5.411722e-01 1.792747e+01 0 1
7.585824e+11 -3.763098e+12 -4.469167e+12 3.133693e-01 -6.254265e-01 -7.145917e-01 -2.190901e+00 0 1
6.395624e+11 1.361528e+12 1.074387e+12 8.730342e-02 9.705505e-01 -2.245213e-01 -7.847534e-01 0 3
1.788501e+12 2.202350e+12 1.815145e+12 8.085131e-01 4.805495e-01 3.396743e-01 -3.698376e+00 0 263780
8.729307e+11 5.221129e+11 1.632415e+12 6.483993e-01 2.805803e-01 7.077097e-01 2.966468e+00 0 2
5.066275e+11 5.173567e+12 -5.116709e+12 8.299484e-02 7.891081e-01 -6.086216e-01 -7.393635e+00 0 2
7.057113e+11 2.559171e+12 1.478596e+12 -1.609756e-01 8.103822e-01 5.633539e-01 4.878367e+00 0 25294
2.674247e+12 1.682427e+13 4.319643e+13 3.934521e-02 3.403800e-01 9.394644e-01 1.651720e+01 0 1
3.226719e+12 -3.346293e+11 -4.579164e+12 5.485746e-01 1.049033e-01 -8.294946e-01 1.142596e+01 0 1
6.954340e+11 -1.429552e+12 1.666361e+12 1.837195e-02 -4.944180e-01 8.690301e-01 4.623082e+00 0 186773
-3.124754e+11 1.958102e+12 -1.533504e+12 -4.598611e-01 8.793789e-01 -1.233717e-01 1.218427e+01 0 1
1.518506e+12 1.752187e+11 1.623955e+12 3.445953e-01 9.815604e-02 9.336056e-01 4.022673e+00 0 96396
1.562110e+12 -1.742427e+12 5.241617e+11 7.988046e-01 -5.791898e-01 -1.626357e-01 1.364791e+01 0 1
2.816260e+12 -1.216132e+12 4.555597e+11 8.011137e-01 -3.037623e-01 5.156988e-01 -3.904591e+00 0 2
9.552193e+11 -1.688182e+12 -2.287944e+11 8.802524e-01 -4.743258e-01 1.306477e-02 -4.287345e+00 0 1
1.157995e+12 -1.451873e+12 -1.919008e+12 5.385885e-01 -7.719374e-01 -3.376909e-01 4.385427e+00 0 91390
-1.036875e+12 -1.268131e+12 -1.951759e+12 -2.108414e-02 -5.916325e-01 -8.059320e-01 1.248528e+01 0 1
-3.319434e+10 -1.418359e+11 2.087011e+12 -1.975307e-01 3.916614e-01 8.986562e-01 1.826547e+00 0 2013
-8.698461e+11 6.633887e+11 1.460658e+12 -6.896716e-01 6.716112e-01 2.707239e-01 4.132277e+00 0 7416
-1.317756e+12 -2.342342e+12 5.718669e+11 -1.654154e-01 -6.775054e-01 7.166757e-01 9.726327e+00 0 2
8.130231e+10 -1.102144e+12 -1.953448e+12 -4.802621e-01 -4.627009e-01 -7.451552e-01 -6.279661e-01 0 36194
-2.406859e+11 9.496581e+11 -1.647790e+12 -3.455730e-01 -2.508475e-03 -9.383885e-01 5.754062e+00 0 6829
-3.068405e+12 3.182333e+12 4.125219e+11 -7.092695e-01 6.603533e-01 2.467192e-01 -8.884677e-01 0 496966
-1.941709e+11 -1.370340e+12 1.750848e+12 8.292053e-02 -2.800587e-01 9.563950e-01 6.458853e+00 0 1
7.343107e+11 -8.528967e+12 -1.897787e+11 2.294482e-01 -9.700762e-01 -7.940825e-02 1.238411e+00 0 1
8.536955e+11 1.917406e+11 -1.998249e+12 6.319041e-01 5.714410e-01 -5.235956e-01 5.083739e+00 0 86329
-3.762326e+12 -2.861217e+12 7.505105e+12 -3.219603e-01 -4.283990e-01 8.442842e-01 -8.534648e-01 0 1
3.397896e+12 1.963874e+12 2.275617e+12 6.110758e-01 5.624724e-01 5.569660e-01 -2.577193e+00 0 1
-3.178136e+12 2.153573e+12 -3.683641e+12 -4.687581e-01 4.096630e-01 -7.825868e-01 3.746414e-01 0 28928
2.696368e+11 1.684272e+12 5.761631e+11 6.232377e-01 6.015195e-01 -4.997489e-01 -1.212429e+01 0 1
2.617173e+11 -3.941137e+12 5.880630e+12 -9.580985e-02 -4.296653e-01 8.978910e-01 -1.001993e+01 0 6
1.089655e+13 2.401179e+12 1.032399e+13 7.151710e-01 7.027172e-02 6.954080e-01 4.624115e+00 0 1
3.511034e+12 -4.418865e+12 3.690711e+12 5.075420e-01 -6.972944e-01 5.061439e-01 -5.763493e+00 0 1
-1.319103e+12 -1.440400e+12 7.091184e+11 -7.500249e-01 -4.242708e-01 5.074022e-01 6.817025e-01 0 171
1.491725e+12 -7.606226e+11 -9.624974e+11 9.844962e-01 8.447742e-02 -1.537234e-01 3.829921e+00 0 2
-1.135375e+11 -9.812798e+12 -1.047641e+13 -5.859350e-02 -7.400930e-01 -6.699472e-01 6.770676e+00 0 2
-1.253668e+12 -1.056845e+12 -6.854868e+11 -6.660199e-01 1.009070e-01 -7.390773e-01 -1.126571e+01 0 3
1.640276e+12 -1.219827e+13 -6.161154e+12 2.201291e-01 -8.652834e-01 -4.503641e-01 1.298417e+00 0 1
-2.741646e+12 4.497098e+11 5.344499e+10 -8.170619e-01 3.681232e-01 4.437287e-01 -4.680745e-01 0 2
6.966893e+11 2.140795e+11 -1.696774e+12 3.096650e-02 4.086128e-01 -9.121824e-01 9.463366e+00 0 1
-6.497838e+12 9.997439e+12 3.835800e+12 -5.047522e-01 7.989699e-01 3.269133e-01 9.032035e+00 0 1
-8.942148e+11 1.577481e+12 -1.106594e+12 1.385875e-01 6.795466e-01 -7.204234e-01 -9.765629e+00 0 18920
4.936674e+10 -1.357390e+12 1.073806e+12 1.289137e-01 -4.767931e-01 8.695111e-01 3.361771e+00 0 370318
6.946862e+11 2.058091e+12 -1.006570e+12 3.058685e-01 8.029715e-01 -5.115479e-01 8.483982e+00 0 1
1.886698e+12 3.695266e+11 1.294589e+12 8.460027e-01 -3.723934e-01 3.815789e-01 -1.351802e+01 0 44594
1.420289e+12 -7.036635e+11 -6.037404e+11 6.543515e-01 -1.298836e-01 -7.449526e-01 3.396875e+00 0 69301
9.597881e+11 1.402543e+12 1.373784e+12 8.508948e-01 1.937706e-01 4.882940e-01 -1.236448e+01 0 334759
-1.035063e+12 6.530613e+11 1.205222e+12 -5.186433e-01 7.926559e-01 3.204774e-01 -2.322942e+00 0 1
-2.017257e+12 2.777982e+12 3.797101e+11 -6.338059e-01 7.364468e-01 2.365084e-01 -2.794456e+00 0 2817
-1.033462e+12 -7.110247e+10 1.350022e+12 -3.461136e-01 4.812275e-01 8.053729e-01 -2.150213e+00 0 175158
2.369044e+12 -1.528948e+12 3.832963e+12 4.833514e-01 -2.892486e-01 8.262607e-01 5.772779e+00 0 3
-7.899616e+10 -1.438417e+12 9.662948e+11 3.405704e-01 -9.145234e-01 2.183087e-01 2.304375e+00 0 95628
2.336648e+11 4.042939e+12 -1.559671e+12 -5.792955e-02 9.583560e-01 -2.796391e-01 1.032994e+01 0 1
-1.931501e+11 -6.700008e+09 1.848474e+12 8.564383e-02 -1.136290e-01 9.898250e-01 -3.604589e+00 0 166187
5.267986e+12 2.290451e+12 2.045921e+12 8.873229e-01 1.993414e-01 4.158378e-01 -5.324422e-01 0 1
-5.603649e+12 3.970806e+12 3.193884e+12 -6.230063e-01 6.310085e-01 4.622678e-01 -1.881299e+01 0 1
-1.208337e+11 -2.063689e+12 8.227505e+10 2.363177e-01 -9.063315e-01 3.503099e-01 9.545770e+00 0 262347
-5.073113e+11 -1.629168e+12 2.996434e+11 -2.163254e-01 -9.212637e-01 3.232282e-01 -4.917527e+00 0 1
2.278304e+12 -1.388596e+12 -1.320225e+12 4.778661e-01 -5.922540e-01 -6.487520e-01 -2.372680e+00 0 464301
-1.194056e+11 -1.410027e+12 3.761205e+12 -2.869431e-01 -1.076886e-01 9.518754e-01 1.617905e+00 0 3
3.751862e+11 9.671192e+11 3.883245e+12 4.431664e-01 1.563771e-01 8.826946e-01 1.127944e+00 0 1
-1.479816e+12 6.344010e+11 -6.213597e+11 -6.744367e-01 7.381632e-01 1.581921e-02 -9.619977e+00 0 1
7.596523e+12 2.366698e+12 -9.154589e+12 6.054775e-01 1.141016e-01 -7.876406e-01 5.295902e+00 0 1
6.377094e+12 4.487621e+12 7.997580e+08 7.872359e-01 6.162617e-01 -2.193577e-02 1.877847e-01 0 113810
7.346999e+11 -2.210910e+11 -1.634490e+12 9.746855e-01 -2.184585e-01 -4.758272e-02 2.955432e+00 0 269122
1.852203e+12 2.066415e+12 -1.599618e+12 8.039575e-01 2.046366e-01 -5.583693e-01 -6.736329e+00 0 1
-3.037289e+11 -8.781893e+12 -3.142035e+12 -7.548289e-02 -9.283501e-01 -3.639621e-01 7.248265e+00 0 2
2.640968e+13 8.434070e+12 6.506649e+12 9.302667e-01 2.711718e-01 2.471227e-01 -1.672039e+01 0 1
2.728945e+12 3.516613e+12 -1.945845e+12 4.872868e-01 8.470202e-01 -2.123871e-01 -5.698500e-01 0 3
1.510978e+12 2.510826e+12 1.264415e+12 6.694049e-01 5.429570e-01 5.070451e-01 -3.387220e+00 0 151573
5.562260e+11 -1.659677e+12 -2.120024e+11 -3.355115e-01 -8.703747e-01 3.603887e-01 -1.287439e+01 0 47831
-1.328379e+11 -1.825208e+12 2.313271e+11 -5.831141e-01 -7.895167e-01 1.914192e-01 -2.413188e+00 0 3
-2.590643e+12 -2.261901e+12 7.938324e+11 -7.261696e-01 -5.906816e-01 3.518138e-01 2.440014e+00 0 4734
1.923981e+12 -1.906971e+12 -2.522311e+12 5.747085e-01 -3.542556e-01 -7.377080e-01 8.428519e+00 0 91626
5.120244e+11 2.311773e+11 1.600335e+12 4.877187e-01 8.695567e-01 -7.747056e-02 2.980907e+00 0 2741
3.782274e+12 -6.870514e+11 3.984269e+12 4.658776e-01 -3.157750e-01 8.265859e-01 -2.343825e+01 0 1
6.027803e+12 -1.548245e+12 -3.901620e+11 9.192039e-01 -3.937813e-01 -6.869739e-04 -3.011857e+00 0 1
1.566369e+12 6.831953e+11 3.932787e+11 4.100235e-01 5.560045e-01 -7.230074e-01 1.057261e+01 0 44401
1.974350e+12 2.945642e+12 -2.414995e+11 3.173857e-01 8.939145e-01 3.165174e-01 1.279205e+01 0 190840
3.734258e+11 -6.760044e+11 -1.522913e+12 -5.138874e-01 -7.589690e-01 -3.998573e-01 -6.479874e+00 0 11009
5.973574e+11 -2.728467e+12 -6.871945e+12 -5.986864e-02 -2.912408e-01 -9.547746e-01 -6.389709e+00 0 121733
-2.816916e+12 -5.927416e+11 -2.252554e+12 -6.195017e-01 3.836509e-02 -7.840573e-01 5.244903e+00 0 1
1.469749e+12 -6.319226e+11 9.751580e+11 8.455527e-01 -4.307324e-01 -3.154524e-01 -5.015702e+00 0 33348
-4.311558e+11 1.567499e+12 5.531921e+11 -5.666297e-01 5.685016e-01 -5.964366e-01 9.529224e+00 0 1
-1.720833e+11 -1.641366e+12 2.674143e+12 -7.540796e-02 -7.638537e-01 6.409689e-01 -3.042614e+00 0 123921
8.638879e+11 2.464154e+12 8.395626e+10 5.940795e-01 7.255600e-01 3.473215e-01 -1.038327e+01 0 155584
5.997153e+11 1.999334e+12 -2.280843e+11 -3.933323e-01 9.177075e-01 5.570124e-02 4.082108e+00 0 2
-4.406103e+11 7.948201e+11 1.433195e+12 2.548937e-01 6.753333e-01 6.920651e-01 -2.732399e+00 0 2392
8.537249e+11 5.925649e+12 -7.768872e+11 -6.328270e-02 9.864082e-01 -1.516384e-01 2.086694e+01 0 1
-1.375949e+12 7.261622e+11 4.353930e+12 -1.207138e-01 3.832128e-01 9.157380e-01 2.023662e+00 0 1
-8.509360e+11 6.084064e+11 -1.441477e+12 -3.954511e-01 -6.657146e-01 -6.328052e-01 1.740798e+01 0 1
-7.272161e+11 2.810776e+12 4.499329e+12 -1.109025e-01 3.438115e-01 9.324668e-01 8.689677e+00 0 1
1.082619e+12 -8.159554e+11 1.116277e+12 7.077340e-01 -6.808090e-01 -1.887108e-01 -5.172941e+00 0 286261
-3.624568e+11 4.410457e+10 1.910063e+12 5.933816e-01 2.425918e-01 7.674943e-01 2.256905e+00 0 2
-1.958078e+12 1.827310e+12 1.353794e+11 -6.919231e-01 6.782892e-01 2.473181e-01 -4.057143e+00 0 3
-3.107626e+11 -3.531803e+11 -2.328344e+12 4.586596e-01 1.386531e-01 -8.777281e-01 -1.952685e+00 0 137678
1.959814e+12 2.529128e+11 1.161970e+11 7.668476e-01 2.617743e-01 -5.860196e-01 8.519618e+00 0 348780
2.189642e+12 -2.014249e+11 -2.619573e+12 8.129729e-01 -2.500087e-01 -5.259000e-01 -1.063318e+01 0 4
4.054230e+12 -4.035992e+12 -4.382670e+12 6.199103e-01 -5.617617e-01 -5.478458e-01 -4.889358e+00 0 2
-9.619791e+10 1.870741e+12 -4.247425e+10 -5.128200e-02 8.429535e-01 -5.355367e-01 2.877109e+00 0 207286
4.243401e+11 1.570841e+12 -2.410271e+12 3.964265e-01 7.390376e-01 -5.446738e-01 5.197954e+00 0 1
3.880701e+11 -8.488347e+11 2.000281e+12 -4.116339e-01 -3.439868e-01 8.439376e-01 7.730140e-01 0 158418
-7.238916e+12 2.084510e+12 -2.508011e+12 -9.375259e-01 1.992718e-01 -2.851945e-01 -2.187992e+00 0 2
3.061259e+11 2.661174e+12 1.102532e+12 -4.441756e-02 8.699961e-01 4.910539e-01 9.301162e+00 0 243558
-1.422287e+12 2.159111e+12 1.396246e+12 -6.637367e-02 9.190691e-01 3.884670e-01 -4.784172e+00 0 205122
-2.335253e+12 5.320098e+11 -1.868020e+12 -4.220775e-01 2.212191e-01 -8.791545e-01 2.038471e+00 0 1
-1.161891e+13 9.641148e+12 1.921767e+13 -5.080666e-01 3.444864e-01 7.894286e-01 1.635679e+01 0 2
-3.089931e+12 1.296278e+12 2.550907e+11 -9.589827e-01 2.627274e-01 1.064261e-01 -1.496418e+00 0 4828
-9.438632e+11 -6.602317e+11 -2.622230e+12 -1.260698e-01 -4.441721e-01 -8.870274e-01 -1.071757e+00 0 241945
3.694291e+12 1.612314e+12 -2.410095e+12 8.535168e-01 2.743330e-01 -4.430016e-01 2.199224e+00 0 4
1.655292e+11 1.060583e+12 -2.255031e+12 3.335897e-01 5.907495e-01 -7.346652e-01 3.726601e+00 0 1
-1.187613e+11 -2.036019e+12 -5.717818e+11 -3.588599e-01 -4.048912e-01 -8.410010e-01 -1.685989e+01 0 1
1.445103e+11 1.836857e+12 -9.837086e+11 -2.470435e-01 6.261096e-01 -7.395649e-01 1.718388e+00 0 39765
-3.352487e+12 -3.074299e+12 -3.428591e+12 -3.843568e-01 -6.113588e-01 -6.917444e-01 -1.782738e+00 0 1
1.663293e+12 -1.011727e+12 1.260365e+12 7.386035e-01 -6.550969e-01 -1.591000e-01 -1.078870e+01 0 2
-2.377827e+11 3.163826e+12 1.469248e+12 -3.435782e-01 8.567219e-01 3.846838e-01 4.697940e+00 0 61044
4.278807e+12 -2.637005e+11 3.713774e+12 7.274266e-01 3.950616e-02 6.850473e-01 -3.772183e+00 0 3
-1.793172e+12 -1.226162e+11 1.100016e+12 -8.327756e-01 5.023467e-01 2.326642e-01 -5.254741e+00 0 813938
1.312208e+12 -1.018084e+12 -4.205403e+11 8.972462e-01 -4.223000e-01 1.288877e-01 3.549216e+00 0 287624
7.051254e+11 -1.805602e+12 1.768030e+12 4.384875e-02 -9.253208e-01 3.766415e-01 -8.739636e+00 0 10511
8.537669e+11 1.800709e+12 -1.370013e+12 3.113319e-01 9.380114e-01 -1.523386e-01 2.424814e+00 0 78086
1.672236e+12 -1.216933e+12 1.941190e+12 3.501483e-01 -5.249876e-01 7.757475e-01 3.054917e-01 0 32654
8.655618e+11 -2.240359e+12 -4.459926e+11 1.575594e-01 -9.255128e-01 3.443850e-01 -1.023561e+01 0 1
4.562996e+10 2.252919e+12 3.083643e+11 2.303312e-01 9.730913e-01 -6.391918e-03 -7.818212e+00 0 222411
-5.051961e+10 -8.778365e+11 2.857644e+12 -1.267513e-01 -5.731302e-01 8.096023e-01 4.516235e+00 0 2
2.267806e+12 -2.116144e+12 -2.090289e+12 5.897390e-01 -5.153834e-01 -6.217619e-01 9.062462e+00 0 4
-2.931407e+11 5.543176e+11 -2.068955e+12 -2.455032e-01 2.620740e-01 -9.332982e-01 3.323970e+00 0 51621
3.632506e+12 -9.175809e+11 8.911920e+11 9.124224e-01 -3.944582e-01 1.090328e-01 -1.157899e+01 0 2
5.303300e+12 -3.935002e+12 6.091967e+11 7.791814e-01 -6.230878e-01 -6.810239e-02 1.174899e+00 0 213244
6.483314e+11 -1.033342e+11 -1.706872e+12 6.893355e-02 -1.150122e-01 -9.909694e-01 6.046709e+00 0 1
2.521508e+12 -5.319975e+12 -3.245804e+13 7.252152e-02 -2.113075e-01 -9.747255e-01 1.529473e+01 0 1
-1.221635e+12 1.224364e+12 -3.842670e+11 -8.663711e-01 1.621162e-01 4.723552e-01 3.837432e+00 0 4144
-6.672837e+11 -1.687269e+12 -2.442948e+12 -3.681432e-01 -1.608186e-01 -9.157554e-01 5.136501e-01 0 9344
-2.130906e+12 7.712711e+11 2.473384e+11 -8.620919e-01 -7.109082e-02 5.017407e-01 4.460969e+00 0 3
1.692110e+12 -8.044282e+11 -1.390360e+09 9.989469e-01 -1.080641e-03 4.586870e-02 8.747771e+00 0 106116
8.527154e+11 -4.718876e+11 -1.860806e+12 5.632916e-01 -1.963537e-01 -8.025882e-01 5.598431e+00 0 7169
1.336597e+12 -7.983033e+11 -9.879007e+11 2.060789e-01 -6.019043e-01 -7.715198e-01 -1.479205e+01 0 1
-1.134660e+12 -1.021854e+12 -8.819465e+11 -8.848911e-01 -2.605336e-01 3.861217e-01 -6.819054e+00 0 1
-9.809971e+11 -1.135388e+12 1.275219e+12 -8.738305e-05 -9.199881e-01 3.919463e-01 8.039008e-01 0 2
3.327445e+12 -2.040927e+12 6.776693e+11 9.436368e-01 -3.296337e-01 2.985218e-02 1.029953e+01 0 108843
5.775819e+11 1.060987e+12 1.364332e+12 5.195088e-01 -5.561257e-02 8.526534e-01 -1.581714e+00 0 6507
3.281514e+12 1.127754e+12 2.970503e+12 7.400730e-01 -5.125179e-02 6.705708e-01 -5.882362e+00 0 162485
2.544832e+11 -1.095059e+12 1.516587e+12 -6.392645e-01 -3.025185e-01 7.069820e-01 -1.107582e+01 0 33774
5.328855e+11 5.816257e+11 2.474268e+12 -3.146546e-02 -7.155175e-02 9.969405e-01 -4.480437e+00 0 3
1.340746e+12 1.484324e+12 8.459703e+10 1.202717e-01 9.227932e-01 3.660428e-01 3.941456e+00 0 1
1.914832e+12 3.899108e+11 6.453321e+11 9.950816e-01 5.546704e-03 -9.890282e-02 -8.910436e+00 0 182667
2.207768e+11 -8.966203e+11 4.565850e+12 7.142808e-02 -4.169904e-01 9.060999e-01 6.356250e+00 0 1
-2.159164e+12 -1.222325e+12 -5.914788e+11 -6.290585e-01 -6.816822e-01 -3.736239e-01 -1.587272e+00 0 1
-3.308252e+12 3.239636e+12 9.289953e+11 -5.337136e-01 8.277155e-01 1.733113e-01 -2.163576e+00 0 1
4.538711e+11 -1.134758e+12 -1.301898e+12 -2.546576e-02 3.763019e-01 -9.261471e-01 -6.933985e+00 0 1
2.786898e+11 -1.370910e+12 -1.343684e+12 -3.076918e-01 -9.499146e-01 5.466306e-02 -5.852177e+00 0 17492
1.325545e+13 5.474970e+11 -1.875268e+12 9.919258e-01 -5.270181e-02 -1.153505e-01 -1.832961e+01 0 1
-1.058663e+12 1.350246e+12 -1.695362e+12 1.414625e-01 3.460865e-01 -9.274764e-01 -1.848314e+01 0 1
-3.768704e+11 -6.394664e+11 1.876174e+12 4.340236e-01 8.297728e-02 8.970720e-01 -4.273187e+00 0 1
4.751129e+12 -1.622539e+12 1.972094e+12 8.159015e-01 -2.776357e-01 5.071717e-01 -5.213156e+00 0 3
-3.709781e+11 2.029620e+12 -2.128389e+12 -5.617427e-01 6.553107e-01 -5.049882e-01 1.406326e+01 0 4
1.997407e+12 -1.812430e+12 -1.196540e+11 8.333416e-01 -4.113104e-01 -3.692771e-01 1.042073e+01 0 2
-4.269050e+11 -1.072316e+12 -1.253995e+12 4.318669e-01 -5.653943e-01 -7.027235e-01 4.040554e+00 0 24305
-1.518106e+12 -1.023007e+12 -5.850754e+11 -8.860825e-01 -8.800373e-02 -4.550968e-01 -2.164648e-01 0 411411
7.533482e+11 -6.363704e+11 1.682302e+12 2.720743e-01 -6.611771e-01 6.991569e-01 -6.412410e-01 0 228030
8.155833e+11 -6.622098e+11 -1.398276e+12 7.709040e-01 -6.362802e-01 -2.923031e-02 -5.890264e-01 0 14503
1.369995e+12 2.299027e+11 -1.237676e+12 9.722301e-01 -3.483841e-02 2.314193e-01 -7.290968e+00 0 2
1.170665e+12 7.293460e+11 1.161816e+12 8.643422e-01 2.366286e-01 4.437561e-01 1.527817e+00 0 52178
-1.336527e+12 1.207650e+12 -3.802098e+10 -5.651322e-01 6.609585e-01 -4.937200e-01 -8.660037e-01 0 121797
-2.502807e+12 -4.887407e+11 4.260261e+12 -1.910821e-01 -1.472853e-01 9.704610e-01 -7.176473e+00 0 1
9.460745e+10 1.479653e+12 9.138331e+11 4.383860e-01 8.842224e-01 -1.611477e-01 -8.645035e+00 0 24312
1.688286e+12 3.214114e+11 1.018864e+12 9.439694e-01 2.387319e-01 2.278792e-01 -2.618446e+00 0 29637
-1.775420e+12 7.020594e+11 -3.001155e+11 -5.033716e-01 7.997949e-01 -3.270246e-01 -5.545129e+00 0 41022
-2.770350e+12 -5.679135e+11 1.562438e+12 -8.192628e-01 2.188804e-01 5.299999e-01 -1.662306e+01 0 2
2.747529e+11 -1.253431e+12 -1.189825e+12 -3.715717e-01 -4.459551e-01 -8.142841e-01 -1.912094e+00 0 43986
-1.522122e+12 -2.301689e+12 -1.524404e+12 -3.163214e-01 -9.137538e-01 -2.549406e-01 -1.755694e+00 0 1
-1.485144e+12 -9.853989e+11 -3.716089e+11 -9.031410e-01 -3.313834e-01 -2.729861e-01 -8.509709e+00 0 101008
1.228894e+11 -2.169652e+12 -2.093887e+11 6.732121e-01 -7.235695e-01 -1.524228e-01 1.752096e+01 0 1
-1.712676e+12 6.599570e+11 1.490589e+12 -4.791039e-01 5.303317e-01 6.994339e-01 -7.113356e+00 0 89006
-6.949249e+11 -2.122004e+12 -6.639912e+11 8.420501e-02 -7.802799e-01 -6.197360e-01 -1.925473e-01 0 21463
1.630469e+12 -8.987422e+11 7.095472e+11 8.380516e-01 -4.736817e-01 2.707307e-01 2.291909e+00 0 3
-6.282804e+12 -1.021287e+12 -3.138642e+12 -8.213964e-01 -1.364187e-01 -5.538031e-01 7.201591e+00 0 1
1.836459e+12 5.288845e+11 4.674422e+11 6.857483e-01 5.840220e-01 -4.343588e-01 4.469411e+00 0 199651
-1.554106e+12 -4.258253e+12 1.451578e+12 -4.147754e-01 -7.460905e-01 5.208745e-01 -1.217262e+00 0 12974
-1.111061e+12 2.867431e+12 -7.319152e+11 -1.162645e-01 9.848355e-01 -1.287696e-01 -1.130983e+00 0 1
-2.143933e+12 5.514059e+12 -4.491732e+12 -3.283025e-01 6.671511e-01 -6.686754e-01 -9.772717e-01 0 4659
-2.570571e+11 -1.983646e+12 -1.387315e+12 -4.505149e-01 -6.714929e-01 -5.883312e-01 -1.563193e+01 0 1
-1.341932e+12 2.853703e+12 -5.533194e+11 -6.825729e-01 7.098448e-01 1.738234e-01 2.667365e+00 0 2
4.255152e+11 -1.507549e+12 -1.205657e+12 3.423955e-01 -5.299718e-01 -7.758190e-01 -1.482551e+00 0 258973
4.068622e+12 -3.797193e+12 1.698804e+12 7.775304e-01 -6.098022e-01 1.535832e-01 8.052473e+00 0 131562
-3.975760e+12 -6.298216e+10 1.136955e+12 -9.075670e-01 1.085562e-01 4.056325e-01 -7.399569e+00 0 1
3.030189e+12 7.930324e+11 -2.769991e+12 7.740921e-01 2.048865e-01 -5.990016e-01 6.723195e+00 0 2
-1.645665e+12 -2.644202e+11 -1.314281e+12 -6.438897e-01 -4.061687e-01 -6.484081e-01 1.927884e+00 0 102701
-2.896990e+11 -8.619107e+11 2.254737e+12 -3.904898e-01 -2.592907e-01 8.833380e-01 3.451785e+00 0 3
-1.446252e+12 -2.484152e+12 1.731539e+12 -6.502674e-01 -5.353153e-01 5.390638e-01 -9.946329e+00 0 5
1.213395e+12 3.225602e+11 1.162273e+12 4.187138e-01 7.177466e-01 5.563440e-01 2.916306e+00 0 48612
-3.550151e+10 1.906628e+12 -2.778481e+11 -3.962339e-01 9.027602e-01 1.674001e-01 -3.027124e+00 0 3
5.357275e+11 -4.539459e+11 2.387732e+12 -3.040226e-01 2.610361e-01 9.162043e-01 -3.869737e+00 0 277506
4.421880e+12 -3.192768e+09 6.091867e+12 6.048937e-01 1.337004e-01 7.850018e-01 1.119437e+01 0 1
1.819342e+12 1.210334e+12 -1.004564e+12 8.217383e-01 4.217420e-01 -3.832492e-01 -6.642820e+00 0 1
7.823668e+12 -9.342207e+11 -4.357826e+12 8.333680e-01 -1.736763e-01 -5.247231e-01 -2.004867e+00 0 2
-1.623645e+12 -3.709865e+12 -1.590090e+11 -2.288674e-01 -9.477955e-01 -2.220438e-01 1.046804e+01 0 5
-1.343168e+12 -4.596622e+12 2.765314e+12 -4.199483e-01 -7.519636e-01 5.081281e-01 1.713912e+00 0 1
1.025664e+12 -1.108259e+12 -1.231761e+12 5.569806e-01 -5.617893e-01 -6.116906e-01 4.766946e-01 0 17428
1.952716e+12 1.986410e+12 3.784789e+11 4.435628e-01 8.064175e-01 3.910791e-01 1.241033e+01 0 26265
1.942431e+12 4.782347e+12 -2.427572e+11 4.983212e-01 8.634015e-01 -7.882787e-02 2.959882e+00 0 2
8.606726e+11 -1.615205e+12 2.723214e+12 7.297228e-02 -6.699417e-01 7.388188e-01 -1.147422e+01 0 1
1.298221e+12 -1.603389e+12 -4.455496e+12 5.266088e-01 -3.984571e-01 -7.509429e-01 7.563460e+00 0 27928
1.643704e+11 -1.926546e+12 -4.107356e+12 2.819154e-01 -2.838492e-01 -9.164897e-01 1.485054e+01 0 2
-1.480182e+12 -6.349617e+11 1.915023e+12 -5.315566e-01 -1.558068e-02 8.468794e-01 1.634798e+00 0 1
3.561997e+10 5.830444e+11 1.742093e+12 8.348645e-01 3.141829e-01 4.519849e-01 -6.701341e+00 0 2
6.459400e+11 -2.426240e+12 -3.507884e+10 -2.929229e-01 -9.222397e-01 2.523295e-01 -8.652880e+00 0 1
-2.171722e+12 8.035499e+11 1.357853e+12 -6.349752e-01 -1.411009e-01 7.595374e-01 -1.080481e+00 0 1
7.017705e+11 -7.586819e+12 3.509416e+12 5.717337e-02 -9.544858e-01 2.927251e-01 -1.327819e+01 0 1
-1.363236e+13 -6.553428e+10 1.874689e+13 -5.783002e-01 -4.624513e-02 8.145123e-01 -5.808256e+00 0 2
-1.662711e+12 5.888118e+11 7.206091e+11 -9.485026e-01 1.161478e-01 2.947074e-01 7.246379e+00 0 181579
-4.244190e+11 -2.291082e+12 -2.638105e+11 -3.593118e-01 -8.986711e-01 -2.515657e-01 -8.434344e-01 0 12815
-1.180021e+12 4.273606e+11 1.357188e+12 -6.292731e-01 -1.425170e-01 7.640054e-01 3.426755e+00 0 195150
-3.526269e+11 4.526349e+12 2.458840e+12 9.087137e-02 8.194461e-01 5.659067e-01 6.781898e+00 0 1
-3.013584e+11 1.654615e+12 1.436924e+12 -1.908703e-01 7.340323e-01 6.517400e-01 5.552369e+00 0 90999
-6.244986e+11 1.633055e+12 5.491143e+11 -5.427568e-01 8.300879e-01 -1.279417e-01 -4.823503e-01 0 38549
-7.915296e+11 -1.415113e+12 -7.097914e+11 -1.916504e-01 1.133546e-01 -9.748953e-01 -7.221036e+00 0 59522
2.060558e+12 1.126586e+11 -8.890185e+11 4.451902e-01 1.135116e-01 -8.882122e-01 4.726844e+00 0 1
-8.616453e+11 8.688725e+11 -1.957003e+12 -1.927837e-01 4.322110e-01 -8.809246e-01 -4.733529e+00 0 203206
-3.506720e+12 1.651320e+12 1.169758e+11 -9.382340e-01 3.148806e-01 1.434128e-01 -1.632965e-01 0 174690
-7.819946e+11 2.403519e+12 -2.045358e+11 -1.144759e-02 9.441900e-01 -3.292025e-01 -1.713786e+00 0 272803
-1.795778e+12 6.819223e+12 9.491324e+11 -1.461863e-01 9.819836e-01 1.197405e-01 -2.030615e+00 0 1
-3.134845e+12 -4.703905e+12 3.919475e+12 -4.128109e-01 -6.390597e-01 6.489914e-01 -4.382255e+00 0 50493
4.312956e+12 -2.687863e+12 -1.326094e+12 8.584292e-01 -3.375005e-01 -3.862547e-01 -1.371404e+00 0 1
-2.490941e+11 -2.067250e+12 -1.005529e+12 -3.754823e-02 -4.659373e-01 -8.840207e-01 -6.088393e+00 0 50488
-1.352649e+12 -4.821663e+11 -9.314187e+11 -3.906316e-01 4.716107e-01 -7.905633e-01 -4.196326e+00 0 110323
-1.096636e+12 1.483307e+12 3.588275e+12 -3.560152e-01 3.739477e-01 8.563973e-01 5.485935e+00 0 278279
-9.220352e+09 1.814057e+12 5.236853e+09 5.007431e-01 8.435256e-01 1.942188e-01 -5.633845e+00 0 108241
-4.087514e+11 -2.182219e+12 -4.486873e+11 -4.636408e-01 -8.353773e-01 -2.952659e-01 -1.199035e+01 0 220084
1.849458e+12 -7.529909e+11 -6.025315e+12 3.587673e-01 5.236453e-02 -9.319571e-01 1.038711e+01 0 1
-7.182128e+12 7.130140e+12 -5.272822e+12 -6.375361e-01 6.474990e-01 -4.174838e-01 1.099548e+01 0 1
1.824625e+12 3.712711e+12 -6.426929e+12 2.721056e-01 6.465698e-01 -7.126753e-01 -7.372033e+00 0 1
-1.479135e+12 1.010806e+12 -1.408521e+12 -5.003329e-01 6.158762e-02 -8.636400e-01 -4.762003e+00 0 1
-1.141076e+12 -1.789317e+12 6.572022e+11 -8.738478e-01 -3.378320e-01 3.496562e-01 -1.652560e+01 0 1
1.784996e+12 -4.097809e+11 2.666502e+11 9.986927e-01 2.365528e-02 -4.531464e-02 -3.341188e-02 0 211645
-9.130034e+11 5.529391e+11 1.408159e+12 -1.493647e-01 1.433137e-01 9.783411e-01 -4.679421e+00 0 1
-2.137990e+10 -1.791922e+12 1.966297e+11 1.539821e-01 -9.844995e-01 8.396521e-02 5.253720e+00 0 199412
-1.063439e+12 -1.311173e+12 4.725736e+11 -9.673370e-01 4.618494e-02 2.492509e-01 -8.166146e+00 0 239292
3.098498e+11 3.329587e+12 3.790922e+11 5.611311e-02 9.170899e-01 3.947117e-01 -2.936244e+00 0 1
1.398881e+12 1.279560e+12 1.672276e+11 7.457291e-01 3.633558e-01 5.584449e-01 -4.944300e-01 0 10766
7.614807e+11 -7.142031e+11 1.373515e+12 5.599996e-01 2.459849e-01 7.911333e-01 9.287420e+00 0 30450
-1.580713e+12 8.854063e+11 7.986540e+11 -2.146754e-01 8.380912e-01 5.015153e-01 -1.858626e+01 0 3
-4.122213e+12 2.738159e+11 4.212559e+12 -5.955474e-01 -1.009668e-01 7.969498e-01 -6.457157e-01 0 1
1.173918e+12 -5.383312e+11 -2.705861e+12 6.645860e-01 -2.115012e-02 -7.469124e-01 7.809181e+00 0 22952
2.860835e+12 1.638717e+12 2.234260e+11 8.661021e-01 4.337541e-01 -2.484441e-01 -6.905910e+00 0 10618
-1.715476e+12 6.688088e+11 2.613190e+12 -6.051274e-01 -7.627753e-02 7.924662e-01 1.220142e+01 0 5
-1.506707e+12 -8.107482e+11 6.671115e+11 -2.573746e-01 -9.418805e-01 2.159152e-01 8.981616e+00 0 4
-1.477647e+12 -3.588208e+11 1.012358e+12 -6.179867e-01 7.813030e-02 7.822967e-01 -2.540345e+00 0 3
-1.308409e+12 -5.728008e+11 3.624206e+12 -1.551944e-01 -3.645950e-01 9.181422e-01 -4.364687e-01 0 3532
-2.811479e+12 -9.913459e+11 3.798788e+11 -8.392004e-01 -4.633351e-01 -2.847161e-01 1.719144e+00 0 105422
-1.170679e+12 1.611623e+12 1.264616e+10 -5.898443e-01 7.226829e-01 3.602960e-01 -2.512298e+00 0 3
-1.245460e+12 2.440289e+12 -1.303176e+12 -7.569937e-02 8.631174e-01 -4.992974e-01 -1.231114e+01 0 2
-1.233122e+12 -1.239309e+12 9.128451e+10 6.372325e-02 -9.978420e-01 1.583144e-02 1.623897e+01 0 104514
2.129522e+12 -1.358185e+12 -7.171315e+11 7.728865e-01 -4.909682e-01 -4.019908e-01 -6.319637e+00 0 3
-4.016387e+11 1.205087e+12 -1.387478e+12 -7.472689e-01 2.510454e-01 -6.152767e-01 3.016939e+00 0 162548
-1.805480e+12 -8.643467e+11 2.577801e+11 -8.458243e-01 -5.141735e-01 1.421510e-01 8.537777e+00 0 1
2.214313e+12 1.000628e+11 -4.080070e+11 9.315924e-01 -9.500386e-02 -3.508702e-01 2.149958e+00 0 417631
1.096990e+12 -1.600253e+12 3.263239e+11 6.425136e-01 -5.452713e-01 -5.383822e-01 -1.260630e+00 0 11024
-7.884619e+11 -1.323313e+12 7.138574e+11 -8.239304e-01 -5.587684e-01 -9.442754e-02 -7.846500e+00 0 1895
-1.910366e+11 1.554619e+12 -7.953650e+11 -1.194479e-01 9.927980e-01 9.181590e-03 6.166255e+00 0 161734
-4.219485e+12 -4.068073e+10 2.471826e+12 -8.513983e-01 -2.007326e-01 4.845899e-01 4.195972e+00 0 1
1.335110e+12 1.702326e+12 -1.458091e+12 4.799166e-01 2.061096e-01 -8.527596e-01 -7.906783e+00 0 37534
6.691245e+10 -1.933332e+11 2.494047e+12 8.123080e-02 9.975857e-02 9.916904e-01 -5.320941e+00 0 75178
-3.250694e+11 -8.393460e+11 1.545838e+12 -5.893448e-01 -8.056768e-01 5.964675e-02 3.277210e-01 0 50416
-8.207845e+11 -2.708920e+11 1.830959e+12 -3.952682e-01 -1.224473e-01 9.103679e-01 -2.307281e+00 0 63236
7.078595e+11 1.331799e+12 -2.783332e+12 6.880089e-02 7.516340e-01 -6.559823e-01 1.048308e+01 0 137401
-1.752581e+12 -1.591742e+12 -1.060786e+12 -8.266950e-01 -5.321751e-01 -1.826612e-01 -7.451228e+00 0 65084
1.390896e+12 -7.539806e+11 1.711826e+12 4.627935e-01 -7.570615e-01 4.611724e-01 -9.230359e+00 0 1
1.308824e+12 1.922746e+12 -1.400195e+12 6.181952e-01 6.748787e-01 -4.029559e-01 -8.528367e+00 0 22518
-7.575432e+11 -2.749860e+12 1.180343e+12 -5.555558e-01 -8.296626e-01 5.493462e-02 -1.254571e+01 0 1
-7.667897e+11 1.350259e+12 1.121471e+12 -3.956224e-01 5.662077e-01 7.231126e-01 4.251426e+00 0 165
-2.185902e+12 -1.837543e+12 2.981147e+12 -4.394555e-01 -6.058152e-01 6.632246e-01 9.773241e+00 0 1
1.578555e+12 7.179931e+11 -3.941292e+11 9.343158e-01 2.706722e-01 -2.319279e-01 -2.983005e+00 0 191848
3.260921e+12 1.333461e+11 -8.434656e+10 9.868801e-01 -1.378049e-01 -8.412823e-02 -7.990977e-01 0 198041
-5.949733e+11 -2.289347e+12 4.064582e+12 -2.996564e-01 -3.325139e-01 8.942262e-01 1.425349e+00 0 6
1.823024e+12 -1.377650e+12 -8.644692e+10 6.820864e-01 -7.293718e-01 -5.267792e-02 1.653894e+00 0 1
1.082133e+12 2.104807e+12 2.354214e+12 -7.263859e-02 8.559484e-01 5.119336e-01 8.150825e+00 0 122293
4.134226e+11 1.033027e+12 1.430360e+12 8.705027e-02 -3.781768e-01 9.216315e-01 -9.960092e+00 0 1
-1.764632e+12 -8.170343e+11 1.742488e+12 -6.493644e-01 -6.780285e-01 3.443883e-01 1.187234e+01 0 1
1.861652e+12 -1.717767e+12 -2.093814e+10 8.072033e-01 -5.899153e-01 -2.056274e-02 -3.324688e+00 0 519673
-4.168394e+10 5.755731e+11 1.611747e+12 3.677740e-01 3.351724e-01 8.674109e-01 -6.863793e-01 0 3068
1.222387e+12 -1.452131e+12 -1.516867e+10 5.366917e-01 -7.876556e-01 3.025900e-01 1.941970e+00 0 23181
5.914265e+12 -6.579667e+12 8.849771e+12 3.660638e-01 -5.031664e-01 7.828287e-01 -1.756262e+01 0 1
9.652939e+11 -2.222875e+12 -2.932203e+11 3.800680e-01 -9.072312e-01 -1.802218e-01 4.236570e+00 0 18185
2.342113e+11 -7.568734e+11 1.645078e+12 6.020029e-01 2.550630e-01 7.566606e-01 4.089915e+00 0 23921
-4.417420e+10 -1.590786e+12 1.193850e+12 2.950816e-01 -6.764457e-01 6.747949e-01 6.951135e+00 0 15408
1.453796e+12 6.026541e+11 1.246787e+12 8.526706e-01 4.402972e-01 2.812315e-01 4.529090e+00 0 5
-1.585549e+12 -3.966149e+11 -6.121542e+11 -9.047774e-01 -4.229916e-01 -4.955714e-02 7.320340e+00 0 75175
1.653421e+12 -7.826475e+10 -5.521955e+11 8.545852e-01 3.963037e-01 -3.356004e-01 -2.400608e+00 0 1
2.950465e+11 -1.917848e+12 1.545255e+12 9.327509e-02 -8.187338e-01 5.665463e-01 3.750022e+00 0 37110
-3.959307e+12 -1.707227e+12 -5.441722e+11 -9.486273e-01 -2.771561e-01 -1.526130e-01 -8.559806e+00 0 177868
1.074926e+12 2.888693e+12 -2.123685e+12 3.223066e-01 5.103996e-01 -7.972520e-01 -8.715329e+00 0 1
2.711048e+12 2.663149e+09 6.684904e+11 8.855301e-01 2.505533e-01 3.912283e-01 1.396926e+01 0 1
1.341195e+12 8.076366e+11 -6.537008e+11 6.653150e-01 7.342943e-01 1.347880e-01 3.604659e+00 0 31924
-4.134208e+11 -1.625437e+12 7.307858e+11 1.758331e-01 -8.816660e-01 -4.378902e-01 9.430851e+00 0 161856
9.873511e+12 -2.662759e+12 5.895739e+12 7.611064e-01 -2.371272e-01 6.037283e-01 6.081475e+00 0 1
1.114684e+10 -5.763359e+11 -1.814485e+12 3.914869e-01 -3.303947e-01 -8.588232e-01 6.262576e+00 0 50552
3.697406e+11 1.377728e+12 1.452505e+12 -5.482950e-01 5.955225e-01 5.871334e-01 6.593515e+00 0 67007
6.649119e+11 1.222388e+12 -1.034144e+12 4.708381e-02 9.896909e-01 1.352589e-01 -2.795012e+00 0 1
