# 781
-7.743250e+11 -1.006974e+12 -4.995399e+11 -2.227961e-01 -5.898970e-01 7.761337e-01 0.000000e+00 1
-1.937017e+11 1.864999e+11 9.319711e+11 -3.249449e-01 4.356448e-01 8.394191e-01 0.000000e+00 1
-1.234788e+12 -5.587019e+11 9.959217e+11 -8.875942e-01 2.989851e-01 -3.504061e-01 0.000000e+00 1
8.005739e+11 -1.294446e+12 -4.360039e+11 3.446946e-01 7.287655e-01 5.916811e-01 0.000000e+00 1
-2.669936e+11 -3.959940e+11 -3.951099e+11 9.273399e-01 -3.531514e-01 -1.237935e-01 0.000000e+00 1
-8.431232e+11 9.189014e+11 -6.723938e+11 -7.716090e-01 -6.268672e-01 -1.079678e-01 0.000000e+00 1
-5.628262e+11 -9.740580e+11 2.401532e+11 -5.044884e-01 1.515282e-01 -8.500180e-01 0.000000e+00 1
2.500944e+11 6.814545e+11 -1.391187e+11 4.135164e-01 1.102236e-01 -9.038003e-01 0.000000e+00 1
1.659559e+10 -5.079903e+11 -2.122377e+11 -1.138585e-01 -5.966265e-01 7.944011e-01 0.000000e+00 1
7.405580e+11 -5.504055e+11 1.376296e+11 -1.611958e-01 -7.573580e-01 -6.327913e-01 0.000000e+00 1
-1.160462e+12 -4.132496e+10 -4.254708e+11 7.910141e-01 -5.583536e-01 -2.500759e-01 0.000000e+00 1
8.991258e+11 7.867411e+11 -4.352174e+11 8.175650e-01 2.729268e-01 5.070487e-01 0.000000e+00 1
8.818769e+11 -3.111810e+10 -8.914407e+11 4.847688e-01 -8.300129e-01 -2.758220e-01 0.000000e+00 1
-2.527208e+11 -9.715538e+11 1.338950e+12 -3.661451e-01 -3.470781e-01 8.634087e-01 0.000000e+00 1
1.544586e+12 -5.980823e+11 -2.933323e+11 4.135390e-01 7.821363e-01 4.660991e-01 0.000000e+00 1
-1.015635e+11 -1.267118e+12 1.068372e+12 -9.048452e-01 -4.631946e-02 -4.232134e-01 0.000000e+00 1
-1.099759e+11 -6.089699e+11 1.259824e+12 -1.815882e-01 9.539981e-01 -2.385652e-01 0.000000e+00 1
1.619662e+12 -2.023817e+11 3.034668e+11 -1.479152e-01 -9.868870e-01 -6.461474e-02 0.000000e+00 1
6.458247e+11 -5.640337e+11 -9.436437e+11 -5.990619e-01 -5.249004e-01 -6.046523e-01 0.000000e+00 1
-1.421448e+12 -5.133686e+11 -4.055414e+11 8.961565e-02 -5.013110e-01 -8.606139e-01 0.000000e+00 1
-1.355256e+12 -1.049248e+11 2.141890e+11 1.065006e-01 8.902978e-01 4.427499e-01 0.000000e+00 1
-1.172078e+12 6.871970e+11 7.717773e+11 9.455209e-01 8.044492e-02 -3.154662e-01 0.000000e+00 1
8.744431e+11 8.922368e+11 1.009914e+12 2.619285e-02 9.977337e-01 6.197935e-02 0.000000e+00 1
8.544733e+11 6.323923e+11 -1.774272e+11 -9.445152e-01 -3.128816e-01 -9.998024e-02 0.000000e+00 1
2.873642e+11 -9.295676e+11 -9.869687e+11 -1.080739e-01 4.936420e-01 8.629239e-01 0.000000e+00 1
9.040628e+11 3.361817e+11 6.562449e+11 3.238515e-01 -1.018305e-02 -9.460531e-01 0.000000e+00 1
1.446811e+11 4.260968e+11 1.239058e+12 6.703520e-01 -4.495106e-01 -5.903968e-01 0.000000e+00 1
2.706534e+11 -1.485830e+12 -1.860637e+11 6.519684e-01 2.945111e-01 -6.987134e-01 0.000000e+00 1
3.555076e+11 5.676768e+10 3.224456e+11 -7.155824e-01 -6.643649e-01 2.157803e-01 0.000000e+00 1
-1.044103e+12 5.429214e+11 -1.196191e+12 3.135862e-01 -4.851921e-01 -8.162428e-01 0.000000e+00 1
-1.156470e+12 -8.890614e+11 -8.384398e+11 1.099995e-01 3.552521e-01 9.282759e-01 0.000000e+00 1
-7.838306e+11 4.205942e+11 1.228702e+12 2.408478e-01 -8.329383e-01 -4.982029e-01 0.000000e+00 1
-5.439036e+11 4.967475e+11 3.478504e+11 2.579273e-01 -4.699797e-01 8.441520e-01 0.000000e+00 1
1.028737e+12 -9.832899e+11 4.542489e+10 3.719072e-01 2.309858e-01 -8.990721e-01 0.000000e+00 1
-9.344214e+11 8.806970e+11 1.106626e+12 6.212256e-01 7.489447e-01 2.305661e-01 0.000000e+00 1
-1.037536e+12 6.042418e+11 7.851493e+11 7.828932e-01 6.221556e-01 7.567656e-04 0.000000e+00 1
-6.889009e+11 -3.357568e+11 2.852827e+11 9.623949e-01 2.172202e-01 1.631302e-01 0.000000e+00 1
-5.195495e+11 -1.274546e+12 -9.309147e+11 4.692127e-01 -8.344217e-01 -2.891019e-01 0.000000e+00 1
-2.768128e+11 -6.512291e+11 2.231553e+11 -1.668299e-01 2.329597e-01 -9.580697e-01 0.000000e+00 1
-8.379882e+10 4.621467e+11 -2.589636e+11 -1.217333e-01 4.688199e-01 8.748651e-01 0.000000e+00 1
6.877980e+11 1.484302e+11 -7.552184e+11 9.988146e-01 1.008867e-02 4.761896e-02 0.000000e+00 1
-1.177450e+12 3.942517e+09 -4.366282e+10 2.233502e-01 6.352336e-01 -7.393192e-01 0.000000e+00 1
-1.252287e+12 -3.301967e+11 -9.572208e+11 -2.804648e-01 -8.097874e-01 -5.153483e-01 0.000000e+00 1
2.992393e+11 -5.587825e+11 -7.307740e+11 -5.784308e-01 7.260095e-01 3.719247e-01 0.000000e+00 1
1.446176e+12 -1.986505e+11 2.719901e+11 -1.650144e-01 -9.240549e-01 3.448082e-01 0.000000e+00 1
6.202997e+11 2.346584e+09 -5.263886e+11 -9.642602e-01 -1.562565e-01 -2.139770e-01 0.000000e+00 1
-5.755165e+11 -1.111521e+12 1.847395e+11 -9.199231e-01 -3.468154e-01 -1.829225e-01 0.000000e+00 1
7.506293e+11 5.482081e+11 -1.242371e+12 1.081191e-01 -5.804497e-01 8.070863e-01 0.000000e+00 1
7.853881e+11 3.177196e+11 -1.306954e+12 1.054840e-01 -8.380835e-01 5.352468e-01 0.000000e+00 1
4.000714e+11 6.897389e+10 -1.415480e+12 7.306489e-01 -2.984967e-01 6.140455e-01 0.000000e+00 1
-7.362871e+11 7.435276e+11 -1.087703e+12 -8.160331e-01 4.911700e-01 3.047000e-01 0.000000e+00 1
-1.234335e+12 4.726240e+11 4.047532e+11 -5.214948e-01 7.509644e-01 4.050871e-01 0.000000e+00 1
-1.447759e+12 -9.979372e+10 -6.332137e+11 8.632698e-01 -4.960393e-01 9.332918e-02 0.000000e+00 1
8.123880e+11 1.350138e+12 5.028223e+11 6.241078e-01 3.930482e-01 -6.752796e-01 0.000000e+00 1
-4.311370e+11 5.360718e+11 -5.320485e+11 7.128246e-01 -2.162081e-01 -6.671845e-01 0.000000e+00 1
5.835721e+11 9.433191e+11 -2.477755e+10 -9.527201e-01 -1.310114e-01 -2.741539e-01 0.000000e+00 1
-1.544852e+11 -6.701868e+11 -8.146457e+11 6.608467e-01 -6.245861e-01 4.161417e-01 0.000000e+00 1
1.124111e+11 -8.907641e+11 1.323666e+12 1.084278e-01 4.095619e-01 9.058159e-01 0.000000e+00 1
1.257322e+11 1.317794e+12 3.670550e+11 2.499014e-01 4.015609e-01 8.810778e-01 0.000000e+00 1
8.660545e+11 -1.175508e+12 5.030632e+11 5.963731e-01 -3.403368e-01 7.269869e-01 0.000000e+00 1
-2.703435e+11 5.400835e+10 1.139562e+12 -8.151705e-01 5.725107e-01 -8.791188e-02 0.000000e+00 1
1.010713e+11 1.011187e+11 -1.233408e+11 7.636916e-01 6.037546e-01 -2.285946e-01 0.000000e+00 1
8.966641e+11 -3.494962e+11 -1.114194e+12 9.684872e-02 4.467342e-01 -8.894093e-01 0.000000e+00 1
1.056726e+11 -1.644847e+12 -1.301358e+11 -2.948087e-01 8.724195e-01 3.898360e-01 0.000000e+00 1
8.114776e+11 -4.384333e+11 -2.217627e+11 1.954336e-01 -8.495833e-01 -4.899122e-01 0.000000e+00 1
-6.253073e+11 1.189777e+12 9.191069e+11 -9.418631e-01 2.368239e-01 -2.383452e-01 0.000000e+00 1
-1.667818e+11 3.001117e+11 -5.364547e+11 3.912434e-01 -8.710036e-01 -2.971218e-01 0.000000e+00 1
-9.243370e+11 -1.115018e+12 4.748897e+11 -1.970492e-02 6.508184e-01 7.589777e-01 0.000000e+00 1
7.701474e+11 -1.166732e+12 -2.452200e+11 1.365436e-01 -9.481099e-01 -2.871297e-01 0.000000e+00 1
4.557569e+11 1.244840e+12 -5.033257e+11 5.550860e-01 1.256238e-01 -8.222519e-01 0.000000e+00 1
-3.746590e+11 -3.517561e+11 1.534987e+12 -1.892919e-01 9.292798e-01 3.171871e-01 0.000000e+00 1
1.041144e+12 -6.447633e+11 -9.768971e+10 5.044688e-01 -1.656514e-01 8.473906e-01 0.000000e+00 1
7.181191e+11 1.610353e+11 -1.211416e+12 3.924034e-01 7.402558e-01 5.459312e-01 0.000000e+00 1
1.057172e+12 -8.659920e+11 4.392974e+11 8.882996e-01 -4.210448e-01 1.834258e-01 0.000000e+00 1
-9.464599e+11 2.715763e+11 2.575271e+11 -4.327158e-03 -6.048032e-02 -9.981600e-01 0.000000e+00 1
1.065924e+12 -7.513301e+11 9.193638e+11 2.026794e-01 7.725530e-01 -6.017332e-01 0.000000e+00 1
-8.323369e+11 2.385188e+11 4.684338e+11 -7.700634e-01 -5.784881e-01 2.689869e-01 0.000000e+00 1
6.114417e+11 9.802295e+11 -8.290917e+11 8.513820e-02 9.443470e-01 3.177423e-01 0.000000e+00 1
-6.620901e+11 1.127490e+12 6.660490e+11 5.607304e-02 -1.612343e-01 9.853219e-01 0.000000e+00 1
6.985292e+11 9.794376e+11 -5.433153e+11 -3.663583e-01 9.257135e-01 9.400040e-02 0.000000e+00 1
1.905642e+11 1.425032e+11 4.396016e+11 -6.251264e-01 -3.182164e-01 -7.127099e-01 0.000000e+00 1
-1.027088e+11 -9.396919e+11 1.065818e+12 -2.211487e-01 8.589868e-02 -9.714498e-01 0.000000e+00 1
-4.411387e+11 1.400310e+12 -8.411573e+11 8.897286e-01 -1.876165e-01 -4.161528e-01 0.000000e+00 1
-8.268377e+11 1.127989e+12 -5.348013e+11 4.920993e-01 8.626502e-01 -1.169317e-01 0.000000e+00 1
1.452965e+11 2.302457e+11 -1.492360e+12 4.662840e-01 7.749550e-01 4.266426e-01 0.000000e+00 1
2.957703e+10 -8.998220e+10 -1.662438e+11 3.373724e-01 2.253112e-01 -9.140102e-01 0.000000e+00 1
4.541780e+11 8.188045e+11 -3.580363e+11 3.294215e-01 7.558204e-01 -5.658771e-01 0.000000e+00 1
1.162723e+12 -1.142866e+12 2.827691e+11 8.404322e-01 -1.847452e-01 -5.094535e-01 0.000000e+00 1
-3.141299e+11 1.202301e+12 -2.890808e+11 -2.109376e-01 -3.926340e-01 -8.951781e-01 0.000000e+00 1
3.922640e+11 -3.233225e+11 7.329434e+11 2.884745e-01 9.574561e-01 7.762396e-03 0.000000e+00 1
-5.182697e+11 1.037273e+12 4.053496e+11 -1.807958e-03 9.216944e-01 -3.879125e-01 0.000000e+00 1
-5.511901e+11 -9.527048e+09 7.537801e+11 -9.815259e-01 1.864965e-01 4.273028e-02 0.000000e+00 1
-6.865190e+11 -6.244388e+11 -3.577444e+11 7.569426e-01 -6.190301e-01 -2.093792e-01 0.000000e+00 1
7.033852e+11 1.614626e+11 -2.726959e+11 -3.150073e-02 -1.652635e-01 9.857463e-01 0.000000e+00 1
5.912850e+11 1.395444e+12 -2.653038e+11 2.144047e-01 -8.353102e-01 5.062485e-01 0.000000e+00 1
-2.867886e+11 6.109252e+11 -2.735010e+10 6.193608e-01 -4.912651e-01 6.124140e-01 0.000000e+00 1
-1.161088e+12 2.547765e+11 2.316717e+11 -1.739451e-01 -8.540768e-01 -4.901999e-01 0.000000e+00 1
8.724421e+11 8.051456e+11 -9.899232e+10 1.891629e-02 6.322166e-01 7.745607e-01 0.000000e+00 1
1.478564e+12 1.552100e+11 -7.225010e+11 5.436677e-01 -5.028127e-01 6.720154e-01 0.000000e+00 1
9.007359e+11 -1.124651e+12 -6.480741e+11 1.880094e-01 5.373446e-01 -8.221394e-01 0.000000e+00 1
1.326993e+12 8.539722e+11 -3.379071e+11 3.900818e-01 -6.241419e-01 -6.769661e-01 0.000000e+00 1
-5.399028e+11 7.576743e+11 9.702038e+10 9.957741e-01 -9.183588e-02 2.608267e-04 0.000000e+00 1
8.598433e+11 -6.729235e+11 5.126323e+10 8.578462e-01 -1.458393e-01 4.927787e-01 0.000000e+00 1
-1.178123e+12 -8.210858e+10 4.375252e+11 -4.467796e-01 -8.777711e-01 1.729331e-01 0.000000e+00 1
6.563603e+11 3.062910e+11 -7.908781e+11 -5.575906e-01 8.192869e-01 -1.336474e-01 0.000000e+00 1
1.349233e+12 -4.898299e+11 8.628343e+11 1.979029e-01 -8.627611e-01 4.652716e-01 0.000000e+00 1
-5.611378e+11 1.817870e+11 -1.184571e+12 6.474389e-01 6.476404e-01 -4.017271e-01 0.000000e+00 1
1.290075e+11 1.435425e+12 -2.308870e+11 -1.292025e-01 -1.504588e-01 -9.801372e-01 0.000000e+00 1
6.512587e+10 -7.973019e+11 -1.455300e+12 4.665361e-01 8.840970e-01 2.676993e-02 0.000000e+00 1
-3.672599e+11 5.409674e+11 -6.718640e+10 6.717057e-01 -1.496306e-01 -7.255496e-01 0.000000e+00 1
-9.336821e+11 1.810400e+11 1.957951e+11 -8.242788e-01 3.021361e-01 4.788301e-01 0.000000e+00 1
-1.069635e+12 4.567038e+11 4.717022e+11 9.730170e-02 5.579113e-01 8.241767e-01 0.000000e+00 1
2.345128e+11 1.274488e+12 4.188567e+11 4.321521e-01 -6.620499e-01 6.123190e-01 0.000000e+00 1
6.774927e+11 -4.662354e+11 8.225998e+11 -1.601958e-03 7.315909e-01 6.817420e-01 0.000000e+00 1
-1.324206e+12 4.823303e+11 3.003081e+11 -4.575951e-01 8.286467e-01 -3.224150e-01 0.000000e+00 1
4.339120e+11 -1.148353e+12 2.540087e+10 -1.898009e-01 -1.953079e-01 9.622008e-01 0.000000e+00 1
5.425092e+11 -8.478327e+11 -2.669533e+11 -1.989836e-01 -9.656423e-01 -1.671542e-01 0.000000e+00 1
-1.363793e+12 2.125082e+11 7.393398e+11 -6.425792e-01 -5.335322e-01 5.499412e-01 0.000000e+00 1
-4.780846e+11 3.626906e+11 -4.790452e+11 8.253311e-01 -4.776399e-01 -3.011457e-01 0.000000e+00 1
-2.328157e+11 -5.451947e+11 4.526005e+10 5.196097e-01 8.524265e-01 -5.809309e-02 0.000000e+00 1
-3.743280e+10 -1.954067e+11 1.396838e+12 5.827263e-01 -7.871125e-01 -2.021977e-01 0.000000e+00 1
7.737437e+11 4.417299e+11 -1.363549e+12 2.388048e-01 -9.608011e-01 1.408316e-01 0.000000e+00 1
1.010632e+12 5.808904e+11 -6.937208e+08 1.135406e-01 -5.372750e-01 -8.357297e-01 0.000000e+00 1
-4.638277e+11 -7.789583e+11 1.165127e+12 6.219332e-01 7.792017e-01 7.774193e-02 0.000000e+00 1
-1.983513e+11 6.070964e+11 -1.273385e+12 8.887281e-01 -3.735212e-01 -2.657898e-01 0.000000e+00 1
2.453670e+11 -1.252393e+12 4.612136e+11 9.722219e-01 1.624454e-01 -1.685115e-01 0.000000e+00 1
3.620825e+11 -1.029182e+11 1.599876e+12 6.730227e-01 5.130992e-01 -5.327003e-01 0.000000e+00 1
-9.333955e+11 -7.262753e+11 -1.000463e+12 8.759688e-01 -4.801928e-01 4.575577e-02 0.000000e+00 1
-5.792635e+11 1.031146e+12 7.307701e+11 -6.710367e-01 -2.640986e-02 7.409536e-01 0.000000e+00 1
-1.252813e+12 -7.799696e+11 3.922272e+11 1.750135e-01 2.794369e-01 9.440791e-01 0.000000e+00 1
-2.555082e+11 1.307766e+12 -3.894527e+11 8.075204e-03 8.433948e-01 -5.372336e-01 0.000000e+00 1
-9.883587e+11 -1.747686e+11 6.999737e+11 -6.715893e-01 -6.996010e-01 -2.439799e-01 0.000000e+00 1
-2.615314e+11 6.926107e+11 1.282301e+12 2.724281e-01 9.034478e-01 -3.310061e-01 0.000000e+00 1
-5.239785e+11 5.606626e+11 1.151006e+11 8.522347e-01 2.716361e-01 -4.471128e-01 0.000000e+00 1
-9.337409e+11 2.912974e+11 3.762158e+11 -8.285127e-01 -2.858391e-01 4.815212e-01 0.000000e+00 1
-6.496190e+11 1.116520e+12 -6.898426e+11 2.421817e-01 9.700218e-01 2.014202e-02 0.000000e+00 1
-1.396279e+12 2.133936e+11 -7.861987e+11 7.958430e-01 -3.760594e-01 -4.745663e-01 0.000000e+00 1
-1.155815e+11 2.051661e+11 -1.448962e+11 8.278595e-01 4.728458e-01 3.017707e-01 0.000000e+00 1
4.343593e+11 6.660143e+11 -1.325639e+12 5.251838e-01 8.306965e-01 -1.847304e-01 0.000000e+00 1
6.573762e+11 6.525300e+11 -2.544611e+11 9.957564e-01 -4.903254e-03 -9.189705e-02 0.000000e+00 1
1.152796e+12 3.719699e+11 9.254986e+11 -7.666894e-01 -6.396249e-01 5.538382e-02 0.000000e+00 1
8.131059e+11 -1.244440e+12 3.507587e+10 9.064514e-01 -3.488902e-01 2.379527e-01 0.000000e+00 1
-1.020262e+12 3.338766e+11 1.122160e+12 4.457878e-01 4.411717e-01 -7.788715e-01 0.000000e+00 1
5.589516e+11 -5.555972e+11 1.312765e+12 -8.845924e-01 -4.550775e-01 -1.019839e-01 0.000000e+00 1
-9.582532e+11 5.456409e+11 1.003952e+12 -9.816408e-01 -1.153163e-01 1.519325e-01 0.000000e+00 1
4.586298e+11 -1.231486e+12 -6.872511e+11 3.040918e-01 8.855496e-01 -3.511838e-01 0.000000e+00 1
-5.346255e+11 -1.559179e+12 2.913885e+11 5.085502e-01 2.765015e-01 -8.154285e-01 0.000000e+00 1
2.550328e+11 -1.489351e+12 -5.118729e+11 -9.229282e-01 -3.138992e-01 2.228697e-01 0.000000e+00 1
-8.739514e+11 8.518822e+11 -1.022945e+12 1.361251e-01 -9.889843e-01 -5.813785e-02 0.000000e+00 1
-1.076026e+12 -4.586411e+11 6.473712e+11 -1.322827e-01 -8.867677e-01 -4.428818e-01 0.000000e+00 1
4.386630e+11 -6.134752e+09 1.232696e+12 9.184160e-01 -3.798004e-01 -1.107419e-01 0.000000e+00 1
1.922175e+11 -9.673571e+10 -2.240171e+11 4.334856e-01 8.106743e-01 -3.935701e-01 0.000000e+00 1
-7.551504e+10 -7.689183e+11 1.190649e+12 -4.523808e-01 8.802594e-01 -1.431609e-01 0.000000e+00 1
1.058028e+12 -6.862569e+11 -9.893524e+11 7.875145e-01 6.156838e-01 2.746642e-02 0.000000e+00 1
-5.896974e+10 -4.246172e+11 7.934835e+11 -8.585677e-01 -3.503507e-01 -3.743207e-01 0.000000e+00 1
1.096548e+12 -9.588291e+11 1.917797e+11 -8.388832e-01 -4.840372e-01 -2.489638e-01 0.000000e+00 1
9.123561e+11 1.090001e+12 3.677701e+11 3.181478e-01 -5.863320e-01 7.449810e-01 0.000000e+00 1
-7.104737e+11 1.641083e+11 8.696209e+10 5.524283e-01 -6.399161e-01 5.341633e-01 0.000000e+00 1
-9.408288e+11 3.763135e+09 -1.260519e+12 3.789059e-01 -4.648884e-01 8.001932e-01 0.000000e+00 1
4.297266e+11 1.502934e+12 -4.552399e+11 -7.358606e-01 -3.779454e-01 5.618420e-01 0.000000e+00 1
-6.045376e+11 7.485173e+11 -6.706565e+11 7.985256e-01 2.997270e-01 -5.220351e-01 0.000000e+00 1
-3.929751e+11 -1.059363e+12 1.485744e+11 -6.992087e-01 7.124155e-01 5.976160e-02 0.000000e+00 1
1.065849e+12 -2.233173e+11 -9.830692e+11 -5.147489e-01 3.793561e-01 -7.688449e-01 0.000000e+00 1
1.706722e+11 -7.996690e+11 5.618582e+11 1.851466e-01 -4.080077e-01 8.940081e-01 0.000000e+00 1
1.798297e+11 -4.054313e+11 6.081405e+11 -6.702886e-01 -6.620471e-01 3.352711e-01 0.000000e+00 1
1.861230e+11 -7.949007e+11 5.582243e+11 1.203973e-01 -6.715579e-01 7.311050e-01 0.000000e+00 1
-2.063026e+11 1.314258e+12 2.583065e+11 -3.806051e-01 2.483992e-01 8.907511e-01 0.000000e+00 1
8.803065e+10 -9.377652e+11 -1.251555e+12 -7.578406e-01 5.594671e-01 3.356697e-01 0.000000e+00 1
8.121956e+11 -1.775784e+11 5.267431e+11 -4.868659e-01 -5.079568e-01 -7.105923e-01 0.000000e+00 1
-9.087887e+11 4.969996e+10 -9.976607e+11 7.643467e-01 -1.531449e-01 -6.263552e-01 0.000000e+00 1
-3.568905e+11 2.635983e+11 -2.079394e+11 5.838877e-01 -3.109322e-01 7.499309e-01 0.000000e+00 1
-7.931036e+11 -1.225277e+12 -7.698306e+11 7.248509e-01 6.714961e-01 1.538968e-01 0.000000e+00 1
6.643459e+11 -2.339797e+11 -1.303436e+12 3.861299e-01 -8.866448e-01 -2.544893e-01 0.000000e+00 1
-9.878397e+11 1.158202e+12 3.441454e+11 -7.216087e-01 -1.877410e-02 6.920466e-01 0.000000e+00 1
1.163657e+12 1.181909e+12 -3.145109e+11 -6.652543e-01 -6.082936e-01 -4.329153e-01 0.000000e+00 1
1.907141e+11 -1.129563e+12 -1.237844e+12 3.925759e-01 9.197128e-01 -3.543433e-03 0.000000e+00 1
-6.747372e+11 -2.479631e+11 -6.796049e+11 6.262143e-01 -1.349699e-01 -7.678794e-01 0.000000e+00 1
-9.591601e+11 -9.569314e+10 -1.346636e+12 3.672817e-01 1.528887e-02 -9.299841e-01 0.000000e+00 1
-1.309084e+12 5.725047e+11 -5.951073e+11 -5.362557e-01 -7.195889e-01 -4.411595e-01 0.000000e+00 1
6.774517e+11 1.082256e+12 5.309270e+11 3.815106e-01 9.183941e-01 -1.048900e-01 0.000000e+00 1
1.402828e+12 -4.670619e+11 3.954135e+10 -1.446801e-01 9.657160e-01 -2.155467e-01 0.000000e+00 1
-4.636419e+11 -4.959605e+11 9.873005e+11 7.894535e-01 -4.847238e-01 3.765712e-01 0.000000e+00 1
9.143218e+11 8.913919e+10 -2.491553e+10 -5.425874e-01 -6.325075e-01 5.527506e-01 0.000000e+00 1
-3.190568e+11 -3.105310e+11 1.677277e+11 1.170645e-01 -7.783252e-01 -6.168515e-01 0.000000e+00 1
5.572043e+11 -8.028222e+10 -4.110120e+11 7.450153e-01 -5.739110e-01 3.399683e-01 0.000000e+00 1
1.011346e+12 1.462076e+11 -2.901963e+11 -1.632500e-01 1.787120e-01 -9.702636e-01 0.000000e+00 1
7.133807e+11 5.549500e+10 -1.455020e+12 -2.186883e-01 9.008168e-01 -3.751061e-01 0.000000e+00 1
7.083019e+11 5.746047e+11 -1.291117e+12 3.740727e-01 -8.575962e-01 3.529848e-01 0.000000e+00 1
1.370917e+12 7.871470e+11 4.126952e+11 -5.881740e-01 1.947109e-01 -7.849452e-01 0.000000e+00 1
6.048375e+11 1.015481e+12 6.926539e+11 -8.805152e-01 -3.849113e-01 -2.766519e-01 0.000000e+00 1
-4.159048e+11 -8.066000e+11 3.545700e+11 -2.865173e-01 -3.590212e-01 8.882632e-01 0.000000e+00 1
2.480269e+11 -1.391675e+12 -5.154237e+11 -2.625840e-01 -1.483651e-01 9.534345e-01 0.000000e+00 1
1.540211e+11 -1.714019e+11 4.032629e+11 5.976017e-01 -4.487009e-01 -6.644845e-01 0.000000e+00 1
9.429473e+11 -5.070279e+10 8.198102e+10 3.083967e-01 2.758957e-01 -9.103697e-01 0.000000e+00 1
3.894594e+10 -7.206350e+11 -6.807265e+11 1.474526e-01 -9.676371e-01 -2.047833e-01 0.000000e+00 1
-7.640848e+11 -1.653933e+11 1.105521e+12 -7.387441e-01 4.735278e-01 -4.796129e-01 0.000000e+00 1
-8.095901e+11 8.756200e+11 2.809668e+11 -7.787808e-01 -4.805139e-01 4.032454e-01 0.000000e+00 1
2.443410e+11 -7.810548e+10 1.454544e+12 6.709695e-01 -6.781130e-01 -2.999377e-01 0.000000e+00 1
-1.363876e+12 -4.458532e+11 4.502927e+11 4.114031e-01 -6.480487e-02 9.091467e-01 0.000000e+00 1
-5.511143e+11 -1.992692e+10 -5.845858e+11 8.639780e-01 -4.631304e-01 -1.976163e-01 0.000000e+00 1
8.938731e+11 4.240239e+11 1.301428e+12 -6.305309e-01 -7.761561e-01 3.518248e-03 0.000000e+00 1
4.359590e+11 2.518870e+11 1.353493e+12 -1.068289e-01 1.117556e-01 -9.879769e-01 0.000000e+00 1
4.552795e+11 5.224977e+11 1.267940e+12 1.722341e-01 1.772726e-01 9.689736e-01 0.000000e+00 1
2.903012e+11 4.445927e+11 -1.188197e+12 -5.149381e-01 3.055786e-01 8.009123e-01 0.000000e+00 1
-6.736773e+11 6.753700e+09 -3.589189e+11 -9.994056e-03 2.545166e-01 -9.670168e-01 0.000000e+00 1
6.224856e+11 1.706661e+11 6.099070e+11 -7.358178e-01 -6.090432e-01 -2.960381e-01 0.000000e+00 1
8.406750e+11 -8.187234e+11 5.915796e+11 -6.939825e-01 7.113370e-01 1.113015e-01 0.000000e+00 1
7.810193e+11 -4.775775e+11 -4.880348e+11 9.234052e-01 -3.596307e-01 -1.341215e-01 0.000000e+00 1
-8.382719e+11 7.128525e+11 -5.214690e+11 2.954148e-01 9.455117e-01 -1.368856e-01 0.000000e+00 1
-7.486371e+11 2.621056e+11 -5.097644e+11 -1.723258e-01 1.089037e-01 9.790014e-01 0.000000e+00 1
-1.305007e+12 7.974055e+11 5.668650e+11 -5.279457e-01 -7.852914e-01 3.234049e-01 0.000000e+00 1
-2.755247e+11 -3.874939e+10 8.256668e+11 -5.999549e-01 -6.454455e-01 4.727094e-01 0.000000e+00 1
-3.536497e+11 -1.795638e+11 -1.007266e+12 9.445466e-01 2.847006e-01 -1.636380e-01 0.000000e+00 1
6.207525e+11 5.122073e+11 3.632379e+11 -6.137164e-02 1.893425e-01 9.799913e-01 0.000000e+00 1
8.542138e+11 1.252936e+12 -2.590649e+11 8.158133e-01 -5.596310e-01 -1.458140e-01 0.000000e+00 1
1.134131e+12 -2.445642e+11 -1.165759e+12 -7.658924e-01 4.150597e-01 -4.910544e-01 0.000000e+00 1
-2.211984e+11 1.353421e+12 1.130353e+11 -8.463885e-01 -4.220431e-01 -3.248171e-01 0.000000e+00 1
3.661019e+11 9.052616e+11 -5.393749e+11 -3.147766e-02 1.617358e-01 -9.863319e-01 0.000000e+00 1
-1.299748e+12 4.016161e+11 -3.464041e+10 -1.740959e-01 -8.152349e-01 -5.523428e-01 0.000000e+00 1
8.384699e+11 6.511426e+11 -5.714211e+11 -1.309864e-01 -6.985505e-01 7.034698e-01 0.000000e+00 1
-5.185226e+11 -3.446377e+11 1.256395e+12 4.078180e-01 -5.834559e-01 -7.023273e-01 0.000000e+00 1
-7.059940e+11 1.075554e+12 1.063893e+12 6.904025e-01 -1.913049e-01 -6.976724e-01 0.000000e+00 1
-1.311037e+12 6.947085e+11 -7.014300e+11 -2.945751e-02 -9.985534e-01 4.498230e-02 0.000000e+00 1
2.085944e+11 1.289611e+12 -1.754652e+11 6.010108e-01 -1.946656e-01 7.751718e-01 0.000000e+00 1
1.599179e+11 5.671679e+11 6.539476e+11 7.927276e-01 -1.904553e-01 -5.790593e-01 0.000000e+00 1
-1.099445e+12 6.942742e+11 -6.672603e+11 -3.377387e-01 -7.598535e-01 -5.554775e-01 0.000000e+00 1
1.096063e+12 -7.042216e+11 3.952106e+11 -9.788832e-01 2.380075e-03 2.044066e-01 0.000000e+00 1
4.424759e+11 1.133066e+12 3.234462e+11 7.400270e-01 -6.718416e-01 3.144834e-02 0.000000e+00 1
1.060492e+10 6.522834e+11 -1.869626e+11 -3.904442e-01 -7.803102e-01 -4.885380e-01 0.000000e+00 1
-4.541785e+11 9.310728e+11 -8.585682e+11 5.563990e-01 -1.267583e-01 -8.211897e-01 0.000000e+00 1
1.324643e+11 -8.937476e+11 -1.843481e+11 8.880331e-01 -2.574371e-01 3.809505e-01 0.000000e+00 1
-6.656017e+11 -1.232883e+12 -1.433028e+11 -9.163943e-01 3.731647e-01 -1.448092e-01 0.000000e+00 1
1.100556e+12 2.301891e+11 5.396386e+11 -6.869925e-01 3.944587e-01 6.102817e-01 0.000000e+00 1
-1.173301e+12 -7.669358e+11 2.641923e+11 8.440097e-01 2.738083e-01 -4.611688e-01 0.000000e+00 1
4.523330e+11 -5.973111e+11 1.028351e+12 -7.222352e-02 -9.440147e-01 -3.219005e-01 0.000000e+00 1
-9.273603e+11 -7.206401e+11 -4.289404e+11 -4.228479e-02 -9.984867e-01 -3.515988e-02 0.000000e+00 1
8.498377e+11 -2.537683e+10 -5.454804e+11 3.160655e-01 8.129546e-01 4.890884e-01 0.000000e+00 1
-1.904973e+11 -6.418581e+11 -9.107066e+11 9.632080e-01 -2.675966e-01 2.494788e-02 0.000000e+00 1
-1.122328e+12 6.083840e+11 9.796901e+11 4.214296e-01 -8.608817e-01 -2.850962e-01 0.000000e+00 1
1.147882e+12 1.540745e+11 -2.629770e+11 -9.859330e-01 1.745485e-02 1.662269e-01 0.000000e+00 1
-2.190843e+11 1.367326e+12 -3.004985e+11 9.301224e-01 2.547154e-01 2.645607e-01 0.000000e+00 1
-1.051745e+12 -4.780912e+11 -6.492215e+11 -6.361648e-01 -7.585402e-01 1.411069e-01 0.000000e+00 1
3.403620e+11 -3.376975e+11 1.111836e+12 9.300667e-01 2.323375e-01 -2.845967e-01 0.000000e+00 1
5.310707e+11 6.225518e+11 9.743451e+11 -4.120229e-01 -6.960044e-01 -5.880604e-01 0.000000e+00 1
-2.723128e+10 1.158904e+12 1.409709e+11 2.210763e-01 4.986902e-01 8.381130e-01 0.000000e+00 1
8.161793e+11 -6.887118e+10 8.561884e+11 -9.894081e-01 -2.472542e-02 1.430396e-01 0.000000e+00 1
-1.517505e+12 3.533507e+11 6.299137e+11 -1.550756e-02 -6.351362e-01 7.722445e-01 0.000000e+00 1
-5.391377e+11 3.321358e+11 9.924324e+11 -5.322519e-01 2.580820e-02 -8.461926e-01 0.000000e+00 1
1.348218e+11 -5.973642e+11 -8.462370e+11 -3.962086e-01 5.344549e-01 -7.465767e-01 0.000000e+00 1
1.432094e+11 4.345547e+11 6.662292e+11 -1.350254e-02 7.531003e-01 6.577671e-01 0.000000e+00 1
8.087051e+11 -8.650538e+11 1.032257e+12 -9.423287e-01 -2.727478e-01 1.939723e-01 0.000000e+00 1
-9.647476e+11 9.834196e+11 -6.484846e+11 7.269862e-01 -5.286688e-01 4.381785e-01 0.000000e+00 1
7.512848e+11 9.952790e+11 -1.130662e+12 -9.728842e-01 1.395525e-01 1.844489e-01 0.000000e+00 1
6.086314e+11 6.885571e+11 -1.147639e+12 8.612307e-01 7.779198e-02 -5.022251e-01 0.000000e+00 1
4.949125e+11 -1.949403e+11 -1.536266e+12 -2.446786e-01 6.855028e-01 -6.857246e-01 0.000000e+00 1
7.034931e+11 -4.160867e+11 8.586179e+11 3.908613e-01 7.487026e-01 5.354175e-01 0.000000e+00 1
3.603078e+11 -2.510062e+11 -1.027975e+12 7.110803e-01 6.924850e-01 1.217758e-01 0.000000e+00 1
1.106586e+12 1.007681e+12 -1.473993e+11 -4.835772e-01 1.681578e-01 8.589971e-01 0.000000e+00 1
3.653694e+11 -9.567231e+10 1.052443e+12 -2.475668e-01 2.144866e-01 9.448313e-01 0.000000e+00 1
5.510543e+11 -3.479626e+11 1.161560e+12 2.808900e-01 3.816252e-02 9.589809e-01 0.000000e+00 1
3.390329e+10 -3.681161e+11 1.320701e+12 3.884232e-01 -1.125472e-01 -9.145822e-01 0.000000e+00 1
-7.808300e+11 -4.020990e+11 -7.823336e+11 -3.154642e-01 5.250520e-01 7.904446e-01 0.000000e+00 1
-1.033168e+12 -1.144206e+12 -3.216444e+11 9.676782e-01 -2.519978e-01 -9.794961e-03 0.000000e+00 1
-6.232858e+11 -4.479274e+11 -1.418249e+12 -3.465963e-01 -6.844386e-01 6.414162e-01 0.000000e+00 1
1.049458e+12 1.224738e+11 -1.093855e+12 7.455958e-02 -8.570834e-01 -5.097538e-01 0.000000e+00 1
-6.591430e+11 9.453122e+11 1.345014e+11 -9.799046e-02 9.758026e-01 1.954664e-01 0.000000e+00 1
6.918301e+11 -1.134900e+11 -2.039300e+11 -6.535369e-02 -9.977759e-01 1.311969e-02 0.000000e+00 1
5.693330e+11 -7.454864e+11 1.163036e+12 -7.664121e-01 1.841663e-03 -6.423466e-01 0.000000e+00 1
7.783269e+11 1.223562e+12 -4.052775e+11 -1.327793e-01 -8.662834e-02 -9.873526e-01 0.000000e+00 1
5.228130e+09 3.733375e+11 9.447780e+10 5.517466e-01 -8.333843e-01 3.234703e-02 0.000000e+00 1
-5.734538e+11 4.793535e+11 -1.149743e+12 -6.986778e-01 -5.349258e-01 4.750828e-01 0.000000e+00 1
-1.126606e+12 -6.334756e+11 -4.895781e+11 2.092152e-01 2.077361e-01 9.555494e-01 0.000000e+00 1
3.925596e+11 -7.118969e+11 1.140156e+12 -2.696274e-02 1.102538e-01 9.935377e-01 0.000000e+00 1
4.176434e+11 -7.604381e+11 7.306146e+11 -2.326689e-01 4.423726e-01 8.661245e-01 0.000000e+00 1
-4.465754e+11 -1.367610e+12 -6.531163e+11 -1.691766e-01 7.363438e-01 -6.551160e-01 0.000000e+00 1
1.560479e+10 -4.758761e+11 -2.605304e+11 -9.478544e-02 -6.529709e-01 -7.514285e-01 0.000000e+00 1
-6.677617e+11 7.121310e+11 3.287973e+11 -5.261784e-01 6.134313e-01 5.889298e-01 0.000000e+00 1
-9.465733e+11 -5.434105e+11 9.049861e+11 -3.121512e-01 8.915938e-01 -3.280582e-01 0.000000e+00 1
1.600476e+11 -7.275845e+11 -8.702256e+11 -6.408362e-01 -6.620160e-01 3.886693e-01 0.000000e+00 1
-5.003359e+11 4.774829e+11 4.570782e+11 -9.494190e-01 -3.960752e-02 -3.115042e-01 0.000000e+00 1
-1.429610e+12 -5.856635e+11 5.034762e+11 8.867861e-01 4.270057e-01 1.768519e-01 0.000000e+00 1
1.479465e+12 -5.292874e+10 -3.995219e+11 8.667144e-01 8.146889e-02 4.921066e-01 0.000000e+00 1
-9.659516e+10 1.821687e+11 -1.311647e+12 8.269030e-01 5.132314e-02 5.599976e-01 0.000000e+00 1
-1.380840e+11 -9.234595e+11 -8.357752e+11 -3.321244e-01 5.167030e-01 7.891206e-01 0.000000e+00 1
5.504350e+11 -9.656918e+11 -1.100089e+12 4.220067e-01 -4.473110e-01 -7.885577e-01 0.000000e+00 1
-1.418867e+12 8.081260e+11 -1.024165e+11 -2.523006e-01 9.346159e-01 2.506741e-01 0.000000e+00 1
1.958078e+11 -7.796691e+11 -1.006518e+12 -7.266524e-01 6.845514e-01 5.801508e-02 0.000000e+00 1
-8.832189e+11 -8.104209e+11 -1.172247e+11 6.860565e-01 -4.825171e-01 5.445216e-01 0.000000e+00 1
4.384454e+11 2.234913e+11 -9.110390e+11 -6.564355e-01 -4.969686e-01 5.675514e-01 0.000000e+00 1
-2.284468e+11 -3.355600e+11 -1.042321e+12 4.606965e-02 9.666454e-01 -2.519410e-01 0.000000e+00 1
-3.043877e+11 8.452910e+11 2.160522e+11 -1.992976e-01 4.337571e-01 8.787123e-01 0.000000e+00 1
-6.004586e+10 1.686245e+10 2.033775e+11 5.204425e-02 -4.386858e-02 -9.976808e-01 0.000000e+00 1
1.113604e+11 -7.874669e+11 5.368287e+11 -7.572149e-01 -2.379299e-01 -6.082886e-01 0.000000e+00 1
-1.409758e+11 6.628542e+11 -1.033703e+12 -7.602259e-01 -5.549033e-01 3.378445e-01 0.000000e+00 1
-1.244573e+12 -4.195017e+11 -7.158281e+11 -9.799550e-01 -9.337532e-02 1.759808e-01 0.000000e+00 1
-1.073004e+12 -1.978865e+11 1.015316e+12 -8.431907e-01 -1.858600e-02 5.372932e-01 0.000000e+00 1
1.769990e+10 -1.207951e+12 1.128169e+12 6.337238e-01 -1.501510e-01 -7.588470e-01 0.000000e+00 1
1.486611e+11 8.666658e+11 8.169674e+11 9.935545e-01 -1.097369e-01 2.841267e-02 0.000000e+00 1
2.751373e+11 -2.183822e+11 2.301376e+11 -2.719660e-02 9.631921e-01 -2.674346e-01 0.000000e+00 1
-6.108420e+11 3.177310e+11 2.410988e+11 -5.039532e-02 -2.158875e-01 9.751169e-01 0.000000e+00 1
-1.134197e+12 8.164666e+11 -7.180345e+10 -9.577121e-01 2.180008e-01 1.877850e-01 0.000000e+00 1
-8.819720e+10 1.378575e+12 -3.200431e+11 -4.107354e-01 -7.291901e-01 -5.473373e-01 0.000000e+00 1
6.205945e+10 1.350750e+12 -7.470449e+11 -2.943195e-01 -5.550983e-01 -7.779730e-01 0.000000e+00 1
-1.195295e+12 -1.100491e+11 9.800239e+11 2.330918e-01 4.121885e-01 8.807774e-01 0.000000e+00 1
-3.658979e+11 -5.186435e+11 1.384531e+12 9.395825e-02 -1.588454e-02 9.954494e-01 0.000000e+00 1
2.657565e+11 -1.485318e+12 5.634104e+11 8.144294e-01 4.433391e-01 -3.743730e-01 0.000000e+00 1
-2.946743e+10 -8.761045e+11 7.186289e+11 6.615316e-01 3.651073e-01 -6.550364e-01 0.000000e+00 1
-4.417613e+11 6.838775e+11 -9.042212e+11 -8.920303e-01 3.161744e-01 3.229793e-01 0.000000e+00 1
-1.130419e+11 -1.204710e+12 -6.438355e+11 -3.302493e-01 1.325580e-03 -9.438928e-01 0.000000e+00 1
-3.234618e+11 -5.103530e+11 -8.299815e+11 6.012549e-01 5.122462e-01 6.132670e-01 0.000000e+00 1
-5.404247e+11 4.211631e+11 -3.484870e+10 5.021924e-01 -5.928767e-02 -8.627211e-01 0.000000e+00 1
-1.503532e+11 -1.850170e+10 1.526480e+12 -1.281712e-01 -8.009931e-01 -5.847924e-01 0.000000e+00 1
-1.282950e+12 4.613843e+11 2.211233e+11 1.862638e-01 5.113318e-01 -8.389550e-01 0.000000e+00 1
1.146793e+11 8.322293e+11 -1.003517e+12 -3.137573e-02 -9.722735e-01 -2.317322e-01 0.000000e+00 1
-1.084518e+12 7.946910e+11 2.455566e+11 6.604356e-01 3.068232e-01 6.853353e-01 0.000000e+00 1
-1.115606e+12 1.117462e+11 5.489600e+09 6.275936e-01 -7.158573e-02 -7.752430e-01 0.000000e+00 1
2.080097e+11 -4.082923e+11 -1.141090e+12 -9.812672e-01 1.385857e-01 -1.338233e-01 0.000000e+00 1
2.894862e+11 5.582923e+11 3.444065e+11 4.771594e-01 -8.784523e-01 2.530581e-02 0.000000e+00 1
4.898611e+10 -6.302522e+11 2.502132e+11 -6.370615e-01 -7.659631e-01 8.633203e-02 0.000000e+00 1
-9.795375e+10 -1.848013e+11 -3.092835e+09 1.208149e-01 6.779477e-01 -7.251142e-01 0.000000e+00 1
-1.736006e+11 7.272656e+11 6.538286e+11 7.527262e-01 -2.066854e-02 -6.580092e-01 0.000000e+00 1
5.416593e+11 -1.291351e+12 5.611883e+10 1.543120e-01 -6.651310e-03 -9.879998e-01 0.000000e+00 1
1.585508e+12 -1.552312e+11 -3.014728e+11 7.044832e-01 1.958679e-01 6.821578e-01 0.000000e+00 1
4.185395e+10 -3.010006e+10 1.051900e+12 -3.138650e-01 9.134581e-01 2.590041e-01 0.000000e+00 1
-1.046668e+12 -4.154104e+11 -8.493615e+10 3.039597e-01 5.919780e-01 7.464385e-01 0.000000e+00 1
-3.040203e+10 5.551295e+10 -9.544453e+11 -4.383034e-01 7.600665e-01 -4.797802e-01 0.000000e+00 1
4.251327e+11 4.753849e+11 -1.069593e+12 1.372316e-01 9.643904e-01 2.260942e-01 0.000000e+00 1
3.447785e+11 -9.276322e+11 -1.183458e+11 1.707687e-01 9.245154e-01 -3.407483e-01 0.000000e+00 1
-4.736310e+11 -3.491583e+11 -7.499797e+11 -8.374065e-01 -5.358815e-01 1.076167e-01 0.000000e+00 1
1.862251e+11 -3.858511e+11 1.101029e+12 -4.361170e-01 8.211882e-01 3.680380e-01 0.000000e+00 1
-3.728675e+11 1.038274e+12 1.228366e+12 7.532426e-01 3.358628e-01 5.655278e-01 0.000000e+00 1
-1.009464e+11 -5.664738e+10 1.039778e+12 -3.204930e-01 9.367455e-01 -1.406845e-01 0.000000e+00 1
-8.156004e+11 7.197820e+11 -1.210831e+12 5.004295e-01 8.096868e-01 -3.065576e-01 0.000000e+00 1
7.968949e+11 3.363623e+11 7.401507e+10 5.483703e-01 -6.706754e-05 8.362356e-01 0.000000e+00 1
-1.093607e+12 -8.931313e+11 -8.173749e+11 9.302253e-01 -2.633808e-01 2.555612e-01 0.000000e+00 1
5.974965e+11 1.305285e+12 -4.406995e+11 -2.152555e-01 4.433479e-02 9.755509e-01 0.000000e+00 1
1.509946e+12 7.062655e+11 -5.435162e+10 -7.648511e-01 1.300083e-01 6.309522e-01 0.000000e+00 1
1.255781e+12 -3.143654e+11 5.534959e+11 -8.015074e-02 -9.507490e-01 2.994196e-01 0.000000e+00 1
1.428389e+11 -4.606613e+11 5.572115e+11 4.134864e-01 9.035797e-01 1.121277e-01 0.000000e+00 1
-1.209637e+12 8.638591e+11 4.472561e+11 -7.479560e-01 -3.997047e-01 5.299038e-01 0.000000e+00 1
-1.059724e+11 -1.873682e+11 3.098445e+11 -9.715212e-01 1.943617e-01 1.355363e-01 0.000000e+00 1
3.225054e+11 -3.618835e+11 2.637182e+11 -3.106609e-01 -1.155127e-01 9.434758e-01 0.000000e+00 1
-5.828612e+11 2.650860e+11 -1.194193e+12 9.741381e-01 1.256391e-01 1.878025e-01 0.000000e+00 1
-6.124072e+09 5.193347e+11 -1.414409e+12 -4.474378e-02 -7.995247e-01 5.989643e-01 0.000000e+00 1
9.941426e+11 3.674281e+11 -4.418616e+11 -9.397378e-01 3.365628e-01 6.015202e-02 0.000000e+00 1
2.071947e+11 1.473320e+12 -8.128683e+11 -2.786379e-02 -9.595954e-01 2.800005e-01 0.000000e+00 1
-9.348927e+11 -3.818801e+11 9.395675e+11 -6.679919e-01 -7.177058e-02 7.406996e-01 0.000000e+00 1
-1.067327e+12 2.728226e+11 6.515238e+11 -3.232751e-02 -9.994608e-01 -5.740698e-03 0.000000e+00 1
-7.691591e+11 1.202247e+11 -1.223214e+12 2.022514e-01 8.955887e-01 3.962516e-01 0.000000e+00 1
-2.007083e+11 1.496205e+12 1.768809e+10 -1.804989e-01 2.574224e-02 -9.832383e-01 0.000000e+00 1
-5.072019e+10 -2.930671e+11 1.197356e+12 -1.418730e-01 -8.934655e-01 -4.261354e-01 0.000000e+00 1
1.711695e+11 -1.324385e+12 -1.006453e+12 1.973976e-01 4.723442e-02 9.791849e-01 0.000000e+00 1
1.748916e+11 -6.584554e+10 -9.485061e+11 -6.385884e-01 7.268222e-01 2.528522e-01 0.000000e+00 1
-8.213494e+11 8.881315e+11 -7.419883e+11 -7.115819e-01 1.334617e-01 -6.898109e-01 0.000000e+00 1
-7.936375e+11 6.189321e+11 1.007615e+12 5.680592e-01 3.869366e-01 7.263531e-01 0.000000e+00 1
6.434393e+11 1.364636e+11 -6.913237e+11 4.135476e-01 8.997280e-01 -1.395274e-01 0.000000e+00 1
-2.711269e+11 -8.927414e+10 -8.365475e+11 -3.445965e-01 1.904250e-01 9.192342e-01 0.000000e+00 1
3.192141e+11 1.138941e+12 4.160974e+11 7.278158e-01 5.602506e-01 3.954786e-01 0.000000e+00 1
1.339188e+12 2.140771e+11 6.763988e+11 -4.213854e-01 -3.436429e-01 8.392520e-01 0.000000e+00 1
1.152342e+12 -9.733598e+11 4.733256e+11 8.344106e-01 -4.184023e-01 3.587457e-01 0.000000e+00 1
7.089583e+10 -9.765534e+11 4.869178e+11 7.213011e-01 4.893046e-01 -4.902099e-01 0.000000e+00 1
-3.166843e+11 9.866342e+11 6.630982e+11 -7.421441e-02 9.010379e-01 -4.273441e-01 0.000000e+00 1
9.383768e+11 4.922531e+10 -2.517301e+11 4.488199e-01 -5.943212e-01 -6.673403e-01 0.000000e+00 1
-2.896139e+11 -5.274692e+10 9.037672e+11 4.258702e-01 -8.796671e-01 2.117084e-01 0.000000e+00 1
8.911543e+11 -3.336484e+11 1.301142e+12 -8.531977e-01 2.962838e-01 4.292665e-01 0.000000e+00 1
6.291188e+11 5.612172e+11 6.413843e+11 -4.130187e-01 6.769601e-01 -6.092130e-01 0.000000e+00 1
-9.767462e+11 -1.049184e+12 -6.996650e+11 -8.575963e-01 5.104520e-01 -6.298687e-02 0.000000e+00 1
-4.289432e+10 8.753663e+10 4.668141e+11 -4.762526e-01 8.260846e-01 3.012768e-01 0.000000e+00 1
-2.971528e+11 8.675241e+11 -1.367829e+11 7.849129e-01 -1.263791e-01 6.065806e-01 0.000000e+00 1
-9.906822e+11 1.345836e+12 -4.201987e+10 -7.659759e-01 1.802498e-01 6.170826e-01 0.000000e+00 1
-1.080668e+12 -1.044874e+12 7.018718e+11 -3.401437e-02 1.341094e-01 9.903826e-01 0.000000e+00 1
-3.303164e+11 -1.045688e+12 -3.384026e+11 -5.422478e-01 -3.426638e-01 -7.671693e-01 0.000000e+00 1
-4.325465e+11 -1.470148e+12 2.144245e+11 -4.022688e-01 -4.428542e-01 8.012865e-01 0.000000e+00 1
9.933594e+10 -3.162071e+11 -1.588965e+12 -8.678499e-01 4.950921e-01 4.147711e-02 0.000000e+00 1
-1.353974e+11 -8.519366e+11 -3.016500e+11 9.639905e-01 -5.694307e-02 -2.597686e-01 0.000000e+00 1
3.299678e+11 -1.112206e+12 9.115945e+11 -2.132000e-01 7.661252e-01 -6.062986e-01 0.000000e+00 1
2.971697e+11 -4.577930e+11 7.741379e+11 3.575529e-01 -8.341169e-01 -4.200059e-01 0.000000e+00 1
7.307975e+11 -4.882324e+11 1.065858e+12 6.457505e-01 3.283238e-01 -6.893546e-01 0.000000e+00 1
4.718245e+11 -5.580761e+11 1.367219e+12 -4.042981e-01 -7.775073e-01 4.816902e-01 0.000000e+00 1
-4.172455e+11 2.677593e+11 7.619599e+11 5.649878e-01 3.399645e-01 7.518064e-01 0.000000e+00 1
-1.167117e+11 1.461145e+11 1.679556e+12 5.787324e-01 -7.339582e-01 -3.554915e-01 0.000000e+00 1
8.766893e+11 2.684775e+11 -8.381325e+11 1.396763e-01 -1.220869e-01 -9.826420e-01 0.000000e+00 1
-9.534292e+10 -5.756306e+11 1.540509e+12 -1.061425e-01 -4.083376e-01 9.066389e-01 0.000000e+00 1
-9.523665e+10 9.911188e+11 -9.524425e+11 -5.311962e-01 -3.446126e-01 -7.739979e-01 0.000000e+00 1
4.413064e+11 -1.493362e+12 -5.837559e+11 2.288874e-01 -3.378074e-01 9.129604e-01 0.000000e+00 1
5.873584e+11 -1.295148e+11 -8.584184e+11 -7.766045e-01 6.214492e-01 1.033749e-01 0.000000e+00 1
-1.364039e+12 1.370746e+11 -7.399732e+11 -4.816917e-01 -7.611821e-01 4.342520e-01 0.000000e+00 1
1.188554e+12 -7.126268e+11 -8.559660e+11 5.187656e-01 3.277261e-01 -7.896062e-01 0.000000e+00 1
2.122091e+11 3.121796e+11 1.429284e+12 1.031387e-01 -6.298544e-01 -7.698349e-01 0.000000e+00 1
-1.024652e+12 4.967924e+11 -8.553337e+11 5.663127e-01 4.961602e-01 6.581147e-01 0.000000e+00 1
8.070562e+10 -3.131725e+11 -3.014914e+11 -6.960457e-01 -6.721188e-01 -2.525406e-01 0.000000e+00 1
1.017096e+11 -2.096181e+10 6.653335e+11 3.972892e-01 -3.053098e-01 8.654174e-01 0.000000e+00 1
-6.000084e+11 4.957293e+11 -1.398157e+12 5.845191e-01 2.821729e-01 -7.607338e-01 0.000000e+00 1
1.371534e+11 -8.904610e+11 1.432396e+12 1.912161e-02 -1.670132e-01 9.857692e-01 0.000000e+00 1
-1.966364e+10 -4.731990e+11 -1.115325e+12 -3.915105e-01 9.116665e-01 -1.248346e-01 0.000000e+00 1
8.221309e+11 -8.908664e+11 8.201657e+11 -8.693864e-01 3.568534e-01 3.417936e-01 0.000000e+00 1
6.133366e+10 1.381024e+12 6.549680e+11 1.467201e-01 1.359826e-01 9.797867e-01 0.000000e+00 1
-5.353323e+11 -9.896124e+11 -2.262512e+11 7.322639e-02 -9.565750e-01 2.821386e-01 0.000000e+00 1
2.891219e+11 -3.558615e+11 1.067159e+12 3.666508e-01 7.468981e-01 5.547166e-01 0.000000e+00 1
-9.471676e+11 -2.289990e+11 -9.454714e+11 -2.618863e-01 -9.649239e-01 -1.836903e-02 0.000000e+00 1
-1.187660e+12 6.458716e+11 8.660688e+11 2.022451e-01 -8.822969e-01 4.250283e-01 0.000000e+00 1
1.183387e+12 7.197116e+11 -8.266522e+09 3.446427e-03 5.081255e-01 8.612762e-01 0.000000e+00 1
-5.777326e+11 -5.451265e+11 -1.135588e+11 2.835723e-01 9.572060e-01 -5.782279e-02 0.000000e+00 1
1.160912e+12 -4.226691e+11 -7.212602e+11 -6.690756e-01 5.323276e-01 -5.186185e-01 0.000000e+00 1
-1.117169e+12 1.018103e+12 -6.227239e+11 9.029903e-01 4.291338e-01 2.127685e-02 0.000000e+00 1
-9.294128e+11 2.051492e+11 3.463077e+10 -1.963647e-01 -5.936288e-01 7.804139e-01 0.000000e+00 1
-7.656397e+11 9.706915e+11 1.587547e+11 -2.342749e-01 6.763476e-01 -6.983332e-01 0.000000e+00 1
-3.158564e+11 1.521913e+12 3.148240e+11 5.806860e-01 8.600020e-02 8.095725e-01 0.000000e+00 1
9.054143e+11 7.147228e+11 1.172347e+12 1.016377e-01 9.161668e-01 3.876961e-01 0.000000e+00 1
-1.139388e+11 -1.395539e+12 -4.009774e+11 -8.733750e-01 -4.572274e-01 -1.678073e-01 0.000000e+00 1
-1.456625e+12 -7.658515e+10 -4.536367e+11 -2.038677e-01 8.708375e-01 -4.473030e-01 0.000000e+00 1
7.020354e+11 -1.368611e+12 3.350972e+11 -3.883584e-01 8.697287e-01 -3.045485e-01 0.000000e+00 1
2.453863e+11 -1.620619e+12 4.187438e+11 -8.140475e-01 -2.544316e-01 5.221026e-01 0.000000e+00 1
-5.518989e+11 4.247126e+09 -1.716385e+11 8.038102e-01 -3.704121e-01 -4.654933e-01 0.000000e+00 1
-1.038189e+12 -7.463866e+11 9.320494e+11 7.371367e-01 5.311172e-02 -6.736532e-01 0.000000e+00 1
8.598428e+11 -3.773957e+11 -1.294750e+12 -8.238848e-01 1.075664e-01 -5.564560e-01 0.000000e+00 1
-8.420547e+11 9.125784e+11 -8.688670e+11 3.403067e-01 7.602946e-01 5.533023e-01 0.000000e+00 1
8.101410e+11 -1.083260e+12 -6.102596e+11 1.669172e-01 7.559852e-01 -6.329495e-01 0.000000e+00 1
-3.859726e+11 -6.866656e+11 3.611095e+11 -7.345284e-01 3.326771e-01 5.914338e-01 0.000000e+00 1
-4.817412e+11 1.334572e+12 -8.703108e+11 5.743270e-01 -6.056942e-01 -5.507114e-01 0.000000e+00 1
-9.502777e+11 8.824471e+11 3.843578e+11 -9.472513e-01 1.369704e-01 2.897483e-01 0.000000e+00 1
-4.280485e+11 -1.400464e+12 2.508852e+11 -6.374210e-01 2.669453e-01 -7.227965e-01 0.000000e+00 1
-1.297528e+12 -2.634383e+11 -6.604204e+11 -4.160880e-01 4.065056e-02 9.084153e-01 0.000000e+00 1
4.915406e+11 1.332519e+12 5.370609e+11 1.074429e-01 -9.809544e-01 1.618163e-01 0.000000e+00 1
4.233055e+09 -1.742844e+11 -1.396857e+12 3.935690e-01 -2.857473e-02 -9.188509e-01 0.000000e+00 1
9.276804e+11 3.919589e+11 4.932977e+11 -6.848701e-01 -2.691040e-01 -6.771529e-01 0.000000e+00 1
5.303700e+11 1.363646e+12 8.614010e+09 -3.770182e-01 -7.949194e-01 4.753528e-01 0.000000e+00 1
-1.013724e+12 -4.429460e+11 -9.592655e+11 7.295655e-01 6.740654e-01 1.156292e-01 0.000000e+00 1
-1.922718e+11 -7.634171e+11 -6.448268e+11 7.167105e-01 -5.640678e-01 4.100652e-01 0.000000e+00 1
1.184377e+12 6.465168e+11 -4.287802e+11 -9.721649e-01 -1.289025e-01 -1.956516e-01 0.000000e+00 1
-8.164945e+11 1.102994e+12 -9.147902e+11 -2.008669e-01 6.078763e-01 7.682050e-01 0.000000e+00 1
-3.302118e+11 7.017747e+11 -1.030679e+12 -4.353509e-01 -3.800982e-02 -8.994581e-01 0.000000e+00 1
-7.177881e+11 4.807186e+11 6.760523e+11 -8.513640e-01 9.521201e-02 5.158625e-01 0.000000e+00 1
1.147079e+12 4.944973e+11 1.901255e+11 -6.697115e-01 -4.772527e-01 5.689608e-01 0.000000e+00 1
-1.882602e+11 4.961561e+11 8.980528e+10 6.399861e-01 7.479765e-01 1.759230e-01 0.000000e+00 1
-9.599684e+11 3.794357e+11 -1.033910e+12 4.790406e-01 2.631956e-01 -8.374056e-01 0.000000e+00 1
-2.802633e+11 5.103561e+11 -8.475977e+11 -6.474185e-01 6.520381e-01 -3.945828e-01 0.000000e+00 1
-6.734152e+11 -3.664457e+11 1.434729e+12 4.681770e-02 -6.102071e-01 7.908574e-01 0.000000e+00 1
-5.653672e+11 -3.628776e+11 6.099672e+11 6.533832e-01 6.481701e-01 3.911085e-01 0.000000e+00 1
8.637736e+11 1.025512e+11 1.240581e+12 -2.468252e-01 -9.579002e-01 1.466442e-01 0.000000e+00 1
-1.315660e+12 -1.414599e+11 3.765085e+11 7.092846e-01 -3.653292e-03 -7.049128e-01 0.000000e+00 1
-5.844238e+11 7.812641e+11 -3.436294e+11 -3.232464e-01 -5.949156e-02 9.444430e-01 0.000000e+00 1
2.792186e+11 5.792098e+11 1.040649e+12 1.976477e-01 -9.048131e-01 3.771587e-01 0.000000e+00 1
5.617371e+11 -6.160290e+11 -7.477193e+11 2.365202e-01 8.008913e-01 -5.501193e-01 0.000000e+00 1
-7.864701e+11 2.513610e+11 4.783290e+11 -3.615600e-01 9.312345e-01 4.557029e-02 0.000000e+00 1
-8.296408e+11 -1.823101e+11 1.270741e+12 -6.334916e-02 -4.170207e-01 -9.066866e-01 0.000000e+00 1
-2.885509e+11 6.390570e+11 5.032559e+11 8.876123e-01 3.376447e-01 3.132737e-01 0.000000e+00 1
-5.545736e+11 -7.032635e+11 -9.623581e+11 -9.488624e-02 9.490418e-01 -3.005267e-01 0.000000e+00 1
1.144690e+12 -3.764488e+11 5.518439e+11 -7.891248e-01 3.135354e-01 -5.281833e-01 0.000000e+00 1
9.179424e+11 -1.187958e+12 3.392391e+11 -5.745399e-01 5.284059e-02 8.167691e-01 0.000000e+00 1
6.869522e+11 2.685527e+11 1.458668e+12 3.053324e-01 -8.990248e-01 3.138894e-01 0.000000e+00 1
2.025124e+11 1.126766e+11 -9.353303e+11 -9.371105e-01 3.315526e-01 -1.090725e-01 0.000000e+00 1
9.289064e+11 -8.530410e+11 1.788604e+11 -6.237783e-01 -1.754640e-01 7.616515e-01 0.000000e+00 1
-4.099921e+11 4.663108e+11 9.230808e+11 -6.675921e-01 6.769951e-01 -3.098361e-01 0.000000e+00 1
-1.548070e+11 9.881923e+11 -8.152734e+11 2.526278e-01 9.093868e-01 -3.304465e-01 0.000000e+00 1
2.860260e+11 1.234687e+12 -6.759397e+11 4.011767e-01 -5.131495e-01 -7.587720e-01 0.000000e+00 1
2.347598e+11 -6.170510e+11 1.113077e+11 1.447088e-01 -9.482171e-01 2.827431e-01 0.000000e+00 1
-1.475032e+12 -3.423713e+11 4.604398e+11 -2.353121e-01 -5.476232e-01 8.029552e-01 0.000000e+00 1
-5.010860e+10 -5.315327e+11 -1.573970e+12 2.786502e-01 -9.224723e-01 2.672057e-01 0.000000e+00 1
-1.118554e+12 3.102365e+11 1.068825e+12 -4.886080e-01 4.933593e-01 -7.196241e-01 0.000000e+00 1
3.081950e+11 -1.429047e+12 6.073012e+11 1.582670e-01 2.740463e-01 9.486043e-01 0.000000e+00 1
-7.387047e+10 4.731837e+11 -5.812659e+11 -7.833682e-01 6.131692e-01 1.017736e-01 0.000000e+00 1
1.072853e+12 2.773976e+11 4.019609e+11 -2.273580e-01 -7.351716e-01 6.386165e-01 0.000000e+00 1
9.753525e+11 -2.257799e+11 7.330495e+11 8.618842e-01 4.847350e-01 1.489550e-01 0.000000e+00 1
-8.450202e+11 1.962664e+11 5.021091e+11 1.532037e-02 -9.323683e-01 3.611851e-01 0.000000e+00 1
7.136300e+11 6.204235e+11 3.154382e+11 -6.333001e-01 -1.547490e-03 -7.739048e-01 0.000000e+00 1
-3.105868e+11 -7.097733e+11 -6.734727e+11 4.514647e-01 -7.961644e-01 -4.028671e-01 0.000000e+00 1
-3.131344e+11 3.937195e+11 1.180905e+12 6.710946e-01 6.253848e-01 3.981530e-01 0.000000e+00 1
-3.508808e+11 1.364671e+12 4.621339e+11 -7.700378e-01 -4.273229e-02 -6.365656e-01 0.000000e+00 1
1.048581e+12 -3.095766e+11 7.234748e+11 -7.678084e-01 -4.845221e-01 -4.191761e-01 0.000000e+00 1
5.092486e+11 -1.288583e+12 4.876485e+11 3.518185e-01 -9.050950e-01 2.388029e-01 0.000000e+00 1
-5.622276e+10 2.711333e+11 3.754620e+11 7.556531e-01 2.114196e-01 -6.199114e-01 0.000000e+00 1
-6.408084e+11 -9.086223e+11 6.888584e+11 -3.290737e-01 3.639223e-01 -8.713616e-01 0.000000e+00 1
3.278287e+11 4.511450e+11 -5.090026e+11 3.458958e-01 -3.975033e-01 8.499102e-01 0.000000e+00 1
3.275384e+11 8.633637e+11 -1.087908e+12 5.162200e-01 5.820078e-01 -6.283182e-01 0.000000e+00 1
-7.479022e+11 -2.581471e+11 -6.603973e+11 5.547057e-01 -8.302568e-01 5.454523e-02 0.000000e+00 1
1.068662e+12 1.601330e+11 -3.485430e+11 -5.534379e-01 1.496512e-01 8.193357e-01 0.000000e+00 1
-1.545174e+12 -2.886015e+11 -1.271774e+11 5.714040e-01 -7.196678e-01 3.944309e-01 0.000000e+00 1
-8.929658e+11 -1.288681e+12 -4.855349e+11 1.040784e-01 3.986861e-01 -9.111625e-01 0.000000e+00 1
-6.217625e+11 -1.029113e+11 9.301461e+11 6.044953e-01 -7.524275e-01 -2.616071e-01 0.000000e+00 1
3.962496e+11 -1.087735e+12 2.966024e+11 9.422363e-01 -2.791067e-01 1.851760e-01 0.000000e+00 1
1.757290e+11 4.388784e+11 6.190376e+11 -2.061558e-01 -5.616760e-01 -8.012614e-01 0.000000e+00 1
5.881095e+11 -2.894605e+11 -1.411725e+12 -5.677805e-01 6.872955e-01 4.530455e-01 0.000000e+00 1
-1.566448e+12 1.099157e+11 5.967119e+11 -5.183530e-01 5.887211e-02 -8.531379e-01 0.000000e+00 1
-8.379336e+11 -1.115507e+12 1.458839e+11 -1.514385e-01 7.615129e-01 6.302099e-01 0.000000e+00 1
8.110090e+11 -1.260534e+12 -3.823802e+11 -9.643777e-01 1.179573e-01 2.367735e-01 0.000000e+00 1
-1.463662e+12 -3.174861e+11 -9.074050e+10 7.675271e-01 -6.398290e-01 3.899986e-02 0.000000e+00 1
8.339997e+11 -1.725145e+11 -1.127563e+12 7.197510e-01 -5.021841e-01 4.793430e-01 0.000000e+00 1
-1.342272e+12 4.253232e+11 1.687195e+11 9.818223e-01 1.890743e-01 -1.660890e-02 0.000000e+00 1
9.190940e+11 -1.061977e+12 -2.247994e+11 -4.520512e-01 8.577015e-01 -2.449445e-01 0.000000e+00 1
9.009952e+11 -1.478499e+11 -1.091243e+11 2.193366e-01 -4.758957e-01 -8.517129e-01 0.000000e+00 1
-1.923194e+11 -1.565274e+12 -1.493615e+11 2.450717e-01 4.354935e-01 -8.661901e-01 0.000000e+00 1
1.055386e+12 6.435082e+11 -8.757720e+11 4.991892e-01 8.226158e-01 -2.722377e-01 0.000000e+00 1
-6.185912e+11 -1.091625e+12 7.724958e+11 -2.691329e-01 8.952004e-01 3.552235e-01 0.000000e+00 1
-2.689851e+11 -1.456118e+12 -2.125040e+11 2.500900e-01 8.593387e-01 4.460852e-01 0.000000e+00 1
4.040186e+11 5.588687e+11 -1.390110e+12 4.714271e-01 -7.046864e-01 -5.302580e-01 0.000000e+00 1
1.332763e+12 -6.799479e+10 1.277334e+11 6.692421e-01 -2.038029e-01 7.145484e-01 0.000000e+00 1
1.557243e+12 -6.504413e+10 -1.944443e+11 8.693982e-01 -1.098711e-01 -4.817417e-01 0.000000e+00 1
-8.139553e+11 2.974289e+11 1.315312e+12 -8.807246e-01 2.984439e-01 3.677709e-01 0.000000e+00 1
-4.283473e+11 -1.212970e+11 1.277191e+12 -7.352217e-01 -1.590251e-01 -6.589082e-01 0.000000e+00 1
-1.147761e+12 6.844011e+11 7.488757e+11 7.333128e-01 -5.016171e-01 -4.589473e-01 0.000000e+00 1
2.657239e+11 1.859574e+11 -1.209375e+12 -1.830926e-01 -8.718192e-01 4.543219e-01 0.000000e+00 1
1.422487e+11 3.659728e+11 -7.273096e+11 -5.445538e-02 1.363161e-01 9.891676e-01 0.000000e+00 1
3.112032e+11 1.456004e+12 -2.904602e+11 -2.068754e-01 -6.374541e-01 7.421960e-01 0.000000e+00 1
-7.295713e+11 -8.771852e+11 -8.597668e+10 8.049811e-01 -5.281092e-01 -2.703814e-01 0.000000e+00 1
1.343423e+12 2.250196e+11 -2.192985e+11 -3.462857e-01 -8.544598e-02 -9.342297e-01 0.000000e+00 1
-1.706969e+10 7.424818e+11 -6.783348e+11 7.215506e-01 -5.728687e-01 -3.888267e-01 0.000000e+00 1
8.796060e+10 6.384439e+11 3.640779e+11 8.185499e-01 -5.669650e-01 -9.234069e-02 0.000000e+00 1
2.340002e+10 4.190365e+11 -6.815363e+11 1.475302e-01 -8.078153e-01 -5.706745e-01 0.000000e+00 1
-5.476875e+11 1.243079e+12 -7.919450e+10 3.280871e-01 -5.386526e-01 7.760234e-01 0.000000e+00 1
1.286439e+12 -5.626948e+11 -3.710147e+11 3.584734e-01 4.444638e-01 -8.209438e-01 0.000000e+00 1
3.508620e+11 -9.655873e+08 1.611533e+10 -6.808916e-01 7.320369e-01 -2.255137e-02 0.000000e+00 1
-8.042158e+11 1.660088e+11 1.317929e+12 -9.311621e-01 3.448576e-01 1.183656e-01 0.000000e+00 1
-1.202520e+12 6.835626e+11 2.203283e+11 -1.881956e-01 -6.213914e-01 -7.605624e-01 0.000000e+00 1
8.134901e+11 -3.048991e+11 -2.058405e+11 -6.224001e-01 4.182328e-01 6.615885e-01 0.000000e+00 1
1.217053e+12 -4.190168e+11 1.588892e+11 -3.874651e-01 8.083239e-01 4.432644e-01 0.000000e+00 1
-2.703469e+11 6.395293e+11 1.121742e+12 -5.566066e-01 -1.889081e-01 -8.090135e-01 0.000000e+00 1
9.791238e+11 2.445670e+11 -1.307037e+12 6.795826e-01 -5.158050e-01 -5.216442e-01 0.000000e+00 1
1.314140e+12 -6.762107e+11 7.268141e+11 3.345433e-01 1.153205e-01 9.352978e-01 0.000000e+00 1
-3.266268e+11 -2.348984e+11 -6.015806e+11 -9.590527e-01 -2.364478e-01 1.559179e-01 0.000000e+00 1
-7.543363e+10 -1.118905e+12 2.475514e+11 -2.963979e-01 4.501249e-01 -8.423395e-01 0.000000e+00 1
2.358549e+11 3.372892e+11 3.483734e+11 9.365910e-01 1.539126e-01 3.148145e-01 0.000000e+00 1
-3.998201e+11 -1.575238e+12 -4.015126e+11 8.934108e-01 -1.652761e-01 4.177331e-01 0.000000e+00 1
-1.469522e+12 -1.134746e+11 -4.766736e+11 -9.560286e-01 -1.362008e-01 2.597279e-01 0.000000e+00 1
-1.260901e+11 -4.091159e+11 1.244429e+12 5.313735e-01 -8.400757e-01 1.091565e-01 0.000000e+00 1
1.199890e+12 2.943739e+11 1.684992e+11 -9.820170e-01 1.489840e-02 -1.882039e-01 0.000000e+00 1
3.742595e+11 1.107467e+12 7.673741e+11 6.874352e-01 6.906225e-01 -2.246628e-01 0.000000e+00 1
7.890752e+11 1.757443e+11 8.821500e+11 6.388728e-01 -2.961336e-01 -7.100326e-01 0.000000e+00 1
-1.213378e+12 3.814039e+11 5.702267e+11 -6.712117e-01 6.778703e-01 2.999444e-01 0.000000e+00 1
5.205843e+11 -5.859336e+11 3.047273e+11 -6.788635e-01 7.304771e-01 7.448104e-02 0.000000e+00 1
4.135644e+11 6.946556e+10 1.557402e+12 4.573914e-01 8.891901e-01 1.157844e-02 0.000000e+00 1
2.899080e+11 5.012427e+11 -9.857283e+11 1.876615e-01 -9.822116e-01 -6.595523e-03 0.000000e+00 1
-3.547087e+11 6.190502e+11 8.624874e+11 -8.033669e-01 -5.473003e-01 2.346572e-01 0.000000e+00 1
-6.967942e+11 1.200159e+11 -6.916527e+11 -1.660766e-01 1.757018e-01 9.703337e-01 0.000000e+00 1
3.518361e+11 -1.308370e+12 -1.263321e+11 4.352446e-01 -7.961399e-01 -4.203848e-01 0.000000e+00 1
-1.044724e+11 -3.277695e+11 4.605245e+11 -5.939761e-01 -3.882545e-03 8.044733e-01 0.000000e+00 1
-3.713252e+11 -2.012060e+11 6.142062e+11 6.567253e-01 -3.144089e-01 -6.854625e-01 0.000000e+00 1
4.120983e+11 -4.959276e+11 9.346245e+11 -2.887834e-01 -4.527108e-01 -8.435977e-01 0.000000e+00 1
3.766531e+11 -2.610758e+11 2.222956e+11 6.282016e-01 -2.669937e-01 -7.308058e-01 0.000000e+00 1
-8.516312e+11 -2.369910e+11 6.599811e+11 -4.388397e-01 5.327256e-01 7.236181e-01 0.000000e+00 1
2.445202e+11 -6.864630e+11 -1.256283e+12 -9.967847e-01 -2.035124e-02 -7.749893e-02 0.000000e+00 1
-1.051800e+12 -4.218173e+11 3.560766e+11 3.794897e-01 1.055903e-01 -9.191508e-01 0.000000e+00 1
-1.336195e+12 2.544786e+11 -6.232381e+11 3.543154e-01 7.597799e-01 -5.451560e-01 0.000000e+00 1
-2.158389e+11 2.502875e+11 1.077272e+12 -7.352895e-01 2.269842e-01 -6.386138e-01 0.000000e+00 1
7.732574e+11 1.372107e+12 -1.612332e+11 -4.951281e-01 -8.685654e-01 -2.102967e-02 0.000000e+00 1
1.209013e+11 1.186408e+12 -1.174168e+12 6.822012e-01 -3.213679e-01 6.567528e-01 0.000000e+00 1
-3.801859e+11 2.875878e+11 -7.155037e+11 -7.132105e-01 2.899716e-01 6.381593e-01 0.000000e+00 1
-1.008843e+12 -7.914476e+11 -9.684724e+11 -4.422801e-01 -2.118891e-03 -8.968745e-01 0.000000e+00 1
-6.143969e+11 -7.838772e+11 -1.080591e+11 -4.754488e-01 7.983633e-01 -3.695463e-01 0.000000e+00 1
3.191876e+11 4.664942e+11 -1.222875e+12 9.810793e-01 -8.675252e-02 -1.730821e-01 0.000000e+00 1
3.659965e+11 -1.114576e+12 -4.806340e+11 3.535126e-01 -8.043424e-01 -4.775586e-01 0.000000e+00 1
2.932199e+10 6.535248e+11 5.873671e+11 3.112032e-01 7.119089e-01 6.295540e-01 0.000000e+00 1
8.549122e+11 1.192415e+12 1.558443e+11 2.909422e-01 8.955104e-01 -3.367697e-01 0.000000e+00 1
-8.168057e+11 3.509032e+11 -4.825808e+11 -2.562831e-01 9.288076e-01 -2.676478e-01 0.000000e+00 1
4.559680e+11 1.532522e+12 1.765048e+11 3.622790e-01 7.887789e-01 4.965700e-01 0.000000e+00 1
8.446449e+11 -1.117029e+12 6.649843e+11 2.873113e-01 8.843426e-01 3.679543e-01 0.000000e+00 1
-5.097097e+11 8.165852e+11 -1.204729e+11 -4.680352e-01 1.567602e-01 8.696950e-01 0.000000e+00 1
8.638519e+11 -2.217736e+11 -7.343481e+11 -3.541908e-01 -5.651088e-01 7.451180e-01 0.000000e+00 1
1.035021e+12 -3.460986e+11 6.907311e+11 2.151097e-01 3.719804e-01 9.029720e-01 0.000000e+00 1
3.452191e+11 -7.790283e+11 9.423199e+10 -7.109422e-01 1.369302e-01 6.897908e-01 0.000000e+00 1
-8.199736e+11 -1.100290e+12 -8.547723e+11 3.808831e-01 -3.423386e-01 8.589135e-01 0.000000e+00 1
1.436059e+12 -2.081852e+11 6.218686e+11 1.602699e-01 9.451638e-01 -2.845681e-01 0.000000e+00 1
-1.283629e+11 4.956094e+10 3.983328e+11 8.490940e-01 -4.657437e-01 2.492432e-01 0.000000e+00 1
-2.536383e+11 -7.911843e+11 -5.524560e+11 8.403316e-01 1.087868e-01 -5.310444e-01 0.000000e+00 1
-1.333157e+12 -5.432723e+11 -7.005080e+11 6.020503e-01 -5.179717e-01 -6.076518e-01 0.000000e+00 1
7.762446e+11 -7.939327e+11 1.807036e+11 1.254322e-01 9.567064e-01 -2.626396e-01 0.000000e+00 1
-6.442464e+11 1.160702e+11 -3.975429e+11 1.899344e-01 -5.364465e-01 8.222835e-01 0.000000e+00 1
-6.971592e+11 -1.185888e+12 4.247589e+11 -3.082746e-01 5.568057e-01 7.713197e-01 0.000000e+00 1
2.033756e+11 -1.444757e+12 1.471715e+11 -4.139237e-01 -2.384863e-01 8.785166e-01 0.000000e+00 1
-7.417399e+11 1.273148e+12 4.231478e+11 -7.502020e-01 -3.870601e-01 -5.360797e-01 0.000000e+00 1
-1.200689e+12 6.963541e+11 2.932434e+11 -7.951856e-01 -2.766615e-01 5.395723e-01 0.000000e+00 1
4.331575e+11 -1.358765e+12 -2.359933e+11 7.116089e-01 -5.948491e-01 3.738546e-01 0.000000e+00 1
8.604679e+11 -8.025019e+11 7.024162e+10 -7.457611e-01 -4.287759e-01 -5.098937e-01 0.000000e+00 1
7.764696e+11 2.924797e+11 5.885162e+10 -9.893565e-01 -1.455040e-01 1.539131e-03 0.000000e+00 1
-3.362893e+11 -7.705864e+11 1.085597e+11 -5.739381e-02 5.648534e-01 8.231929e-01 0.000000e+00 1
-6.317767e+11 9.999761e+11 2.182012e+11 -2.984140e-01 4.648031e-01 8.336109e-01 0.000000e+00 1
9.982215e+11 -6.166641e+11 -8.082867e+11 -9.623837e-01 2.683797e-01 -4.230665e-02 0.000000e+00 1
3.941535e+11 -1.372772e+12 -7.849807e+11 -8.515750e-01 1.231209e-01 -5.095696e-01 0.000000e+00 1
-6.665220e+11 1.294989e+11 3.578700e+11 1.309861e-02 5.447870e-01 8.384722e-01 0.000000e+00 1
1.320317e+11 9.500545e+11 1.349329e+12 -6.369322e-01 -6.133614e-01 -4.670173e-01 0.000000e+00 1
-5.765066e+10 -1.256536e+12 -5.467882e+11 -4.385998e-01 -3.946320e-01 8.074006e-01 0.000000e+00 1
9.624233e+11 -8.300246e+11 -5.248071e+11 -9.680945e-02 4.582874e-01 -8.835160e-01 0.000000e+00 1
2.782924e+11 -2.026998e+11 1.454517e+10 6.574973e-01 -5.389580e-01 -5.265183e-01 0.000000e+00 1
1.555430e+11 2.054972e+11 8.600166e+11 4.892087e-01 8.180325e-01 3.024858e-01 0.000000e+00 1
1.844991e+11 4.301951e+11 1.028889e+12 -1.596618e-01 9.500024e-01 2.683348e-01 0.000000e+00 1
6.948100e+11 -5.169965e+11 -4.732888e+11 -7.601074e-01 5.774140e-01 -2.980432e-01 0.000000e+00 1
5.004412e+11 4.664887e+11 1.331731e+12 9.315746e-02 9.791731e-01 -1.803931e-01 0.000000e+00 1
4.361603e+10 7.156490e+11 5.839210e+11 1.467686e-01 9.888792e-01 2.401940e-02 0.000000e+00 1
2.326593e+11 4.832732e+11 2.049935e+11 8.285390e-01 -1.513935e-01 -5.390761e-01 0.000000e+00 1
5.320623e+11 -2.932555e+11 -1.313014e+12 8.768441e-01 4.731688e-01 8.518107e-02 0.000000e+00 1
-6.383230e+11 -1.961202e+11 -9.129030e+11 -4.349120e-01 8.443429e-01 -3.129484e-01 0.000000e+00 1
-1.607457e+12 5.257437e+11 -1.035454e+11 8.638211e-01 -4.987529e-01 7.112425e-02 0.000000e+00 1
1.026560e+12 -9.996870e+11 -3.715852e+11 2.884561e-01 -9.372103e-01 1.960357e-01 0.000000e+00 1
-6.292886e+11 -7.515161e+11 -1.018440e+12 -9.632310e-01 -7.558323e-02 -2.578242e-01 0.000000e+00 1
1.364377e+12 -9.725149e+11 7.887378e+10 -5.455049e-01 7.234853e-01 4.230761e-01 0.000000e+00 1
8.610509e+11 7.760519e+11 -7.939734e+09 1.205375e-01 6.434048e-01 -7.559769e-01 0.000000e+00 1
3.352275e+11 1.243569e+12 -7.103710e+11 -4.222966e-01 -9.025558e-01 8.401545e-02 0.000000e+00 1
-1.737445e+11 -3.837892e+10 -1.478380e+12 5.973148e-01 6.286872e-01 4.979633e-01 0.000000e+00 1
-5.346150e+11 1.149186e+12 1.046586e+12 1.798962e-01 8.854673e-01 -4.284682e-01 0.000000e+00 1
-6.420480e+11 -2.063858e+11 -1.008406e+12 1.287091e-01 -9.336630e-01 3.342266e-01 0.000000e+00 1
1.711710e+11 -1.512735e+11 -9.902871e+10 8.934943e-01 -3.767662e-01 2.443671e-01 0.000000e+00 1
-1.039223e+10 -6.480528e+11 1.149726e+12 -9.812595e-01 1.850707e-01 -5.365240e-02 0.000000e+00 1
-1.481388e+11 1.178770e+12 1.154817e+12 6.352595e-01 -1.733094e-01 -7.526016e-01 0.000000e+00 1
-1.032312e+11 -6.691322e+11 -1.207897e+12 -7.986591e-02 2.777123e-01 -9.573387e-01 0.000000e+00 1
5.306117e+11 -8.225838e+11 -2.548640e+11 -9.868579e-02 -6.021383e-01 7.922692e-01 0.000000e+00 1
4.626455e+11 -9.403112e+11 1.183752e+12 -5.421674e-01 -6.659185e-01 -5.124520e-01 0.000000e+00 1
1.154926e+12 9.631808e+10 5.464084e+11 -6.221278e-01 -7.772349e-01 9.414349e-02 0.000000e+00 1
3.677740e+11 -1.259116e+12 -6.298805e+11 -9.212756e-01 2.709356e-01 -2.790074e-01 0.000000e+00 1
3.817983e+11 4.333068e+11 -4.603181e+11 4.101593e-01 -3.401376e-01 8.462126e-01 0.000000e+00 1
-1.054699e+12 6.087089e+11 -7.115626e+11 -4.473806e-01 -5.972045e-01 -6.657307e-01 0.000000e+00 1
-1.484204e+12 5.961483e+10 3.842043e+11 -1.724957e-01 -6.152495e-01 -7.692290e-01 0.000000e+00 1
3.471207e+11 2.268745e+11 9.347640e+11 4.216402e-02 9.619558e-01 2.699318e-01 0.000000e+00 1
1.306928e+12 -5.235180e+11 -3.411961e+11 -3.798723e-01 -8.126998e-01 4.418327e-01 0.000000e+00 1
5.138694e+11 -1.458717e+12 1.052021e+11 4.443034e-01 -7.700867e-01 4.577783e-01 0.000000e+00 1
1.078777e+12 8.306635e+11 7.211477e+11 -5.077019e-01 -6.527068e-01 5.623278e-01 0.000000e+00 1
-7.435445e+11 -8.052421e+11 -7.203078e+11 -2.797935e-01 4.488881e-01 8.486548e-01 0.000000e+00 1
-1.031995e+12 5.567074e+11 -1.156656e+12 -2.320539e-01 -4.946084e-01 8.375640e-01 0.000000e+00 1
8.210738e+11 -1.832091e+11 1.036602e+12 -3.916503e-01 -8.570383e-01 3.348064e-01 0.000000e+00 1
1.046489e+12 -2.825213e+11 -1.113299e+11 -1.890185e-01 1.310859e-01 9.731847e-01 0.000000e+00 1
-2.955624e+11 1.123828e+12 -1.962778e+11 8.438361e-01 1.068825e-01 5.258487e-01 0.000000e+00 1
-5.404878e+11 6.606230e+11 4.099449e+11 -8.213884e-01 -3.115389e-02 5.695178e-01 0.000000e+00 1
-1.960011e+11 -6.078620e+11 -8.950136e+09 -2.333727e-01 7.863979e-01 -5.719401e-01 0.000000e+00 1
4.764200e+11 2.695610e+11 3.445591e+11 2.293415e-01 9.696102e-01 8.519707e-02 0.000000e+00 1
-7.313679e+11 -2.255715e+11 7.662657e+11 -1.379854e-01 -5.266930e-01 8.387815e-01 0.000000e+00 1
-2.863749e+11 -9.115640e+11 -1.016907e+12 2.782622e-01 3.723028e-01 8.854156e-01 0.000000e+00 1
5.787323e+10 4.023215e+11 6.098525e+10 -9.949872e-01 -6.039889e-02 7.970260e-02 0.000000e+00 1
-4.077051e+11 -1.185633e+12 8.414215e+11 -4.869803e-01 -4.826243e-01 7.279588e-01 0.000000e+00 1
6.518220e+11 2.624313e+11 5.335214e+11 9.552854e-01 -1.751581e-01 -2.382213e-01 0.000000e+00 1
4.854780e+09 -8.765110e+10 -1.664605e+11 5.646212e-01 -7.900465e-01 -2.388085e-01 0.000000e+00 1
-1.978552e+11 -7.890937e+11 9.274940e+11 -5.685991e-01 -1.672838e-01 8.054261e-01 0.000000e+00 1
-1.411547e+10 -1.025745e+12 8.105742e+11 -5.702031e-01 -6.273178e-01 -5.304156e-01 0.000000e+00 1
-6.584652e+11 -1.178329e+12 -9.957138e+10 -1.700590e-01 9.343762e-01 3.130830e-01 0.000000e+00 1
1.308428e+12 8.996020e+11 2.081049e+11 3.692317e-01 9.057308e-01 -2.081337e-01 0.000000e+00 1
-9.945143e+11 4.145816e+11 2.478702e+10 6.511611e-01 7.435472e-01 1.520748e-01 0.000000e+00 1
-6.335837e+11 5.001162e+11 -1.476737e+12 9.977899e-01 -6.516440e-02 1.299455e-02 0.000000e+00 1
9.474964e+11 2.576320e+11 -1.377373e+12 5.492852e-01 -4.197104e-01 -7.225849e-01 0.000000e+00 1
-2.017347e+11 -1.081646e+12 7.950857e+11 -3.591397e-02 -5.867395e-03 -9.993377e-01 0.000000e+00 1
9.333065e+11 1.132916e+12 -9.630076e+10 -6.813717e-01 -7.193214e-01 1.353117e-01 0.000000e+00 1
-1.084918e+12 -6.823602e+11 -4.591831e+11 8.157490e-01 -3.587771e-02 -5.772923e-01 0.000000e+00 1
1.152751e+12 1.015338e+12 -4.341880e+11 9.549595e-01 -2.826847e-01 -9.023204e-02 0.000000e+00 1
-2.551045e+11 -7.512718e+11 -5.002255e+11 5.107976e-02 -9.965857e-01 6.486705e-02 0.000000e+00 1
8.356159e+11 -2.737051e+11 4.454449e+11 2.423403e-01 9.177824e-01 -3.145580e-01 0.000000e+00 1
7.912885e+11 -2.088503e+11 9.724861e+11 8.825916e-01 -2.685724e-01 3.858768e-01 0.000000e+00 1
-7.714031e+11 9.360606e+11 1.063020e+12 -2.847582e-01 -6.616948e-01 -6.935941e-01 0.000000e+00 1
-6.135520e+11 -4.382321e+11 -6.560276e+11 5.088912e-01 3.521865e-01 7.854899e-01 0.000000e+00 1
7.473864e+11 -5.564701e+10 -1.329940e+11 -1.894655e-01 -1.848276e-01 -9.643348e-01 0.000000e+00 1
-2.382789e+10 1.134558e+12 1.176878e+12 9.373410e-01 -1.807524e-02 -3.479441e-01 0.000000e+00 1
2.336077e+11 3.523758e+11 -1.583966e+12 -1.603970e-01 7.592876e-01 -6.306783e-01 0.000000e+00 1
5.808935e+11 5.936114e+11 9.518495e+11 -2.918678e-01 -5.019057e-01 8.141891e-01 0.000000e+00 1
1.159310e+12 8.430555e+11 6.357866e+11 -3.852023e-02 -9.744553e-01 -2.212533e-01 0.000000e+00 1
5.602918e+10 1.133332e+12 -7.093980e+11 8.807983e-01 4.691221e-01 -6.417811e-02 0.000000e+00 1
5.214759e+11 -5.669589e+11 -1.238715e+12 3.816669e-01 -9.222230e-01 6.192740e-02 0.000000e+00 1
-2.889576e+11 7.658264e+11 -8.951341e+11 2.926542e-02 4.329420e-01 -9.009466e-01 0.000000e+00 1
-1.543384e+10 -8.328774e+11 4.805632e+11 5.303628e-01 1.790579e-01 -8.286456e-01 0.000000e+00 1
6.406547e+11 -2.248431e+11 1.354408e+12 5.512573e-01 6.857116e-02 -8.315127e-01 0.000000e+00 1
1.013243e+11 8.297482e+11 1.364378e+12 3.291461e-01 -4.483232e-01 -8.310651e-01 0.000000e+00 1
1.118697e+12 8.907845e+11 5.917239e+11 -3.653102e-01 -9.174429e-01 -1.576291e-01 0.000000e+00 1
-4.860211e+10 -6.481990e+10 1.801673e+11 -8.085544e-01 -5.614978e-01 1.759546e-01 0.000000e+00 1
-4.875850e+09 -1.649471e+10 -3.647991e+11 5.050325e-01 8.380866e-01 -2.062837e-01 0.000000e+00 1
-8.163392e+11 -2.255263e+11 1.395403e+12 1.449708e-01 -9.792758e-01 -1.414296e-01 0.000000e+00 1
-1.294082e+11 6.799946e+10 -3.372436e+11 -3.568498e-01 -8.954997e-01 -2.659671e-01 0.000000e+00 1
-6.631575e+11 -1.263902e+12 5.153583e+11 5.348250e-02 -5.989896e-01 7.989688e-01 0.000000e+00 1
-5.074219e+11 9.171630e+11 -3.975459e+11 -5.748576e-01 8.173083e-01 3.931713e-02 0.000000e+00 1
5.148584e+11 -5.339414e+11 -3.695143e+11 9.728091e-01 1.345260e-01 1.885341e-01 0.000000e+00 1
-1.581084e+11 -1.276505e+12 2.031790e+09 3.273976e-01 -9.011422e-01 2.841717e-01 0.000000e+00 1
1.072199e+12 1.106735e+12 -2.451927e+11 -2.192611e-01 8.476308e-01 -4.831631e-01 0.000000e+00 1
-3.703554e+11 4.194089e+10 8.255589e+11 8.183005e-01 -5.483852e-01 1.722147e-01 0.000000e+00 1
-1.734833e+11 -1.371742e+12 -3.880049e+11 -2.036479e-01 9.685997e-01 1.426260e-01 0.000000e+00 1
1.131637e+12 -2.220194e+11 -3.777429e+11 -6.877804e-02 9.615705e-01 2.658039e-01 0.000000e+00 1
-1.600377e+12 1.217426e+11 3.273619e+11 9.270428e-01 -3.743493e-01 -2.131225e-02 0.000000e+00 1
1.058396e+12 7.582361e+11 -9.868229e+11 -6.747608e-01 -6.841292e-01 -2.768848e-01 0.000000e+00 1
-1.068587e+11 1.537387e+12 -1.092073e+11 3.888958e-01 -3.048130e-01 8.693958e-01 0.000000e+00 1
-1.352832e+12 6.309014e+11 -3.952831e+11 -2.891079e-01 9.567563e-01 -3.215641e-02 0.000000e+00 1
9.550330e+11 6.906203e+11 7.978322e+11 2.715533e-01 -4.246121e-01 8.636917e-01 0.000000e+00 1
-2.526102e+11 -1.219734e+12 6.757316e+11 5.492955e-01 5.448398e-01 -6.335804e-01 0.000000e+00 1
3.937190e+11 -1.474018e+12 -1.752762e+11 -6.046027e-01 4.645319e-01 -6.470438e-01 0.000000e+00 1
6.574593e+11 -1.335564e+12 -1.818893e+11 -4.389101e-01 -8.759222e-01 -2.002952e-01 0.000000e+00 1
-1.324465e+11 2.136191e+10 7.950284e+11 -8.526826e-01 -2.074702e-01 4.794668e-01 0.000000e+00 1
3.356227e+11 8.137844e+11 8.621760e+11 7.352223e-01 -1.560431e-01 -6.596201e-01 0.000000e+00 1
-4.268266e+11 -8.697203e+11 1.177086e+12 -7.360731e-01 4.651540e-01 4.917602e-01 0.000000e+00 1
1.289201e+10 2.337025e+11 -3.119568e+11 -3.215055e-01 -8.255208e-01 4.638423e-01 0.000000e+00 1
9.370957e+11 2.514832e+10 -6.363015e+10 3.352406e-01 8.848324e-01 -3.235512e-01 0.000000e+00 1
8.703026e+11 -1.016582e+11 -1.391442e+12 5.004858e-01 4.824388e-01 -7.188649e-01 0.000000e+00 1
-9.614865e+11 -8.263273e+11 3.676776e+11 6.390548e-01 -7.628099e-01 -9.864110e-02 0.000000e+00 1
-2.208683e+11 1.460205e+12 -8.941228e+10 9.566651e-01 9.153277e-02 2.764303e-01 0.000000e+00 1
-1.269154e+12 1.037205e+12 1.951717e+11 1.556017e-01 -7.956590e-01 -5.854185e-01 0.000000e+00 1
8.197121e+11 -9.746335e+11 6.210851e+11 -7.692145e-01 5.135439e-01 -3.802390e-01 0.000000e+00 1
-1.609309e+11 9.343831e+11 1.281101e+12 -1.424565e-01 -7.000614e-01 -6.997286e-01 0.000000e+00 1
-2.623224e+11 -7.371774e+11 -5.825506e+11 5.937507e-01 -7.358808e-01 -3.254835e-01 0.000000e+00 1
-9.175478e+11 -6.757197e+11 1.153955e+12 -3.009137e-02 2.527470e-01 9.670643e-01 0.000000e+00 1
-7.208223e+11 -8.513401e+11 9.857956e+11 6.361023e-01 -7.016407e-01 -3.210518e-01 0.000000e+00 1
-6.583120e+11 -5.732969e+11 2.142430e+11 -6.397307e-01 5.694400e-01 5.162197e-01 0.000000e+00 1
1.290119e+11 3.226630e+11 2.912794e+11 -7.432768e-01 4.783699e-01 -4.676557e-01 0.000000e+00 1
-7.239155e+11 7.967893e+10 5.206277e+11 -5.812011e-01 -7.118310e-01 3.943374e-01 0.000000e+00 1
1.546963e+12 3.233144e+11 4.901344e+11 2.797291e-01 6.637121e-01 6.937131e-01 0.000000e+00 1
-8.764834e+10 9.524035e+11 -1.313461e+11 -6.571725e-01 6.369351e-01 4.030359e-01 0.000000e+00 1
-1.105019e+12 -6.472952e+11 -6.161771e+11 -6.105020e-01 -5.455915e-01 5.741230e-01 0.000000e+00 1
9.602466e+11 -2.553370e+11 6.696920e+11 -4.579845e-01 -7.549937e-01 -4.692918e-01 0.000000e+00 1
1.333215e+12 -1.407062e+11 4.943481e+11 -5.427862e-01 6.573950e-01 -5.226997e-01 0.000000e+00 1
1.367302e+12 9.804346e+10 -2.624078e+11 7.196987e-01 -6.489424e-01 2.467948e-01 0.000000e+00 1
6.470965e+11 3.702619e+11 -7.269139e+11 -1.897309e-02 -4.217209e-01 9.065272e-01 0.000000e+00 1
-1.140832e+12 -1.154495e+12 2.548881e+11 2.249647e-01 -5.978847e-01 -7.693665e-01 0.000000e+00 1
-8.218674e+11 1.411158e+12 -3.787646e+11 -3.971352e-01 -4.955476e-01 -7.724741e-01 0.000000e+00 1
9.207011e+10 -1.452063e+12 -7.951897e+11 7.102300e-01 5.293288e-01 4.640951e-01 0.000000e+00 1
-1.075293e+12 1.794078e+11 4.273674e+11 -1.583914e-01 3.316915e-01 -9.299962e-01 0.000000e+00 1
1.170451e+12 4.119558e+11 -1.377657e+11 -5.729735e-01 5.535008e-01 6.044321e-01 0.000000e+00 1
-9.328330e+10 -1.006577e+10 2.099838e+11 9.077026e-01 -1.034229e-01 4.066690e-01 0.000000e+00 1
-9.498797e+11 -1.848292e+11 -7.601432e+11 4.993112e-01 8.371218e-01 2.234175e-01 0.000000e+00 1
-1.924800e+11 8.417597e+11 1.111537e+12 2.207709e-01 1.429605e-01 9.647914e-01 0.000000e+00 1
1.521755e+11 -1.363343e+10 1.311678e+12 -5.423098e-01 4.973672e-02 8.387052e-01 0.000000e+00 1
1.318333e+12 3.181730e+11 -2.087306e+11 -8.427161e-01 1.274549e-02 5.382074e-01 0.000000e+00 1
-1.909477e+11 6.253696e+11 -7.667324e+11 3.138471e-01 9.012575e-01 -2.987222e-01 0.000000e+00 1
6.873367e+11 3.748851e+11 -4.829580e+11 -8.357553e-01 -2.036850e-02 -5.487242e-01 0.000000e+00 1
9.280912e+11 3.070351e+11 -1.166780e+12 8.398375e-01 5.361507e-01 8.494362e-02 0.000000e+00 1
-2.548991e+11 7.441500e+11 -7.814805e+11 -2.978104e-01 -9.445041e-01 -1.386396e-01 0.000000e+00 1
-3.675969e+11 5.754719e+11 -1.235115e+12 3.827642e-02 -9.237962e-01 3.809664e-01 0.000000e+00 1
-1.332290e+12 -4.799073e+11 5.619193e+10 -8.373524e-01 -5.454445e-01 -3.648714e-02 0.000000e+00 1
1.096708e+11 1.673379e+11 8.781076e+11 9.663826e-01 1.514116e-01 -2.077959e-01 0.000000e+00 1
-6.984847e+11 1.268022e+12 5.520472e+11 1.670800e-01 -3.228158e-01 9.315977e-01 0.000000e+00 1
3.597356e+11 -1.430560e+12 7.248980e+11 -4.066457e-01 -3.066692e-01 -8.605773e-01 0.000000e+00 1
7.762327e+11 1.213203e+12 5.682467e+11 5.637087e-01 -8.245417e-01 -4.861564e-02 0.000000e+00 1
1.059899e+12 2.546933e+11 7.660294e+11 -7.962246e-01 -5.735698e-01 -1.924683e-01 0.000000e+00 1
2.497542e+11 -1.191714e+12 1.162262e+11 5.942456e-01 6.477304e-01 -4.767782e-01 0.000000e+00 1
9.012541e+11 7.934962e+11 1.157329e+12 -4.828281e-01 8.661967e-01 1.287643e-01 0.000000e+00 1
-6.734068e+11 -2.485890e+11 -2.447392e+11 -6.640136e-01 7.222436e-01 -1.935202e-01 0.000000e+00 1
3.486717e+11 9.461237e+11 -5.899141e+11 -8.309612e-01 5.121154e-01 2.173505e-01 0.000000e+00 1
-1.266913e+12 -7.136003e+11 2.018013e+11 8.479323e-01 2.561826e-01 4.640918e-01 0.000000e+00 1
-6.278469e+11 2.454935e+11 -1.115418e+12 -4.572579e-01 3.415054e-01 -8.211512e-01 0.000000e+00 1
9.878792e+10 5.195309e+11 7.855609e+11 -9.416288e-01 8.634335e-02 -3.253921e-01 0.000000e+00 1
1.184532e+12 -2.151020e+11 6.717652e+11 -2.442916e-01 9.462389e-01 2.120227e-01 0.000000e+00 1
5.091761e+10 -1.483944e+12 -5.360968e+11 8.347537e-01 3.512147e-01 -4.240689e-01 0.000000e+00 1
-4.412970e+11 -1.368486e+12 4.715146e+10 6.502227e-01 -2.298973e-01 -7.241255e-01 0.000000e+00 1
-6.629122e+11 6.748234e+10 -5.272743e+11 1.166363e-01 -3.222175e-01 9.394530e-01 0.000000e+00 1
-1.381778e+12 -6.670128e+11 3.434274e+11 1.143937e-02 -1.831067e-01 -9.830265e-01 0.000000e+00 1
1.336216e+11 8.113449e+11 -1.082670e+12 -5.008643e-01 -3.451463e-03 8.655189e-01 0.000000e+00 1
1.022459e+12 8.286679e+11 -6.492146e+10 4.349308e-01 6.976727e-01 -5.692873e-01 0.000000e+00 1
5.464244e+11 1.062901e+12 -5.894623e+11 2.391906e-01 4.313805e-01 -8.698843e-01 0.000000e+00 1
1.176907e+12 -3.107850e+11 9.987477e+10 -7.830656e-01 -5.315545e-01 -3.228902e-01 0.000000e+00 1
9.653732e+11 -9.564499e+11 -1.516960e+11 2.351247e-01 5.568308e-02 9.703689e-01 0.000000e+00 1
6.665288e+11 2.901549e+11 -1.548561e+11 2.068514e-01 -9.685688e-01 1.381557e-01 0.000000e+00 1
7.658203e+11 -1.055427e+12 -2.588985e+11 6.735455e-02 -9.931050e-01 -9.594712e-02 0.000000e+00 1
-6.282735e+11 -3.333569e+11 5.562882e+11 -7.106383e-01 -5.870825e-01 3.877206e-01 0.000000e+00 1
3.956992e+11 -7.347775e+11 -2.957012e+11 7.771500e-02 -2.424962e-01 9.670346e-01 0.000000e+00 1
3.181953e+11 -4.433682e+11 1.284839e+12 5.647947e-01 8.250348e-01 -1.801578e-02 0.000000e+00 1
-6.343593e+11 7.697958e+11 -3.939523e+11 3.718424e-01 1.182671e-01 9.207313e-01 0.000000e+00 1
5.241199e+10 -1.008027e+11 1.671975e+12 -8.489567e-01 8.380418e-02 5.217752e-01 0.000000e+00 1
2.686173e+11 1.476558e+12 2.923548e+11 -8.569850e-01 2.048297e-01 -4.728864e-01 0.000000e+00 1
-9.916008e+11 -7.945014e+11 -1.090272e+12 -1.366083e-01 3.987511e-01 9.068273e-01 0.000000e+00 1
6.819599e+11 -6.912735e+11 -9.512842e+11 -7.060086e-01 -4.159630e-01 5.731724e-01 0.000000e+00 1
6.606585e+11 4.089245e+11 1.371490e+12 -1.601582e-01 2.992948e-01 -9.406232e-01 0.000000e+00 1
-1.148271e+12 5.264295e+11 2.055437e+11 6.678427e-01 1.399996e-01 7.310173e-01 0.000000e+00 1
-7.467262e+11 -1.675792e+11 -8.527703e+11 5.430622e-01 8.036341e-01 -2.434249e-01 0.000000e+00 1
8.220032e+11 -1.160016e+12 6.611480e+11 9.684627e-01 2.335001e-01 8.693537e-02 0.000000e+00 1
8.206157e+11 4.947598e+11 1.341358e+12 -6.779712e-01 -3.600509e-01 -6.408731e-01 0.000000e+00 1
1.358745e+12 3.858002e+11 4.263186e+11 -5.186454e-01 8.548704e-01 -1.426659e-02 0.000000e+00 1
1.237064e+12 1.241586e+11 -6.367233e+11 5.785725e-01 5.183265e-01 6.297551e-01 0.000000e+00 1
-8.026419e+10 6.185955e+11 -1.003705e+12 2.018742e-01 -1.548715e-01 9.670893e-01 0.000000e+00 1
-1.632516e+12 -1.275693e+11 8.092762e+10 -5.160356e-01 -7.493167e-01 -4.150081e-01 0.000000e+00 1
-2.477329e+11 -1.126224e+12 2.065142e+11 7.153050e-01 -6.553500e-01 -2.426008e-01 0.000000e+00 1
1.456956e+11 -8.531140e+09 -6.333900e+11 2.912012e-01 9.377372e-01 -1.893432e-01 0.000000e+00 1
9.909408e+11 -5.422465e+11 -4.081965e+11 -7.762866e-02 -4.213937e-01 -9.035492e-01 0.000000e+00 1
-1.886480e+11 6.926360e+11 1.395670e+12 1.131459e-01 -7.226041e-01 -6.819394e-01 0.000000e+00 1
-8.262018e+11 2.436294e+11 -1.158481e+12 9.449908e-01 -2.783885e-01 1.717330e-01 0.000000e+00 1
1.323162e+12 -5.505169e+09 5.430043e+11 1.435379e-01 9.271074e-01 3.462206e-01 0.000000e+00 1
4.896632e+11 -4.946417e+11 -5.056844e+11 8.883953e-01 1.574062e-02 4.588094e-01 0.000000e+00 1
8.641483e+11 8.502644e+11 2.404275e+11 -5.946103e-02 8.445512e-01 -5.321633e-01 0.000000e+00 1
8.672480e+11 -7.101594e+11 -3.421441e+11 -5.774559e-01 -6.580145e-01 4.832821e-01 0.000000e+00 1
-6.287740e+11 5.643294e+11 7.566011e+11 1.467661e-01 -4.725534e-01 8.689954e-01 0.000000e+00 1
4.014856e+11 5.800095e+11 1.119898e+12 6.397872e-01 -7.614506e-01 -1.042369e-01 0.000000e+00 1
-5.339147e+11 -6.726813e+11 -1.028260e+12 -9.971756e-01 5.777272e-02 4.799104e-02 0.000000e+00 1
1.043611e+12 -3.677635e+11 -1.152207e+12 -5.509854e-01 -7.890061e-01 2.718169e-01 0.000000e+00 1
-6.940732e+11 1.102390e+12 3.509479e+11 -5.376053e-01 -8.285338e-01 1.565638e-01 0.000000e+00 1
-1.527071e+11 -1.132459e+12 -8.660579e+11 1.959088e-02 8.289850e-01 5.589276e-01 0.000000e+00 1
4.947013e+11 5.314679e+11 1.414776e+11 6.533393e-01 -7.499018e-01 1.038992e-01 0.000000e+00 1
1.072821e+12 -2.464107e+11 7.217132e+11 -7.184910e-01 4.609337e-01 -5.208751e-01 0.000000e+00 1
1.403801e+12 -9.177418e+11 -3.783675e+10 -3.022778e-01 -9.365124e-01 1.776872e-01 0.000000e+00 1
4.687829e+11 1.376000e+11 -8.617728e+11 -3.339761e-01 8.402830e-01 -4.270650e-01 0.000000e+00 1
-2.116403e+11 -9.649219e+10 4.501560e+11 -8.125602e-01 -5.392725e-01 2.212038e-01 0.000000e+00 1
-6.198875e+11 1.697998e+11 -7.726839e+11 -5.254968e-01 -2.673585e-01 -8.076958e-01 0.000000e+00 1
-1.071585e+12 3.934332e+11 -3.763922e+11 -7.978055e-01 -3.270305e-01 5.065150e-01 0.000000e+00 1
-8.173302e+10 1.380637e+12 -7.624183e+11 -1.373131e-01 9.229092e-01 3.596996e-01 0.000000e+00 1
