# 781 1.000000e+05 1.000000e+04 0.000000e+00 1.000000e+00 5.000000e-01
-2.449007e+13 -7.152195e+12 1.566157e+13 -8.032477e-01 -2.426392e-01 5.439847e-01 -8.613597e+00 0 1
1.734153e+12 -1.790448e+12 2.799021e+11 8.536420e-01 -5.032021e-01 1.344733e-01 -1.351182e-01 0 1
-2.553850e+10 2.369057e+12 -5.208961e+12 -1.774193e-01 5.855314e-01 -7.909964e-01 -6.686531e+00 0 1
2.879044e+11 1.954479e+12 -6.394908e+11 6.963755e-01 6.661008e-01 -2.671532e-01 -1.601498e+01 0 2
-2.253199e+11 -2.186355e+12 -1.673496e+12 -2.925327e-01 -5.529832e-01 -7.801501e-01 2.196293e-01 0 1
9.860088e+11 2.727324e+12 -6.949631e+11 3.293579e-01 7.751625e-01 -5.391163e-01 -4.580699e+00 0 145543
4.607685e+11 1.314092e+12 1.072311e+12 -9.082561e-02 9.871315e-01 1.316134e-01 1.069102e+00 0 13861
-2.782538e+12 2.869330e+12 -4.258680e+12 -6.399927e-01 5.058532e-01 -5.783787e-01 9.704307e+00 0 26625
8.867724e+12 1.829381e+12 6.113855e+12 8.554772e-01 2.123207e-01 4.723120e-01 1.544092e+01 0 2
1.745648e+12 2.356312e+11 -1.521172e+11 4.947125e-01 7.398775e-01 4.558956e-01 1.383170e+01 0 156037
-3.066930e+12 -4.623233e+12 -4.095017e+12 -4.197453e-01 -4.986993e-01 -7.583619e-01 6.777489e+00 0 1
-1.319431e+12 -1.356084e+12 9.029406e+11 -9.202385e-01 -3.273893e-01 2.144235e-01 -3.863673e+00 0 2
-4.099400e+11 1.387678e+12 1.162098e+12 -3.526596e-01 7.396405e-01 5.732043e-01 5.847538e+00 0 28893
-1.894132e+12 6.913647e+10 -2.170971e+12 -7.288298e-01 -3.321360e-01 -5.987426e-01 1.008718e+01 0 212436
-2.442219e+12 -1.037482e+12 -2.113303e+12 -8.111475e-01 4.678953e-02 -5.829669e-01 -6.991422e-01 0 1
-1.020978e+12 -4.355384e+11 1.282852e+12 -3.118396e-01 -3.173310e-01 8.955764e-01 1.441079e+00 0 304269
-7.490306e+11 7.362433e+11 -1.659016e+12 -7.931048e-01 -1.483656e-01 -5.907388e-01 1.075503e+01 0 1
-7.820220e+11 1.121029e+12 -1.176458e+12 -9.968024e-01 -7.306205e-02 3.235544e-02 1.014883e+01 0 9421
3.213061e+10 -1.515579e+12 -1.056724e+12 -1.361213e-01 -6.697229e-01 -7.300290e-01 -5.484169e+00 0 243751
-1.440558e+12 5.856268e+11 -6.989844e+11 -7.155257e-01 -9.961238e-02 -6.914481e-01 6.866735e+00 0 169760
7.693423e+11 1.587721e+12 4.771482e+11 5.272234e-01 8.005894e-01 2.847666e-01 -8.413115e+00 0 87784
-5.630416e+11 -1.465630e+11 -1.700255e+12 4.121982e-02 -4.726158e-01 -8.803041e-01 2.247569e-01 0 28485
5.500246e+11 1.163533e+12 1.124330e+12 4.981449e-01 5.230926e-02 8.655145e-01 -2.819602e+00 0 145130
-1.957038e+12 5.753652e+11 -8.217882e+10 -8.855520e-01 4.376897e-01 1.556451e-01 -6.696753e+00 0 107984
2.150829e+12 -2.554851e+11 -5.049988e+11 5.843483e-01 -3.271825e-01 -7.426229e-01 2.161821e+00 0 3
1.357690e+12 2.051444e+12 1.650973e+12 6.450343e-01 2.975480e-01 7.038437e-01 -4.528106e+00 0 34780
-4.415343e+11 5.510758e+11 -2.130329e+12 5.859569e-02 3.341700e-01 -9.406896e-01 6.585677e+00 0 2
4.202586e+12 1.082335e+12 1.856566e+12 8.637647e-01 2.147713e-01 4.558331e-01 8.568758e+00 0 1
-7.219833e+12 5.153769e+12 4.309331e+12 -7.151376e-01 5.000759e-01 4.883670e-01 1.312265e+01 0 1
2.527350e+12 1.617293e+12 2.711923e+12 5.638386e-01 2.999949e-01 7.694732e-01 -7.029787e+00 0 69637
2.856782e+12 -4.883972e+11 -8.396384e+11 8.323946e-01 2.916908e-03 -5.541757e-01 7.761595e+00 0 168856
-4.062706e+11 -2.364444e+12 1.970394e+12 -5.395838e-01 -7.307435e-01 4.181666e-01 -1.245661e+01 0 1
4.454354e+12 3.118794e+12 4.953132e+12 5.267593e-01 5.123598e-01 6.782419e-01 -8.601785e-01 0 2
1.058979e+12 1.368088e+12 5.324373e+10 8.026584e-01 5.897129e-01 -8.932057e-02 -3.866341e+00 0 270124
-2.317816e+12 -7.850032e+11 -5.960277e+11 -6.736086e-01 -7.339862e-01 -8.669325e-02 6.221433e+00 0 1
1.549324e+12 6.308844e+12 9.200539e+12 7.040198e-02 6.324698e-01 7.713789e-01 -3.530440e-01 0 110945
6.012610e+12 9.398629e+11 -2.630569e+12 8.942087e-01 6.696060e-02 -4.426139e-01 2.514157e-02 0 1950
-3.206698e+12 9.628222e+11 1.994641e+11 -9.884505e-01 -1.110030e-01 -1.031697e-01 1.659667e+01 0 3
-3.878105e+11 1.418460e+11 2.004123e+12 -3.478600e-01 -2.856202e-01 8.929807e-01 -5.396492e+00 0 24913
1.758957e+12 5.841992e+10 2.143174e+12 8.545679e-01 -6.457782e-02 5.153090e-01 1.169466e+00 0 24895
2.186362e+12 -2.157844e+12 -1.515643e+12 5.366356e-01 -8.217038e-01 -1.918988e-01 -9.596622e+00 0 7412
-6.109600e+11 2.774471e+11 -1.689612e+12 -6.144825e-02 -1.312873e-01 -9.894381e-01 6.386433e+00 0 2
-7.298821e+11 -7.697336e+10 -1.886503e+12 -4.297117e-01 -2.247115e-01 -8.745585e-01 6.108316e+00 0 101245
7.500366e+11 7.422897e+11 -1.327856e+12 9.200989e-01 1.114732e-01 -3.754887e-01 -5.811564e+00 0 52435
1.138183e+12 -1.373790e+12 -3.381409e+11 4.686360e-01 -5.647849e-01 6.792630e-01 -4.488743e+00 0 53718
-1.977889e+12 8.251818e+11 5.372984e+11 -3.684618e-01 9.258918e-01 8.342838e-02 -1.816661e+01 0 54599
1.632958e+12 3.909750e+11 2.752493e+11 7.139492e-01 -5.897486e-01 3.774562e-01 -5.756379e+00 0 1
6.801584e+11 -1.064829e+12 -1.514643e+12 -3.662065e-01 -4.633099e-01 -8.069924e-01 -9.001590e+00 0 97441
1.166190e+12 1.907282e+11 -1.222576e+12 5.186138e-01 5.983332e-01 -6.107677e-01 8.248255e+00 0 214278
1.485059e+12 2.655153e+11 -1.358598e+12 5.200661e-01 2.690784e-01 -8.106344e-01 -5.840166e+00 0 1
1.753111e+12 -7.575863e+11 -9.805206e+11 7.354035e-01 -6.160109e-01 -2.823337e-01 -8.976919e-01 0 17015
5.149912e+12 -9.824143e+12 -1.748874e+13 2.023594e-01 -4.820326e-01 -8.524642e-01 3.988046e+00 0 1
1.251510e+12 1.991871e+11 -1.154547e+12 8.952375e-01 4.435481e-01 -4.260258e-02 5.324318e+00 0 58388
1.548320e+11 -1.982087e+12 7.122062e+12 4.003135e-02 -4.188454e-01 9.071747e-01 8.224482e+00 0 3
-2.839710e+11 1.859233e+12 1.362613e+12 3.303980e-01 9.154289e-01 2.298414e-01 -4.198603e+00 0 1
1.256549e+12 7.147458e+11 2.655809e+12 1.581264e-01 2.393368e-01 9.579739e-01 8.308398e+00 0 2
7.042011e+11 -1.483323e+12 5.361447e+11 6.945331e-01 -6.708137e-01 2.600628e-01 8.908776e+00 0 21519
-1.804695e+12 -1.050830e+12 1.035675e+12 -6.631619e-01 -7.225440e-01 1.953112e-01 7.165517e-01 0 141388
-6.564268e+10 1.695178e+12 -9.495064e+11 -2.604306e-02 7.626372e-01 -6.463020e-01 1.195244e+00 0 138991
1.124528e+12 -4.079292e+12 -1.759798e+12 3.462198e-02 -9.866441e-01 -1.591689e-01 -1.233725e+01 0 2
1.476500e+12 1.308729e+12 -4.191134e+11 4.247997e-01 5.771318e-01 -6.974698e-01 1.848441e+00 0 3
4.660064e+12 9.253370e+11 -2.872266e+12 8.908376e-01 5.139359e-02 -4.514056e-01 -1.244061e+01 0 1
8.144665e+10 -1.961978e+12 6.436985e+11 -3.736482e-01 -8.126299e-01 4.472356e-01 -1.091006e+01 0 185981
-1.883375e+12 6.061675e+11 4.379905e+11 -9.257762e-01 4.674912e-02 3.751706e-01 5.269518e+00 0 1
4.117363e+12 -2.418380e+12 -8.405717e+11 8.274666e-01 -3.252241e-01 -4.577426e-01 -1.138864e+00 0 116050
2.841506e+11 -9.273884e+11 -1.405538e+12 5.778040e-01 -8.069542e-01 -1.223417e-01 1.248691e+00 0 31804
1.090733e+12 -3.270854e+12 6.373426e+11 1.457647e-01 -9.122413e-01 3.828427e-01 5.091338e+00 0 1
-1.006559e+12 1.058736e+12 1.181606e+12 -7.787806e-01 6.113283e-01 -1.406360e-01 5.213679e+00 0 1
-1.633253e+12 -2.499682e+12 -6.576599e+12 -1.397161e-01 -3.805440e-01 -9.141475e-01 1.071493e+01 0 5
4.809407e+12 5.206231e+12 -3.954985e+12 4.704599e-01 7.584894e-01 -4.509560e-01 -1.226556e-01 0 1
-3.113773e+11 3.384003e+11 -1.647965e+12 -5.161163e-01 -4.840426e-03 -8.565048e-01 5.237077e+00 0 240631
-5.232477e+12 3.983155e+12 8.094457e+11 -8.903127e-01 4.529846e-01 4.634978e-02 1.167981e+00 0 1
2.795015e+11 1.012642e+11 -2.208600e+12 -2.878969e-01 -1.959700e-01 -9.373959e-01 -1.869967e+00 0 106826
1.085073e+12 3.585817e+12 -8.017107e+11 -1.230384e-01 9.610740e-01 -2.473830e-01 2.386733e+01 0 2
-6.462265e+11 -1.606010e+12 -5.884641e+11 -3.818333e-01 -8.903831e-02 -9.199323e-01 -3.231684e+00 0 1
-1.033211e+12 1.588102e+12 1.937646e+12 -3.294553e-01 5.546976e-01 7.640483e-01 4.378090e+00 0 5
-1.023273e+12 -2.732496e+11 1.402806e+12 -4.325318e-01 -3.505924e-01 8.306631e-01 1.405074e+00 0 12910
3.492738e+11 3.348366e+12 2.202577e+11 2.966046e-01 9.541818e-01 3.953206e-02 -1.003679e+01 0 847791
8.947584e+11 1.477494e+12 -3.671393e+11 6.917928e-01 2.613531e-01 -6.731399e-01 -1.088566e+01 0 655911
1.075257e+12 9.699779e+11 -2.914106e+12 5.625072e-01 3.683119e-01 -7.402243e-01 -5.330209e+00 0 1
1.580895e+12 -1.508036e+13 1.319665e+13 6.347449e-02 -7.502117e-01 6.581439e-01 -1.153328e+01 0 3
-1.791517e+12 -3.116675e+12 4.111198e+11 -6.966113e-01 -7.087875e-01 1.111438e-01 3.090005e-01 0 1
2.529846e+12 -9.961899e+11 -5.150028e+11 7.594162e-01 -5.532068e-01 -3.424168e-01 -1.041642e+01 0 1
-1.503429e+12 -5.383408e+11 -7.088672e+11 -7.555747e-01 -6.458672e-01 1.093731e-01 7.977151e-01 0 3
1.308574e+12 -5.483641e+11 -1.957420e+12 -3.857971e-02 1.158903e-01 -9.925125e-01 4.900355e+00 0 1
-1.290928e+11 -1.210400e+12 -1.756629e+12 -6.631277e-01 -4.820948e-01 -5.725786e-01 -2.523929e+00 0 75034
8.999742e+11 1.166833e+12 -8.427935e+11 -3.970639e-01 9.489366e-02 -9.128721e-01 4.194020e+00 0 69427
8.568028e+10 -4.335510e+12 -6.800327e+12 -2.356074e-02 -6.601542e-01 -7.507605e-01 -9.442265e+00 0 1
4.968470e+11 -4.502356e+12 -5.592552e+11 -3.686775e-03 -9.383836e-01 -3.455758e-01 -1.096150e+01 0 136314
5.324435e+11 2.553124e+12 2.464910e+11 3.293079e-01 8.961345e-01 -2.974882e-01 -6.717109e+00 0 21865
-5.066684e+12 -1.283554e+12 7.445963e+11 -9.995150e-01 -1.080463e-02 -2.920752e-02 -9.292284e+00 0 2
-1.649637e+12 5.530700e+11 -1.427179e+11 -3.354172e-01 8.292414e-01 4.470504e-01 -7.795183e+00 0 20238
7.523471e+11 -8.777204e+11 1.264767e+12 -5.057507e-01 -3.085820e-01 8.056012e-01 -1.290703e+00 0 2
3.089247e+12 -1.163643e+12 -1.376838e+12 7.787634e-01 -4.259251e-01 -4.605598e-01 1.749281e+00 0 78114
-2.757925e+12 -4.356535e+11 2.154886e+12 -9.311865e-01 -2.256940e-01 2.862759e-01 -1.860067e+00 0 40523
3.843769e+11 -1.367541e+12 1.658759e+12 -7.347748e-02 -8.625942e-01 5.005320e-01 8.039711e-01 0 1
-2.625937e+12 -1.953123e+12 2.005981e+11 -6.414986e-01 -7.007683e-01 3.120951e-01 1.156574e+01 0 1
2.767545e+12 -4.671808e+11 -9.013263e+11 6.852396e-01 7.729182e-02 -7.242048e-01 1.156619e+01 0 279119
1.785310e+12 8.517225e+11 1.069108e+12 8.432844e-01 4.989462e-01 -1.998102e-01 -6.690981e-02 0 107788
-4.608162e+11 -5.808375e+11 -1.998848e+12 -1.435821e-01 -3.220194e-02 -9.891144e-01 -6.144882e+00 0 1
1.556864e+12 2.183967e+11 -6.382202e+11 4.653268e-01 8.670073e-01 -1.782396e-01 7.640814e-01 0 1
1.358455e+12 -1.336675e+12 -9.561336e+11 5.299761e-01 -3.703640e-01 -7.628603e-01 6.056037e+00 0 40420
1.011122e+11 1.534693e+12 -1.356362e+12 3.287735e-01 8.569409e-01 -3.969387e-01 2.404377e-01 0 199712
-2.747327e+12 -1.029372e+12 -1.679300e+12 -5.623750e-01 -6.390756e-01 -5.247063e-01 2.513911e+01 0 1
2.937982e+12 -2.413449e+12 -1.327537e+12 7.029890e-01 -5.683985e-01 -4.274689e-01 7.538296e+00 0 1
-1.196849e+11 -1.108129e+12 -1.278554e+12 -8.913012e-01 -4.087940e-01 -1.961370e-01 -7.722673e+00 0 270118
1.202448e+12 7.398316e+11 1.079539e+12 -5.754372e-02 -2.461512e-01 9.675217e-01 1.141340e+01 0 1
-1.251922e+12 -8.528879e+11 1.898037e+12 -6.679060e-01 1.526785e-01 7.284167e-01 -1.063717e+01 0 139634
-3.026485e+10 4.924576e+11 2.553162e+12 2.097185e-01 6.628099e-01 7.188193e-01 5.650623e+00 0 2
1.162575e+12 -3.461308e+12 3.411454e+12 -1.950729e-02 -7.112988e-01 7.026190e-01 -3.748486e+00 0 49349
3.089365e+12 -7.302347e+11 -1.019395e+10 9.765204e-01 -1.111091e-01 1.845608e-01 6.792922e+00 0 1
1.054671e+12 -2.180006e+12 -3.340167e+12 4.750963e-01 -5.598145e-01 -6.788897e-01 1.145928e+01 0 2
1.253576e+11 -1.054100e+12 1.432481e+12 6.179099e-01 -5.612508e-01 5.506223e-01 9.499140e+00 0 46348
-1.664105e+12 6.964622e+10 -6.613212e+11 -5.660752e-01 8.108008e-01 -1.488654e-01 -1.351669e+01 0 116535
6.293247e+12 5.750223e+11 -1.000412e+12 9.344184e-01 2.464206e-01 -2.571754e-01 7.428019e-01 0 1
2.248068e+12 2.112720e+12 -2.620362e+12 4.874462e-01 5.021284e-01 -7.143271e-01 4.707653e+00 0 80369
7.405416e+11 -1.536642e+12 1.580741e+11 7.467618e-01 -6.607550e-01 -7.582649e-02 -9.399123e-02 0 1
1.911405e+12 1.017933e+12 1.609374e+11 8.345884e-01 3.726500e-01 -4.057021e-01 -3.168991e+00 0 85617
9.428999e+11 8.072188e+11 1.274490e+12 -1.762683e-02 9.978598e-01 -6.296970e-02 1.589710e+01 0 1
-2.294303e+11 2.790065e+11 -2.690703e+12 -3.717621e-01 -2.387817e-02 -9.280209e-01 -3.245305e+00 0 13241
7.301044e+11 1.768282e+12 -1.432723e+11 8.160405e-01 1.832503e-01 -5.481762e-01 -6.252919e+00 0 1
-2.534260e+12 -3.946468e+11 -8.058164e+11 -6.150512e-01 -5.346534e-01 -5.795324e-01 1.325094e+01 0 26284
1.539422e+12 -7.684222e+11 -2.733848e+11 8.290485e-01 2.884539e-01 -4.790334e-01 7.457421e+00 0 30675
9.568178e+11 -1.041542e+12 -9.514257e+11 -4.299857e-02 -7.440228e-01 -6.667692e-01 -5.026008e+00 0 65374
1.790316e+12 1.107021e+12 -6.465770e+11 8.558112e-01 -4.402633e-02 -5.154114e-01 -1.379914e+01 0 21211
-7.519547e+11 -1.650292e+12 -1.447722e+11 -6.105484e-01 -7.877366e-01 -8.186388e-02 -7.008779e+00 0 158437
-1.471353e+12 -1.803030e+11 -8.561056e+11 -8.089618e-01 -3.913965e-01 -4.386223e-01 9.553109e-01 0 155890
2.285980e+12 -3.605897e+11 -1.717165e+12 7.485411e-01 3.935959e-01 -5.336371e-01 3.035208e+00 0 1
-2.936909e+11 2.233673e+11 2.149649e+12 -3.948195e-01 4.114874e-01 8.214595e-01 -1.986428e+00 0 89310
-9.537852e+11 -1.307599e+12 7.892387e+11 -8.693218e-01 -4.640249e-01 -1.701781e-01 2.069533e+00 0 1
-1.174274e+12 6.068486e+11 1.209239e+12 -5.263928e-02 1.148607e-01 9.919859e-01 3.500434e+00 0 169788
-2.383151e+12 7.372340e+11 1.301497e+12 -8.890577e-01 4.573444e-01 -2.030942e-02 -6.912997e+00 0 1
2.608942e+12 -2.195692e+11 6.870899e+10 7.785352e-01 -3.941755e-01 4.883734e-01 -1.213962e+01 0 864432
-7.252098e+11 1.856030e+12 -1.155311e+12 -5.600641e-01 7.389836e-01 -3.744751e-01 1.051808e+01 0 8951
6.943903e+10 -2.465447e+11 1.782624e+12 -3.534429e-01 -3.495134e-01 8.677088e-01 1.708629e+00 0 19418
1.471164e+12 1.399295e+12 -1.930466e+12 7.179241e-01 1.512816e-01 -6.794843e-01 -1.444137e+01 0 1
1.135066e+12 -3.793189e+12 -1.343391e+12 2.140510e-01 -9.189138e-01 -3.313301e-01 2.645084e+00 0 2
1.833376e+13 -7.142793e+12 -8.451169e+12 8.399859e-01 -3.662958e-01 -4.003137e-01 -2.060577e+01 0 1
-3.337676e+12 -3.943013e+12 -9.236019e+12 -2.783828e-01 -4.809287e-01 -8.313908e-01 -5.795038e+00 0 1
1.756158e+12 -1.090075e+12 -1.134184e+11 6.618599e-01 -4.388648e-01 6.077328e-01 -5.475760e+00 0 2
9.359579e+12 4.093622e+12 3.935223e+12 8.394753e-01 4.656282e-01 2.801277e-01 -1.924306e+00 0 1
-2.828847e+12 -1.532489e+12 1.149660e+11 -8.374297e-01 -2.730646e-01 4.734418e-01 2.215475e+00 0 32000
2.721246e+12 -2.085970e+12 -2.619426e+12 5.244204e-01 -5.374119e-01 -6.604330e-01 8.642578e-01 0 1
-7.145375e+12 -8.813286e+12 1.635626e+12 -5.760136e-01 -8.097859e-01 1.116029e-01 1.228081e+01 0 1
7.225948e+11 4.824514e+12 -3.569391e+11 3.577014e-01 9.249927e-01 -1.282118e-01 -1.943923e+01 0 2
-2.538143e+11 1.226037e+13 2.379853e+12 3.037613e-02 9.864914e-01 1.609723e-01 -1.463764e+01 0 1
1.662847e+12 8.562843e+11 -2.578768e+11 7.266710e-01 5.354427e-01 -4.304071e-01 -4.252423e+00 0 1
1.357218e+12 9.335935e+11 -1.320198e+12 6.658555e-01 7.436362e-01 6.034608e-02 3.119931e-01 0 15248
1.742745e+13 -5.547088e+12 -2.205753e+13 6.124436e-01 -1.452889e-01 -7.770483e-01 2.135929e+01 0 2
1.844112e+12 -1.168346e+12 1.186953e+12 7.244287e-01 -4.411771e-01 5.296847e-01 1.739059e+00 0 68669
1.134297e+12 -1.459913e+12 -1.536220e+12 4.827073e-01 -6.976284e-01 -5.294415e-01 7.374771e-01 0 72216
-9.994973e+11 -1.804015e+12 -5.077198e+11 -2.798195e-01 -9.564748e-01 8.280639e-02 -9.133453e-01 0 343178
1.043859e+12 -9.614844e+11 -2.757967e+12 5.808460e-02 2.582626e-02 -9.979775e-01 -3.673024e+00 0 1
-1.270345e+12 1.155175e+12 -1.556487e+11 -9.209659e-01 -1.348107e-01 -3.655788e-01 1.257613e+01 0 1015
-1.198375e+12 -1.914513e+12 -9.836577e+10 -9.246658e-01 -3.803721e-01 -1.761444e-02 -7.067093e+00 0 2
1.950900e+12 6.733166e+10 6.892245e+11 5.760752e-01 3.971962e-01 7.144036e-01 1.054258e+01 0 569460
5.914613e+12 -1.477288e+12 -7.447424e+11 9.783919e-01 -1.965928e-01 6.403632e-02 -2.814856e+00 0 208536
-1.835716e+12 -1.008290e+12 -7.257638e+10 -9.995928e-01 -2.253685e-02 1.749976e-02 -7.304080e+00 0 8
-3.363481e+12 1.006045e+12 2.319785e+11 -7.984545e-01 4.613945e-01 3.867629e-01 -1.385399e+01 0 2
4.130102e+12 2.964800e+12 8.073520e+11 6.917423e-01 7.201976e-01 5.299041e-02 1.614908e+01 0 4
-1.304947e+12 1.954769e+11 5.236722e+12 -1.712400e-01 -1.146458e-01 9.785363e-01 9.606518e+00 0 1
-1.627233e+12 -1.263515e+12 -1.353883e+12 -7.000540e-01 -6.976229e-01 -1.524686e-01 -3.808581e+00 0 3
-1.108067e+12 -1.109257e+12 -7.959006e+11 -3.292613e-01 -8.454082e-01 4.205615e-01 -9.068588e-02 0 1
-3.450498e+12 -1.379874e+12 7.466306e+11 -9.579332e-01 -2.613430e-01 -1.185913e-01 -8.202290e+00 0 69972
-8.317947e+10 1.090514e+12 -2.361620e+12 1.678034e-01 6.012861e-01 -7.812151e-01 5.829245e+00 0 1
-9.111627e+11 6.072235e+11 -1.406884e+12 -5.058574e-01 8.579214e-01 -8.988385e-02 -7.588549e-01 0 17661
-9.517408e+09 -4.728981e+12 1.618991e+12 7.731431e-02 -8.259332e-01 5.584415e-01 1.397821e+01 0 3
7.343248e+11 1.236550e+12 -2.741286e+12 1.136294e-01 2.164197e-01 -9.696653e-01 -3.098352e+00 0 292060
-1.689670e+11 -1.367144e+12 -1.015127e+12 3.846717e-01 -4.626142e-01 -7.987589e-01 9.926705e+00 0 278988
3.619962e+11 2.683763e+12 -1.572836e+11 -1.370051e-02 9.749287e-01 -2.220953e-01 8.984286e+00 0 1
-5.128345e+12 -1.351948e+12 -1.502070e+12 -9.733308e-01 -2.292019e-01 9.671952e-03 2.161802e+00 0 315717
-9.935826e+09 -8.028473e+11 1.592808e+12 -6.805601e-01 -1.552916e-01 7.160465e-01 -8.578765e+00 0 109505
8.949851e+10 -3.900670e+11 -1.682931e+12 3.543489e-01 3.861471e-01 -8.516615e-01 5.171860e-01 0 26758
2.549310e+10 1.693495e+12 1.422670e+11 7.621143e-01 4.106840e-01 -5.005202e-01 -1.381364e+01 0 3427
-5.167156e+12 -1.300961e+13 -6.464300e+12 -4.012815e-01 -8.265895e-01 -3.946174e-01 -1.980624e+01 0 1
-1.883383e+12 -2.490378e+12 1.411750e+12 -7.383464e-01 -6.078296e-01 2.922120e-01 1.755883e+00 0 4
-3.441685e+11 7.846738e+11 -1.862071e+12 1.744883e-01 7.831444e-02 -9.815400e-01 -4.544523e+00 0 1
4.695180e+12 -2.150433e+12 6.351393e+12 6.410031e-01 -1.073062e-01 7.600003e-01 1.495986e+00 0 96457
-1.839106e+12 -1.069769e+12 -2.724417e+12 -4.075653e-01 -3.250733e-01 -8.533568e-01 5.108889e+00 0 1
-1.299984e+12 -2.776461e+12 4.138330e+12 -2.952360e-01 -2.855402e-01 9.117579e-01 3.119570e+00 0 33352
1.790032e+11 7.845402e+10 1.838286e+12 8.871980e-01 9.218734e-02 4.520854e-01 -4.906451e+00 0 81882
-1.346366e+12 -1.357841e+12 -5.176513e+10 2.864300e-02 -8.124847e-01 5.822784e-01 1.678734e+01 0 1
-4.195633e+12 2.711320e+12 3.759062e+11 -7.530623e-01 6.514181e-01 9.247522e-02 -1.303613e+01 0 1
-1.406263e+12 6.102225e+11 -8.924045e+11 -8.543255e-01 3.049929e-01 -4.208411e-01 -4.562483e+00 0 128267
1.663220e+12 1.331735e+12 -6.424625e+11 4.394399e-01 3.560085e-01 -8.247124e-01 5.109259e+00 0 1
-1.368730e+12 1.084073e+12 -9.715103e+11 -7.931660e-01 4.826388e-01 -3.714128e-01 -1.691510e+00 0 133850
6.228961e+11 -2.032213e+12 -1.686778e+12 4.157587e-01 -7.807349e-01 -4.664737e-01 9.288791e+00 0 2
-6.756333e+10 6.656478e+11 2.019340e+12 -8.974874e-02 -2.974877e-01 9.504979e-01 3.783084e+00 0 1
-5.247117e+11 2.184501e+12 -1.167500e+12 -6.716413e-02 6.192120e-01 -7.823462e-01 4.405182e+00 0 1
-5.375147e+11 -1.544818e+12 -4.649345e+11 2.566432e-01 -9.242587e-01 -2.826308e-01 8.562099e+00 0 38241
-2.509273e+12 6.820907e+12 -3.976475e+12 -3.033587e-01 7.629465e-01 -5.708644e-01 -6.381660e+00 0 1
6.917912e+11 -1.560613e+12 -7.528225e+11 8.248527e-02 -9.948971e-01 -5.810316e-02 -1.931213e+00 0 44138
-3.625991e+11 -9.165362e+11 1.380729e+12 -1.870037e-01 -9.804237e-01 -6.163569e-02 2.389104e+00 0 7813
2.988894e+11 7.712786e+11 1.577026e+12 4.523495e-01 -6.966753e-04 8.918405e-01 -6.459392e+00 0 41184
3.266171e+12 1.902855e+12 1.827458e+12 8.613254e-01 3.008357e-01 4.094099e-01 -1.350430e+01 0 2
-7.688811e+11 -2.172917e+12 2.662740e+11 -2.357694e-01 -7.342947e-01 -6.365721e-01 -1.017658e+01 0 1
1.524718e+11 1.079636e+12 -1.847979e+12 -3.990921e-01 7.411096e-01 -5.398907e-01 8.833785e+00 0 132685
-1.165473e+12 2.495561e+11 -1.250021e+12 1.150885e-01 7.970516e-01 -5.928435e-01 -4.897940e+00 0 24874
-9.214763e+11 -4.858530e+10 -1.714685e+12 -7.588863e-01 5.549681e-01 -3.407375e-01 -1.153637e-01 0 149007
-2.414002e+11 1.621879e+11 -1.769043e+12 -1.193947e-01 1.303121e-01 -9.842579e-01 -1.750179e+00 0 5820
8.410010e+11 1.553422e+12 -2.245124e+11 1.479292e-03 7.814267e-01 6.239953e-01 -4.659873e+00 0 1
2.661554e+12 -2.252996e+12 -1.742743e+12 6.932365e-01 -3.488776e-01 -6.306406e-01 -2.380234e+00 0 2
-1.751032e+12 1.169607e+12 -1.434909e+12 -2.930923e-01 7.406458e-01 -6.045996e-01 -6.962760e+00 0 1
-2.725111e+12 -4.992316e+11 1.046247e+12 -9.058754e-01 3.772185e-02 4.218611e-01 -2.210288e+00 0 1
1.282877e+12 -2.086907e+12 -8.058343e+11 7.574339e-01 -6.416028e-01 -1.209947e-01 1.136078e+01 0 191014
-1.637471e+12 7.890434e+11 4.022257e+11 -5.143952e-01 7.425966e-01 4.288915e-01 -3.412344e+00 0 133731
-1.159261e+12 -1.381995e+12 5.583028e+11 -7.192324e-01 -5.108950e-01 4.708408e-01 1.942946e+00 0 48933
1.671009e+12 1.604326e+12 -3.078564e+11 6.396692e-01 6.596729e-01 3.945314e-01 5.849964e+00 0 17278
-1.077060e+12 -8.394446e+11 -2.332188e+12 -7.164558e-01 -6.294376e-02 -6.947871e-01 -9.234648e-01 0 185059
1.049769e+12 1.021415e+11 -1.359957e+12 3.059330e-01 -2.070015e-01 -9.292768e-01 -1.440433e+00 0 5911
4.851035e+11 -1.198362e+12 -1.391153e+12 -1.979509e-01 -1.209904e-01 -9.727162e-01 -9.554173e+00 0 1
3.880011e+11 1.663192e+12 -1.408570e+12 9.104771e-02 9.585682e-01 -2.699209e-01 5.741042e+00 0 281680
3.766896e+13 -2.307168e+12 1.848099e+13 8.865814e-01 -3.135375e-02 4.615089e-01 1.978560e+01 0 1
1.452738e+12 -1.895881e+12 -5.472041e+11 6.732478e-01 -6.462014e-01 -3.593899e-01 6.729390e+00 0 19434
3.473960e+12 2.981542e+12 2.455062e+10 9.106525e-01 4.128872e-01 -1.536879e-02 -1.438950e+00 0 1
-1.496625e+12 -4.051776e+11 -6.875567e+11 4.048699e-02 -7.030276e-01 -7.100091e-01 1.343136e+01 0 52095
-1.318417e+12 1.059437e+12 1.428563e+11 -5.675867e-01 5.204386e-02 8.216671e-01 6.898921e+00 0 20790
4.653117e+11 2.539975e+11 1.636824e+12 -1.730106e-01 5.538785e-01 8.144237e-01 4.649122e+00 0 74954
-2.400028e+12 -1.247787e+12 -1.825705e+12 -8.011726e-01 -2.840021e-01 -5.267497e-01 3.862695e+00 0 5
-8.192538e+11 -7.216418e+11 -1.393190e+12 -4.574725e-01 -1.929553e-01 -8.680364e-01 1.442940e+00 0 98435
1.794692e+12 -2.505555e+12 8.611744e+11 8.267373e-01 -4.936650e-01 2.698151e-01 3.944702e+00 0 1
8.076911e+11 -1.215427e+11 -1.511692e+12 9.457999e-01 1.252825e-01 -2.996112e-01 5.003560e+00 0 315699
-5.429197e+12 -8.428017e+12 -5.573597e+12 -5.609798e-01 -6.635036e-01 -4.950400e-01 -3.001403e+00 0 1
5.176981e+12 2.029822e+12 -1.609932e+12 9.551855e-01 2.896800e-01 -6.087836e-02 4.467488e-01 0 2
-2.853091e+11 -1.365399e+12 1.042665e+12 -9.412085e-01 -3.208462e-01 1.057555e-01 -1.588246e+01 0 1
3.062738e+11 -3.528735e+12 -7.494592e+12 -9.374634e-02 -5.601193e-01 -8.230905e-01 7.936842e+00 0 1
-1.740501e+11 3.444280e+12 -5.949172e+10 -3.545463e-01 8.807125e-01 3.140737e-01 1.568586e+01 0 101866
3.064560e+12 -1.687798e+12 -3.070036e+12 4.660392e-01 -4.141844e-01 -7.818304e-01 -1.028441e+01 0 183294
-4.205251e+11 1.682523e+12 -6.385705e+10 -7.714278e-01 6.356719e-01 -2.864113e-02 7.053701e+00 0 1
4.448707e+11 2.752618e+12 -1.789249e+12 2.368350e-01 8.543549e-01 -4.625871e-01 3.420305e+00 0 1
-2.202209e+12 -3.590002e+12 8.678211e+11 -3.578406e-01 -8.146056e-01 4.564732e-01 1.300071e+01 0 2
5.042755e+12 -2.996855e+12 -5.512829e+12 6.276547e-01 -5.070748e-01 -5.906985e-01 3.920678e+00 0 2
-1.460688e+12 2.337845e+12 5.544274e+11 3.705045e-02 9.012955e-01 4.316175e-01 -2.846114e+00 0 1
2.214475e+12 -1.425265e+12 1.468770e+12 7.212375e-01 -2.528500e-01 6.448902e-01 -2.264533e+00 0 4
8.422183e+11 -1.324658e+12 -1.276293e+12 8.454174e-02 -1.118754e-02 -9.963571e-01 7.048321e+00 0 1
-1.421720e+12 1.282517e+12 -5.063403e+11 -6.252963e-01 7.198361e-01 -3.013975e-01 1.028362e+00 0 23906
-3.961947e+12 -1.755614e+12 -1.284327e+12 -8.580571e-01 -3.510541e-01 -3.748319e-01 -4.797482e+00 0 5
5.087692e+12 -3.058133e+12 1.715298e+12 7.528351e-01 -6.070357e-01 2.544544e-01 -1.580336e+01 0 1
1.910389e+12 -7.734831e+11 -1.732805e+12 4.919491e-01 -1.325749e-01 -8.604708e-01 3.881673e+00 0 2
3.398599e+11 7.741183e+11 1.681331e+12 6.643268e-01 7.018700e-02 7.441396e-01 7.730695e-01 0 1
-2.469214e+12 4.514563e+11 1.396806e+12 -9.532464e-01 -7.401903e-02 2.929890e-01 1.237886e+01 0 208510
-9.120101e+11 -1.204665e+12 8.588509e+11 -5.496089e-01 -7.494051e-01 3.692182e-01 -4.164937e+00 0 198487
1.294279e+12 1.639775e+12 -1.445245e+12 2.462824e-01 4.140983e-01 -8.762805e-01 -1.585207e+00 0 164165
-1.804276e+11 4.744096e+11 1.633925e+12 7.773789e-01 -1.981548e-01 5.970065e-01 -1.013200e+00 0 62819
-2.449754e+11 -5.670696e+10 -2.478015e+12 4.522575e-01 4.632423e-02 -8.906836e-01 3.622269e+00 0 402514
-8.805936e+11 -2.001533e+12 -1.150977e+12 -1.327449e-01 -8.478246e-01 -5.133929e-01 -1.854222e+00 0 1
1.757544e+12 -3.102792e+10 -6.722158e+11 8.343104e-01 -3.680117e-01 -4.104796e-01 5.850451e-01 0 62712
-1.302891e+13 1.143791e+13 -7.436508e+12 -6.752889e-01 6.125117e-01 -4.108701e-01 9.829732e+00 0 2
-7.700428e+11 1.848913e+12 1.077103e+12 -3.081503e-01 9.493572e-01 6.135356e-02 4.355630e+00 0 1
4.584249e+11 3.132466e+12 1.085345e+12 -9.812173e-02 8.468628e-01 5.226812e-01 1.991116e+00 0 25614
-2.679878e+12 -3.491246e+12 -3.673354e+12 -3.579909e-01 -4.461479e-01 -8.202406e-01 1.991927e+00 0 237381
1.020641e+12 1.190284e+11 -1.959002e+12 1.841218e-01 -5.185054e-02 -9.815349e-01 3.460764e+00 0 1
-3.523153e+12 1.161096e+12 -7.176305e+11 -8.426664e-01 3.958171e-01 -3.650235e-01 -8.828309e+00 0 26106
2.604297e+12 -1.321642e+12 9.553878e+11 8.565020e-01 -5.067181e-01 -9.818927e-02 -5.671004e+00 0 1
7.398475e+11 1.315104e+12 -2.000596e+12 8.034225e-02 9.188285e-01 -3.863927e-01 1.208040e+00 0 175832
-6.426397e+11 -2.132042e+12 8.601102e+11 9.237341e-03 -9.985983e-01 -5.211616e-02 1.405221e+00 0 3126
2.153715e+12 -4.955240e+11 -1.477801e+12 7.113631e-01 -1.045923e-01 -6.949986e-01 5.496365e+00 0 145233
1.102482e+12 -4.447853e+11 -1.284547e+12 5.271261e-02 -7.544714e-01 -6.542128e-01 -3.648928e+00 0 15680
8.011513e+11 -8.638487e+11 1.430117e+12 4.021060e-01 -8.166982e-01 4.139019e-01 -3.421283e-02 0 272448
-6.400393e+11 -9.184288e+12 1.574017e+12 6.111483e-02 -9.907033e-01 1.215401e-01 2.264509e+01 0 1
-5.897600e+11 1.630172e+12 -5.643388e+10 -8.353474e-01 3.255607e-01 4.429502e-01 9.603710e+00 0 43787
1.643306e+12 8.292476e+11 8.499956e+11 2.263891e-01 8.966674e-01 3.804414e-01 5.712546e+00 0 1
-2.173529e+12 -6.060186e+11 -2.817503e+12 -4.055760e-01 -5.417342e-01 -7.362284e-01 -1.140487e+00 0 1
7.758784e+11 1.855664e+12 4.739826e+11 -2.376004e-01 7.658422e-01 5.975214e-01 1.311191e+01 0 73068
-2.457659e+12 2.509231e+12 -7.220544e+11 -4.612958e-01 8.861080e-01 -4.493101e-02 -1.541575e+01 0 3
-6.789182e+11 -9.967457e+11 -1.259243e+12 2.246541e-01 -4.364615e-01 -8.712244e-01 -5.268754e-01 0 1
1.435335e+12 -1.088758e+12 -2.097539e+12 8.456492e-02 -1.884306e-01 -9.784389e-01 -5.581408e+00 0 1
-4.715321e+11 7.947934e+11 -1.484610e+12 -4.784702e-01 6.226818e-01 -6.191395e-01 -1.370261e+00 0 41984
-3.513226e+11 1.805225e+12 2.936092e+11 -4.262612e-01 9.029060e-01 5.533604e-02 8.663327e+00 0 13425
-1.360106e+12 -1.826250e+12 1.357242e+12 -6.347733e-01 -6.606184e-01 4.008069e-01 7.172990e-01 0 68450
3.398328e+12 3.379015e+12 -2.614180e+12 5.441991e-01 4.461763e-01 -7.104745e-01 6.138846e+00 0 1
3.225984e+12 -5.197483e+12 -2.015813e+12 6.210704e-01 -6.631210e-01 -4.177823e-01 1.969892e+01 0 1
1.134584e+12 -1.516657e+12 1.547724e+12 3.664970e-01 -3.727967e-01 8.524685e-01 -3.624485e+00 0 2
1.404638e+10 1.661021e+12 6.630159e+11 1.544785e-01 1.663622e-01 9.738891e-01 -1.269170e+00 0 37610
8.230203e+11 1.623722e+12 -3.882668e+11 3.874238e-01 3.393728e-01 -8.571633e-01 -1.168960e+01 0 1
-1.929553e+12 4.622919e+10 2.859174e+10 -9.285128e-01 -1.925598e-01 3.174661e-01 8.922403e+00 0 13351
2.756508e+12 -1.661348e+12 5.729537e+12 1.838439e-01 -2.201576e-01 9.579833e-01 -1.581697e+01 0 1
1.237038e+12 4.201135e+11 -2.347802e+12 2.490302e-01 5.485852e-01 -7.981467e-01 9.074317e+00 0 140559
-1.636474e+12 -1.645228e+12 -2.518213e+12 -1.848038e-01 -4.575847e-01 -8.697493e-01 7.351055e+00 0 1
6.458534e+11 -7.748679e+11 -4.019334e+12 -1.614879e-01 -1.812519e-01 -9.700873e-01 -7.997077e+00 0 145436
-2.180523e+12 1.740347e+12 2.976977e+12 -7.258242e-01 3.788021e-01 5.741848e-01 -9.359347e-01 0 24414
1.140643e+12 1.340646e+12 1.600609e+12 2.676838e-01 8.088018e-01 5.236268e-01 9.793622e+00 0 1
2.576614e+12 1.570775e+12 -3.452423e+12 6.004521e-01 2.760930e-01 -7.504865e-01 9.852141e-01 0 115515
-8.121781e+11 -2.187645e+12 1.556861e+12 2.788654e-01 -6.877454e-01 6.702540e-01 6.444595e+00 0 220714
4.064516e+11 -1.762761e+12 -6.346745e+11 -5.096027e-01 -8.354345e-01 -2.058018e-01 -1.516379e+01 0 175565
-1.412537e+12 2.408667e+12 -2.675170e+11 -7.496761e-01 6.421943e-01 1.599132e-01 1.418227e+01 0 25437
-1.841729e+11 -3.753237e+11 2.967419e+12 2.353977e-01 -1.179856e-01 9.647110e-01 3.782612e+00 0 2
6.028508e+11 1.494105e+12 5.957225e+11 6.341950e-01 1.647562e-01 7.554152e-01 -8.159706e+00 0 269678
1.629173e+12 3.723247e+11 -4.627424e+11 7.166494e-01 3.526237e-01 -6.017226e-01 6.101262e-01 0 48993
5.573997e+11 1.058712e+12 1.461719e+12 3.249484e-01 6.727072e-01 6.647357e-01 4.594634e+00 0 12899
7.488520e+11 -3.655332e+11 -1.957632e+12 -3.834181e-01 -4.656676e-01 -7.975865e-01 7.402106e-01 0 1
3.434015e+12 1.104872e+12 1.310694e+11 9.662078e-01 2.030016e-01 -1.588488e-01 -1.226308e+01 0 1
-2.351550e+12 9.760441e+11 -8.357972e+11 -6.635329e-01 3.578837e-01 -6.569957e-01 -8.078856e+00 0 1
-2.036389e+11 -3.164892e+10 1.733289e+12 -5.158545e-01 3.535588e-01 7.803142e-01 -1.406900e+00 0 8318
-1.646463e+12 6.631683e+11 1.676136e+12 -7.244061e-01 5.805295e-01 3.717814e-01 1.073053e+00 0 211244
7.010058e+11 -7.977637e+09 1.844914e+12 2.379838e-01 -1.122112e-01 9.647654e-01 -6.844078e-01 0 2
-3.964262e+12 -2.224165e+12 2.611478e+12 -8.702794e-01 -1.443047e-01 4.709458e-01 -7.037348e+00 0 1
1.953790e+12 -1.015970e+12 6.586344e+11 3.178946e-01 -8.006483e-01 5.078438e-01 -1.011089e-01 0 2
1.453497e+12 -3.537353e+11 -1.023894e+12 1.593683e-01 -9.420681e-01 -2.951432e-01 -2.461816e+00 0 7069
1.689230e+12 2.283512e+12 -1.253033e+13 6.863403e-02 1.042916e-01 -9.921757e-01 -1.087683e+01 0 1
5.230132e+11 1.666048e+12 4.602738e+11 -2.487681e-01 5.644550e-01 7.870864e-01 1.158338e+01 0 1
-1.776825e+12 -4.131805e+11 -2.291218e+11 -8.739620e-01 -1.290975e-01 -4.685341e-01 -3.783931e+00 0 252581
6.687432e+11 -2.966434e+12 2.424042e+12 2.232753e-01 -5.553390e-01 8.010910e-01 8.651961e+00 0 1
-3.942127e+12 -1.014934e+12 2.723774e+12 -6.523674e-01 -3.150692e-01 6.893099e-01 1.000800e+01 0 1
-6.431247e+11 -9.861164e+11 -1.373056e+12 -1.677828e-01 -9.424914e-03 -9.857789e-01 5.003417e-01 0 46678
1.293731e+11 1.021364e+12 2.265485e+12 2.943342e-01 2.935994e-01 9.094871e-01 2.785953e+00 0 159359
5.270305e+10 3.460841e+12 -7.528977e+11 1.104236e-01 9.928624e-01 4.506622e-02 -6.347448e+00 0 8
1.164752e+12 -1.605420e+12 8.371111e+10 1.906703e-01 -9.036132e-01 -3.835727e-01 -1.178306e+01 0 1
3.388100e+11 -2.560310e+12 4.910719e+11 2.405267e-01 -8.606974e-01 4.487169e-01 1.619010e+00 0 11469
-2.054653e+12 2.794973e+11 5.000943e+11 -7.791154e-01 -5.108616e-01 3.633175e-01 7.980926e+00 0 543701
-1.216641e+12 -1.125230e+12 -6.147557e+11 -6.333546e-01 -2.808639e-01 -7.210946e-01 -8.120406e+00 0 139132
-1.809527e+11 1.648437e+12 -9.326927e+11 3.869956e-01 8.756704e-01 -2.888525e-01 -1.450072e+01 0 1
-8.444695e+11 -5.651147e+12 1.213400e+13 -1.256858e-01 -4.543932e-01 8.818900e-01 -8.948390e+00 0 54180
1.438928e+12 -8.753190e+11 -2.090692e+11 9.835544e-01 -1.162531e-01 1.382243e-01 6.496568e+00 0 7903
1.885040e+12 -2.684523e+12 -1.430756e+12 1.900642e-01 -7.907075e-01 -5.819426e-01 -1.632018e+00 0 229753
9.282441e+11 -1.495687e+12 -9.984751e+11 -1.345042e-01 -9.441661e-01 -3.007639e-01 -1.185905e+01 0 3950
-1.821005e+12 1.009765e+12 1.883432e+12 -2.822243e-01 3.083302e-01 9.084503e-01 -7.338835e+00 0 58661
-1.113202e+12 9.245139e+11 -1.061765e+12 -8.796608e-01 1.736439e-01 -4.427692e-01 1.179349e+01 0 98256
1.950348e+11 -6.178571e+11 1.647628e+12 -2.598848e-01 -1.490450e-01 9.540679e-01 1.018048e+00 0 74229
3.024011e+11 -2.702089e+12 -9.898693e+11 3.480290e-01 -8.138270e-01 -4.653616e-01 1.169653e+01 0 90161
3.908290e+10 -3.074737e+12 3.219283e+12 -1.614644e-01 -6.526962e-01 7.402141e-01 -8.335246e+00 0 201302
-2.315657e+12 1.136633e+12 2.958801e+12 -4.033499e-01 1.100002e-01 9.084100e-01 1.356159e+01 0 1
1.965938e+12 2.413529e+12 -3.086820e+12 6.049272e-01 6.262340e-01 -4.918273e-01 8.347718e+00 0 1
3.590933e+11 2.618201e+12 2.892416e+11 3.842084e-01 8.939431e-01 2.307590e-01 -7.159723e+00 0 86677
-1.762650e+12 -8.674084e+11 8.079316e+12 -2.756364e-01 -2.273913e-01 9.339795e-01 8.633602e+00 0 1
6.294744e+11 -1.186118e+12 1.783529e+12 4.369871e-01 -6.686392e-01 6.016344e-01 5.195528e+00 0 2
5.893923e+13 1.624504e+13 1.798240e+13 9.224669e-01 2.700095e-01 2.759524e-01 -6.301070e+00 0 1
9.843448e+10 8.472820e+11 1.470770e+12 3.613898e-01 8.765215e-01 3.179742e-01 3.942631e-02 0 62661
-3.630778e+11 -1.835818e+11 -1.699550e+12 -6.220253e-01 3.809337e-01 -6.840863e-01 -5.120270e+00 0 2926
3.931531e+11 1.555945e+12 -1.183222e+12 1.527779e-01 9.882598e-01 -1.228611e-03 5.321585e+00 0 50580
-1.965877e+12 -1.192713e+10 -1.386745e+12 -5.923649e-01 4.853466e-01 -6.430727e-01 -1.247484e+01 0 96812
4.932898e+12 -7.071523e+11 1.357403e+12 9.001533e-01 8.013193e-02 4.281389e-01 1.434221e+01 0 6
-1.668548e+11 3.386144e+12 -7.305148e+11 3.418422e-02 9.925095e-01 -1.172874e-01 -6.520645e+00 0 4868
1.099156e+12 3.495908e+12 2.361430e+12 3.598895e-01 7.117075e-01 6.032843e-01 1.942278e+00 0 4
-4.287537e+11 8.802929e+11 1.444011e+12 -9.067348e-01 1.650338e-01 3.880668e-01 9.405635e+00 0 410
6.167222e+11 1.019781e+12 2.179322e+12 -1.362155e-01 5.704715e-01 8.099429e-01 8.673606e-01 0 88189
7.102527e+10 -8.113932e+11 1.566745e+12 6.514186e-02 -4.377792e-01 8.967195e-01 4.694926e+00 0 3
-1.539999e+11 4.322267e+11 1.684847e+12 6.560348e-01 2.705481e-01 7.045723e-01 -6.116125e-01 0 1
-3.380325e+12 1.572055e+12 2.379431e+12 -8.198144e-01 4.762821e-01 3.178988e-01 -9.858068e+00 0 285501
1.065314e+12 1.636562e+12 -5.463064e+11 5.007046e-01 5.970494e-01 -6.267591e-01 3.130499e-01 0 240
5.826731e+11 1.035505e+12 1.504633e+12 4.170883e-01 3.473902e-01 8.398556e-01 -2.170314e+00 0 119386
-1.553514e+12 7.666487e+11 1.160278e+11 -6.636371e-01 -3.983691e-01 6.331571e-01 1.200904e+01 0 57831
1.014245e+12 3.435041e+11 -2.284355e+12 -1.020164e-01 1.775094e-01 -9.788172e-01 1.842968e+00 0 1
1.668247e+12 -8.749781e+10 -4.083328e+11 9.306104e-01 -1.363918e-02 -3.657572e-01 -3.644339e+00 0 137044
-2.134661e+12 -8.453741e+11 6.354796e+11 -7.484136e-01 -2.035027e-01 6.312398e-01 1.817196e+00 0 45017
9.006547e+12 -1.823806e+12 3.997786e+12 8.500878e-01 -3.100227e-01 4.257190e-01 -2.005603e+01 0 1
-1.926092e+12 -4.056052e+11 -3.091711e+11 -8.777247e-01 -4.713153e-01 8.637850e-02 7.492889e-01 0 136389
-1.426018e+12 -2.402084e+12 5.516083e+10 -3.046239e-01 -7.944287e-01 5.254402e-01 5.919346e-01 0 3
-3.381600e+12 -7.430417e+12 -9.167757e+11 -5.071009e-01 -8.336616e-01 -2.187625e-01 -1.515217e+01 0 1
-1.877111e+12 -4.978308e+11 -1.878546e+11 -4.415143e-01 -5.239410e-01 -7.283892e-01 9.732557e+00 0 87214
-3.729903e+11 -1.347765e+12 -1.010076e+12 -5.255949e-01 -6.349138e-01 -5.662460e-01 -5.573361e+00 0 87279
-2.532188e+11 8.802861e+11 1.754754e+12 -4.102464e-01 4.655053e-01 7.842211e-01 7.317841e+00 0 125508
1.629032e+12 -3.828940e+11 2.625775e+12 6.623647e-01 3.277352e-01 6.736933e-01 1.182698e+01 0 595546
-1.715545e+12 2.326659e+12 9.560334e+11 -7.870689e-01 6.128202e-01 7.052660e-02 1.714434e+01 0 1
7.991259e+11 -2.123531e+12 1.221228e+11 7.205362e-01 -6.842436e-01 1.124203e-01 2.615514e+00 0 544678
1.623151e+12 -2.183755e+12 7.207095e+11 8.691083e-01 -4.944493e-01 1.306323e-02 2.630205e+00 0 1
2.811103e+11 6.928387e+11 2.610309e+12 2.550145e-01 3.036615e-01 9.180182e-01 3.330051e+00 0 5338
-3.331210e+12 -7.478197e+11 -1.559028e+12 -9.866784e-01 5.604359e-04 -1.626820e-01 -1.028469e+01 0 1
-1.446583e+12 -1.126944e+12 1.242966e+12 -6.124569e-01 -7.740065e-01 1.606566e-01 -2.070444e-01 0 3023
4.912586e+12 1.414644e+12 1.802120e+12 7.740840e-01 3.065341e-01 5.539231e-01 -1.408796e+00 0 2258
-1.325315e+11 1.099385e+12 1.399078e+12 -2.585368e-01 3.928664e-01 8.825048e-01 5.314938e+00 0 118146
-1.732444e+12 8.561913e+11 -1.241216e+12 -7.657777e-01 2.833113e-01 -5.773381e-01 5.365769e+00 0 79258
-6.233222e+11 -1.285354e+12 9.498027e+11 -8.579931e-02 -9.849464e-01 -1.500635e-01 2.210367e+00 0 2554
1.115200e+12 -6.333160e+11 -1.272004e+12 1.387864e-02 -5.041813e-01 -8.634863e-01 -9.134051e+00 0 2
-1.031597e+11 -1.347485e+12 1.175533e+12 6.152198e-01 -6.805577e-01 3.979269e-01 8.975363e+00 0 12948
-6.457115e+10 2.575573e+12 -2.131490e+12 1.225465e-01 6.592911e-01 -7.418339e-01 3.416383e-01 0 1
1.775334e+12 -4.344714e+12 -1.059633e+12 1.102703e-01 -9.245735e-01 -3.646975e-01 -2.756178e+00 0 2
-5.459145e+11 6.660553e+11 1.514335e+12 -6.273796e-01 4.827087e-01 6.110542e-01 1.501951e+00 0 50971
-1.726070e+12 1.508075e+12 7.932933e+11 -5.408688e-01 5.029715e-01 6.741518e-01 -6.076811e+00 0 89176
-1.074392e+12 1.999923e+12 6.949654e+11 -9.059629e-01 2.741209e-01 3.226282e-01 9.077762e+00 0 3
-3.197491e+12 2.006331e+12 2.805970e+12 -7.939223e-01 3.749270e-01 4.786618e-01 3.903423e-01 0 129137
2.349233e+12 -1.521632e+12 -9.176191e+11 8.299988e-01 -1.545312e-01 -5.359311e-01 1.569118e-01 0 1
-4.623141e+11 1.583377e+12 4.336195e+11 2.140004e-01 8.886179e-01 4.056625e-01 -1.122022e+01 0 195234
8.328772e+11 1.582068e+12 -7.372075e+11 9.773220e-03 9.280473e-01 3.723340e-01 1.062050e+01 0 18300
1.163636e+12 -1.668395e+12 3.755230e+10 5.134894e-01 -4.150800e-01 -7.510241e-01 9.202159e+00 0 1214
3.020410e+11 2.532251e+12 9.949995e+11 -4.917860e-01 7.930518e-01 3.594654e-01 5.887786e+00 0 1
1.462489e+12 1.002399e+12 -1.663949e+11 1.730444e-01 5.742970e-01 -8.001491e-01 -4.629496e+00 0 1
-9.569554e+11 1.674698e+12 2.240695e+12 -5.311941e-01 3.302903e-01 7.802187e-01 -8.475515e-01 0 1
3.409323e+12 -9.034298e+11 -2.021685e+12 8.716162e-01 -3.694094e-01 -3.222140e-01 -5.015560e+00 0 446059
8.890096e+12 -1.279420e+13 6.595460e+12 5.862849e-01 -6.939741e-01 4.179353e-01 2.034309e+01 0 1
3.039667e+12 -2.888488e+12 5.678110e+11 5.412189e-01 -7.860716e-01 2.986193e-01 -1.454596e+01 0 3
2.189067e+11 -6.173038e+11 2.014852e+12 -2.516398e-01 -3.350342e-01 9.079810e-01 -4.731107e+00 0 7772
9.063290e+11 1.393301e+12 -8.361732e+11 9.024899e-01 3.694149e-01 -2.214601e-01 -1.361529e+00 0 1
-3.637514e+11 2.135870e+12 -8.313275e+09 6.865919e-02 8.884906e-01 -4.537294e-01 -1.493481e+00 0 19505
1.269068e+12 7.349876e+11 1.078082e+12 8.316346e-01 -9.166048e-02 5.477063e-01 -4.152853e+00 0 9936
-5.724445e+10 1.198709e+12 1.338236e+12 5.319023e-02 9.926021e-01 1.091416e-01 -2.479370e+00 0 1
1.332633e+12 -1.256286e+12 -4.707361e+11 1.871258e-01 -9.473695e-01 -2.597594e-01 -5.498536e+00 0 42317
4.030538e+11 -1.378069e+12 -9.289186e+11 5.868967e-01 -6.882500e-01 -4.264554e-01 5.713837e+00 0 123134
-2.536892e+11 2.154021e+12 8.370615e+11 2.005982e-01 9.610297e-01 1.902163e-01 -1.474095e+01 0 3
2.592539e+11 -1.836697e+12 5.886713e+11 -3.435719e-01 -9.157817e-01 -2.080921e-01 -1.255751e+01 0 293405
1.975091e+11 1.007447e+12 2.885701e+12 1.454850e-01 8.442278e-02 9.857520e-01 -3.646200e+00 0 39550
3.026153e+11 -3.596940e+11 -1.752288e+12 4.959881e-01 -2.561993e-01 -8.296733e-01 3.446285e-01 0 240073
-2.053650e+11 -2.796882e+12 2.279488e+12 -1.408092e-01 -6.966715e-01 7.034356e-01 3.160244e+00 0 3
-6.018455e+11 -5.928767e+11 2.268525e+12 3.585172e-01 -3.118609e-01 8.798910e-01 -6.788626e+00 0 1
-6.209135e+11 4.961011e+11 -1.607657e+12 9.991588e-03 -3.027867e-01 -9.530060e-01 9.410312e+00 0 3
8.564501e+11 -7.782747e+11 -1.401583e+12 4.195191e-01 2.459736e-01 -8.737853e-01 2.553554e+00 0 20804
1.154160e+12 -1.241563e+12 8.769479e+11 9.560248e-01 -2.192199e-01 1.948313e-01 4.596388e+00 0 53721
-1.180135e+12 1.185345e+12 6.502890e+11 -4.096779e-01 4.443027e-01 7.967177e-01 -5.013472e+00 0 2
-3.232477e+11 -1.617862e+12 1.059739e+12 -5.417053e-01 -5.390114e-01 6.449977e-01 -2.474454e+00 0 76827
-1.800460e+12 -2.176468e+12 5.921172e+09 -8.258338e-01 -5.070680e-01 -2.467398e-01 -1.612916e+01 0 1
1.674612e+12 -1.519857e+11 5.531021e+11 2.238360e-01 7.934554e-01 5.659735e-01 9.121342e+00 0 3120
2.485591e+09 -6.151670e+11 1.601286e+12 -6.863815e-02 -9.967077e-01 -4.315688e-02 -1.896825e+00 0 26884
-9.962166e+11 -1.198715e+12 -1.232959e+12 -6.612559e-01 -4.391665e-01 -6.081722e-01 -8.654150e+00 0 67907
3.444894e+11 1.746567e+12 5.984486e+11 4.401669e-01 8.684688e-01 2.280680e-01 9.347330e+00 0 1
8.648103e+11 -2.683478e+12 6.978427e+11 -4.851133e-02 -8.502322e-01 5.241678e-01 -1.357090e+01 0 135676
2.453686e+11 -7.477117e+11 2.986776e+12 3.573114e-01 3.008138e-02 9.335008e-01 -1.777923e+00 0 2
-8.068327e+10 1.614723e+11 1.695913e+12 3.753794e-01 5.093047e-01 7.744024e-01 1.122277e+00 0 22566
-3.101564e+12 1.520195e+12 2.450255e+12 -4.651081e-01 6.118306e-01 6.397951e-01 -1.627212e+01 0 1
-1.154166e+12 3.174632e+11 1.962044e+12 -6.618055e-01 1.975338e-01 7.231832e-01 -6.066747e+00 0 3533
7.302189e+12 -3.563188e+12 8.684466e+11 9.568217e-01 -2.676080e-01 1.134819e-01 3.654777e+00 0 1
1.099723e+12 -1.681600e+12 1.348049e+10 2.824584e-01 -7.995771e-01 -5.299940e-01 2.460542e+00 0 2
2.497306e+12 2.955811e+10 2.992545e+11 8.972779e-01 -1.386201e-01 -4.191382e-01 4.307879e+00 0 1
4.584157e+11 -1.733013e+12 7.234847e+10 -2.024185e-01 -9.771800e-01 -6.438964e-02 -1.212390e+01 0 29547
-6.485751e+11 -8.713045e+11 -1.334011e+12 -8.023090e-01 1.177510e-01 -5.851794e-01 -5.612648e+00 0 626
-2.144561e+12 -4.040163e+11 4.551474e+12 -6.321976e-01 1.105863e-02 7.747282e-01 -6.635490e+00 0 111473
-3.033667e+13 -7.123251e+12 1.446836e+13 -8.772076e-01 -2.087038e-01 4.323767e-01 -1.324341e+01 0 1
-1.483552e+12 -3.978115e+11 2.694207e+12 -1.306608e-01 1.829648e-01 9.743981e-01 -7.707298e+00 0 108138
-2.660391e+12 -5.848503e+12 2.377124e+12 -2.661381e-01 -9.147698e-01 3.039189e-01 1.332902e+01 0 41951
2.985643e+11 -6.438441e+11 5.470738e+12 -2.088943e-01 -1.154402e-01 9.711008e-01 9.420315e+00 0 2
1.527820e+10 1.815600e+12 -7.220918e+11 -4.935017e-02 3.903005e-01 -9.193640e-01 -4.286033e+00 0 80280
1.818585e+12 1.558666e+12 -1.787076e+12 5.197844e-01 7.070562e-01 -4.794744e-01 9.620812e-01 0 15653
-1.805909e+12 -1.015714e+11 1.820166e+12 -6.900095e-01 -3.586607e-01 6.286886e-01 1.411068e+01 0 1
1.318575e+12 -4.968875e+11 -4.863839e+12 5.992717e-02 -3.367734e-02 -9.976345e-01 7.467054e+00 0 1
3.436721e+12 -5.091647e+12 -6.482062e+11 4.681055e-01 -8.386185e-01 -2.785612e-01 -1.140254e+01 0 178786
-7.740356e+11 5.454261e+11 1.854806e+12 -5.574197e-01 5.712164e-01 6.024907e-01 -2.568585e+00 0 1155
4.538378e+12 -1.245532e+12 4.599571e+12 6.477325e-01 -3.565865e-01 6.732671e-01 -1.664839e+01 0 1
-1.668255e+12 3.027036e+11 2.499765e+11 -9.852675e-01 -1.052982e-01 1.347596e-01 3.609544e-02 0 103137
-4.088122e+11 -2.042266e+12 -3.777978e+12 -2.485227e-02 -4.879955e-01 -8.724923e-01 -3.283932e+00 0 117892
-3.693794e+11 1.529212e+12 -1.669313e+12 3.387476e-01 4.147742e-01 -8.445191e-01 -1.915096e+01 0 1
-2.377704e+11 -3.709157e+12 -4.921411e+12 -2.380820e-01 -6.167267e-01 -7.503100e-01 1.936151e+00 0 1
-1.319818e+12 -1.010990e+12 -1.291260e+12 -4.266485e-01 1.496615e-01 -8.919487e-01 -8.736626e+00 0 293506
6.882601e+11 1.256556e+12 -1.023478e+12 1.932904e-01 7.819190e-01 -5.926563e-01 2.103380e-01 0 7842
-2.176238e+12 -5.645203e+11 2.357500e+12 -6.078264e-01 -4.257798e-01 6.702675e-01 1.082989e+01 0 1
3.637978e+12 1.270353e+12 -9.679619e+11 9.705376e-01 8.740604e-02 -2.245371e-01 1.028655e+00 0 1
-4.473956e+11 -5.917275e+11 -1.610471e+12 -1.626786e-01 -8.015995e-01 -5.753033e-01 -8.988412e-01 0 42525
1.597992e+12 3.018828e+11 7.321562e+11 8.364586e-01 4.762661e-01 2.711229e-01 1.169976e+01 0 247227
1.836513e+12 7.917066e+11 -7.014316e+10 8.895585e-01 3.274184e-01 -3.185638e-01 -4.854647e+00 0 15662
7.879341e+11 -1.853773e+12 -3.456046e+12 2.686031e-01 -1.519710e-01 -9.511873e-01 1.140443e+01 0 17753
-3.418477e+11 -2.188743e+12 6.091008e+11 -4.563771e-01 -7.869124e-01 -4.153177e-01 -1.163300e+01 0 33896
1.604098e+12 1.182538e+11 -3.432978e+12 1.922587e-01 2.986631e-01 -9.347925e-01 1.136410e+01 0 1
9.423660e+11 -3.801050e+12 -1.735005e+12 -4.595427e-02 -8.228367e-01 -5.664168e-01 -1.870699e+00 0 28606
-7.931589e+11 -7.731959e+11 1.476602e+12 -7.187371e-01 -1.173609e-01 6.853054e-01 -7.377831e+00 0 209458
-1.240107e+13 -2.221733e+12 -1.038014e+13 -7.652888e-01 -2.146080e-01 -6.068579e-01 1.298789e+00 0 1
1.755896e+12 -2.236660e+12 -7.644483e+10 8.089318e-01 -5.817868e-01 8.457799e-02 1.753277e+01 0 1
3.637886e+12 -6.961563e+10 -3.060759e+12 6.835794e-01 2.177209e-01 -6.966469e-01 -8.786476e-01 0 2
-4.474095e+11 -2.669825e+12 2.153877e+12 -9.131553e-02 -7.651780e-01 6.373100e-01 -3.360549e+00 0 129377
-8.105090e+11 1.213235e+12 -1.665250e+12 -3.737870e-02 8.642245e-01 -5.017158e-01 2.321056e+00 0 39269
-2.038455e+12 -4.098752e+11 -6.010219e+11 -7.503128e-01 -1.013161e-01 -6.532731e-01 -2.077646e+00 0 235812
4.884221e+11 -9.403260e+11 -1.767766e+12 4.463426e-01 -8.597955e-01 -2.480525e-01 2.455669e+00 0 81685
1.529065e+12 -1.426221e+12 -3.434187e+09 7.878916e-01 -3.724023e-01 -4.904521e-01 1.123657e+00 0 1
-1.373359e+12 1.060864e+12 -1.032667e+12 -7.881968e-01 5.210790e-01 -3.274485e-01 -2.096917e+00 0 2010
1.812458e+12 -1.165147e+12 -3.937866e+11 6.306066e-01 -7.482885e-01 2.059117e-01 -1.207013e+01 0 1
-5.731194e+11 1.833911e+12 -5.028732e+11 -1.225591e-02 4.841996e-01 -8.748717e-01 -5.711478e+00 0 41721
1.485951e+12 8.379529e+11 1.806497e+12 6.107174e-01 8.833810e-02 7.869057e-01 -8.452939e+00 0 371617
3.627545e+12 -2.212146e+12 -2.279486e+12 5.908337e-01 -5.238267e-01 -6.136132e-01 4.957988e-03 0 1
-2.761958e+11 1.856523e+12 9.486533e+11 5.439102e-02 9.951900e-01 -8.147666e-02 -9.491273e+00 0 139546
-1.198404e+12 -2.146396e+12 -7.030904e+11 -6.894637e-01 -6.297515e-01 -3.578448e-01 -9.616623e+00 0 3
-7.432356e+11 1.812681e+12 1.446467e+11 -2.029221e-01 9.261690e-01 -3.178577e-01 7.809304e-01 0 134995
-2.226893e+12 -2.561161e+11 8.157786e+11 -9.875509e-01 -3.926962e-02 -1.523190e-01 -4.434880e+00 0 46060
-4.358081e+11 -1.620173e+12 -3.527069e+11 -5.860630e-02 -8.213527e-01 5.674021e-01 -2.011309e+00 0 11251
-1.697315e+12 -1.111873e+12 -7.962162e+11 -9.694338e-01 -6.733639e-02 2.359319e-01 -5.072735e+00 0 73803
1.835726e+11 2.836697e+12 3.397488e+12 -4.248555e-02 5.580451e-01 8.287223e-01 6.337273e+00 0 49912
-1.651863e+12 -4.330688e+11 -1.048519e+12 -9.914038e-01 1.250873e-01 3.836188e-02 -9.800671e+00 0 1
2.262064e+12 -9.138088e+11 4.940325e+11 8.667070e-01 -4.963413e-01 -4.964102e-02 4.348943e-01 0 74898
-6.566708e+12 6.446512e+12 -1.776750e+13 -3.147853e-01 3.671223e-01 -8.752893e-01 8.890894e+00 0 1
-1.573908e+12 -3.971891e+12 1.410637e+11 -3.786789e-01 -9.244786e-01 4.406382e-02 5.345988e+00 0 9143
9.167506e+11 2.154297e+12 3.966836e+11 5.971009e-01 7.969482e-01 9.134586e-02 -9.355338e+00 0 2
-1.514635e+12 -7.366174e+11 1.816499e+12 -6.835140e-01 -5.411711e-02 7.279285e-01 2.967358e+00 0 116570
-5.083122e+12 8.574586e+11 2.037660e+12 -9.452385e-01 7.879589e-02 3.167259e-01 -2.402854e+00 0 134354
-2.033860e+12 7.007002e+12 -6.268022e+12 -1.786022e-01 7.060635e-01 -6.852559e-01 -4.936775e+00 0 3
-1.912090e+12 -1.688861e+11 1.216158e+12 -6.594334e-01 -2.840262e-01 6.960436e-01 1.937043e+00 0 84802
1.114300e+13 9.059433e+12 5.196834e+12 7.205370e-01 5.732547e-01 3.901351e-01 1.020327e+01 0 1
1.522314e+12 -2.772135e+11 -4.497186e+12 5.029207e-01 -1.432503e-02 -8.642138e-01 -5.072899e+00 0 58824
-1.896649e+12 3.101476e+12 -1.514669e+12 -7.052669e-01 5.378831e-01 -4.618229e-01 4.905511e-01 0 1
2.532482e+12 -1.974029e+12 8.346257e+11 6.622635e-01 -7.488874e-01 -2.397269e-02 -1.654747e+01 0 1
-9.378352e+11 -1.385224e+12 4.372713e+11 -5.941680e-01 -4.313626e-01 -6.788893e-01 -7.902136e+00 0 120654
6.418784e+11 -2.794989e+12 -7.171821e+12 -4.625848e-02 -5.023053e-01 -8.634521e-01 -1.702688e+01 0 1
7.170889e+11 1.907362e+12 1.549690e+11 3.881656e-01 9.214287e-01 1.722433e-02 3.467822e+00 0 545670
2.072989e+12 6.341851e+11 1.753180e+12 6.759603e-01 -2.684764e-01 6.862930e-01 -1.140731e+01 0 123814
5.512972e+10 -2.072663e+11 2.895198e+12 4.993567e-01 2.153263e-01 8.392124e-01 -6.344794e+00 0 1
-7.482538e+11 1.069152e+12 1.107852e+12 -7.053517e-01 -5.351036e-01 4.649119e-01 7.650172e+00 0 38789
-2.281462e+12 -4.198917e+12 1.908958e+11 -5.496232e-01 -8.353302e-01 -1.174312e-02 2.888142e+00 0 2
5.221058e+11 -1.366704e+12 -8.595299e+11 -1.056863e-01 -9.352009e-01 -3.379789e-01 -5.501639e+00 0 337444
-1.090046e+12 -1.412382e+12 -3.668842e+12 -6.081047e-01 -1.236787e-01 -7.841634e-01 -2.083298e+01 0 1
-3.944616e+12 -2.477069e+12 -4.130465e+12 -7.123904e-01 -2.923849e-01 -6.379741e-01 -3.893876e-01 0 176016
3.695107e+12 8.217913e+11 -1.534914e+12 9.745978e-01 3.157728e-02 -2.217253e-01 2.179007e+00 0 1
-1.264801e+12 1.960281e+11 -1.532500e+12 -9.772807e-02 3.088268e-01 -9.460841e-01 3.280716e+00 0 211881
-7.635664e+11 -4.825091e+11 -1.942356e+12 -1.389906e-01 -7.517813e-01 -6.445979e-01 9.742825e-01 0 63093
1.539266e+12 -4.359258e+12 5.031767e+11 6.182122e-01 -7.804635e-01 9.322220e-02 2.447913e+00 0 1
-1.135397e+12 -2.404641e+12 -5.963650e+12 -2.687056e-01 -3.481512e-01 -8.981025e-01 -7.042204e+00 0 5
2.661963e+11 -1.572375e+12 5.800905e+11 -3.266893e-01 -7.366578e-01 5.921228e-01 -8.585599e+00 0 1
-1.868544e+12 2.557078e+12 2.868808e+12 -5.737421e-01 5.664833e-01 5.915375e-01 -1.933023e+00 0 30860
1.529124e+12 -3.130171e+12 -4.028113e+11 5.564340e-01 -7.962240e-01 -2.375048e-01 9.710461e+00 0 207118
3.883187e+12 5.382531e+12 1.755339e+12 4.527743e-01 8.303124e-01 3.249256e-01 1.173174e+01 0 1
-6.018562e+11 7.785780e+11 1.523307e+12 -8.730878e-01 -8.248746e-02 4.805346e-01 -1.819054e-01 0 1
1.168448e+12 3.569049e+12 8.746630e+11 4.551735e-01 8.899896e-01 2.711976e-02 1.473737e+00 0 2
-5.604642e+11 -1.471332e+12 1.310357e+12 -5.908164e-01 -7.915594e-01 -1.561080e-01 -7.138265e+00 0 17018
2.306698e+12 -1.848014e+12 -2.960826e+12 5.267474e-01 -4.044664e-01 -7.476257e-01 -6.421650e+00 0 1
3.368895e+11 -1.727764e+12 9.932688e+11 2.419354e-01 -9.535115e-01 -1.796751e-01 -1.823270e+00 0 80035
-4.562934e+12 7.756683e+11 4.410604e+11 -9.561122e-01 2.925397e-01 -1.643055e-02 1.676642e+00 0 98574
-2.378892e+12 2.045359e+12 8.013424e+11 -6.502634e-01 7.596645e-01 -8.212797e-03 -1.041685e+01 0 1
-1.410757e+12 1.091124e+12 8.939046e+11 -8.563046e-01 4.706857e-01 -2.125968e-01 1.173152e+01 0 3
-2.476509e+12 -2.337159e+11 4.317513e+11 -7.294155e-01 -6.347258e-01 2.551001e-01 1.714893e+01 0 1
-2.547661e+12 -5.020749e+12 -2.970011e+12 -1.730642e-01 -8.906559e-01 -4.204531e-01 2.675125e+01 0 1
1.138847e+12 -1.541020e+11 1.856593e+12 2.218711e-02 8.142183e-02 9.964327e-01 4.030117e+00 0 103809
-6.537483e+11 -2.797082e+11 1.547481e+12 1.036080e-01 8.141986e-01 5.712671e-01 -5.502112e+00 0 1
2.728003e+12 9.633779e+11 6.939467e+12 1.880994e-01 3.280099e-02 9.816021e-01 7.716804e+00 0 1
-1.364005e+12 -6.868411e+11 7.536543e+11 -7.985951e-01 -5.714752e-01 1.888439e-01 -1.429768e+00 0 6953
1.087235e+12 -2.659626e+12 1.492065e+11 1.106303e-01 -9.760553e-01 1.872885e-01 2.802164e+00 0 1
-5.639473e+11 5.181111e+11 -1.613120e+12 7.493674e-02 1.483150e-02 -9.970780e-01 8.323680e-01 0 2
4.143688e+11 -3.786784e+12 4.338972e+12 -8.124377e-03 -4.793024e-01 8.776122e-01 5.126986e+00 0 1
3.347183e+12 2.116005e+12 7.416786e+12 3.733068e-01 1.306721e-01 9.184589e-01 -1.029300e+01 0 1
1.720709e+12 1.069994e+12 -7.615308e+11 6.370186e-01 7.430826e-01 2.050258e-01 1.290088e+01 0 3
-1.366600e+12 -4.082072e+12 4.813847e+11 5.262930e-03 -9.604467e-01 2.784143e-01 4.815954e+00 0 2
-1.193380e+12 -1.275952e+12 1.175846e+12 -5.342412e-01 -4.372774e-01 7.234465e-01 -4.807134e+00 0 192615
-1.413886e+12 4.041877e+12 -2.522051e+12 -5.748556e-01 6.916687e-01 -4.371904e-01 4.948989e+00 0 1
4.213129e+12 -2.399940e+12 1.063440e+13 4.444674e-01 -1.816679e-01 8.771804e-01 -8.208414e+00 0 1
1.675526e+12 3.912425e+11 1.894357e+12 4.459452e-01 2.829840e-01 8.491484e-01 -1.873008e+00 0 69934
3.834609e+11 -3.552003e+11 1.615592e+12 1.068019e-02 -5.399160e-01 8.416511e-01 -3.234383e+00 0 90460
-2.196884e+12 -7.036647e+11 8.399511e+11 -8.203860e-01 -5.466479e-01 1.677586e-01 -3.502414e+00 0 1
-9.607893e+11 1.465077e+10 2.230789e+12 7.123857e-02 -4.578098e-02 9.964081e-01 9.903985e-01 0 31242
8.860213e+11 1.027946e+11 -5.309838e+12 1.188867e-02 1.336745e-01 -9.909540e-01 7.047382e+00 0 1
-1.224940e+12 1.013989e+12 -1.076493e+12 -3.217345e-01 2.098256e-01 -9.232877e-01 4.341787e+00 0 43984
2.140254e+12 7.672264e+12 -1.569843e+12 3.762225e-01 9.086743e-01 -1.810183e-01 -1.195688e-01 0 1
-6.423348e+11 -1.006014e+11 1.815144e+12 -7.951755e-02 -2.126134e-01 9.738955e-01 5.100763e+00 0 2
1.244033e+12 5.488898e+11 1.218431e+12 5.722155e-01 5.616898e-01 5.975566e-01 -2.756249e+00 0 111292
-1.306767e+12 -9.274951e+11 5.957786e+11 -6.885285e-01 -4.373364e-01 -5.785027e-01 -4.069022e+00 0 273652
1.399274e+12 -4.660847e+11 -1.020779e+12 7.952025e-01 3.618183e-01 -4.865599e-01 1.301548e+01 0 1
-1.694749e+12 4.308567e+11 -2.653082e+11 -3.922780e-01 7.799156e-01 -4.876983e-01 -8.660927e+00 0 33458
5.306082e+11 -1.636611e+12 2.062782e+11 7.396920e-01 -6.328667e-01 -2.287695e-01 2.260894e+00 0 18215
7.251240e+11 -1.170855e+11 1.659594e+12 -4.427890e-01 4.886053e-01 7.517997e-01 -3.175172e+00 0 375757
1.530027e+12 -3.497242e+10 -1.493730e+12 5.556730e-01 -7.154616e-02 -8.283168e-01 -3.863122e+00 0 101793
1.568434e+12 -1.269139e+12 7.048237e+11 6.428765e-01 -7.621069e-01 7.683042e-02 -4.745204e+00 0 1
-2.344768e+12 -4.538036e+12 -2.401651e+11 -2.989845e-01 -9.487884e-01 1.020237e-01 1.603966e+00 0 1
-7.629830e+10 -1.018995e+12 1.611790e+12 -2.241151e-01 -3.711007e-01 9.011419e-01 2.149883e+00 0 268557
-3.372867e+12 -4.994962e+11 2.786525e+12 -8.907377e-01 -1.671758e-01 4.226566e-01 -5.143249e+00 0 2
1.314344e+12 -1.600884e+12 -3.700607e+10 4.412556e-01 -5.293501e-01 7.246254e-01 -2.415597e+00 0 24251
-4.043876e+12 -3.186455e+12 -8.281224e+11 -7.296379e-01 -5.809067e-01 -3.607991e-01 7.245474e+00 0 1
-1.328955e+12 -2.541786e+11 2.889526e+12 -6.043699e-01 3.325150e-01 7.239964e-01 -8.630711e-02 0 2
6.066507e+11 6.942638e+11 -1.434832e+12 5.067065e-01 1.869117e-01 -8.416130e-01 3.491884e-02 0 29957
-2.246261e+12 1.430966e+12 1.077204e+12 -8.977315e-01 1.921980e-01 3.964065e-01 3.432193e+00 0 2
2.507823e+12 4.446685e+12 4.133583e+12 1.661853e-01 7.779972e-01 6.058901e-01 2.103282e+00 0 2
-2.071360e+12 -5.463879e+11 -5.971749e+10 -9.805158e-01 9.362698e-02 -1.726924e-01 -9.057584e+00 0 139659
2.042342e+12 2.709087e+12 -6.156307e+11 3.806961e-01 8.832943e-01 -2.736087e-01 1.867532e+01 0 1
-4.086877e+11 1.523018e+12 6.337234e+11 2.664991e-01 4.520318e-01 8.512611e-01 -6.974860e+00 0 13893
-1.824540e+12 -9.881838e+10 4.603684e+11 -7.622589e-01 3.339155e-01 5.544924e-01 -1.052346e+01 0 22726
1.543048e+11 -4.476937e+11 -1.659297e+12 -1.860789e-02 4.136549e-01 -9.102436e-01 2.195730e+00 0 6995
3.622371e+11 -6.450995e+11 -2.209670e+12 7.432328e-01 -4.442151e-01 -5.002778e-01 -1.854227e+00 0 623
-9.854153e+11 1.542471e+12 -6.582522e+11 -5.433057e-01 8.077913e-01 2.286748e-01 5.884610e+00 0 1
-7.402069e+11 4.896518e+11 -2.106748e+12 -2.101464e-02 6.231911e-01 -7.817872e-01 -1.385463e+01 0 2
-7.708488e+10 -1.890533e+12 -1.539502e+10 4.215537e-01 -8.137950e-01 -4.000377e-01 3.035185e-01 0 2
1.151300e+12 -7.112468e+11 1.495598e+12 1.427813e-01 -6.487283e-01 7.475059e-01 -5.055420e+00 0 97351
6.907106e+11 -2.822707e+12 -6.508578e+11 6.912991e-02 -9.190373e-01 -3.880612e-01 3.474970e+00 0 1
2.134822e+12 5.764309e+11 2.979972e+11 8.476714e-01 5.284117e-01 4.726803e-02 9.219615e+00 0 2
8.958479e+12 -4.741176e+12 -1.345498e+12 8.706876e-01 -4.315168e-01 -2.360008e-01 1.004737e+01 0 3
1.031685e+12 -6.788280e+11 -4.788730e+12 2.231283e-01 -4.225151e-01 -8.784616e-01 8.229164e+00 0 1
7.421648e+11 -6.324983e+10 -1.763541e+12 7.771417e-01 -3.027548e-01 -5.517158e-01 8.627089e+00 0 2
-1.038176e+13 4.139191e+12 -1.551902e+13 -4.883727e-01 2.487346e-01 -8.364348e-01 7.938822e+00 0 1
-3.964318e+11 -1.057614e+12 -1.278221e+12 3.863132e-01 -7.763329e-01 -4.980656e-01 5.323150e+00 0 253039
-1.153048e+12 -1.383408e+12 1.094345e+12 -5.503391e-01 -5.711889e-01 6.089910e-01 3.821093e+00 0 2
1.634873e+11 -2.337214e+11 1.835367e+12 4.539527e-01 4.043908e-01 7.939742e-01 -9.759605e-01 0 1143
-7.942169e+11 -1.081085e+12 1.038536e+12 -7.176284e-01 -6.946880e-01 4.917350e-02 -3.395877e+00 0 6858
1.203558e+13 -1.813809e+12 -8.795880e+12 7.957044e-01 -1.140897e-01 -5.948429e-01 8.968125e+00 0 1
-2.786863e+11 7.802175e+12 -1.056326e+13 -1.081043e-01 6.130577e-01 -7.826070e-01 -4.252589e+00 0 1
1.290904e+12 3.442216e+12 -8.961283e+11 6.081327e-02 9.612362e-01 -2.689362e-01 1.948567e+00 0 1
-3.535735e+12 -3.845823e+12 -2.906952e+12 -4.343615e-01 -7.090620e-01 -5.554828e-01 -6.526099e+00 0 1
-3.359250e+12 -6.960983e+12 3.048073e+12 -4.996714e-01 -8.209465e-01 2.763610e-01 9.547973e-01 0 1
-8.110051e+10 -9.602540e+11 -2.073459e+12 -3.748139e-01 2.840808e-01 -8.825036e-01 1.775958e+00 0 2
-1.028748e+12 -1.297203e+12 1.761651e+12 -8.177130e-01 -2.203755e-01 5.317707e-01 -1.593475e+00 0 1
2.600804e+12 -5.693032e+12 1.549992e+12 3.166648e-01 -9.082710e-01 2.734360e-01 1.848480e+00 0 1
1.639094e+12 2.158275e+12 6.916737e+11 2.682839e-01 8.180355e-01 5.087649e-01 7.614004e+00 0 3
-2.253850e+12 -5.054720e+11 8.364113e+11 -8.036834e-01 3.036305e-01 5.117631e-01 -1.594923e+01 0 2
8.703964e+11 2.005579e+12 -2.030235e+12 -1.549009e-01 4.873841e-01 -8.593384e-01 1.724597e+01 0 1
-8.580503e+11 1.266009e+12 7.768063e+11 2.194932e-01 6.204016e-01 7.529439e-01 -7.268462e+00 0 21711
1.509577e+12 6.070415e+11 -9.901196e+11 8.347748e-01 5.194834e-01 -1.824499e-01 -4.584865e+00 0 2
-1.438336e+13 -3.864578e+12 3.047941e+12 -9.593546e-01 -1.853349e-01 2.128138e-01 -7.880743e-01 0 1
3.144013e+12 4.409036e+12 1.704092e+12 3.567968e-01 8.199042e-01 4.477199e-01 1.795694e+01 0 1
-1.458743e+12 -4.588048e+12 5.152873e+11 -1.159457e-01 -9.906772e-01 7.152099e-02 1.862437e+01 0 1
-3.947615e+12 -8.971993e+11 2.141010e+12 -7.934163e-01 -3.361673e-01 5.074270e-01 1.075980e-01 0 1
-6.882248e+12 7.563082e+12 2.564392e+12 -5.615244e-01 7.692931e-01 3.047597e-01 -1.263456e+00 0 1
2.582641e+11 3.749087e+11 -1.654189e+12 -7.004106e-01 1.802497e-01 -6.906049e-01 2.971458e+00 0 2480
3.689806e+11 2.829458e+12 -2.889195e+12 1.991012e-01 8.860337e-01 -4.186920e-01 3.409676e+00 0 1
-1.428725e+12 -8.842371e+11 -4.592199e+11 -4.823440e-01 -5.707202e-01 6.645470e-01 -1.268725e+00 0 144383
1.232048e+12 1.342084e+12 1.004717e+12 8.428243e-01 3.436379e-02 5.370906e-01 -1.534632e+01 0 22876
8.595649e+11 -5.584381e+11 -1.379087e+12 9.860194e-01 1.448395e-01 8.238505e-02 3.202858e+00 0 46191
-1.150695e+12 -3.887941e+12 1.153727e+12 -4.116569e-01 -8.828682e-01 2.260141e-01 -1.563740e+01 0 2
-2.246608e+12 3.994356e+11 -5.547946e+11 -6.149194e-01 3.853317e-01 -6.880360e-01 -1.032853e+01 0 64657
1.650667e+11 1.226103e+12 1.311626e+12 4.071083e-01 7.393034e-01 5.363705e-01 -6.118376e+00 0 13560
1.041035e+12 -1.509417e+12 -8.830623e+11 7.966601e-02 -9.761480e-01 -2.019613e-01 -1.049686e+01 0 3
-8.743131e+11 -3.401852e+11 1.420282e+12 -1.096998e-01 -8.725127e-01 4.761171e-01 5.384920e-01 0 54539
6.211849e+11 -2.029283e+12 3.915393e+12 1.276059e-01 -2.051500e-01 9.703763e-01 6.163616e+00 0 201627
-9.594652e+12 -5.576638e+11 -7.190514e+11 -9.782888e-01 -1.767017e-01 -1.082935e-01 3.069667e+00 0 1
-1.121779e+12 4.506252e+11 -1.251143e+12 -5.276857e-01 5.316951e-01 -6.624562e-01 -6.548998e+00 0 82837
2.120508e+12 -4.419949e+11 2.153237e+12 8.908211e-01 4.802082e-02 4.518095e-01 1.224919e+01 0 1
-7.285140e+11 -8.067724e+11 1.694730e+12 -2.306518e-01 -4.036144e-01 8.853785e-01 -3.777428e+00 0 84406
1.475633e+12 5.256309e+11 -6.850313e+11 9.905997e-01 -1.205577e-01 -6.463765e-02 -4.584735e+00 0 4520
2.609632e+12 2.319071e+11 2.651142e+12 6.071503e-01 -1.427571e-01 7.816578e-01 1.612916e+00 0 2
2.095562e+12 -3.777911e+12 3.504097e+12 4.284145e-01 -8.061215e-01 4.082023e-01 -6.390803e+00 0 20795
-5.087436e+12 -9.605095e+11 -1.975470e+12 -8.924226e-01 -4.288969e-02 -4.491574e-01 2.689860e+00 0 1
7.819386e+11 -3.503909e+11 -1.708924e+12 -3.651946e-01 -1.872861e-01 -9.118974e-01 -3.765714e+00 0 345239
2.440551e+12 -1.416849e+12 4.470633e+12 5.858774e-01 -1.624690e-01 7.939468e-01 1.034493e+01 0 1
-6.420610e+11 1.631220e+12 2.204656e+12 -1.575344e-01 9.414366e-01 2.981274e-01 -5.541042e+00 0 10547
4.819598e+11 2.634418e+12 2.287116e+12 -1.274140e-01 8.606211e-01 4.930487e-01 1.404198e+01 0 1
2.240485e+12 -5.685501e+11 -5.092234e+12 5.299193e-01 5.628950e-02 -8.461779e-01 1.134016e+01 0 1
1.100241e+12 -5.544884e+11 1.339885e+12 7.112650e-01 -4.016382e-01 5.768785e-01 3.713045e+00 0 86163
-4.942052e+11 -3.582863e+10 -1.634536e+12 -9.828757e-01 5.948125e-03 -1.841739e-01 1.012208e+00 0 1
-8.041417e+10 2.790327e+12 1.224739e+12 -4.068345e-01 7.166194e-01 5.665177e-01 4.762611e+00 0 3
1.470641e+12 2.336064e+12 4.946110e+12 2.497336e-01 1.331931e-01 9.591104e-01 5.085450e+00 0 1
8.423438e+11 1.276227e+12 2.310953e+12 6.440763e-01 5.300239e-01 5.515799e-01 -7.212355e+00 0 7608
6.234520e+11 5.830252e+11 -2.195522e+12 2.507970e-01 4.963491e-01 -8.311067e-01 8.145286e+00 0 1
-1.493304e+12 -7.443103e+09 -1.387220e+12 -9.071188e-01 2.330927e-01 -3.504330e-01 -8.282937e+00 0 1
-6.055862e+12 3.431845e+12 4.660226e+12 -7.641442e-01 3.420118e-01 5.469110e-01 -3.384328e+00 0 3
-9.392462e+11 -1.407656e+12 2.130368e+11 -3.410379e-01 -7.392435e-01 5.806998e-01 1.041955e-01 0 121106
2.646151e+11 8.511169e+11 1.443522e+12 -8.678793e-01 2.183198e-01 4.462308e-01 8.673277e+00 0 316490
-5.060785e+11 2.796040e+12 8.399633e+11 3.921509e-01 8.282755e-01 4.002217e-01 -2.623762e+01 0 1
1.607452e+12 -1.450610e+11 -6.464997e+11 6.981822e-01 -5.786023e-01 -4.216172e-01 -1.050068e+01 0 27473
4.348161e+11 -2.781376e+11 1.679152e+12 3.020866e-01 -3.149461e-01 8.997514e-01 -4.376326e+00 0 24682
1.371538e+11 -2.616500e+12 -3.907100e+11 4.475537e-01 -8.772521e-01 1.735640e-01 3.205667e+00 0 1
-4.617607e+12 -8.383106e+11 7.854456e+12 -5.106929e-01 -8.390497e-02 8.556593e-01 -5.328336e+00 0 41514
9.298166e+11 1.644492e+11 -1.738299e+12 5.374178e-02 -3.398833e-01 -9.389309e-01 -1.420992e+01 0 1
-1.971617e+12 8.047067e+11 -6.372161e+11 -7.299470e-01 -2.031114e-01 -6.526279e-01 3.714832e+00 0 55247
3.146638e+11 1.189942e+12 1.848289e+12 -1.717101e-01 9.339340e-01 3.135010e-01 2.925350e-01 0 201703
1.645267e+12 3.701772e+11 2.122529e+12 7.999347e-01 1.155696e-01 5.888533e-01 2.701353e+00 0 61525
2.489108e+12 2.111628e+12 6.087414e+11 8.105169e-01 5.786171e-01 -9.091026e-02 2.805817e+00 0 125876
-9.113954e+11 -3.059801e+12 4.004394e+11 -9.605528e-02 -9.527399e-01 2.882013e-01 9.399080e-02 0 154472
-2.698567e+12 -1.836300e+12 -2.700780e+12 -8.428762e-01 -2.038582e-01 -4.979976e-01 -1.877299e+01 0 1
1.695432e+12 8.975795e+11 -6.143890e+10 2.486665e-01 9.564226e-01 -1.530385e-01 7.920316e+00 0 48157
2.244817e+12 5.932491e+11 -6.335357e+11 8.559406e-01 1.725402e-01 -4.874378e-01 -4.450421e+00 0 9730
9.091180e+11 -2.985759e+12 -5.065511e+11 -1.929660e-01 -9.256029e-01 -3.256124e-01 -2.653958e+01 0 1
-6.763322e+12 -5.015939e+11 -7.455133e+12 -5.962153e-01 3.492427e-02 -8.020646e-01 -1.522905e+01 0 1
1.657462e+12 6.732459e+12 -1.474106e+12 1.248736e-01 9.594450e-01 -2.527288e-01 1.517853e+01 0 1
-6.964979e+12 1.807780e+12 -2.091640e+12 -9.380451e-01 8.888911e-02 -3.349182e-01 1.514440e+01 0 1
-9.625064e+11 3.246674e+11 1.370103e+12 -6.278507e-01 -6.186540e-01 4.723037e-01 8.709648e+00 0 2
9.207517e+12 -7.728980e+12 4.159511e+12 6.990019e-01 -6.654294e-01 2.619163e-01 -1.725644e+01 0 2
1.346078e+11 -2.161517e+12 -1.596683e+10 4.872678e-01 -7.478011e-01 4.509584e-01 1.174175e+01 0 2
1.432604e+12 1.516400e+12 4.132735e+11 6.077541e-01 7.856790e-01 1.155139e-01 5.759218e+00 0 77750
-1.295518e+12 7.753943e+11 -8.678372e+11 -3.656572e-01 4.345015e-01 -8.231058e-01 3.442334e+00 0 21833
1.812505e+12 -6.986204e+11 -1.811781e+12 4.047062e-01 -6.384898e-01 -6.546324e-01 -4.814393e+00 0 1
3.800518e+12 5.875074e+12 -3.132581e+11 5.980207e-01 8.005796e-01 -3.799474e-02 2.499415e-01 0 151624
-8.948322e+11 1.515398e+11 -2.674717e+12 -3.418122e-01 1.021129e-01 -9.342041e-01 4.610571e+00 0 153696
1.709795e+11 1.235002e+12 -1.372694e+12 1.898467e-01 3.341094e-01 -9.232167e-01 3.115007e+00 0 213001
3.190522e+12 -6.630274e+11 -2.934965e+12 7.240609e-01 3.098254e-03 -6.897291e-01 1.185965e+01 0 1
-8.858841e+11 1.099649e+12 1.125071e+12 3.029899e-01 4.502646e-01 8.399160e-01 -9.631269e+00 0 6
7.615209e+11 4.619573e+12 -1.038475e+12 -5.721572e-02 9.645974e-01 -2.574454e-01 -4.218083e-01 0 1
-1.076660e+12 5.058569e+11 -1.732138e+12 -5.465170e-01 1.119325e-01 -8.299339e-01 4.409119e+00 0 116289
7.895694e+11 -2.432699e+12 1.745156e+12 1.600038e-01 -8.911980e-01 4.244583e-01 -7.788040e+00 0 3
-1.124023e+12 2.054099e+11 -1.367861e+12 -4.385304e-02 -2.054485e-01 -9.776849e-01 1.631798e+00 0 106819
6.749117e+11 -1.257036e+12 -1.229772e+12 7.631687e-01 -6.386611e-01 9.841509e-02 8.301311e-01 0 1
2.026327e+12 -9.672388e+11 -1.413622e+12 9.027410e-01 -3.910447e-01 -1.792841e-01 4.058305e+00 0 1
-8.338590e+11 1.528867e+12 4.193155e+11 -2.322561e-02 9.148358e-01 4.031576e-01 -7.072409e+00 0 123699
3.674116e+12 3.310668e+11 -7.816844e+11 9.774377e-01 -1.234884e-02 -2.108627e-01 -1.413300e+01 0 1
7.147947e+11 4.267286e+11 -2.523231e+12 -2.428586e-03 4.485980e-01 -8.937303e-01 -6.525734e+00 0 3
-1.640918e+12 -5.558070e+11 -3.157956e+11 -6.452006e-01 -2.953018e-01 7.046368e-01 -4.210759e+00 0 28799
-1.451427e+12 -7.055553e+11 -1.323376e+12 -9.581531e-01 1.557342e-01 -2.401863e-01 -1.196052e+01 0 105142
-2.311593e+12 -6.048635e+11 1.727021e+11 -9.746432e-01 -1.868909e-01 1.230545e-01 5.105555e-01 0 1
-9.311375e+11 2.456182e+11 1.933151e+12 -6.447879e-01 3.217422e-01 6.933473e-01 -6.504891e+00 0 20628
-1.729180e+12 1.772582e+12 -4.014284e+11 -7.446012e-01 6.200469e-01 2.472061e-01 -5.341473e+00 0 2
5.880055e+11 -2.306545e+11 -1.709463e+12 5.221149e-02 3.482105e-01 -9.359612e-01 7.801253e-01 0 71180
2.083829e+12 -5.890569e+10 -2.638898e+12 7.180183e-01 -2.333332e-01 -6.557480e-01 -1.014716e+01 0 14432
1.314365e+12 1.138702e+10 -1.517356e+12 1.655093e-01 -9.284600e-02 -9.818280e-01 3.069458e+00 0 42957
4.187191e+11 -1.286236e+12 1.023448e+12 7.258684e-01 -6.878300e-01 -2.237887e-03 6.746750e+00 0 34513
8.530823e+11 -1.068298e+12 -1.132305e+12 7.080187e-01 -5.053523e-01 -4.932835e-01 5.733334e-01 0 53520
1.374945e+12 -1.002398e+12 1.098626e+12 -1.651506e-02 -6.172008e-01 7.866323e-01 -1.121793e+01 0 56275
1.394651e+11 1.403413e+12 2.028511e+12 -2.613415e-01 3.945513e-01 8.809256e-01 6.629112e+00 0 4927
9.396999e+11 3.226004e+12 -3.394494e+12 4.057687e-01 5.815198e-01 -7.051145e-01 -2.951263e+00 0 69182
2.163495e+12 8.970187e+11 -4.085666e+12 4.977087e-01 1.025206e-01 -8.612639e-01 1.342369e+00 0 7
1.190155e+11 -1.602701e+12 -9.766578e+11 -6.233773e-02 -8.666517e-01 4.950038e-01 -4.129409e+00 0 55777
-3.517404e+12 1.077537e+12 1.386000e+11 -8.834785e-01 2.185090e-01 4.143906e-01 5.162302e+00 0 3898
-6.649349e+11 1.920882e+12 6.516673e+11 -2.324567e-01 9.224838e-01 -3.082006e-01 3.875254e+00 0 105790
-2.796382e+11 2.338291e+12 2.340000e+11 3.362525e-01 9.335085e-01 1.244838e-01 -1.887977e+01 0 1
1.628057e+12 -8.210119e+11 6.853394e+11 9.093087e-01 -3.738512e-01 -1.827377e-01 -1.774750e+00 0 1
4.991890e+12 -4.634324e+12 4.725800e+12 4.761845e-01 -5.968409e-01 6.457780e-01 3.006058e-01 0 40147
1.148083e+12 -1.012584e+12 1.456791e+12 9.044282e-01 -2.402570e-01 3.525424e-01 1.121672e+01 0 54719
-4.114186e+11 2.887409e+12 -8.099100e+11 2.147190e-03 9.993811e-01 3.511147e-02 6.993230e-01 0 1
1.371271e+12 1.472232e+12 -1.408073e+12 7.142057e-01 3.649808e-01 -5.972431e-01 2.234692e-01 0 1
-1.519046e+12 -1.824808e+12 -8.936908e+11 -5.470595e-01 -8.276549e-01 -1.253530e-01 6.393976e+00 0 4
2.098231e+12 -4.836988e+11 -2.343436e+11 8.761927e-01 4.792737e-01 -5.082285e-02 1.712176e+01 0 19578
1.750616e+12 1.700545e+12 -2.321074e+12 2.603196e-01 3.076896e-01 -9.151835e-01 6.629590e+00 0 131528
6.772996e+11 -5.558865e+11 -1.943904e+12 -9.660805e-02 -2.463270e-01 -9.643598e-01 -6.081986e+00 0 1
-2.329616e+11 -1.241427e+12 -1.385929e+12 3.295975e-01 -7.939591e-01 -5.108761e-01 1.522819e+00 0 72663
1.992547e+12 -1.541368e+12 2.231528e+12 3.961116e-01 -6.370310e-01 6.612769e-01 1.906312e-01 0 16291
1.009554e+12 -9.736311e+11 1.007566e+12 6.075941e-01 5.369708e-01 5.852280e-01 1.335388e+01 0 160117
1.078274e+12 -8.982171e+11 1.455566e+12 9.091300e-01 -4.066509e-01 9.009786e-02 -1.441160e+00 0 466
3.017714e+12 5.459486e+12 -5.445949e+12 3.193899e-01 6.504354e-01 -6.891472e-01 -6.707963e+00 0 1
-3.396629e+11 1.994331e+12 -2.661231e+11 -1.364824e-01 8.580942e-01 -4.950221e-01 1.981911e+00 0 1
-1.913059e+12 9.344491e+11 -2.936158e+12 -3.513586e-01 2.998840e-01 -8.869142e-01 1.389606e+00 0 1
5.424543e+10 5.612786e+11 -1.599594e+12 -1.964150e-01 2.468540e-01 -9.489385e-01 1.394004e+00 0 7719
5.910611e+11 -6.136016e+11 1.466588e+12 9.621807e-01 1.006974e-01 -2.531172e-01 5.880417e+00 0 29409
5.311727e+12 -9.327691e+10 1.926974e+12 8.773776e-01 -2.032960e-01 4.346024e-01 -1.730133e+01 0 1
-1.111897e+12 -1.245838e+12 -3.349007e+11 -4.100414e-01 -5.199905e-01 -7.493170e-01 -5.918416e-01 0 32826
5.987871e+11 1.739765e+12 1.927145e+12 3.459252e-01 9.134513e-01 2.143419e-01 -7.094056e+00 0 72470
3.603849e+12 7.128061e+12 1.493761e+11 4.560755e-01 8.894809e-01 -2.861442e-02 -5.020223e+00 0 1
-1.390569e+12 -1.092590e+12 1.067492e+12 -4.752861e-01 -1.600067e-01 8.651595e-01 -5.343099e+00 0 99274
-1.308104e+12 1.064299e+12 2.120353e+11 -8.357908e-01 5.245867e-01 -1.620570e-01 3.595290e+00 0 50274
-1.773513e+12 -1.533657e+10 2.057029e+12 -4.308067e-01 4.597014e-01 7.765823e-01 -1.362480e+01 0 1
8.254735e+11 -2.152191e+12 1.687588e+11 5.432813e-01 -7.388048e-01 -3.987642e-01 4.807215e+00 0 86975
2.507566e+11 2.875810e+12 3.910620e+12 -4.632708e-02 6.570935e-01 7.523842e-01 -1.874412e+00 0 399830
-6.005744e+12 8.194867e+12 6.245602e+12 -4.068350e-01 7.123375e-01 5.718921e-01 -2.067609e+01 0 1
-1.152429e+12 1.689263e+12 3.186600e+11 -4.516208e-01 8.819563e-01 1.348770e-01 -7.089002e+00 0 242437
-4.567236e+10 -2.780128e+12 2.270677e+11 -4.802445e-02 -9.758641e-01 -2.130327e-01 -4.311331e+00 0 105777
1.825591e+12 -4.709822e+11 8.079756e+11 7.037948e-01 1.054719e-01 7.025301e-01 9.360536e+00 0 5
5.283626e+11 3.077719e+12 -3.947620e+12 1.321022e-01 8.262814e-01 -5.475473e-01 3.824163e+00 0 1
-8.036184e+11 2.829321e+11 2.839214e+12 -2.027799e-01 2.540948e-01 9.456829e-01 -4.667056e+00 0 286173
3.079709e+12 3.927444e+12 -9.568697e+10 7.199415e-01 6.923702e-01 -4.803887e-02 -9.415565e+00 0 171427
4.718054e+11 -1.959617e+12 -3.709773e+12 1.813726e-01 -1.108354e-01 -9.771487e-01 1.059376e+01 0 1
1.322789e+12 8.414321e+11 8.558412e+11 1.959027e-01 7.861433e-01 5.861748e-01 1.618008e+01 0 1
-1.051992e+12 6.481769e+11 1.700412e+12 -9.237771e-01 1.840798e-01 3.357833e-01 3.008738e+00 0 116844
4.599163e+12 2.974338e+12 1.433844e+13 2.266500e-01 2.567958e-01 9.395135e-01 1.507588e+01 0 1
2.169910e+12 1.175684e+12 -3.761038e+11 8.891137e-01 4.086570e-01 2.060979e-01 2.657606e+00 0 4
1.645997e+12 4.057415e+11 -2.029139e+11 9.162576e-01 -4.004209e-01 1.161947e-02 -8.396072e+00 0 158933
2.223197e+12 -1.016315e+12 -1.226673e+12 8.186315e-01 -3.015017e-01 -4.888141e-01 -1.009843e+01 0 1
-2.089540e+13 -1.504106e+13 3.683717e+12 -7.775621e-01 -6.156331e-01 1.280359e-01 -1.545050e+00 0 1
-6.979424e+11 -1.491967e+12 6.893461e+11 -2.289791e-01 -9.333206e-01 2.765525e-01 -1.822445e+00 0 1
-2.182917e+11 2.050429e+12 -6.126460e+12 2.460021e-02 4.388701e-01 -8.982137e-01 2.650493e+00 0 2
-1.068357e+12 -3.592488e+11 2.290001e+12 -3.110584e-01 -8.222750e-02 9.468270e-01 -6.985271e+00 0 38962
-8.176453e+11 -1.369688e+12 -9.157495e+11 -8.243552e-01 5.791024e-02 -5.631029e-01 -7.042729e+00 0 2
-1.524762e+12 6.850451e+11 1.298043e+12 -9.871787e-01 -1.502420e-01 5.390305e-02 1.376468e+01 0 1
1.374698e+12 -1.362699e+12 8.540161e+10 9.379326e-01 -3.058014e-01 -1.636091e-01 1.771973e+00 0 3
1.084946e+12 2.664638e+12 1.904851e+11 3.915825e-01 9.186489e-01 5.241474e-02 -6.747769e+00 0 1
-4.267023e+12 2.683763e+12 -6.542520e+11 -7.861910e-01 6.178970e-01 -1.034308e-02 -5.492863e-01 0 68196
1.895346e+12 -6.980961e+09 1.938792e+12 9.069717e-01 2.835274e-01 3.114714e-01 8.440640e+00 0 19671
-9.360254e+11 1.160985e+11 -1.414935e+12 -7.655973e-02 1.678401e-01 -9.828369e-01 -3.950094e+00 0 1
-4.883214e+11 -2.667632e+11 1.602656e+12 -9.340497e-01 3.368417e-01 1.186964e-01 -2.029725e+00 0 111768
-1.969286e+12 -3.261366e+11 -2.815289e+12 -7.960986e-01 -1.748125e-01 -5.793683e-01 -1.928706e+00 0 92325
-9.874320e+10 -2.660469e+12 1.988306e+12 9.351181e-02 -9.267192e-01 3.639327e-01 4.647863e+00 0 285618
-1.468422e+12 -4.145481e+12 -2.641503e+11 -4.527982e-01 -8.817319e-01 -1.323733e-01 2.702648e+00 0 1
-1.154279e+12 -2.927835e+11 -1.574263e+12 -5.536128e-01 -4.079309e-01 -7.260202e-01 -2.803309e+00 0 179542
-1.993824e+12 2.365784e+12 -1.185929e+11 -7.002169e-01 6.333002e-01 -3.295863e-01 1.743007e-01 0 139
2.029710e+12 -3.512342e+12 -1.543629e+12 3.165429e-01 -7.029699e-01 -6.368939e-01 -8.818975e+00 0 35002
6.586470e+11 1.156493e+12 1.291740e+12 2.693353e-01 5.297036e-01 8.042839e-01 -5.887921e+00 0 1
2.774520e+10 -3.123842e+12 7.300015e+11 -3.390759e-01 -9.372354e-01 8.134665e-02 -1.603872e+01 0 1
1.082915e+12 -1.380159e+12 -4.052208e+11 -3.007866e-01 -5.479897e-01 -7.805349e-01 -1.335173e+01 0 42763
6.648744e+11 6.935775e+11 -1.432884e+12 1.618764e-01 2.989351e-01 -9.404434e-01 -4.245272e+00 0 2
3.895739e+12 -1.135312e+13 8.524979e+11 3.133111e-01 -9.496231e-01 -7.216270e-03 -1.112063e+01 0 1
2.997658e+12 -1.780115e+12 1.854396e+12 8.081683e-01 -3.800392e-01 4.499269e-01 -2.337660e+00 0 183885
-6.464889e+11 1.086537e+12 -1.534663e+12 -1.632252e-01 9.406362e-01 -2.975921e-01 3.888361e-01 0 157453
-1.064800e+11 3.618600e+11 -1.708667e+12 -4.953802e-01 -1.099446e-01 -8.616906e-01 -7.058231e-01 0 45576
1.992498e+12 3.481407e+11 2.044080e+12 7.015792e-01 -3.701408e-01 6.089190e-01 -1.179836e+01 0 1
-1.065398e+12 -2.060801e+12 -4.866679e+11 -4.166622e-01 -7.214211e-01 -5.531222e-01 3.798875e+00 0 1
4.224553e+11 -1.102191e+12 -1.340942e+12 -2.426906e-01 -8.650584e-01 -4.390618e-01 -2.412679e+00 0 7446
2.024301e+11 -2.763376e+12 1.504941e+10 -1.199642e-01 -8.309657e-01 5.432353e-01 -9.916957e-01 0 85872
1.853869e+12 1.022492e+12 -9.059972e+09 7.952528e-01 5.739622e-01 1.952956e-01 5.313688e+00 0 1
4.936565e+11 -2.324188e+12 1.167933e+12 1.492401e-01 -9.102301e-01 3.862751e-01 8.110720e+00 0 1
-9.087224e+11 1.546385e+12 -5.723022e+11 8.132749e-02 7.362327e-01 -6.718238e-01 -1.110279e+01 0 93356
1.044203e+12 -6.493967e+11 1.478625e+12 5.252408e-02 -2.645477e-01 9.629412e-01 -8.162106e+00 0 1
3.778628e+12 -1.274269e+12 -1.687759e+12 7.671071e-01 -4.184532e-01 -4.862547e-01 -9.826803e+00 0 1
-1.325053e+12 -7.056149e+11 1.512129e+12 -6.427024e-01 -3.344724e-01 6.892473e-01 -4.994970e+00 0 100988
2.012158e+11 8.494755e+11 2.160077e+12 -1.142108e-01 1.725694e-01 9.783536e-01 -2.803196e+00 0 2856
-6.725075e+10 1.579821e+11 -1.988600e+12 -1.150034e-01 -2.463686e-01 -9.623288e-01 3.343898e+00 0 14655
-3.808723e+11 3.032519e+12 2.069397e+12 -1.689495e-01 8.270373e-01 5.361580e-01 -4.131433e+00 0 1
-2.024194e+12 -4.340142e+11 -2.031961e+12 -3.401359e-01 -3.925214e-01 -8.545376e-01 1.578399e+01 0 1
1.643051e+11 -1.720456e+12 3.163966e+11 3.814240e-01 -6.225146e-01 6.833676e-01 3.746770e+00 0 31501
-7.142766e+12 -5.847046e+12 -2.517681e+12 -7.474841e-01 -6.397166e-01 -1.789700e-01 1.190446e+01 0 1
-7.199366e+11 1.368244e+12 7.109652e+11 -4.832345e-01 4.643163e-01 -7.422229e-01 5.419610e+00 0 253002
8.065681e+11 9.565421e+11 1.542133e+12 4.165812e-01 -1.953661e-01 8.878582e-01 -9.619615e+00 0 98066
-1.032967e+12 4.176120e+10 1.588424e+12 -8.309176e-01 3.324702e-01 4.461383e-01 -6.152545e+00 0 52020
1.503859e+12 -4.393260e+11 -6.508646e+11 -7.953626e-02 -1.865311e-01 -9.792242e-01 -3.511236e+00 0 57057
-1.803759e+12 -3.686726e+12 -1.063220e+12 -5.765921e-02 -9.625333e-01 -2.649623e-01 2.177928e+01 0 1
-2.582263e+12 -3.604708e+12 -2.030334e+12 -3.200808e-01 -9.013078e-01 -2.918776e-01 9.698429e-02 0 1
1.682641e+12 -3.222924e+11 5.208352e+11 2.904656e-01 -9.544724e-01 -6.791270e-02 -1.206673e+01 0 6726
1.205976e+13 -2.085355e+13 1.408637e+13 4.317155e-01 -7.210528e-01 5.419452e-01 1.119167e+01 0 2
-1.552106e+12 -1.488556e+12 -9.003803e+11 -6.418874e-01 -4.754873e-01 -6.015750e-01 -9.003756e+00 0 2
1.707956e+12 9.466469e+11 -1.296296e+12 8.965962e-01 4.356629e-01 -7.945486e-02 2.847404e+00 0 4
6.430196e+11 -2.631661e+12 -1.177223e+12 -1.607523e-01 -8.298325e-01 -5.343563e-01 -1.928561e+01 0 1
-1.572709e+12 1.293779e+12 -6.399865e+11 -8.933762e-01 4.303506e-01 1.291404e-01 -1.442868e+00 0 8168
-2.090841e+12 -7.576866e+12 1.116913e+12 -3.277140e-01 -9.437356e-01 4.434781e-02 -1.313265e+01 0 1
7.323577e+11 5.023014e+10 1.531640e+12 -5.536539e-01 -2.574877e-01 7.919391e-01 3.911879e-01 0 22258
1.825783e+12 -3.245667e+11 3.959880e+12 5.208385e-01 9.449844e-02 8.484087e-01 -7.215718e+00 0 1
2.381294e+12 -3.263932e+12 -1.051478e+12 5.066180e-01 -7.957526e-01 -3.318374e-01 4.521060e-01 0 60354
1.519996e+11 -3.037704e+12 -4.399117e+11 -6.439335e-02 -9.871771e-01 -1.460648e-01 -9.027052e+00 0 305606
1.599400e+12 -7.591797e+11 4.181887e+11 9.327520e-01 2.853934e-01 2.202825e-01 4.570448e-01 0 1
-2.801518e+11 -4.843599e+11 1.802254e+12 4.188247e-01 4.013311e-02 9.071798e-01 -3.212225e+00 0 3
-5.492639e+12 -5.273747e+12 -1.834285e+12 -5.964378e-01 -7.130770e-01 -3.684876e-01 -2.220186e+00 0 1
1.233034e+12 -8.089155e+11 -1.302077e+12 3.563786e-01 -5.661754e-01 -7.432629e-01 -8.635957e-01 0 3
-8.187506e+11 -2.528934e+11 1.479703e+12 8.899156e-02 -6.453152e-01 7.587152e-01 9.508900e-01 0 2
-1.709269e+12 1.170102e+12 -5.786072e+10 -2.015731e-01 7.750556e-01 -5.988799e-01 -1.467078e+01 0 3
1.526380e+12 1.458900e+12 6.712503e+11 8.533836e-01 5.064226e-01 -1.235823e-01 -1.937826e+00 0 105654
1.364832e+12 1.397153e+12 -2.073763e+11 8.673286e-01 3.489816e-01 -3.548985e-01 -2.314372e+00 0 22351
5.883784e+12 -1.476313e+12 6.057360e+12 7.579865e-01 -1.405734e-01 6.369423e-01 1.002647e+01 0 2
7.754484e+11 -1.616789e+12 -1.405311e+12 7.514046e-01 -3.337827e-01 -5.691926e-01 1.148551e+01 0 45279
-2.075615e+11 1.774412e+12 -1.323827e+12 -5.902579e-01 6.597823e-01 -4.650623e-01 5.783040e+00 0 138239
