# 781
7.813359e+11 -1.225699e+13 -1.100637e+13 2.525317e-01 3.624557e-01 -8.971364e-01 0.000000e+00 1
6.898856e+12 -6.353961e+12 6.961962e+12 6.776206e-01 -5.371564e-01 5.022880e-01 0.000000e+00 1
1.393677e+13 -4.883384e+12 7.503265e+12 -8.888757e-01 1.410847e-01 4.358843e-01 0.000000e+00 1
8.531075e+11 -6.158243e+12 7.196577e+12 -9.848713e-01 1.182825e-01 -1.266405e-01 0.000000e+00 1
-9.499131e+11 7.244370e+12 4.623437e+11 8.073852e-01 5.274122e-01 -2.645100e-01 0.000000e+00 1
-1.196391e+13 1.313261e+12 -4.713901e+12 -8.716400e-01 -2.003688e-01 4.473210e-01 0.000000e+00 1
4.978616e+12 -1.248963e+13 1.026486e+13 1.342680e-02 8.635708e-01 5.040487e-01 0.000000e+00 1
-2.213521e+12 9.879867e+12 1.851203e+12 -4.354425e-01 -5.075566e-01 -7.434891e-01 0.000000e+00 1
3.908753e+12 1.436943e+13 4.075051e+12 -8.493261e-02 1.871510e-01 9.786526e-01 0.000000e+00 1
1.657770e+12 -4.523197e+12 1.596827e+13 -8.557595e-01 3.159860e-01 -4.096687e-01 0.000000e+00 1
6.140855e+12 -1.299947e+13 3.157462e+12 -4.064402e-01 -7.801119e-01 -4.756383e-01 0.000000e+00 1
1.261281e+12 1.530154e+13 -2.096512e+12 9.312584e-01 -2.289022e-01 2.834811e-01 0.000000e+00 1
9.341070e+12 1.288780e+13 -4.079249e+12 8.630533e-01 -4.994416e-01 -7.547852e-02 0.000000e+00 1
-8.159767e+12 1.061171e+13 -5.301766e+12 -6.562304e-01 -3.114523e-02 7.539176e-01 0.000000e+00 1
-7.634202e+11 3.491324e+12 6.889905e+12 -1.428866e-01 9.892699e-01 -3.047090e-02 0.000000e+00 1
-1.211278e+13 8.219416e+12 7.667073e+12 5.643181e-01 -6.995713e-01 -4.383436e-01 0.000000e+00 1
-7.950778e+11 7.682574e+12 -1.435174e+13 8.489300e-01 -5.259841e-01 -5.156135e-02 0.000000e+00 1
-2.024261e+12 8.139601e+12 1.126235e+13 9.485246e-01 -2.900126e-01 1.272545e-01 0.000000e+00 1
1.220751e+13 5.906705e+12 8.479901e+12 5.116831e-01 7.952246e-01 -3.252665e-01 0.000000e+00 1
-1.523793e+13 -3.875449e+12 -3.147722e+12 5.562524e-01 -7.000445e-01 -4.477957e-01 0.000000e+00 1
2.931433e+12 -2.250712e+12 -1.553325e+13 1.752862e-01 9.728158e-01 1.513415e-01 0.000000e+00 1
6.493507e+12 2.494087e+12 3.981626e+12 -3.426821e-01 -6.462438e-01 6.818636e-01 0.000000e+00 1
-1.207801e+13 -2.446031e+12 3.939620e+12 -3.185665e-01 6.897142e-01 6.502382e-01 0.000000e+00 1
-1.067578e+13 9.574659e+12 -4.593427e+12 -6.908071e-01 1.007759e-01 -7.159817e-01 0.000000e+00 1
-1.151871e+13 3.102262e+12 -1.166123e+13 -6.164974e-01 5.665970e-01 5.467163e-01 0.000000e+00 1
-1.198597e+13 -7.944323e+12 -2.101618e+12 -3.646119e-01 9.212920e-01 1.352003e-01 0.000000e+00 1
-6.266578e+12 -4.768845e+12 1.459507e+12 1.324808e-01 3.165773e-01 9.392697e-01 0.000000e+00 1
-7.419780e+12 -6.758941e+12 -1.994387e+12 -5.417326e-01 2.727559e-01 -7.950660e-01 0.000000e+00 1
-2.844214e+12 5.590795e+12 1.124910e+13 -9.640063e-01 2.053935e-01 1.688352e-01 0.000000e+00 1
-4.634788e+12 6.028800e+12 -1.471200e+13 -7.076002e-03 -4.128271e-01 9.107819e-01 0.000000e+00 1
1.550862e+12 9.798631e+12 -4.729854e+12 3.518830e-01 9.360397e-01 2.828338e-03 0.000000e+00 1
9.310991e+12 -3.369419e+12 4.876564e+12 -9.651130e-01 -5.225938e-02 2.565654e-01 0.000000e+00 1
6.421783e+12 -1.164989e+13 -6.987727e+12 4.712938e-02 -9.963180e-01 -7.161908e-02 0.000000e+00 1
6.757684e+12 1.172836e+13 -5.164888e+12 -6.067577e-01 -6.516551e-02 7.922112e-01 0.000000e+00 1
-1.211248e+13 -1.049206e+13 -2.940584e+12 -4.049282e-01 -2.153197e-01 8.886341e-01 0.000000e+00 1
-6.397176e+12 -6.306018e+12 1.372875e+13 3.010832e-01 7.569449e-01 -5.799856e-01 0.000000e+00 1
2.698091e+11 -1.191250e+13 6.968406e+12 -5.225699e-01 -9.250536e-03 -8.525463e-01 0.000000e+00 1
-1.349926e+13 -4.777615e+12 3.782699e+11 -7.296813e-01 6.199898e-01 -2.884056e-01 0.000000e+00 1
-5.657553e+11 -3.318046e+12 1.282148e+13 1.113983e-01 9.813924e-01 1.563947e-01 0.000000e+00 1
-1.153004e+12 5.589931e+11 -1.508312e+13 -7.781371e-01 5.178169e-01 3.554834e-01 0.000000e+00 1
-2.451179e+12 -6.598205e+12 1.093754e+13 -4.278775e-01 4.567514e-01 7.799353e-01 0.000000e+00 1
-2.245790e+12 1.167754e+13 4.894512e+11 -6.467119e-01 3.740524e-01 -6.647169e-01 0.000000e+00 1
1.513976e+13 1.636526e+12 5.506341e+12 -4.091675e-01 -8.830460e-01 2.298081e-01 0.000000e+00 1
8.373106e+12 -4.043992e+12 6.220437e+12 2.931206e-01 3.353019e-01 -8.953507e-01 0.000000e+00 1
-1.175914e+13 -3.412991e+12 -2.513854e+12 -8.722408e-01 1.786072e-01 -4.552971e-01 0.000000e+00 1
4.414002e+12 6.526706e+11 -1.070798e+13 -7.183122e-01 6.685282e-01 -1.926075e-01 0.000000e+00 1
3.675249e+12 -1.161927e+13 -4.907111e+12 -5.209094e-01 -8.146114e-01 2.550718e-01 0.000000e+00 1
4.206510e+12 4.767794e+12 1.002262e+13 8.396641e-01 1.984856e-01 5.055370e-01 0.000000e+00 1
-6.264903e+12 2.277205e+12 1.541532e+13 4.204269e-01 3.929616e-01 8.178157e-01 0.000000e+00 1
3.740055e+11 -9.245019e+12 -1.401051e+13 -1.007773e-01 -1.133822e-01 -9.884272e-01 0.000000e+00 1
-6.585028e+12 -4.831491e+12 -1.334601e+13 -3.752748e-01 6.356887e-01 -6.745878e-01 0.000000e+00 1
-1.178355e+12 5.446449e+12 -4.768848e+12 -9.206338e-01 2.317023e-01 3.142410e-01 0.000000e+00 1
-9.737294e+12 -1.005613e+13 -7.538534e+12 -9.259963e-01 1.495936e-01 3.466304e-01 0.000000e+00 1
-5.545636e+12 -1.942266e+12 5.056714e+12 2.962597e-01 8.976868e-01 -3.261726e-01 0.000000e+00 1
-1.351663e+10 1.143970e+13 9.334752e+12 -4.522128e-01 -4.336770e-01 -7.793765e-01 0.000000e+00 1
3.164726e+10 -4.136985e+11 5.701190e+12 1.171401e-01 -1.763927e-01 -9.773248e-01 0.000000e+00 1
-1.194062e+13 7.515383e+12 1.055453e+12 7.523611e-05 -4.238275e-01 -9.057429e-01 0.000000e+00 1
3.626498e+12 -2.138118e+11 2.368130e+12 -2.580217e-01 -8.870708e-01 3.827927e-01 0.000000e+00 1
-5.966374e+12 1.438173e+13 -6.577329e+12 9.586732e-01 2.097373e-01 1.922392e-01 0.000000e+00 1
-8.792583e+11 8.407081e+12 7.350693e+12 2.230686e-01 7.366384e-01 6.384389e-01 0.000000e+00 1
-2.598553e+11 -7.227961e+11 -1.569375e+13 6.343336e-01 -3.176091e-01 7.048016e-01 0.000000e+00 1
-2.023502e+12 1.139035e+13 -1.226958e+13 -5.394717e-01 8.290542e-01 -1.471031e-01 0.000000e+00 1
-6.846609e+12 9.529816e+12 1.819742e+12 1.618572e-01 4.223422e-01 8.918684e-01 0.000000e+00 1
-6.360809e+12 5.625941e+12 7.806470e+12 1.658245e-01 -9.663967e-01 1.964173e-01 0.000000e+00 1
-1.137053e+13 7.348704e+11 -5.317271e+12 -2.722644e-01 5.172171e-01 -8.113930e-01 0.000000e+00 1
-1.346440e+13 2.943261e+12 3.629880e+12 -7.480021e-01 2.615499e-01 6.099873e-01 0.000000e+00 1
-9.126368e+12 8.782083e+12 7.277798e+12 -9.490204e-01 -2.753857e-01 1.533724e-01 0.000000e+00 1
-9.981579e+12 -3.393831e+12 -1.986980e+12 9.192262e-03 8.658194e-01 5.002723e-01 0.000000e+00 1
5.158667e+12 1.242323e+13 -6.266059e+12 6.673015e-01 -3.976460e-01 6.297510e-01 0.000000e+00 1
-1.238054e+13 -4.108781e+12 6.633595e+12 -4.045037e-01 -3.441202e-01 8.473241e-01 0.000000e+00 1
7.608894e+12 -1.224369e+13 -6.913991e+12 -4.393320e-01 -5.432741e-01 7.154304e-01 0.000000e+00 1
-4.429260e+12 -5.726227e+12 1.377122e+13 -4.026222e-01 6.050082e-01 -6.869210e-01 0.000000e+00 1
8.588135e+12 -9.520957e+12 3.947052e+12 5.239833e-01 7.447328e-01 4.132973e-01 0.000000e+00 1
7.917395e+12 1.698020e+12 -1.373731e+13 -9.957248e-01 9.117115e-02 -1.482889e-02 0.000000e+00 1
-6.867305e+12 -7.429532e+12 7.279095e+12 7.877588e-01 -3.325295e-01 -5.185173e-01 0.000000e+00 1
-8.909141e+11 2.672565e+11 1.188076e+13 2.334001e-01 8.801304e-01 4.133943e-01 0.000000e+00 1
2.486876e+10 1.233842e+13 2.914416e+12 -7.876847e-01 3.713653e-01 -4.915695e-01 0.000000e+00 1
-1.077940e+13 -1.626259e+12 1.712566e+12 6.548003e-01 4.183353e-01 6.294697e-01 0.000000e+00 1
8.716683e+12 1.795509e+12 1.861299e+11 -8.113408e-01 5.778526e-01 -8.838770e-02 0.000000e+00 1
1.286542e+13 1.074033e+13 8.052836e+11 -5.028372e-01 -5.874192e-01 6.341083e-01 0.000000e+00 1
-1.546012e+13 3.791295e+12 5.631561e+12 -3.983115e-01 9.119233e-01 -9.871070e-02 0.000000e+00 1
-6.116155e+12 2.342619e+12 1.270037e+12 6.908613e-01 5.783092e-01 -4.338999e-01 0.000000e+00 1
1.082396e+13 7.537858e+12 -6.122832e+12 8.205012e-01 5.699467e-01 -4.402857e-02 0.000000e+00 1
3.991166e+12 -4.134495e+12 -5.250917e+12 -9.300266e-01 -2.644377e-01 2.551925e-01 0.000000e+00 1
-1.832832e+12 1.029844e+13 -4.535083e+12 -2.235763e-01 8.120288e-01 -5.390946e-01 0.000000e+00 1
1.474039e+13 -1.596702e+12 7.281157e+12 -2.537721e-01 -8.309940e-01 4.950240e-01 0.000000e+00 1
7.367349e+12 8.705661e+12 -8.440563e+12 -3.566063e-01 -3.193158e-01 -8.779916e-01 0.000000e+00 1
5.927941e+12 6.482157e+12 -9.539129e+12 -5.495420e-01 8.354553e-01 -4.246973e-03 0.000000e+00 1
-6.819521e+12 -9.163553e+12 -1.692661e+12 -2.160132e-01 -3.704920e-01 -9.033681e-01 0.000000e+00 1
1.380937e+13 -6.703305e+12 6.681581e+12 1.622009e-01 7.406137e-01 -6.520600e-01 0.000000e+00 1
-3.611023e+11 -1.063304e+13 -3.540739e+12 5.910905e-02 -1.931435e-02 -9.980647e-01 0.000000e+00 1
-2.985220e+12 -1.629325e+13 1.427301e+12 -2.587326e-01 -6.808644e-01 -6.851869e-01 0.000000e+00 1
-4.809877e+12 1.310674e+13 -7.990926e+12 -9.658779e-01 2.347070e-01 1.095107e-01 0.000000e+00 1
-6.472432e+12 -1.024898e+13 1.020142e+13 -3.163458e-01 4.416023e-01 8.395908e-01 0.000000e+00 1
-1.105850e+13 1.196205e+13 1.949244e+10 4.818351e-01 8.123138e-01 3.286050e-01 0.000000e+00 1
-2.343769e+12 3.536921e+12 8.940604e+12 -7.936738e-01 6.069096e-01 -4.174438e-02 0.000000e+00 1
-1.395359e+13 4.945560e+12 4.960041e+11 -3.822096e-01 9.032302e-01 1.951693e-01 0.000000e+00 1
7.709606e+12 -1.943809e+12 1.346305e+13 -2.198153e-01 4.832303e-01 8.474490e-01 0.000000e+00 1
-1.035355e+13 -4.219193e+12 -1.197961e+13 -1.733248e-03 -1.782004e-01 9.839927e-01 0.000000e+00 1
-1.907890e+12 2.476366e+12 -1.051541e+13 -2.776632e-01 -9.468540e-01 1.623902e-01 0.000000e+00 1
1.024744e+13 -5.323092e+12 2.861519e+12 6.757752e-01 7.341206e-01 6.629418e-02 0.000000e+00 1
5.077176e+12 4.978267e+12 1.053352e+13 1.848006e-01 -4.968699e-01 8.479204e-01 0.000000e+00 1
4.545040e+12 -1.404023e+13 3.568755e+12 6.028577e-01 2.787911e-01 -7.475548e-01 0.000000e+00 1
-1.422353e+13 6.899489e+11 8.345531e+12 6.175466e-02 8.794220e-01 -4.720204e-01 0.000000e+00 1
-7.597997e+11 5.055416e+12 7.794679e+11 -8.745537e-02 1.804294e-01 -9.796922e-01 0.000000e+00 1
-2.108068e+11 4.869810e+12 -1.477957e+13 -9.547119e-01 -2.625443e-01 -1.399849e-01 0.000000e+00 1
-1.192618e+12 1.234289e+13 -1.741856e+12 9.952290e-01 -3.206086e-02 9.214877e-02 0.000000e+00 1
9.348227e+12 -3.051682e+12 -1.054244e+13 -6.951338e-01 4.977420e-01 5.186926e-01 0.000000e+00 1
-5.571086e+12 -5.005698e+12 -3.580092e+12 1.497724e-01 -9.820071e-01 1.150233e-01 0.000000e+00 1
-1.452759e+13 1.334866e+12 -4.846510e+12 -1.062566e-01 9.797833e-01 1.695115e-01 0.000000e+00 1
-7.988863e+12 -1.356583e+13 1.505951e+12 -1.965189e-01 1.278354e-01 9.721309e-01 0.000000e+00 1
-9.638588e+12 -2.897311e+12 6.161967e+12 2.713939e-01 9.352869e-01 2.271204e-01 0.000000e+00 1
-1.353449e+13 -1.131977e+12 -8.159601e+12 8.101304e-01 1.108308e-02 -5.861450e-01 0.000000e+00 1
2.833405e+12 -5.493573e+12 6.575670e+12 -8.565500e-01 -1.569479e-01 -4.916193e-01 0.000000e+00 1
-1.745300e+12 -7.632135e+12 5.131291e+12 4.598406e-01 -4.227607e-01 7.809097e-01 0.000000e+00 1
-3.361759e+12 -4.639349e+11 1.407538e+13 -9.952945e-03 -4.880210e-01 8.727751e-01 0.000000e+00 1
2.654811e+12 3.049171e+12 -1.546185e+13 1.875949e-01 5.127655e-01 -8.377826e-01 0.000000e+00 1
2.602349e+12 9.828871e+11 8.179180e+12 8.118995e-01 4.381500e-01 3.858028e-01 0.000000e+00 1
-8.605656e+12 9.652748e+12 -6.228507e+12 3.383345e-02 -7.236165e-01 -6.893726e-01 0.000000e+00 1
9.362925e+12 4.961826e+12 6.681801e+12 -8.629371e-01 -4.961106e-01 9.598891e-02 0.000000e+00 1
-6.667693e+12 -2.382389e+12 -6.797025e+12 8.682927e-01 3.911414e-01 3.050839e-01 0.000000e+00 1
-5.893826e+12 -3.607778e+12 -1.182409e+13 7.651693e-02 1.475110e-01 -9.860962e-01 0.000000e+00 1
9.997937e+12 6.502961e+12 -1.184612e+12 8.432127e-01 -7.105686e-02 5.328633e-01 0.000000e+00 1
3.162805e+12 5.538392e+12 -1.090822e+13 7.770551e-01 1.505647e-02 -6.292525e-01 0.000000e+00 1
-2.556933e+12 2.010342e+12 -1.494218e+13 -9.521002e-01 -2.785897e-01 -1.260674e-01 0.000000e+00 1
2.908464e+12 1.567409e+12 5.943789e+12 -7.916997e-01 -3.997625e-01 4.619540e-01 0.000000e+00 1
8.717698e+11 -1.378588e+12 -1.388530e+12 5.433888e-01 -8.093329e-01 2.229548e-01 0.000000e+00 1
5.622253e+12 1.494970e+12 1.568875e+13 -1.760881e-01 -4.071947e-01 -8.962061e-01 0.000000e+00 1
1.093901e+13 4.908134e+11 -3.167877e+12 7.440505e-01 -1.558103e-01 -6.497015e-01 0.000000e+00 1
1.500746e+12 3.132007e+12 1.599896e+13 -5.870059e-01 -3.399628e-01 -7.347444e-01 0.000000e+00 1
-4.325966e+12 3.108432e+11 -7.157036e+12 -9.027810e-01 -1.766929e-01 -3.921301e-01 0.000000e+00 1
-1.569728e+13 3.401086e+12 -2.110645e+12 -2.150223e-01 6.098435e-02 9.747032e-01 0.000000e+00 1
1.588338e+12 2.251546e+12 1.534405e+12 7.644385e-01 5.466730e-01 3.417343e-01 0.000000e+00 1
-8.157372e+11 -7.011176e+12 1.502220e+13 5.321893e-01 2.163608e-01 8.185124e-01 0.000000e+00 1
7.532818e+12 8.178829e+12 -8.244174e+11 3.822034e-01 -8.977631e-01 2.189566e-01 0.000000e+00 1
-9.635160e+12 6.666858e+11 9.557416e+12 3.247940e-01 4.241667e-01 8.453351e-01 0.000000e+00 1
1.252133e+13 1.831731e+12 2.157862e+11 -3.354017e-02 8.603775e-01 -5.085525e-01 0.000000e+00 1
-9.789263e+11 -1.613319e+12 -1.256911e+13 7.033669e-02 9.948221e-01 7.336027e-02 0.000000e+00 1
-9.972405e+12 1.293579e+13 -1.650117e+12 5.958313e-01 6.140510e-01 -5.176161e-01 0.000000e+00 1
1.328866e+13 3.098700e+12 1.321818e+12 4.385903e-01 1.332929e-01 -8.887472e-01 0.000000e+00 1
-1.326717e+13 -2.008409e+12 1.399009e+12 -7.786381e-01 6.967225e-02 6.235932e-01 0.000000e+00 1
-6.332483e+12 -3.248779e+11 6.458492e+12 7.114647e-01 -5.147616e-01 4.783706e-01 0.000000e+00 1
7.607446e+12 -5.041872e+12 7.698683e+12 -8.991521e-01 -1.859660e-01 3.961592e-01 0.000000e+00 1
-1.289960e+13 5.236709e+12 -1.360021e+12 -5.695010e-01 7.692614e-01 2.896644e-01 0.000000e+00 1
1.065147e+13 -6.430027e+12 -7.567928e+12 -8.238663e-01 5.658611e-01 3.233300e-02 0.000000e+00 1
2.639197e+12 -7.437856e+12 9.055365e+12 3.917914e-01 -7.477625e-01 -5.360511e-01 0.000000e+00 1
6.796648e+12 -4.965230e+11 -9.002711e+12 -2.942098e-01 9.527847e-01 7.511250e-02 0.000000e+00 1
-4.172953e+12 2.943657e+12 -4.755395e+12 7.039592e-01 3.923510e-02 7.091559e-01 0.000000e+00 1
8.575247e+12 -1.197683e+13 3.964160e+12 3.033700e-01 -5.900716e-01 7.481859e-01 0.000000e+00 1
9.632097e+12 -8.799435e+12 3.863256e+12 -7.798371e-01 -8.178677e-02 -6.206166e-01 0.000000e+00 1
3.963210e+12 -1.055728e+13 -8.712971e+12 -9.253458e-01 -2.855373e-01 -2.494064e-01 0.000000e+00 1
-5.323863e+12 -9.822462e+12 -3.083485e+12 4.325496e-01 -6.998815e-01 -5.683895e-01 0.000000e+00 1
-9.430340e+12 4.219143e+12 6.074298e+12 -8.068830e-01 5.069512e-01 -3.032166e-01 0.000000e+00 1
1.098397e+13 1.961879e+12 -1.365175e+12 -5.135771e-01 -8.041098e-01 -2.994095e-01 0.000000e+00 1
8.180245e+12 -9.111042e+12 4.266765e+12 -6.872221e-02 -9.917630e-01 1.080897e-01 0.000000e+00 1
7.470904e+12 -7.581538e+12 6.895590e+12 -8.281490e-01 5.596714e-01 -3.061261e-02 0.000000e+00 1
1.607710e+12 -9.736163e+12 -1.218876e+13 4.041372e-01 -1.422246e-01 9.035736e-01 0.000000e+00 1
9.215889e+12 6.934529e+12 8.989809e+12 7.719681e-01 5.362182e-01 3.413727e-01 0.000000e+00 1
-2.939605e+12 -8.482231e+12 -6.925802e+12 4.657302e-01 -8.727895e-01 -1.460609e-01 0.000000e+00 1
-6.034066e+12 1.156303e+13 7.185053e+12 8.608407e-01 1.473163e-02 5.086613e-01 0.000000e+00 1
3.093779e+12 -3.863094e+12 1.494496e+13 7.391022e-01 6.691181e-01 7.751681e-02 0.000000e+00 1
6.439432e+11 -1.117270e+13 -1.503699e+12 8.042211e-01 4.407903e-01 -3.986632e-01 0.000000e+00 1
9.436110e+12 9.061494e+12 -3.067003e+12 -1.301486e-01 5.322401e-01 -8.365296e-01 0.000000e+00 1
-9.245234e+12 -6.260249e+12 -1.050003e+13 4.648165e-01 -7.969146e-01 3.858403e-01 0.000000e+00 1
1.256808e+13 -6.645008e+12 7.199768e+12 5.438243e-02 7.245081e-01 6.871176e-01 0.000000e+00 1
9.369320e+12 2.706885e+12 7.834057e+12 7.242768e-01 -6.621299e-01 -1.923721e-01 0.000000e+00 1
1.294210e+13 -5.665073e+12 8.040057e+12 -9.587084e-01 2.833333e-01 -2.450383e-02 0.000000e+00 1
7.324074e+12 -8.482293e+12 1.567542e+12 -1.947008e-01 -9.803033e-01 -3.312086e-02 0.000000e+00 1
1.488658e+12 7.002019e+11 5.796183e+12 2.825064e-01 3.721069e-01 8.841530e-01 0.000000e+00 1
-1.131406e+12 6.487080e+11 6.950134e+12 2.335244e-01 -9.723400e-01 4.613740e-03 0.000000e+00 1
-7.869433e+12 8.640286e+12 -1.762706e+12 -8.969617e-01 4.212186e-01 -1.342933e-01 0.000000e+00 1
-8.638032e+12 3.870350e+11 -1.002302e+13 -3.981358e-01 6.128125e-01 6.826044e-01 0.000000e+00 1
-1.471724e+12 -4.690180e+12 -1.360382e+13 -4.591646e-01 2.764393e-01 8.442448e-01 0.000000e+00 1
-8.185925e+12 1.071422e+13 -5.426775e+12 1.970759e-01 7.142144e-01 -6.716092e-01 0.000000e+00 1
4.355158e+11 1.473223e+13 -6.153825e+11 7.735281e-01 3.493997e-01 -5.287477e-01 0.000000e+00 1
4.016721e+12 4.865411e+12 -5.183908e+11 1.073974e-01 -2.295398e-01 9.673558e-01 0.000000e+00 1
1.014262e+13 9.147884e+12 -7.533475e+12 -7.238036e-01 6.888132e-01 -4.055458e-02 0.000000e+00 1
-2.745891e+12 3.127130e+12 1.154680e+13 -5.176275e-01 -4.594881e-01 -7.217565e-01 0.000000e+00 1
-7.140919e+12 4.024684e+12 2.486693e+12 -8.093801e-01 6.012647e-02 -5.841992e-01 0.000000e+00 1
3.364049e+12 -1.560105e+13 -1.621267e+12 6.179520e-01 -6.212573e-01 -4.818450e-01 0.000000e+00 1
-8.752038e+12 1.059703e+13 2.086227e+12 1.019092e-01 -4.489878e-02 -9.937800e-01 0.000000e+00 1
-3.001561e+12 -4.636415e+12 -1.443003e+13 -1.129757e-02 9.967448e-01 7.982571e-02 0.000000e+00 1
8.174107e+11 1.075672e+13 -3.928299e+12 -6.658105e-01 4.883377e-01 5.641122e-01 0.000000e+00 1
-3.843801e+11 4.034501e+12 -1.451272e+13 8.706010e-01 1.433068e-01 -4.706561e-01 0.000000e+00 1
-1.164373e+13 8.576995e+12 -1.759899e+12 7.324159e-01 1.677505e-01 6.598687e-01 0.000000e+00 1
-3.194186e+12 -1.072165e+13 1.696057e+12 -6.282248e-01 7.748548e-01 7.023966e-02 0.000000e+00 1
1.074912e+13 -3.951849e+12 1.229485e+13 2.455127e-02 6.980356e-01 -7.156420e-01 0.000000e+00 1
-8.523344e+12 1.230037e+12 -3.971092e+11 2.135493e-01 8.301982e-01 -5.149444e-01 0.000000e+00 1
-1.649615e+13 -6.107800e+11 1.704502e+12 2.266047e-01 8.973955e-02 -9.698439e-01 0.000000e+00 1
1.170542e+13 5.138305e+12 -8.011631e+12 8.854254e-01 -3.849033e-01 -2.605213e-01 0.000000e+00 1
-1.393352e+13 1.554681e+12 5.627276e+12 -3.994269e-01 8.556587e-01 3.290993e-01 0.000000e+00 1
2.589652e+12 -1.911000e+12 4.863609e+12 -1.483813e-01 -5.010810e-01 -8.525848e-01 0.000000e+00 1
-8.486804e+12 -1.738530e+12 -8.010855e+12 -4.439340e-01 -3.484772e-01 8.255218e-01 0.000000e+00 1
8.834904e+12 -2.624739e+11 8.302643e+12 -9.272511e-01 2.757149e-01 -2.533508e-01 0.000000e+00 1
-3.794317e+12 6.315583e+12 -1.310661e+13 -7.435694e-01 5.749663e-01 -3.413479e-01 0.000000e+00 1
-2.185947e+12 1.065686e+13 1.215688e+13 4.482765e-01 -4.932193e-01 -7.455085e-01 0.000000e+00 1
1.502670e+12 3.120951e+12 -3.526095e+12 -5.537528e-01 -8.324087e-01 2.129921e-02 0.000000e+00 1
9.290875e+12 -1.118840e+13 5.183484e+12 1.300730e-02 5.601167e-01 -8.283116e-01 0.000000e+00 1
3.102448e+12 1.477001e+13 3.955969e+12 9.742952e-02 -7.497504e-01 6.545089e-01 0.000000e+00 1
-7.521036e+12 1.346069e+13 2.172715e+12 -2.769693e-01 5.833491e-01 -7.635390e-01 0.000000e+00 1
1.497107e+12 6.519471e+12 -1.517252e+13 -5.033190e-01 -7.901101e-01 -3.498514e-01 0.000000e+00 1
-2.922887e+12 1.301412e+12 1.488834e+13 -5.900301e-01 -6.784941e-01 4.376188e-01 0.000000e+00 1
6.298861e+11 7.200745e+12 -3.781206e+12 6.678467e-01 3.249022e-01 6.696412e-01 0.000000e+00 1
3.833971e+11 6.888003e+12 1.627928e+12 -5.463928e-01 -7.343680e-02 -8.343033e-01 0.000000e+00 1
6.389422e+12 1.608813e+12 3.455112e+12 -6.670322e-01 -2.897638e-01 -6.863709e-01 0.000000e+00 1
1.860927e+12 -3.242520e+12 7.874212e+12 3.255200e-01 -7.197512e-01 6.131843e-01 0.000000e+00 1
3.360987e+12 -3.310225e+12 -3.408212e+12 -1.057205e-01 7.405368e-01 6.636479e-01 0.000000e+00 1
-8.075638e+12 -7.154194e+12 -7.154259e+12 7.371798e-01 -6.209274e-01 2.664868e-01 0.000000e+00 1
-8.054653e+12 7.067612e+12 -1.909935e+11 -5.832044e-01 -6.983900e-01 -4.148783e-01 0.000000e+00 1
-8.498436e+12 6.732142e+12 2.891156e+12 4.240539e-01 -9.003246e-01 -9.794866e-02 0.000000e+00 1
1.118037e+13 7.000332e+12 9.774531e+12 -5.715141e-01 2.779394e-01 7.720890e-01 0.000000e+00 1
3.866426e+12 5.288729e+12 1.213835e+13 -3.237432e-01 -8.509207e-01 4.136718e-01 0.000000e+00 1
-4.417833e+12 -8.426981e+12 2.612352e+12 -5.809672e-01 -2.770498e-01 7.653238e-01 0.000000e+00 1
1.449773e+13 -1.271869e+12 -4.780121e+12 -5.754183e-03 -7.501252e-01 -6.612708e-01 0.000000e+00 1
-1.068107e+13 -2.764512e+12 -5.799555e+12 1.429910e-01 4.422925e-01 8.853987e-01 0.000000e+00 1
-3.712284e+12 6.412111e+12 -7.874611e+12 -6.637785e-01 7.455127e-01 6.007368e-02 0.000000e+00 1
2.184791e+12 6.204417e+12 9.174794e+12 -4.439991e-01 -3.516183e-01 8.241537e-01 0.000000e+00 1
-2.628852e+12 1.514361e+13 5.509368e+12 1.175469e-01 7.000944e-01 -7.043086e-01 0.000000e+00 1
8.569678e+12 -1.278296e+13 5.900281e+12 -9.714858e-01 1.369298e-01 -1.935603e-01 0.000000e+00 1
-5.629399e+12 9.913230e+12 -1.500604e+11 -4.201798e-01 -8.299499e-01 3.669225e-01 0.000000e+00 1
-6.464154e+12 -8.107818e+12 -1.252246e+13 -5.854334e-02 -8.894476e-01 4.532722e-01 0.000000e+00 1
4.143342e+12 -1.080885e+13 -1.098750e+13 1.056300e-01 8.886911e-01 4.461730e-01 0.000000e+00 1
-5.768080e+12 8.645991e+12 -1.042450e+13 -3.762786e-02 -5.590353e-01 8.282896e-01 0.000000e+00 1
-1.448560e+13 -4.824689e+12 -3.909781e+12 -2.652235e-01 -8.409253e-01 4.717003e-01 0.000000e+00 1
-9.688064e+12 5.270999e+12 -1.020685e+13 -8.157801e-01 -1.157663e-01 5.666578e-01 0.000000e+00 1
1.419356e+13 4.725057e+12 -1.527200e+12 -4.934287e-01 8.648977e-01 -9.208727e-02 0.000000e+00 1
-1.394059e+13 7.087856e+12 -3.245488e+12 7.302561e-01 -7.363262e-02 6.791938e-01 0.000000e+00 1
6.910037e+12 9.190049e+12 8.219482e+12 -7.234690e-01 -2.484898e-01 -6.440850e-01 0.000000e+00 1
-3.848861e+12 -4.739707e+12 -7.400153e+12 -4.662057e-01 -4.657792e-01 7.521317e-01 0.000000e+00 1
1.210360e+13 9.297521e+12 -2.564910e+12 2.631151e-01 9.628373e-01 6.094869e-02 0.000000e+00 1
-4.218512e+12 -1.238632e+13 -1.397378e+11 7.613216e-01 4.108676e-01 -5.015748e-01 0.000000e+00 1
-1.290087e+12 -8.614146e+12 1.025622e+13 2.917139e-01 5.805639e-01 -7.601635e-01 0.000000e+00 1
-1.887206e+12 -1.031574e+13 1.073580e+13 -6.221596e-01 -4.805956e-02 -7.814139e-01 0.000000e+00 1
2.391798e+12 1.353708e+13 -9.241204e+12 -8.123293e-01 -5.683972e-01 -1.305594e-01 0.000000e+00 1
-1.096145e+13 -8.397552e+12 7.682951e+12 -5.890388e-01 -7.976442e-01 -1.296031e-01 0.000000e+00 1
3.709968e+12 1.124023e+13 -1.057829e+13 8.439806e-01 5.307049e-01 -7.777584e-02 0.000000e+00 1
3.283750e+12 2.429210e+12 2.208535e+12 -5.520789e-01 6.410096e-01 5.332125e-01 0.000000e+00 1
7.700140e+12 -2.349053e+12 -1.017044e+13 -2.009555e-01 -9.709516e-01 -1.298844e-01 0.000000e+00 1
-8.581773e+12 5.066598e+12 5.260918e+12 4.069375e-01 -8.784196e-01 2.505612e-01 0.000000e+00 1
-3.037847e+12 6.709527e+11 -1.058596e+13 5.846335e-01 6.290527e-01 5.123441e-01 0.000000e+00 1
-3.545971e+12 9.161959e+12 -6.730269e+12 -9.448776e-01 -1.428036e-01 2.946411e-01 0.000000e+00 1
3.655364e+12 -2.842728e+12 4.576040e+12 -4.374889e-01 4.474769e-01 7.799794e-01 0.000000e+00 1
1.765550e+12 3.911272e+12 1.063609e+13 -2.291316e-01 -2.218635e-01 9.477739e-01 0.000000e+00 1
-1.363113e+12 8.400203e+12 -8.559206e+12 -7.614201e-01 -3.002996e-01 -5.745081e-01 0.000000e+00 1
-1.164562e+13 8.110505e+12 -7.918725e+12 4.229623e-01 -6.760896e-01 -6.033289e-01 0.000000e+00 1
2.445790e+12 -6.789712e+12 7.499344e+12 -3.740006e-01 -9.109542e-01 -1.740286e-01 0.000000e+00 1
6.506712e+12 2.083892e+12 7.785419e+12 6.379446e-01 -3.647312e-01 -6.782314e-01 0.000000e+00 1
5.601271e+12 -2.760939e+12 9.365344e+10 -1.048660e-01 -9.891441e-01 -1.029416e-01 0.000000e+00 1
1.232708e+13 -1.046749e+13 -2.131754e+12 9.927690e-01 -1.087467e-01 5.083184e-02 0.000000e+00 1
5.138008e+12 -1.236403e+13 4.570835e+12 2.539474e-01 -9.338306e-01 2.519346e-01 0.000000e+00 1
5.441288e+12 -5.571267e+12 5.257895e+12 8.462390e-01 -4.803306e-01 2.305688e-01 0.000000e+00 1
1.231345e+13 8.777176e+11 6.375437e+12 5.076768e-01 8.312569e-01 2.264426e-01 0.000000e+00 1
1.435623e+12 1.671458e+12 -6.347549e+12 -4.341606e-01 7.798115e-01 -4.509973e-01 0.000000e+00 1
4.964000e+12 -3.249392e+12 7.746833e+12 -9.311572e-01 3.632336e-01 -3.174277e-02 0.000000e+00 1
6.560605e+12 -3.127073e+12 -1.133800e+13 -4.404541e-01 6.474843e-02 -8.954372e-01 0.000000e+00 1
1.469907e+12 3.745902e+11 -2.650175e+12 1.412486e-01 -8.330575e-01 -5.348496e-01 0.000000e+00 1
-2.524289e+11 6.219610e+12 9.510658e+12 7.125124e-02 9.974225e-01 -8.462455e-03 0.000000e+00 1
-1.516416e+13 1.716080e+12 -6.233864e+12 6.082977e-01 -5.094918e-01 6.085984e-01 0.000000e+00 1
-3.462070e+12 4.714513e+12 1.397168e+13 1.336507e-01 9.716657e-01 1.949444e-01 0.000000e+00 1
-9.428470e+12 -4.076818e+12 -1.120714e+13 -2.796530e-01 -3.221664e-01 -9.044352e-01 0.000000e+00 1
-5.227641e+12 2.815640e+12 -1.245373e+13 -6.564377e-02 -9.358249e-01 3.462985e-01 0.000000e+00 1
-9.088677e+11 1.185225e+13 1.480020e+12 6.960551e-01 3.520784e-01 6.257380e-01 0.000000e+00 1
1.415020e+13 -4.026833e+12 3.332087e+12 -2.616107e-01 -4.720588e-01 -8.418553e-01 0.000000e+00 1
-9.419295e+12 -7.535285e+12 -1.623145e+12 -9.136181e-01 -3.506709e-02 -4.050583e-01 0.000000e+00 1
1.207697e+13 2.258166e+11 8.544778e+12 1.852625e-01 -7.670954e-01 6.142006e-01 0.000000e+00 1
1.301058e+13 4.347327e+12 -9.309015e+12 8.709238e-01 4.101945e-01 2.706146e-01 0.000000e+00 1
-2.120719e+12 9.464919e+12 -5.840627e+12 6.812063e-01 4.393296e-01 -5.856172e-01 0.000000e+00 1
-2.795877e+12 -1.380307e+13 5.940489e+12 -6.992543e-01 5.704190e-02 -7.125936e-01 0.000000e+00 1
-6.919736e+12 7.392542e+12 -5.033790e+12 3.493478e-01 9.296679e-01 -1.169344e-01 0.000000e+00 1
-1.367199e+13 -6.345698e+12 5.947426e+12 3.449018e-03 9.463274e-01 -3.231912e-01 0.000000e+00 1
1.345701e+13 -1.903403e+12 1.187183e+12 4.401114e-01 -1.930127e-01 -8.769538e-01 0.000000e+00 1
2.348766e+12 1.021079e+13 -1.290033e+13 -3.497333e-01 3.316145e-01 8.761954e-01 0.000000e+00 1
-6.674434e+11 5.408318e+12 -1.469482e+13 3.447422e-01 -7.167919e-01 -6.061041e-01 0.000000e+00 1
-6.468459e+12 8.076517e+11 -1.015636e+13 -2.841224e-01 9.565468e-01 6.551901e-02 0.000000e+00 1
4.643964e+12 -2.428230e+12 -1.326337e+13 -7.091572e-02 4.902117e-01 -8.687137e-01 0.000000e+00 1
1.395584e+13 -1.521817e+12 2.254222e+12 6.616643e-01 9.613877e-02 -7.436113e-01 0.000000e+00 1
-1.085973e+13 -7.602224e+12 -3.606743e+12 7.571646e-01 5.224751e-02 6.511313e-01 0.000000e+00 1
6.954955e+12 -6.297863e+12 -4.194410e+12 -1.615197e-02 -7.270674e-01 -6.863761e-01 0.000000e+00 1
-1.584028e+12 6.378174e+12 -5.407392e+12 -9.404451e-01 3.321790e-01 7.225013e-02 0.000000e+00 1
-9.610963e+12 -6.413040e+12 -7.735004e+12 9.781582e-01 -2.067043e-01 2.190683e-02 0.000000e+00 1
1.455657e+13 8.733346e+11 2.624693e+12 -2.302526e-01 -9.014752e-01 3.665054e-01 0.000000e+00 1
-6.396957e+12 7.675838e+12 -2.216150e+10 -1.389000e-01 9.558319e-01 2.590217e-01 0.000000e+00 1
4.408387e+12 1.235956e+13 9.152346e+12 4.915138e-01 -8.421103e-01 -2.219558e-01 0.000000e+00 1
2.285448e+12 -3.621036e+12 2.408754e+12 -2.261190e-01 3.374330e-01 9.137884e-01 0.000000e+00 1
3.267712e+12 -6.730936e+12 -1.343859e+12 -2.098144e-01 3.495233e-02 9.771163e-01 0.000000e+00 1
-3.428356e+12 2.637709e+11 6.366003e+12 4.558967e-01 6.875518e-01 -5.651820e-01 0.000000e+00 1
-1.197298e+13 -7.506755e+12 2.913645e+12 7.982288e-01 -6.014730e-01 3.257312e-02 0.000000e+00 1
-6.135201e+12 -6.050116e+12 1.827382e+12 7.433263e-01 -3.606123e-01 5.634046e-01 0.000000e+00 1
-4.690318e+12 -3.625906e+12 1.521033e+13 -5.671546e-01 8.193845e-01 8.333529e-02 0.000000e+00 1
-7.149963e+12 1.915428e+12 -1.193429e+13 4.422652e-01 -1.596028e-01 -8.825692e-01 0.000000e+00 1
7.200854e+11 -1.047174e+13 -5.234776e+12 -2.361704e-01 9.391001e-01 -2.496287e-01 0.000000e+00 1
-1.361770e+13 -3.493840e+12 9.281741e+12 7.167878e-01 6.173452e-01 3.241916e-01 0.000000e+00 1
-7.238621e+12 1.452753e+12 6.830772e+12 -2.602735e-02 1.528698e-01 9.879035e-01 0.000000e+00 1
1.702121e+12 1.342991e+13 -8.972579e+12 8.838028e-01 -1.666342e-02 -4.675628e-01 0.000000e+00 1
6.346956e+11 2.485183e+12 -1.399044e+13 -1.281200e-01 3.308677e-01 -9.349395e-01 0.000000e+00 1
-9.178417e+12 -1.693337e+11 -6.669986e+12 5.211135e-01 1.686649e-01 8.366558e-01 0.000000e+00 1
-3.148517e+12 -8.407595e+12 4.328433e+12 -8.009380e-01 5.658900e-01 -1.956192e-01 0.000000e+00 1
1.240139e+12 9.644385e+12 9.678239e+12 -6.085551e-01 2.431765e-01 7.553316e-01 0.000000e+00 1
-2.816056e+12 2.648372e+12 1.208389e+13 -2.258665e-01 -9.541762e-01 -1.962960e-01 0.000000e+00 1
3.387817e+12 -1.166351e+13 -1.144789e+13 -1.713584e-01 9.130210e-01 -3.701741e-01 0.000000e+00 1
7.884569e+12 -3.374121e+12 1.142230e+13 -5.339321e-01 -8.293608e-01 1.645511e-01 0.000000e+00 1
5.273785e+12 3.594273e+12 1.810465e+12 7.234022e-02 -7.828261e-01 6.180211e-01 0.000000e+00 1
3.769856e+12 -4.924262e+12 -1.284483e+13 2.453157e-02 -3.005130e-02 -9.992473e-01 0.000000e+00 1
1.107843e+13 7.585422e+12 -5.618460e+12 2.021708e-01 7.431405e-01 6.378630e-01 0.000000e+00 1
1.257367e+12 5.558607e+12 -1.735332e+12 5.558266e-01 -8.040095e-01 -2.112475e-01 0.000000e+00 1
1.775203e+12 5.582138e+12 2.488972e+12 -3.407517e-01 9.235495e-01 1.759109e-01 0.000000e+00 1
-3.528233e+12 -2.676793e+12 -4.558845e+11 -9.884201e-01 -8.107580e-02 -1.282671e-01 0.000000e+00 1
-6.506802e+11 -2.152409e+12 -8.005413e+12 -4.910733e-02 -7.792606e-01 -6.247731e-01 0.000000e+00 1
-2.151383e+12 -1.618167e+13 4.504179e+12 -9.448562e-01 1.417566e-01 -2.952147e-01 0.000000e+00 1
-2.458276e+12 3.400473e+12 -7.535310e+12 -5.985252e-01 -5.006017e-01 6.254323e-01 0.000000e+00 1
1.495849e+12 6.907036e+12 6.833414e+12 4.520572e-03 8.793577e-01 4.761402e-01 0.000000e+00 1
-6.721886e+12 7.838904e+12 1.118915e+13 -3.512546e-01 -3.259397e-01 -8.777150e-01 0.000000e+00 1
-5.152757e+12 -2.349977e+12 -4.474703e+12 3.020432e-01 -9.038615e-01 -3.029924e-01 0.000000e+00 1
5.308996e+12 1.538814e+13 4.072037e+12 -2.096475e-01 -1.151663e-01 9.709710e-01 0.000000e+00 1
7.667326e+12 -8.568272e+12 1.072833e+12 5.615183e-01 -2.722772e-01 7.813848e-01 0.000000e+00 1
2.344366e+10 4.480377e+12 -1.529267e+13 5.655774e-01 7.453756e-01 -3.528986e-01 0.000000e+00 1
-5.278614e+11 -1.012695e+13 8.968942e+12 9.801497e-01 -4.106326e-02 1.939597e-01 0.000000e+00 1
-8.154960e+11 -1.284753e+13 1.734296e+12 -6.310768e-01 5.344441e-01 -5.622380e-01 0.000000e+00 1
6.242425e+12 7.468647e+12 9.925914e+12 -2.675575e-01 9.572654e-01 -1.097999e-01 0.000000e+00 1
1.704865e+12 6.461140e+12 1.002402e+13 -7.063407e-01 7.078044e-01 -9.789675e-03 0.000000e+00 1
2.042717e+12 6.404655e+12 -6.856161e+12 3.934496e-01 4.622604e-01 -7.946778e-01 0.000000e+00 1
-2.728337e+12 -3.690171e+12 1.037280e+13 7.719301e-01 -2.776062e-01 5.718905e-01 0.000000e+00 1
4.599034e+12 -8.842705e+12 8.814327e+12 3.853787e-01 1.511991e-01 9.102868e-01 0.000000e+00 1
5.008948e+12 4.367726e+12 -7.326891e+12 -2.207802e-01 -9.730802e-01 6.611410e-02 0.000000e+00 1
-2.336424e+12 -4.628896e+12 9.484123e+12 3.314123e-01 -2.870813e-01 8.987492e-01 0.000000e+00 1
-5.502721e+12 5.407316e+12 8.337100e+12 -4.050460e-01 -6.957305e-01 -5.932090e-01 0.000000e+00 1
8.461480e+12 6.966262e+12 7.934100e+12 -7.626244e-01 -4.857994e-01 -4.270865e-01 0.000000e+00 1
-3.392574e+12 -6.573778e+11 2.296678e+12 -1.285080e-01 -9.074991e-01 -3.999138e-01 0.000000e+00 1
4.106604e+12 7.517421e+12 9.982917e+12 -8.259146e-01 2.190021e-01 -5.195220e-01 0.000000e+00 1
2.576987e+12 -2.880417e+12 -4.287950e+12 7.058789e-01 5.752330e-01 4.133303e-01 0.000000e+00 1
-1.017252e+13 9.897946e+12 -5.097427e+12 6.702886e-01 -7.395560e-01 6.140149e-02 0.000000e+00 1
-9.651098e+12 -5.956722e+12 8.374028e+11 -7.251786e-01 6.885528e-01 -3.336379e-03 0.000000e+00 1
1.299283e+13 -6.706354e+12 4.638255e+12 -7.187716e-01 -5.735268e-01 3.929815e-01 0.000000e+00 1
2.858244e+12 1.455260e+13 5.066573e+12 -8.309644e-01 -4.311139e-01 -3.516233e-01 0.000000e+00 1
-5.014731e+12 -9.172928e+12 -4.027924e+12 -9.601419e-01 2.780932e-01 -2.813804e-02 0.000000e+00 1
-2.553770e+11 3.052494e+12 2.040823e+12 -8.238763e-01 -5.627487e-01 6.739178e-02 0.000000e+00 1
1.154100e+12 -9.697463e+12 1.021782e+13 -6.309583e-01 -7.666113e-01 1.191582e-01 0.000000e+00 1
5.807788e+12 9.939897e+12 -4.559154e+11 3.385031e-01 -9.082813e-01 2.458470e-01 0.000000e+00 1
-1.406575e+13 3.383351e+12 -1.324471e+12 -7.686605e-01 1.591161e-01 6.195508e-01 0.000000e+00 1
4.471786e+12 -2.504561e+12 -1.055700e+13 -6.203387e-01 6.057469e-01 4.982476e-01 0.000000e+00 1
-1.226247e+13 -4.590993e+12 -7.500598e+12 9.376074e-01 6.984920e-02 3.406074e-01 0.000000e+00 1
3.958793e+12 -1.559370e+13 -3.571588e+12 -8.231462e-01 -5.197473e-01 2.286770e-01 0.000000e+00 1
-1.346483e+13 9.295622e+12 2.157765e+12 -8.388952e-01 -2.424087e-02 -5.437529e-01 0.000000e+00 1
-9.425468e+12 -2.075565e+12 8.602020e+12 1.641755e-01 9.151087e-01 3.682695e-01 0.000000e+00 1
1.471786e+12 -1.500148e+11 1.012086e+13 -6.054515e-01 -7.927122e-01 -7.096354e-02 0.000000e+00 1
-7.536131e+12 2.271196e+12 1.035233e+13 -6.036968e-01 -7.194165e-01 -3.434968e-01 0.000000e+00 1
5.835536e+11 -1.043559e+13 1.275403e+13 -3.234561e-01 -1.976339e-01 9.253740e-01 0.000000e+00 1
-5.357708e+12 2.445529e+12 2.666128e+12 8.636817e-01 -3.207115e-01 -3.888420e-01 0.000000e+00 1
-5.765389e+12 -1.518135e+13 -4.262827e+12 3.188680e-01 -9.455713e-01 6.494701e-02 0.000000e+00 1
-5.832485e+12 9.081883e+12 -1.119585e+13 -3.251099e-01 -9.383925e-01 1.171452e-01 0.000000e+00 1
-9.446942e+12 -7.034868e+12 -6.226497e+12 -7.870864e-01 6.152362e-01 4.449013e-02 0.000000e+00 1
-6.337717e+12 9.796309e+12 -1.141993e+13 -3.028847e-01 6.442189e-01 -7.023125e-01 0.000000e+00 1
6.867810e+12 9.611385e+12 -1.581523e+11 1.662860e-01 5.021092e-01 8.486668e-01 0.000000e+00 1
2.460297e+12 2.101480e+12 -4.905953e+09 1.831474e-02 -9.889457e-01 1.471426e-01 0.000000e+00 1
-4.579234e+12 2.568071e+12 1.252426e+13 8.142396e-01 2.673404e-01 -5.153086e-01 0.000000e+00 1
6.713066e+12 5.270880e+12 -3.770622e+12 3.936407e-01 8.555144e-01 3.363661e-01 0.000000e+00 1
1.230763e+13 -5.304103e+12 8.787736e+12 1.627765e-01 8.393603e-01 5.186310e-01 0.000000e+00 1
1.031027e+13 -2.338923e+12 1.155267e+13 -5.370301e-01 -8.404625e-01 7.225988e-02 0.000000e+00 1
8.401321e+12 3.139230e+12 -8.441200e+11 -3.424385e-01 1.596877e-01 -9.258703e-01 0.000000e+00 1
1.740966e+12 -5.676611e+12 -4.281281e+12 -2.280415e-01 -3.612225e-01 9.041656e-01 0.000000e+00 1
-1.313704e+13 6.924098e+12 1.421651e+12 6.543864e-02 -6.194843e-01 -7.822768e-01 0.000000e+00 1
5.350458e+12 6.801369e+12 -1.280554e+13 7.528336e-01 -2.235351e-01 -6.190910e-01 0.000000e+00 1
-6.022953e+12 2.366296e+12 8.726376e+12 2.928002e-01 9.279178e-01 -2.307306e-01 0.000000e+00 1
-1.435281e+13 1.605464e+12 -2.257719e+12 3.155743e-01 -7.978590e-01 5.136476e-01 0.000000e+00 1
-1.440129e+13 3.330777e+12 1.136847e+12 -5.048188e-01 7.690033e-01 -3.921631e-01 0.000000e+00 1
4.305177e+12 8.380473e+12 6.696529e+12 -6.841142e-01 -7.174182e-01 1.315254e-01 0.000000e+00 1
1.137570e+12 5.282259e+12 2.876634e+12 7.078878e-03 5.738407e-02 9.983271e-01 0.000000e+00 1
-2.385946e+12 -8.209566e+12 6.807449e+11 7.806866e-01 -4.415731e-01 4.422010e-01 0.000000e+00 1
-5.588687e+12 4.624585e+11 1.187304e+13 -4.561661e-01 7.831960e-01 4.225122e-01 0.000000e+00 1
1.021595e+13 -4.337557e+11 1.688139e+12 -8.248039e-01 5.486129e-01 -1.368299e-01 0.000000e+00 1
7.217706e+12 1.458609e+13 -1.006827e+12 9.878619e-01 -1.551735e-01 7.074061e-03 0.000000e+00 1
-6.580700e+12 7.398561e+11 8.461578e+12 -9.138891e-02 -4.505749e-02 9.947954e-01 0.000000e+00 1
1.587545e+12 1.070221e+13 -7.784388e+11 1.642400e-02 4.234057e-02 -9.989682e-01 0.000000e+00 1
8.949191e+12 -1.268010e+13 7.339364e+11 6.451184e-01 -6.448054e-01 -4.099369e-01 0.000000e+00 1
8.789575e+12 7.020326e+11 -5.349753e+12 -5.210041e-01 -7.009995e-01 -4.869851e-01 0.000000e+00 1
1.864887e+12 4.450451e+11 -9.492117e+12 2.817417e-01 -9.490016e-01 1.414837e-01 0.000000e+00 1
9.757971e+12 3.176008e+12 4.457789e+12 -6.459511e-01 -5.510187e-01 -5.283234e-01 0.000000e+00 1
1.054676e+13 2.531513e+12 -1.979705e+12 8.591672e-01 2.926977e-02 5.108571e-01 0.000000e+00 1
-9.060398e+12 5.650030e+12 -1.313423e+13 -5.626570e-01 -5.159962e-01 6.458831e-01 0.000000e+00 1
7.908697e+12 -1.386451e+13 -2.441148e+12 -9.829198e-01 -1.829344e-01 2.009110e-02 0.000000e+00 1
6.120270e+12 6.985767e+12 4.725628e+12 -5.055090e-01 -5.158269e-01 -6.916526e-01 0.000000e+00 1
1.038389e+13 -5.336937e+12 -1.024887e+13 8.172803e-01 -6.166164e-02 5.729317e-01 0.000000e+00 1
-4.840417e+12 6.698439e+12 -1.223943e+13 -2.225053e-01 -8.294453e-01 -5.123591e-01 0.000000e+00 1
2.979589e+12 -1.185428e+13 8.467027e+12 -3.181115e-01 7.108748e-01 -6.272655e-01 0.000000e+00 1
-1.086557e+12 2.544504e+12 -1.301345e+13 4.476158e-01 -8.338530e-01 3.230005e-01 0.000000e+00 1
-1.420034e+13 4.313703e+12 1.977848e+12 5.970926e-01 -2.188331e-01 -7.717464e-01 0.000000e+00 1
9.650605e+12 5.781498e+12 1.080455e+13 5.247526e-01 8.396770e-01 1.399188e-01 0.000000e+00 1
1.047689e+13 8.572503e+12 -1.106516e+11 3.060940e-01 9.332712e-01 1.879131e-01 0.000000e+00 1
-3.550106e+12 -2.399688e+12 2.480003e+12 7.730254e-01 -4.671623e-01 4.291750e-01 0.000000e+00 1
-6.497832e+12 1.455375e+12 -1.019702e+13 -2.883530e-01 -2.579712e-01 9.221190e-01 0.000000e+00 1
-5.927906e+12 4.030827e+12 -1.134630e+12 -1.807593e-01 -7.341323e-01 -6.545042e-01 0.000000e+00 1
7.967135e+12 -1.076746e+13 -7.814573e+12 9.390349e-01 1.900418e-02 -3.432963e-01 0.000000e+00 1
-1.160691e+13 -1.200603e+13 -1.770409e+12 2.130016e-01 -1.777118e-01 9.607543e-01 0.000000e+00 1
2.396107e+12 -1.028009e+12 -1.584252e+13 7.534663e-01 5.366857e-01 -3.798118e-01 0.000000e+00 1
-1.016579e+13 4.199771e+12 -1.872709e+12 7.982502e-01 -3.545058e-01 4.869520e-01 0.000000e+00 1
-2.392635e+12 7.031252e+12 -1.496849e+13 1.113429e-01 2.784822e-01 -9.539656e-01 0.000000e+00 1
1.232988e+13 8.262409e+11 4.197987e+12 9.161799e-01 -3.724379e-01 -1.480012e-01 0.000000e+00 1
-6.203807e+12 -3.524429e+12 -2.853603e+12 -7.218638e-01 -4.269527e-01 5.446320e-01 0.000000e+00 1
8.288480e+12 6.835969e+12 7.017534e+12 -1.113427e-01 -4.848757e-01 -8.674666e-01 0.000000e+00 1
5.023643e+12 -1.106802e+13 -9.933412e+12 3.468445e-01 -8.518486e-01 -3.924957e-01 0.000000e+00 1
2.507606e+11 5.362582e+12 6.296588e+12 -8.904742e-01 -9.795682e-02 4.443648e-01 0.000000e+00 1
-1.357302e+12 -9.531361e+12 -1.036133e+13 -7.462458e-01 5.001072e-01 4.393290e-01 0.000000e+00 1
2.324010e+12 -7.381850e+12 -5.423421e+11 -9.915380e-01 -3.702618e-02 1.244244e-01 0.000000e+00 1
8.357193e+12 -1.036610e+13 -2.771389e+12 -2.352063e-01 8.841024e-01 4.037833e-01 0.000000e+00 1
3.094589e+12 -1.198821e+13 -7.300071e+11 -1.971587e-01 5.880470e-01 7.844292e-01 0.000000e+00 1
1.573591e+13 1.254171e+12 3.811551e+12 -9.999165e-01 1.286559e-02 1.215137e-03 0.000000e+00 1
1.221921e+13 1.635013e+12 -6.268430e+10 -1.397624e-01 -3.745807e-01 -9.166001e-01 0.000000e+00 1
-5.063086e+12 3.488480e+12 -1.840270e+11 9.423691e-01 -3.345741e-01 8.435435e-04 0.000000e+00 1
3.914484e+12 1.555894e+13 4.269886e+12 -9.637222e-03 6.749368e-01 7.378126e-01 0.000000e+00 1
-5.699392e+12 4.771218e+12 5.013639e+12 3.937788e-01 2.125109e-01 -8.943028e-01 0.000000e+00 1
6.792379e+12 7.072863e+12 -5.877359e+12 5.758534e-01 5.290326e-01 -6.233117e-01 0.000000e+00 1
-2.018153e+12 8.249996e+12 -1.345830e+13 6.453509e-01 3.998205e-01 -6.508962e-01 0.000000e+00 1
1.300886e+12 1.503534e+13 2.820987e+12 6.319828e-01 7.622973e-01 1.396439e-01 0.000000e+00 1
-6.272440e+12 -8.513316e+12 -6.266992e+12 -3.491857e-01 -3.799986e-01 8.565456e-01 0.000000e+00 1
-1.094011e+13 -7.753141e+12 3.404279e+12 9.217789e-01 2.863065e-01 2.614425e-01 0.000000e+00 1
-1.137666e+12 1.299746e+13 -3.691176e+12 2.736794e-01 6.668957e-01 6.930726e-01 0.000000e+00 1
-1.058657e+13 3.009548e+12 4.708647e+12 -8.575797e-01 2.244846e-01 4.627783e-01 0.000000e+00 1
-9.742316e+11 1.528812e+13 -6.436937e+12 9.809609e-01 -1.458425e-01 -1.282408e-01 0.000000e+00 1
9.312581e+12 9.059003e+12 -1.010892e+12 -8.863819e-01 1.007277e-01 -4.518640e-01 0.000000e+00 1
1.283635e+13 -7.294571e+12 3.761325e+12 4.241028e-01 -8.927510e-01 1.520935e-01 0.000000e+00 1
-6.225033e+12 7.129047e+12 9.522226e+12 -8.897590e-01 1.804947e-01 -4.192261e-01 0.000000e+00 1
-6.342918e+12 1.292998e+13 1.129945e+12 8.109260e-01 5.267911e-01 2.547356e-01 0.000000e+00 1
-1.599293e+13 -1.547188e+12 -2.150467e+12 -1.163083e-01 5.664604e-01 -8.158401e-01 0.000000e+00 1
1.024376e+13 -6.600800e+11 3.074283e+12 -1.487299e-01 -3.058536e-02 9.884048e-01 0.000000e+00 1
-1.183529e+13 4.918743e+11 3.340881e+12 -8.652273e-01 -3.317390e-01 3.759401e-01 0.000000e+00 1
-4.954731e+12 -3.018646e+12 1.552161e+13 -7.112990e-01 5.710223e-01 -4.098624e-01 0.000000e+00 1
1.202376e+13 -7.161592e+11 -1.719480e+12 1.308255e-01 -9.561756e-01 2.619405e-01 0.000000e+00 1
-6.306203e+12 5.384374e+12 -9.217557e+12 -4.959873e-01 -1.323846e-01 8.581788e-01 0.000000e+00 1
-8.287613e+12 1.334495e+13 3.249407e+12 5.111817e-01 -5.370590e-01 -6.710149e-01 0.000000e+00 1
-2.527942e+12 -8.145885e+12 5.418616e+12 -8.412840e-01 -4.341055e-01 -3.221701e-01 0.000000e+00 1
4.768260e+12 4.151737e+12 5.357817e+12 3.976752e-01 -2.622649e-01 8.792449e-01 0.000000e+00 1
-7.209516e+12 -1.189307e+13 -8.157471e+12 -2.033801e-01 -8.109659e-02 -9.757356e-01 0.000000e+00 1
1.211632e+13 4.676123e+12 -5.378933e+12 7.723402e-01 4.956020e-01 3.973276e-01 0.000000e+00 1
7.434244e+12 -1.197304e+13 -5.466152e+12 4.678482e-01 -6.984560e-01 -5.415508e-01 0.000000e+00 1
-2.086815e+12 9.362766e+12 -4.212603e+12 -8.395934e-01 5.271500e-01 1.311329e-01 0.000000e+00 1
1.005842e+13 1.072870e+13 -2.945771e+12 -6.053270e-01 5.404398e-02 7.941401e-01 0.000000e+00 1
4.558078e+12 -1.284554e+13 -6.283899e+12 -5.852011e-01 -7.680475e-02 -8.072426e-01 0.000000e+00 1
8.861954e+12 -6.403333e+12 -3.191785e+12 -9.960244e-01 1.187858e-02 8.828482e-02 0.000000e+00 1
4.813073e+12 -3.526823e+12 5.921926e+12 -9.478615e-01 -2.226614e-01 2.279924e-01 0.000000e+00 1
7.848003e+12 9.882550e+12 7.732466e+12 -9.080007e-01 -2.927010e-01 -2.997680e-01 0.000000e+00 1
-5.354805e+12 -8.488529e+12 -1.615078e+12 -6.048296e-01 5.118984e-01 -6.100337e-01 0.000000e+00 1
-2.594619e+12 5.392242e+12 -9.270763e+12 -4.785398e-01 -7.770825e-02 8.746206e-01 0.000000e+00 1
-8.946494e+11 1.232988e+12 -9.989911e+11 -4.326336e-02 9.980856e-01 4.419747e-02 0.000000e+00 1
-8.348037e+12 2.452200e+12 -9.458311e+12 4.307317e-01 -7.950207e-01 -4.270975e-01 0.000000e+00 1
-8.959437e+12 -8.574361e+12 -2.503459e+12 5.231628e-01 -2.307337e-01 8.204040e-01 0.000000e+00 1
-5.735110e+12 1.299138e+13 8.405174e+12 6.083117e-01 5.872276e-01 -5.339669e-01 0.000000e+00 1
5.035184e+12 5.711350e+12 1.502695e+13 -7.914141e-01 -2.304858e-01 -5.661626e-01 0.000000e+00 1
-7.372827e+12 -1.215263e+13 -2.864175e+12 7.385667e-02 9.712962e-01 2.261170e-01 0.000000e+00 1
1.008416e+13 4.183433e+12 -1.028034e+12 -6.128374e-01 7.892840e-01 -3.822370e-02 0.000000e+00 1
5.538001e+11 1.300664e+13 1.289658e+12 -3.676382e-01 9.196977e-01 -1.378341e-01 0.000000e+00 1
-1.557987e+12 -1.429462e+13 -5.986684e+12 -5.885086e-01 6.259732e-01 -5.116788e-01 0.000000e+00 1
-2.141318e+12 -6.598778e+11 4.262012e+12 2.412557e-01 -1.735787e-01 -9.548121e-01 0.000000e+00 1
7.315855e+12 -4.343407e+12 9.474373e+12 1.613906e-02 9.059567e-01 -4.230626e-01 0.000000e+00 1
2.999734e+12 -1.481664e+13 -6.733021e+12 7.542890e-01 -4.881647e-01 -4.390255e-01 0.000000e+00 1
-2.758295e+11 1.507784e+13 5.572303e+12 5.593338e-01 -5.117034e-01 -6.521544e-01 0.000000e+00 1
1.243204e+13 -1.182237e+12 -6.338879e+12 5.124638e-01 -6.283405e-01 -5.852940e-01 0.000000e+00 1
5.589867e+12 -7.841305e+12 -9.240644e+12 -6.990336e-01 -7.136110e-01 4.595076e-02 0.000000e+00 1
-9.140766e+11 2.932219e+12 -1.490164e+13 6.385904e-01 1.964707e-01 7.440440e-01 0.000000e+00 1
-3.179679e+12 2.276822e+12 1.072368e+13 2.667357e-01 -4.127969e-01 8.708908e-01 0.000000e+00 1
1.126596e+13 -3.097470e+12 -7.313738e+12 9.716010e-01 1.450250e-01 -1.869737e-01 0.000000e+00 1
-3.698746e+12 -8.926948e+12 1.124463e+12 1.867628e-01 4.236899e-01 8.863445e-01 0.000000e+00 1
9.196314e+12 -4.496331e+11 -1.039882e+13 9.319751e-01 3.553496e-01 7.175642e-02 0.000000e+00 1
-6.850631e+12 4.977213e+12 -5.131063e+12 -2.782884e-01 -3.075726e-01 9.099201e-01 0.000000e+00 1
-1.442241e+12 -7.893822e+12 -1.043502e+13 6.854108e-01 6.891929e-01 -2.350003e-01 0.000000e+00 1
4.815961e+12 -7.329570e+12 1.006323e+13 5.928919e-01 -3.246564e-02 -8.046274e-01 0.000000e+00 1
-1.791716e+12 1.739048e+12 1.566569e+13 2.635245e-01 -5.110402e-01 8.181643e-01 0.000000e+00 1
6.793489e+12 -1.079137e+12 7.522474e+12 5.898600e-01 6.332079e-01 -5.011118e-01 0.000000e+00 1
9.096221e+12 -3.937352e+11 -1.406061e+13 2.479601e-02 7.130759e-01 -7.006482e-01 0.000000e+00 1
-1.869033e+12 -1.100536e+13 1.095237e+13 9.165427e-01 4.416917e-02 -3.974904e-01 0.000000e+00 1
1.601631e+13 -2.787231e+12 -5.005534e+10 1.722815e-01 7.540831e-01 -6.337805e-01 0.000000e+00 1
1.263261e+13 4.361932e+12 -9.623361e+11 -5.073286e-02 -7.361731e-01 -6.748891e-01 0.000000e+00 1
1.018251e+12 4.226339e+12 1.586014e+13 8.002042e-01 -2.290081e-01 5.542820e-01 0.000000e+00 1
-1.514698e+13 -2.472836e+12 -7.104023e+12 4.898085e-02 9.682276e-01 2.452268e-01 0.000000e+00 1
-7.454507e+12 -3.524026e+12 1.054912e+13 4.108340e-01 6.165542e-01 6.716222e-01 0.000000e+00 1
-4.577135e+12 -3.827022e+12 -1.288965e+13 7.130635e-01 -6.679160e-01 2.131399e-01 0.000000e+00 1
7.309490e+12 4.446199e+12 -5.970281e+12 -3.612405e-01 -9.324691e-01 -2.603979e-03 0.000000e+00 1
-7.356784e+11 -9.315178e+11 -9.068853e+12 -5.296184e-01 -8.427267e-01 -9.651948e-02 0.000000e+00 1
-2.076783e+12 -1.130455e+13 -6.113328e+12 2.040127e-01 3.246954e-02 9.784296e-01 0.000000e+00 1
1.261664e+13 4.382507e+12 -9.738252e+12 4.153594e-01 -8.048432e-01 -4.239151e-01 0.000000e+00 1
-7.046479e+11 1.310186e+13 -9.275709e+12 3.348353e-01 -7.101430e-01 -6.193401e-01 0.000000e+00 1
6.220660e+12 1.262651e+13 -9.038165e+12 2.121376e-01 6.313826e-01 7.458912e-01 0.000000e+00 1
8.155890e+12 1.502440e+12 -2.648125e+12 -4.515667e-01 8.034248e-01 -3.880673e-01 0.000000e+00 1
-1.213830e+13 -5.440065e+12 8.622010e+12 5.536516e-01 7.817264e-01 2.870082e-01 0.000000e+00 1
7.459735e+12 -5.486914e+12 8.203869e+11 1.741935e-01 -3.896522e-01 -9.043383e-01 0.000000e+00 1
1.339009e+12 -1.629897e+13 5.700722e+11 -2.448175e-01 -2.669507e-01 -9.320953e-01 0.000000e+00 1
-2.173037e+12 7.943480e+12 7.818644e+12 -3.920777e-01 7.304944e-01 -5.591538e-01 0.000000e+00 1
9.388967e+12 1.369273e+13 3.415970e+11 7.884520e-01 -6.042547e-01 1.149765e-01 0.000000e+00 1
-5.388801e+12 -1.132258e+13 8.333809e+12 7.062930e-01 -1.584719e-01 -6.899543e-01 0.000000e+00 1
6.788848e+12 1.752281e+12 1.009258e+13 -1.152334e-02 -7.421838e-01 -6.700974e-01 0.000000e+00 1
-7.207218e+12 -6.480967e+11 -3.204089e+12 -2.302897e-01 3.521834e-01 -9.071568e-01 0.000000e+00 1
-8.697283e+12 -6.685276e+12 -8.565273e+12 6.784288e-01 4.399883e-01 -5.883405e-01 0.000000e+00 1
-1.541951e+12 -6.839460e+12 8.224953e+12 5.302965e-01 -7.390128e-01 -4.155065e-01 0.000000e+00 1
-6.764870e+12 -7.555774e+11 1.313016e+13 -4.186821e-01 -9.906470e-02 9.027134e-01 0.000000e+00 1
-6.695476e+12 -7.501701e+10 4.314102e+12 4.666876e-02 -7.746213e-01 6.307011e-01 0.000000e+00 1
-8.689218e+12 3.586457e+12 -3.248827e+12 1.026302e-01 9.934767e-01 -4.971044e-02 0.000000e+00 1
-5.659891e+12 7.187548e+11 1.105976e+13 5.286386e-01 -7.096730e-02 8.458752e-01 0.000000e+00 1
-6.925227e+11 1.348146e+13 8.564728e+12 -7.619519e-02 -9.504703e-01 3.013311e-01 0.000000e+00 1
-4.199548e+11 8.267482e+12 1.006601e+13 -8.833163e-01 2.478518e-01 3.978968e-01 0.000000e+00 1
-1.489904e+13 -1.637635e+12 2.297641e+12 1.965900e-01 2.921677e-01 -9.359436e-01 0.000000e+00 1
8.279198e+12 5.428369e+11 5.189086e+12 -3.495095e-01 6.161415e-01 7.058419e-01 0.000000e+00 1
3.289691e+12 -3.359898e+12 -7.411652e+12 -7.084799e-01 -7.047935e-01 -3.636432e-02 0.000000e+00 1
-8.656738e+12 -3.620576e+12 -7.157842e+12 2.914484e-01 -1.206669e-01 -9.489454e-01 0.000000e+00 1
-5.847011e+11 7.053121e+12 1.362582e+13 -5.369575e-01 2.423814e-01 8.080396e-01 0.000000e+00 1
-7.195400e+12 -1.142833e+13 7.747698e+12 9.646644e-02 -9.902303e-01 1.006886e-01 0.000000e+00 1
-1.318064e+13 -9.646901e+11 4.064833e+12 -2.355183e-02 5.636391e-01 8.256853e-01 0.000000e+00 1
8.090030e+11 -4.632488e+12 -1.441566e+13 -6.062208e-01 6.695576e-01 4.291723e-01 0.000000e+00 1
-1.551711e+13 -6.523234e+12 1.439412e+12 -5.576444e-01 2.794345e-02 8.296095e-01 0.000000e+00 1
4.038311e+12 3.878022e+12 -5.016250e+12 -1.631198e-01 9.863685e-01 -2.165872e-02 0.000000e+00 1
3.968790e+12 8.307430e+12 -4.309732e+12 -8.413894e-02 -9.712080e-01 2.228802e-01 0.000000e+00 1
2.351932e+12 1.367743e+13 5.470193e+12 1.280005e-03 -9.817963e-01 1.899325e-01 0.000000e+00 1
1.175364e+13 9.586209e+12 -3.708891e+12 9.314079e-01 -3.374827e-01 1.363262e-01 0.000000e+00 1
-1.077643e+13 1.497843e+12 -1.158108e+13 5.934750e-01 -6.714498e-01 -4.437820e-01 0.000000e+00 1
-3.932709e+12 -2.686475e+12 -8.415384e+12 8.769571e-01 4.491583e-01 -1.708890e-01 0.000000e+00 1
1.441502e+13 3.463248e+12 6.356754e+12 -6.285160e-01 -3.674680e-01 6.855180e-01 0.000000e+00 1
-2.891615e+12 5.199367e+12 4.964670e+12 8.607727e-01 2.322789e-01 4.528982e-01 0.000000e+00 1
-2.085363e+11 -4.037869e+12 -1.410665e+13 3.685667e-01 8.179292e-01 -4.417584e-01 0.000000e+00 1
-1.399462e+13 -5.751989e+12 -3.354994e+12 -9.507581e-01 -2.835632e-01 -1.251039e-01 0.000000e+00 1
9.853398e+12 -2.215817e+12 4.334343e+12 3.757798e-01 -4.009853e-01 -8.354642e-01 0.000000e+00 1
1.473707e+13 -5.992110e+12 -3.998154e+10 -2.902908e-01 -9.241719e-01 2.482691e-01 0.000000e+00 1
-4.810005e+11 5.999212e+12 7.342370e+12 4.103669e-01 -8.655766e-01 2.870124e-01 0.000000e+00 1
1.212788e+13 -1.060413e+13 1.882549e+12 -3.397725e-01 8.062029e-01 4.843464e-01 0.000000e+00 1
1.068939e+13 -3.470155e+12 8.864086e+12 3.027482e-01 7.968518e-01 5.228486e-01 0.000000e+00 1
-4.603478e+12 1.267817e+13 -3.444003e+12 4.320198e-01 -3.053843e-01 -8.485867e-01 0.000000e+00 1
-1.325562e+13 -8.259081e+12 -4.364143e+12 -1.906630e-01 -8.455342e-01 4.987179e-01 0.000000e+00 1
-1.253765e+13 -5.442293e+12 -8.922950e+12 -7.914101e-01 -5.786568e-01 -1.970438e-01 0.000000e+00 1
-1.530070e+13 -1.128088e+12 -6.490784e+12 2.832739e-01 8.616178e-01 -4.211540e-01 0.000000e+00 1
6.239127e+12 -2.394305e+12 1.395108e+12 9.225985e-01 3.660598e-01 1.217053e-01 0.000000e+00 1
-2.681388e+12 -1.014612e+12 2.212108e+12 3.651009e-01 -3.415944e-01 8.660339e-01 0.000000e+00 1
4.785600e+12 9.479020e+12 -5.830486e+12 -3.280632e-01 -7.603472e-01 -5.605771e-01 0.000000e+00 1
-1.986957e+11 8.923553e+11 -9.211951e+12 2.170806e-01 2.081076e-02 -9.759318e-01 0.000000e+00 1
1.356167e+13 -2.177578e+12 -6.714656e+12 -4.173752e-01 5.445088e-01 7.275357e-01 0.000000e+00 1
5.979242e+12 -8.602341e+12 6.105458e+12 -5.584752e-01 -2.195934e-01 7.999276e-01 0.000000e+00 1
-1.056635e+12 -4.499144e+12 -1.333274e+13 -4.047627e-01 -1.247566e-01 -9.058714e-01 0.000000e+00 1
-2.662865e+12 -9.572825e+12 -1.347677e+12 8.888429e-01 -4.049146e-01 -2.144820e-01 0.000000e+00 1
8.814866e+12 -2.567343e+12 4.207256e+12 -5.051129e-01 7.179967e-01 4.788963e-01 0.000000e+00 1
-1.376438e+13 1.630159e+12 6.144229e+12 5.303091e-01 -7.557665e-01 3.841734e-01 0.000000e+00 1
6.856153e+11 1.975202e+12 -2.949691e+12 -7.559451e-01 -5.436715e-01 -3.646482e-01 0.000000e+00 1
-1.207335e+12 -6.972106e+12 -5.515061e+12 -5.035258e-01 -8.006778e-01 3.246179e-01 0.000000e+00 1
-5.784909e+12 -8.572206e+12 -4.908612e+12 7.202603e-01 -2.312346e-01 -6.540304e-01 0.000000e+00 1
-1.480557e+12 6.042333e+12 1.391112e+13 -1.368500e-02 8.300947e-01 -5.574546e-01 0.000000e+00 1
-7.272325e+12 7.991300e+12 -7.428418e+12 -4.810538e-02 8.582462e-01 5.109787e-01 0.000000e+00 1
6.861336e+11 1.476937e+13 -4.738799e+12 4.275698e-01 4.035159e-01 8.089246e-01 0.000000e+00 1
-1.068073e+12 1.299756e+12 3.196748e+12 8.894821e-01 -4.027075e-02 4.551922e-01 0.000000e+00 1
-8.879693e+12 2.859887e+10 2.329659e+12 2.986299e-01 -9.507215e-01 -8.335942e-02 0.000000e+00 1
1.033163e+13 -1.753866e+12 -1.060309e+13 -2.183457e-01 -9.227257e-01 -3.176515e-01 0.000000e+00 1
-4.464519e+12 9.531604e+12 -3.930993e+12 -7.064762e-01 -6.566665e-01 2.639705e-01 0.000000e+00 1
-4.732019e+12 -9.630266e+12 1.127419e+13 5.386548e-01 -1.826983e-01 8.224794e-01 0.000000e+00 1
-2.043463e+12 -8.727346e+12 9.587625e+12 9.229839e-01 3.700785e-01 -1.055586e-01 0.000000e+00 1
1.050472e+12 -3.848122e+12 -1.862658e+12 -4.489777e-01 1.715565e-01 -8.769193e-01 0.000000e+00 1
6.067660e+12 4.632064e+10 -1.520175e+13 -6.767409e-01 6.644801e-01 3.169983e-01 0.000000e+00 1
-5.798645e+12 4.187321e+11 4.782560e+12 -6.882265e-01 -2.715401e-01 6.727632e-01 0.000000e+00 1
3.165320e+12 -5.983293e+12 5.105508e+12 8.290963e-01 -6.948698e-02 -5.547710e-01 0.000000e+00 1
-6.595894e+12 -8.784495e+12 -1.091757e+13 -7.153744e-01 5.921329e-01 -3.709692e-01 0.000000e+00 1
5.724089e+12 -1.306892e+13 4.231127e+12 -9.031271e-02 9.836717e-01 -1.556716e-01 0.000000e+00 1
-2.822545e+12 7.180912e+12 1.405467e+12 4.562683e-01 -8.550377e-01 -2.464343e-01 0.000000e+00 1
-3.233333e+12 -5.512986e+12 9.296059e+12 1.236872e-01 -9.721629e-01 1.989992e-01 0.000000e+00 1
-7.406976e+11 -4.148088e+12 5.551998e+12 4.561590e-01 8.897543e-01 1.600878e-02 0.000000e+00 1
1.069800e+13 -7.424532e+12 3.714060e+12 -5.344529e-01 8.089543e-01 -2.448529e-01 0.000000e+00 1
-5.209261e+12 3.040227e+12 6.257044e+12 -7.672353e-01 -5.306947e-01 3.601571e-01 0.000000e+00 1
6.796650e+12 -1.021108e+13 2.448676e+12 -9.925308e-01 5.389528e-02 1.094435e-01 0.000000e+00 1
-3.373421e+12 -5.618873e+12 9.046914e+12 9.156727e-01 -3.025276e-01 2.646142e-01 0.000000e+00 1
1.042031e+13 1.113121e+12 1.211716e+13 5.561878e-01 2.715691e-01 7.854333e-01 0.000000e+00 1
-1.477156e+13 3.033306e+12 6.896279e+12 -7.034554e-01 -4.047926e-01 5.842032e-01 0.000000e+00 1
-1.827453e+12 -4.299067e+12 6.225311e+12 5.699824e-01 7.902411e-01 -2.250312e-01 0.000000e+00 1
5.333513e+12 1.092060e+13 -9.268412e+10 -7.501863e-01 -4.980610e-01 -4.349203e-01 0.000000e+00 1
-1.202551e+13 -5.740253e+12 -1.858347e+12 5.731719e-01 -7.552488e-01 3.179200e-01 0.000000e+00 1
-6.427711e+12 -5.462002e+12 -1.279931e+12 9.039505e-01 -1.350562e-01 4.057502e-01 0.000000e+00 1
-1.514681e+12 1.065344e+13 1.041461e+13 -3.466240e-01 2.765951e-01 8.962962e-01 0.000000e+00 1
-4.928373e+12 -6.567303e+11 1.380416e+13 -8.400673e-01 4.619856e-01 -2.843521e-01 0.000000e+00 1
-1.225453e+13 6.723711e+12 7.051217e+12 3.169905e-01 7.346809e-01 5.998008e-01 0.000000e+00 1
-6.996046e+12 6.218253e+12 -9.430936e+12 5.389523e-02 9.330639e-01 -3.556502e-01 0.000000e+00 1
-6.033671e+12 1.079977e+12 1.299788e+13 9.987839e-01 4.820831e-02 1.032534e-02 0.000000e+00 1
8.596123e+12 1.342510e+13 4.231716e+12 -3.861104e-01 9.088556e-01 1.577985e-01 0.000000e+00 1
7.267406e+12 1.018374e+13 8.151377e+11 1.110603e-01 -9.859556e-01 1.247287e-01 0.000000e+00 1
-1.896970e+12 6.013887e+12 1.483340e+13 5.992657e-01 3.184434e-01 -7.344892e-01 0.000000e+00 1
-2.745106e+12 2.706426e+12 1.634656e+13 9.595806e-03 -6.789517e-01 7.341202e-01 0.000000e+00 1
-7.904597e+12 9.213461e+11 5.398045e+12 -4.255085e-01 -3.346654e-01 -8.407982e-01 0.000000e+00 1
5.619608e+12 -1.354289e+12 1.533168e+13 5.910104e-01 -5.420681e-01 5.973850e-01 0.000000e+00 1
4.104880e+12 1.577057e+12 -1.190407e+13 -6.167483e-01 -6.328005e-01 -4.681721e-01 0.000000e+00 1
-1.397731e+13 -8.419772e+12 1.637226e+11 8.197555e-02 -7.860076e-01 6.127578e-01 0.000000e+00 1
-6.632814e+11 5.762898e+12 1.582986e+12 5.933222e-01 7.902150e-01 -1.533916e-01 0.000000e+00 1
9.664025e+12 2.848312e+12 -2.312750e+12 9.148157e-01 1.098409e-01 3.886478e-01 0.000000e+00 1
5.888840e+12 -1.979865e+12 -1.543565e+13 -6.387992e-01 -1.425930e-01 7.560442e-01 0.000000e+00 1
-8.382679e+12 -9.304696e+12 1.040522e+12 2.248195e-01 -5.486534e-01 -8.052550e-01 0.000000e+00 1
1.404925e+13 -2.673892e+12 -7.794786e+12 -3.125979e-01 6.750419e-01 -6.682821e-01 0.000000e+00 1
-1.082332e+13 1.233423e+13 -5.661561e+11 -6.637845e-01 -7.270938e-01 1.752844e-01 0.000000e+00 1
-1.286612e+12 6.910678e+12 1.043605e+13 2.313628e-01 -7.459206e-01 6.245588e-01 0.000000e+00 1
-7.221677e+12 6.531821e+12 -4.614198e+12 -8.252734e-01 -5.553546e-01 1.024945e-01 0.000000e+00 1
-9.628411e+12 9.724731e+10 -4.914730e+12 4.567495e-01 -5.181776e-01 -7.230988e-01 0.000000e+00 1
6.213574e+12 9.616935e+12 -7.007144e+12 -3.900690e-01 -8.565410e-01 3.379109e-01 0.000000e+00 1
1.034988e+13 5.356286e+12 -7.269892e+12 -8.062552e-01 4.391451e-01 3.963635e-01 0.000000e+00 1
-1.485734e+13 7.711783e+11 6.180129e+12 3.710422e-01 -9.209941e-01 -1.187335e-01 0.000000e+00 1
-1.734234e+12 -5.595932e+11 1.903836e+12 7.956072e-01 1.035002e-01 -5.969061e-01 0.000000e+00 1
8.902405e+12 -1.144760e+13 -4.314380e+12 -5.874686e-01 6.231827e-02 -8.068439e-01 0.000000e+00 1
-6.630765e+12 -1.253193e+13 3.479497e+12 9.632857e-01 -2.664684e-01 -3.279171e-02 0.000000e+00 1
7.856811e+12 -1.490819e+13 1.428138e+12 -9.749138e-01 -2.213682e-01 -2.321973e-02 0.000000e+00 1
8.401822e+12 5.238960e+12 4.706174e+12 -5.323707e-01 -8.300061e-01 1.663471e-01 0.000000e+00 1
1.324768e+12 -7.411694e+11 -1.464019e+13 -8.484416e-01 -3.676404e-01 3.807721e-01 0.000000e+00 1
4.480811e+12 6.674785e+12 2.279698e+12 1.602173e-01 5.965750e-01 -7.864024e-01 0.000000e+00 1
-2.880803e+11 7.788534e+12 1.379646e+13 -5.999320e-01 -7.522037e-01 2.725275e-01 0.000000e+00 1
-2.106392e+12 5.839292e+12 -4.341147e+12 6.378467e-01 -7.515129e-01 1.684636e-01 0.000000e+00 1
-1.140895e+13 -6.702237e+12 4.022632e+12 9.721938e-01 4.857902e-02 -2.290835e-01 0.000000e+00 1
-6.794248e+12 -8.503149e+12 7.303446e+12 -3.292607e-01 -9.409114e-02 -9.395394e-01 0.000000e+00 1
-2.234543e+12 4.374018e+11 -1.472791e+13 1.319094e-01 9.834691e-01 -1.240499e-01 0.000000e+00 1
-8.048528e+12 3.696856e+11 1.522979e+12 -2.958301e-02 -1.733409e-02 -9.994120e-01 0.000000e+00 1
-2.417506e+12 5.467781e+12 2.037012e+12 -3.422559e-01 -9.386523e-01 -4.234170e-02 0.000000e+00 1
9.465734e+11 7.009664e+12 1.524751e+13 3.982888e-01 -5.918590e-02 -9.153486e-01 0.000000e+00 1
-7.535448e+12 -8.624769e+11 1.360511e+13 7.116585e-02 -2.174823e-01 -9.734664e-01 0.000000e+00 1
-1.096822e+13 4.778824e+12 -1.111170e+13 5.585679e-01 -4.166474e-01 7.172216e-01 0.000000e+00 1
-6.724278e+12 9.938038e+12 1.048722e+12 7.311611e-01 7.173705e-02 6.784226e-01 0.000000e+00 1
1.128620e+13 7.756025e+12 -8.404666e+12 4.805321e-01 4.236657e-01 -7.678517e-01 0.000000e+00 1
-4.453852e+12 1.262541e+13 -1.441153e+12 -2.830701e-01 -5.687256e-02 9.574115e-01 0.000000e+00 1
-3.669322e+12 2.149729e+12 -1.358115e+13 3.452605e-01 -1.869321e-01 -9.197019e-01 0.000000e+00 1
1.058716e+13 -2.022272e+12 -1.035347e+13 2.934829e-01 -8.671414e-01 -4.024098e-01 0.000000e+00 1
1.220964e+13 4.256132e+11 -3.058479e+12 -4.100352e-01 8.981342e-01 -1.588271e-01 0.000000e+00 1
1.538725e+12 1.000366e+13 1.303430e+13 4.555926e-01 8.802245e-01 1.328167e-01 0.000000e+00 1
2.585584e+12 9.296330e+12 5.763108e+12 7.849498e-02 5.785522e-01 8.118595e-01 0.000000e+00 1
-4.867728e+11 4.608755e+12 1.493956e+13 -6.219916e-01 5.398696e-01 5.671571e-01 0.000000e+00 1
4.815753e+12 9.574826e+12 -4.111590e+12 -1.838357e-01 4.745020e-01 -8.608439e-01 0.000000e+00 1
-1.000592e+13 3.625658e+12 2.949984e+12 7.283690e-02 -3.170541e-01 -9.456064e-01 0.000000e+00 1
5.447924e+12 4.068951e+12 -8.308624e+12 -9.329619e-01 -3.621551e-02 -3.581487e-01 0.000000e+00 1
7.773279e+12 -4.767792e+12 1.333701e+13 -4.656630e-01 -6.687679e-01 5.795753e-01 0.000000e+00 1
8.266040e+11 1.308309e+13 4.199364e+12 5.380391e-01 8.143781e-01 -2.174907e-01 0.000000e+00 1
-9.788840e+12 -2.830120e+12 7.611191e+12 5.785341e-01 -5.106775e-01 6.360085e-01 0.000000e+00 1
-6.226167e+12 -1.987973e+11 9.543636e+12 6.483633e-01 7.594248e-01 -5.384285e-02 0.000000e+00 1
3.219903e+12 2.771764e+12 -1.227406e+13 -3.931132e-02 -8.676935e-01 -4.955427e-01 0.000000e+00 1
-4.515589e+12 -1.073462e+13 9.066904e+12 4.640119e-01 -6.596385e-01 5.912445e-01 0.000000e+00 1
-4.430820e+12 5.675454e+11 -1.284075e+12 2.637607e-01 -8.184746e-01 -5.104210e-01 0.000000e+00 1
-2.034260e+12 1.093650e+13 1.246702e+12 3.917946e-01 -7.456093e-01 -5.390397e-01 0.000000e+00 1
1.210864e+13 -3.229500e+12 -4.722873e+12 8.288137e-02 -9.746652e-01 -2.077463e-01 0.000000e+00 1
-4.933873e+12 -1.973656e+12 -1.555839e+13 1.660413e-01 -8.247760e-01 5.405321e-01 0.000000e+00 1
-1.484042e+13 -1.016447e+12 -1.388485e+12 -2.350679e-01 2.126132e-01 -9.484401e-01 0.000000e+00 1
7.560608e+12 -1.294987e+13 4.478300e+12 -5.162356e-02 9.671403e-01 2.489469e-01 0.000000e+00 1
-1.225250e+13 5.200418e+12 9.799129e+12 -4.618156e-01 -9.126001e-02 8.822686e-01 0.000000e+00 1
-3.697675e+12 5.315441e+11 9.297624e+12 -2.160319e-01 4.164762e-01 8.831069e-01 0.000000e+00 1
-1.201435e+13 9.068518e+12 6.207981e+12 9.684018e-01 -1.713279e-01 -1.812308e-01 0.000000e+00 1
-6.779468e+12 1.210971e+13 -8.133402e+12 6.565899e-01 7.439494e-01 1.242132e-01 0.000000e+00 1
1.196273e+13 -3.475175e+11 -7.478098e+12 6.363254e-01 -7.579969e-01 1.432853e-01 0.000000e+00 1
-1.071624e+13 -6.592814e+12 8.169141e+12 -9.687194e-02 6.029400e-01 7.918833e-01 0.000000e+00 1
6.479559e+12 -7.849948e+12 -1.592879e+12 1.579933e-01 -8.042496e-01 -5.729056e-01 0.000000e+00 1
3.186445e+12 -9.898704e+12 -3.969371e+12 -9.985871e-01 3.634834e-02 3.876405e-02 0.000000e+00 1
8.366689e+12 2.691873e+12 -1.984894e+12 4.874824e-01 -8.616289e-01 -1.412678e-01 0.000000e+00 1
1.592321e+12 1.349698e+13 -3.905592e+12 7.867027e-01 4.872144e-01 3.791054e-01 0.000000e+00 1
-6.213796e+11 -3.048602e+12 -7.924073e+12 -8.906434e-01 4.448571e-01 9.410844e-02 0.000000e+00 1
-9.006738e+12 1.929399e+11 4.362882e+11 3.051466e-01 -9.264038e-01 2.205934e-01 0.000000e+00 1
4.138997e+12 8.259438e+12 -1.273363e+13 -4.730115e-01 5.991191e-01 -6.460003e-01 0.000000e+00 1
9.309918e+11 -4.591877e+12 -1.435388e+13 -2.943888e-01 -9.340730e-01 2.020964e-01 0.000000e+00 1
-1.383446e+13 2.363158e+12 -4.290812e+12 3.436012e-01 8.924073e-01 2.924848e-01 0.000000e+00 1
5.686391e+12 -9.096276e+12 -2.522947e+12 -4.922677e-01 -8.175151e-01 -2.989005e-01 0.000000e+00 1
-4.512046e+12 4.290287e+12 -1.369894e+13 -4.799758e-02 -3.180027e-01 -9.468741e-01 0.000000e+00 1
1.006903e+13 9.018043e+12 -8.712524e+12 8.600422e-01 -4.336002e-01 -2.689206e-01 0.000000e+00 1
-4.177515e+12 -8.204276e+12 1.274911e+13 2.747304e-01 -9.590233e-01 6.926376e-02 0.000000e+00 1
-8.841668e+12 1.265637e+13 4.648747e+12 -9.936676e-01 -5.399287e-02 -9.853669e-02 0.000000e+00 1
8.861634e+12 -2.311763e+12 3.927363e+12 1.433805e-01 -9.027025e-01 -4.056727e-01 0.000000e+00 1
9.234024e+12 8.486846e+12 8.247108e+12 -3.177221e-01 3.483803e-01 -8.818638e-01 0.000000e+00 1
8.307756e+12 3.806485e+12 9.575837e+12 6.677876e-01 -6.824277e-01 2.972408e-01 0.000000e+00 1
1.401396e+12 -1.241911e+13 -3.486848e+12 1.891424e-01 2.308264e-01 -9.544340e-01 0.000000e+00 1
1.418471e+13 -6.736896e+12 -4.630214e+12 4.346458e-02 9.001697e-01 -4.333651e-01 0.000000e+00 1
-1.055535e+12 6.510724e+12 -5.596166e+12 3.819206e-01 -9.158580e-01 -1.238576e-01 0.000000e+00 1
-4.212930e+12 -2.641494e+12 6.060698e+12 -9.069679e-01 3.691701e-01 -2.027870e-01 0.000000e+00 1
-1.605160e+13 2.370673e+12 7.584781e+11 2.121698e-01 -3.573500e-01 -9.095521e-01 0.000000e+00 1
3.004170e+12 -2.049402e+12 -8.013862e+12 5.292102e-01 2.559511e-01 -8.089657e-01 0.000000e+00 1
4.760796e+11 -1.416280e+12 -7.728245e+12 7.139185e-02 9.611034e-01 -2.668024e-01 0.000000e+00 1
-1.661272e+11 1.169788e+12 -3.459269e+12 8.658411e-02 -8.923292e-01 -4.430032e-01 0.000000e+00 1
8.094161e+12 -7.650038e+12 1.940113e+12 3.929637e-01 5.181018e-01 -7.597039e-01 0.000000e+00 1
7.508343e+12 5.172003e+12 -4.071875e+12 -7.471303e-01 -3.057225e-01 -5.901950e-01 0.000000e+00 1
-8.568545e+12 1.821438e+12 -1.254914e+13 -4.408447e-01 8.582587e-01 -2.627697e-01 0.000000e+00 1
-9.136590e+12 -9.479172e+12 1.023375e+13 -8.292249e-01 2.430775e-02 -5.583862e-01 0.000000e+00 1
-8.163826e+11 -3.762346e+12 -1.443356e+13 -9.882284e-01 1.583469e-02 1.521642e-01 0.000000e+00 1
8.130282e+11 -2.576751e+12 4.875193e+12 5.948299e-01 3.481936e-01 7.245265e-01 0.000000e+00 1
-6.307986e+11 -5.941861e+12 -1.361849e+13 2.620205e-01 2.925043e-01 -9.196665e-01 0.000000e+00 1
6.808015e+12 -1.454231e+13 -3.994068e+12 -3.664400e-01 3.664750e-01 -8.552297e-01 0.000000e+00 1
1.210341e+13 8.092587e+12 2.815601e+12 -1.084069e-01 9.514526e-01 -2.880729e-01 0.000000e+00 1
-1.135663e+13 -6.442179e+12 7.541870e+12 3.642233e-02 9.993163e-01 6.359510e-03 0.000000e+00 1
2.642548e+12 3.113613e+12 1.221053e+13 8.997366e-01 1.178746e-01 -4.202138e-01 0.000000e+00 1
-9.130428e+12 5.619605e+11 -5.428562e+12 6.881689e-01 7.094827e-01 -1.518478e-01 0.000000e+00 1
-6.625840e+11 1.597285e+12 6.483636e+12 7.654018e-01 6.434906e-01 8.934777e-03 0.000000e+00 1
-2.563317e+12 2.960766e+12 -1.153232e+13 -2.947260e-01 -9.383177e-01 -1.808218e-01 0.000000e+00 1
2.834279e+12 2.300332e+12 -1.226936e+13 -7.509197e-01 -6.677678e-02 6.570087e-01 0.000000e+00 1
2.240299e+12 4.924836e+12 -1.516748e+13 -2.617721e-01 -9.152295e-01 3.063174e-01 0.000000e+00 1
2.621163e+12 9.891677e+12 -1.250949e+13 9.136143e-01 -3.031642e-01 2.709249e-01 0.000000e+00 1
5.541817e+12 -7.860830e+12 1.272129e+13 5.689459e-01 2.754562e-01 -7.748706e-01 0.000000e+00 1
-8.493720e+12 -5.539366e+12 9.330590e+11 -1.815855e-02 -7.506289e-01 6.604744e-01 0.000000e+00 1
1.482135e+13 -9.531735e+11 -3.782992e+12 8.787292e-01 3.861390e-01 -2.805916e-01 0.000000e+00 1
4.071282e+12 1.282535e+13 1.003782e+13 -2.047671e-01 -8.861975e-01 4.156012e-01 0.000000e+00 1
-2.822672e+12 -1.591588e+12 -1.109263e+13 -3.755798e-01 7.683893e-01 5.181869e-01 0.000000e+00 1
1.145843e+13 -1.091218e+13 -6.773853e+11 -7.351978e-01 -6.725480e-01 -8.463709e-02 0.000000e+00 1
-5.369205e+12 3.716674e+12 -1.110153e+13 2.428631e-01 -9.696213e-01 -2.919049e-02 0.000000e+00 1
1.066126e+13 3.583527e+12 1.009221e+13 -3.839310e-01 -9.595333e-02 9.183626e-01 0.000000e+00 1
6.099933e+12 -1.660176e+12 1.471914e+13 -3.584254e-04 9.309927e-01 -3.650375e-01 0.000000e+00 1
5.884559e+12 -6.948780e+12 -1.029190e+13 -3.374419e-01 8.833959e-01 3.251841e-01 0.000000e+00 1
-2.550958e+12 -1.276733e+13 1.391908e+12 3.557914e-02 6.681396e-02 -9.971309e-01 0.000000e+00 1
-6.893737e+12 -9.010380e+12 -1.126118e+13 -8.921050e-01 -1.686164e-01 4.191863e-01 0.000000e+00 1
8.356667e+12 9.227533e+12 3.509356e+12 1.139662e-01 -7.343054e-01 6.691841e-01 0.000000e+00 1
-3.860500e+11 -1.542229e+12 -1.177865e+13 -7.135134e-01 6.980849e-01 -5.980019e-02 0.000000e+00 1
1.411828e+13 -5.917587e+12 -5.831487e+12 -9.858532e-01 2.822223e-02 1.652179e-01 0.000000e+00 1
-9.745395e+12 1.202758e+13 6.098004e+12 -5.052644e-01 2.563012e-01 8.240252e-01 0.000000e+00 1
-1.136232e+13 -3.051099e+12 -7.224161e+12 1.594027e-01 -5.278631e-01 8.342370e-01 0.000000e+00 1
4.356193e+12 1.205780e+13 6.115721e+12 -7.555865e-02 -5.210338e-01 8.501851e-01 0.000000e+00 1
1.193677e+13 -1.735683e+12 8.824707e+12 7.985148e-01 -5.602366e-01 2.202478e-01 0.000000e+00 1
-1.458398e+13 -1.992530e+12 -7.574136e+12 1.040947e-01 4.335987e-01 8.950734e-01 0.000000e+00 1
-1.228461e+12 6.503097e+12 -2.535289e+11 -4.455363e-01 1.866280e-01 8.755955e-01 0.000000e+00 1
3.704370e+12 -8.134171e+12 1.359358e+13 -8.240737e-01 -4.482038e-02 5.647068e-01 0.000000e+00 1
3.407350e+12 -1.315392e+12 1.647130e+13 9.684626e-01 2.279162e-01 -1.006695e-01 0.000000e+00 1
1.173170e+13 1.008514e+13 2.985705e+11 -9.510637e-01 -3.089860e-01 2.325185e-03 0.000000e+00 1
-3.797299e+12 -5.775312e+12 5.246319e+11 -7.395881e-01 -5.684671e-02 -6.706549e-01 0.000000e+00 1
-3.105126e+11 -2.501368e+12 1.166219e+13 -8.229543e-02 -9.782111e-01 -1.906054e-01 0.000000e+00 1
1.186774e+13 3.432056e+12 -9.383585e+12 -8.349741e-01 5.405020e-01 -1.033241e-01 0.000000e+00 1
1.473007e+13 -1.669693e+12 3.265957e+12 -2.823517e-01 3.824947e-01 8.797587e-01 0.000000e+00 1
7.956852e+12 -9.604987e+12 1.825074e+12 -6.650544e-01 3.552604e-01 -6.568810e-01 0.000000e+00 1
-1.015755e+13 -3.412913e+12 -1.136433e+13 -1.806673e-01 9.834072e-01 1.642219e-02 0.000000e+00 1
-3.774641e+12 -6.274231e+12 1.496801e+13 5.167886e-01 7.683175e-01 3.776477e-01 0.000000e+00 1
5.260536e+12 4.306853e+12 -1.047229e+13 -5.900165e-02 -4.284098e-01 -9.016562e-01 0.000000e+00 1
-2.538383e+12 3.175644e+11 -3.561158e+12 -2.944205e-01 -3.668002e-01 -8.824819e-01 0.000000e+00 1
9.102412e+12 -5.079353e+12 2.900519e+12 6.671777e-02 8.557342e-01 -5.130962e-01 0.000000e+00 1
-3.218371e+12 -6.388911e+12 1.331528e+13 2.750970e-01 1.123507e-01 9.548293e-01 0.000000e+00 1
9.197330e+12 -3.512745e+12 -8.071177e+12 -7.165801e-01 6.705241e-01 1.921209e-01 0.000000e+00 1
7.656322e+12 8.693895e+11 4.096942e+12 -7.396707e-01 -3.849196e-01 5.520182e-01 0.000000e+00 1
-8.633715e+12 -2.200161e+12 1.171010e+13 -1.257128e-01 9.352282e-01 -3.309751e-01 0.000000e+00 1
-5.008026e+12 -4.611187e+12 5.414058e+12 -1.889184e-01 -9.753489e-01 1.140363e-01 0.000000e+00 1
-5.276750e+12 5.368766e+12 -4.823803e+12 -6.588856e-01 8.781183e-03 -7.521919e-01 0.000000e+00 1
2.348558e+12 3.241936e+12 5.846985e+12 4.880198e-01 2.394949e-01 8.393324e-01 0.000000e+00 1
1.056086e+13 7.381849e+11 1.285883e+13 2.003474e-01 5.169638e-01 8.322316e-01 0.000000e+00 1
4.747893e+12 -3.651158e+12 -4.086443e+12 -5.427590e-01 1.517861e-01 -8.260591e-01 0.000000e+00 1
2.557113e+12 3.127113e+12 1.367798e+13 -2.560157e-01 6.681279e-01 -6.986137e-01 0.000000e+00 1
9.257615e+12 1.331140e+13 -7.397995e+10 4.500482e-01 -1.221569e-01 8.846097e-01 0.000000e+00 1
-3.012552e+12 -2.733086e+12 1.634250e+12 9.952177e-01 -5.273413e-02 8.222403e-02 0.000000e+00 1
-2.339510e+12 1.418048e+13 6.784067e+12 -5.906471e-01 -5.317309e-01 6.069581e-01 0.000000e+00 1
1.486623e+13 4.164868e+12 7.018535e+11 1.866892e-01 -5.486643e-01 -8.149323e-01 0.000000e+00 1
-2.837105e+12 3.623333e+12 1.251519e+13 -3.381877e-01 -7.467214e-01 -5.727444e-01 0.000000e+00 1
6.700268e+12 4.843056e+12 -7.118384e+12 -7.909925e-01 3.696549e-02 -6.107081e-01 0.000000e+00 1
2.054667e+12 -1.063670e+12 8.436470e+12 9.865795e-02 2.702841e-01 9.577124e-01 0.000000e+00 1
1.357301e+13 1.513507e+12 9.890389e+12 1.141373e-01 9.908199e-01 7.244685e-02 0.000000e+00 1
-1.269246e+12 -1.153374e+13 3.242840e+12 2.997185e-01 3.260606e-01 8.965787e-01 0.000000e+00 1
-8.337028e+12 -9.201679e+11 -7.914749e+12 -1.315877e-02 9.783026e-01 -2.067630e-01 0.000000e+00 1
-4.211263e+12 1.182807e+13 1.128044e+13 8.481699e-01 1.963602e-01 -4.919863e-01 0.000000e+00 1
7.918938e+12 -6.628318e+12 -8.840585e+11 3.710175e-01 -9.055542e-01 -2.057122e-01 0.000000e+00 1
-1.388822e+13 -7.585846e+12 3.209357e+12 1.376289e-01 1.759417e-01 -9.747322e-01 0.000000e+00 1
7.702921e+12 2.460763e+12 -1.267331e+13 -1.543762e-01 9.802364e-01 -1.237115e-01 0.000000e+00 1
6.666827e+12 -1.280693e+13 -8.195633e+12 -8.910543e-01 -2.779364e-01 3.588503e-01 0.000000e+00 1
7.534266e+12 1.326571e+12 5.474348e+12 -6.895405e-01 3.250067e-01 -6.472284e-01 0.000000e+00 1
5.948427e+12 -4.392597e+12 9.527227e+12 1.832089e-01 -8.223297e-01 5.387099e-01 0.000000e+00 1
-3.748820e+12 5.494005e+12 -2.871071e+12 -9.941738e-01 -4.341458e-02 9.865873e-02 0.000000e+00 1
6.746472e+12 1.493319e+13 4.161606e+12 -5.309278e-01 -8.185322e-01 2.193642e-01 0.000000e+00 1
7.909007e+12 -1.552172e+11 1.117290e+13 4.076719e-01 -9.129455e-01 1.827778e-02 0.000000e+00 1
1.353110e+13 7.708417e+12 1.689625e+12 9.618580e-01 -2.621236e-01 -7.823363e-02 0.000000e+00 1
-1.541194e+13 2.304007e+12 -6.254869e+12 5.865227e-01 -3.755909e-01 -7.175811e-01 0.000000e+00 1
3.627931e+12 -9.124206e+12 -1.220938e+13 -2.232307e-01 5.795529e-01 7.837643e-01 0.000000e+00 1
8.837191e+12 7.733442e+12 -3.618762e+12 9.618938e-01 2.053239e-01 1.805612e-01 0.000000e+00 1
-1.507294e+12 -1.121089e+13 -2.168249e+11 5.946474e-01 5.122602e-01 -6.196644e-01 0.000000e+00 1
4.220740e+12 -9.831938e+11 -1.464873e+13 -2.598390e-01 -9.097806e-01 -3.237019e-01 0.000000e+00 1
-4.987649e+09 -7.080418e+12 3.443292e+12 2.501439e-01 -4.036849e-01 -8.800378e-01 0.000000e+00 1
-3.021941e+12 -2.417939e+12 1.556843e+13 -4.353186e-01 4.393925e-01 -7.857684e-01 0.000000e+00 1
-5.168055e+12 4.074497e+12 -5.186615e+12 -8.274948e-01 -3.583002e-01 4.322884e-01 0.000000e+00 1
1.268094e+13 1.172832e+12 -4.266832e+12 8.140633e-01 2.445753e-01 5.267673e-01 0.000000e+00 1
-1.011034e+13 -8.500233e+12 -7.655961e+12 4.512112e-03 -1.604363e-01 -9.870359e-01 0.000000e+00 1
1.731984e+12 9.619644e+11 -3.102674e+12 7.577262e-01 2.949844e-01 5.820955e-01 0.000000e+00 1
-1.383860e+12 1.485479e+13 3.651178e+11 9.488254e-01 -2.534976e-01 1.883330e-01 0.000000e+00 1
8.201581e+12 1.281269e+13 4.092276e+12 5.809043e-01 2.973453e-01 7.577176e-01 0.000000e+00 1
9.620878e+12 -5.524518e+12 -9.873876e+12 -6.131611e-01 -4.732965e-01 6.324744e-01 0.000000e+00 1
-2.717725e+12 3.756471e+12 -2.582938e+12 3.521052e-01 -4.285486e-01 8.320866e-01 0.000000e+00 1
1.792698e+12 -4.644106e+12 8.415253e+11 8.846251e-01 1.694279e-01 -4.344336e-01 0.000000e+00 1
-2.517114e+12 7.768521e+12 -7.076341e+12 -2.713546e-01 7.860390e-02 -9.592643e-01 0.000000e+00 1
-8.183217e+12 -6.375702e+12 -1.189002e+13 8.905130e-01 1.519181e-01 4.288444e-01 0.000000e+00 1
-9.585327e+12 6.996635e+12 6.216669e+11 5.276882e-01 6.135228e-01 -5.874820e-01 0.000000e+00 1
-8.000609e+12 -8.647751e+12 -1.083591e+13 -3.230053e-03 -3.794234e-01 -9.252175e-01 0.000000e+00 1
-1.053343e+13 6.723303e+12 3.335988e+12 -6.727140e-01 -1.848018e-01 7.164525e-01 0.000000e+00 1
-4.399811e+12 1.530225e+13 5.132919e+12 6.748096e-01 5.493880e-01 -4.927524e-01 0.000000e+00 1
-3.878327e+12 1.607047e+13 -2.076983e+12 1.508030e-01 -9.841896e-01 9.289406e-02 0.000000e+00 1
-4.352534e+12 1.069951e+13 -8.377781e+12 -1.956029e-01 5.610618e-01 8.043315e-01 0.000000e+00 1
7.839602e+11 1.509681e+13 -6.779192e+12 -4.548948e-01 6.234633e-01 -6.358964e-01 0.000000e+00 1
1.180793e+13 -7.980458e+12 -2.017375e+11 -6.778677e-01 -7.283731e-01 9.984004e-02 0.000000e+00 1
1.294368e+13 -1.605270e+12 -6.755731e+10 4.486667e-01 5.438079e-01 -7.092046e-01 0.000000e+00 1
-3.108585e+12 6.249340e+11 4.534700e+12 -5.625974e-01 3.679722e-01 7.403247e-01 0.000000e+00 1
-7.953742e+12 1.049505e+13 2.113842e+12 5.801366e-01 -3.468624e-01 -7.369722e-01 0.000000e+00 1
-9.275078e+11 1.081779e+13 -4.318586e+12 -4.904688e-01 7.858896e-01 3.765872e-01 0.000000e+00 1
7.283503e+12 2.684686e+12 9.196077e+12 2.183022e-02 8.781361e-01 4.779126e-01 0.000000e+00 1
1.491272e+12 1.313276e+13 -9.211502e+12 -4.500156e-01 -8.599748e-01 2.406850e-01 0.000000e+00 1
-2.807468e+12 1.132451e+13 7.923670e+12 3.384341e-03 -9.457053e-01 3.250078e-01 0.000000e+00 1
2.395286e+11 -1.533992e+12 2.830679e+12 -6.810496e-01 -7.307811e-01 4.615745e-02 0.000000e+00 1
-5.583940e+12 7.850964e+12 -1.031611e+13 -6.269661e-01 -1.100623e-01 7.712327e-01 0.000000e+00 1
