# 781 1.000000e+07 1.000000e+04 0.000000e+00 1.000000e+00 5.000000e-01
-1.075486e+14 -5.129974e+13 1.218414e+14 -6.825256e-01 -7.289251e-01 -5.316974e-02 -5.811279e+00 0 5037712
3.483559e+13 1.477746e+14 8.575286e+13 -8.023780e-01 5.849913e-01 1.182148e-01 -9.689831e+00 0 1291005
-4.270899e+13 -9.646122e+13 1.416982e+14 -3.275234e-01 -4.617930e-01 8.243031e-01 -8.044545e+00 0 506487
2.724497e+13 -1.066960e+13 1.858327e+14 2.385099e-01 2.927528e-01 9.259637e-01 -1.721975e+01 0 11269989
2.452927e+13 -7.468700e+12 1.685112e+14 -1.218547e-01 3.808359e-01 9.165781e-01 5.879752e+00 0 131674
-1.170169e+14 1.056909e+14 -6.247674e+13 -4.372625e-01 8.827451e-01 -1.719375e-01 -9.148619e-01 0 1248045
-7.830533e+09 -1.695375e+14 -6.259978e+12 2.268117e-01 -9.738287e-01 1.463331e-02 -1.604036e+01 0 2697622
-1.095772e+14 -5.171977e+12 1.360754e+14 -9.032761e-01 -2.861605e-01 -3.196943e-01 -8.378795e+00 0 5732833
-1.201411e+14 1.725083e+13 1.263036e+14 -5.038589e-01 -8.337289e-01 2.258814e-01 1.490449e+01 0 3627928
7.452528e+13 1.284739e+14 8.270320e+13 2.008830e-02 9.990264e-01 3.927664e-02 -2.519613e-01 0 90911
-1.179247e+14 -2.772138e+13 1.199405e+14 -9.319918e-01 3.518579e-01 -8.710525e-02 -1.652064e+01 0 9427130
1.418785e+14 -1.019874e+14 1.458020e+13 8.295324e-01 -2.230106e-01 5.119984e-01 -1.541973e+01 0 2688818
-5.301201e+13 -1.716926e+14 -8.416237e+13 -2.013175e-01 -9.479472e-01 -2.467131e-01 -1.412933e+01 0 5439482
-3.131781e+13 -1.256019e+14 1.107484e+14 2.155470e-02 -5.045528e-01 8.631117e-01 -9.476115e+00 0 1611424
8.656624e+13 9.476358e+13 1.445865e+14 8.603295e-01 3.802167e-01 3.395119e-01 8.666925e+00 0 4443790
-1.453431e+14 6.058747e+13 -7.282770e+13 -7.797289e-01 -3.553539e-01 -5.155060e-01 1.478194e+01 0 432571
2.955750e+13 -4.712854e+13 1.747855e+14 6.002818e-01 -1.977374e-01 7.749591e-01 -1.436743e+01 0 6404343
-1.507727e+14 1.232196e+14 4.268314e+12 -4.907059e-01 8.160554e-01 -3.053872e-01 -2.177037e+01 0 4053921
-1.091125e+14 -1.351394e+14 4.187848e+13 -7.989065e-01 -4.549342e-01 3.934250e-01 1.445259e+01 0 1045591
-1.127759e+14 7.577504e+12 -1.562348e+14 -1.348014e-01 7.520776e-01 -6.451417e-01 -2.479782e+01 0 3104760
1.315170e+14 -1.396664e+14 -1.883484e+13 3.491381e-01 -8.237476e-01 4.467018e-01 -1.260474e+01 0 411920
-1.737237e+14 2.521170e+13 -7.916731e+13 -5.757546e-01 -3.728738e-02 -8.167718e-01 -9.629362e+00 0 6853383
-1.086820e+14 -1.106564e+14 -9.785189e+13 -7.607534e-01 -3.998654e-01 5.112357e-01 -2.674307e+01 0 3449020
5.232856e+13 -1.580276e+14 -4.258904e+13 5.955709e-01 -5.978761e-01 -5.365068e-01 -1.414003e+00 0 8954852
1.050762e+14 1.218206e+14 -5.415383e+13 4.547155e-03 4.091254e-01 -9.124668e-01 2.373826e-01 0 4958663
-2.057659e+11 1.660880e+14 -5.959945e+13 -5.654647e-01 8.045549e-01 1.814969e-01 1.463485e+01 0 5450463
-1.102509e+14 -1.679670e+14 7.475740e+13 -4.389462e-01 -5.414630e-01 7.170384e-01 -2.072022e+01 0 6314752
8.502462e+13 7.446751e+13 -1.501815e+14 4.506995e-01 8.671759e-01 -2.118395e-01 -1.305706e+01 0 739074
-1.683019e+14 1.440403e+13 -2.540052e+13 -9.986804e-01 -2.487378e-03 5.129582e-02 1.523254e+01 0 23508229
7.157231e+13 5.014853e+13 1.524239e+14 7.347038e-01 6.281655e-01 2.561611e-01 -1.405965e+01 0 1544234
-5.477820e+13 1.310034e+14 -9.305033e+13 -6.326456e-01 4.800507e-01 -6.077095e-01 -2.148467e+00 0 9591470
-9.017636e+10 -2.572319e+14 2.287073e+13 -3.176917e-01 -9.463485e-01 5.913089e-02 -2.492357e+01 0 1570088
3.282762e+13 1.558888e+14 6.722348e+13 3.699138e-01 8.211510e-01 4.345974e-01 -1.138712e+01 0 4051824
-2.559362e+13 9.211679e+13 1.731329e+14 7.495666e-03 7.099129e-01 7.042496e-01 -1.211415e+01 0 2652307
-1.217991e+14 -1.225152e+14 -4.443193e+13 -3.644361e-02 -9.890064e-01 1.433115e-01 1.778124e+01 0 677282
1.681838e+14 2.022440e+13 -9.598961e+12 2.693397e-01 -9.451740e-01 -1.846680e-01 1.020966e+01 0 396258
1.313974e+14 4.049358e+13 -1.006769e+14 9.489811e-01 -2.098182e-01 2.353957e-01 5.138715e+00 0 3182301
-7.452679e+13 -8.283471e+13 1.332879e+14 -2.428662e-01 -4.621394e-01 8.529028e-01 1.874190e+01 0 12441149
6.118184e+13 2.794659e+13 -1.680580e+14 -5.122020e-01 2.351967e-01 -8.260337e-01 1.368058e+01 0 5037399
-1.200602e+14 1.016731e+14 7.008781e+13 1.594964e-01 4.322184e-01 8.875518e-01 1.457010e+01 0 12325522
-1.616820e+14 -2.387553e+13 5.106897e+13 -8.623144e-01 -1.206120e-01 4.917994e-01 4.258902e+00 0 1445546
-1.293438e+14 6.593021e+13 -1.098978e+14 -9.327669e-01 3.602201e-01 -1.368789e-02 -1.591595e+01 0 233242
-1.806215e+14 -1.387084e+13 -2.097811e+13 -6.126668e-01 -7.626682e-01 -2.073078e-01 -1.015062e+01 0 9134310
4.223963e+13 -7.606177e+12 1.649056e+14 4.454158e-01 5.877554e-01 6.753876e-01 -9.444879e+00 0 6535053
-1.367390e+14 -3.037373e+13 -9.693540e+13 -8.033806e-01 4.917218e-01 -3.358411e-01 -1.647848e+01 0 1353408
-3.988813e+13 -4.176078e+13 -1.713367e+14 -7.712285e-01 -5.729909e-01 -2.772869e-01 -1.154257e+01 0 17768615
1.530713e+14 -9.288583e+13 5.894302e+13 6.427416e-01 -3.240792e-01 -6.941584e-01 1.890281e+01 0 1349771
1.532733e+14 -5.897273e+13 8.868486e+13 6.118442e-01 2.017991e-01 7.648031e-01 -1.448458e+01 0 15730254
-1.346485e+14 -9.789421e+13 3.354971e+13 3.830084e-02 -9.561831e-01 2.902531e-01 7.255699e+00 0 771581
-2.298666e+13 1.576572e+14 7.483480e+13 -1.634855e-04 9.936342e-01 1.126550e-01 6.141565e+00 0 7
-1.685732e+13 1.269069e+14 1.114554e+14 -9.514935e-01 -1.549954e-01 2.657754e-01 1.595040e+01 0 6301341
8.512433e+12 1.673471e+14 2.742953e+13 1.902946e-01 6.143242e-01 -7.657635e-01 4.414158e+00 0 831638
1.533442e+14 -7.356063e+13 2.329994e+13 3.051166e-01 -9.520037e-01 -2.434794e-02 -1.881131e+01 0 3184359
-1.442152e+14 -3.930050e+13 -1.220603e+14 -8.614516e-01 4.440893e-01 -2.463449e-01 -2.004280e+01 0 6387283
8.741194e+13 9.641972e+13 -1.102292e+14 4.661455e-01 -2.137785e-01 -8.584912e-01 -6.891521e+00 0 6520868
8.405575e+12 1.386947e+14 -9.866039e+13 -5.442532e-01 8.291102e-01 -1.279249e-01 6.003225e+00 0 1237740
4.047402e+13 -6.727732e+13 1.629342e+14 5.203206e-01 -1.206391e-01 8.454068e-01 -8.292959e+00 0 7101335
-3.322500e+13 1.482383e+14 1.983861e+14 -3.524367e-01 6.244651e-01 6.970162e-01 2.036585e+01 0 7895184
3.018544e+13 -1.598899e+14 1.549480e+14 -7.874943e-03 -8.812489e-01 4.725869e-01 1.204708e+01 0 8918635
6.764027e+12 -1.144008e+14 -1.416717e+14 2.320175e-02 1.540463e-02 -9.996121e-01 -1.005547e+01 0 6298714
5.579204e+12 -2.758318e+13 -1.681390e+14 -7.630170e-01 -3.314183e-01 -5.549477e-01 4.882307e+00 0 17926906
-3.465231e+13 -1.363116e+14 -1.156952e+14 5.918419e-03 -8.591662e-01 -5.116624e-01 -7.289149e+00 0 366913
-1.320215e+14 8.012183e+13 1.066762e+14 -9.491419e-01 1.310982e-01 2.862568e-01 1.834238e+01 0 1421901
-4.019399e+13 -1.658206e+14 -1.609942e+12 -7.507306e-01 -4.861753e-01 4.472550e-01 -1.243771e+01 0 11207112
-4.560549e+13 -1.126993e+14 1.188860e+14 8.483912e-01 -4.850937e-01 2.119353e-01 9.895534e-01 0 755176
7.795586e+13 6.926471e+13 -1.450884e+14 6.524978e-01 3.049601e-01 -6.937190e-01 1.154999e+01 0 140629
-1.187589e+14 -4.710847e+13 1.455866e+14 -7.666689e-01 -6.363753e-02 6.388811e-01 1.115564e+01 0 1007397
-1.162924e+14 1.170482e+14 -4.461143e+13 2.753128e-01 4.712583e-01 -8.379251e-01 -1.162384e+01 0 2315323
-7.786320e+13 1.077139e+14 1.345029e+14 9.304007e-02 1.813369e-01 9.790099e-01 1.094156e+01 0 2842388
-1.302886e+14 -2.728428e+13 -1.054985e+14 -5.950374e-01 2.776076e-01 -7.542311e-01 3.533454e+00 0 1762828
4.740627e+13 -8.053953e+13 1.418589e+14 1.283875e-01 -3.238468e-01 9.373579e-01 3.931646e+00 0 1906082
-2.853412e+12 -1.682301e+14 2.253455e+13 1.628437e-02 -9.728249e-01 -2.309687e-01 3.346186e+00 0 90165
4.062589e+13 1.135064e+14 1.226510e+14 2.825739e-01 5.241260e-01 8.033952e-01 3.817156e+00 0 73595
9.468213e+13 8.101363e+13 1.162777e+14 6.606092e-01 8.234696e-02 7.462000e-01 -8.200735e+00 0 208504
-7.186462e+13 1.519477e+14 -5.105343e+13 -2.097633e-01 7.056361e-02 -9.752026e-01 1.967441e+01 0 5394684
2.937629e+13 -4.542873e+13 -1.645878e+14 8.455993e-02 6.675709e-01 -7.397288e-01 -7.892525e+00 0 35995946
1.259248e+14 1.234921e+14 -1.770824e+12 3.830386e-01 8.826401e-01 2.724480e-01 -1.618835e+01 0 15689224
2.318577e+13 6.489291e+13 1.549918e+14 1.725777e-01 3.531373e-01 9.195167e-01 7.476773e+00 0 2064639
1.829855e+13 -1.688390e+14 -1.675128e+13 6.015969e-01 -6.801230e-01 4.189438e-01 -2.012197e+00 0 1140268
3.836107e+13 1.787268e+13 -1.696411e+14 7.143108e-01 -2.267654e-01 -6.620706e-01 -9.464625e+00 0 1465097
7.475644e+13 -3.713126e+13 -1.537625e+14 4.537113e-01 5.067828e-01 -7.330192e-01 1.667639e+01 0 808367
-5.243881e+12 -1.684919e+14 -3.944442e+13 -5.325315e-01 -5.945751e-01 6.024041e-01 -9.650938e+00 0 6288713
-1.070687e+13 1.056277e+14 1.501967e+14 -6.832573e-01 -2.570279e-01 6.834443e-01 -1.347160e+01 0 7318425
-2.011580e+13 1.472117e+14 -8.297816e+13 -4.573774e-01 8.678225e-01 1.941392e-01 7.940574e+00 0 715180
1.639750e+14 -5.267503e+12 -5.886157e+13 8.277329e-01 5.135685e-01 2.260654e-01 1.573955e+01 0 5367776
7.180023e+13 1.453257e+14 6.818206e+13 9.183406e-01 3.602427e-01 -1.639386e-01 -2.027268e+01 0 12562214
3.646990e+13 4.294629e+13 -1.617494e+14 2.124754e-02 8.626030e-01 -5.054351e-01 1.022749e+01 0 1766214
-7.246268e+13 -1.388979e+14 -6.989427e+13 -9.166902e-01 -3.690020e-01 1.533509e-01 -1.381327e+01 0 1415408
1.165339e+14 -9.912561e+13 -9.646446e+13 4.739983e-01 -8.757661e-01 -9.142985e-02 -1.283290e+01 0 3001471
9.680876e+13 9.660638e+13 -1.064221e+14 9.726228e-01 5.215740e-02 2.264607e-01 -2.380956e+01 0 5143037
1.373793e+14 6.215050e+13 8.733923e+13 5.816399e-01 7.913363e-01 1.883661e-01 -1.715245e+00 0 2383111
7.136721e+13 -1.096123e+14 -1.082403e+14 -5.513285e-01 -6.550128e-01 -5.167157e-01 1.621091e+01 0 13865885
-1.823705e+14 5.415263e+13 3.037745e+12 -7.744105e-01 6.313271e-01 -4.140608e-02 2.000738e+01 0 6282594
5.470386e+13 6.647644e+13 -1.486838e+14 4.669048e-03 2.821144e-01 -9.593694e-01 1.521881e+01 0 14303958
-9.795913e+13 -1.186735e+14 -7.846376e+13 -2.897410e-01 -3.450334e-01 -8.927497e-01 5.727118e+00 0 3807975
5.500792e+12 -2.164450e+13 -1.682902e+14 3.430740e-01 -7.601675e-01 -5.517659e-01 -3.979792e+00 0 159123
6.469423e+13 -8.996701e+13 -1.314269e+14 -2.460548e-03 -5.154415e-01 -8.569213e-01 1.796619e+01 0 7861536
9.756733e+11 -1.085464e+14 1.334169e+14 -2.214714e-01 6.101459e-01 7.607052e-01 1.641600e+01 0 366722
1.439497e+14 -9.913225e+13 -2.211498e+12 8.740149e-01 1.689645e-01 -4.555754e-01 2.198813e+01 0 3444397
1.631448e+14 -2.564975e+13 3.914979e+13 5.286158e-01 3.583954e-01 -7.694921e-01 -1.769182e+00 0 5054819
1.621084e+14 5.673402e+13 6.696692e+13 4.444711e-01 4.076853e-01 7.976454e-01 -1.216940e+01 0 3320551
4.855132e+13 1.783828e+13 -1.618073e+14 3.520311e-01 8.226290e-01 -4.464926e-01 8.909003e+00 0 820818
-1.205769e+14 9.606421e+13 9.418915e+13 -9.320515e-01 -1.601334e-01 3.250190e-01 -1.445115e+01 0 111733
-1.231224e+14 1.169202e+14 7.895975e+13 -2.232427e-01 4.070819e-01 8.856901e-01 1.281481e+01 0 1096400
-1.481984e+14 -2.630045e+13 -8.697087e+13 -9.959851e-02 2.726869e-01 -9.569336e-01 -2.244620e+01 0 8184711
-7.084692e+13 -1.066530e+14 -1.287375e+14 -3.087052e-02 -7.108460e-02 -9.969925e-01 1.284247e+01 0 820553
1.182627e+14 -3.472853e+13 -1.171077e+14 -1.744403e-02 -1.222484e-01 -9.923462e-01 9.565060e+00 0 989396
1.348793e+14 -2.684691e+13 -1.236861e+14 5.864499e-01 5.597788e-01 -5.854266e-01 -1.386545e+01 0 4245519
-1.099065e+14 -2.106554e+13 -1.287134e+14 -4.239886e-01 -6.281723e-01 -6.524058e-01 8.883417e+00 0 888826
-5.283747e+13 -1.487745e+14 6.999979e+13 -1.777255e-01 -8.972730e-01 4.041222e-01 -1.086892e+01 0 10483874
1.578914e+14 -4.121928e+13 4.779971e+13 5.768189e-01 6.536715e-01 4.898913e-01 1.236782e+01 0 20
-1.233507e+14 -2.701708e+13 -1.264212e+14 -6.966573e-01 6.513213e-01 -3.007476e-01 -2.343566e+01 0 9067885
-3.517271e+13 9.013832e+13 1.470893e+14 -1.248164e-02 8.474148e-01 5.307846e-01 -1.171647e+01 0 1855418
6.773071e+13 -6.735463e+13 1.449087e+14 -2.252043e-01 -6.462264e-01 7.291601e-01 -2.128840e+01 0 258829
-4.954367e+13 -1.492421e+14 1.076222e+14 -5.527383e-01 -6.436721e-01 5.293077e-01 1.112120e+01 0 1842037
-1.342388e+14 -4.186397e+13 9.571654e+13 -3.453274e-01 -8.407151e-01 4.170696e-01 8.825884e+00 0 2495707
-8.949747e+13 9.422683e+13 1.144986e+14 -2.264289e-01 9.469510e-01 2.280652e-01 1.683010e+01 0 5772633
-8.350723e+13 -1.551237e+14 -2.953295e+13 3.731522e-01 -9.213904e-01 1.086147e-01 2.877060e+01 0 8207117
-3.360198e+13 1.356343e+14 9.957307e+13 -2.905509e-01 9.300813e-01 2.247865e-01 8.402960e+00 0 3199087
-9.523221e+13 -3.576630e+13 -1.575530e+14 -5.094966e-01 -7.396695e-01 -4.396614e-01 -1.361382e+01 0 1733861
1.823433e+14 2.445788e+14 -7.537341e+13 6.243332e-01 7.342359e-01 -2.666563e-01 2.241592e+01 0 583320
-1.148982e+14 -1.305069e+14 -1.151685e+14 -6.772800e-02 -9.933746e-01 -9.284283e-02 2.936464e+01 0 11179472
1.614982e+14 5.046893e+13 -2.569707e+13 8.523295e-01 4.929224e-01 -1.748197e-01 -1.592889e+01 0 6166399
1.902719e+14 -4.455669e+13 2.007096e+13 9.361633e-01 -2.984295e-01 1.858443e-01 1.367160e+01 0 33548678
1.351273e+14 -1.488699e+14 1.745832e+13 5.675557e-01 -8.025560e-01 1.838051e-01 -2.017587e+01 0 42502
-1.536948e+14 5.463861e+12 7.271771e+13 -8.455872e-01 -6.911134e-02 -5.293448e-01 -7.340214e+00 0 54689
-1.602068e+13 1.638485e+14 1.202461e+14 3.513542e-01 8.650669e-01 3.580635e-01 9.204369e+00 0 4431281
9.514755e+13 -1.421200e+14 3.334480e+13 -1.988564e-01 -9.534206e-01 2.268153e-01 1.828483e+01 0 5072961
-8.708128e+13 -9.513986e+13 1.117496e+14 -4.978192e-01 -8.615260e-01 -9.974511e-02 -3.641151e+00 0 3704954
1.310253e+14 1.061157e+14 3.059318e+13 8.051859e-01 4.487717e-01 3.876592e-01 1.455070e+01 0 3897267
-1.444571e+14 8.820003e+13 -2.435289e+13 -8.944612e-01 -2.410392e-01 3.766156e-01 2.177869e+01 0 1654463
1.054676e+14 1.533911e+13 1.323442e+14 6.720949e-01 3.354626e-02 7.397047e-01 2.220305e+00 0 1777656
1.794344e+14 7.267267e+13 3.917795e+13 8.256671e-01 4.949562e-01 -2.707254e-01 2.014074e+01 0 11597893
5.176739e+13 1.240023e+14 -1.044903e+14 3.217685e-01 -2.276512e-01 -9.190430e-01 -6.190610e+00 0 1
8.318974e+13 -1.455195e+14 2.740316e+13 7.383107e-01 -6.010970e-01 -3.059079e-01 7.381783e+00 0 875390
-1.646377e+14 -8.592991e+12 -5.181584e+13 -7.032926e-01 4.481271e-01 -5.518711e-01 -1.246952e+01 0 6681366
-1.393120e+14 1.045519e+14 -9.853235e+12 9.236683e-02 6.881125e-01 7.197010e-01 -1.924836e+01 0 453190
5.642010e+13 1.575191e+14 -3.329171e+13 7.365018e-01 6.684075e-01 -1.039060e-01 4.235472e+00 0 10016252
7.854150e+13 -1.028552e+14 -1.276826e+14 6.743093e-01 -6.003087e-01 -4.300423e-01 -1.143844e+01 0 6991852
-1.338979e+14 7.994517e+13 8.523517e+13 1.428597e-01 9.501128e-01 2.772665e-01 -2.586036e+01 0 5456513
-2.016033e+12 -2.036045e+14 -1.592465e+13 -1.229892e-01 -9.854645e-01 -1.171898e-01 -1.553795e+01 0 3433949
7.680690e+13 -1.442771e+14 -6.541553e+13 1.952380e-01 -1.830232e-01 -9.635272e-01 1.630711e+01 0 19361833
-3.828114e+13 -2.510819e+13 -1.638524e+14 -8.098757e-01 4.413699e-01 -3.863857e-01 -1.162787e+01 0 5263179
-2.988862e+13 -1.290770e+14 1.419654e+14 -4.019795e-01 -7.475720e-01 5.287236e-01 1.581152e+01 0 4463463
-8.858888e+13 1.089802e+14 -1.038537e+14 -6.110593e-01 6.234057e-01 -4.878235e-01 8.368396e+00 0 1194822
-4.912744e+13 -1.619212e+14 -1.267467e+13 -2.789814e-01 1.297754e-02 -9.602088e-01 3.579064e+00 0 46982
-6.405223e+13 -1.498977e+14 -5.369835e+13 1.924945e-01 -6.283185e-01 -7.537650e-01 1.807700e+01 0 3953461
1.465538e+14 1.168814e+14 -4.110769e+13 6.241068e-01 7.463446e-01 -2.312151e-01 -1.053369e+01 0 9342283
9.399128e+12 -8.660432e+13 -1.484048e+14 3.521959e-01 -5.342302e-01 -7.684765e-01 1.463093e+01 0 3379002
-1.159862e+13 7.555519e+13 -1.521289e+14 5.955476e-01 -2.967095e-01 -7.465162e-01 1.345660e+01 0 86342
-1.628658e+14 3.978421e+13 3.715206e+13 -8.351834e-01 -5.473506e-01 -5.362880e-02 2.255218e+01 0 4884282
7.788925e+13 -1.362121e+14 -8.252982e+13 5.871132e-01 -3.356832e-01 -7.366239e-01 -8.373484e+00 0 3702432
-1.457695e+14 7.403263e+13 -6.017504e+13 -4.962633e-01 -5.265083e-01 -6.902983e-01 -6.135715e+00 0 340877
-1.586653e+14 -5.175371e+13 -3.532926e+13 -8.740047e-01 -2.536016e-01 4.144900e-01 7.883568e+00 0 1359802
1.166330e+14 2.208675e+13 -1.228864e+14 1.396974e-01 -7.627035e-01 -6.314808e-01 -1.897402e+01 0 9691670
1.183152e+14 7.368032e+13 -1.036895e+14 -3.119901e-01 6.963792e-01 -6.463112e-01 -9.128151e+00 0 13584131
-6.832508e+13 9.958561e+13 1.215156e+14 -3.391620e-01 -3.736976e-02 9.399854e-01 -7.999464e+00 0 14360540
3.874720e+12 1.646032e+14 -4.825471e+13 2.436385e-01 9.634440e-01 1.114270e-01 9.702148e+00 0 3106664
7.595746e+13 -4.373602e+13 -1.531067e+14 5.505749e-01 3.828776e-01 -7.418033e-01 -9.419711e+00 0 4662354
2.860176e+13 1.667950e+14 1.860442e+13 7.432979e-01 6.375154e-01 2.026880e-01 -1.696254e+01 0 7050437
-1.593593e+14 3.231529e+13 5.479021e+13 -7.594362e-01 1.963715e-01 6.202378e-01 1.263873e+01 0 5188765
-7.142086e+13 1.560793e+14 -1.598720e+13 -5.967389e-01 5.260173e-01 -6.059773e-01 1.868491e+01 0 2030873
-4.030119e+13 2.564127e+13 1.637853e+14 -4.156726e-01 4.655134e-01 7.813537e-01 -1.824696e+01 0 11008466
7.471605e+13 1.636581e+14 -1.221550e+13 -5.347953e-01 8.363358e-01 -1.205669e-01 -7.364853e+00 0 19217111
6.259930e+13 -1.308073e+14 1.184866e+14 -1.662496e-01 -9.120654e-01 3.748302e-01 6.860472e+00 0 6359709
-1.386046e+14 -1.558933e+13 -1.047636e+14 -9.347989e-01 -3.539367e-01 -2.966196e-02 1.212708e+01 0 5125060
8.926218e+13 2.049631e+13 -1.473640e+14 9.601000e-01 -1.980344e-01 1.974600e-01 1.616505e+01 0 3049323
-4.286875e+12 -1.576923e+14 -1.036115e+14 -3.129813e-01 -9.335179e-01 -1.748917e-01 -1.493348e+01 0 11418653
9.290056e+13 1.705479e+12 -1.554008e+14 -3.294081e-02 -2.371303e-01 -9.709192e-01 1.402159e+01 0 162036
-1.581681e+14 6.139310e+13 -1.081420e+12 -5.754005e-01 -5.357650e-01 -6.179564e-01 8.875562e+00 0 973934
-1.113366e+14 -8.053480e+13 -1.006961e+14 -9.779723e-01 1.888623e-01 8.888834e-02 1.501470e-01 0 961832
3.650106e+13 -9.182686e+13 1.387330e+14 7.632012e-01 -5.213652e-01 3.817097e-01 -1.616535e+01 0 3758370
-4.979229e+13 -1.011207e+14 -1.275530e+14 9.701092e-02 -4.837494e-01 -8.698135e-01 -5.510308e+00 0 69979
-8.538600e+13 -1.246658e+14 -8.255481e+13 -9.943377e-01 -9.950208e-02 -3.730764e-02 -2.309422e+01 0 4459250
-1.046584e+14 1.158878e+13 -1.359443e+14 -4.892438e-01 -3.653854e-01 -7.919179e-01 1.196991e+01 0 1756705
-1.583678e+14 -4.783499e+13 5.484537e+13 -7.433805e-01 -6.020242e-01 2.914657e-01 -1.286023e+01 0 1351063
1.081819e+14 6.743263e+13 -1.119511e+14 -6.470374e-02 9.926593e-01 -1.021806e-01 -1.108743e+01 0 12300526
7.889923e+13 -1.335162e+14 6.986237e+13 7.514461e-01 -5.487312e-01 3.663643e-01 5.963083e+00 0 12370163
5.600818e+13 -1.416423e+14 7.550189e+13 6.753166e-01 -7.335533e-01 7.646676e-02 8.523113e+00 0 3452910
-1.371946e+14 -4.862195e+13 -9.877120e+13 -4.997578e-01 1.446717e-01 -8.539978e-01 -2.209053e+01 0 16458619
1.216632e+14 -1.507535e+13 1.349540e+14 8.447407e-01 5.330965e-01 4.713019e-02 2.546564e+01 0 5349624
-1.486424e+14 5.833543e+13 5.759867e+13 -6.358453e-01 7.501481e-01 1.816003e-01 1.392911e+00 0 783752
1.011412e+14 4.977054e+13 -1.421905e+14 5.937105e-01 2.309409e-01 -7.708269e-01 -1.520590e+01 0 3507029
-1.566575e+14 -5.283688e+13 -8.050655e+13 -8.788373e-01 -3.614153e-01 -3.114869e-01 -1.298210e+01 0 12188953
-1.608751e+14 -1.746252e+12 -6.256984e+13 -8.936910e-01 -4.181194e-01 -1.627651e-01 -1.862696e+01 0 6282191
1.291599e+14 -2.305029e+13 1.196479e+14 6.040228e-01 3.903429e-01 6.948301e-01 1.029470e+01 0 613432
1.137145e+13 1.330128e+14 -1.073105e+14 1.253937e-01 4.880422e-01 -8.637657e-01 -6.156508e+00 0 3469305
-1.353237e+14 2.733351e+13 1.235722e+14 -2.609967e-01 -1.473014e-01 9.540351e-01 2.425342e+01 0 2009137
-3.554565e+13 8.840979e+13 -1.457026e+14 -2.503687e-01 4.439576e-01 -8.603587e-01 -5.976156e+00 0 2323278
6.714010e+13 -2.141556e+14 -3.377868e+12 -7.986341e-02 -9.835043e-01 -1.622998e-01 -2.593898e+01 0 8274887
-1.310770e+14 1.147766e+14 4.403037e+13 -5.024865e-01 6.126856e-01 -6.100194e-01 -2.028196e+01 0 4885826
-7.808590e+13 1.013853e+14 -1.139011e+14 -9.122700e-01 -4.091908e-01 1.806265e-02 1.524426e+01 0 14630527
-1.551702e+14 2.001621e+13 6.568072e+13 -7.316152e-01 4.839964e-01 -4.800903e-01 -5.888713e+00 0 749241
1.222382e+13 -1.736190e+14 -1.484152e+12 1.167273e-01 -9.623375e-01 -2.455226e-01 -1.122709e+01 0 21381633
7.579144e+13 1.508718e+14 -1.953934e+13 -4.057331e-02 9.921703e-01 -1.181184e-01 -1.104250e+00 0 51203
4.763515e+13 -1.293448e+14 -1.169638e+14 2.572453e-01 -9.443217e-01 -2.051375e-01 -9.979007e+00 0 536534
8.255511e+13 -4.163096e+13 1.610788e+14 1.050086e-01 3.290122e-01 9.384691e-01 -1.765618e+01 0 1425856
-5.001488e+12 -1.029645e+14 -1.583187e+14 -6.779308e-02 -6.017603e-01 -7.957943e-01 -1.471210e+01 0 11222282
1.460103e+14 6.405149e+13 6.412494e+13 8.225914e-01 6.508161e-02 5.648962e-01 -1.486823e+01 0 6341707
-2.294090e+12 1.601969e+14 6.350984e+13 5.934405e-01 6.486720e-01 4.765009e-01 -1.862807e+01 0 37502
-8.653338e+12 -2.242130e+14 4.257220e+12 2.474276e-01 -9.668441e-01 -6.318326e-02 1.878056e+01 0 5320855
4.852091e+12 1.207501e+14 -1.204666e+14 4.277156e-01 4.949696e-01 -7.563494e-01 -9.731452e+00 0 1644464
-5.287539e+13 9.641644e+13 -1.295487e+14 -4.273967e-01 8.667536e-01 -2.570415e-01 3.593023e+00 0 1063323
1.075092e+14 1.273042e+14 -3.343522e+13 5.785936e-01 5.722199e-01 5.812003e-01 6.884965e+00 0 9
4.642903e+13 -1.533134e+14 -1.154622e+14 3.921232e-02 -9.425810e-01 -3.316677e-01 -1.577358e+01 0 16886953
1.392164e+14 1.007405e+14 -7.056007e+11 6.266711e-01 7.774381e-01 -5.360354e-02 8.323019e+00 0 16745778
1.231456e+14 -1.217406e+14 -1.467176e+13 1.384250e-01 -9.677215e-01 -2.106029e-01 3.317052e+00 0 14896239
1.608951e+14 2.154200e+13 7.720746e+13 7.326862e-01 -6.426103e-02 6.775260e-01 -2.255129e+01 0 5784575
-8.209917e+12 1.377704e+14 -9.933043e+13 -1.099810e-01 8.813619e-01 4.594621e-01 -5.286731e+00 0 10600392
8.449504e+13 -1.380058e+14 -5.943001e+13 3.046107e-01 -9.197330e-01 2.475955e-01 3.067515e+00 0 1566591
4.670230e+13 -1.612193e+14 2.600394e+13 8.878375e-01 -4.594753e-01 2.503977e-02 1.832947e+01 0 4526154
-1.658361e+14 1.559932e+13 3.950636e+13 -9.256460e-01 9.016181e-02 3.674919e-01 1.081043e+01 0 4515945
2.236822e+13 -1.742150e+14 9.733743e+13 2.202947e-01 -9.296816e-01 2.952329e-01 -1.910965e+01 0 1190106
1.514748e+14 6.363145e+13 -4.680721e+13 3.480560e-01 7.629752e-01 -5.447255e-01 1.866399e+01 0 3438716
-4.591656e+13 1.764118e+14 -1.687133e+13 -6.564115e-01 7.511037e-01 7.047837e-02 -1.462374e+01 0 6813850
1.082182e+14 -1.217119e+14 4.852835e+13 -9.186325e-03 -8.674929e-01 -4.973647e-01 8.942502e+00 0 2662529
-1.355964e+14 -1.092521e+14 -2.565604e+13 -8.755901e-01 -2.336056e-01 -4.228124e-01 1.540857e+01 0 6534768
1.122155e+14 1.475062e+14 2.865987e+13 1.123040e-01 9.860917e-01 -1.225191e-01 -7.553427e+00 0 1991300
5.861214e+13 -1.023890e+14 1.233439e+14 9.476367e-03 -4.212581e-02 9.990674e-01 8.537957e+00 0 7
9.514977e+13 -8.632167e+13 1.109615e+14 1.867891e-01 -9.032501e-01 3.863276e-01 -1.723681e+01 0 908911
-6.960472e+12 1.043969e+13 -1.795297e+14 7.192219e-01 6.063643e-03 -6.947539e-01 1.286247e+01 0 11858449
-6.499384e+13 3.525918e+13 -1.566884e+14 -8.516135e-02 2.059976e-01 -9.748398e-01 -4.824424e+00 0 5129366
-6.997964e+13 1.040974e+14 1.219767e+14 -2.055224e-01 4.114763e-01 8.879458e-01 1.442429e+01 0 901023
1.265536e+14 -4.791042e+13 1.022716e+14 7.900639e-01 -5.401555e-01 2.898811e-01 -5.800943e+00 0 2
-6.163383e+13 1.393772e+14 -7.508496e+13 -9.423823e-01 1.583153e-01 -2.947063e-01 1.120303e+01 0 6236782
-1.616054e+13 6.642436e+13 -1.552442e+14 -8.347353e-01 1.185387e-01 -5.377411e-01 9.203806e+00 0 660066
7.943021e+13 1.431539e+14 -6.879403e+13 5.523499e-01 8.332061e-01 -2.602165e-02 7.678514e+00 0 819639
-9.350165e+12 6.534756e+12 1.859478e+14 -6.250586e-01 -3.016836e-01 7.199228e-01 2.056441e+01 0 978449
-3.828176e+13 -1.259716e+14 -1.145229e+14 1.233339e-02 -9.214501e-01 -3.883009e-01 -3.189153e+00 0 778704
-1.204744e+14 -4.989099e+13 -1.371697e+14 -4.273399e-01 -2.201987e-01 -8.768655e-01 1.153335e+01 0 4762194
1.285784e+14 2.341541e+13 1.120826e+14 6.198163e-01 7.732065e-01 1.340877e-01 -6.789027e+00 0 1503312
1.093821e+14 -1.185485e+14 -5.281585e+13 1.195382e-01 -9.913927e-01 -5.339657e-02 -1.135526e+01 0 533124
1.470467e+14 -9.724906e+13 -1.690915e+13 9.005942e-01 -5.377704e-02 4.313214e-01 1.578778e+01 0 11210117
-6.151081e+13 1.569980e+14 5.152397e+13 9.813023e-03 8.688990e-01 4.948921e-01 7.027712e+00 0 9718066
-8.079537e+13 1.044506e+14 -1.068209e+14 5.516560e-01 7.655690e-01 -3.310285e-01 -1.066239e+01 0 1309587
5.382998e+13 1.598820e+14 -1.844116e+13 -2.403390e-01 8.494145e-01 4.698215e-01 -7.298805e+00 0 4883988
9.700256e+13 1.030088e+14 -9.394440e+13 4.169844e-01 -4.387220e-02 -9.078542e-01 1.785091e+00 0 2496554
8.554053e+13 1.223950e+14 8.099529e+13 3.281365e-01 4.737982e-01 8.172158e-01 -1.570756e+01 0 4191493
-8.642729e+12 -2.043838e+13 -1.682400e+14 -4.485574e-01 6.875710e-01 -5.710013e-01 -1.594008e+01 0 3952627
-9.616481e+13 -1.432524e+14 6.610658e+13 -8.712271e-01 -3.886789e-01 2.998199e-01 7.183372e+00 0 10266042
-1.035502e+14 9.837046e+13 -9.160232e+13 -4.793909e-01 -7.860623e-01 -3.902440e-01 9.279214e+00 0 103601
1.575982e+14 1.033030e+14 5.871917e+13 2.780509e-01 9.582234e-01 6.704967e-02 -1.192101e+01 0 6791744
-1.693374e+14 1.492134e+13 -1.216733e+13 -9.597744e-01 1.521790e-01 -2.359548e-01 5.847816e+00 0 4
6.001020e+13 -2.695500e+13 1.639831e+14 6.957565e-01 2.303487e-01 6.803399e-01 -1.754659e+01 0 3892604
-2.805969e+13 1.131207e+14 1.246703e+14 5.986032e-01 1.158864e-01 7.926188e-01 2.606461e+00 0 1692974
1.508216e+14 7.167249e+13 5.159354e+13 6.810912e-01 6.680879e-01 -2.996220e-01 1.591082e+01 0 19471693
-1.495945e+13 8.805220e+13 -1.532835e+14 -4.956825e-01 7.318279e-01 -4.676824e-01 1.285414e+01 0 10271589
-1.260368e+14 -1.054157e+14 -7.705551e+13 -8.501057e-01 1.465122e-01 -5.058206e-01 1.168248e+01 0 6072813
-8.791756e+13 9.243202e+13 1.137442e+14 -9.151103e-01 3.485184e-01 2.027512e-01 -5.291489e+00 0 37785
9.914077e+13 8.978350e+13 1.141615e+14 4.370605e-01 2.088854e-01 8.748400e-01 8.043800e+00 0 542090
1.291059e+14 1.164047e+14 1.765209e+12 4.394497e-01 8.573691e-01 2.679593e-01 -1.232106e+01 0 500743
-2.731788e+13 -1.085665e+14 -1.281333e+14 5.148010e-01 -3.039394e-01 -8.016238e-01 -1.339768e+01 0 8181044
-8.219333e+13 1.504575e+14 -1.140889e+14 8.101061e-02 7.070431e-01 -7.025150e-01 1.833517e+01 0 7757328
1.219771e+14 -9.618748e+13 -7.719637e+13 7.243585e-01 1.121588e-01 -6.802391e-01 -8.022315e+00 0 19151
3.510476e+13 -1.721892e+14 -1.623020e+13 5.894759e-01 -7.761636e-01 2.238041e-01 1.061227e+01 0 2726512
-6.224965e+13 -1.678329e+14 4.494139e+13 -4.949499e-01 -5.167766e-01 6.985460e-01 1.165343e+01 0 10025832
1.555508e+14 -6.346074e+12 -6.985288e+13 -8.318415e-02 2.159670e-01 -9.728508e-01 -1.122459e+01 0 13929622
5.290817e+13 -6.863567e+13 -1.506923e+14 -3.122914e-01 -1.406806e-01 -9.395121e-01 6.886002e+00 0 8255092
1.201438e+14 1.195414e+14 2.648384e+13 7.309082e-01 3.519470e-01 -5.847277e-01 1.746804e+01 0 1383861
9.819467e+13 -5.319542e+13 -1.684165e+14 5.868348e-01 -5.633131e-01 -5.816384e-01 1.859138e+01 0 5951292
3.998390e+13 -1.069535e+14 1.269273e+14 5.495933e-01 -7.316617e-01 4.032598e-01 -1.398970e+01 0 7950781
8.699779e+12 3.850220e+13 -1.726960e+14 -6.288491e-01 -4.648328e-01 -6.232810e-01 -1.294631e+01 0 1782091
1.502808e+14 3.426556e+13 -7.238461e+13 9.884553e-01 7.787136e-02 -1.299701e-01 -1.148453e+01 0 2352068
1.296351e+14 -3.370993e+13 -1.060624e+14 9.006356e-01 -3.324955e-01 2.798255e-01 -9.595006e+00 0 9553403
1.212207e+14 5.535509e+13 1.083626e+14 8.457805e-01 4.175384e-01 3.321400e-01 -7.410414e+00 0 591888
2.068540e+12 -1.427901e+13 1.770127e+14 2.364177e-01 7.004296e-01 6.734278e-01 2.117886e+01 0 7826314
8.915402e+13 -7.788175e+13 -1.232856e+14 -5.997635e-01 -1.825856e-01 -7.790676e-01 8.783904e+00 0 9983456
2.692512e+13 -1.196176e+14 1.236207e+14 -3.930851e-01 -8.053953e-01 4.436469e-01 7.955901e+00 0 2953838
-5.342144e+13 -9.866909e+13 -1.288659e+14 -5.124049e-01 -6.764531e-01 -5.290108e-01 -1.025412e+01 0 1337039
5.178561e+13 -6.462951e+13 1.528037e+14 -4.061605e-01 -8.583950e-01 3.133555e-01 1.328225e+01 0 18747288
6.024064e+13 1.630534e+14 -1.080457e+13 5.097892e-01 7.636234e-01 3.962251e-01 -2.392369e+01 0 277356
-1.061240e+14 6.677858e+13 -1.145756e+14 -6.320629e-03 4.426255e-01 -8.966843e-01 -8.012790e+00 0 726611
-1.253501e+14 -1.993199e+13 1.212715e+14 -1.890738e-01 -5.717861e-01 7.983180e-01 1.809167e+01 0 2104914
-3.597850e+13 1.588526e+14 8.071000e+13 3.315102e-01 7.000791e-01 6.324478e-01 1.246635e+01 0 4009478
-9.984086e+13 -1.401897e+14 6.445811e+12 2.221993e-02 -9.838796e-01 -1.774462e-01 1.301879e+01 0 1100655
1.418493e+14 8.095261e+11 -9.582807e+13 7.584602e-01 -3.870397e-02 -6.505691e-01 1.250389e+01 0 7630238
5.584768e+13 1.493120e+14 6.180958e+13 -1.935518e-01 9.638683e-01 1.830180e-01 -8.428669e+00 0 8052226
1.139226e+14 -8.533803e+13 -1.007398e+14 -3.674113e-02 -5.304072e-01 -8.469464e-01 8.370394e+00 0 206800
-1.596885e+14 4.036489e+13 -6.366449e+13 -8.249326e-01 3.431738e-01 -4.491302e-01 -1.748676e+01 0 7400787
1.546250e+14 -4.541576e+13 5.917555e+13 9.284060e-01 -2.355727e-01 -2.873460e-01 8.507300e+00 0 508275
8.833603e+12 2.447776e+13 1.696369e+14 5.233434e-01 -2.403133e-01 8.175336e-01 7.842587e+00 0 1296896
-7.787039e+13 5.374687e+13 1.551276e+14 -9.490598e-01 2.504244e-03 3.150860e-01 1.860413e+01 0 9729196
1.170611e+13 4.576464e+13 -1.743644e+14 8.009361e-01 2.999504e-01 -5.182000e-01 7.243626e+00 0 6892800
1.234979e+14 5.310187e+13 -1.090550e+14 3.136540e-01 7.949426e-01 -5.193143e-01 1.596443e+01 0 8851793
-1.247537e+14 -1.189057e+14 -4.694224e+12 -8.338982e-01 -5.992030e-02 -5.486560e-01 -2.223690e+01 0 9841533
-1.185768e+14 1.170052e+14 -3.670979e+13 -8.621928e-01 -3.684573e-01 -3.476534e-01 -7.693520e+00 0 1506578
8.759986e+13 1.063639e+14 -1.359334e+14 2.583755e-01 6.033922e-01 -7.544269e-01 1.104646e+01 0 2697419
1.200793e+14 7.392149e+12 1.380215e+14 6.826000e-01 4.800213e-01 5.510325e-01 1.985108e+01 0 1157705
9.734653e+13 -9.794340e+12 1.455486e+14 7.051439e-01 2.384460e-01 6.677691e-01 -9.974766e+00 0 1610373
-5.992858e+13 -1.284877e+14 -9.450583e+13 -1.825584e-01 2.747314e-01 -9.440313e-01 -6.635978e+00 0 3603743
-1.620122e+14 2.375236e+13 -4.486239e+13 -8.705823e-01 -3.373815e-01 3.581344e-01 9.648564e+00 0 5861246
-9.036526e+13 -1.305596e+14 5.982011e+13 -9.128824e-01 -3.964078e-01 -9.750137e-02 -2.103843e+01 0 13135915
1.666340e+14 1.359560e+11 1.282331e+14 9.309184e-01 2.094331e-02 3.646262e-01 -1.808453e+01 0 2004469
1.282491e+14 1.082189e+14 -3.448521e+13 -1.311848e-01 9.901450e-01 4.902560e-02 1.391642e+01 0 29532873
8.440101e+13 -4.719862e+13 -1.481227e+14 5.733544e-02 7.788404e-01 -6.245960e-01 1.524003e+01 0 6649951
7.728562e+13 -5.027871e+13 -1.514994e+14 7.536329e-01 -5.979737e-01 -2.728827e-01 1.133080e+01 0 8898630
2.107464e+13 1.395052e+14 9.561438e+13 -5.592589e-01 8.203657e-01 -1.192879e-01 1.773580e+01 0 14878801
7.015903e+13 8.939940e+13 -1.263703e+14 5.214915e-01 -3.450287e-01 -7.803856e-01 -8.623372e+00 0 3
9.765624e+13 2.151955e+14 -1.472340e+14 1.656749e-01 8.593915e-01 -4.837335e-01 -2.427974e+01 0 1531791
-3.241965e+13 -1.298603e+14 -1.065388e+14 3.113653e-01 -7.793128e-01 -5.438044e-01 1.264271e+01 0 146379
-8.251141e+13 -1.686694e+14 4.839527e+12 -1.546866e-01 -8.458297e-01 5.105332e-01 -1.601566e+01 0 17669629
1.625785e+14 -6.602391e+13 7.185526e+13 6.916582e-01 -4.077290e-01 5.961258e-01 1.263067e+01 0 5289562
-9.764659e+13 1.354084e+14 3.510267e+13 3.887832e-01 6.852553e-01 6.158513e-01 2.045349e+00 0 14
1.063580e+14 7.345879e+13 -1.158533e+14 8.560590e-01 4.171535e-01 -3.051980e-01 8.779675e+00 0 396944
9.258557e+13 -1.590571e+14 -4.513806e+13 5.389577e-01 -8.065624e-01 -2.428613e-01 1.056741e+01 0 13095267
1.537951e+14 8.702424e+13 3.742724e+12 4.480237e-01 5.717998e-01 6.872552e-01 1.174533e+01 0 12815127
-8.759442e+13 1.026665e+13 -1.458081e+14 -6.814915e-01 -1.754539e-01 -7.104824e-01 4.883325e+00 0 254973
6.043576e+13 1.138894e+14 1.501494e+14 2.464102e-01 8.698065e-01 4.274560e-01 -1.240372e+01 0 11718153
-8.261262e+13 1.105177e+14 -9.946424e+13 -7.473828e-01 5.854157e-01 -3.141774e-01 8.970054e+00 0 9138426
1.397033e+14 -7.639278e+13 -6.464176e+13 4.535855e-01 -8.112486e-01 3.689660e-01 8.357216e+00 0 17
-9.594541e+13 -7.597111e+13 1.333497e+14 -2.246853e-01 -8.599673e-01 4.582278e-01 -8.647339e+00 0 904608
-5.711020e+13 -2.175209e+12 -1.656449e+14 -4.569709e-01 -5.376016e-01 -7.086339e-01 -1.776228e+01 0 8709794
8.374284e+13 1.324307e+14 9.817346e+13 -1.813902e-01 5.725068e-01 7.995834e-01 1.407102e+01 0 1156432
1.005468e+14 6.812027e+13 1.186199e+14 5.825056e-01 7.668140e-01 -2.695988e-01 4.952582e+00 0 1038320
-1.578625e+14 9.054897e+13 -2.155229e+13 -7.324642e-01 -4.437340e-03 6.807911e-01 1.734733e+01 0 2236307
1.409293e+14 8.925965e+13 9.726793e+13 2.912657e-01 7.109333e-01 6.401079e-01 2.421731e+01 0 1919251
4.032074e+13 1.137799e+14 1.206487e+14 -6.732462e-01 5.357034e-01 5.096679e-01 5.924416e-01 0 1811172
8.463385e+13 -1.506107e+14 -2.761441e+13 7.490629e-01 -5.378311e-01 3.868365e-01 -4.982203e+00 0 952256
-1.240161e+14 1.057101e+14 5.566346e+13 -4.237073e-01 8.873674e-01 1.818000e-01 6.116646e+00 0 2636598
7.965847e+13 1.564692e+14 4.915246e+12 -7.735740e-02 9.965144e-01 3.122406e-02 -1.261218e+01 0 3215620
7.833147e+13 1.868381e+13 -1.560459e+14 8.714043e-01 -1.099695e-01 -4.780808e-01 1.419610e+01 0 3516031
1.636229e+14 8.110778e+13 -1.049251e+13 2.236940e-01 9.605313e-01 1.653497e-01 2.428789e+01 0 5339125
-1.679404e+14 -5.945727e+13 -9.971874e+13 -6.419768e-01 8.828821e-02 -7.616239e-01 1.783381e+01 0 4169504
-1.538343e+14 1.387910e+14 -3.379034e+13 -8.031738e-01 3.850302e-02 -5.944992e-01 -9.201984e+00 0 3078914
-9.928998e+13 -1.246771e+14 -7.230632e+13 -8.240721e-01 -5.055284e-01 -2.556289e-01 7.527906e+00 0 496653
1.184564e+14 1.262396e+14 -2.404158e+13 9.883937e-01 5.866247e-02 1.401306e-01 1.062153e+01 0 2534381
-1.492394e+14 5.272681e+13 -8.384061e+13 -8.968837e-01 -1.964462e-01 -3.962430e-01 1.310674e+01 0 1661878
-1.083266e+14 6.672048e+13 1.131753e+14 -8.258461e-01 -4.958153e-01 2.685990e-01 -1.127412e+01 0 3225373
2.825196e+13 -1.261210e+14 1.100863e+14 -4.807771e-01 -8.616779e-01 -1.623714e-01 -9.937347e+00 0 2382319
1.441454e+14 8.765931e+13 2.447316e+13 7.655394e-01 5.678285e-01 3.025232e-01 6.544802e+00 0 8718501
-1.448877e+14 -5.733473e+13 -6.855744e+13 -4.517674e-01 -3.202237e-01 -8.326842e-01 -6.933433e+00 0 6161922
4.237612e+13 -4.854090e+13 1.584271e+14 2.573233e-01 7.721835e-01 5.809624e-01 1.424960e+01 0 3510001
-9.126274e+13 1.397079e+14 3.038118e+13 5.860214e-01 7.170945e-01 3.772988e-01 -8.169560e+00 0 813457
-1.111534e+14 -1.014101e+14 -9.673448e+13 7.041885e-02 -6.493269e-01 -7.572422e-01 -5.432714e+00 0 2248379
-1.396790e+14 5.565546e+13 8.283813e+13 -1.114199e-01 3.500285e-01 9.300891e-01 -1.051705e+01 0 2194775
-1.289529e+14 -1.063020e+14 3.047702e+13 5.722882e-02 -9.141739e-01 -4.012617e-01 -1.751349e+00 0 1707561
-2.489831e+13 1.555488e+14 -7.179465e+13 3.133213e-01 7.901912e-01 5.267140e-01 5.078212e+00 0 1033649
5.086835e+13 -1.127872e+14 1.173737e+14 3.674412e-02 -9.367466e-01 3.480741e-01 4.750227e+00 0 6136152
-1.355227e+14 9.430383e+13 -5.669195e+13 -1.984932e-01 8.449058e-01 -4.967239e-01 6.716814e+00 0 3096243
1.426463e+14 8.922598e+13 -2.330901e+13 5.722710e-01 -8.058819e-01 -1.518562e-01 4.652009e+00 0 558104
8.042213e+13 -1.390178e+13 -1.496156e+14 4.286831e-01 -7.578612e-01 -4.918101e-01 1.077205e+01 0 8916640
7.433366e+13 4.276578e+13 1.466051e+14 -4.647075e-01 -2.113229e-01 8.598776e-01 -1.315975e+01 0 607546
-1.021912e+14 1.265508e+14 -5.265967e+13 -2.136564e-01 9.331148e-01 2.892193e-01 9.624800e+00 0 3058704
-1.386839e+14 -8.723398e+13 4.764378e+13 -3.351720e-01 -3.214902e-01 8.856093e-01 6.467286e+00 0 1068738
-2.863165e+13 -1.541829e+14 6.838134e+13 -2.253215e-01 -9.619491e-01 1.545449e-01 7.360586e+00 0 317126
-2.669404e+13 7.001417e+13 -1.530119e+14 -5.796006e-02 1.147562e-01 -9.917014e-01 5.421140e+00 0 6686184
-1.568278e+14 -5.879164e+13 -2.746131e+13 -7.562025e-01 5.359564e-02 -6.521390e-01 -9.628326e+00 0 1592517
7.700795e+13 1.433704e+14 5.142861e+13 8.280606e-01 3.008978e-01 -4.730498e-01 9.027267e+00 0 830516
-9.389402e+13 1.364492e+14 3.654224e+13 -1.591740e-01 7.831821e-01 6.010735e-01 4.829951e+00 0 1542169
7.661691e+10 1.501751e+14 -8.118344e+13 -7.640768e-01 6.342901e-01 -1.177402e-01 1.332643e+01 0 4069381
6.958099e+13 -1.503226e+14 3.810542e+13 2.694059e-01 -7.333569e-01 -6.241860e-01 1.210587e+01 0 12462195
1.858010e+13 -1.566429e+14 6.810117e+13 4.148077e-01 -7.791846e-01 4.698999e-01 2.232370e+01 0 7926639
-1.677689e+14 1.963534e+13 2.310620e+13 -7.690627e-01 6.040177e-01 2.090578e-01 6.164761e+00 0 7480515
-1.399178e+14 -1.762530e+13 9.637035e+13 -9.701718e-01 7.707552e-02 2.298391e-01 -1.147049e+01 0 8691591
-1.489799e+14 5.198806e+13 -6.589380e+13 -7.638672e-01 6.445830e-01 3.193299e-02 -1.162214e+01 0 1403120
3.327905e+13 -6.741134e+13 1.573072e+14 5.155479e-01 -3.914425e-01 7.622225e-01 -7.293548e+00 0 5471417
-5.521622e+13 6.101420e+13 -1.604433e+14 -1.804905e-01 4.558878e-01 -8.715443e-01 -1.425695e+01 0 11030981
-3.522205e+13 -1.068177e+14 1.303801e+14 -1.893518e-01 -6.751023e-01 7.130096e-01 1.803986e+01 0 4021176
-4.049545e+13 -7.430657e+13 1.490724e+14 -8.331223e-01 -1.104970e-01 5.419388e-01 7.034297e+00 0 905943
-8.019550e+13 -9.270347e+13 -1.186000e+14 -6.536816e-01 -6.833758e-01 -3.251121e-01 -1.589133e+01 0 14487998
-1.183492e+14 1.015031e+14 8.429674e+13 -8.170512e-01 5.627502e-01 -1.254573e-01 -1.457842e+01 0 3790022
-9.033100e+13 -4.333993e+13 -1.391920e+14 -8.847851e-01 -1.626479e-01 -4.366932e-01 -1.548474e+01 0 3585090
-9.273529e+13 -1.000086e+14 1.045525e+14 -1.374741e-01 -3.577737e-02 9.898590e-01 -1.400377e+01 0 1717327
6.440837e+12 -1.409579e+13 1.700177e+14 2.254333e-01 5.243174e-01 8.211401e-01 -6.345936e+00 0 446784
1.700284e+14 6.108366e+13 3.385052e+13 8.946562e-01 4.090803e-01 1.795647e-01 1.411929e+01 0 1208054
-7.246672e+13 1.222853e+14 -9.494709e+13 4.848224e-01 1.802951e-01 -8.558276e-01 1.270686e+01 0 659746
2.667065e+12 1.396204e+14 1.117070e+14 6.907048e-01 6.702800e-01 2.713881e-01 -1.869346e+01 0 7845203
-1.458628e+14 -8.448207e+13 -1.948529e+13 7.545320e-02 -9.970887e-01 1.099337e-02 1.589782e+01 0 2485874
-1.634368e+14 5.061582e+13 -1.691046e+13 -5.415057e-01 -7.118470e-01 -4.472644e-01 -3.344488e+00 0 10633950
-1.299590e+14 -6.006245e+13 -1.040330e+14 -1.688019e-01 -1.493817e-01 -9.742644e-01 1.186041e+01 0 2144176
-4.151482e+13 -1.646970e+14 2.519031e+13 -3.659062e-01 -3.912447e-01 8.444171e-01 7.503702e+00 0 4277492
-4.312674e+12 -1.528938e+14 -7.759319e+13 -1.258389e-01 1.859491e-02 -9.918764e-01 -7.658021e+00 0 3099356
1.226436e+14 -5.376760e+13 -1.187994e+14 1.847840e-01 -2.883743e-03 -9.827749e-01 -7.678063e+00 0 2152561
-7.641799e+13 1.178779e+14 9.631057e+13 -8.687365e-01 1.628448e-01 -4.677376e-01 1.157040e+01 0 2610933
-6.137296e+13 4.918879e+13 1.505126e+14 -5.595308e-01 6.806703e-01 4.728776e-01 6.379204e+00 0 922492
-5.156720e+13 1.527172e+14 9.258553e+13 -3.885603e-01 8.929859e-01 -2.271499e-01 -1.821844e+01 0 5389135
-1.447829e+14 9.195346e+13 -1.457891e+13 -3.341314e-01 5.340827e-01 -7.766028e-01 -1.646919e+01 0 13528229
8.685338e+13 -1.151969e+14 9.154177e+13 5.965891e-01 -4.650829e-01 6.540484e-01 -6.849786e+00 0 1541209
-1.127949e+14 1.255500e+14 -5.248541e+13 -2.612446e-01 8.818555e-03 -9.652323e-01 -1.213456e+01 0 2549782
1.321973e+14 5.610098e+13 -9.996167e+13 8.122337e-01 4.856991e-01 -3.230679e-01 5.724435e+00 0 827555
3.334700e+13 1.088249e+13 -1.659759e+14 -3.632051e-02 3.398220e-01 -9.397882e-01 -1.394580e-01 0 470743
-1.333830e+14 3.587321e+13 -1.170836e+14 -9.214249e-01 -3.428099e-01 -1.829138e-01 -1.295633e+01 0 3550792
-1.926221e+14 -1.680891e+13 -3.996076e+13 -8.642353e-01 -5.027881e-01 1.736534e-02 2.691562e+01 0 6577331
-1.042712e+14 1.656328e+14 4.951376e+13 -1.543912e-02 9.561019e-01 -2.926274e-01 1.591387e+01 0 4787715
3.971630e+13 1.675572e+14 4.987476e+13 6.323878e-01 7.745867e-01 -1.005751e-02 1.821764e+01 0 10244229
8.413036e+12 -1.001019e+14 1.458281e+14 -5.584414e-01 -1.525751e-02 8.294036e-01 1.078376e+01 0 902315
1.217293e+14 4.500558e+13 1.144622e+14 9.707424e-01 -2.263587e-01 8.013091e-02 -1.577362e+01 0 8749439
-2.237165e+13 -8.513310e+13 -1.514466e+14 -8.589568e-01 -2.830171e-01 -4.267254e-01 -1.559534e+01 0 8836137
-8.923118e+13 -1.992602e+13 1.448773e+14 3.409731e-01 3.007530e-01 8.906655e-01 -1.539398e+01 0 1451086
-1.610436e+14 5.415761e+13 1.514959e+13 -9.093826e-01 -1.341892e-01 3.937214e-01 -6.554857e+00 0 799399
8.485815e+13 -1.484580e+14 2.491818e+13 1.188056e-01 -9.927154e-01 -2.003229e-02 9.725341e+00 0 6227234
-3.971042e+13 4.289684e+13 -1.602307e+14 4.824027e-01 8.481565e-01 -2.189023e-01 -8.796835e+00 0 246172
-4.864416e+13 -1.373837e+14 -9.118288e+13 -1.736630e-01 -9.778012e-01 -1.172428e-01 1.361967e+01 0 2528305
-1.243263e+14 3.301800e+13 1.190810e+14 -3.408805e-01 7.920160e-01 5.064693e-01 6.403883e+00 0 822252
-1.462341e+14 8.848206e+13 1.096658e+14 -8.646645e-01 4.897379e-01 1.118578e-01 1.685654e+01 0 14058424
9.141699e+13 1.313018e+14 5.847329e+13 8.103739e-01 8.335008e-02 -5.799542e-01 -1.870069e+01 0 3422745
-6.154696e+13 -1.474987e+14 6.589293e+13 -7.041595e-01 -6.622801e-01 -2.560165e-01 -1.329060e+01 0 12566090
-1.504165e+14 6.474507e+13 5.761440e+13 -8.343131e-01 5.480429e-01 5.975452e-02 9.970185e+00 0 3709568
7.937269e+13 2.964337e+13 -1.490050e+14 8.227385e-01 5.506201e-01 1.411341e-01 -8.887120e+00 0 3568749
-8.472064e+13 1.252642e+14 -7.894054e+13 -8.014879e-01 -3.963841e-01 -4.477687e-01 -3.531031e+00 0 8087
1.925776e+13 6.729994e+13 -1.548784e+14 3.667290e-01 -5.512637e-01 -7.494119e-01 8.278992e+00 0 5510770
-1.322062e+14 -1.013709e+14 -5.587588e+13 -6.056669e-01 -7.904128e-01 -9.173428e-02 1.748584e+01 0 19628
3.945685e+13 -1.228062e+14 1.150878e+14 3.121397e-01 -5.418912e-01 7.803350e-01 1.029091e+01 0 5770499
-4.810079e+13 2.464926e+13 1.734494e+14 4.115154e-01 -4.186258e-01 8.095725e-01 -1.444547e+01 0 29114097
-2.672078e+13 1.500885e+14 -7.582994e+13 -5.038532e-01 3.971586e-01 -7.670704e-01 1.919011e+01 0 20903389
-1.018952e+14 8.593092e+13 1.072739e+14 -1.755705e-01 9.831856e-01 5.020953e-02 -9.171844e+00 0 476497
1.101869e+14 1.230640e+14 4.331165e+13 3.002282e-01 9.304598e-01 -2.100181e-01 -1.135772e+01 0 12052068
1.877402e+14 1.548138e+13 4.802534e+13 4.045911e-01 -5.272980e-01 7.471700e-01 -1.744260e+01 0 1951579
1.230886e+14 1.103722e+14 3.974132e+13 9.112909e-01 -3.352786e-02 4.103958e-01 -9.670630e+00 0 5911899
8.259831e+13 -5.616407e+12 1.539326e+14 6.480524e-01 6.183142e-01 4.446523e-01 1.613881e+01 0 5649560
-8.257526e+13 4.138122e+13 -1.472672e+14 -3.539677e-01 1.987475e-01 -9.138962e-01 1.307839e+01 0 589879
-4.852413e+13 -3.429169e+13 -1.671679e+14 -4.136129e-01 3.692880e-01 -8.321963e-01 -1.174718e+01 0 10335066
1.521148e+14 -4.763131e+13 -5.886846e+13 6.262402e-01 4.286112e-01 6.512416e-01 1.093248e+01 0 1750535
1.771512e+13 -7.867423e+13 -1.492528e+14 -4.799888e-01 -8.689428e-01 -1.206201e-01 -1.054390e-01 0 22163
1.131406e+13 1.665604e+14 1.102390e+14 -2.002995e-01 9.520245e-01 2.313642e-01 -1.236904e+01 0 1326267
-8.334433e+13 1.538619e+14 -1.517107e+13 -5.083907e-01 5.037619e-01 -6.984002e-01 7.187161e+00 0 3059985
-1.675211e+14 9.137123e+13 -7.622569e+13 -9.449415e-01 1.850885e-04 -3.272394e-01 -1.799139e+01 0 5020398
-1.276721e+14 1.006938e+14 5.873792e+13 -2.454683e-01 8.751555e-01 4.169510e-01 5.419285e+00 0 1562552
6.358989e+13 8.508016e+13 -1.394184e+14 1.828985e-01 7.876180e-01 -5.883928e-01 -8.219308e+00 0 1228875
-6.105504e+13 -9.927289e+13 1.300735e+14 -9.324603e-02 -5.822636e-01 8.076350e-01 7.477569e+00 0 480998
-1.636220e+14 7.276552e+13 6.571298e+13 -9.481172e-01 7.682736e-03 3.178281e-01 -1.757059e+01 0 5571903
-6.329326e+13 7.690401e+12 1.576391e+14 -1.015444e-01 -8.403125e-01 5.325069e-01 -1.179074e+00 0 6443387
2.036358e+14 -5.970249e+13 -6.636284e+13 7.117459e-01 -6.470042e-01 -2.735020e-01 1.599478e+01 0 3008217
9.609837e+12 1.680191e+14 -2.511187e+13 -6.527230e-01 6.986459e-01 -2.929960e-01 1.904471e+01 0 5629943
1.832432e+14 3.001716e+13 2.568814e+13 7.298400e-01 6.641534e-01 1.619687e-01 -5.405388e+00 0 2556944
-8.932035e+13 1.126365e+13 1.640658e+14 7.974749e-02 5.010342e-01 8.617454e-01 -2.098014e+01 0 8410001
1.385489e+14 8.049504e+13 -8.361418e+13 7.774162e-01 4.668779e-01 -4.214843e-01 8.218723e+00 0 5642406
-1.738644e+13 -1.154928e+14 1.241006e+14 -7.496097e-01 -6.308049e-01 2.004254e-01 -1.601133e+01 0 4415797
1.003442e+14 -1.373243e+14 -1.815017e+12 -5.078273e-01 -8.476492e-01 -1.536302e-01 -2.540183e+00 0 742939
1.731765e+14 -2.207063e+13 -7.452724e+12 6.867548e-01 -4.384830e-01 5.797418e-01 4.564957e+00 0 1036949
8.491684e+13 -1.457073e+14 -2.304992e+13 2.714176e-01 -6.879429e-01 6.731025e-01 3.360306e+00 0 103469
4.498397e+13 -1.125783e+14 1.304729e+14 7.012218e-01 -4.280599e-01 5.701339e-01 2.142345e+01 0 2826009
-2.561826e+13 1.445833e+14 -9.312329e+13 6.575048e-01 7.439724e-01 1.191323e-01 -2.242790e+01 0 7047938
8.921077e+13 7.376487e+13 1.247000e+14 6.110378e-01 -4.728155e-02 7.901881e-01 2.033878e+00 0 598402
1.565262e+14 2.023107e+13 7.193947e+13 -1.436358e-01 3.598357e-01 9.218932e-01 2.291238e+01 0 8989126
-9.320642e+13 -5.762596e+13 1.301809e+14 -6.200640e-01 -1.896482e-02 7.843220e-01 2.428992e+00 0 193209
-2.000444e+14 -2.315357e+13 1.472907e+13 -9.565678e-01 1.745368e-01 -2.334842e-01 8.253569e+00 0 10197698
-4.384684e+13 -1.296979e+13 -1.656912e+14 -6.301642e-01 5.604152e-01 -5.374271e-01 1.249095e+01 0 86450
8.136052e+13 4.334332e+13 1.589678e+14 7.341868e-01 -3.180036e-01 5.998695e-01 1.785975e+01 0 141633
1.189608e+14 5.503537e+13 1.095183e+14 8.428428e-01 4.806022e-01 2.421520e-01 -8.765099e+00 0 1571516
-5.724346e+13 5.587944e+13 -1.531266e+14 -2.869709e-01 8.191808e-01 -4.965788e-01 1.253044e+01 0 649678
-1.826645e+12 2.106042e+13 -1.684566e+14 -7.240439e-01 4.550766e-01 -5.183297e-01 5.201644e+00 0 203705
1.407259e+14 9.420000e+13 -1.007865e+13 -2.511677e-01 9.625518e-01 -1.020235e-01 1.572392e+01 0 140418
1.476312e+14 8.676249e+13 -7.715132e+13 6.552530e-01 -2.317374e-01 -7.189862e-01 8.764353e+00 0 3515778
-6.614972e+12 -1.602463e+14 6.469532e+13 7.444791e-03 -6.887403e-01 7.249699e-01 9.228037e+00 0 1162135
-1.729053e+14 1.004421e+14 -2.517268e+13 -8.722711e-01 2.258793e-02 4.885006e-01 1.952577e+01 0 389995
-7.572477e+13 -4.975322e+13 1.599375e+14 -5.954532e-01 -7.223407e-01 3.516524e-01 1.539409e+01 0 2575886
-1.886352e+13 1.715246e+14 8.768981e+12 -1.107091e-01 9.899060e-01 -8.848490e-02 -1.235491e+01 0 6681344
-1.376879e+14 4.574071e+13 -8.814476e+13 5.606984e-02 7.629364e-01 -6.440374e-01 -1.354676e+00 0 164814
1.686300e+14 -2.211996e+13 3.726874e+12 4.468328e-01 -7.151512e-01 5.374934e-01 1.504384e+01 0 15362996
-5.808943e+13 1.684001e+14 -1.962556e+13 -2.687669e-02 8.219143e-01 5.689768e-01 -1.243808e+01 0 1546718
-1.213973e+13 1.283418e+13 1.882626e+14 -4.209352e-01 -2.206786e-01 8.798378e-01 -2.118087e+01 0 6068962
-3.264310e+13 5.462569e+13 1.601059e+14 2.549531e-01 -5.352240e-01 8.053162e-01 2.034605e+01 0 2856082
-1.715156e+14 2.093533e+13 1.525741e+13 -7.522568e-01 -5.990420e-01 2.743327e-01 1.853366e+01 0 1429737
-7.750502e+13 1.298047e+14 8.388487e+13 -7.042947e-01 -6.661315e-02 7.067756e-01 -4.210529e+00 0 6538319
-1.166447e+14 1.156397e+14 -4.771107e+13 -2.991231e-01 5.621194e-01 -7.710689e-01 -1.725463e+01 0 496929
1.218125e+14 -7.315524e+13 -1.010787e+14 8.498922e-01 -3.070410e-01 -4.282630e-01 -1.073221e+01 0 657232
1.345088e+14 1.161791e+14 -3.504764e+13 6.644466e-01 7.260485e-01 1.770998e-01 1.283125e+01 0 6873778
-1.158851e+14 1.165009e+14 -4.297724e+13 -5.317226e-01 5.804614e-01 6.167136e-01 -9.476586e+00 0 1479321
-2.028007e+13 -1.825968e+14 -8.752918e+12 -2.054274e-02 -9.996933e-01 1.382988e-02 1.545567e+01 0 2244023
5.935758e+13 7.549778e+13 1.669750e+14 -1.582568e-01 8.148011e-01 5.577222e-01 1.280913e+01 0 22762403
8.850073e+13 -8.468773e+13 1.227284e+14 -2.655373e-01 -4.385814e-01 8.585664e-01 -1.549877e+01 0 662937
1.549439e+13 -1.688176e+14 4.945265e+13 5.548628e-01 -8.001013e-01 2.279588e-01 1.202559e+01 0 8
-6.052737e+13 1.611761e+14 -2.691352e+13 -7.239723e-02 9.882842e-01 -1.343613e-01 8.120484e+00 0 455685
1.591390e+14 7.354243e+13 -4.014351e+13 8.765477e-01 6.513193e-02 -4.768877e-01 -1.453910e+01 0 181471
1.027588e+14 6.592211e+13 -1.255240e+14 5.144567e-01 7.424780e-01 -4.290229e-01 -1.178607e+01 0 5936399
-2.518149e+13 -1.770855e+14 -3.138663e+13 -1.655711e-01 -6.621846e-01 7.308199e-01 -1.359826e+01 0 2706917
1.434681e+14 7.606464e+13 6.593605e+13 9.226366e-01 2.555664e-01 2.888383e-01 2.051370e+01 0 10812438
1.027890e+13 -1.697883e+14 -2.361238e+12 3.407345e-01 -8.504708e-01 4.007485e-01 -2.904226e+00 0 5270800
3.855291e+13 -1.571090e+14 -6.840415e+13 4.104500e-02 -4.959972e-01 -8.673535e-01 -1.441541e+01 0 4610322
3.510174e+13 1.918817e+14 -1.446860e+14 1.293679e-01 9.868400e-01 -9.700952e-02 2.299432e+01 0 7235175
-1.335870e+14 1.116537e+14 5.154092e+11 -4.710941e-01 5.266374e-01 7.076182e-01 4.862613e+00 0 1131090
1.693908e+14 -2.587375e+13 -2.250985e+13 9.538653e-01 1.803396e-01 2.400389e-01 -7.403282e+00 0 18957783
1.417312e+14 9.476834e+13 -2.276776e+13 3.208666e-01 9.415459e-01 -1.026447e-01 9.223090e+00 0 7153178
-1.079007e+14 5.331671e+13 -1.229575e+14 3.672946e-01 6.919857e-01 -6.214905e-01 -1.024466e+01 0 3288142
-1.104075e+14 1.314209e+14 -3.678827e+13 -3.978964e-01 9.014009e-01 1.707477e-01 -1.744421e+01 0 1105558
-3.524835e+13 -1.654044e+14 2.938603e+13 -8.698285e-02 -6.293019e-01 7.722779e-01 -7.850548e+00 0 3385760
1.468135e+13 1.585116e+14 -9.161520e+13 2.524014e-02 9.985069e-01 4.844409e-02 2.985685e+01 0 1201110
1.548544e+14 5.589726e+13 4.437521e+13 7.399401e-01 3.668373e-01 -5.638430e-01 1.602807e+01 0 678048
-1.514045e+14 8.063314e+13 -4.936951e+13 -9.489831e-01 2.954742e-01 -1.101186e-01 -1.057097e+01 0 1148360
4.062570e+13 -7.520944e+13 1.471882e+14 1.696687e-01 -8.828301e-01 4.379767e-01 -1.196076e+01 0 1101529
-1.184115e+14 -2.759908e+13 1.535131e+14 -8.832251e-01 -2.180621e-01 4.151653e-01 -1.547524e+01 0 1960614
-1.215052e+14 -4.803865e+13 -1.090728e+14 -6.091798e-01 -4.131562e-01 -6.769061e-01 1.204078e+01 0 2496298
-8.114675e+13 1.534330e+14 3.544144e+13 -6.537222e-01 6.811224e-01 -3.297263e-01 1.857483e+01 0 7230292
8.635862e+13 -1.055481e+14 -1.168847e+14 -8.597843e-02 4.076953e-02 -9.954625e-01 -1.231865e+01 0 26
6.495769e+13 -1.566264e+14 2.288194e+13 9.923098e-01 1.212432e-01 2.492738e-02 1.712063e-01 0 1645047
1.006907e+14 9.162229e+13 -1.258772e+14 2.216723e-02 2.092277e-01 -9.776157e-01 -1.231639e+01 0 906638
-9.999653e+13 -3.856032e+13 1.336460e+14 2.653547e-01 -3.511252e-01 8.979410e-01 8.194633e+00 0 2040954
1.002741e+14 -1.184360e+14 6.861694e+13 8.732574e-01 2.672856e-01 4.074064e-01 1.613345e+01 0 4845277
1.182662e+14 2.325083e+13 -1.217514e+14 6.228371e-01 2.772770e-01 -7.315677e-01 1.012089e+01 0 10624532
-9.742575e+13 7.828222e+13 -1.162542e+14 -2.830980e-01 -5.075731e-01 -8.137721e-01 -6.452405e+00 0 3842503
1.135653e+14 -1.157469e+14 5.637637e+13 5.048828e-01 -8.571296e-01 1.020891e-01 6.347160e+00 0 716181
-1.549270e+14 7.579045e+13 5.683275e+12 -6.544994e-01 7.434465e-01 1.375424e-01 1.848274e+01 0 2031713
1.633982e+14 -7.015108e+13 -1.458144e+13 9.015430e-01 -2.778240e-01 -3.317139e-01 1.791087e+01 0 7852677
-1.038328e+14 -1.875233e+14 -1.098834e+14 -4.380490e-01 -3.442529e-01 -8.304234e-01 2.310156e+01 0 2903226
1.382443e+14 -4.270447e+13 1.040910e+14 9.435174e-01 -2.460971e-01 -2.218358e-01 -1.188508e+01 0 5162472
9.951269e+13 -5.801983e+13 -1.319448e+14 5.093116e-01 -7.247341e-01 -4.640713e-01 9.991432e+00 0 21660822
-1.001889e+14 7.609509e+13 1.152992e+14 -9.070563e-01 2.373244e-01 -3.477441e-01 -5.203687e+00 0 7216689
-1.300757e+14 1.823902e+13 1.092641e+14 -5.245533e-01 7.666230e-01 3.703148e-01 3.682015e+00 0 1700565
-1.047971e+14 1.337642e+14 4.849784e+12 -8.269772e-01 3.909622e-01 4.040512e-01 8.219549e+00 0 7546173
-3.157192e+13 1.521761e+14 -6.875839e+13 -1.643935e-01 7.172198e-01 6.771783e-01 -9.973087e+00 0 9203293
-1.222220e+14 -1.065615e+14 -9.560402e+13 -2.844548e-02 -3.562232e-01 -9.339678e-01 2.469703e+01 0 767866
1.058021e+14 -1.330807e+14 -2.266822e+13 3.336470e-01 -9.424980e-01 -1.942280e-02 -1.000990e+01 0 1461022
-1.476813e+14 7.550779e+13 4.368756e+13 -8.933104e-01 4.493259e-01 1.013711e-02 7.762617e+00 0 1501222
1.442068e+14 -1.754043e+13 -1.135333e+14 5.321583e-01 -8.040186e-01 -2.652576e-01 1.702849e+01 0 5666360
1.920778e+14 -2.380280e+14 -6.138569e+13 8.513579e-01 -5.100560e-01 -1.226073e-01 2.693105e+01 0 10079834
-1.307055e+14 9.466217e+13 -6.310166e+13 -3.508132e-01 7.816824e-01 -5.156576e-01 1.002369e+01 0 10079134
-1.341086e+14 -7.215005e+13 7.472538e+13 -2.944403e-01 -8.675513e-01 4.008237e-01 9.436107e+00 0 1985613
2.990503e+13 1.225332e+14 -1.148023e+14 5.306424e-01 7.427162e-01 -4.084008e-01 -1.083277e+01 0 3918936
1.604733e+14 5.958289e+13 -8.523990e+13 4.786426e-01 -7.207307e-02 -8.750467e-01 1.706725e+01 0 12480
3.367721e+13 1.606706e+14 -4.421861e+13 9.563807e-01 1.610700e-01 -2.437057e-01 6.857705e+00 0 428690
8.918262e+12 -1.716799e+14 5.143019e+13 -2.030591e-01 -9.791198e-01 9.558717e-03 6.356068e+00 0 177185
5.745508e+13 -8.127420e+13 1.746848e+14 7.518444e-01 -5.960237e-01 2.819321e-01 2.273583e+01 0 5657339
-1.075079e+14 -1.306673e+14 1.271079e+13 -5.873150e-01 -7.481199e-01 3.088328e-01 -2.260650e+01 0 8887227
1.792743e+14 8.945496e+12 -4.061983e+13 8.030949e-01 3.792976e-01 -4.595344e-01 -2.440103e+01 0 6412086
-1.074782e+13 -6.680586e+13 1.589725e+14 6.850846e-01 -5.135317e-02 7.266512e-01 1.092051e+01 0 42122
-7.205363e+13 6.499235e+13 -1.546909e+14 -4.295985e-01 9.085554e-02 -8.984378e-01 -8.804163e+00 0 6788180
-1.885940e+13 1.934909e+14 1.166936e+14 -5.509363e-01 5.000397e-01 6.681538e-01 2.979356e+01 0 7482928
1.184530e+14 1.443196e+13 -1.320701e+14 7.682630e-01 -3.127572e-02 -6.393699e-01 7.254952e+00 0 791808
1.120708e+14 7.952834e+13 -1.264446e+14 8.523715e-01 1.304315e-01 -5.064093e-01 -1.558504e+01 0 6604463
-1.310821e+14 -1.020185e+14 -4.113701e+13 -8.835513e-01 -4.148840e-01 -2.172749e-01 -5.098496e+00 0 499815
9.673358e+13 -4.171687e+13 -1.332271e+14 2.356264e-01 -3.821963e-01 -8.935358e-01 1.216905e+01 0 33456177
-3.041204e+13 1.676703e+14 -9.144772e+12 -4.209258e-01 8.745794e-01 2.406913e-01 -8.946826e+00 0 18472894
1.259497e+14 -6.065354e+13 -1.073645e+14 5.195122e-01 -2.900944e-01 -8.037116e-01 1.120163e+01 0 6911707
9.763187e+13 -6.573298e+13 1.225545e+14 2.309586e-01 -7.565547e-01 6.117869e-01 4.087359e+00 0 4303727
3.237702e+12 1.687334e+14 -7.312026e+13 1.932510e-01 7.074431e-01 -6.798370e-01 -1.353178e+01 0 3664424
-1.244337e+14 1.206070e+14 1.262966e+13 -2.551647e-01 8.414830e-01 4.762325e-01 -1.871087e+01 0 2316054
-6.124911e+13 -1.959339e+14 -8.972118e+13 -3.813087e-01 -7.413451e-01 -5.522782e-01 1.564134e+01 0 17229
-7.122251e+13 3.827940e+13 -1.523778e+14 1.107230e-01 8.260159e-01 -5.526646e-01 1.401840e+01 0 894797
1.600279e+14 4.406924e+13 1.022404e+14 9.026921e-01 -2.915101e-02 4.292985e-01 1.302005e+01 0 450609
1.672872e+14 3.507555e+12 -2.983085e+13 9.884721e-01 -6.881293e-02 1.348620e-01 2.338330e+00 0 1010693
-1.383230e+14 1.058942e+14 2.359710e+13 -9.497404e-01 1.224866e-01 -2.880801e-01 -2.705123e+01 0 8116961
-7.860122e+13 1.447690e+14 -4.593112e+13 -3.079664e-01 7.607177e-01 5.713714e-01 -1.145074e+01 0 7850350
-1.578091e+14 7.288662e+13 1.865426e+13 -9.569674e-01 1.991526e-01 2.110724e-01 9.964345e+00 0 10478998
8.985819e+13 -8.217112e+13 1.216287e+14 -4.188616e-01 -7.912694e-01 4.454747e-01 -1.052690e+01 0 21015811
-3.245375e+13 -1.683810e+14 1.043196e+13 -8.507857e-01 -3.916756e-01 -3.503626e-01 1.727976e+00 0 18450121
1.362770e+14 -1.033690e+14 -2.445774e+13 1.402538e-01 -4.901768e-01 -8.602648e-01 8.161564e+00 0 3960712
1.829223e+14 -2.695196e+13 -2.440805e+12 6.800041e-01 -4.884235e-01 -5.468427e-01 -1.585396e+01 0 1009079
-1.139980e+13 1.625206e+14 -6.105744e+13 -4.042177e-01 2.504729e-01 -8.796996e-01 -4.625077e+00 0 71991
1.862014e+13 -8.265826e+13 -1.503600e+14 -7.031818e-01 -1.094998e-01 -7.025277e-01 7.146985e+00 0 1762354
-6.899949e+13 -5.138642e+13 -1.529893e+14 -7.332631e-01 -3.691930e-01 -5.709831e-01 -2.034790e+01 0 2025085
-1.204099e+13 -5.477234e+13 1.604523e+14 5.254785e-01 -5.874118e-01 6.154833e-01 -1.884613e+00 0 4124258
8.457693e+13 -8.994478e+13 -1.327791e+14 6.704097e-02 -7.814513e-01 -6.203543e-01 1.333663e+01 0 4129125
4.955132e+13 -2.419435e+12 -1.665070e+14 -2.557500e-01 -2.249600e-01 -9.402047e-01 -9.293437e+00 0 7301479
-1.046770e+14 1.305857e+14 4.717685e+13 -1.258854e-01 3.222678e-01 9.382411e-01 -1.531241e+01 0 1389328
-8.309591e+12 -1.502176e+14 1.060049e+14 4.242084e-01 -9.048919e-01 -3.489947e-02 -8.357482e+00 0 305259
-1.616933e+14 5.233764e+13 1.789102e+13 -5.594047e-01 8.264220e-01 6.397676e-02 1.988816e+00 0 4355374
1.572606e+14 1.242798e+13 6.815174e+13 6.972550e-01 -6.326995e-01 3.369374e-01 9.661541e+00 0 17846357
5.619448e+12 -1.620931e+14 -5.637130e+13 -1.342660e-01 -9.903646e-01 -3.392156e-02 8.651790e+00 0 2073400
-1.554552e+14 -6.149168e+13 -2.915428e+13 -7.697593e-01 6.374200e-01 -3.415216e-02 -1.913584e+01 0 9848343
1.287766e+14 -4.183091e+13 1.425238e+14 -1.092045e-02 -2.459594e-01 9.692186e-01 1.153174e+01 0 135017
-1.217879e+14 9.057959e+12 -1.182435e+14 -4.625249e-01 8.143922e-01 -3.504798e-01 6.728644e+00 0 11282078
-1.630994e+14 -3.835972e+13 9.927591e+13 -7.501590e-01 -6.564479e-01 -7.960936e-02 2.530658e+01 0 3753388
1.524138e+14 4.765070e+13 -1.043630e+14 9.561260e-01 2.915306e-01 -2.886012e-02 1.825757e+01 0 16157958
7.401761e+13 1.525493e+14 -9.409777e+12 1.864364e-01 9.185652e-01 3.485390e-01 -5.380878e+00 0 2323296
-5.187392e+13 -3.594631e+13 1.590579e+14 -5.701926e-01 6.780429e-01 4.638300e-01 6.369173e+00 0 257691
1.057081e+14 3.114511e+13 1.317531e+14 8.724687e-01 4.305590e-01 2.311220e-01 -9.844534e+00 0 12278139
4.262438e+13 3.432244e+13 1.612882e+14 8.015784e-02 9.074633e-01 4.124136e-01 2.047162e+01 0 5209235
1.680230e+14 -1.780885e+13 -2.344359e+13 6.241030e-01 3.524155e-01 -6.973513e-01 -2.638194e+00 0 2
-6.233975e+13 -2.932301e+13 -1.550482e+14 -7.429329e-01 -5.794880e-01 -3.350291e-01 -4.288306e+00 0 1382550
2.053876e+13 6.986763e+13 -1.547150e+14 -5.145550e-01 7.452088e-01 -4.241426e-01 -6.679923e+00 0 21091463
7.799754e+13 1.623067e+14 5.905856e+11 -8.410147e-02 8.408826e-01 -5.346432e-01 -1.029201e+01 0 23121224
1.592720e+13 1.436872e+14 8.972116e+13 1.305927e-01 9.086657e-01 3.965756e-01 4.247761e+00 0 11176307
4.624742e+13 -8.451176e+12 -1.633329e+14 3.050095e-02 1.331221e-01 -9.906302e-01 -1.434643e+01 0 6117227
-1.352549e+13 2.524555e+13 1.672116e+14 4.771332e-01 -6.689477e-01 5.699587e-01 -6.670471e+00 0 4386940
-9.965065e+13 -5.649420e+13 1.278520e+14 -6.183797e-01 4.581966e-01 6.384844e-01 -1.091653e+01 0 1441319
-1.044068e+14 -7.515159e+13 -1.127715e+14 -5.744193e-01 5.562014e-01 -6.005685e-01 -1.458445e+01 0 3195922
1.036128e+14 -1.127265e+14 7.416099e+13 5.886958e-01 -7.554495e-01 -2.876342e-01 1.100563e+01 0 3287041
4.226845e+13 -6.400687e+13 -1.532642e+14 -8.714983e-02 -7.712843e-01 -6.304961e-01 -7.097716e+00 0 1183043
5.940912e+12 -1.204772e+14 1.195045e+14 8.327248e-01 -7.449323e-02 5.486531e-01 -2.427925e-01 0 1015159
-1.076302e+14 2.243949e+12 1.314042e+14 4.693457e-01 3.415068e-01 8.143020e-01 1.647154e+01 0 12964375
-8.717046e+13 1.779706e+12 -1.485350e+14 5.647682e-01 3.290057e-02 -8.245935e-01 1.274445e+01 0 15357644
-1.319386e+14 -1.033929e+14 -3.385526e+13 -8.533785e-01 9.129081e-02 -5.132359e-01 -1.585070e+01 0 3636387
1.038923e+14 -7.860281e+13 1.139132e+14 3.596313e-01 -7.289341e-02 9.302429e-01 -5.233643e+00 0 1012723
-6.702179e+13 -1.468318e+14 5.805594e+13 -7.109005e-01 -2.368867e-01 6.621972e-01 4.336612e+00 0 2
6.291469e+13 -1.332416e+14 -9.744709e+13 9.932834e-01 -1.625296e-02 -1.145601e-01 -3.123349e+00 0 7228233
-1.033748e+14 -1.390787e+14 -2.185689e+12 -5.417788e-01 -6.923208e-01 4.766211e-01 9.309261e+00 0 100650
7.599646e+13 7.550571e+13 1.352203e+14 7.692570e-01 6.294190e-01 1.098881e-01 -6.537992e+00 0 335459
-8.911687e+13 1.181305e+14 -1.053793e+14 -8.883781e-01 2.387497e-01 -3.921517e-01 2.063280e+01 0 2042303
5.218521e+12 1.909898e+14 -2.876319e+13 -1.696732e-01 9.501507e-01 -2.615811e-01 1.607643e+01 0 2490615
2.837948e+13 1.167035e+14 1.201326e+14 2.582769e-01 5.213324e-01 8.133300e-01 1.157203e+01 0 3027948
-6.949685e+13 -1.174168e+14 1.107674e+14 -3.582974e-01 -8.362776e-01 4.150454e-01 -8.795588e+00 0 619305
-1.240736e+12 1.639394e+14 -1.856957e+14 -1.764686e-01 3.009758e-01 -9.371619e-01 -2.380905e+01 0 3889986
1.139321e+14 6.631050e+13 1.077432e+14 8.669643e-01 1.030528e-01 4.875992e-01 -1.008811e+01 0 12266492
8.910774e+13 1.412705e+14 -4.041091e+13 1.961265e-01 7.615780e-01 -6.176839e-01 1.735525e+01 0 589692
6.498515e+12 1.485024e+14 9.003890e+13 6.156491e-01 7.695839e-01 1.694606e-01 6.472430e+00 0 26928695
9.495434e+12 1.323860e+14 -1.323909e+14 7.343165e-01 6.369904e-01 -2.345688e-01 1.210809e+01 0 9589876
4.670042e+13 1.683610e+14 -6.157178e+13 -1.968029e-01 8.269683e-01 -5.266802e-01 2.072546e+01 0 7441880
-2.130910e+13 -1.122155e+14 -1.259466e+14 -5.251639e-01 -8.342534e-01 -1.680002e-01 -7.307525e+00 0 2733299
-6.005493e+13 1.888225e+13 -1.615238e+14 -2.915868e-01 -2.410700e-01 -9.256686e-01 2.132376e+01 0 9716247
-1.408411e+14 2.733011e+13 1.138814e+14 -9.809852e-01 1.919687e-01 2.856588e-02 -2.153068e+01 0 8535672
8.789080e+12 -1.384003e+14 9.888706e+13 8.369746e-01 3.709290e-02 5.459832e-01 1.514777e+01 0 3105596
1.596786e+14 -1.336176e+13 5.664338e+13 7.929559e-01 5.208823e-01 -3.160736e-01 8.387946e+00 0 3
-1.143588e+14 5.100728e+13 -1.611307e+14 -8.616279e-02 -3.141547e-02 -9.957856e-01 -1.582962e+01 0 21385403
1.141314e+14 -7.614439e+13 -1.004948e+14 5.646336e-01 3.312448e-01 -7.559536e-01 -3.124766e+00 0 2613031
1.705715e+14 -1.605964e+12 6.025688e+12 9.666885e-01 -1.934973e-01 -1.675476e-01 -1.940088e+01 0 37896284
1.234487e+14 -1.101018e+14 -4.463659e+13 9.995378e-01 -2.982638e-02 5.888294e-03 1.555934e+01 0 2386163
-1.219414e+14 1.170258e+14 2.387511e+13 -7.145680e-02 4.529224e-01 8.886817e-01 6.386366e+00 0 2495877
9.780891e+13 4.804879e+13 -1.302930e+14 2.852693e-01 -4.399897e-01 -8.514872e-01 3.093349e+00 0 90080
-5.136020e+13 1.193725e+14 -1.191347e+14 -3.652779e-01 9.306051e-01 -2.336929e-02 -1.175724e+01 0 123491
6.264025e+13 -1.036295e+14 1.417578e+14 -3.295701e-01 -7.400606e-01 5.862541e-01 1.222692e+01 0 2114184
-1.462265e+14 4.925790e+13 1.191881e+14 -7.131137e-01 2.436079e-01 6.573614e-01 -1.492824e+01 0 3403570
-1.835502e+13 4.874277e+12 -1.689481e+14 -2.487292e-01 4.885406e-01 -8.363384e-01 -1.440409e+01 0 718685
1.876188e+14 2.511311e+13 8.959149e+13 3.477432e-01 2.840928e-01 8.935133e-01 2.029910e+01 0 2749176
6.637122e+12 -9.027781e+13 1.666008e+14 -9.353938e-02 -2.022273e-01 9.748613e-01 1.409745e+01 0 503537
4.172708e+13 -1.718447e+14 3.345984e+13 6.124240e-01 -6.340169e-01 4.721858e-01 1.596471e+01 0 4319547
1.045896e+14 -1.018514e+14 -9.092509e+13 2.046346e-01 -4.422112e-01 -8.732548e-01 7.056516e+00 0 13853518
5.810046e+13 -9.756594e+13 1.267531e+14 7.341024e-01 -6.735489e-01 8.617081e-02 -1.448946e+01 0 7829469
5.042679e+13 1.668355e+14 -1.063583e+13 8.619600e-01 4.770576e-01 1.715836e-01 -8.551994e+00 0 549437
-1.299543e+14 -8.798683e+13 7.399875e+13 -7.786883e-01 -5.519402e-01 2.983397e-01 -1.617551e+01 0 3268919
5.094639e+13 -1.550739e+14 -5.479167e+13 5.995208e-02 -7.511012e-01 6.574594e-01 -1.778148e+01 0 2140605
1.676796e+14 1.452195e+13 2.493460e+13 4.456963e-01 6.425018e-01 -6.233348e-01 -7.387770e+00 0 5961453
-9.557679e+13 -4.734025e+13 1.332458e+14 -4.689472e-01 -7.041547e-01 5.331553e-01 -8.446767e+00 0 15423435
-1.751594e+13 6.409847e+13 1.577362e+14 -6.316502e-01 5.342153e-01 5.618114e-01 7.239665e+00 0 326387
-1.676091e+14 1.709505e+13 -2.060045e+13 -7.559136e-01 5.525029e-01 3.511911e-01 1.816551e+00 0 466704
-1.266150e+13 -1.688198e+14 -1.415525e+13 3.651775e-01 -8.657122e-01 3.423269e-01 6.231018e+00 0 183526
-1.349372e+13 -4.429036e+13 -1.837304e+14 -2.069826e-01 -5.942672e-01 -7.771774e-01 1.397115e+01 0 6411015
-1.154304e+14 -1.302649e+14 4.315932e+13 -7.657202e-01 -6.427522e-01 -2.328372e-02 2.020766e+01 0 2347851
-1.609403e+14 -6.088652e+13 -5.652850e+13 -5.971068e-01 -1.304054e-02 -8.020558e-01 1.185273e+01 0 931890
-8.397067e+13 -1.644335e+14 -3.346448e+13 -1.716931e-01 -9.593838e-01 2.238397e-01 2.388437e+01 0 66036
-3.342773e+12 6.062826e+13 1.612547e+14 -6.200905e-01 -3.835983e-01 6.843538e-01 1.533445e+01 0 7952162
-1.274769e+14 9.126756e+13 -7.637641e+13 -9.496910e-01 2.533330e-01 -1.841450e-01 -1.204453e+01 0 11145434
-2.011754e+13 -9.647105e+13 1.400766e+14 8.043955e-01 -2.900671e-01 5.184679e-01 -7.352491e+00 0 6586068
-8.455897e+13 8.321986e+13 1.234437e+14 -2.963021e-02 3.499477e-01 9.363005e-01 8.423204e+00 0 11300244
-7.848300e+13 -1.496341e+14 4.085407e+13 1.088238e-01 -8.229820e-01 -5.575464e-01 1.142983e+01 0 206639
3.182776e+13 -1.672518e+14 -1.649321e+13 9.561399e-02 -7.126938e-01 6.949284e-01 1.773203e+01 0 4243684
1.209021e+14 8.370741e+13 8.483608e+13 5.389521e-02 -1.506786e-01 9.871126e-01 -9.294733e+00 0 5299944
-6.912884e+13 4.748731e+13 -1.613061e+14 -8.799443e-01 2.653392e-01 -3.940726e-01 -8.778790e+00 0 4822866
5.596681e+13 2.886684e+13 -1.641522e+14 -1.520657e-01 -1.796162e-01 -9.719126e-01 -1.465600e+01 0 20472
-1.000944e+14 8.616883e+13 1.086066e+14 -9.037125e-01 2.217123e-01 3.662612e-01 1.105766e+00 0 161337
-2.951494e+13 1.334121e+14 1.112539e+14 1.022004e-01 2.501012e-01 9.628107e-01 -1.167107e+01 0 1858161
-1.017105e+14 -4.976914e+13 1.453149e+14 2.477983e-01 -5.839466e-01 7.730475e-01 2.010013e+01 0 2758091
1.672862e+14 -2.398480e+13 -2.966299e+13 8.488972e-01 3.734288e-01 -3.740647e-01 1.131531e+01 0 8376516
1.989917e+13 1.315020e+14 -1.275005e+14 5.937498e-01 7.337340e-01 -3.302962e-01 7.220073e+00 0 13312762
1.890540e+14 1.278097e+14 -3.545243e+12 8.629084e-01 1.474343e-01 4.833759e-01 -2.784869e+01 0 1470733
4.998538e+13 8.616171e+13 -1.590980e+14 -3.089408e-01 7.284067e-01 -6.115384e-01 -1.704049e+01 0 6258170
2.363164e+13 2.185747e+12 -1.704202e+14 -2.719917e-01 -6.365401e-01 -7.216905e-01 -8.110522e+00 0 3199658
-3.799043e+12 2.960320e+13 1.673200e+14 2.936807e-01 1.414682e-01 9.453774e-01 4.588578e+00 0 604018
-1.690570e+14 8.845649e+12 1.614232e+13 -8.940654e-01 -1.337866e-01 4.274905e-01 -7.738178e-01 0 1124116
8.887477e+13 1.443843e+14 9.811516e+12 6.276342e-01 7.553892e-01 1.883151e-01 -2.382809e+00 0 594946
-5.948633e+13 7.954002e+13 -1.685590e+14 -6.138570e-01 2.429174e-01 -7.511130e-01 1.372967e+01 0 181357
1.082254e+14 4.025195e+13 1.311460e+14 5.463961e-01 2.753886e-01 7.909567e-01 -1.488980e+01 0 10006046
-1.565137e+14 2.637145e+13 6.844312e+13 -7.348330e-01 3.869193e-01 5.570583e-01 1.062526e+01 0 4612482
1.349265e+14 -1.058570e+14 -8.976564e+12 7.673356e-01 -6.392341e-01 5.075246e-02 -5.666187e+00 0 62115
4.036047e+13 1.654086e+14 -3.679301e+13 4.690916e-01 -2.603669e-02 -8.827657e-01 9.321299e+00 0 1529505
6.672473e+12 -7.713874e+13 1.527634e+14 -2.088577e-01 -8.259991e-01 5.235494e-01 -1.185436e+01 0 7345195
9.767180e+13 -1.430129e+14 -2.435877e+12 9.754520e-01 7.964827e-02 2.053036e-01 -5.733101e+00 0 1359913
-1.321844e+14 5.617492e+13 -9.255737e+13 -4.742573e-01 6.861274e-01 -5.516422e-01 6.914606e+00 0 9245098
-1.176591e+14 7.399850e+13 -1.176185e+14 -3.717970e-01 1.079591e-01 -9.220151e-01 9.602493e+00 0 708961
-4.813727e+13 -1.431666e+14 8.058760e+13 -2.342475e-01 -9.164725e-01 -3.243551e-01 6.972210e+00 0 5827114
1.373725e+14 1.038371e+14 1.010535e+13 3.645056e-01 8.829137e-01 2.959713e-01 -3.951514e+00 0 518037
-8.888488e+13 1.454568e+14 -7.487176e+13 -1.617540e-01 9.867895e-01 9.061753e-03 -2.147876e+01 0 12491164
1.521521e+14 -7.566603e+13 -4.234379e+13 7.576658e-01 -1.362171e-01 -6.382691e-01 -1.681296e+01 0 2942563
-1.239849e+14 1.152586e+14 9.646756e+13 -9.135048e-01 3.996653e-01 7.600417e-02 -1.589083e+01 0 6250161
1.269368e+14 7.849098e+13 9.456802e+13 9.799160e-01 1.713406e-01 1.020146e-01 3.529475e+00 0 18985559
-1.496782e+14 3.160915e+12 8.409628e+13 -8.447721e-01 -7.415241e-02 5.299637e-01 1.421350e+01 0 1924841
4.457119e+13 1.594709e+14 4.966784e+13 -4.746298e-01 3.660579e-01 8.004550e-01 1.380589e+01 0 2083844
1.286323e+14 9.822053e+13 5.447199e+13 -8.854832e-02 9.895027e-01 -1.142089e-01 -5.680827e+00 0 6176474
9.345186e+12 -1.071200e+14 -1.420186e+14 5.307199e-01 -7.695032e-01 -3.552482e-01 -2.068428e+01 0 1261243
1.016968e+14 7.789235e+13 1.295666e+14 3.540478e-01 9.322920e-01 -7.403970e-02 1.795062e+01 0 3015716
-9.551527e+13 1.231990e+14 7.087997e+13 -9.847556e-01 7.271078e-02 1.580173e-01 1.005366e+01 0 111629
-6.484184e+13 1.316982e+14 9.213812e+13 4.879953e-01 8.701779e-01 -6.819809e-02 -1.725125e+01 0 7244812
8.628114e+13 -1.215160e+14 8.343709e+13 8.098185e-01 -5.746048e-01 1.184204e-01 -1.175909e+01 0 2854575
-1.091656e+14 -6.586301e+13 1.119501e+14 -7.288243e-01 -6.844378e-01 1.897731e-02 -1.007290e+01 0 3571568
-1.435584e+14 -8.531230e+13 5.260374e+13 -9.292908e-01 -1.809455e-01 3.219895e-01 1.178987e+01 0 5900733
2.890925e+11 1.506211e+14 -8.865853e+13 -5.980354e-01 7.878746e-01 -1.469942e-01 -1.204441e+01 0 5403036
7.952704e+13 -1.497852e+14 2.029096e+13 1.059840e-01 -7.422711e-01 -6.616654e-01 -1.026954e+01 0 6246916
-1.109448e+14 9.473264e+13 1.543508e+14 -4.310352e-01 -2.603037e-01 8.639738e-01 2.085520e+01 0 7514185
4.426342e+12 1.505693e+14 1.221293e+14 4.851268e-01 2.567131e-01 8.359129e-01 -2.141631e+01 0 1898074
1.928194e+13 -1.456429e+14 8.923826e+13 5.289525e-01 -8.159913e-01 -2.331682e-01 2.029253e+01 0 1922433
-4.971944e+13 6.498913e+13 -1.494905e+14 1.032336e-01 8.608059e-01 -4.983533e-01 -1.641434e+01 0 402056
-8.075886e+13 -1.559636e+14 1.270551e+13 -6.773012e-01 -6.241942e-01 3.894159e-01 -1.216157e+01 0 3426799
1.371794e+14 -6.188964e+13 7.992145e+13 4.662319e-01 -4.548898e-01 7.587510e-01 4.150395e+00 0 176365
-8.403115e+13 -1.524778e+14 1.070331e+13 -1.850707e-01 -9.335298e-01 3.070357e-01 6.501682e+00 0 89873
4.986351e+13 -1.110497e+14 1.196097e+14 2.999778e-01 -5.502214e-02 9.523581e-01 -1.883063e+01 0 4379524
-1.221286e+14 -7.810811e+13 9.467535e+13 -4.190514e-01 3.191217e-01 8.500337e-01 -1.666530e+01 0 11169716
-8.155414e+12 2.201388e+12 -1.733659e+14 -1.470151e-01 3.605780e-01 -9.210701e-01 -1.843836e+01 0 5959303
2.164200e+13 7.917831e+13 -1.860129e+14 4.030887e-01 3.376548e-01 -8.505932e-01 1.076335e+01 0 1306752
1.629260e+14 3.973587e+13 -3.576460e+13 6.965347e-01 1.153703e-01 -7.081872e-01 -7.163097e+00 0 17228
-9.956139e+12 -1.902242e+14 -6.624867e+13 3.972644e-01 -6.538126e-01 -6.439799e-01 -1.561975e+01 0 15980411
-1.257525e+13 -1.089289e+14 1.331620e+14 1.119725e-01 -3.891544e-01 9.143418e-01 -1.221590e+01 0 3119151
7.133763e+13 -9.366040e+13 1.308086e+14 3.265220e-01 -9.425037e-01 7.120529e-02 1.100214e+01 0 6236526
4.320300e+13 1.439146e+14 -9.609833e+13 5.738888e-01 8.177171e-01 -4.461366e-02 -1.257638e+01 0 15558177
-2.950615e+13 1.376260e+14 -9.992670e+13 3.607429e-02 7.424596e-01 -6.689188e-01 5.711170e+00 0 822241
-4.516544e+13 -1.143908e+14 1.199364e+14 6.774448e-02 5.154579e-02 9.963703e-01 -5.289451e+00 0 627219
-1.075882e+14 -1.341972e+14 2.543578e+13 -3.224087e-01 -8.124718e-01 4.857389e-01 -1.516083e+01 0 26584004
1.419745e+14 -7.519315e+13 9.548956e+13 8.044364e-01 -4.261977e-01 4.138086e-01 -1.200746e+01 0 5320045
-4.290688e+13 -4.204987e+13 1.589193e+14 -5.453257e-01 -7.286133e-01 4.144183e-01 4.592214e+00 0 3126797
-3.502912e+13 1.563776e+14 -5.840900e+13 -2.574225e-01 3.919921e-01 -8.832190e-01 9.002283e+00 0 13221566
1.532378e+14 7.253872e+13 1.984601e+13 8.510766e-01 -2.601543e-02 5.243966e-01 1.672635e+01 0 14285159
1.310968e+14 1.067178e+14 -4.004325e+13 6.848379e-01 -3.620571e-01 -6.323857e-01 -1.811530e+01 0 15750274
-6.336073e+13 -1.534095e+14 -3.774028e+13 -9.077686e-01 -3.186307e-01 -2.728197e-01 -2.118848e+01 0 10796361
1.600141e+14 -4.539745e+13 4.320079e+13 9.725753e-01 -1.903258e-01 1.336912e-01 1.788549e+01 0 1273375
1.526963e+14 -7.034286e+13 3.184732e+13 5.008378e-01 2.531430e-01 8.276957e-01 1.049531e+01 0 29799
1.055385e+14 -7.420520e+13 1.262657e+14 1.473683e-01 -2.802793e-01 9.485389e-01 1.100825e+01 0 9074704
1.518770e+14 1.017996e+14 4.495641e+13 7.280424e-01 4.032123e-01 5.544134e-01 -2.733930e+01 0 358841
-1.287734e+14 -9.552120e+13 5.647894e+13 -3.584341e-01 -4.003397e-01 -8.433582e-01 9.050425e+00 0 5523643
8.298252e+13 -8.122945e+13 1.236956e+14 7.000086e-02 -9.965070e-01 -4.553768e-02 6.212768e+00 0 3997614
6.731486e+13 1.437131e+14 9.334786e+13 3.623996e-02 9.288329e-01 3.687224e-01 1.761198e+01 0 1165541
-1.093570e+14 1.296421e+14 -1.011255e+13 -9.125848e-01 -2.426714e-01 3.290890e-01 -9.549559e+00 0 1499098
-1.323001e+14 1.040326e+14 2.605449e+13 -5.687136e-01 6.557960e-01 4.964841e-01 5.624118e+00 0 354777
8.760366e+13 -1.684585e+14 -4.201909e+13 3.373260e-01 -7.105284e-01 -6.175440e-01 -1.844578e+01 0 2237374
1.798266e+14 -6.657573e+13 -1.118146e+13 8.781454e-01 -4.619869e-01 1.242124e-01 -1.436328e+01 0 27091307
-1.209521e+14 1.217274e+14 2.333399e+13 -4.945669e-01 8.690353e-01 -1.346234e-02 -6.376638e+00 0 2036181
9.519958e+13 1.720151e+14 7.347650e+12 1.911638e-01 9.266976e-01 -3.235551e-01 1.846235e+01 0 1020753
-3.106194e+13 7.690286e+13 -1.909718e+14 -3.004643e-01 9.043973e-01 -3.029634e-01 -1.980827e+01 0 397014
-1.081945e+14 5.448147e+13 -1.194528e+14 -5.437972e-01 1.718393e-01 -8.214353e-01 -9.974705e+00 0 1479997
1.466167e+14 -3.046880e+13 -1.048887e+14 8.084742e-01 -4.262781e-02 -5.869857e-01 2.088372e+01 0 53965
-5.004615e+13 1.568954e+14 4.440297e+13 3.706935e-01 9.287361e-01 -5.957901e-03 -1.550760e+01 0 2212675
4.839009e+13 1.333815e+13 -1.621009e+14 -3.508339e-01 -8.852737e-01 -3.052968e-01 -4.608974e+00 0 7428149
-1.741299e+14 9.534948e+13 -4.485571e+13 -4.522855e-01 8.869997e-01 -9.310992e-02 -2.343299e+01 0 9353304
-1.542642e+14 3.522711e+13 6.124271e+13 -3.607064e-01 7.546447e-01 -5.480897e-01 -1.886541e-01 0 1151720
3.168722e+13 -1.750230e+14 4.642020e+11 -1.014399e-01 -6.518099e-01 -7.515675e-01 1.723102e+01 0 3813665
-1.256603e+14 -1.171588e+14 -1.869596e+13 3.591160e-02 -7.219587e-01 -6.910036e-01 2.240080e+01 0 543881
1.137945e+13 6.120794e+13 -1.715185e+14 4.328946e-01 -6.090634e-02 -8.993846e-01 1.252073e+01 0 185286
-5.205331e+13 7.654208e+12 1.613040e+14 8.737408e-01 -1.547076e-01 4.611319e-01 6.842438e+00 0 1537766
-3.526545e+13 8.343849e+13 1.600280e+14 -8.804456e-01 -3.094159e-02 4.731364e-01 -6.444918e+00 0 5728858
8.099856e+13 -1.528590e+14 3.573816e+13 2.187710e-02 -9.044509e-01 4.260164e-01 -1.049705e+01 0 2022882
-2.240580e+13 -5.824525e+13 1.601601e+14 -3.337464e-01 -5.659585e-01 7.538596e-01 7.868633e+00 0 80646
1.418349e+14 4.261431e+13 8.418330e+13 8.978830e-01 1.187869e-01 -4.239054e-01 3.996118e+00 0 902019
-9.460781e+12 1.603006e+14 -7.204827e+13 4.116071e-01 9.078184e-01 -8.028321e-02 -1.439624e+01 0 5473688
1.121489e+14 -9.409835e+13 -9.796836e+13 7.998963e-02 -1.046382e-01 -9.912883e-01 -1.509473e+01 0 1439946
-3.346864e+13 3.627603e+13 -1.668648e+14 -4.989737e-01 -2.769912e-01 -8.211584e-01 1.146787e+01 0 1225938
9.728021e+13 -1.042600e+14 9.418092e+13 5.626415e-01 -3.271547e-01 7.592129e-01 -1.517209e+01 0 2068062
-5.329538e+13 1.403628e+14 -8.228633e+13 -9.709235e-02 6.995738e-01 -7.079333e-01 -6.530038e+00 0 13840211
-5.912508e+13 -7.354143e+13 1.490214e+14 -9.545923e-01 -2.047388e-01 2.164151e-01 1.333865e+01 0 6401080
6.327164e+12 1.087411e+14 -1.405320e+14 -2.188243e-01 9.728550e-01 -7.529379e-02 1.886590e+01 0 13499201
-1.554207e+13 1.722268e+14 1.397249e+13 3.032307e-01 9.519674e-01 4.253371e-02 3.129627e+00 0 8290378
-4.117278e+13 6.132666e+12 1.703502e+14 -2.312653e-01 7.213410e-01 6.528274e-01 1.117321e+01 0 12976940
6.156643e+13 1.550313e+14 3.278074e+13 -5.517918e-01 7.201106e-01 4.206739e-01 2.395373e+01 0 1592362
1.723065e+13 -1.520048e+14 7.328686e+13 -3.207922e-01 3.449186e-01 8.821131e-01 -1.313733e+01 0 3591793
2.180589e+13 -2.925146e+13 1.912531e+14 -1.647660e-01 -3.922131e-01 9.049978e-01 -2.556231e+01 0 13458567
7.724852e+13 -7.469085e+13 -1.414281e+14 9.246630e-02 -1.085738e-01 -9.897786e-01 1.293598e+01 0 20053281
-1.648577e+14 3.702996e+12 -8.977406e+13 -9.866053e-01 -1.029971e-01 -1.264974e-01 2.481067e+01 0 1620659
1.037854e+14 -1.416825e+13 1.385267e+14 8.792218e-01 -3.729361e-01 2.964586e-01 1.092467e+01 0 5361979
3.174226e+13 4.187887e+13 1.694649e+14 2.673966e-01 8.366266e-01 4.780743e-01 -9.535354e+00 0 8285988
1.141178e+14 -7.085229e+13 1.133166e+14 5.195847e-01 -5.015612e-01 6.917139e-01 -9.849821e+00 0 7796103
1.515053e+14 3.864834e+13 -6.984663e+13 1.522709e-01 5.903019e-02 -9.865744e-01 8.598165e+00 0 4045388
-3.337980e+13 -4.954048e+13 1.626400e+14 6.659163e-01 1.340660e-01 7.338813e-01 1.744659e+01 0 2250307
2.008248e+13 -6.809436e+13 1.542448e+14 1.353966e-01 5.036412e-01 8.532369e-01 1.937814e+00 0 5957
1.643112e+14 3.896914e+13 3.802881e+13 7.903608e-01 3.894652e-01 -4.729129e-01 -1.437551e+01 0 2057855
-1.526900e+14 6.941981e+13 -3.927776e+13 -3.181426e-01 8.825412e-01 -3.462749e-01 -1.957748e+01 0 3014540
7.990601e+13 1.068574e+14 1.153443e+14 6.985666e-01 1.321887e-02 7.154229e-01 6.996090e+00 0 38992847
1.352885e+14 -1.019831e+14 -3.744031e+13 9.448824e-01 9.045358e-02 3.146672e-01 1.333397e+01 0 1797047
-8.323894e+13 -1.210105e+14 9.266851e+13 -3.633036e-01 -2.273417e-01 9.035077e-01 7.485301e+00 0 7241748
-1.430539e+14 -2.745660e+13 -1.356654e+14 -8.639389e-01 1.522260e-01 -4.800383e-01 9.793706e+00 0 1497134
-6.451839e+13 1.975810e+14 6.846909e+13 2.917252e-02 6.894143e-01 7.237796e-01 1.907141e+01 0 11154894
7.886443e+13 -4.538299e+13 -1.446126e+14 8.044341e-03 1.683766e-01 -9.856899e-01 -8.445266e+00 0 2582831
-7.160208e+13 -1.811868e+14 -7.743288e+12 -3.543287e-02 -9.741466e-01 -2.231207e-01 1.686099e+01 0 3084330
1.157775e+13 -1.536478e+14 7.695254e+13 -8.495450e-03 -7.796657e-01 6.261384e-01 -8.332352e+00 0 13600141
-8.252649e+13 -1.196089e+14 -1.023021e+14 -4.604884e-01 -2.441304e-01 -8.534347e-01 -1.506490e+01 0 5836710
7.677848e+13 1.422919e+13 -1.522401e+14 -1.588709e-01 9.010940e-02 -9.831787e-01 -9.545969e+00 0 10004214
-1.027072e+14 -1.217593e+14 -5.933402e+13 -9.867001e-01 8.048678e-02 -1.412262e-01 -1.874524e+01 0 7688839
-1.018059e+14 1.427287e+14 -7.844487e+12 -3.470073e-01 7.584357e-01 5.516894e-01 1.581182e+01 0 8597589
-6.552051e+13 -1.540267e+14 -3.643209e+13 -5.853106e-01 -7.953390e-01 -1.576304e-01 1.435447e+01 0 4788709
7.487007e+13 1.267249e+14 -1.061182e+14 6.173038e-01 -1.055995e-01 -7.796055e-01 -2.113172e+01 0 21225978
5.476750e+13 -1.702269e+14 4.648936e+12 2.996659e-01 -6.192220e-01 7.257854e-01 1.062663e+01 0 27956
9.678527e+12 1.297897e+14 -1.132057e+14 9.446950e-01 3.267475e-01 -2.806120e-02 -2.074481e+01 0 3047919
-1.059752e+14 1.369136e+13 1.448616e+14 2.936890e-01 -8.482171e-03 9.558634e-01 -1.705467e+01 0 4673592
-1.171545e+14 7.683915e+13 -1.073692e+14 -7.792456e-01 3.691916e-01 -5.064324e-01 -2.107291e+01 0 4677546
-5.614976e+13 1.573011e+14 3.706280e+13 -7.102913e-02 8.985290e-01 4.331288e-01 -1.824017e+01 0 77370
4.168708e+13 1.455312e+14 8.173017e+13 5.996867e-01 7.415041e-01 -3.009112e-01 1.071438e+01 0 5739338
-5.700530e+12 1.966498e+14 -4.627210e+12 -3.096468e-01 9.436604e-01 -1.167220e-01 1.748988e+01 0 7312624
7.459700e+13 1.560461e+14 5.324943e+13 4.973057e-01 7.666323e-01 -4.061551e-01 -2.226643e+01 0 281218
1.314321e+14 -6.817552e+13 -1.093900e+14 2.496398e-01 1.034615e-01 -9.627958e-01 1.900770e+01 0 10800797
6.208932e+13 -1.266211e+14 9.493365e+13 6.229378e-01 -3.312390e-01 7.086813e-01 5.242044e+00 0 3096856
-1.299300e+14 8.240722e+13 7.841780e+13 -4.630578e-01 6.452997e-01 6.075902e-01 6.694768e+00 0 10062726
1.231647e+14 8.918124e+13 1.570542e+14 4.937635e-01 8.205030e-01 2.880492e-01 2.015775e+01 0 2804508
2.840754e+13 4.979449e+13 -1.636087e+14 -3.925238e-02 3.490735e-01 -9.362729e-01 -1.414879e+01 0 15825426
-1.771148e+14 7.629042e+13 1.346147e+13 -8.428081e-01 5.382134e-01 -9.366899e-04 8.957298e+00 0 13027123
3.304328e+12 1.656695e+14 -4.339515e+13 7.828397e-01 4.827684e-01 3.925515e-01 1.453992e+00 0 64
-1.112926e+14 1.212751e+14 -7.569360e+13 -6.104223e-02 9.637492e-01 2.597331e-01 1.194490e+01 0 838978
-8.903736e+13 -3.096456e+13 -1.590559e+14 -3.573903e-01 -6.932482e-01 -6.258427e-01 2.016159e+01 0 20976489
1.969860e+13 4.536854e+13 -1.631854e+14 -1.096601e-01 4.154078e-01 -9.030011e-01 -6.015318e+00 0 113093
3.519274e+13 6.914273e+13 -1.525090e+14 -1.519466e-01 -6.312715e-01 -7.605318e-01 -9.356168e+00 0 5458575
-2.142373e+13 1.647865e+14 -3.944202e+13 3.248947e-01 4.870588e-01 -8.106893e-01 -1.067045e+01 0 1
1.180700e+14 8.879993e+13 -8.832911e+13 9.059029e-01 -4.101778e-01 -1.053284e-01 -1.885005e+01 0 1096569
1.478430e+14 2.372134e+13 -8.958579e+13 9.939329e-01 8.440886e-02 -7.051634e-02 4.101719e+00 0 1
1.522842e+14 -3.932768e+13 -9.281011e+13 9.420813e-01 -1.649408e-01 -2.920229e-01 2.292282e+01 0 2719192
1.455957e+14 8.819997e+13 1.868899e+13 3.517018e-01 5.062914e-01 7.873848e-01 1.293632e+01 0 1042476
1.565124e+14 -2.394164e+13 7.153481e+13 9.584510e-01 -5.933650e-02 -2.790176e-01 1.242890e+01 0 18095597
