# 781
-2.297075e+11 6.955399e+11 -1.336022e+12 -9.780144e-01 9.455572e-03 2.083230e-01 0.000000e+00 1
1.607957e+12 -1.736432e+11 -4.459948e+11 1.905313e-01 -8.950881e-01 -4.031317e-01 0.000000e+00 1
-3.075562e+11 4.180308e+11 -1.425084e+12 -8.267262e-02 -9.838159e-01 1.589701e-01 0.000000e+00 1
-5.994819e+11 1.817666e+11 8.587600e+11 1.445076e-01 5.688506e-01 -8.096460e-01 0.000000e+00 1
1.366364e+12 -5.278687e+11 -2.294118e+11 -1.622914e-01 9.089540e-01 3.840105e-01 0.000000e+00 1
5.495391e+11 -5.493245e+10 5.970608e+11 -5.490437e-01 -8.145043e-01 1.874400e-01 0.000000e+00 1
-2.225791e+11 -6.339016e+11 1.208350e+12 -8.419243e-01 2.250706e-02 5.391261e-01 0.000000e+00 1
2.374192e+11 1.476133e+12 -1.450252e+11 3.689376e-01 1.835719e-01 9.111457e-01 0.000000e+00 1
1.435796e+12 -5.514164e+11 -1.474988e+11 -2.861531e-01 -9.363854e-01 -2.032210e-01 0.000000e+00 1
-4.228643e+11 -4.460889e+11 -1.273017e+12 3.355438e-01 5.053784e-01 7.949862e-01 0.000000e+00 1
-3.257200e+10 1.438464e+12 7.571081e+11 1.040321e-01 -9.845484e-01 -1.408608e-01 0.000000e+00 1
8.453870e+11 4.911085e+11 2.090163e+11 6.593572e-01 7.003677e-01 -2.733737e-01 0.000000e+00 1
-1.927736e+11 4.671984e+11 -7.861839e+11 -2.486206e-02 -9.389448e-01 3.431683e-01 0.000000e+00 1
1.545348e+12 3.022042e+11 -8.298867e+10 -1.523724e-02 8.292750e-01 5.586329e-01 0.000000e+00 1
5.331008e+11 -1.167242e+12 2.439981e+11 9.052566e-01 -8.994400e-02 -4.152355e-01 0.000000e+00 1
1.556134e+11 1.429683e+12 -6.175996e+10 3.463385e-01 3.667260e-01 -8.634592e-01 0.000000e+00 1
-7.816913e+11 -1.598428e+11 5.448588e+11 6.210962e-01 -7.169439e-01 3.165927e-01 0.000000e+00 1
-6.249269e+11 7.895942e+11 1.261961e+12 6.792868e-01 -6.145409e-01 4.011345e-01 0.000000e+00 1
1.254561e+12 -9.072894e+11 -4.526005e+11 -9.203971e-01 -4.167087e-02 3.887578e-01 0.000000e+00 1
1.032637e+12 -5.638297e+11 7.888581e+11 -5.042044e-01 7.909548e-01 3.466531e-01 0.000000e+00 1
-3.560818e+11 1.168397e+12 -2.142362e+10 1.093781e-02 -9.879453e-01 1.544163e-01 0.000000e+00 1
5.868553e+11 5.733122e+11 1.500210e+11 6.945672e-01 2.316534e-01 6.811116e-01 0.000000e+00 1
2.488743e+11 5.623457e+11 -1.075934e+12 -9.166400e-02 -7.831326e-01 6.150619e-01 0.000000e+00 1
-9.317543e+11 2.807840e+11 9.068131e+11 -5.045842e-01 -5.004084e-01 -7.035526e-01 0.000000e+00 1
1.942149e+10 6.405894e+11 3.834105e+11 6.019497e-01 4.444352e-01 -6.634259e-01 0.000000e+00 1
-6.267422e+10 -7.353664e+11 1.141236e+12 8.393140e-01 -5.161312e-01 1.707649e-01 0.000000e+00 1
1.366358e+11 -1.092410e+12 1.143379e+12 1.121109e-01 -1.038277e-01 -9.882565e-01 0.000000e+00 1
2.618878e+11 -1.254257e+12 8.709670e+11 3.043058e-01 5.051609e-01 8.075955e-01 0.000000e+00 1
1.631782e+11 -1.305426e+12 -6.022728e+10 -1.269067e-01 2.867478e-01 9.495633e-01 0.000000e+00 1
-8.359447e+10 6.281627e+11 -1.405977e+11 -1.306854e-02 3.958640e-01 9.182162e-01 0.000000e+00 1
-1.009048e+12 1.184261e+12 4.194256e+11 9.000900e-01 3.616064e-01 -2.430612e-01 0.000000e+00 1
3.969619e+11 -7.808793e+11 -1.281084e+12 -7.562312e-01 6.976022e-02 6.505750e-01 0.000000e+00 1
5.436696e+11 -9.011294e+11 -7.740530e+11 -2.277644e-01 -9.538238e-01 -1.958150e-01 0.000000e+00 1
-4.441725e+11 -1.161249e+12 5.890667e+11 -2.892291e-01 -8.360313e-01 4.662598e-01 0.000000e+00 1
-1.017146e+12 3.544471e+10 2.484223e+11 4.300343e-01 8.128296e-01 3.929103e-01 0.000000e+00 1
5.237347e+11 9.492467e+11 2.896744e+11 -3.124575e-01 -4.781448e-01 8.208215e-01 0.000000e+00 1
1.035541e+11 1.180102e+12 -1.063649e+12 2.428390e-01 2.288908e-01 -9.426761e-01 0.000000e+00 1
1.464568e+12 -1.202405e+11 1.395250e+09 4.172107e-01 -7.124295e-01 -5.642512e-01 0.000000e+00 1
-6.582721e+10 -5.695627e+11 -6.002760e+11 -6.713726e-01 7.097160e-01 2.134526e-01 0.000000e+00 1
3.685868e+11 6.642273e+11 -1.488727e+12 9.504631e-01 3.227904e-02 -3.091568e-01 0.000000e+00 1
4.545702e+11 6.766615e+11 -1.095647e+12 9.677582e-01 -1.769078e-01 -1.792980e-01 0.000000e+00 1
1.956683e+11 -5.432405e+11 3.024526e+11 -5.705942e-01 2.974812e-01 7.654588e-01 0.000000e+00 1
7.170816e+11 8.326021e+11 1.742816e+11 1.204711e-01 -2.571602e-01 9.588302e-01 0.000000e+00 1
-6.158817e+11 -6.196707e+11 8.512167e+11 -8.352519e-01 4.216098e-01 3.529863e-01 0.000000e+00 1
8.551861e+11 3.004294e+11 7.712783e+11 -6.135705e-02 -2.529179e-01 9.655402e-01 0.000000e+00 1
-1.252959e+12 4.490458e+11 1.073037e+11 -1.363730e-01 6.621493e-01 -7.368587e-01 0.000000e+00 1
1.067923e+12 -3.970864e+10 7.693955e+11 -8.046696e-01 3.056209e-01 5.090212e-01 0.000000e+00 1
1.089535e+11 1.478017e+12 4.323608e+11 -2.248875e-02 8.652521e-01 -5.008324e-01 0.000000e+00 1
-1.040882e+12 -5.876120e+11 -6.753723e+10 -5.717571e-01 -7.953830e-01 -2.011460e-01 0.000000e+00 1
-1.745493e+11 6.429548e+10 7.219833e+11 -2.540603e-01 -4.575661e-01 -8.521072e-01 0.000000e+00 1
-2.462712e+11 1.080857e+12 3.975896e+11 1.205842e-01 5.236015e-01 8.433866e-01 0.000000e+00 1
-6.112332e+11 -3.168210e+11 1.131479e+12 5.432939e-02 3.103229e-01 9.490775e-01 0.000000e+00 1
8.782264e+11 -1.221162e+11 1.063375e+12 -5.329771e-01 -4.645442e-01 7.072016e-01 0.000000e+00 1
-1.081265e+12 -1.071496e+12 6.910676e+10 -1.269701e-01 9.907220e-01 4.846183e-02 0.000000e+00 1
9.022040e+11 9.615232e+11 1.023782e+12 -5.233119e-01 3.785753e-01 7.634300e-01 0.000000e+00 1
-2.947982e+11 -1.797283e+11 8.301826e+11 -8.965891e-01 2.606852e-01 -3.580101e-01 0.000000e+00 1
7.626077e+11 3.533440e+11 5.522182e+11 -7.433157e-01 1.432376e-01 -6.534254e-01 0.000000e+00 1
9.814552e+10 5.281492e+10 1.570599e+12 -3.731526e-01 2.039306e-01 9.050798e-01 0.000000e+00 1
9.938072e+11 -2.637176e+11 -1.095332e+12 8.835913e-01 -4.674784e-01 -2.702500e-02 0.000000e+00 1
-1.430381e+12 -4.485699e+11 1.305699e+11 6.175599e-01 7.786925e-01 -1.107149e-01 0.000000e+00 1
8.271135e+11 -1.076125e+12 -8.348066e+11 -2.777920e-01 9.031844e-01 3.272455e-01 0.000000e+00 1
6.640730e+11 8.586083e+11 1.037203e+12 8.789987e-01 -4.265235e-01 -2.131640e-01 0.000000e+00 1
-6.657532e+11 2.620197e+11 -1.515323e+12 3.894463e-01 9.116417e-01 1.313046e-01 0.000000e+00 1
5.124324e+10 -6.603534e+11 -5.475494e+11 8.513462e-01 2.063418e-01 -4.823202e-01 0.000000e+00 1
-9.590377e+11 -1.073041e+09 5.509039e+11 6.727034e-01 7.243050e-01 -1.511702e-01 0.000000e+00 1
7.081386e+11 1.221240e+12 2.331626e+10 -4.826277e-01 1.480745e-01 8.632175e-01 0.000000e+00 1
-5.379725e+11 -3.040895e+11 4.844921e+11 -9.987613e-01 3.167709e-02 3.837122e-02 0.000000e+00 1
-1.229313e+12 2.058784e+11 -9.094304e+11 9.438897e-01 3.257783e-01 -5.422838e-02 0.000000e+00 1
-8.097784e+11 5.013872e+11 -5.831748e+11 -3.344277e-01 -3.581665e-01 8.717080e-01 0.000000e+00 1
-3.080338e+11 3.481097e+10 1.462151e+12 5.468885e-01 -2.642680e-02 8.367883e-01 0.000000e+00 1
2.455854e+11 -4.039201e+11 1.470436e+12 -1.909241e-01 -9.411481e-01 2.789053e-01 0.000000e+00 1
-6.836625e+11 -8.782161e+11 6.166794e+10 -5.028103e-01 8.345959e-01 -2.250146e-01 0.000000e+00 1
-1.511229e+12 3.563595e+11 5.430227e+11 3.765870e-01 -6.326560e-01 6.767042e-01 0.000000e+00 1
-7.224612e+10 2.680407e+11 1.230401e+12 -1.265680e-01 -8.523241e-01 -5.074684e-01 0.000000e+00 1
2.147973e+11 3.589556e+11 1.361799e+11 7.718768e-01 4.162426e-01 4.805708e-01 0.000000e+00 1
7.772306e+11 -8.188174e+11 6.231240e+11 2.058038e-01 -7.046046e-01 -6.791003e-01 0.000000e+00 1
4.305463e+11 6.576788e+11 -5.887552e+11 -3.340245e-01 -7.224007e-01 -6.054460e-01 0.000000e+00 1
4.068989e+11 -1.241451e+12 -2.297245e+11 7.953013e-01 5.415624e-02 -6.037905e-01 0.000000e+00 1
-6.748641e+11 -3.385365e+11 -1.407447e+12 6.643663e-01 7.469211e-01 2.695023e-02 0.000000e+00 1
4.167812e+11 -6.636417e+11 -5.466371e+10 -3.562869e-01 -6.692812e-01 -6.520140e-01 0.000000e+00 1
7.899196e+11 5.585885e+10 2.535041e+11 -2.051329e-01 -7.338076e-01 6.476472e-01 0.000000e+00 1
-1.108335e+12 -4.189194e+11 -2.886493e+11 7.513877e-01 3.577547e-01 -5.544619e-01 0.000000e+00 1
-7.914434e+11 -4.272901e+11 3.953506e+10 4.253154e-01 8.537465e-01 -3.003726e-01 0.000000e+00 1
2.676553e+11 2.277587e+11 -1.407793e+12 -3.845515e-01 5.467802e-01 7.437416e-01 0.000000e+00 1
-7.628623e+11 1.626726e+11 6.521223e+11 -1.198194e-01 -9.182095e-01 3.775376e-01 0.000000e+00 1
1.325203e+12 1.434815e+10 -7.791385e+11 1.345718e-02 -9.834159e-01 1.808646e-01 0.000000e+00 1
-6.595216e+11 5.949887e+11 -1.314357e+12 -2.585428e-01 -6.149893e-01 7.449455e-01 0.000000e+00 1
-4.205245e+11 1.055305e+12 1.660776e+11 -9.875861e-01 -1.499229e-01 -4.686992e-02 0.000000e+00 1
-5.213420e+11 -4.567439e+11 -1.219877e+12 -3.053108e-01 9.274476e-01 -2.159312e-01 0.000000e+00 1
3.592663e+11 -4.251732e+11 1.375595e+12 3.367394e-01 -3.413581e-01 -8.775427e-01 0.000000e+00 1
-1.378559e+12 9.047146e+11 -3.404627e+11 4.710962e-01 4.519855e-01 7.574810e-01 0.000000e+00 1
-1.008979e+12 4.496348e+11 8.534345e+11 4.187820e-01 8.910105e-01 1.752770e-01 0.000000e+00 1
-2.641989e+11 -7.772316e+11 -6.200000e+10 -6.620759e-02 -8.615398e-01 5.033545e-01 0.000000e+00 1
-8.873757e+11 -6.563967e+11 3.556246e+11 4.395083e-01 8.978316e-01 -2.703448e-02 0.000000e+00 1
-1.214129e+11 -4.086417e+10 -1.548701e+12 -4.556023e-01 7.326266e-01 -5.056528e-01 0.000000e+00 1
-9.281517e+10 -8.831860e+11 2.044669e+11 -5.934034e-01 -6.008400e-01 -5.355966e-01 0.000000e+00 1
2.586844e+11 -5.282639e+10 5.264364e+11 -2.028780e-01 4.117251e-01 8.884385e-01 0.000000e+00 1
8.390130e+11 -3.890772e+11 -7.467138e+11 6.892523e-01 -7.244970e-01 -5.936975e-03 0.000000e+00 1
8.089017e+10 -1.532748e+12 5.535973e+11 2.816458e-01 4.533376e-01 -8.456717e-01 0.000000e+00 1
7.188771e+11 1.101635e+12 6.476905e+10 -9.344654e-02 9.436335e-02 -9.911424e-01 0.000000e+00 1
-1.062463e+12 -4.057358e+11 -4.223309e+11 7.067890e-02 6.171807e-01 -7.836405e-01 0.000000e+00 1
-1.476181e+12 -3.543561e+11 4.937645e+11 -3.848417e-01 -2.727142e-01 8.817731e-01 0.000000e+00 1
9.547275e+11 6.034418e+11 6.379620e+11 5.810309e-01 7.444598e-01 3.289115e-01 0.000000e+00 1
4.029042e+11 -9.163538e+11 -1.131403e+12 6.856604e-01 -1.246091e-01 7.171767e-01 0.000000e+00 1
1.034089e+12 4.186000e+11 2.873116e+11 -6.141564e-01 -7.856053e-01 -7.507528e-02 0.000000e+00 1
5.174886e+11 -1.212127e+11 -5.638326e+11 -2.780613e-01 -6.853636e-01 6.730220e-01 0.000000e+00 1
-1.425234e+12 5.522199e+11 -3.558166e+11 -8.094915e-01 2.340692e-01 5.384562e-01 0.000000e+00 1
-5.286667e+11 8.359484e+11 6.176711e+11 3.422954e-01 -9.395904e-01 -1.925428e-03 0.000000e+00 1
-1.338474e+12 -3.850395e+11 -5.812556e+11 -1.847716e-01 -3.256913e-01 9.272457e-01 0.000000e+00 1
6.725521e+11 5.825129e+11 7.257951e+11 7.129743e-01 6.546206e-01 -2.512757e-01 0.000000e+00 1
2.855340e+11 -1.924951e+11 -1.054489e+12 -5.497255e-01 7.699113e-01 3.240963e-01 0.000000e+00 1
1.076792e+12 -4.427832e+10 -5.980628e+11 -1.877013e-01 9.801069e-01 6.448827e-02 0.000000e+00 1
1.490917e+12 -6.369309e+11 -8.691741e+10 -5.315513e-01 8.104231e-01 -2.463080e-01 0.000000e+00 1
-1.377549e+12 6.670202e+11 7.274526e+11 2.811829e-01 -4.966009e-02 -9.583684e-01 0.000000e+00 1
-4.785631e+11 1.104414e+12 5.270060e+11 -9.089332e-01 -1.384123e-01 -3.932968e-01 0.000000e+00 1
1.121801e+12 7.431510e+11 -9.189787e+11 2.661940e-01 3.578880e-01 -8.950178e-01 0.000000e+00 1
-6.040143e+11 -6.246663e+11 5.208018e+11 -8.355165e-01 -1.489566e-01 5.288896e-01 0.000000e+00 1
-6.369650e+11 4.449948e+11 -4.105599e+11 -1.937540e-01 1.004492e-01 -9.758941e-01 0.000000e+00 1
5.878107e+11 7.928995e+11 -1.196173e+12 5.612356e-01 -5.979419e-01 5.722587e-01 0.000000e+00 1
8.171589e+11 1.146305e+12 -5.650043e+11 9.683217e-01 -2.144707e-01 -1.278879e-01 0.000000e+00 1
-2.199727e+11 5.964058e+11 7.656052e+11 5.139379e-01 -7.054116e-01 4.881212e-01 0.000000e+00 1
7.677489e+11 -1.737367e+10 -3.409733e+11 7.414943e-01 3.799419e-01 -5.530193e-01 0.000000e+00 1
1.290297e+12 1.136788e+11 2.030194e+11 1.876334e-02 -9.702263e-01 2.414724e-01 0.000000e+00 1
-1.798706e+10 2.690131e+11 -7.814554e+10 1.014057e-01 9.890489e-01 1.072339e-01 0.000000e+00 1
1.042928e+12 -7.690920e+11 -1.091306e+12 8.471519e-01 1.250084e-01 5.164364e-01 0.000000e+00 1
9.394379e+10 9.892148e+11 -5.281933e+11 -1.394667e-01 6.764769e-01 7.231377e-01 0.000000e+00 1
-8.233157e+11 4.255814e+11 1.162708e+12 1.649120e-01 7.286111e-01 -6.647780e-01 0.000000e+00 1
1.379561e+11 -1.294343e+11 -1.668776e+11 -9.077252e-01 2.138518e-01 3.609741e-01 0.000000e+00 1
-7.974443e+11 2.726059e+11 1.260466e+12 9.029097e-01 4.151201e-01 1.114872e-01 0.000000e+00 1
-4.145059e+11 -4.934580e+11 -6.793776e+11 -8.466107e-01 -2.933121e-01 4.440926e-01 0.000000e+00 1
-1.038582e+12 -6.237967e+11 -7.922234e+11 -4.857678e-01 6.728302e-01 -5.579689e-01 0.000000e+00 1
-1.221491e+11 -1.114954e+12 1.158045e+12 -4.898612e-01 -7.914519e-01 -3.655679e-01 0.000000e+00 1
-1.120529e+12 -1.005251e+11 -4.437918e+11 -3.087244e-01 8.521222e-01 -4.225837e-01 0.000000e+00 1
1.511298e+11 -1.549953e+12 4.387209e+11 9.735903e-01 2.124542e-01 8.357671e-02 0.000000e+00 1
1.185700e+11 7.878638e+11 -1.023113e+12 -9.757303e-01 2.179503e-01 2.116578e-02 0.000000e+00 1
1.491187e+11 -3.612778e+11 -1.175314e+11 1.129272e-01 -9.660793e-01 -2.322459e-01 0.000000e+00 1
1.213836e+11 1.225037e+12 6.653080e+11 6.385318e-01 -1.897218e-01 -7.458437e-01 0.000000e+00 1
-8.704955e+10 1.519291e+12 4.454433e+11 9.357633e-01 2.059248e-01 -2.862553e-01 0.000000e+00 1
-1.119662e+12 4.258784e+11 -8.976076e+11 4.842522e-01 -6.728921e-01 5.592102e-01 0.000000e+00 1
6.233701e+11 7.311826e+11 5.016522e+11 6.237956e-01 -7.531403e-01 -2.089469e-01 0.000000e+00 1
-2.818224e+11 3.927998e+11 -1.265098e+12 5.315389e-01 -1.031163e-01 -8.407339e-01 0.000000e+00 1
7.219416e+11 -1.357305e+12 -3.634621e+11 6.052165e-01 -7.940286e-01 5.684710e-02 0.000000e+00 1
4.799955e+10 1.473627e+12 7.292084e+11 -3.379673e-02 9.778532e-01 2.065449e-01 0.000000e+00 1
-9.324273e+11 -7.030073e+11 5.677869e+11 -9.084497e-01 -3.762692e-01 -1.820457e-01 0.000000e+00 1
1.030714e+12 3.729361e+11 1.082827e+12 4.964828e-01 3.227312e-01 -8.058222e-01 0.000000e+00 1
1.199052e+12 8.789285e+11 2.283453e+11 3.454278e-01 -8.622822e-01 -3.703364e-01 0.000000e+00 1
4.192616e+11 8.586926e+11 -7.713203e+11 -7.283272e-01 5.202402e-01 -4.459703e-01 0.000000e+00 1
-1.278143e+12 -2.739433e+10 6.905618e+10 -2.165379e-01 -7.474177e-01 -6.280749e-01 0.000000e+00 1
3.694294e+11 1.103862e+12 9.274082e+11 9.751037e-01 -3.482485e-02 2.189978e-01 0.000000e+00 1
6.493899e+10 3.536732e+11 -1.301842e+12 -5.191523e-01 6.755401e-01 5.235709e-01 0.000000e+00 1
-1.080409e+12 -4.637898e+10 8.955492e+11 7.199859e-01 -4.694987e-01 5.110688e-01 0.000000e+00 1
-4.751417e+11 8.569134e+11 1.138206e+12 -9.496375e-01 2.729110e-01 -1.539748e-01 0.000000e+00 1
7.452153e+11 1.075342e+12 6.180283e+11 -7.661190e-01 -5.692381e-01 -2.983785e-01 0.000000e+00 1
-1.246104e+12 -5.945390e+10 -1.403413e+11 7.472728e-01 1.399632e-01 6.496104e-01 0.000000e+00 1
3.807465e+11 1.534146e+12 -1.086034e+11 5.990925e-01 1.145696e-01 7.924405e-01 0.000000e+00 1
1.050744e+12 1.086658e+12 -5.937225e+11 9.875487e-01 -7.599223e-02 -1.377419e-01 0.000000e+00 1
1.674270e+11 6.782693e+11 4.110679e+11 -1.199835e-01 -8.464766e-02 9.891606e-01 0.000000e+00 1
4.579331e+11 -4.724747e+10 -1.564542e+12 5.419315e-01 -7.953148e-01 2.716333e-01 0.000000e+00 1
4.076164e+11 -5.123095e+09 1.301320e+11 7.945514e-01 -6.070236e-01 -1.450229e-02 0.000000e+00 1
1.892912e+11 1.082295e+12 -3.405102e+11 5.021184e-01 -7.052069e-01 5.005600e-01 0.000000e+00 1
7.161296e+11 -3.542429e+11 1.358301e+12 9.934424e-01 6.320590e-02 -9.527478e-02 0.000000e+00 1
-2.366545e+11 6.036125e+11 -1.416077e+12 7.752717e-01 -1.924605e-01 -6.015918e-01 0.000000e+00 1
1.508477e+10 -3.914190e+11 -1.598484e+12 -5.209673e-01 8.436735e-01 1.296459e-01 0.000000e+00 1
-8.613945e+11 1.211680e+11 -4.536976e+11 -3.866877e-01 4.515960e-01 -8.040732e-01 0.000000e+00 1
-1.373240e+12 2.716929e+11 -3.023613e+11 4.093338e-02 -4.217513e-02 -9.982714e-01 0.000000e+00 1
2.912816e+11 -7.479024e+11 -7.322930e+10 8.000242e-01 1.782235e-01 -5.728854e-01 0.000000e+00 1
-4.536170e+11 8.078305e+11 1.350577e+12 9.278826e-01 -2.663089e-01 -2.609854e-01 0.000000e+00 1
-1.279514e+12 -7.916905e+11 -6.275901e+11 -8.564652e-01 5.084081e-01 -8.937890e-02 0.000000e+00 1
-6.742013e+11 -4.413495e+11 -1.952233e+11 -9.130922e-01 1.554348e-01 -3.769651e-01 0.000000e+00 1
9.483577e+11 -9.470464e+11 8.953917e+11 -7.434936e-01 -1.503974e-01 6.516118e-01 0.000000e+00 1
4.590362e+11 8.091125e+11 -1.119778e+12 6.913190e-02 -2.962592e-01 -9.526024e-01 0.000000e+00 1
-1.125162e+12 7.779247e+11 7.824715e+11 6.467948e-01 7.580082e-01 -8.414238e-02 0.000000e+00 1
1.494781e+12 3.147782e+11 -6.265103e+11 -6.214667e-01 1.849807e-01 -7.612892e-01 0.000000e+00 1
-9.303670e+11 2.082216e+11 -7.125484e+11 7.413856e-02 5.142034e-01 -8.544579e-01 0.000000e+00 1
1.240600e+12 2.956988e+11 7.316814e+11 -2.750747e-01 -7.546123e-01 -5.957299e-01 0.000000e+00 1
-2.167680e+11 1.336932e+12 8.561734e+11 -3.407199e-01 -7.251976e-01 -5.983297e-01 0.000000e+00 1
-1.398074e+12 1.018003e+11 3.736111e+11 5.664729e-01 1.608348e-01 -8.082330e-01 0.000000e+00 1
3.335230e+11 -3.901532e+10 4.494496e+11 -6.406124e-01 1.180605e-01 -7.587341e-01 0.000000e+00 1
-7.136449e+11 -9.657959e+11 8.946094e+11 8.545642e-01 -4.925919e-01 1.645394e-01 0.000000e+00 1
9.056055e+11 2.231921e+11 1.168648e+11 -2.178799e-01 5.693758e-01 7.926787e-01 0.000000e+00 1
-4.574706e+11 -1.469277e+12 2.015986e+11 -8.981220e-01 -2.755848e-01 3.426806e-01 0.000000e+00 1
-1.574842e+12 -4.357569e+11 4.136846e+11 -9.311922e-01 -2.407142e-01 -2.737476e-01 0.000000e+00 1
-1.006793e+11 8.888054e+11 9.536160e+11 1.824442e-01 -8.422643e-01 -5.072523e-01 0.000000e+00 1
-6.926202e+11 1.707187e+10 3.330622e+11 2.217567e-01 8.889931e-01 -4.006436e-01 0.000000e+00 1
-2.550282e+11 -1.314920e+11 -1.216698e+12 3.163348e-01 8.371444e-02 9.449467e-01 0.000000e+00 1
-3.520793e+11 8.806303e+11 -4.557919e+11 -9.868828e-01 1.614360e-01 -8.414478e-04 0.000000e+00 1
1.059123e+12 7.498763e+11 -1.647358e+11 -4.924841e-01 4.943450e-01 -7.162977e-01 0.000000e+00 1
-6.409365e+11 2.328857e+11 -1.037283e+12 5.565635e-01 4.530497e-03 -8.307927e-01 0.000000e+00 1
-6.938235e+11 -7.772203e+11 -7.872803e+11 5.554137e-01 6.670372e-01 4.965653e-01 0.000000e+00 1
-1.614736e+12 7.901872e+10 3.918479e+11 3.149365e-01 9.104635e-01 -2.680881e-01 0.000000e+00 1
-1.418801e+12 7.323715e+11 -2.318675e+10 -2.615012e-02 3.105758e-01 -9.501888e-01 0.000000e+00 1
3.254777e+11 -8.418035e+11 -1.334353e+12 8.297647e-01 1.224882e-01 -5.445064e-01 0.000000e+00 1
3.991467e+09 1.286383e+12 1.150300e+11 -4.901633e-01 -6.236421e-01 -6.089421e-01 0.000000e+00 1
1.239825e+12 1.007270e+12 -2.248456e+09 -2.972846e-01 -6.516392e-01 6.978454e-01 0.000000e+00 1
-3.290429e+11 1.341574e+12 3.152594e+11 5.960290e-01 -7.569039e-01 2.680409e-01 0.000000e+00 1
7.958418e+11 1.230174e+12 5.295124e+11 3.278119e-01 -7.750047e-01 5.402842e-01 0.000000e+00 1
1.138756e+12 -2.160657e+11 4.227754e+11 -5.549932e-01 4.434628e-01 7.037921e-01 0.000000e+00 1
9.606129e+10 3.140857e+11 1.608127e+12 -1.199816e-01 -9.927583e-01 -5.946216e-03 0.000000e+00 1
-3.447600e+11 -1.320345e+12 7.465866e+11 6.235306e-01 5.473283e-01 -5.582485e-01 0.000000e+00 1
-1.575886e+12 2.100659e+11 4.905476e+11 9.954079e-01 1.408219e-02 -9.468317e-02 0.000000e+00 1
-4.312399e+11 8.209746e+11 -1.448981e+11 -4.516751e-01 4.957026e-01 7.418009e-01 0.000000e+00 1
7.166314e+11 8.765086e+11 -7.403522e+11 -7.063397e-03 -4.820185e-01 -8.761326e-01 0.000000e+00 1
-1.146364e+12 7.089211e+11 -6.700492e+11 8.936183e-01 -2.325230e-01 -3.839003e-01 0.000000e+00 1
8.436116e+11 2.870517e+11 5.872696e+11 -5.785627e-01 -5.319086e-01 -6.183352e-01 0.000000e+00 1
-1.043485e+12 -3.400030e+10 1.036855e+12 -8.170083e-01 3.428652e-01 -4.636171e-01 0.000000e+00 1
-1.080069e+12 5.484740e+11 9.420697e+11 -2.053315e-01 5.705017e-01 -7.952150e-01 0.000000e+00 1
-1.036390e+12 7.027839e+11 -4.005094e+11 -3.047394e-01 2.217075e-01 -9.262719e-01 0.000000e+00 1
1.134245e+11 5.565842e+11 7.058925e+11 -7.513330e-01 6.084379e-01 2.555425e-01 0.000000e+00 1
-5.942099e+11 9.683180e+11 -1.202953e+12 7.104481e-02 -2.979228e-01 -9.519426e-01 0.000000e+00 1
8.224973e+11 -2.167068e+11 -8.097896e+11 6.483713e-01 6.341385e-01 -4.212872e-01 0.000000e+00 1
1.425816e+12 1.488012e+11 -8.081472e+11 1.718498e-01 8.565122e-01 4.866771e-01 0.000000e+00 1
-4.045025e+11 2.819732e+11 -5.060445e+11 9.040521e-01 1.147416e-01 4.117331e-01 0.000000e+00 1
6.627585e+11 -8.125284e+11 5.832273e+10 9.453283e-01 -2.450689e-01 -2.151641e-01 0.000000e+00 1
-1.276483e+12 2.015213e+11 -4.378197e+11 -5.959944e-01 7.857600e-01 1.654445e-01 0.000000e+00 1
-1.004549e+12 -6.473659e+11 8.590120e+09 -7.732129e-01 5.105816e-01 3.760961e-01 0.000000e+00 1
-1.430115e+11 -6.006415e+11 4.739831e+11 1.726420e-01 7.387607e-01 -6.514810e-01 0.000000e+00 1
1.996293e+11 5.835928e+11 9.080061e+11 5.159804e-01 2.451688e-01 -8.207658e-01 0.000000e+00 1
9.165022e+11 7.432282e+11 -3.426031e+11 -9.296878e-01 8.999323e-02 -3.571860e-01 0.000000e+00 1
-9.501332e+11 8.067955e+11 -1.332066e+11 -3.125844e-01 4.792116e-01 -8.201508e-01 0.000000e+00 1
7.247634e+11 -9.356920e+11 5.748942e+11 -8.295018e-01 -9.414330e-03 5.584248e-01 0.000000e+00 1
-1.419640e+12 3.402738e+11 -5.943388e+11 7.114845e-01 -5.651842e-01 4.175602e-01 0.000000e+00 1
-1.596327e+11 3.993595e+11 -1.008889e+12 3.124210e-01 -9.414947e-01 1.264153e-01 0.000000e+00 1
-7.180766e+11 -1.155387e+12 -5.851715e+11 -1.729360e-01 -3.968730e-01 9.014349e-01 0.000000e+00 1
4.584744e+11 1.389434e+12 -7.693828e+11 8.474933e-01 3.003637e-01 -4.376491e-01 0.000000e+00 1
-6.846791e+11 5.861057e+11 7.681134e+11 5.058634e-01 -8.348461e-01 -2.171042e-01 0.000000e+00 1
6.866213e+11 -8.538167e+11 1.076982e+12 -4.409428e-01 -8.948035e-01 -6.997268e-02 0.000000e+00 1
-3.182896e+11 1.606403e+12 2.642624e+11 5.904713e-01 3.840107e-01 7.098446e-01 0.000000e+00 1
-6.461142e+10 -9.644996e+11 -8.649918e+11 -6.005235e-01 -7.903503e-01 1.213178e-01 0.000000e+00 1
-3.936634e+11 -7.369720e+11 4.832126e+10 -6.499169e-01 1.190465e-01 -7.506237e-01 0.000000e+00 1
1.252164e+12 6.953238e+11 -8.121257e+11 -1.655885e-01 -6.478627e-02 -9.840646e-01 0.000000e+00 1
-7.396965e+11 -8.835224e+10 -1.023560e+12 -7.313550e-01 -4.292459e-01 5.299697e-01 0.000000e+00 1
-1.324577e+11 7.352296e+11 1.192697e+12 -5.182077e-01 -8.640365e-02 8.508790e-01 0.000000e+00 1
-2.932277e+11 -6.380182e+11 -1.206377e+12 2.508883e-01 -9.642629e-01 -8.515905e-02 0.000000e+00 1
-3.478571e+11 1.483920e+12 -1.302193e+11 -2.383344e-01 -8.734005e-01 4.246979e-01 0.000000e+00 1
-1.090681e+12 -4.246887e+11 4.003877e+11 8.175804e-01 -5.754618e-01 2.015078e-02 0.000000e+00 1
4.099723e+11 -7.047618e+11 4.816236e+11 8.014013e-02 -6.482686e-01 -7.571825e-01 0.000000e+00 1
-3.787862e+11 -3.177931e+11 -9.821239e+11 7.304601e-01 -6.442381e-01 2.266833e-01 0.000000e+00 1
1.229461e+12 1.570170e+11 4.740550e+11 -3.299380e-02 9.432601e-01 3.304114e-01 0.000000e+00 1
1.388271e+12 8.839664e+10 2.501183e+11 -1.252788e-01 2.462521e-01 -9.610750e-01 0.000000e+00 1
-1.359936e+12 -4.866795e+10 3.988716e+11 2.701802e-02 7.815947e-01 -6.232012e-01 0.000000e+00 1
-2.948257e+11 -3.951205e+11 -1.028613e+12 -4.317567e-01 8.331870e-01 3.455223e-01 0.000000e+00 1
1.051895e+12 2.483990e+11 -1.023703e+12 4.208423e-01 5.905505e-02 9.052095e-01 0.000000e+00 1
-4.424568e+11 4.993570e+11 -9.670896e+11 -1.919393e-01 -5.846647e-01 7.882427e-01 0.000000e+00 1
9.054813e+11 9.837837e+10 -7.599758e+11 6.439413e-01 1.230540e-01 -7.551141e-01 0.000000e+00 1
1.467730e+12 3.843428e+11 -4.424245e+11 2.577974e-01 9.604483e-01 -1.052591e-01 0.000000e+00 1
-2.548502e+11 -9.097972e+11 -1.131937e+12 8.274611e-01 -1.426215e-01 5.431089e-01 0.000000e+00 1
-4.477634e+11 4.141941e+11 3.644396e+11 9.517231e-01 1.766442e-01 -2.510379e-01 0.000000e+00 1
9.588839e+11 1.083231e+12 -3.162703e+11 -4.065345e-01 -9.136193e-01 5.429967e-03 0.000000e+00 1
-9.595233e+10 -1.946209e+11 5.515393e+11 -5.227951e-01 8.422419e-01 -1.315822e-01 0.000000e+00 1
4.727026e+11 1.481582e+12 -3.193713e+11 5.062483e-01 7.566726e-01 -4.137141e-01 0.000000e+00 1
5.028467e+11 -8.449990e+11 -9.836240e+11 -3.093871e-02 -7.714045e-01 6.355926e-01 0.000000e+00 1
8.910742e+11 8.795868e+11 7.815165e+11 -7.593239e-02 4.283953e-01 9.003953e-01 0.000000e+00 1
-1.051400e+12 2.894037e+11 3.837393e+11 3.411084e-01 -1.887758e-01 -9.208739e-01 0.000000e+00 1
3.454954e+11 -1.409758e+12 -6.184111e+11 -2.702172e-01 -4.144874e-01 -8.690126e-01 0.000000e+00 1
8.401976e+11 -3.535868e+11 1.268960e+11 -2.309949e-01 9.578358e-01 1.708563e-01 0.000000e+00 1
7.045001e+11 4.549983e+11 2.509511e+11 5.213359e-01 -8.512705e-01 5.956075e-02 0.000000e+00 1
-7.872270e+11 4.155753e+11 -1.483131e+11 3.139659e-01 -8.715040e-01 -3.767044e-01 0.000000e+00 1
-6.753847e+11 1.427480e+12 -2.122611e+11 6.551478e-01 7.543528e-01 -4.163184e-02 0.000000e+00 1
4.395308e+11 -9.302046e+10 2.488963e+11 -2.641657e-01 1.201081e-01 9.569694e-01 0.000000e+00 1
-1.340100e+12 4.469536e+11 -3.863352e+11 1.232499e-01 -5.773947e-02 -9.906945e-01 0.000000e+00 1
2.529351e+11 -4.522689e+11 1.491392e+12 8.322510e-01 -5.518519e-01 5.308283e-02 0.000000e+00 1
1.091407e+12 -6.622204e+11 8.858979e+11 -6.270271e-01 -9.487861e-02 -7.731980e-01 0.000000e+00 1
-1.737664e+11 -1.338810e+12 9.579176e+11 -5.534110e-01 4.853316e-01 6.768969e-01 0.000000e+00 1
7.688391e+11 -5.545546e+11 1.220002e+12 -1.193001e-01 9.597857e-01 2.541239e-01 0.000000e+00 1
-2.299461e+11 1.153815e+12 4.474894e+10 -5.790267e-02 9.965488e-01 -5.947922e-02 0.000000e+00 1
4.468973e+11 -5.335707e+11 -1.172006e+12 6.054415e-02 9.780236e-01 -1.995102e-01 0.000000e+00 1
-7.618739e+11 7.489984e+11 4.890427e+11 -5.837415e-01 7.495075e-01 3.122248e-01 0.000000e+00 1
2.130963e+11 -7.337574e+11 2.572034e+11 6.890158e-01 -4.287695e-01 5.843064e-01 0.000000e+00 1
1.107445e+12 -9.918097e+11 -7.708822e+11 7.081663e-01 -4.491746e-01 5.447410e-01 0.000000e+00 1
-6.808559e+11 -1.446912e+12 -4.731097e+11 4.140869e-01 -8.067022e-01 4.216203e-01 0.000000e+00 1
2.783552e+11 -1.036451e+12 6.132423e+11 -9.051995e-01 3.307116e-01 2.669150e-01 0.000000e+00 1
1.255230e+12 4.313072e+11 4.801213e+11 -4.067822e-01 -6.209556e-01 -6.700317e-01 0.000000e+00 1
3.282465e+11 1.122607e+12 5.239691e+11 -7.188423e-01 -4.113300e-01 5.604225e-01 0.000000e+00 1
-1.137924e+12 -8.277244e+11 -1.878012e+11 9.813532e-01 1.894194e-01 3.265132e-02 0.000000e+00 1
1.146525e+11 2.307576e+11 4.632171e+11 -6.946228e-01 -8.371912e-02 7.144860e-01 0.000000e+00 1
8.339124e+11 -1.315629e+12 5.244149e+11 9.889943e-01 1.074790e-01 1.016789e-01 0.000000e+00 1
-6.915423e+11 1.437359e+12 -3.164203e+11 -4.758456e-01 -6.376833e-01 6.057483e-01 0.000000e+00 1
2.864622e+11 -2.152295e+11 -5.595326e+11 5.478283e-01 -7.531185e-01 -3.642755e-01 0.000000e+00 1
4.006643e+11 2.713677e+11 -1.594104e+12 -9.555864e-02 -6.029668e-01 -7.920225e-01 0.000000e+00 1
2.934273e+11 9.781463e+10 4.684257e+11 1.192135e-01 3.368860e-01 -9.339679e-01 0.000000e+00 1
-1.120804e+12 -4.349578e+11 -1.138525e+11 2.530930e-01 -6.093681e-01 -7.514083e-01 0.000000e+00 1
-8.144642e+11 1.935389e+10 8.543857e+11 -5.921047e-01 7.739514e-01 -2.245245e-01 0.000000e+00 1
-4.370279e+11 -1.400995e+12 -7.191556e+11 -6.515156e-01 -1.656296e-01 -7.403339e-01 0.000000e+00 1
5.047952e+11 -1.094226e+12 1.137268e+12 8.755999e-01 -2.285164e-01 -4.255644e-01 0.000000e+00 1
1.263753e+11 5.491649e+11 -2.446883e+11 8.282709e-01 3.574464e-01 4.315083e-01 0.000000e+00 1
-3.543397e+11 1.403142e+12 4.780478e+11 -9.577768e-01 2.762345e-01 7.973798e-02 0.000000e+00 1
9.823194e+11 -9.144340e+11 -4.467047e+11 -5.431426e-01 4.483283e-01 -7.099281e-01 0.000000e+00 1
9.687693e+11 1.774683e+11 -1.083114e+12 -7.087993e-01 -1.496364e-01 6.893566e-01 0.000000e+00 1
7.379565e+11 1.443282e+12 -4.544827e+10 -4.857746e-01 5.718919e-01 6.610315e-01 0.000000e+00 1
-6.647803e+11 -1.365455e+12 5.866397e+11 5.208968e-01 8.288114e-01 -2.042992e-01 0.000000e+00 1
1.360984e+12 6.820401e+10 -2.494016e+11 3.540923e-01 -8.073927e-01 4.719488e-01 0.000000e+00 1
4.235919e+11 9.630601e+11 -1.528071e+11 9.782673e-01 -1.910170e-01 -8.065762e-02 0.000000e+00 1
-2.891607e+11 -1.525395e+12 2.377872e+11 4.047066e-01 -5.348531e-01 7.417174e-01 0.000000e+00 1
-7.077228e+11 -7.387994e+11 5.761483e+11 8.992532e-01 -1.396702e-01 -4.145310e-01 0.000000e+00 1
-1.459484e+12 -1.842853e+10 3.696686e+11 2.277275e-01 -9.444581e-01 2.369369e-01 0.000000e+00 1
2.315624e+10 -1.071235e+12 -4.862266e+11 -4.913938e-01 -3.587547e-01 -7.936165e-01 0.000000e+00 1
7.864456e+11 -3.667304e+10 1.479077e+12 -1.643600e-01 3.344486e-01 9.279709e-01 0.000000e+00 1
-2.235223e+11 1.359781e+12 4.214314e+11 -9.216674e-01 -3.840529e-01 -5.506888e-02 0.000000e+00 1
-1.144570e+12 7.358280e+11 -8.604204e+11 1.484560e-01 4.871052e-01 8.606331e-01 0.000000e+00 1
2.080267e+11 6.188687e+11 9.864183e+11 -9.330764e-01 3.451134e-01 -1.013170e-01 0.000000e+00 1
1.550924e+12 3.570152e+11 4.602139e+11 -1.061295e-01 9.885186e-01 -1.075525e-01 0.000000e+00 1
6.285985e+11 8.145801e+11 9.291146e+11 -4.208225e-01 7.975945e-01 4.321475e-01 0.000000e+00 1
1.491824e+12 5.993099e+11 3.602175e+11 -2.355739e-01 -9.655919e-01 1.101692e-01 0.000000e+00 1
1.478513e+12 7.017199e+10 7.216146e+11 9.825748e-01 -5.593743e-02 1.772505e-01 0.000000e+00 1
-5.319479e+11 -4.774807e+10 -7.039422e+09 2.249084e-01 4.445947e-01 -8.670362e-01 0.000000e+00 1
-4.643935e+10 1.314931e+12 5.093431e+11 -4.479543e-02 3.070279e-01 -9.506457e-01 0.000000e+00 1
1.058815e+12 -8.261456e+11 -1.933281e+11 -4.844654e-01 -7.399090e-01 -4.667203e-01 0.000000e+00 1
-1.088271e+12 -4.497848e+11 8.747771e+11 4.810362e-01 8.624437e-01 1.574642e-01 0.000000e+00 1
1.572618e+11 6.650391e+11 7.454724e+11 1.633476e-01 -6.876117e-01 -7.074657e-01 0.000000e+00 1
-6.554354e+11 1.482341e+12 -7.598227e+10 3.771982e-01 -5.751346e-01 7.259075e-01 0.000000e+00 1
9.903840e+11 1.108593e+12 -4.719376e+11 -6.607782e-01 -6.002240e-01 -4.506699e-01 0.000000e+00 1
-6.738216e+10 -1.105084e+12 -4.150845e+11 -9.310897e-01 2.580920e-01 -2.577994e-01 0.000000e+00 1
7.450960e+11 -5.505874e+11 -4.343070e+11 4.211469e-01 -1.421674e-01 -8.957811e-01 0.000000e+00 1
7.498671e+10 -1.383890e+12 6.420865e+10 3.654477e-01 -4.666918e-01 8.053861e-01 0.000000e+00 1
1.067934e+12 -1.883897e+11 -1.437254e+11 4.326586e-01 -5.524513e-01 7.124634e-01 0.000000e+00 1
-3.494925e+11 -7.441249e+11 -8.359377e+11 -4.041373e-01 -8.794496e-01 -2.514786e-01 0.000000e+00 1
1.375925e+11 1.120364e+12 -3.717949e+11 -4.002425e-01 -2.878531e-01 -8.700267e-01 0.000000e+00 1
-8.516153e+11 -1.330662e+11 6.062126e+10 -7.599255e-01 -2.419327e-01 6.033090e-01 0.000000e+00 1
6.951387e+11 -1.201588e+12 2.736463e+11 -3.683114e-01 -8.397250e-01 3.990095e-01 0.000000e+00 1
-3.415422e+11 1.168782e+12 7.452405e+11 5.104996e-01 8.107694e-01 2.864318e-01 0.000000e+00 1
4.572414e+11 -6.154405e+11 1.104505e+12 6.394388e-01 -3.983843e-01 -6.575774e-01 0.000000e+00 1
-9.820875e+11 3.469089e+11 -1.007971e+11 2.781330e-02 9.925358e-01 -1.187398e-01 0.000000e+00 1
-1.617982e+12 1.547407e+11 1.944749e+11 -9.347633e-01 3.531746e-01 -3.853942e-02 0.000000e+00 1
-8.463174e+11 1.097156e+12 -3.348266e+11 4.859689e-01 -5.898753e-01 -6.448886e-01 0.000000e+00 1
1.217302e+10 7.496905e+11 -4.552009e+11 -1.320535e-01 -2.984074e-01 9.452592e-01 0.000000e+00 1
-2.226147e+11 3.411376e+11 1.424178e+12 -9.202254e-01 3.838590e-01 -7.640302e-02 0.000000e+00 1
2.207144e+11 -9.066937e+11 -7.928625e+11 3.313325e-01 5.286831e-01 -7.814813e-01 0.000000e+00 1
-2.593416e+11 2.771797e+11 -1.632131e+12 -9.023043e-01 -2.892615e-01 -3.196477e-01 0.000000e+00 1
1.112439e+12 -6.513703e+10 -7.146126e+11 -2.638273e-03 -3.830722e-01 -9.237146e-01 0.000000e+00 1
-1.323334e+12 -2.333729e+11 -5.038475e+11 9.534515e-01 -1.906316e-01 2.336449e-01 0.000000e+00 1
-2.487816e+11 5.002355e+11 1.480016e+12 3.715066e-01 -3.523408e-02 -9.277615e-01 0.000000e+00 1
-4.456796e+11 -1.705263e+10 -1.056411e+12 3.677070e-01 5.328051e-01 7.621747e-01 0.000000e+00 1
1.058230e+12 -1.193414e+12 -4.415901e+11 -3.028253e-01 3.663364e-01 -8.798264e-01 0.000000e+00 1
1.189935e+12 7.117222e+11 -7.568727e+11 7.946189e-01 -2.346051e-01 -5.599476e-01 0.000000e+00 1
-7.471817e+09 -7.436251e+11 -1.384619e+12 -4.883818e-01 -3.352761e-01 -8.056508e-01 0.000000e+00 1
2.657579e+11 1.451895e+12 8.633512e+10 -8.518013e-01 5.639667e-02 -5.208204e-01 0.000000e+00 1
-1.052141e+12 8.534341e+11 9.268578e+11 2.464126e-01 -6.457347e-01 7.227084e-01 0.000000e+00 1
-6.932789e+10 7.117126e+11 -8.443332e+11 5.909122e-01 1.416097e-01 -7.942099e-01 0.000000e+00 1
4.954835e+11 7.754698e+11 1.996361e+10 8.662906e-01 -1.134637e-01 -4.864838e-01 0.000000e+00 1
-1.597469e+12 -4.655742e+11 1.146144e+11 8.136568e-01 5.804310e-01 3.259533e-02 0.000000e+00 1
3.541816e+11 1.119252e+11 -3.957195e+11 6.494511e-02 8.671616e-01 -4.937741e-01 0.000000e+00 1
-5.186993e+11 -1.135200e+12 -1.078721e+12 8.015025e-01 -5.765293e-01 -1.587695e-01 0.000000e+00 1
5.008400e+11 1.264072e+12 -3.364950e+11 8.564652e-01 3.291459e-01 -3.976561e-01 0.000000e+00 1
1.105404e+12 -8.150212e+11 -3.916137e+11 8.363885e-01 4.706365e-01 -2.809905e-01 0.000000e+00 1
-2.151419e+11 1.233211e+12 1.258330e+10 7.409043e-01 -1.574748e-01 -6.528878e-01 0.000000e+00 1
-9.239146e+09 1.138724e+12 9.980297e+11 -4.428331e-01 -6.563978e-01 6.107707e-01 0.000000e+00 1
4.661585e+10 -1.411503e+12 2.336661e+11 4.555519e-01 8.796891e-01 -1.364534e-01 0.000000e+00 1
-1.185472e+12 3.516228e+11 4.264533e+10 -1.296213e-01 8.388924e-01 -5.286377e-01 0.000000e+00 1
1.054729e+12 -7.013913e+11 1.796787e+10 4.477465e-01 -7.829242e-02 8.907263e-01 0.000000e+00 1
-4.621753e+11 8.189938e+11 1.176750e+12 -9.066884e-01 3.156915e-01 2.797410e-01 0.000000e+00 1
-1.164301e+11 -7.082407e+11 -1.235510e+12 -9.051594e-01 -3.686987e-01 2.115365e-01 0.000000e+00 1
1.308779e+12 9.447363e+11 -4.498129e+11 2.137936e-02 -8.513827e-01 -5.241091e-01 0.000000e+00 1
8.644794e+11 -9.840349e+11 -8.627560e+11 -1.196978e-01 3.936313e-01 9.114422e-01 0.000000e+00 1
-1.477470e+11 1.547343e+12 -2.860998e+11 -6.484803e-01 7.310045e-01 2.123809e-01 0.000000e+00 1
-4.957602e+11 -2.840635e+11 1.439235e+12 1.547627e-01 2.435069e-01 9.574721e-01 0.000000e+00 1
-1.080223e+11 -1.081314e+12 7.738221e+11 6.321808e-02 -6.057230e-01 -7.931602e-01 0.000000e+00 1
1.099934e+12 -2.100143e+11 -5.074404e+11 -7.534587e-01 6.230922e-01 2.098954e-01 0.000000e+00 1
1.362399e+12 4.933541e+11 4.962152e+11 8.631657e-01 -2.815034e-01 4.191667e-01 0.000000e+00 1
5.381390e+11 3.040897e+11 9.340428e+11 -4.930259e-01 4.407257e-01 7.501242e-01 0.000000e+00 1
-4.610808e+11 1.285801e+12 -7.471255e+11 -9.037655e-01 2.892550e-04 4.280278e-01 0.000000e+00 1
6.273644e+11 1.190940e+12 -7.637941e+11 1.175389e-01 -5.187043e-01 -8.468356e-01 0.000000e+00 1
1.295625e+12 1.458474e+11 -5.188084e+11 5.786125e-01 8.032432e-01 -1.414495e-01 0.000000e+00 1
1.339386e+12 1.003922e+12 -2.400261e+11 5.795228e-01 7.531527e-01 3.113107e-01 0.000000e+00 1
7.885878e+11 1.607018e+11 -1.473923e+12 -3.082142e-02 -5.678161e-01 -8.225782e-01 0.000000e+00 1
3.948370e+11 -7.685013e+11 2.811826e+11 -2.363690e-01 -9.342625e-01 -2.669893e-01 0.000000e+00 1
-4.233269e+11 -6.314521e+11 -1.182159e+12 6.228512e-01 -3.046040e-02 7.817471e-01 0.000000e+00 1
1.340998e+12 6.094411e+11 -6.349865e+11 -3.670735e-01 9.050604e-01 2.147618e-01 0.000000e+00 1
7.300435e+11 6.872695e+11 -8.626439e+11 2.489533e-01 -9.481999e-01 1.973303e-01 0.000000e+00 1
1.222109e+12 -1.183404e+11 -5.094997e+11 -2.389781e-01 7.775877e-01 5.815899e-01 0.000000e+00 1
1.047601e+11 2.946539e+11 6.543213e+11 -7.493130e-01 -6.461454e-01 1.450039e-01 0.000000e+00 1
-6.210002e+11 -8.402895e+11 -1.091186e+12 -4.788852e-01 5.261243e-01 -7.027533e-01 0.000000e+00 1
-4.212959e+11 6.558357e+11 -1.395482e+12 -8.314746e-01 -3.613079e-01 4.220267e-01 0.000000e+00 1
1.209824e+12 3.830967e+11 -1.055330e+12 -1.118995e-01 8.615831e-02 -9.899774e-01 0.000000e+00 1
5.188783e+11 5.062802e+11 -7.476755e+11 -3.805952e-01 3.647545e-03 -9.247346e-01 0.000000e+00 1
5.807002e+11 -5.160021e+10 -1.409652e+12 8.635952e-01 -3.549310e-01 -3.580884e-01 0.000000e+00 1
-5.543484e+11 6.395094e+11 5.118903e+11 1.254303e-01 7.120157e-01 6.908697e-01 0.000000e+00 1
5.594277e+11 -6.221016e+11 1.244081e+12 -7.963771e-01 -5.388933e-02 6.023947e-01 0.000000e+00 1
-8.203124e+11 5.173313e+11 6.054064e+11 -7.970550e-01 5.745842e-01 1.858934e-01 0.000000e+00 1
-1.028661e+12 9.560080e+11 -2.259820e+11 7.433752e-01 -5.084770e-01 4.345624e-01 0.000000e+00 1
1.220001e+12 -8.628474e+11 5.447387e+11 -5.692869e-01 -1.249373e-01 8.125903e-01 0.000000e+00 1
-5.095142e+11 -4.347671e+11 8.361567e+11 -7.295964e-01 3.615425e-01 -5.804965e-01 0.000000e+00 1
1.613460e+12 -2.994183e+11 -3.336837e+11 5.859318e-01 -5.393114e-01 6.048365e-01 0.000000e+00 1
6.169172e+11 -2.452349e+11 1.425015e+12 -3.685825e-01 -5.618161e-01 -7.406143e-01 0.000000e+00 1
-9.103792e+11 -9.333425e+10 3.354208e+11 6.053137e-01 -7.412106e-01 -2.901763e-01 0.000000e+00 1
-1.193805e+12 1.771049e+11 -1.151170e+12 9.462540e-01 -1.270998e-01 2.974038e-01 0.000000e+00 1
-1.309346e+10 -1.325407e+12 -2.716050e+11 4.444598e-01 8.842267e-01 -1.435220e-01 0.000000e+00 1
9.786217e+11 9.096445e+11 3.723151e+11 -6.310046e-01 -5.205167e-01 -5.752352e-01 0.000000e+00 1
1.615503e+11 7.473630e+11 9.428398e+11 5.939698e-01 -4.948427e-01 6.342953e-01 0.000000e+00 1
-1.300300e+12 -1.008427e+12 -8.836434e+10 -1.295551e-01 7.456473e-01 6.536249e-01 0.000000e+00 1
9.772484e+11 -8.211863e+11 1.406032e+11 8.184294e-01 5.655732e-01 -1.014906e-01 0.000000e+00 1
-2.480976e+11 -3.757019e+11 5.368210e+09 -4.782094e-01 -8.598749e-01 -1.786923e-01 0.000000e+00 1
-1.328953e+12 -3.544894e+11 -5.551617e+11 1.322640e-01 7.136198e-01 -6.879339e-01 0.000000e+00 1
-8.214445e+11 -6.379048e+11 6.204915e+11 6.259752e-01 4.145012e-02 -7.787406e-01 0.000000e+00 1
-4.262336e+11 4.563013e+11 1.086902e+12 -6.394778e-01 -7.241352e-01 -2.582566e-01 0.000000e+00 1
3.401934e+11 -3.420948e+11 -4.949737e+11 6.800251e-01 7.330877e-01 -1.217823e-02 0.000000e+00 1
-7.155425e+11 5.528589e+11 7.482159e+11 5.140097e-01 -8.160895e-01 2.641816e-01 0.000000e+00 1
1.255982e+12 -1.280250e+11 -3.529246e+11 -4.595728e-01 -5.500538e-01 -6.973046e-01 0.000000e+00 1
1.580197e+11 1.127926e+12 6.584107e+11 -1.987342e-01 2.881658e-01 -9.367311e-01 0.000000e+00 1
-8.962234e+11 3.487407e+11 1.356791e+12 -5.089937e-01 7.480397e-01 4.258662e-01 0.000000e+00 1
2.102176e+11 -2.026703e+10 -1.630916e+11 2.069557e-01 9.546610e-02 9.736815e-01 0.000000e+00 1
-1.191260e+12 5.151845e+11 1.866163e+11 7.634095e-01 4.504095e-01 4.629657e-01 0.000000e+00 1
4.595462e+11 1.171675e+12 6.319387e+11 -4.979841e-01 1.171413e-01 -8.592379e-01 0.000000e+00 1
4.535840e+11 2.080492e+10 -1.162530e+12 2.585027e-01 -8.000332e-01 -5.414086e-01 0.000000e+00 1
6.015080e+11 1.124362e+12 -5.936587e+11 7.023531e-01 5.166845e-01 -4.896297e-01 0.000000e+00 1
-6.365012e+11 -5.918221e+10 -2.084536e+11 4.965602e-01 1.450029e-02 -8.678812e-01 0.000000e+00 1
-4.413355e+11 -1.197769e+12 -3.017787e+10 -4.523275e-01 -8.714630e-01 1.896101e-01 0.000000e+00 1
-3.309237e+11 -7.823287e+11 3.545998e+11 6.997102e-01 6.889992e-01 1.889068e-01 0.000000e+00 1
1.598873e+12 -2.821276e+11 -9.382203e+10 -6.365622e-01 2.834383e-02 7.707044e-01 0.000000e+00 1
8.605278e+11 2.270289e+11 -3.758621e+09 -6.080327e-01 2.563046e-01 -7.514015e-01 0.000000e+00 1
-1.059898e+10 -1.164062e+12 -4.927287e+11 -7.134021e-01 -7.001850e-01 2.825715e-02 0.000000e+00 1
-1.210361e+11 1.435207e+12 4.989665e+11 -2.639594e-01 -3.553134e-01 8.967039e-01 0.000000e+00 1
-3.162986e+11 -4.990918e+11 1.131821e+11 -7.225301e-01 -5.459465e-01 -4.241374e-01 0.000000e+00 1
-7.085825e+11 7.079098e+11 -6.785123e+11 2.808934e-01 -1.083039e-01 9.536085e-01 0.000000e+00 1
7.785604e+11 8.316985e+10 -6.897297e+10 -5.150263e-01 7.954759e-01 3.193210e-01 0.000000e+00 1
-5.850778e+11 3.837386e+11 -3.105186e+11 -9.531062e-02 7.588801e-01 6.442180e-01 0.000000e+00 1
-5.344094e+11 -7.404597e+11 -2.916416e+10 -6.147089e-01 -6.931473e-01 3.764037e-01 0.000000e+00 1
-5.529303e+11 8.209046e+10 -6.404119e+11 -8.548703e-01 2.101184e-01 4.743911e-01 0.000000e+00 1
-1.270323e+12 6.885990e+11 5.917227e+11 7.975040e-01 5.996528e-01 -6.636184e-02 0.000000e+00 1
6.067212e+11 -1.136368e+12 1.155226e+11 -8.414934e-02 9.948686e-01 5.617201e-02 0.000000e+00 1
-9.049212e+10 -7.769560e+11 -5.987492e+11 -6.353962e-01 7.581445e-01 1.465899e-01 0.000000e+00 1
1.176824e+12 -6.506473e+11 -5.677861e+11 -7.812551e-01 5.687520e-01 -2.572189e-01 0.000000e+00 1
-1.245172e+12 2.791504e+11 -7.060251e+11 -6.988933e-01 -2.237484e-01 -6.793267e-01 0.000000e+00 1
-4.453121e+11 -7.484974e+11 -6.464890e+11 -6.675089e-01 3.256114e-01 -6.696335e-01 0.000000e+00 1
-8.153472e+11 -1.183552e+12 3.390917e+11 -6.738978e-01 7.255931e-01 -1.391989e-01 0.000000e+00 1
7.837831e+11 -4.414842e+11 4.882965e+11 5.861784e-01 7.943061e-01 -1.596016e-01 0.000000e+00 1
-1.633989e+12 -4.857873e+10 2.489630e+11 -6.979818e-01 -1.528119e-01 6.996212e-01 0.000000e+00 1
5.574443e+11 -1.233130e+12 -1.664563e+11 -8.209341e-01 -1.516405e-01 5.505201e-01 0.000000e+00 1
-1.470827e+12 -3.920624e+11 3.012176e+10 1.698610e-02 -9.697308e-01 -2.435848e-01 0.000000e+00 1
-9.014344e+10 1.001017e+12 1.199670e+11 -1.067234e-01 -8.693222e-01 -4.825858e-01 0.000000e+00 1
5.688546e+11 -2.112895e+11 2.057575e+11 8.727508e-01 -1.646418e-01 4.595641e-01 0.000000e+00 1
-7.309382e+11 9.382797e+09 5.110785e+11 8.742192e-01 -4.850638e-01 2.130636e-02 0.000000e+00 1
-1.021182e+12 1.024723e+12 -3.156070e+11 2.026900e-01 1.374826e-01 9.695439e-01 0.000000e+00 1
-7.551339e+11 4.486865e+11 -2.315098e+11 1.877463e-01 9.775548e-01 -9.559265e-02 0.000000e+00 1
-1.208512e+12 -1.120415e+12 2.834063e+11 -4.767789e-01 4.820881e-01 7.350327e-01 0.000000e+00 1
-1.517748e+11 -3.023850e+10 1.416651e+12 7.261313e-01 -3.542570e-01 5.892668e-01 0.000000e+00 1
-7.275613e+11 -6.229546e+11 -1.287089e+12 7.124689e-01 6.948027e-01 9.816971e-02 0.000000e+00 1
-1.029296e+12 -4.027599e+11 1.651049e+11 5.883935e-01 1.616745e-01 -7.922464e-01 0.000000e+00 1
-1.439314e+12 -3.927925e+11 -2.586461e+11 -3.938708e-01 -2.115613e-01 -8.944873e-01 0.000000e+00 1
-1.138818e+12 4.883496e+11 -5.377648e+11 8.274069e-01 -5.562093e-01 7.764699e-02 0.000000e+00 1
-9.643519e+11 6.853233e+11 -1.349424e+10 8.317385e-01 4.249360e-01 -3.572680e-01 0.000000e+00 1
-6.551460e+11 9.525563e+11 9.340369e+11 -5.993140e-01 -8.001559e-01 2.394190e-02 0.000000e+00 1
1.186846e+11 1.543930e+11 1.138848e+12 8.419771e-02 -5.150576e-01 -8.530102e-01 0.000000e+00 1
-6.152891e+11 1.246262e+12 -9.320879e+11 -1.342737e-01 8.009418e-01 5.834919e-01 0.000000e+00 1
-1.319469e+12 4.900338e+11 -2.530873e+11 -7.952456e-01 -6.028054e-01 -6.488584e-02 0.000000e+00 1
7.229409e+11 -2.517379e+10 -7.079718e+11 -5.256273e-01 5.878995e-01 -6.148904e-01 0.000000e+00 1
-4.049676e+10 -6.077936e+11 8.417862e+11 -7.141253e-01 -5.320603e-01 -4.549031e-01 0.000000e+00 1
6.818494e+11 -4.844201e+11 3.375461e+11 -8.078359e-01 -1.665537e-01 -5.653858e-01 0.000000e+00 1
3.439164e+11 4.115694e+11 1.592844e+12 -5.634504e-01 3.232309e-01 -7.602930e-01 0.000000e+00 1
-9.302855e+11 -7.159122e+11 1.203628e+12 5.953411e-01 -5.195737e-01 6.128720e-01 0.000000e+00 1
-9.230080e+10 -3.007718e+11 -1.388654e+12 2.802632e-01 1.746997e-01 9.438922e-01 0.000000e+00 1
-2.356372e+09 1.122352e+12 -7.423142e+11 -2.611093e-01 -1.235198e-01 -9.573739e-01 0.000000e+00 1
7.357008e+11 -4.636446e+11 1.097586e+12 1.281748e-01 -7.444750e-01 -6.552314e-01 0.000000e+00 1
2.135341e+11 8.078307e+11 3.131569e+11 -6.730892e-01 -5.391071e-01 5.062751e-01 0.000000e+00 1
-4.597275e+11 -5.836148e+11 8.570223e+11 1.237786e-01 -9.834445e-01 1.323475e-01 0.000000e+00 1
-9.172686e+11 6.816445e+10 1.159190e+12 -5.769468e-01 -6.533418e-01 -4.901804e-01 0.000000e+00 1
-3.619504e+11 -1.533871e+12 -2.655810e+11 -6.273401e-01 4.593212e-01 6.288628e-01 0.000000e+00 1
2.729298e+11 9.779090e+11 4.654483e+11 -4.963836e-01 6.114165e-01 -6.162575e-01 0.000000e+00 1
2.330540e+11 7.913977e+11 -6.229635e+11 6.470717e-01 7.081901e-01 2.824270e-01 0.000000e+00 1
-1.279027e+11 -3.837060e+11 -1.646436e+12 3.554073e-01 -1.411296e-01 9.239957e-01 0.000000e+00 1
-7.148243e+11 -5.940879e+11 6.182487e+11 -8.246251e-01 4.962785e-01 -2.714793e-01 0.000000e+00 1
5.778149e+09 -8.966582e+11 -5.969806e+11 4.078409e-01 -3.197993e-01 -8.552159e-01 0.000000e+00 1
2.537055e+11 2.477248e+11 5.433323e+11 7.821508e-01 4.801354e-02 -6.212365e-01 0.000000e+00 1
3.197039e+11 -2.295953e+11 -1.319572e+11 2.257844e-02 4.641402e-01 -8.854739e-01 0.000000e+00 1
-5.361534e+10 -1.228953e+12 9.936767e+11 -6.412763e-01 6.866716e-01 -3.424133e-01 0.000000e+00 1
1.306039e+12 1.075269e+12 9.586761e+10 7.653475e-01 6.344423e-01 -1.082874e-01 0.000000e+00 1
1.274835e+12 -1.039787e+11 6.930751e+11 -5.922159e-01 -1.301177e-01 -7.952042e-01 0.000000e+00 1
-3.764922e+11 -1.297827e+12 1.790599e+11 -7.979356e-01 5.049499e-01 3.291267e-01 0.000000e+00 1
-1.303697e+12 5.332553e+11 -9.323697e+11 -5.237405e-01 -8.483715e-01 7.721193e-02 0.000000e+00 1
1.019936e+12 9.842695e+11 2.889186e+11 7.720852e-01 -3.480530e-01 -5.317364e-01 0.000000e+00 1
-1.453447e+12 1.368641e+11 8.927911e+09 -1.726456e-01 -9.094866e-01 3.781898e-01 0.000000e+00 1
-8.089905e+11 2.443281e+11 1.300090e+12 -5.113532e-01 -6.382498e-01 5.754607e-01 0.000000e+00 1
8.464881e+11 9.227228e+11 -3.289655e+11 -3.177715e-01 -3.936282e-01 8.625996e-01 0.000000e+00 1
5.889846e+11 -4.498200e+11 -1.477106e+12 -4.122522e-02 -5.291163e-01 -8.475473e-01 0.000000e+00 1
7.165918e+11 -1.597128e+11 -2.032459e+11 -2.828105e-01 -7.413043e-02 -9.563069e-01 0.000000e+00 1
-4.892605e+11 -4.273093e+11 -9.673251e+11 -4.586642e-01 7.085895e-01 5.362164e-01 0.000000e+00 1
-9.217955e+11 2.728135e+11 -7.598674e+11 -2.726288e-01 7.140879e-01 6.447883e-01 0.000000e+00 1
-2.376516e+11 -7.416253e+11 1.314041e+12 -4.385994e-01 7.689041e-01 -4.652064e-01 0.000000e+00 1
-6.004875e+11 -1.242622e+11 5.409028e+11 -5.773266e-01 -4.659240e-01 6.705288e-01 0.000000e+00 1
-5.170934e+11 2.755626e+11 3.227682e+11 2.266393e-01 1.673259e-01 -9.594981e-01 0.000000e+00 1
-2.713390e+11 -8.773763e+10 -9.362280e+11 -3.561140e-01 -2.654584e-01 8.959435e-01 0.000000e+00 1
6.134945e+11 1.247007e+11 7.153441e+11 3.235465e-01 -8.921529e-01 3.152474e-01 0.000000e+00 1
-4.618237e+11 2.641969e+11 1.549674e+12 -8.039158e-01 5.408757e-01 -2.473315e-01 0.000000e+00 1
-1.350413e+11 -3.030779e+11 8.877465e+11 -7.936262e-01 -6.038835e-01 7.404253e-02 0.000000e+00 1
1.237355e+12 3.481898e+11 2.611837e+11 1.951783e-01 -8.439501e-01 4.996536e-01 0.000000e+00 1
-1.188865e+12 -4.212225e+11 4.152973e+11 4.691299e-01 -7.986597e-01 3.769084e-01 0.000000e+00 1
4.705712e+11 2.365399e+11 5.894012e+10 -5.702622e-01 -8.008439e-01 1.828935e-01 0.000000e+00 1
-3.130479e+09 1.626846e+11 -1.429790e+11 2.386137e-03 -4.469541e-01 -8.945537e-01 0.000000e+00 1
7.989811e+11 6.736288e+10 -7.938224e+11 -2.784769e-01 8.294259e-01 4.842555e-01 0.000000e+00 1
2.431092e+11 -1.213388e+12 6.539737e+11 -3.576394e-01 4.766392e-01 8.030623e-01 0.000000e+00 1
-7.359764e+10 -4.262613e+11 1.450779e+11 1.760835e-01 -3.297040e-01 9.275181e-01 0.000000e+00 1
-4.904124e+11 4.736940e+10 -7.635783e+11 3.527944e-01 -8.750101e-01 3.315019e-01 0.000000e+00 1
1.118460e+12 4.836166e+11 -5.645016e+11 2.255196e-01 -9.142285e-01 -3.366409e-01 0.000000e+00 1
-8.292571e+11 1.064293e+12 1.025168e+12 -9.526670e-01 1.652419e-01 2.551875e-01 0.000000e+00 1
-2.464035e+11 -1.436770e+12 -4.260259e+11 9.977393e-01 5.175901e-02 4.286397e-02 0.000000e+00 1
1.512310e+12 4.247658e+11 9.578018e+10 -6.518756e-01 -7.569763e-01 4.522333e-02 0.000000e+00 1
-1.766791e+11 -2.637942e+11 1.647377e+12 3.295962e-01 -7.453937e-01 5.794433e-01 0.000000e+00 1
6.057661e+11 -1.437135e+12 1.383417e+11 9.702603e-01 2.234521e-01 -9.308157e-02 0.000000e+00 1
-7.909891e+10 7.922236e+11 -1.474696e+11 -7.008683e-01 -5.349261e-01 -4.718450e-01 0.000000e+00 1
9.644094e+11 -3.973395e+11 -3.130267e+11 -8.704267e-01 -1.777075e-01 4.591050e-01 0.000000e+00 1
6.451606e+11 3.664101e+11 7.018228e+11 -7.509298e-01 6.048614e-02 6.576061e-01 0.000000e+00 1
-8.960046e+11 1.907694e+11 -1.215683e+12 1.875696e-01 -8.126383e-01 5.517577e-01 0.000000e+00 1
-2.020502e+11 4.682734e+11 -1.616964e+12 1.631646e-01 -2.439774e-01 -9.559562e-01 0.000000e+00 1
-3.444960e+10 -8.338288e+11 -6.647507e+11 8.988874e-02 -9.942674e-01 -5.790000e-02 0.000000e+00 1
6.620992e+10 -1.517224e+10 -7.744793e+11 -1.660588e-01 2.797058e-01 -9.456158e-01 0.000000e+00 1
-1.319748e+12 7.810447e+10 2.799942e+11 -7.927207e-01 5.960996e-01 -1.275110e-01 0.000000e+00 1
1.220633e+12 -4.830464e+11 9.371129e+11 -8.689660e-01 -3.512144e-01 -3.486353e-01 0.000000e+00 1
1.037743e+11 -9.385471e+11 -1.070109e+12 7.525861e-01 -6.253425e-01 -2.063030e-01 0.000000e+00 1
-6.016969e+11 3.743899e+11 6.835230e+11 9.033644e-01 -3.299900e-01 2.739333e-01 0.000000e+00 1
2.648065e+11 7.574694e+11 1.238069e+12 6.150957e-01 6.647632e-01 4.239661e-01 0.000000e+00 1
-7.061647e+10 5.985270e+11 -1.117480e+12 2.009586e-01 6.080193e-01 -7.680678e-01 0.000000e+00 1
-4.738512e+11 -4.146879e+11 -1.335674e+12 3.940868e-01 5.384972e-01 7.447928e-01 0.000000e+00 1
-1.155258e+11 -7.472716e+11 8.893099e+11 6.924259e-01 -4.965036e-01 5.234793e-01 0.000000e+00 1
-1.286957e+12 -5.632062e+11 4.216278e+11 6.310019e-01 -5.964762e-01 -4.960370e-01 0.000000e+00 1
1.412161e+12 8.496795e+10 1.393588e+11 -7.632390e-02 1.766414e-01 -9.813116e-01 0.000000e+00 1
-1.025962e+12 1.100117e+12 -6.375141e+11 4.419106e-01 9.288192e-02 -8.922376e-01 0.000000e+00 1
5.814932e+11 -1.206425e+12 -8.135865e+11 -8.755792e-01 4.761768e-01 8.134350e-02 0.000000e+00 1
2.675731e+11 -7.697608e+11 -6.347411e+11 -3.319676e-01 -3.953493e-01 -8.564441e-01 0.000000e+00 1
-1.083116e+12 -7.656163e+11 2.140530e+10 -8.391812e-01 5.161140e-01 1.714682e-01 0.000000e+00 1
1.389311e+12 1.901249e+11 -6.537344e+11 4.486621e-01 -8.433902e-01 2.956269e-01 0.000000e+00 1
4.482739e+11 -5.202394e+11 2.717194e+10 6.335677e-01 -6.217580e-01 4.604443e-01 0.000000e+00 1
7.255208e+11 1.137064e+12 -1.002388e+12 -9.604166e-01 -2.328404e-01 1.529227e-01 0.000000e+00 1
-2.784566e+11 -1.473098e+12 -7.207811e+11 8.661678e-01 6.941026e-02 -4.949097e-01 0.000000e+00 1
3.753499e+11 -4.002592e+11 -1.483187e+12 -1.817409e-01 -4.479862e-01 -8.753734e-01 0.000000e+00 1
-3.378662e+11 9.598955e+10 -1.726269e+11 2.293984e-02 9.813473e-01 1.908699e-01 0.000000e+00 1
-1.128334e+12 -1.156306e+12 -2.690398e+11 8.104039e-01 4.577797e-01 3.656271e-01 0.000000e+00 1
-5.666016e+11 -1.075195e+12 -1.165630e+12 -4.100331e-01 1.700649e-01 8.960752e-01 0.000000e+00 1
5.101578e+11 1.348335e+12 1.352690e+11 2.004573e-01 -5.643400e-01 8.008353e-01 0.000000e+00 1
-3.139192e+11 1.545625e+12 -3.185425e+09 6.771863e-01 -3.772973e-02 -7.348436e-01 0.000000e+00 1
-7.924569e+11 -5.704246e+11 -2.296136e+11 -4.202092e-01 1.530762e-01 8.944227e-01 0.000000e+00 1
8.695424e+11 2.324073e+11 1.007180e+11 4.301016e-01 -6.105112e-01 -6.650478e-01 0.000000e+00 1
9.787391e+11 -2.216657e+11 -4.664084e+11 9.568773e-01 2.728622e-01 9.966005e-02 0.000000e+00 1
-7.234032e+11 1.079019e+12 -8.858006e+11 -8.652812e-01 2.774336e-01 4.175154e-01 0.000000e+00 1
6.288958e+11 -2.126351e+11 1.067649e+12 -3.672011e-01 -6.285458e-01 6.856336e-01 0.000000e+00 1
-6.508914e+11 6.879838e+11 8.145065e+10 -1.521641e-01 -6.613610e-01 7.344710e-01 0.000000e+00 1
-1.004744e+12 -1.285552e+12 2.427065e+11 9.574806e-01 1.488642e-01 2.471240e-01 0.000000e+00 1
1.807882e+11 5.849017e+11 -1.350435e+12 9.725354e-01 9.704720e-03 -2.325525e-01 0.000000e+00 1
-1.047158e+11 9.781932e+11 -5.721321e+11 3.035332e-01 -7.122231e-01 -6.329343e-01 0.000000e+00 1
-8.182214e+11 1.353325e+11 -9.598804e+11 6.391920e-01 -3.202053e-01 6.992154e-01 0.000000e+00 1
9.545824e+10 -7.263224e+11 -1.201928e+12 7.433244e-01 3.554357e-02 -6.679861e-01 0.000000e+00 1
-5.812111e+11 -5.869312e+11 1.134054e+12 2.208177e-01 -8.290841e-01 -5.136722e-01 0.000000e+00 1
1.381965e+11 2.816474e+11 1.355615e+12 -9.211986e-01 3.816811e-01 7.558190e-02 0.000000e+00 1
6.707818e+11 1.387757e+12 -2.187402e+11 7.890196e-01 1.255357e-01 6.014058e-01 0.000000e+00 1
-1.130972e+12 -2.137309e+11 -8.913385e+11 -7.499949e-01 -3.911439e-01 5.333986e-01 0.000000e+00 1
1.308496e+12 9.345074e+11 -2.650176e+11 1.569945e-01 6.307244e-01 -7.599602e-01 0.000000e+00 1
-9.992906e+11 -1.005366e+12 -5.697286e+11 -1.499324e-01 7.866230e-01 -5.989529e-01 0.000000e+00 1
5.710201e+11 -1.518364e+12 -1.386089e+11 3.201635e-01 9.357105e-01 -1.481257e-01 0.000000e+00 1
-3.575134e+11 -1.048704e+11 3.558493e+11 6.963706e-01 -2.104201e-01 -6.861424e-01 0.000000e+00 1
2.171708e+11 1.058372e+12 -7.103641e+10 8.885813e-01 -3.729621e-01 2.670627e-01 0.000000e+00 1
-5.258696e+08 4.290207e+11 1.212483e+12 3.292375e-01 2.292858e-01 -9.159862e-01 0.000000e+00 1
3.878256e+11 7.543469e+11 -1.160462e+12 5.659644e-01 5.551706e-01 6.094833e-01 0.000000e+00 1
1.090736e+12 -2.619866e+10 7.161929e+11 -4.350732e-01 7.661299e-01 4.730288e-01 0.000000e+00 1
6.641556e+10 4.343998e+11 -1.521828e+12 4.130828e-01 1.674216e-01 -8.951718e-01 0.000000e+00 1
-3.707103e+11 2.043405e+11 -1.342560e+12 5.831896e-01 -1.503774e-01 -7.982960e-01 0.000000e+00 1
-6.537175e+11 -1.331357e+12 -5.481130e+11 6.068673e-01 6.219687e-01 -4.948405e-01 0.000000e+00 1
1.292623e+12 3.522419e+11 1.812166e+11 3.047137e-01 -5.234275e-01 -7.957218e-01 0.000000e+00 1
-1.080802e+12 4.251257e+11 8.378908e+11 -7.765444e-01 4.738728e-01 -4.152389e-01 0.000000e+00 1
1.106944e+12 9.753701e+11 -2.927171e+11 -2.723151e-01 -8.217110e-01 5.006351e-01 0.000000e+00 1
-1.030826e+12 -1.119494e+12 -3.011023e+11 -7.383501e-01 -1.941931e-02 -6.741380e-01 0.000000e+00 1
7.600114e+11 7.126341e+11 8.499501e+11 -7.172986e-01 -6.211589e-01 -3.156648e-01 0.000000e+00 1
9.191516e+11 3.671146e+11 9.351680e+11 2.051710e-01 7.935464e-01 -5.728777e-01 0.000000e+00 1
1.523640e+11 9.730405e+11 -5.973492e+11 -4.844485e-01 8.271677e-01 -2.847862e-01 0.000000e+00 1
-3.933478e+10 8.994019e+11 -3.023022e+10 4.074740e-01 -1.613143e-02 9.130743e-01 0.000000e+00 1
-6.784027e+10 -3.985650e+11 -9.425658e+11 9.572659e-01 -1.391840e-01 2.535150e-01 0.000000e+00 1
-1.529006e+11 -5.309988e+11 -7.246517e+10 3.631781e-01 6.395423e-01 6.775598e-01 0.000000e+00 1
-1.272154e+12 -4.890922e+11 1.668459e+11 -2.585768e-01 -9.595565e-01 -1.113076e-01 0.000000e+00 1
-1.308859e+12 3.421123e+11 -6.296805e+11 2.889307e-02 4.983421e-02 9.983395e-01 0.000000e+00 1
3.002714e+11 -4.038587e+11 -4.823758e+11 -1.877011e-01 -6.086289e-01 7.709340e-01 0.000000e+00 1
-1.219934e+11 1.462098e+12 4.119137e+11 -5.331335e-02 -9.935295e-01 1.002836e-01 0.000000e+00 1
-1.141124e+11 -1.360266e+12 -5.053964e+10 -7.474148e-02 -9.868939e-01 -1.430178e-01 0.000000e+00 1
-1.929207e+11 -4.245208e+11 -3.977837e+11 -9.613182e-01 2.653870e-01 -7.373604e-02 0.000000e+00 1
4.024749e+11 -8.375131e+11 -2.824200e+11 -7.438424e-01 -6.651161e-01 -6.571980e-02 0.000000e+00 1
7.765236e+10 3.005601e+11 -1.596904e+12 -3.732507e-02 2.563533e-01 9.658622e-01 0.000000e+00 1
8.784924e+11 -8.745461e+11 -4.826747e+11 -1.396747e-01 2.357718e-01 -9.617186e-01 0.000000e+00 1
-3.890543e+11 -4.841921e+11 1.341910e+12 2.646702e-01 -3.929332e-01 8.806550e-01 0.000000e+00 1
-7.401593e+11 2.769535e+11 2.136912e+11 -4.868059e-01 -7.003678e-01 -5.220201e-01 0.000000e+00 1
3.322689e+11 1.343937e+12 1.943115e+11 -9.688919e-01 -8.169651e-03 -2.473493e-01 0.000000e+00 1
1.279170e+12 5.521699e+11 6.842313e+11 6.845898e-01 2.777896e-01 6.739212e-01 0.000000e+00 1
4.644994e+11 -1.065646e+12 -2.479474e+11 8.716940e-01 2.679400e-01 4.103141e-01 0.000000e+00 1
-9.544911e+10 1.032557e+12 2.642382e+10 -4.831775e-01 2.514363e-01 -8.386413e-01 0.000000e+00 1
9.405104e+11 -6.321236e+11 2.625638e+11 -3.471846e-01 3.223983e-01 8.806374e-01 0.000000e+00 1
2.416461e+11 3.199979e+11 1.314556e+12 2.224546e-01 -7.767704e-01 5.891873e-01 0.000000e+00 1
9.457222e+11 -1.257903e+12 -5.229115e+11 5.538971e-01 -6.300604e-01 5.442628e-01 0.000000e+00 1
2.185699e+11 1.796894e+11 -6.925857e+11 4.096901e-01 8.942878e-01 1.800093e-01 0.000000e+00 1
2.934745e+11 1.578290e+12 2.488645e+11 5.809613e-01 -4.797767e-01 -6.574939e-01 0.000000e+00 1
-4.393147e+11 -1.167485e+12 -5.692098e+11 9.278227e-01 2.905314e-01 2.339583e-01 0.000000e+00 1
1.022853e+12 8.394699e+11 -8.104310e+11 4.314251e-01 3.928925e-01 8.121009e-01 0.000000e+00 1
-1.163747e+12 1.093554e+11 7.201682e+10 5.063272e-01 -8.050415e-01 3.090970e-01 0.000000e+00 1
-1.626771e+11 -1.590250e+12 3.614100e+11 -1.464708e-01 -6.111620e-01 7.778350e-01 0.000000e+00 1
-3.793171e+11 4.265152e+11 -1.255188e+12 9.776565e-02 9.908230e-01 -9.333625e-02 0.000000e+00 1
-8.949564e+10 -1.183502e+12 -5.457797e+11 8.208528e-01 -4.287891e-01 -3.772807e-01 0.000000e+00 1
-1.109712e+12 1.420194e+10 -5.855401e+11 -4.247098e-01 -6.055909e-01 6.729646e-01 0.000000e+00 1
-1.188866e+12 3.120289e+11 8.749382e+11 -6.595453e-01 8.464875e-02 7.468833e-01 0.000000e+00 1
-2.491659e+11 -1.362488e+12 1.491483e+11 1.069723e-01 -9.932858e-01 4.404849e-02 0.000000e+00 1
1.049556e+12 -4.869402e+10 -9.426017e+11 3.305662e-01 -8.518269e-02 9.399308e-01 0.000000e+00 1
1.505533e+12 -7.649922e+11 1.440985e+10 2.975110e-01 4.218838e-01 8.564469e-01 0.000000e+00 1
-4.538187e+11 -5.698831e+11 -1.291130e+12 -9.814710e-01 2.604333e-02 1.898328e-01 0.000000e+00 1
-1.223697e+11 3.785307e+11 1.971779e+11 5.443755e-01 8.304059e-01 1.186646e-01 0.000000e+00 1
5.501997e+11 -3.505308e+11 -1.018555e+12 2.912153e-01 8.461020e-01 4.464360e-01 0.000000e+00 1
-1.222676e+11 1.404790e+12 6.742743e+11 -3.148777e-01 6.182314e-01 -7.201680e-01 0.000000e+00 1
1.250950e+11 6.487012e+10 7.766910e+11 -3.240084e-01 6.489200e-01 -6.884195e-01 0.000000e+00 1
-9.898702e+11 2.004885e+11 -2.425729e+11 -7.611831e-01 5.431559e-01 -3.543755e-01 0.000000e+00 1
7.552074e+11 7.916465e+11 9.552997e+11 7.675691e-01 -5.507799e-01 3.278403e-01 0.000000e+00 1
7.484772e+11 -4.213833e+11 3.324222e+11 -1.935084e-01 4.445220e-01 8.746169e-01 0.000000e+00 1
4.742901e+11 -1.405064e+12 3.871358e+11 1.978686e-02 7.757252e-01 -6.307606e-01 0.000000e+00 1
7.035031e+11 -1.509772e+11 7.406570e+11 -3.388717e-02 -9.464576e-01 3.210446e-01 0.000000e+00 1
1.038981e+12 -3.821652e+11 8.522395e+10 -4.135224e-01 -7.732687e-01 4.806815e-01 0.000000e+00 1
-1.432879e+12 2.304233e+11 3.156960e+11 3.960689e-01 8.182231e-01 -4.167018e-01 0.000000e+00 1
1.402355e+11 2.000664e+11 6.955948e+11 -6.724763e-01 -3.979167e-01 -6.240496e-01 0.000000e+00 1
-2.575789e+10 -1.111879e+12 2.157887e+11 6.665268e-01 3.172427e-01 6.746104e-01 0.000000e+00 1
-3.371937e+11 -1.401826e+12 3.221785e+11 -6.343008e-01 -5.031586e-01 -5.869361e-01 0.000000e+00 1
2.432272e+10 -5.694706e+11 9.564624e+09 3.898332e-01 -8.486680e-01 -3.574812e-01 0.000000e+00 1
-3.320746e+11 -3.066194e+11 -1.138974e+12 4.388336e-01 -1.108939e-02 -8.984999e-01 0.000000e+00 1
4.438396e+10 -4.836675e+11 1.796112e+11 9.004203e-01 3.158769e-02 4.338726e-01 0.000000e+00 1
-5.691614e+11 -1.082232e+12 -4.508573e+11 -5.283918e-02 -8.131920e-01 5.795919e-01 0.000000e+00 1
9.442610e+11 3.834260e+11 1.255028e+12 -6.768194e-01 6.790513e-01 2.842618e-01 0.000000e+00 1
-2.958723e+11 -6.060792e+11 -7.358036e+11 -8.331661e-01 -3.330904e-01 -4.414579e-01 0.000000e+00 1
1.522198e+12 -2.901390e+11 4.882226e+11 3.561076e-01 9.330669e-01 5.072938e-02 0.000000e+00 1
-1.523875e+11 1.449119e+12 -6.777889e+11 2.996179e-01 -4.075872e-01 -8.626133e-01 0.000000e+00 1
1.731695e+11 8.603740e+11 -9.997711e+11 -5.810369e-01 -6.629858e-01 -4.720657e-01 0.000000e+00 1
4.628124e+11 1.455725e+12 -4.534860e+11 -5.724662e-01 -7.018884e-01 4.238338e-01 0.000000e+00 1
-1.110642e+12 1.156711e+12 -8.242873e+10 -4.427564e-01 8.896757e-01 1.115520e-01 0.000000e+00 1
7.895133e+10 -6.275051e+11 1.094831e+12 9.635820e-01 -1.507321e-01 -2.208835e-01 0.000000e+00 1
-9.402572e+11 3.177813e+11 5.187519e+11 -6.133125e-01 1.088230e-02 -7.897654e-01 0.000000e+00 1
-1.384729e+12 9.778726e+11 2.067681e+10 -1.612748e-01 -6.545715e-01 7.385977e-01 0.000000e+00 1
2.310410e+11 -5.857403e+09 1.099401e+12 3.096382e-01 9.278345e-01 2.079598e-01 0.000000e+00 1
-2.075489e+11 1.324296e+12 9.863496e+11 5.252839e-01 -1.384695e-01 -8.395850e-01 0.000000e+00 1
-4.060572e+11 -9.269022e+11 -4.887107e+11 -9.946679e-02 9.169351e-01 -3.864407e-01 0.000000e+00 1
-1.366227e+12 -6.337943e+11 7.163926e+11 9.185870e-01 -3.910611e-01 -5.717664e-02 0.000000e+00 1
2.418473e+10 5.645225e+11 1.329208e+12 1.749329e-01 -9.568725e-01 2.319343e-01 0.000000e+00 1
-2.335338e+11 7.486630e+10 -1.020584e+12 4.157904e-01 1.187962e-01 -9.016684e-01 0.000000e+00 1
-2.956365e+11 5.214480e+11 -6.498572e+11 -1.266104e-01 9.841415e-01 -1.242385e-01 0.000000e+00 1
-1.375815e+11 1.091728e+12 1.244329e+12 -7.087346e-01 2.023091e-01 6.758449e-01 0.000000e+00 1
-2.316964e+11 7.791773e+11 -1.421092e+12 1.365234e-01 8.747308e-01 4.649811e-01 0.000000e+00 1
-1.024207e+12 8.572665e+11 3.150214e+11 1.913956e-01 2.821465e-02 -9.811074e-01 0.000000e+00 1
8.297452e+11 5.374604e+11 -8.547834e+11 -8.283129e-01 5.026027e-01 -2.475644e-01 0.000000e+00 1
5.023693e+11 -5.533257e+10 -1.156056e+12 -7.581899e-02 -9.846240e-01 -1.573756e-01 0.000000e+00 1
4.031739e+10 1.579400e+12 5.767661e+11 -1.878367e-02 1.690918e-02 -9.996806e-01 0.000000e+00 1
8.723561e+11 -1.288591e+12 -3.831119e+11 1.955651e-02 -5.954897e-01 -8.031249e-01 0.000000e+00 1
5.640644e+11 -1.242747e+12 4.651175e+11 -9.283867e-01 3.644638e-01 7.255522e-02 0.000000e+00 1
1.135094e+12 -7.849119e+11 -1.888636e+11 6.451370e-01 -7.002124e-01 -3.057791e-01 0.000000e+00 1
-7.096921e+11 2.312196e+11 -9.917899e+11 4.250579e-01 -5.810089e-01 6.940854e-01 0.000000e+00 1
-5.755374e+10 -1.082067e+12 -1.303871e+12 -3.322697e-01 -5.252192e-02 -9.417209e-01 0.000000e+00 1
5.125908e+11 3.353211e+11 -1.453329e+11 7.553236e-01 7.293591e-02 -6.512808e-01 0.000000e+00 1
1.373090e+12 7.623461e+11 2.077475e+11 7.911263e-01 4.994744e-01 3.530503e-01 0.000000e+00 1
-5.232959e+11 6.001017e+11 1.076270e+12 2.766145e-01 -1.383873e-01 -9.509644e-01 0.000000e+00 1
3.558125e+10 -1.150413e+12 6.067080e+11 2.184512e-01 -5.718302e-01 -7.907523e-01 0.000000e+00 1
7.296940e+11 -6.125144e+11 9.954855e+11 -9.822460e-01 6.536038e-02 1.758430e-01 0.000000e+00 1
-2.692376e+11 6.272476e+11 8.583300e+11 9.814671e-01 3.988872e-02 1.874334e-01 0.000000e+00 1
1.176662e+12 7.871775e+11 6.135849e+11 -7.017435e-01 6.038856e-01 3.779924e-01 0.000000e+00 1
-1.007378e+12 4.347240e+10 -2.904587e+11 2.420572e-01 9.584707e-01 -1.508052e-01 0.000000e+00 1
-7.570613e+08 -5.386844e+11 -1.031222e+12 -7.149119e-01 4.783162e-01 -5.100143e-01 0.000000e+00 1
5.761681e+10 -6.956244e+11 -9.568423e+11 -2.914302e-01 -7.161634e-01 -6.341754e-01 0.000000e+00 1
-1.259574e+12 -5.756585e+11 1.216570e+11 5.026137e-01 4.293944e-01 -7.503332e-01 0.000000e+00 1
-5.872979e+11 -9.415009e+11 -1.068986e+12 7.326587e-01 -5.398483e-02 6.784518e-01 0.000000e+00 1
-6.205375e+11 1.861884e+11 -1.427672e+12 3.779809e-01 -2.616350e-02 -9.254436e-01 0.000000e+00 1
-7.146071e+11 2.027535e+11 1.726134e+11 7.154764e-01 6.454115e-01 -2.674650e-01 0.000000e+00 1
-6.665906e+11 -4.259148e+11 -1.020119e+12 7.572822e-01 -4.485902e-02 6.515454e-01 0.000000e+00 1
1.196779e+12 3.685049e+11 7.788814e+10 -6.369875e-01 -2.096413e-01 7.418204e-01 0.000000e+00 1
1.014128e+12 7.916279e+11 8.377917e+11 -3.554689e-02 -3.278866e-02 -9.988300e-01 0.000000e+00 1
-4.002025e+11 1.125638e+12 5.340946e+11 3.608905e-01 1.140932e-01 -9.256029e-01 0.000000e+00 1
1.080263e+12 2.559688e+11 5.688737e+11 -7.339268e-01 5.461371e-01 -4.038388e-01 0.000000e+00 1
-8.726692e+11 -4.507256e+11 -9.363005e+11 2.648045e-01 -8.882787e-01 3.752859e-01 0.000000e+00 1
-1.472064e+12 5.350151e+11 6.284150e+11 4.726102e-01 -6.630174e-01 5.805579e-01 0.000000e+00 1
-6.807137e+11 2.132371e+10 4.094269e+10 5.995779e-03 9.943595e-01 1.058922e-01 0.000000e+00 1
3.147280e+10 -5.283381e+11 8.885328e+11 -9.923178e-01 -1.215947e-01 -2.280410e-02 0.000000e+00 1
-1.345683e+12 2.713818e+11 9.277669e+11 -8.875948e-02 -9.431030e-01 -3.204348e-01 0.000000e+00 1
-2.585510e+10 3.399508e+11 5.899723e+11 6.934004e-01 9.653325e-02 -7.140569e-01 0.000000e+00 1
9.890149e+10 1.273610e+12 -3.905870e+11 1.012831e-01 -5.457507e-01 -8.318040e-01 0.000000e+00 1
-1.488763e+11 1.557491e+12 2.691402e+11 -7.855294e-01 -1.921804e-02 6.185258e-01 0.000000e+00 1
-2.820639e+11 -2.174371e+11 -1.640368e+12 -3.096304e-01 9.444176e-01 1.104737e-01 0.000000e+00 1
-2.762245e+11 8.598579e+11 -1.635621e+11 2.528503e-01 -5.861565e-03 9.674877e-01 0.000000e+00 1
-5.538206e+11 1.375381e+12 -4.662508e+11 -4.941773e-01 -7.918077e-01 -3.589281e-01 0.000000e+00 1
5.420619e+11 -6.122035e+10 -1.253961e+12 9.028216e-01 -2.914727e-01 3.161594e-01 0.000000e+00 1
-2.483906e+11 -1.205202e+12 -2.310046e+11 -7.816551e-01 -3.806309e-01 -4.941006e-01 0.000000e+00 1
1.075067e+12 -2.216802e+10 -1.210923e+12 -2.060249e-01 3.521535e-01 9.129850e-01 0.000000e+00 1
-7.435318e+11 1.050341e+11 8.511040e+11 5.789886e-01 5.188505e-01 6.289407e-01 0.000000e+00 1
2.333813e+11 -5.963077e+11 1.001543e+12 -3.972827e-02 -6.638605e-01 -7.468005e-01 0.000000e+00 1
1.132565e+12 -8.278914e+10 -3.471942e+11 9.150785e-01 3.778083e-01 1.410396e-01 0.000000e+00 1
9.422349e+10 -6.858297e+11 5.259043e+11 -7.196831e-01 3.392156e-01 -6.057962e-01 0.000000e+00 1
1.710682e+11 2.047387e+11 -3.708739e+11 7.446323e-02 -9.915098e-01 1.065999e-01 0.000000e+00 1
-5.943433e+11 -1.688130e+11 1.895920e+11 9.036876e-01 -2.909046e-01 -3.142026e-01 0.000000e+00 1
8.098472e+11 -1.005072e+12 6.312152e+11 -9.415448e-01 -3.824589e-02 -3.347098e-01 0.000000e+00 1
-1.888013e+11 -5.033252e+11 6.241674e+10 -2.806008e-01 9.046593e-01 -3.207097e-01 0.000000e+00 1
-6.349587e+10 3.497935e+11 1.252974e+12 -8.468909e-02 9.538874e-01 2.879697e-01 0.000000e+00 1
6.585109e+11 -1.101890e+12 8.523538e+11 1.169798e-01 -4.358105e-01 8.924040e-01 0.000000e+00 1
9.645580e+11 1.273809e+12 7.759363e+10 -1.347161e-01 -5.631349e-02 9.892828e-01 0.000000e+00 1
5.981693e+11 5.305408e+11 -6.715165e+11 -6.973282e-01 6.750937e-01 -2.407941e-01 0.000000e+00 1
3.103402e+11 -1.216445e+12 1.076674e+12 6.613020e-01 5.998020e-01 -4.504634e-01 0.000000e+00 1
1.825869e+11 5.929377e+11 -7.419778e+11 -4.647653e-01 -6.215999e-01 -6.305607e-01 0.000000e+00 1
-1.053655e+12 1.688505e+10 -1.275498e+12 -2.641293e-01 -5.789378e-01 7.714057e-01 0.000000e+00 1
-2.266256e+11 7.861521e+11 8.300361e+11 1.278189e-01 -9.906869e-01 4.692325e-02 0.000000e+00 1
-6.476739e+11 9.069254e+11 -6.101196e+11 1.707483e-01 -7.644154e-01 6.217025e-01 0.000000e+00 1
-1.943121e+11 -8.628465e+11 -6.144051e+11 -1.569870e-01 -7.239708e-01 -6.717301e-01 0.000000e+00 1
-1.075669e+12 4.600496e+11 -1.182616e+12 6.800016e-01 2.789852e-01 -6.780598e-01 0.000000e+00 1
-1.298828e+11 1.396468e+11 4.583850e+11 7.921731e-01 6.031162e-01 -9.334162e-02 0.000000e+00 1
5.416508e+11 8.386004e+11 7.816472e+11 -7.735869e-01 -5.913863e-01 2.276523e-01 0.000000e+00 1
6.941465e+11 -3.383945e+11 1.402615e+11 3.480770e-01 3.301315e-01 -8.774142e-01 0.000000e+00 1
7.007537e+11 1.344193e+12 1.845400e+11 -6.180570e-01 5.056913e-03 7.861170e-01 0.000000e+00 1
4.801576e+11 1.137684e+12 1.980366e+11 6.635132e-01 3.260528e-01 -6.733794e-01 0.000000e+00 1
-1.135524e+12 -9.815863e+11 -1.040703e+11 -3.755256e-01 -4.483038e-01 8.111746e-01 0.000000e+00 1
1.000513e+12 -1.043838e+12 5.227944e+11 2.223045e-01 -5.725734e-02 9.732946e-01 0.000000e+00 1
2.406429e+11 1.555274e+12 -5.655054e+11 -3.328221e-01 5.220695e-01 -7.852852e-01 0.000000e+00 1
-3.104749e+11 5.479614e+11 1.084508e+12 -6.339307e-01 4.302741e-01 6.426477e-01 0.000000e+00 1
-4.402001e+11 1.249272e+12 -6.991523e+11 -4.696056e-01 -3.061969e-02 -8.823452e-01 0.000000e+00 1
-9.177346e+11 -3.839028e+11 5.354588e+11 5.114429e-01 8.558139e-01 7.751660e-02 0.000000e+00 1
1.128524e+12 -5.435316e+11 1.015963e+12 -3.600874e-01 -7.660105e-01 5.325081e-01 0.000000e+00 1
-1.159394e+12 5.879507e+11 -3.156308e+11 -4.241450e-01 -6.158676e-01 -6.639338e-01 0.000000e+00 1
3.195241e+11 3.852861e+11 4.014701e+11 3.059825e-01 -2.228989e-01 -9.255759e-01 0.000000e+00 1
3.340882e+11 -7.093522e+10 -2.618080e+11 2.054878e-02 3.265359e-01 -9.449614e-01 0.000000e+00 1
7.761583e+11 -5.537746e+11 -5.508735e+11 -2.395566e-01 5.154425e-02 9.695132e-01 0.000000e+00 1
-1.129129e+12 5.920253e+11 2.202066e+11 -9.668752e-01 5.231483e-02 2.498308e-01 0.000000e+00 1
3.552377e+11 1.051252e+12 -5.955347e+11 -8.260937e-01 -5.375258e-01 1.692194e-01 0.000000e+00 1
1.793267e+10 -2.531526e+11 1.502384e+12 9.349036e-01 3.073170e-01 1.775150e-01 0.000000e+00 1
-1.287288e+11 -5.797902e+10 -8.594861e+11 -6.999547e-01 -5.155116e-01 4.942784e-01 0.000000e+00 1
-1.480002e+12 1.000033e+11 1.667153e+11 3.765239e-02 9.327339e-01 -3.585940e-01 0.000000e+00 1
1.556665e+12 4.468187e+11 -2.349180e+11 8.085134e-01 7.523999e-02 -5.836480e-01 0.000000e+00 1
-6.408016e+11 6.335047e+11 -2.484907e+11 6.078973e-01 7.554211e-01 -2.445399e-01 0.000000e+00 1
4.380873e+11 4.795068e+11 -9.894502e+11 -7.633452e-02 6.564144e-01 7.505286e-01 0.000000e+00 1
-8.122443e+11 -1.354385e+11 1.085019e+12 2.186901e-01 4.913737e-01 -8.430460e-01 0.000000e+00 1
1.268058e+12 3.910299e+11 -6.902964e+10 8.433472e-01 -3.235161e-01 -4.290719e-01 0.000000e+00 1
-1.966049e+11 3.977492e+11 -1.285946e+12 -5.767978e-03 9.472010e-01 3.205886e-01 0.000000e+00 1
1.556481e+11 -1.171251e+12 -8.507298e+11 -8.295046e-01 -1.363136e-01 -5.416094e-01 0.000000e+00 1
3.389836e+11 6.812937e+10 -1.416876e+12 -3.501575e-01 -2.677645e-02 9.363080e-01 0.000000e+00 1
6.702920e+11 -2.071209e+11 -6.665274e+11 -9.757266e-01 -2.172066e-01 -2.790996e-02 0.000000e+00 1
-9.680435e+11 -2.529156e+11 1.129181e+11 7.602391e-01 6.467756e-01 6.097426e-02 0.000000e+00 1
1.116936e+12 6.910997e+11 2.861300e+11 -3.265000e-01 6.887828e-01 -6.472835e-01 0.000000e+00 1
1.249403e+12 6.422647e+11 -1.841899e+11 -2.511459e-01 1.003702e-01 9.627313e-01 0.000000e+00 1
6.587388e+11 -4.734570e+11 2.698743e+11 5.018236e-01 -8.550267e-01 -1.307761e-01 0.000000e+00 1
-1.386649e+12 -4.864160e+11 -2.799463e+11 1.298868e-01 -9.646460e-01 2.293195e-01 0.000000e+00 1
-4.241265e+11 5.444587e+11 3.676159e+11 -1.500570e-01 3.857370e-01 9.103240e-01 0.000000e+00 1
-6.339477e+11 -8.333561e+10 -1.332156e+12 -7.281910e-02 6.330272e-01 7.706970e-01 0.000000e+00 1
-1.000356e+12 8.338937e+11 -7.861513e+11 5.406010e-02 -5.667831e-01 -8.220915e-01 0.000000e+00 1
7.482451e+11 3.140937e+11 7.022638e+11 -9.957022e-01 -2.949377e-03 -9.256551e-02 0.000000e+00 1
9.233102e+11 3.121894e+11 1.051785e+12 7.769514e-01 -2.474103e-01 5.789082e-01 0.000000e+00 1
1.466527e+12 -4.246497e+11 -6.426077e+11 2.604002e-01 2.204011e-01 -9.400080e-01 0.000000e+00 1
9.496606e+11 -1.592111e+11 -1.230460e+11 6.322549e-01 4.128041e-01 6.556268e-01 0.000000e+00 1
4.212141e+11 1.302651e+12 -3.720322e+11 -4.187574e-01 -9.063191e-01 5.681553e-02 0.000000e+00 1
9.556476e+10 -3.733382e+11 -1.542675e+12 -8.507822e-01 4.321239e-01 2.990627e-01 0.000000e+00 1
1.462084e+10 -6.208356e+11 1.328671e+11 5.212763e-01 8.514975e-01 5.677123e-02 0.000000e+00 1
-6.767783e+11 9.652264e+11 5.430456e+10 2.172186e-01 -8.015689e-01 5.570488e-01 0.000000e+00 1
9.751245e+11 3.770971e+11 -1.330822e+11 5.276812e-01 -7.519092e-01 3.952026e-01 0.000000e+00 1
-1.066705e+12 8.982382e+11 1.947563e+11 -9.097121e-01 1.124905e-01 -3.997120e-01 0.000000e+00 1
-6.696963e+11 -8.925952e+11 -8.817458e+11 -6.535399e-01 -2.892472e-01 -6.994438e-01 0.000000e+00 1
-1.515277e+12 2.414578e+11 -5.376581e+11 -1.199811e-01 5.801446e-01 -8.056282e-01 0.000000e+00 1
1.321086e+12 -4.921612e+11 6.299243e+11 1.399185e-01 -2.898993e-01 -9.467741e-01 0.000000e+00 1
5.791154e+11 -7.153764e+11 6.425671e+11 -2.636578e-01 7.689443e-02 -9.615466e-01 0.000000e+00 1
-1.636023e+12 3.947254e+11 -1.911594e+11 3.044831e-01 9.988186e-02 9.472664e-01 0.000000e+00 1
9.959295e+11 -1.111713e+12 5.877454e+11 -4.005949e-02 9.983843e-01 4.029917e-02 0.000000e+00 1
-9.014906e+11 9.814938e+11 6.833326e+11 2.082492e-01 -6.291895e-01 -7.488343e-01 0.000000e+00 1
-2.551256e+11 -1.512829e+12 -2.410337e+11 7.628814e-01 5.870925e-01 -2.708032e-01 0.000000e+00 1
1.087937e+12 1.614667e+11 1.575012e+11 8.024726e-01 2.417994e-01 -5.455005e-01 0.000000e+00 1
5.829222e+11 -1.242952e+12 -6.331812e+11 -3.630757e-01 8.738792e-01 3.232819e-01 0.000000e+00 1
-1.308438e+12 -4.660061e+10 9.351125e+11 -8.281269e-01 -3.690494e-01 4.219103e-01 0.000000e+00 1
2.936923e+10 6.508136e+11 5.519031e+11 4.382832e-01 -7.042789e-01 5.584792e-01 0.000000e+00 1
-4.620296e+11 3.465947e+11 -3.537649e+11 -8.390764e-01 -1.592592e-01 5.201801e-01 0.000000e+00 1
-2.013633e+10 -3.045769e+11 -9.220573e+11 -6.014083e-01 -7.563130e-01 2.574855e-01 0.000000e+00 1
1.095403e+12 -1.043312e+12 5.990061e+11 4.329957e-01 4.738469e-01 -7.668011e-01 0.000000e+00 1
-9.437384e+11 -1.020340e+12 -8.557341e+11 -1.297293e-01 3.567045e-01 9.251660e-01 0.000000e+00 1
-3.481639e+11 -1.168089e+12 -2.839884e+10 2.492625e-01 -1.809590e-01 9.513790e-01 0.000000e+00 1
-1.002575e+12 -6.525146e+11 8.533731e+11 5.921791e-01 -4.307133e-01 -6.810359e-01 0.000000e+00 1
-1.120531e+12 -1.699458e+11 -6.712357e+11 9.962447e-01 6.643586e-02 -5.552329e-02 0.000000e+00 1
-4.395476e+11 -7.381901e+11 1.247541e+11 -5.346270e-01 -8.042286e-01 2.595964e-01 0.000000e+00 1
-1.235112e+12 -6.987430e+11 -8.819825e+11 -9.984448e-01 -3.995458e-02 -3.887855e-02 0.000000e+00 1
-4.974772e+11 -1.523481e+12 -3.905121e+11 -3.463519e-01 6.935156e-01 6.317250e-01 0.000000e+00 1
-1.040291e+12 1.220656e+12 -5.296414e+11 2.269761e-01 3.728420e-01 8.997059e-01 0.000000e+00 1
-4.158375e+10 6.249520e+11 -1.245682e+12 4.952945e-02 8.306579e-01 5.545758e-01 0.000000e+00 1
5.440988e+11 -4.447934e+11 -1.029253e+12 8.890373e-01 -3.130111e-01 3.341207e-01 0.000000e+00 1
5.019589e+11 1.168238e+11 1.539250e+10 -3.481506e-01 -8.810076e-01 -3.203385e-01 0.000000e+00 1
-6.382448e+11 -7.368728e+10 -5.697106e+11 -3.462001e-01 -8.759591e-01 -3.359185e-01 0.000000e+00 1
1.622023e+12 3.112561e+11 1.881089e+11 7.782873e-01 5.515437e-01 -3.001140e-01 0.000000e+00 1
1.056567e+12 7.553646e+11 -2.382166e+11 -2.520387e-01 -7.228938e-01 -6.433514e-01 0.000000e+00 1
-5.897496e+11 2.507416e+11 -8.370150e+11 -8.169710e-01 5.305729e-01 -2.259444e-01 0.000000e+00 1
3.289552e+11 8.481583e+11 1.176254e+12 9.626920e-01 2.682919e-01 -3.526366e-02 0.000000e+00 1
2.517903e+11 -5.358649e+11 -1.031002e+12 3.452871e-01 -9.376167e-01 4.064234e-02 0.000000e+00 1
1.005439e+11 -4.161200e+10 -1.123661e+12 -4.067049e-01 3.289896e-01 -8.522658e-01 0.000000e+00 1
-7.368086e+11 -5.865356e+10 9.640530e+11 -1.249115e-01 5.017754e-01 8.559314e-01 0.000000e+00 1
-1.114617e+12 3.252310e+11 1.222899e+12 -2.512403e-01 -6.446077e-01 -7.220521e-01 0.000000e+00 1
-1.178557e+12 -1.614804e+11 -6.855439e+11 -4.220667e-01 -1.604711e-01 8.922492e-01 0.000000e+00 1
1.707490e+11 5.600797e+11 1.044315e+12 -5.488826e-01 -7.377401e-01 3.930235e-01 0.000000e+00 1
-1.505758e+12 -3.710414e+11 -7.268901e+10 -6.441713e-01 6.318067e-01 4.311190e-01 0.000000e+00 1
-9.475055e+11 -2.115712e+11 -1.232449e+12 4.318942e-01 5.370258e-02 -9.003241e-01 0.000000e+00 1
