# 781 1.000000e+07 1.000000e+04 0.000000e+00 1.000000e+00 5.000000e-01
-7.976571e+13 -1.346789e+14 9.174429e+13 -7.810834e-01 6.266180e-03 6.243952e-01 -2.473603e+01 0 15079348
7.344928e+12 1.346746e+14 1.254513e+14 1.510365e-01 5.919584e-01 7.916901e-01 1.692338e+01 0 4701145
7.617077e+13 1.051007e+14 1.135370e+14 -4.729776e-01 8.252004e-01 3.087662e-01 2.511352e+01 0 470673
-2.770475e+13 1.576996e+14 5.729203e+13 7.365452e-01 2.274212e-01 6.370092e-01 -9.772558e+00 0 486126
-8.393868e+13 1.489789e+14 1.549475e+13 -2.549196e-01 6.005494e-01 7.578631e-01 -9.436551e+00 0 11
-1.252273e+14 -1.126729e+14 2.377591e+13 -6.970892e-01 -6.683921e-02 7.138622e-01 -4.483058e+00 0 787541
-5.920907e+13 2.636995e+13 1.650999e+14 2.684635e-01 -6.279698e-02 9.612408e-01 9.899911e+00 0 1061666
8.196674e+13 1.474449e+14 4.625175e+13 2.837255e-01 9.567965e-01 -6.356316e-02 -1.120824e+01 0 13
-1.610863e+14 2.815265e+12 -6.773196e+13 -6.906261e-01 -1.519715e-02 -7.230523e-01 1.442776e+01 0 9070120
2.148033e+13 -1.708640e+14 6.945491e+12 4.915702e-01 -7.396533e-01 -4.596430e-01 -5.150655e-01 0 3358257
-8.179750e+13 -1.309913e+14 -7.062517e+13 -8.875589e-01 3.225305e-01 -3.289579e-01 -3.298982e+01 0 6124068
1.738461e+14 2.044569e+13 4.066657e+13 8.480726e-01 5.293951e-01 2.266549e-02 2.226082e+01 0 7
-1.075486e+14 1.231776e+14 -5.737936e+13 -7.837420e-01 3.210375e-01 -5.316798e-01 2.357251e+01 0 1526058
-1.684323e+14 -3.862680e+13 -6.672598e+13 -9.827141e-01 1.772868e-01 -5.331396e-02 -2.707232e+01 0 7112194
-1.110105e+14 -1.310099e+14 -3.170202e+13 -4.340379e-01 -1.726936e-01 -8.841878e-01 -1.653690e+01 0 878483
7.904426e+13 -4.298263e+13 1.477826e+14 1.065265e-01 9.506768e-02 9.897546e-01 -1.041286e+01 0 971555
-4.003995e+13 1.116480e+14 1.278883e+14 6.052708e-01 -3.986534e-02 7.950208e-01 1.078260e+01 0 5169954
-5.326323e+13 1.632023e+14 -2.616291e+13 -2.615658e-01 8.460441e-01 4.645349e-01 -1.596265e+01 0 52
4.468571e+13 1.484151e+14 8.688554e+13 3.863062e-01 8.165077e-01 4.290486e-01 7.844548e+00 0 5
-9.921913e+13 2.973283e+13 -1.351684e+14 -1.020341e-01 6.304993e-01 -7.694542e-01 -2.939842e+00 0 8343037
9.874812e+13 1.522205e+14 1.793505e+13 5.522163e-01 2.763084e-01 7.865817e-01 -2.595217e+01 0 6136280
-1.578533e+14 -5.197445e+12 6.650658e+13 -7.242145e-01 5.725663e-01 3.842932e-01 -1.899364e+00 0 21639842
-1.335291e+13 -1.431374e+14 -9.190875e+13 -9.713771e-01 -2.279572e-01 -6.679824e-02 -3.085939e+01 0 3081102
-1.392989e+14 9.176378e+13 -3.662186e+13 -9.815278e-01 1.364574e-01 -1.340991e-01 -3.522667e+00 0 7817413
-4.840520e+13 1.552185e+14 2.549699e+14 3.935283e-02 2.465011e-01 9.683432e-01 3.018532e+01 0 4879510
1.059657e+14 -1.325197e+14 -8.818969e+13 1.204883e-01 -9.045103e-01 -4.090766e-01 -2.863523e+01 0 7367315
-1.425602e+14 5.156013e+13 -1.501038e+14 -5.771936e-01 4.382134e-01 -6.890694e-01 1.292029e+01 0 4629350
-1.666405e+14 4.411512e+13 -2.528166e+13 -5.660990e-01 4.018903e-01 7.197334e-01 7.889629e+00 0 11
1.683731e+14 8.207004e+13 1.186367e+14 7.593369e-01 5.198777e-01 3.913242e-01 2.253365e+01 0 3084846
-4.921633e+13 5.195283e+13 -1.800154e+14 -3.190446e-01 3.608818e-01 -8.763418e-01 1.902470e+01 0 10768003
-9.086607e+13 6.911219e+13 1.307491e+14 -8.273916e-01 1.423497e-01 5.432861e-01 -1.357940e+00 0 3785135
1.684589e+13 -1.721679e+14 2.381474e+13 1.690607e-01 -5.050488e-01 -8.463712e-01 1.664123e+01 0 6
-1.654199e+14 4.995138e+13 -9.586217e+13 -9.272436e-01 -1.613368e-02 -3.741110e-01 -1.704418e+01 0 7900963
-1.718451e+14 -1.853590e+13 6.872117e+13 -5.389333e-01 7.898475e-01 2.927316e-01 -3.493011e+00 0 5
-1.561153e+14 -5.559020e+13 -5.191641e+13 -5.379054e-01 3.310832e-01 -7.752688e-01 2.304280e+00 0 2640393
-5.460152e+13 -8.798798e+13 1.364070e+14 5.364868e-01 1.628838e-01 8.280403e-01 -2.918680e+00 0 12
1.386245e+14 1.074321e+14 8.839176e+12 9.074304e-01 3.973313e-01 1.367405e-01 -1.245318e+01 0 12634229
-4.107952e+13 1.343138e+14 9.555838e+13 -3.849374e-01 9.229026e-01 8.597711e-03 7.357061e+00 0 7661026
-1.691953e+14 -1.271685e+13 -1.507216e+13 -9.685797e-01 1.531170e-01 1.959807e-01 -1.055684e+01 0 5986989
9.570909e+13 -8.146467e+12 -1.523833e+14 -1.089534e-01 -7.782471e-01 -6.184340e-01 5.602875e+00 0 2665823
-8.419020e+13 -8.514402e+13 1.278420e+14 -5.778881e-01 -1.847227e-01 7.949357e-01 -2.019657e+01 0 28073162
-1.106555e+14 7.988681e+12 1.338728e+14 -6.585944e-01 5.288838e-01 5.352899e-01 -1.933561e+01 0 12205552
1.057882e+14 6.909773e+13 -1.144874e+14 8.255077e-01 -2.016409e-01 -5.271414e-01 -1.697895e+01 0 7630405
5.274085e+13 2.235985e+14 1.269020e+13 4.544983e-01 8.189607e-01 3.503351e-01 -2.474907e+01 0 427198
2.374480e+13 -1.778155e+13 1.678452e+14 7.366940e-02 1.225154e-01 9.897287e-01 -3.793898e+00 0 3498548
5.391123e+13 1.306811e+14 -9.715767e+13 7.902186e-01 5.545237e-01 -2.608793e-01 1.717997e+00 0 4
1.183633e+14 -5.475424e+13 -1.334504e+14 6.370153e-01 -7.865774e-02 -7.668276e-01 -8.501272e+00 0 10845079
1.334855e+14 3.930136e+13 9.922389e+13 5.988346e-01 8.001291e-01 -3.450403e-02 1.660106e+01 0 444203
-6.840888e+13 -9.521706e+13 1.261749e+14 -2.158134e-01 -1.021687e-01 9.710747e-01 1.292771e+01 0 9899173
7.801878e+13 1.330176e+14 -7.135526e+13 5.911270e-01 6.744479e-01 4.423675e-01 8.841972e-01 0 1134867
4.145059e+13 1.582605e+14 -4.996516e+13 5.930589e-01 5.058585e-01 6.264090e-01 -4.164164e+00 0 1312221
-5.863325e+12 -9.705594e+13 -1.405729e+14 -6.580731e-01 -1.171546e-01 -7.437840e-01 -1.650920e+01 0 2811075
1.660940e+14 -1.846503e+13 -4.529033e+13 9.934956e-01 -1.020797e-01 5.045975e-02 9.359055e+00 0 1880320
-1.210964e+14 -9.146324e+13 7.731692e+13 2.460406e-01 -7.885335e-01 5.636302e-01 9.753173e+00 0 7659091
-1.152615e+14 1.344952e+13 1.288663e+14 3.621088e-01 4.881367e-01 7.941031e-01 -2.019683e+01 0 3
-1.281159e+14 7.200521e+13 -9.794849e+13 -8.767794e-01 2.206107e-01 -4.273041e-01 -1.792404e+00 0 1996867
5.832613e+13 1.644556e+14 9.008710e+12 7.052246e-01 4.624195e-01 5.374259e-01 -2.294747e+01 0 865115
-7.840368e+13 -1.504585e+14 3.651468e+13 -9.289609e-01 -3.491923e-01 1.228676e-01 3.472745e+00 0 34
5.253067e+13 1.494441e+14 -6.175534e+13 7.070313e-02 8.315381e-01 -5.509495e-01 1.402327e+01 0 3506266
-6.079709e+13 1.572019e+14 -2.150505e+13 4.586589e-01 7.862550e-01 -4.140472e-01 -3.889304e+00 0 1889291
-1.124178e+14 1.322488e+14 3.398329e+13 -5.084279e-02 9.159283e-01 -3.981085e-01 -2.474115e+01 0 7929540
4.607155e+13 1.498525e+14 7.321722e+13 6.086410e-01 7.667863e-01 2.039483e-01 -1.701565e+01 0 1103400
-3.354012e+13 -1.346815e+14 9.989069e+13 6.392208e-01 -6.538359e-01 4.048400e-01 2.420142e+01 0 4
8.550623e+13 7.931073e+13 -1.313639e+14 -5.473483e-02 5.320064e-01 -8.449694e-01 2.885233e+01 0 6652990
1.405525e+14 1.018025e+14 7.274958e+13 9.091363e-01 2.718789e-01 3.155204e-01 6.784558e+00 0 10735313
-1.456858e+14 -2.573315e+13 9.812972e+13 -4.148694e-02 -2.526222e-01 9.666751e-01 2.384716e+01 0 2213775
-1.050429e+13 -2.964599e+13 1.672650e+14 -2.902397e-01 1.704968e-02 9.568021e-01 -4.962774e+00 0 1408528
-1.310814e+14 1.093318e+14 9.648369e+12 -6.158283e-01 4.993960e-01 6.093924e-01 5.995762e+00 0 2871451
7.626823e+13 -1.329602e+14 8.177723e+13 8.396504e-01 -4.852503e-01 -2.439658e-01 4.139394e+01 0 63
2.228158e+13 1.716962e+14 6.585697e+13 8.295931e-01 5.522792e-01 -8.223705e-02 -2.903013e+00 0 23
1.350117e+14 5.867903e+13 -9.009658e+13 4.160052e-01 8.802500e-01 -2.282533e-01 2.867326e+01 0 13393508
1.346550e+14 1.082079e+14 7.306690e+13 9.999270e-01 1.173020e-02 -2.889792e-03 -4.657351e+00 0 14357867
-1.344359e+13 -1.022064e+14 -1.394663e+14 -6.373218e-01 -4.720913e-01 -6.090572e-01 -1.172575e+00 0 26
-1.021081e+14 -8.955238e+13 -1.117609e+14 -9.983505e-01 -4.122223e-02 -3.996360e-02 -3.254266e+01 0 379595
1.416635e+14 -8.645732e+13 4.057462e+13 3.728994e-01 -4.922824e-01 7.865139e-01 7.806973e+00 0 7629406
6.612539e+13 -1.305899e+14 8.918038e+13 8.617095e-01 -2.029726e-01 -4.650365e-01 2.353744e+01 0 3
4.304907e+13 -1.291529e+14 -1.124401e+14 5.244840e-01 -8.453040e-01 -1.018707e-01 1.848853e+01 0 2913028
6.572114e+13 -1.582894e+14 3.034588e+13 -5.310997e-01 -3.657192e-01 7.643184e-01 -2.780101e+01 0 12898109
-1.978375e+14 7.316452e+13 -4.775234e+12 -8.927979e-01 -3.159298e-02 -4.493482e-01 -9.781298e+00 0 2
-6.302134e+13 -1.121402e+14 -1.139032e+14 6.369370e-01 -4.647940e-01 -6.150429e-01 2.489839e+01 0 2275447
-1.254632e+14 -8.055227e+13 8.441099e+13 -5.667194e-01 -2.419268e-01 7.875916e-01 1.268610e+01 0 24522396
-4.527095e+13 -4.100033e+13 -1.613213e+14 3.339413e-01 -7.767079e-01 -5.340486e-01 -6.903827e+00 0 244266
-1.607837e+14 4.377639e+13 -4.374401e+13 -7.392158e-01 1.614468e-01 6.538309e-01 -1.713482e+01 0 33
-1.040224e+14 -1.359145e+14 -3.047857e+13 2.398337e-01 -3.823639e-01 -8.923439e-01 3.025927e+01 0 2
-1.450306e+14 -1.001884e+14 1.223883e+12 -6.610579e-01 1.490028e-01 -7.353914e-01 5.980701e+00 0 14
-1.986681e+13 4.165349e+13 1.686154e+14 -1.758870e-01 -6.312899e-02 9.823841e-01 1.618321e+01 0 4328377
1.127148e+14 5.474444e+13 1.209103e+14 8.863795e-01 8.222749e-02 4.555984e-01 6.730314e+00 0 51
-1.317290e+14 -3.029637e+12 1.276520e+14 -8.067905e-01 5.844036e-01 8.695688e-02 3.370834e+00 0 203643
-1.663962e+14 -8.014979e+12 -4.088140e+13 -6.319534e-01 -4.790254e-01 6.092369e-01 -3.201313e+00 0 2917587
-1.452430e+14 -5.464317e+13 -1.190448e+14 -3.926938e-01 -8.323134e-01 -3.912109e-01 -4.463128e+00 0 676614
-4.352565e+13 6.708381e+13 1.497818e+14 -9.068967e-01 8.369948e-02 4.129562e-01 -2.873499e+00 0 1737053
4.059862e+13 -2.017904e+13 -2.240460e+14 -4.531978e-02 -5.452771e-01 -8.370299e-01 -2.874576e+01 0 3947119
-6.246968e+13 -1.655858e+14 5.824307e+13 -6.459772e-01 -5.298662e-01 -5.495045e-01 -2.807597e+01 0 2
1.715154e+14 -3.751454e+13 2.050597e+13 7.555865e-01 -1.592952e-01 6.353849e-01 -1.661826e+01 0 12
5.437044e+13 8.183407e+13 -1.427809e+14 3.434905e-01 -1.794315e-02 -9.389847e-01 1.074683e+01 0 14
-1.372909e+14 -1.106586e+14 2.351813e+13 -4.564397e-01 -6.861188e-01 -5.664837e-01 1.916807e+01 0 2339299
-2.437761e+13 -1.285804e+14 -1.229350e+14 -1.313739e-01 -8.828020e-01 -4.510006e-01 1.809566e+01 0 9
7.733200e+13 -1.386133e+14 -6.781948e+13 1.512112e-01 -8.987286e-01 -4.116092e-01 1.223268e+01 0 315874
6.601966e+13 -1.887983e+13 -1.588307e+14 5.759554e-01 -6.864275e-01 -4.439512e-01 8.856656e+00 0 1274553
1.792813e+13 -7.871587e+13 1.528955e+14 -6.458059e-01 3.181147e-01 6.940734e-01 -1.734675e+01 0 3
-7.126008e+13 1.153148e+14 1.036244e+14 -5.221602e-01 8.059772e-01 2.788359e-01 2.504442e+01 0 1048901
-7.909132e+11 -1.694781e+14 4.733336e+13 6.196958e-01 -7.842258e-01 -3.109564e-02 3.438997e+01 0 6157668
1.376201e+14 6.970187e+13 -1.236071e+14 4.410854e-01 8.740946e-01 -2.034757e-01 -1.643562e+00 0 1252470
-5.960810e+13 -1.262978e+14 -1.071542e+14 1.141978e-01 -9.298669e-01 -3.497234e-01 -2.948458e+00 0 20
-4.355888e+13 -1.637311e+14 -1.057884e+14 2.373834e-01 -9.434850e-01 -2.312686e-01 2.551179e+01 0 2
9.331092e+13 -1.186151e+14 -1.413411e+14 6.931540e-01 -5.159105e-01 -5.033626e-01 1.773682e+01 0 1823494
1.707523e+14 5.052620e+11 7.260635e+12 7.991434e-01 5.675355e-01 -1.981750e-01 2.595289e+00 0 9
1.432400e+13 1.743371e+13 -1.683246e+14 -4.151665e-01 6.200645e-01 -6.657002e-01 -1.554005e+00 0 184402
-1.205300e+13 -6.295127e+13 -1.573518e+14 -4.973443e-01 -8.662942e-01 4.672238e-02 -1.778185e+01 0 6576864
-4.252343e+13 1.647776e+14 2.540149e+13 -1.628019e-01 8.210128e-01 5.472052e-01 -1.154119e+01 0 1999649
5.576959e+13 1.360743e+14 -8.468812e+13 3.212947e-02 7.880940e-01 6.147158e-01 -9.064759e-01 0 1066147
1.093983e+14 -1.698553e+12 1.405235e+14 5.012439e-02 -6.343304e-01 7.714353e-01 9.401366e+00 0 9864961
4.247818e+13 -1.349214e+14 1.227579e+14 3.226488e-01 -9.321800e-01 -1.641286e-01 -1.633865e+01 0 5403156
-3.019234e+13 4.667431e+13 1.605266e+14 -4.211252e-01 4.559613e-01 7.840618e-01 8.497026e+00 0 7545860
-2.053320e+13 8.709133e+13 1.604467e+14 -6.852772e-01 1.274148e-01 7.170500e-01 -5.745578e+00 0 7176280
1.282482e+14 -6.815231e+13 1.305197e+14 4.582138e-01 -4.398759e-01 7.723660e-01 1.640268e+01 0 51
1.058194e+14 -1.665741e+13 1.314965e+14 9.840246e-01 1.654431e-01 6.575877e-02 2.868531e+00 0 2127
9.907999e+13 2.543742e+13 1.371589e+14 6.202818e-01 3.285711e-01 7.122440e-01 -1.058720e+01 0 10
1.310339e+14 1.867008e+14 -1.310793e+12 6.804525e-01 7.290876e-01 7.359138e-02 1.534613e+01 0 2
-2.767751e+13 -1.670999e+14 4.062383e+13 -3.961961e-01 -8.295400e-01 3.935632e-01 9.886569e+00 0 5
-6.930216e+13 -2.702442e+13 1.531986e+14 3.256832e-01 -2.126000e-01 9.212664e-01 1.607851e+01 0 3942731
-3.231959e+11 5.735513e+13 -1.596357e+14 2.398310e-01 3.549042e-01 -9.036172e-01 9.946729e+00 0 20324540
4.193698e+13 1.356748e+14 9.431879e+13 -6.912523e-01 7.168976e-01 9.070863e-02 1.246005e+01 0 5
-6.231071e+13 -2.312536e+13 1.562942e+14 -9.046456e-01 -6.575645e-02 4.210611e-01 6.100997e+00 0 14703606
-2.451866e+13 1.770455e+14 5.759908e+13 -2.551093e-01 9.352372e-01 2.454602e-01 1.913893e+01 0 14817237
1.628849e+14 -1.428891e+12 -6.418427e+13 9.423221e-01 -1.375588e-02 3.344245e-01 -1.243996e+01 0 1
-5.780970e+12 5.458677e+13 -1.711463e+14 -4.439728e-01 -3.086652e-02 -8.955085e-01 -1.744011e+01 0 757841
-9.465576e+13 1.172169e+14 -7.820671e+13 -9.537006e-01 -4.978567e-02 2.966084e-01 1.096247e+01 0 1258738
-3.943322e+13 1.486269e+14 -9.037380e+13 -5.077337e-01 1.489355e-01 -8.485427e-01 1.945360e+01 0 348547
1.339953e+14 8.879208e+13 -6.106437e+13 7.326072e-01 6.285134e-01 -2.612617e-01 -9.623502e+00 0 6253181
-1.450782e+14 -1.011600e+13 -8.903487e+13 -5.513453e-01 -8.342769e-01 -6.710725e-04 9.882931e+00 0 3284652
-7.371052e+13 -1.468186e+14 4.494090e+13 4.432792e-01 -1.483196e-01 8.840276e-01 2.961082e+00 0 24
1.163736e+14 1.516746e+13 -1.243534e+14 9.214590e-01 3.865991e-01 -3.813785e-02 1.815272e+01 0 13022430
-1.517580e+12 -1.147442e+14 -1.401841e+14 -4.118154e-01 -7.473606e-01 -5.214021e-01 -2.024574e+01 0 458037
-6.610217e+13 9.388378e+13 -1.437526e+14 5.724312e-01 7.622358e-01 -3.021906e-01 -3.375163e+01 0 5273370
-1.483156e+14 -5.773980e+13 7.430497e+13 -9.709687e-01 6.831067e-03 -2.391091e-01 -2.465084e+01 0 1942220
-1.588862e+14 5.093012e+13 -3.360383e+13 -5.942729e-01 4.947584e-01 6.340772e-01 -1.759759e+01 0 6514793
-6.494220e+13 1.361835e+14 8.654759e+13 -3.464044e-01 9.279260e-01 -1.376855e-01 1.155739e+01 0 1534922
1.340314e+14 3.305488e+13 9.973271e+13 8.831697e-01 4.551472e-01 -1.133676e-01 1.284530e+01 0 769864
-1.494342e+13 -1.631047e+14 -5.308207e+13 4.129087e-01 -9.106876e-01 1.242929e-02 1.863122e+01 0 8214073
-1.380307e+14 9.939245e+13 -3.856817e+12 -5.124534e-01 4.054916e-02 -8.577571e-01 1.429292e+01 0 1134202
-1.531502e+14 3.959454e+13 9.706035e+13 -9.276071e-01 -3.319756e-01 -1.712812e-01 -2.824000e-01 0 2264825
-1.250462e+14 2.163766e+13 1.311396e+14 -1.273648e-01 -5.229802e-01 8.427751e-01 3.084861e+01 0 3923312
1.462585e+13 -1.540257e+14 8.424074e+13 2.035174e-01 -6.297794e-01 7.496389e-01 -4.483667e+00 0 4467417
9.130779e+13 -3.523536e+13 1.508572e+14 5.978375e-01 -7.905699e-01 1.326258e-01 -2.407479e+01 0 12920624
6.217559e+13 -2.177851e+13 1.638140e+14 9.532886e-01 -1.718352e-01 2.484222e-01 -1.534562e+01 0 7742834
-6.480872e+12 -1.352809e+13 -1.722011e+14 3.224044e-01 7.221125e-02 -9.438437e-01 1.445815e+01 0 559929
-4.899545e+13 6.156900e+13 -1.583756e+14 -6.243277e-01 7.752083e-01 -9.626571e-02 -9.233437e+00 0 10278300
7.328849e+13 5.450030e+13 -1.430106e+14 7.418101e-01 -3.699150e-01 -5.593574e-01 -1.438040e+01 0 877968
7.771273e+13 2.465474e+13 1.551299e+14 4.194498e-01 5.787467e-01 6.993669e-01 1.662044e+01 0 720543
1.964119e+13 3.530100e+13 -1.659089e+14 -3.246304e-01 4.528940e-02 -9.447560e-01 1.438025e+01 0 3511530
-3.448692e+13 2.842009e+13 -1.751636e+14 -1.355795e-01 3.274607e-01 -9.350870e-01 -1.195638e+01 0 6745023
5.698597e+13 1.602149e+14 -7.406460e+13 -2.970990e-02 9.452565e-01 -3.249730e-01 3.048044e+01 0 1
4.240071e+13 1.671814e+14 3.370319e+13 -5.091221e-01 7.778062e-01 3.685271e-01 2.094673e+00 0 4395068
1.162229e+13 1.653339e+14 -5.272317e+13 2.082019e-01 9.123339e-01 3.525605e-01 7.297331e+00 0 2406586
4.050267e+13 -1.739668e+14 1.005097e+13 6.983380e-01 -6.866807e-01 -2.019746e-01 -2.692264e+00 0 8505298
8.502070e+13 -1.512702e+14 3.935467e+13 -3.125000e-01 -8.167043e-01 4.851163e-01 8.105851e-04 0 1
-1.682467e+14 -3.632401e+13 -5.851932e+13 -7.945302e-01 3.819493e-01 -4.720556e-01 -2.687029e+01 0 11
1.476202e+13 1.814877e+14 -9.148062e+13 1.126141e-01 5.108727e-01 -8.522483e-01 -2.114859e+01 0 5
5.070222e+13 -1.611054e+14 3.959743e+13 -2.641916e-01 -8.221999e-01 5.041727e-01 -1.795212e+01 0 1512202
7.610481e+13 1.587937e+14 -1.360288e+13 9.681608e-01 1.778314e-02 -2.496966e-01 -1.376923e+01 0 3514054
-7.226836e+13 -1.548843e+14 -5.049015e+12 4.250622e-01 -7.130422e-01 -5.575777e-01 2.674925e+01 0 10557524
-3.745079e+13 8.888626e+13 1.468877e+14 -1.868910e-01 9.436444e-01 2.731428e-01 9.132779e+00 0 4408524
8.556373e+13 8.456925e+13 1.201352e+14 8.233990e-01 -1.916228e-01 5.341299e-01 -6.324323e+00 0 5337069
1.045316e+14 -1.352747e+14 5.838449e+12 1.824979e-01 -2.522436e-01 9.502987e-01 1.290150e+01 0 2657431
-1.113265e+14 1.321958e+13 1.283347e+14 -2.030815e-01 -8.163191e-02 9.757531e-01 7.779527e+00 0 4043255
5.902271e+13 1.299909e+14 9.413900e+13 2.264750e-01 6.156920e-01 7.547400e-01 9.885061e+00 0 8845274
4.182217e+13 1.757439e+14 -3.402326e+13 -2.202560e-01 8.133487e-01 -5.384711e-01 2.568462e+01 0 1455922
-1.111085e+14 -1.301579e+14 4.161139e+13 -5.201620e-01 -3.853386e-01 -7.621979e-01 -1.010424e+01 0 1
2.807886e+13 -1.767740e+14 -5.333689e+13 -2.635397e-01 -9.300961e-01 2.558675e-01 -3.544824e+01 0 83969
-7.403210e+13 7.191453e+13 -1.472796e+14 -3.409002e-01 4.585542e-01 -8.206797e-01 7.838870e+00 0 39
1.718028e+14 -2.842296e+13 -1.381425e+12 9.805494e-01 -1.541892e-01 1.214439e-01 -1.648377e+01 0 43774
4.637481e+13 1.305876e+14 1.000217e+14 8.838916e-01 -7.320510e-02 4.619271e-01 -2.769761e+01 0 2
-4.211106e+13 2.652395e+13 1.667619e+14 -7.396417e-01 6.108521e-01 2.824711e-01 -1.965971e+01 0 27825066
-1.764981e+14 -9.680637e+13 2.772101e+13 -5.690687e-01 -7.656802e-01 2.998245e-01 2.660556e+01 0 11776414
-1.127707e+14 1.886661e+13 -1.542381e+14 -6.770513e-01 6.372453e-01 -3.681305e-01 -2.292251e+01 0 5935310
-1.532990e+14 2.232389e+13 6.906699e+13 -9.887205e-01 -1.578033e-02 1.489390e-01 9.494369e+00 0 665454
8.653775e+13 -8.308322e+13 -1.982491e+14 4.679569e-01 -8.161618e-02 -8.799745e-01 -1.230091e+01 0 52
-2.120770e+13 9.165386e+13 1.461806e+14 -1.314038e-01 1.302914e-01 9.827295e-01 5.308390e+00 0 1859595
1.280540e+14 2.742549e+13 1.078228e+14 3.629831e-01 9.199788e-01 -1.479268e-01 9.934161e+00 0 16831607
6.091226e+13 -8.980873e+13 -1.430173e+14 2.623443e-01 -9.365285e-01 -2.325723e-01 8.964462e+00 0 6907082
-1.637754e+14 -6.419899e+12 -8.246023e+13 -8.703815e-01 4.257896e-01 -2.472634e-01 -2.547195e+01 0 4
1.524559e+14 6.376463e+13 -4.054485e+13 5.888220e-01 7.691987e-01 -2.482376e-01 -1.202560e+00 0 5373360
-4.423378e+13 5.528620e+13 2.101442e+14 -9.534613e-02 4.871665e-01 8.680887e-01 1.098430e+01 0 16279910
-3.368266e+13 -1.527675e+14 -6.918303e+13 1.600047e-01 -8.606404e-01 -4.834218e-01 1.347865e+01 0 4412493
-1.509758e+14 4.873725e+12 -1.235536e+14 -5.665790e-01 2.841885e-01 -7.734502e-01 -2.370850e+01 0 3813999
2.037365e+14 5.248312e+13 4.697803e+13 7.845427e-01 5.352660e-01 3.130225e-01 -1.130184e+01 0 56
-6.199627e+13 -4.759778e+13 1.512879e+14 -1.773241e-01 9.002702e-01 3.975799e-01 7.963414e-01 0 5
-2.620135e+13 -1.254571e+14 1.297551e+14 -2.983519e-01 -6.473205e-01 7.014002e-01 -1.563376e+01 0 2978845
7.433494e+13 2.066370e+13 -1.511628e+14 8.221541e-01 1.095089e-01 -5.586327e-01 -3.075120e+00 0 5244657
1.291455e+14 5.430405e+13 9.742257e+13 8.848684e-01 4.565172e-01 -9.273570e-02 -2.602693e+00 0 3802083
-1.242453e+14 9.194777e+13 7.301436e+13 1.814628e-01 8.817920e-01 -4.353322e-01 -3.317808e+01 0 1
7.337403e+12 -8.627698e+13 1.586396e+14 -2.929801e-01 -5.046525e-02 9.547858e-01 5.707598e+00 0 1297193
-4.334773e+13 1.467348e+14 -7.943820e+13 -2.355287e-01 7.062959e-01 -6.675869e-01 1.424392e+01 0 8
-3.132228e+13 1.454797e+14 9.229838e+13 -1.421729e-01 7.731333e-01 6.181034e-01 -1.268525e+01 0 22859342
-1.644948e+14 4.482954e+13 4.399917e+11 -9.473075e-01 -1.551570e-01 2.802406e-01 -6.562013e-01 0 3921139
1.941812e+13 1.393036e+14 9.812792e+13 4.846460e-01 8.602692e-01 1.582886e-01 -2.123818e+01 0 1438691
-1.101064e+14 -9.260657e+13 -1.041837e+14 -3.990379e-01 -7.555951e-01 -5.194660e-01 -2.419013e+00 0 29468700
-9.402759e+13 -1.317286e+14 5.619385e+13 -8.471199e-01 -5.281945e-01 5.829696e-02 1.543105e+00 0 9521346
7.043497e+13 1.464831e+14 -5.696536e+13 4.406535e-01 1.383357e-01 -8.869542e-01 -2.579854e+01 0 5
1.372617e+14 1.034032e+14 5.422570e+12 2.212780e-01 8.586256e-01 4.623831e-01 -4.707440e+00 0 8
2.329190e+13 7.794295e+13 -1.501557e+14 -4.961890e-01 8.590019e-01 -1.261434e-01 1.524394e+01 0 6827675
1.040902e+14 1.003709e+14 9.044460e+13 4.511358e-01 8.921217e-01 -2.440082e-02 1.527687e+01 0 3551367
9.536931e+13 -1.359996e+14 3.644854e+13 1.307588e-01 -7.415515e-01 6.580300e-01 -1.480268e+01 0 24629116
-1.604104e+14 -1.257989e+13 7.237344e+13 -5.064373e-01 -5.555671e-01 6.594441e-01 5.294119e+00 0 1029135
9.018170e+13 -1.546698e+14 4.160819e+13 2.829875e-02 -9.961115e-01 -8.343262e-02 -4.774907e-01 0 7
-1.202587e+14 1.842342e+14 -5.973620e+13 -1.778815e-01 9.109314e-01 -3.722394e-01 8.978742e+00 0 17
-3.611734e+13 -9.173589e+13 -1.522934e+14 -6.110948e-01 -2.671539e-01 -7.451120e-01 1.174697e+01 0 401684
3.693753e+13 8.997168e+13 -1.403449e+14 -1.969460e-01 9.709020e-01 1.362410e-01 1.512886e+01 0 8736117
-1.911711e+14 5.441369e+13 -2.879349e+13 -9.147188e-01 4.031871e-01 2.701356e-02 1.312554e+01 0 1896962
1.086451e+14 7.267212e+13 1.095465e+14 5.450756e-01 8.310971e-01 1.103185e-01 1.295125e+01 0 15869467
9.062686e+13 -5.803129e+13 1.324202e+14 9.698949e-01 -6.519538e-02 2.346347e-01 1.513200e+01 0 809262
-1.196358e+14 -1.201642e+14 2.405005e+13 -1.395245e-01 -4.138653e-01 -8.995824e-01 1.578826e+01 0 690398
-4.829388e+13 1.087560e+14 -1.240824e+14 5.754646e-01 6.794309e-01 -4.552078e-01 -1.575932e+01 0 1905235
-1.464144e+14 8.831181e+13 -1.984399e+13 -8.084482e-01 3.643792e-01 -4.622114e-01 1.223435e+01 0 1
-1.508174e+14 -1.685477e+13 -8.041995e+13 -6.143314e-01 3.856531e-01 -6.883811e-01 -6.435530e-01 0 5146135
3.655636e+13 -6.066156e+13 -1.572257e+14 -7.489297e-01 -2.264651e-01 -6.227502e-01 -1.592925e+01 0 9949969
-1.201258e+14 2.948028e+13 1.235668e+14 3.253287e-03 5.709968e-01 8.209459e-01 8.271177e+00 0 4258693
-8.803914e+13 -1.195050e+14 -8.756138e+13 -5.584874e-01 -7.782737e-01 -2.870224e-01 -1.600765e+01 0 6
-5.175370e+13 -1.561565e+14 -5.355179e+13 -2.673701e-01 -5.346177e-01 -8.016840e-01 1.056492e+01 0 1097582
-2.391404e+13 1.024724e+14 -1.335339e+14 -4.219094e-01 9.017626e-01 9.389705e-02 1.875276e+01 0 35
5.579846e+12 5.116165e+13 1.636865e+14 7.285614e-01 4.334133e-01 5.304255e-01 4.507666e+00 0 22005
-9.892345e+13 -1.039876e+14 9.219249e+13 -8.248778e-02 -5.570923e-01 8.263437e-01 -4.059842e-01 0 936869
-3.081640e+13 1.087300e+14 -1.336743e+14 -6.550400e-01 7.542102e-01 -4.571207e-02 -4.936444e+00 0 3
4.485673e+13 -1.513561e+14 -6.713880e+13 -5.194778e-01 -3.871186e-01 -7.617624e-01 1.723408e+00 0 16
-7.137800e+13 1.546858e+14 1.276510e+13 3.758499e-01 9.265486e-01 1.563618e-02 -5.527478e+00 0 5453779
2.224691e+13 -1.558381e+14 6.866955e+13 -6.114089e-01 -7.006824e-01 3.677273e-01 -2.660054e+01 0 2054933
6.986164e+13 -1.525945e+14 -3.724950e+13 5.092770e-01 -4.350931e-01 -7.425166e-01 1.779625e+01 0 2458049
-7.224141e+13 -7.134529e+13 1.363900e+14 -3.192250e-01 8.144733e-01 4.844880e-01 -5.265475e+00 0 53150
-1.323893e+14 -8.044440e+13 -1.050316e+14 -6.169510e-01 -2.632710e-01 -7.416602e-01 1.471825e+01 0 11627522
5.725310e+13 1.699465e+13 1.622560e+14 -1.476984e-01 1.243469e-01 9.811845e-01 -8.472281e+00 0 845271
-7.600707e+12 -7.216312e+13 -1.955580e+14 1.762181e-01 -5.750990e-03 -9.843343e-01 -1.417221e+01 0 2570113
-5.127329e+13 1.491085e+13 1.682714e+14 -3.301970e-01 -1.270605e-01 9.353211e-01 -1.033073e+01 0 4654047
-7.441989e+13 -1.679670e+13 -1.515655e+14 2.047666e-01 8.806865e-02 -9.748408e-01 -5.752530e-01 0 11071954
2.989751e+13 -1.923245e+14 -2.510585e+13 -1.169072e-02 -8.178454e-01 -5.753192e-01 1.232514e+01 0 533232
-1.391763e+14 6.699120e+12 -1.031753e+14 -2.331674e-01 2.293614e-01 -9.450007e-01 1.171572e+01 0 28355648
-5.986960e+13 -1.295053e+14 1.116816e+14 -4.754260e-01 1.033751e-01 8.736611e-01 6.044649e+00 0 1
-7.528608e+13 1.602394e+14 -1.556221e+13 -2.203995e-01 8.015297e-01 -5.558544e-01 -2.069534e+01 0 4548815
-7.061383e+13 5.782973e+13 1.571215e+14 5.546922e-01 -1.260460e-01 8.224530e-01 -2.154479e+01 0 3401635
1.103438e+14 1.269978e+14 -3.050671e+13 5.383641e-01 8.421572e-01 -3.058475e-02 2.133507e-01 0 6946723
-3.406272e+13 -1.600124e+13 1.670505e+14 1.156800e-01 -6.655883e-01 7.372994e-01 9.659614e+00 0 2168083
-8.092187e+13 1.337861e+14 -7.746854e+13 -8.767128e-03 8.670843e-01 -4.980842e-01 -2.300911e+01 0 10642119
-1.075979e+14 1.283789e+14 -5.446462e+13 -8.850065e-01 2.171320e-01 -4.118460e-01 2.395681e+01 0 21
-4.522378e+13 1.065565e+14 -1.278430e+14 2.846189e-01 -2.417969e-01 -9.276456e-01 9.228097e+00 0 7592984
8.919496e+13 -1.457446e+14 2.886571e+13 -3.083088e-01 -8.291746e-01 -4.662780e-01 -6.432570e+00 0 9
-2.577898e+13 -1.046318e+14 1.394691e+14 -4.117523e-01 -4.861138e-01 7.708135e-01 8.728383e+00 0 6919768
6.910634e+12 -2.153085e+13 -1.844838e+14 -2.231098e-01 -4.803040e-01 -8.482512e-01 1.276895e+01 0 3247304
1.217493e+14 7.572390e+13 1.056398e+14 9.614054e-01 2.240913e-01 -1.596331e-01 -2.655316e+01 0 10344346
2.472544e+14 1.212973e+14 -6.536283e+13 6.082739e-01 7.935335e-01 1.753385e-02 -2.587690e+00 0 9
-7.125289e+13 4.384879e+13 1.477519e+14 -9.613427e-01 -2.646365e-01 -7.607704e-02 1.870932e+00 0 93198
5.614190e+13 1.190542e+14 -1.205147e+14 6.254477e-01 2.748046e-01 -7.302723e-01 7.725124e+00 0 614962
-1.311594e+14 -1.021986e+14 4.713854e+13 -9.526932e-01 -3.026217e-01 -2.820739e-02 -2.859256e+01 0 129
-8.130179e+13 1.176784e+14 9.908523e+13 -9.855111e-01 1.686491e-01 -1.803738e-02 3.327457e+01 0 6187035
1.608390e+14 1.143808e+14 1.155126e+12 8.775994e-01 4.697280e-01 -9.578573e-02 -2.216062e+01 0 40
1.930415e+14 1.634162e+14 -2.921853e+13 5.391196e-01 8.380259e-01 8.403955e-02 3.278471e+01 0 35
-7.661076e+13 1.421569e+13 1.507196e+14 -4.611281e-01 -1.474459e-01 8.749975e-01 -3.426556e+00 0 12525860
-1.403434e+14 1.069832e+14 1.984791e+13 -2.887743e-01 8.076630e-01 5.140914e-01 -2.280650e+00 0 10808220
-2.072999e+13 -3.485424e+13 -1.660091e+14 5.888745e-01 5.524688e-01 -5.899195e-01 1.330997e+01 0 385912
9.796652e+12 6.016291e+13 -1.590027e+14 -7.326543e-01 6.656759e-01 -1.417507e-01 3.404665e-01 0 21
1.499145e+14 -7.605539e+13 4.561910e+13 9.582429e-01 1.286402e-01 2.553863e-01 3.424044e+00 0 2801705
-7.493650e+13 -1.501660e+14 3.841230e+13 2.386438e-01 -9.515762e-01 1.937832e-01 6.068162e+00 0 9244497
-1.064992e+14 5.400491e+13 1.214038e+14 -5.606473e-01 5.754423e-02 8.260528e-01 1.094649e+01 0 32
7.648525e+13 -2.596321e+13 -1.507673e+14 8.047626e-01 -3.933299e-01 -4.445771e-01 6.970115e+00 0 17004828
-7.227935e+13 -1.472401e+14 4.673635e+13 -3.927883e-01 -7.481316e-01 5.348051e-01 -2.157133e+01 0 6664352
1.095996e+14 1.174807e+14 5.721804e+13 2.665177e-01 7.287534e-01 6.307827e-01 2.239043e+01 0 4
-1.408908e+14 1.032715e+14 -1.561582e+11 -8.681738e-01 -4.038984e-03 4.962438e-01 2.382870e+01 0 915491
1.371041e+13 1.357934e+14 1.027398e+14 6.984311e-01 2.832546e-01 6.572372e-01 -1.983082e+01 0 6272793
-7.139113e+13 -3.082178e+13 1.597310e+14 -5.127442e-01 -3.971654e-01 7.611524e-01 -1.715608e+01 0 12755272
-9.102387e+13 1.191085e+14 1.022046e+14 -8.945693e-01 4.466056e-01 -1.700819e-02 -6.371979e+00 0 2374723
1.069986e+14 -1.321833e+14 2.179711e+13 -1.169059e-01 -9.931422e-01 -1.265611e-03 -2.264337e+01 0 2369136
3.072648e+13 -1.682117e+14 5.741974e+12 9.024571e-02 -9.124301e-01 -3.991579e-01 1.080493e+01 0 1425244
1.409760e+14 9.409991e+13 3.052338e+13 7.883769e-01 3.077804e-01 5.326661e-01 3.128346e+00 0 10470325
-1.678758e+14 1.219910e+14 -1.637913e+14 -4.213812e-01 8.827399e-01 -2.078657e-01 -3.783547e+01 0 219967
4.828059e+13 7.524533e+13 -1.862798e+14 3.446399e-01 7.921174e-01 -5.037593e-01 2.661553e+01 0 1945673
1.261743e+14 -1.996171e+12 -1.751200e+14 5.371905e-01 2.882232e-02 -8.429684e-01 1.688210e+01 0 547635
-1.411964e+14 -6.634719e+13 -7.152934e+13 -6.593697e-01 -4.808032e-01 5.779792e-01 -5.564239e+00 0 981857
-9.751849e+13 1.035380e+13 1.394857e+14 -4.734702e-01 -4.916140e-01 7.308500e-01 -2.028274e-01 0 1061681
6.758441e+13 -6.251770e+13 1.433448e+14 -6.307322e-01 -3.311452e-03 7.759935e-01 -1.291790e+01 0 1056316
1.329816e+13 -1.024040e+14 -1.347375e+14 7.580705e-01 -6.378596e-01 -1.358834e-01 -2.721130e+00 0 894188
1.399480e+14 1.148997e+14 6.091346e+13 4.913491e-01 6.092402e-01 6.224166e-01 1.328914e+01 0 9272909
2.546452e+13 1.589431e+14 5.494558e+13 6.790158e-01 6.411034e-01 3.576645e-01 -1.982504e+01 0 9856772
2.290733e+13 -4.091445e+13 -1.685747e+14 -7.212865e-02 1.102209e-01 -9.912864e-01 1.699572e+01 0 1531653
-1.370174e+14 3.247087e+13 -9.460579e+13 -9.609423e-01 2.700305e-01 -6.060946e-02 -6.934826e+00 0 55
6.345981e+13 -6.360187e+12 1.838183e+14 2.779795e-01 -5.965923e-01 7.528645e-01 -1.466570e+01 0 2119126
1.581080e+14 -6.052058e+13 -1.673947e+13 6.158172e-01 -7.578741e-01 -2.153975e-01 -2.467488e+01 0 6394113
-1.325833e+14 9.287701e+13 -7.172827e+13 -9.802504e-01 -3.649880e-03 -1.977265e-01 2.407828e+01 0 32
2.313878e+13 -4.476568e+13 1.654170e+14 8.980404e-01 -2.967002e-01 3.247960e-01 1.458753e+01 0 202720
-1.368624e+14 -8.947824e+13 5.801221e+13 -4.864717e-01 -6.641777e-01 5.676383e-01 1.978349e+01 0 1090393
-1.515732e+14 -9.028790e+13 -3.058983e+13 -6.239914e-01 -5.501387e-01 -5.549614e-01 2.370829e+01 0 1
-1.178570e+14 -5.400210e+13 -1.130674e+14 1.763517e-01 3.371507e-01 -9.247862e-01 7.056142e+00 0 1721318
-3.280610e+13 1.802414e+14 -6.765520e+13 -7.548410e-02 4.917112e-01 -8.674804e-01 -2.101252e+01 0 22
4.579060e+13 -8.816955e+13 1.384529e+14 8.756486e-01 -3.981469e-01 2.733472e-01 -8.043409e+00 0 1717231
1.580157e+13 1.676086e+14 4.640129e+13 -8.071777e-01 5.901247e-01 -1.473359e-02 5.515828e+00 0 1
-6.282706e+13 -1.580432e+14 -1.445508e+13 -9.527936e-01 -2.487314e-01 -1.741176e-01 7.172227e-02 0 12
6.044386e+13 -2.267285e+13 -1.610187e+14 8.666688e-01 4.852005e-01 -1.160416e-01 -5.422105e-01 0 1668972
-1.063869e+14 8.735082e+13 1.172825e+14 -5.447159e-01 -9.552562e-03 8.385662e-01 2.589677e+01 0 3133290
4.136407e+13 -6.659234e+13 -1.546182e+14 -5.332297e-01 -7.787379e-01 -3.305046e-01 -1.987008e+00 0 2243610
-9.145798e+13 4.078228e+13 1.391619e+14 4.330132e-01 -3.284237e-01 8.394268e-01 7.306596e+00 0 1604506
-1.193632e+13 -4.713997e+13 1.666361e+14 8.785612e-01 -3.251892e-01 3.498315e-01 1.736698e+01 0 282489
-6.251502e+13 -1.289818e+13 -1.591616e+14 2.241757e-01 -2.567327e-01 -9.401242e-01 -1.624989e+01 0 4808641
7.726344e+13 1.558154e+14 4.386578e+13 4.086080e-01 8.656120e-01 2.894053e-01 1.282271e+01 0 712152
2.632723e+13 1.420709e+14 9.728119e+13 9.255311e-01 1.551726e-01 3.454180e-01 -2.984998e+01 0 5221317
-1.288534e+14 1.085245e+14 -2.774874e+13 2.327441e-01 8.498640e-01 4.728228e-01 -1.190309e+01 0 71141
1.674255e+14 4.421145e+12 4.207697e+13 9.399772e-01 9.130521e-02 3.287951e-01 -1.172051e+01 0 4915556
1.218016e+14 -1.370556e+14 2.895924e+13 4.306002e-01 -3.487299e-01 8.324487e-01 1.582537e+01 0 69
-9.589314e+13 1.601297e+14 1.574413e+13 4.313550e-02 9.517446e-01 -3.038445e-01 1.493392e+00 0 29
3.001816e+13 -1.447530e+14 -9.700355e+13 -2.306110e-01 -9.519471e-01 -2.015322e-01 -2.258912e+01 0 5337933
-1.429034e+14 -2.066689e+13 -1.076690e+14 -8.340592e-01 -2.176772e-01 -5.069142e-01 1.520352e+01 0 7
-1.141534e+14 -8.103055e+13 -1.208896e+14 -1.381271e-01 2.618331e-01 -9.551776e-01 4.592228e+00 0 7106489
8.221753e+13 6.227380e+13 1.502467e+14 -2.213556e-01 8.576261e-01 4.641973e-01 -1.782162e+00 0 346178
4.174772e+13 -1.062917e+14 -1.294413e+14 7.981761e-01 -5.866188e-01 -1.370887e-01 -9.631936e-01 0 11013764
-7.532439e+13 -1.050432e+14 -1.212093e+14 -7.169020e-01 6.550553e-02 -6.940897e-01 -2.042812e+01 0 2500878
1.440668e+14 5.955768e+13 -7.742814e+13 7.214879e-01 1.704280e-01 -6.711256e-01 -1.014318e+01 0 2483539
1.754616e+14 8.677410e+13 -5.244804e+13 9.282668e-01 1.950565e-01 -3.166603e-01 -2.508567e+01 0 10
-1.058297e+14 9.907312e+12 -1.638335e+14 -1.563795e-01 2.475298e-01 -9.561770e-01 1.488158e+01 0 94
4.719900e+13 5.750868e+13 -1.544050e+14 -1.213225e-01 -5.261723e-01 -8.416790e-01 -1.039265e+01 0 1881204
-3.896526e+13 -9.429097e+13 1.360660e+14 5.501233e-01 -8.317719e-01 -7.429596e-02 2.358170e+01 0 5069404
-5.681993e+12 -1.834577e+14 6.340655e+13 -8.182443e-01 -5.727569e-01 4.925245e-02 -9.247593e+00 0 22
9.673252e+12 1.691319e+13 -1.706282e+14 1.810276e-01 -2.833558e-01 -9.417741e-01 3.363385e+00 0 3332362
-8.616907e+13 8.715472e+13 1.183967e+14 -4.556987e-01 1.284898e-01 8.808116e-01 -6.474280e+00 0 18
6.578160e+13 1.684610e+14 5.835852e+12 3.261766e-01 8.707292e-01 -3.680210e-01 2.198134e+01 0 5558743
1.895223e+14 4.858324e+13 -1.597557e+13 7.676070e-01 5.708188e-01 -2.914540e-01 -8.207918e+00 0 8610586
-1.238894e+14 5.298177e+13 -1.146842e+14 -7.148620e-01 4.132013e-01 -5.641250e-01 1.343229e+01 0 14571123
-3.550455e+13 -8.555642e+13 1.742512e+14 -3.936147e-01 -5.358567e-01 7.469438e-01 -9.990417e+00 0 1
1.528705e+14 -4.768217e+13 -7.119526e+13 9.616600e-01 8.656559e-02 -2.602239e-01 2.464933e+01 0 94
1.008894e+14 -1.369715e+14 -4.538679e+13 7.699313e-01 -6.111955e-01 -1.834279e-01 -5.016751e+00 0 5199247
-1.664620e+13 5.142881e+13 1.652948e+14 3.075942e-01 -5.276593e-01 7.918090e-01 7.971408e+00 0 17178650
-1.157635e+14 6.647602e+13 1.047846e+14 -3.123995e-01 9.114631e-01 -2.676595e-01 -2.089610e+01 0 2512
6.209572e+13 -1.605039e+14 7.383560e+13 -6.595959e-02 -7.415496e-01 6.676477e-01 -3.155646e+01 0 16
-6.150708e+13 -1.385982e+14 7.813383e+13 -8.641784e-01 -1.715392e-01 4.730434e-01 -2.150033e+01 0 8662625
2.860501e+13 -5.801278e+12 1.780880e+14 -5.926899e-01 4.163585e-01 6.894666e-01 1.570211e+01 0 18227589
-1.190666e+14 1.900726e+13 -1.195029e+14 -5.658915e-01 -4.462398e-01 -6.932798e-01 4.117656e+00 0 826771
-1.088716e+14 1.421259e+13 1.310947e+14 -6.584770e-01 -7.327257e-01 1.718171e-01 2.380472e+01 0 10
-1.179802e+14 1.058953e+14 -6.625399e+13 1.745919e-01 9.757183e-01 -1.322553e-01 -2.672117e+01 0 2879050
-1.186861e+13 -1.712667e+14 -4.586875e+12 -3.014155e-01 -8.061138e-01 5.092438e-01 1.354709e+01 0 739452
1.156688e+14 -6.320588e+13 1.069891e+14 9.951440e-01 -7.099036e-02 -6.818270e-02 1.136436e+01 0 3205933
-1.699216e+14 -7.172948e+12 2.244208e+13 -5.128336e-01 6.459156e-01 5.655039e-01 -2.970290e+01 0 2098365
-1.302211e+14 1.120527e+14 3.054511e+13 -8.376521e-01 3.473611e-01 -4.215202e-01 -8.323622e+00 0 11318163
2.487032e+13 -1.739225e+14 -9.253950e+12 2.812818e-01 -7.725860e-01 -5.692024e-01 2.141953e+01 0 9118024
3.743476e+13 3.223363e+13 1.624223e+14 5.311549e-01 -8.041882e-02 8.434497e-01 -1.090787e+01 0 1150290
-1.222658e+14 -3.717944e+13 -1.178686e+14 -2.096624e-01 -5.068564e-01 -8.361449e-01 1.686648e+01 0 4061373
4.975825e+12 -1.047287e+14 -1.333493e+14 -2.077699e-01 -9.770431e-01 4.710081e-02 -1.367989e+00 0 4333717
1.784711e+14 -2.900400e+13 -3.169725e+13 9.478988e-01 3.030240e-01 9.830743e-02 2.743453e+01 0 78790
-8.647824e+13 -4.801705e+13 -1.453700e+14 -1.833580e-01 -8.476875e-01 -4.978009e-01 -5.519062e-01 0 7
-1.027808e+14 -9.020883e+13 1.020776e+14 5.056976e-01 -7.833091e-01 3.615202e-01 1.771278e+00 0 13867352
8.824882e+13 -1.218655e+14 -8.050304e+13 -3.011619e-01 -8.260204e-01 -4.764367e-01 -2.239678e+01 0 7828307
-5.393836e+13 -2.397363e+13 1.617414e+14 1.308163e-01 -1.326569e-01 9.824913e-01 9.751626e+00 0 734331
1.447867e+14 1.230986e+13 -9.242397e+13 8.118404e-01 2.846796e-02 -5.831849e-01 -1.835966e+01 0 430019
1.340641e+14 -2.757919e+13 -1.154940e+14 4.204885e-01 -1.545578e-01 -8.940365e-01 -2.150690e+01 0 11130369
-3.690104e+13 4.215249e+13 -1.602852e+14 3.808670e-01 4.762916e-01 -7.925192e-01 -3.166663e+00 0 5387433
1.440948e+14 -8.474389e+13 3.203591e+13 5.479213e-01 -6.496598e-01 5.269956e-01 -2.101739e+01 0 6995047
-8.906292e+13 2.510508e+13 -1.749504e+14 -7.257775e-01 1.894649e-01 -6.613244e-01 1.436128e+01 0 10352184
1.941139e+14 -4.608692e+13 1.946159e+13 6.950382e-01 -7.091559e-01 -1.184053e-01 -5.085812e+00 0 2629161
1.224509e+14 8.801699e+12 -1.215021e+14 9.295945e-01 1.637004e-01 3.302367e-01 -1.249966e+01 0 11086929
9.467411e+13 -3.133316e+13 1.400181e+14 -1.157731e-01 4.097649e-01 9.048145e-01 -5.497879e+00 0 10
-3.381341e+13 -7.269033e+13 1.497136e+14 -7.847397e-01 4.877037e-01 3.825293e-01 3.220817e-01 0 13342264
-2.610018e+12 -1.404909e+14 -9.544396e+13 -2.181762e-01 -9.650548e-01 -1.451494e-01 1.196049e+01 0 2768862
-5.970334e+13 1.286985e+14 1.196225e+14 -2.208857e-01 1.093725e-01 9.691477e-01 2.132378e+01 0 2
4.212791e+13 1.798418e+14 -5.656312e+12 2.418397e-01 9.702995e-01 5.698469e-03 1.604411e+01 0 1
4.159499e+13 -5.232683e+13 -1.576888e+14 -7.063538e-01 -4.324210e-01 -5.604251e-01 -2.411765e+01 0 506691
1.636393e+14 -4.028227e+13 3.086071e+13 7.002211e-01 6.883033e-01 1.895495e-01 8.434618e+00 0 1
-2.516541e+13 -1.781454e+14 -4.161437e+12 -2.259625e-01 -8.876406e-01 -4.012917e-01 7.128859e+00 0 4146820
7.332316e+13 1.540060e+14 -8.474684e+13 5.865875e-01 2.462860e-01 -7.715298e-01 -2.654042e+01 0 1571966
7.776993e+13 1.099864e+14 -1.106120e+14 3.331473e-01 9.423181e-01 -3.239466e-02 -1.349246e+01 0 17
1.667322e+14 -9.083355e+12 -3.309802e+13 6.456939e-01 -2.814989e-02 -7.630773e-01 9.844882e+00 0 2056316
-6.853887e+13 -1.227233e+14 -9.545578e+13 -5.439532e-01 -5.962827e-01 5.903913e-01 1.248341e+01 0 8073049
2.799956e+13 1.653089e+14 -2.659523e+13 5.008764e-01 6.794290e-01 -5.361894e-01 -2.256005e+01 0 5
-1.149276e+14 7.532751e+13 1.173104e+14 -9.137037e-01 2.579137e-01 3.140477e-01 -2.835892e+00 0 8
1.411319e+13 1.076544e+14 -1.537109e+14 5.161295e-02 5.342390e-01 -8.437563e-01 1.348428e+01 0 3312219
1.291985e+14 9.237589e+13 -6.112257e+13 8.664664e-01 7.695067e-03 -4.991761e-01 -1.490942e+01 0 4461455
-1.185058e+14 1.418433e+14 -1.858298e+13 6.498978e-02 9.737424e-01 2.181789e-01 -3.278212e+01 0 5
5.169854e+12 -9.486987e+13 -1.411484e+14 8.491448e-02 -8.477455e-01 -5.235620e-01 -4.229718e+00 0 434440
-1.668453e+14 -3.203788e+13 8.806228e+12 -6.871413e-01 3.817350e-01 6.181547e-01 -9.921898e-01 0 1356845
-5.874002e+13 8.383679e+13 1.373269e+14 2.633987e-01 5.684873e-01 7.793865e-01 -1.570100e+01 0 1169045
4.611022e+13 1.542680e+14 -5.366428e+13 3.689163e-01 6.697538e-01 -6.444614e-01 4.261504e-01 0 13970325
2.231876e+14 -9.160844e+13 -1.329870e+13 8.306722e-01 -4.765603e-01 2.878783e-01 1.561748e+01 0 4037712
6.396806e+13 -1.426077e+14 -7.663834e+13 5.143043e-01 -1.440365e-01 -8.454257e-01 -8.941318e+00 0 1507919
1.531172e+14 -1.035727e+14 -4.067611e+13 3.740822e-01 -8.624296e-01 3.409950e-01 6.490226e+00 0 3
-2.351398e+13 -9.871829e+12 -1.721312e+14 -1.445271e-01 -4.674118e-01 -8.721457e-01 -8.733026e+00 0 1420088
5.102735e+13 7.043544e+13 -1.466573e+14 2.219717e-01 -1.170822e-01 -9.679981e-01 1.909506e+01 0 4394310
-6.632183e+13 1.052705e+14 1.271961e+14 8.692041e-02 9.610108e-01 2.624941e-01 -2.738743e+01 0 69
-7.037989e+13 1.374234e+14 -7.315405e+13 -3.065769e-02 9.861851e-01 -1.627853e-01 -1.927606e+01 0 8320589
1.309106e+14 -9.766352e+13 -4.933628e+13 1.116082e-01 -8.689276e-01 4.821912e-01 -2.228919e+00 0 2124706
-1.578546e+14 -1.486070e+14 9.403947e+13 -3.906735e-01 -5.621465e-01 7.289483e-01 -1.365757e+01 0 8394883
-2.920493e+13 1.295381e+14 1.091712e+14 -7.879217e-02 9.819184e-01 1.721281e-01 -9.840014e+00 0 1583159
-1.460740e+14 1.064139e+12 -8.649868e+13 -8.645912e-01 -2.670034e-04 5.024758e-01 -1.916904e+00 0 16359
1.141843e+14 -6.420624e+13 -1.368304e+14 8.945806e-01 5.266171e-02 -4.437930e-01 2.202150e+01 0 294912
-1.548073e+14 -5.957000e+13 3.644002e+13 -7.813689e-01 2.719275e-01 5.617099e-01 -1.653688e+01 0 320365
1.331508e+14 -1.049375e+14 9.356242e+12 9.907161e-01 -6.238761e-02 1.207867e-01 1.311460e+01 0 16494679
-9.974579e+12 1.851609e+14 1.140680e+13 -3.676955e-01 9.241200e-01 1.039341e-01 -7.743843e+00 0 5999252
3.230237e+13 -3.358436e+13 1.700006e+14 -8.417005e-03 1.713374e-01 9.851765e-01 6.886693e+00 0 1082846
7.643239e+13 1.479421e+14 5.451346e+13 4.454401e-01 8.513040e-01 -2.772448e-01 -1.799566e+01 0 5987715
1.590715e+14 6.134092e+13 3.177023e+13 8.793446e-01 2.802365e-01 3.849943e-01 -1.930830e+01 0 7907488
9.019356e+12 4.556972e+12 1.702399e+14 7.925980e-01 -2.378850e-01 5.614259e-01 4.449309e+00 0 67247
-9.455950e+13 2.366925e+13 1.402683e+14 -7.911280e-01 6.024991e-01 1.054104e-01 -1.630414e+01 0 10635338
1.019903e+14 -1.846503e+13 1.344614e+14 4.123987e-01 6.897954e-01 5.950711e-01 5.701570e+00 0 11045455
7.954567e+13 -8.863401e+13 -1.270753e+14 -4.663135e-01 -3.504500e-01 -8.122417e-01 5.313332e+00 0 247590
1.435623e+14 -5.734265e+13 -7.741978e+13 3.589046e-01 -7.722166e-01 5.242795e-01 -2.532491e+01 0 6842033
-1.585512e+14 7.948896e+13 1.475866e+13 -9.097943e-01 -2.700659e-01 3.151805e-01 3.169288e+01 0 3670871
1.220836e+14 6.429354e+11 1.177697e+14 6.621709e-01 -1.783083e-01 7.278295e-01 -1.409716e+01 0 3556461
8.812546e+13 1.111998e+14 1.032553e+14 -2.991524e-01 6.815605e-01 6.678197e-01 2.230513e+01 0 5
-1.702268e+14 1.072264e+13 -7.788058e+13 -8.870323e-01 4.521480e-01 -9.346593e-02 6.024926e+00 0 2240754
5.834967e+13 -2.882185e+13 1.568710e+14 -5.612446e-02 -9.968106e-01 -5.673328e-02 -5.651680e-01 0 12009386
-5.370029e+13 5.338379e+13 1.517758e+14 -4.268011e-01 2.564174e-01 8.672318e-01 3.304314e-01 0 14356498
1.475255e+14 6.377006e+13 -5.700527e+13 5.988333e-01 4.200708e-02 -7.997713e-01 -1.723629e+01 0 4
1.239297e+14 1.090816e+14 -5.062969e+13 9.502729e-01 -1.876841e-01 2.485078e-01 -3.032493e+01 0 11479169
1.452279e+14 -8.943139e+13 2.054391e+12 6.720698e-01 -4.947315e-01 -5.509654e-01 8.042164e+00 0 3160284
-2.774587e+13 -1.255753e+14 -1.115415e+14 -7.500515e-01 -6.387879e-01 -1.713847e-01 -2.144723e+01 0 7
1.566208e+14 -4.487482e+13 -4.828358e+13 6.722431e-01 -5.373738e-02 7.383776e-01 -9.259310e-01 0 1810237
-7.010504e+13 -8.637552e+13 -1.294514e+14 -5.375448e-01 -7.007931e-01 4.689719e-01 -6.459719e+00 0 13
1.229110e+14 -1.018067e+14 -9.927451e+13 9.201861e-01 -4.006381e-02 -3.894258e-01 9.345305e-01 0 2036351
1.609029e+14 -5.101724e+13 1.727617e+13 6.201741e-01 -3.154717e-01 7.182351e-01 2.454449e+00 0 1261834
-9.312292e+13 -5.638148e+13 -1.358190e+14 -2.529005e-01 -8.179262e-01 -5.167572e-01 -4.992101e+00 0 27
2.311402e+13 1.370175e+13 -1.821166e+14 5.454580e-01 1.957226e-01 -8.149652e-01 1.950103e+01 0 11337022
-7.831980e+13 1.318149e+14 8.155437e+13 2.107080e-01 7.228861e-01 6.580561e-01 -3.358837e+00 0 2561233
-7.507715e+13 1.215249e+14 -9.795489e+13 -3.966523e-01 8.615953e-01 3.167341e-01 -1.010177e+01 0 8360362
-4.575099e+13 4.436699e+13 1.693112e+14 -7.120419e-01 -3.540912e-01 6.063133e-01 2.056612e+01 0 8696610
-1.269216e+14 -1.091756e+14 -3.858512e+13 3.183543e-01 -9.418289e-01 -1.077439e-01 3.341107e+01 0 3
-9.500133e+13 5.061676e+13 -1.377008e+14 -7.928431e-01 6.089905e-01 -2.303100e-02 -1.323233e+01 0 4193619
3.898606e+13 1.291700e+14 1.028353e+14 4.736436e-01 4.133603e-01 7.776856e-01 -2.245076e+00 0 7
1.381084e+12 1.667357e+14 3.216161e+13 5.650145e-01 7.661015e-01 3.063449e-01 -1.733173e+01 0 5411
8.170495e+13 -1.059222e+13 -1.648318e+14 6.208647e-01 2.377660e-01 -7.469902e-01 1.519829e+01 0 10497870
-1.364103e+14 8.253181e+13 -6.364782e+13 -8.946956e-01 3.010222e-01 -3.300082e-01 -2.041447e+00 0 2036890
-7.180523e+13 -1.492025e+14 4.941953e+13 6.021495e-01 -3.689758e-01 7.080062e-01 4.516103e+00 0 1451719
1.240683e+14 1.078145e+14 6.187575e+13 8.307450e-01 3.839708e-01 -4.030250e-01 -2.135415e+01 0 6603426
1.264190e+14 -1.835173e+13 -1.323958e+14 1.414473e-01 5.486584e-01 -8.239943e-01 -8.365719e+00 0 3961730
8.120640e+13 1.246810e+14 -8.390066e+13 1.467414e-01 9.588695e-01 -2.429738e-01 2.161176e+01 0 4612837
9.821145e+13 8.357015e+13 1.105503e+14 6.270399e-01 6.447558e-01 4.371623e-01 1.242615e+01 0 2217264
6.660314e+13 1.544139e+14 3.147482e+13 -1.674027e-02 8.634130e-01 5.042200e-01 2.364306e+01 0 104123
1.403006e+14 8.787505e+13 -7.234452e+13 8.761754e-01 4.125716e-01 2.492014e-01 9.795073e+00 0 571687
8.521981e+13 1.239034e+13 -1.496679e+14 9.024430e-01 3.786116e-01 2.055479e-01 1.444082e+01 0 8823937
7.591625e+13 -1.425839e+14 5.607127e+13 9.196907e-01 -2.821884e-01 2.730180e-01 2.178102e+01 0 254315
-4.347083e+13 5.973341e+13 -1.655061e+14 -6.123493e-01 7.298256e-01 -3.039454e-01 -1.541240e+01 0 1620835
-1.955938e+14 7.216917e+13 4.109411e+13 -7.559817e-01 1.733695e-01 6.312168e-01 1.821640e+01 0 4752430
-1.237992e+14 1.119165e+14 3.049880e+13 -1.765260e-01 6.026141e-01 -7.782639e-01 -2.862488e+00 0 560930
-9.784037e+13 -5.214311e+13 1.289142e+14 -7.690208e-01 -5.719549e-02 6.366597e-01 9.336212e+00 0 22
-1.905343e+13 1.656551e+14 6.505757e+13 -2.245953e-01 5.252222e-01 8.207915e-01 -1.411547e+01 0 4
3.674245e+12 1.388049e+14 1.066255e+14 -1.809876e-01 2.710792e-01 9.453886e-01 2.520567e+01 0 1690259
-1.594863e+14 4.950923e+13 6.546654e+13 -9.923965e-01 1.814829e-03 -1.230688e-01 -8.732672e+00 0 6026628
-1.135785e+14 1.025376e+13 -1.265592e+14 -5.007666e-01 -1.835569e-01 -8.458958e-01 -3.198072e+00 0 7141592
-1.761484e+14 1.086184e+13 1.732001e+12 -8.420348e-01 4.554394e-01 2.890543e-01 3.765445e+00 0 9226596
-5.147661e+13 -2.319422e+14 -7.139548e+13 -1.992221e-01 -8.910206e-01 -4.079129e-01 -2.110361e+01 0 2757053
-8.331566e+13 -1.358336e+14 8.122512e+13 -7.245324e-02 -3.489365e-01 9.343414e-01 1.274049e+01 0 789800
1.126689e+14 1.033947e+14 7.424826e+13 8.714741e-01 2.914916e-01 3.944180e-01 1.251939e+01 0 7066278
-7.521716e+13 -1.333347e+14 8.658941e+13 -6.456999e-01 -7.635316e-01 -9.546011e-03 -1.587894e+01 0 7
-1.505246e+14 -5.108139e+13 -5.930752e+13 -3.959588e-01 4.488715e-01 -8.010811e-01 -2.483082e+01 0 1
-1.264652e+14 8.288596e+13 1.122995e+14 -6.856733e-01 4.137989e-01 5.988510e-01 -1.687358e+01 0 50
9.824086e+13 -9.421101e+13 -1.061897e+14 8.607082e-01 1.394916e-01 -4.896157e-01 5.418956e+00 0 790552
-6.455909e+13 1.201768e+14 -1.049696e+14 -4.639787e-01 7.676248e-01 -4.421266e-01 -2.721109e+00 0 19
-1.224301e+14 -1.141255e+14 -3.043243e+13 -6.681565e-01 -5.213870e-01 5.307753e-01 1.001871e+01 0 8
-1.416956e+14 6.000439e+13 7.245331e+13 -6.116527e-01 7.909871e-01 -1.484839e-02 -2.200101e+01 0 1467134
-5.450420e+13 5.550912e+13 1.518319e+14 -4.617106e-01 6.115956e-01 6.424749e-01 2.866928e+00 0 14434
-9.977625e+13 1.461676e+14 3.134937e+13 -7.651577e-01 6.405818e-01 -6.471995e-02 2.379895e+01 0 5
2.018154e+13 1.240597e+14 1.168694e+14 5.671713e-01 4.066322e-01 7.162171e-01 -1.555819e+01 0 6065249
-1.085868e+14 1.014177e+14 -1.096566e+14 -8.226064e-01 5.173181e-01 -2.360099e-01 -1.910411e+01 0 5590833
-1.287248e+13 -1.651569e+14 3.672526e+13 6.717317e-01 -6.550922e-01 -3.458767e-01 9.994042e+00 0 3871845
7.912033e+13 1.352939e+14 8.941987e+13 9.766498e-01 -1.566304e-01 1.470446e-01 4.454409e+00 0 17
-4.348958e+13 5.243480e+13 1.594880e+14 -6.243737e-01 -1.950908e-01 7.563710e-01 1.778599e+01 0 20102864
9.467996e+13 -1.679402e+14 -8.085859e+13 6.595680e-01 -7.366528e-01 -1.493743e-01 2.670220e+01 0 2
-1.695897e+14 1.545206e+13 1.327975e+14 -8.877652e-01 4.520778e-01 -8.659522e-02 9.805173e+00 0 4031213
-9.383118e+13 -7.372188e+13 -1.228943e+14 -1.070272e-02 2.921046e-01 -9.563265e-01 2.763074e+00 0 5872779
1.718687e+14 -1.221750e+13 9.291015e+13 7.337664e-01 -6.613555e-02 6.761752e-01 2.346205e+01 0 16326000
1.458240e+14 -7.968295e+13 6.021518e+13 9.818506e-01 -1.062714e-01 -1.570852e-01 -5.875075e-01 0 1354076
-1.576160e+14 -3.705949e+13 -7.762764e+13 -8.188894e-01 1.560845e-02 -5.737391e-01 -2.316168e+01 0 18682514
8.032715e+13 -8.022006e+13 1.277092e+14 -4.219613e-01 8.272290e-02 9.028320e-01 1.135581e+01 0 5495665
7.375612e+13 -1.336377e+14 9.179714e+13 -4.562242e-01 -5.490812e-01 7.002638e-01 -3.030186e+01 0 2
-2.792751e+13 -1.658714e+14 -3.533305e+13 2.616932e-01 -6.805905e-01 6.843342e-01 -7.969315e+00 0 13
1.617155e+14 3.095330e+13 -8.769028e+13 9.471372e-01 -2.069170e-01 -2.451865e-01 -2.120181e+01 0 2415783
6.035747e+13 6.363010e+13 1.469980e+14 2.911937e-01 9.560998e-01 -3.285450e-02 -6.623718e+00 0 9092619
2.723929e+13 -1.523688e+13 2.055030e+14 5.589303e-01 4.954652e-01 6.649143e-01 -1.586060e+01 0 946479
-1.223755e+13 2.467458e+13 1.689603e+14 1.768017e-01 3.025905e-01 9.365790e-01 5.480576e+00 0 1558050
1.097252e+14 -7.982022e+13 -1.036190e+14 3.982136e-01 -9.140684e-01 7.684399e-02 3.004171e+00 0 15210600
-8.036031e+13 -5.561343e+13 1.409446e+14 2.946899e-01 -1.659954e-01 9.410650e-01 -8.264900e+00 0 3243589
-4.621840e+13 1.656229e+14 2.936790e+13 -4.482247e-01 1.760306e-01 8.764176e-01 -5.230093e+00 0 5
-1.155108e+14 -1.283120e+14 -1.732319e+13 2.672464e-01 -6.615233e-01 -7.006899e-01 3.238974e+01 0 4
1.039693e+14 -1.239024e+14 -5.197760e+13 3.613010e-01 -6.652377e-01 6.533915e-01 -1.318291e+01 0 5202223
-1.191118e+14 -8.147906e+13 9.587460e+13 -9.900378e-01 3.011091e-02 -1.375443e-01 5.306940e-01 0 15
5.157710e+13 1.342372e+14 1.151674e+14 -4.453827e-01 6.483683e-01 6.174567e-01 2.674675e+01 0 16
-6.799494e+13 -3.666517e+13 1.512238e+14 -2.260799e-01 9.271885e-01 2.986793e-01 -5.232501e+00 0 5323915
2.243523e+13 3.086697e+13 1.654236e+14 1.413482e-02 -6.582314e-01 7.526829e-01 -1.217211e+01 0 2624597
-1.359805e+14 -5.251577e+13 8.770423e+13 -7.026370e-01 -6.964671e-01 -1.457219e-01 -2.860950e+00 0 5350795
1.848585e+13 -1.333825e+14 -1.073062e+14 -6.512888e-02 -4.435748e-01 -8.938678e-01 4.083664e+00 0 3138446
-1.602178e+13 -4.896401e+13 -1.639648e+14 -6.375023e-01 -3.085790e-01 -7.059531e-01 1.908782e+01 0 9122383
4.550365e+13 -1.586812e+14 -6.003667e+13 5.773172e-01 -5.196155e-01 -6.298449e-01 1.644940e+00 0 6213729
-7.213748e+13 -1.660102e+14 -6.154158e+12 -5.232169e-01 -7.627951e-01 -3.799839e-01 3.703892e+00 0 24151
3.357431e+13 -1.800858e+14 5.930599e+13 6.334326e-01 -7.621703e-01 -1.336398e-01 -2.395692e+00 0 92
1.810842e+12 -1.966570e+14 5.413344e+13 1.516621e-02 -9.829228e-01 -1.833926e-01 -1.595690e+01 0 1374930
-2.070659e+14 -2.876107e+13 -8.614415e+13 -9.356493e-01 9.966689e-03 3.527905e-01 1.540158e+01 0 6115303
-1.705931e+14 -5.428195e+13 -1.743563e+13 -8.967426e-01 -7.060873e-02 -4.368835e-01 8.642775e+00 0 25213751
-7.698699e+13 -3.549050e+13 1.523400e+14 -4.272254e-01 -7.529330e-01 5.005700e-01 1.764327e-01 0 5561594
-1.597519e+14 -1.178559e+14 2.538797e+12 -9.909659e-01 6.723139e-02 -1.160455e-01 -3.375323e+01 0 13
-1.611314e+14 -6.005397e+13 8.416604e+13 -5.493797e-01 -2.260958e-01 8.044020e-01 -1.085369e+01 0 1264236
-1.027191e+14 -1.305996e+14 5.864827e+13 -5.831007e-01 -8.012556e-01 -1.341009e-01 -1.639038e+01 0 7394560
-3.358074e+13 5.641724e+11 1.669667e+14 5.338445e-01 4.521738e-01 7.145270e-01 -1.296057e+01 0 281872
-6.640424e+13 1.329317e+14 -9.920179e+13 -8.839061e-02 8.804730e-01 -4.657836e-01 4.145241e+00 0 888897
-1.307529e+14 5.422387e+13 9.480613e+13 -8.369234e-01 -1.949818e-01 5.114111e-01 1.189837e+01 0 323701
1.345989e+14 6.105060e+13 -8.328610e+13 8.003070e-01 5.362400e-01 2.682448e-01 -2.180153e+00 0 1274697
1.145243e+14 8.084358e+13 -1.202074e+14 3.666894e-01 8.878588e-01 -2.779309e-01 2.303087e+01 0 10
2.845164e+11 -1.673040e+14 2.863962e+13 -2.218436e-01 -7.578389e-01 -6.135680e-01 9.522981e-01 0 10181806
-7.848949e+13 -1.479975e+14 5.228290e+13 -5.572014e-01 -8.075290e-01 -1.934517e-01 -1.725440e+01 0 26
-1.165061e+14 -1.063086e+14 9.467066e+13 -6.794603e-01 -4.779854e-01 5.566539e-01 2.454658e+01 0 1487744
1.234494e+14 -1.172741e+14 -1.350502e+13 1.143680e-01 -9.319495e-01 -3.440787e-01 -1.964810e+01 0 1699550
-1.455483e+14 -6.658063e+13 6.185316e+13 -4.345033e-01 -4.234909e-01 7.948977e-01 1.537880e+01 0 7
1.068593e+14 -1.258572e+14 -4.537719e+13 -1.723778e-01 -7.985714e-01 5.766884e-01 -5.957851e+00 0 1773801
-1.002785e+14 -1.347179e+14 5.410568e+13 -6.545245e-01 -2.560536e-01 7.113608e-01 1.131917e+00 0 5834324
-1.658327e+14 3.804766e+13 3.177329e+12 -5.042240e-01 7.262563e-01 4.672365e-01 -2.290203e+01 0 16
-6.157935e+13 1.594198e+14 4.047491e+13 -1.049308e-01 9.293627e-01 3.539413e-01 1.207424e+00 0 3290098
-1.700027e+14 3.223357e+13 -2.185389e+13 -2.074990e-01 8.610758e-01 -4.642119e-01 -5.741244e+00 0 12734940
3.879608e+13 -1.502439e+14 -7.495047e+13 -2.199345e-01 -6.541039e-01 -7.237243e-01 8.344094e+00 0 3
1.504125e+14 8.407862e+13 1.836547e+13 6.623500e-01 7.240403e-01 1.925049e-01 2.045798e+01 0 10410422
-2.031296e+13 -1.622287e+14 4.690066e+13 7.383412e-01 -4.813456e-01 4.723968e-01 2.542355e+01 0 8
-1.468558e+14 -3.268226e+13 8.773619e+13 -4.075671e-01 -5.891576e-01 6.976979e-01 1.733315e+01 0 5797733
-1.493041e+14 -4.955778e+13 -6.544909e+13 -4.592431e-01 -8.768849e-01 1.420166e-01 2.943185e+01 0 11
9.942134e+13 1.280304e+14 -8.021887e+13 7.984987e-01 4.206927e-01 -4.306014e-01 -1.572306e+01 0 4125749
-1.041512e+14 -1.087412e+14 7.996469e+13 -8.889860e-01 -1.916798e-01 4.158878e-01 -2.464467e+01 0 68
-4.163607e+13 1.069078e+14 -1.269456e+14 -2.214613e-02 8.832005e-01 -4.684724e-01 4.543324e+00 0 9
5.557718e+13 1.154361e+14 1.163343e+14 -2.088556e-01 8.612297e-01 4.633171e-01 -6.936233e+00 0 5447067
-2.161965e+13 2.125205e+14 -3.253974e+13 5.130859e-01 8.159469e-01 2.664085e-01 -4.017732e+01 0 1354922
-1.105785e+14 -1.541185e+14 -1.209032e+14 -1.388528e-01 -5.746388e-01 -8.065421e-01 -1.460074e+01 0 2846004
6.935289e+13 -1.243209e+13 1.627241e+14 6.418123e-01 -4.101308e-01 6.479735e-01 1.127633e+01 0 12891637
1.978013e+13 1.645836e+14 -7.286646e+13 4.054497e-01 4.215904e-01 -8.110931e-01 -1.920442e+01 0 1053698
1.341444e+14 -1.591569e+14 1.077454e+14 8.808913e-01 -3.296067e-01 3.396910e-01 3.132595e+01 0 6046990
9.629068e+13 -4.111927e+13 1.357971e+14 3.892493e-01 2.314712e-02 9.208416e-01 1.285915e+01 0 2821969
3.754205e+13 -1.666891e+14 2.082387e+13 5.932635e-01 -5.844766e-01 5.535571e-01 -8.154214e+00 0 14022504
-9.084978e+12 -5.136650e+13 1.614281e+14 3.129740e-02 3.583612e-01 9.330583e-01 -4.734698e+00 0 184087
8.557992e+13 7.464558e+13 -1.266878e+14 -3.721158e-01 5.093554e-01 -7.759426e-01 3.789538e-01 0 4611917
1.100394e+13 -1.637500e+14 -6.190146e+13 -3.214301e-01 -6.060311e-01 -7.276050e-01 -2.105796e+01 0 895474
-1.506335e+14 -1.143206e+14 -2.159157e+13 -8.639208e-01 -1.744385e-02 -5.033256e-01 -3.140257e+01 0 7
-7.718183e+13 6.693951e+13 1.424786e+14 -3.566136e-01 -6.432238e-02 9.320351e-01 2.462352e+01 0 2044979
-1.309953e+14 -1.080392e+14 1.533042e+13 -8.828461e-01 -1.442413e-01 -4.469644e-01 3.861708e+00 0 1
-3.750162e+13 7.201347e+13 -1.522559e+14 2.665096e-01 1.593436e-01 -9.505694e-01 -1.534190e+01 0 779635
-1.111508e+14 -5.583867e+13 1.163015e+14 -8.803459e-01 -7.893455e-02 4.677183e-01 3.355490e+00 0 3081033
-1.010693e+14 1.293502e+14 8.834641e+13 -1.627562e-01 9.708048e-01 1.762057e-01 -2.617934e+01 0 2
4.033242e+13 -2.608736e+13 1.630853e+14 6.137079e-01 3.795647e-01 6.923101e-01 -4.446354e+00 0 2779880
1.056255e+14 -1.345780e+14 4.343815e+13 6.284761e-01 -5.415808e-01 5.583081e-01 1.105842e+01 0 10848872
2.549840e+13 8.762258e+13 -1.453864e+14 -1.703917e-01 7.525900e-01 -6.360620e-01 -1.562978e+00 0 632269
-7.903795e+12 1.651602e+14 -4.761983e+13 8.384762e-01 5.272919e-01 -1.375534e-01 -4.668839e+00 0 13183718
2.468979e+13 5.106485e+13 1.599571e+14 5.469533e-01 -3.933461e-01 7.390000e-01 -1.171394e+01 0 5577454
-9.046772e+13 -7.532820e+13 -1.226938e+14 -7.537881e-01 5.785609e-01 -3.115619e-01 -2.648915e+01 0 4219053
-8.524820e+13 1.408345e+14 -7.841049e+13 -3.080664e-01 7.270929e-01 -6.135397e-01 9.401334e+00 0 409438
8.235503e+13 1.422348e+14 -6.130826e+13 8.750391e-01 4.702027e-01 1.149609e-01 -2.405188e+01 0 1398796
1.475202e+14 -8.003753e+13 -3.180378e+13 7.998209e-01 2.421647e-01 -5.492202e-01 2.701532e+01 0 17
-1.411604e+14 1.335673e+14 -5.219329e+12 -8.869482e-01 4.596408e-01 -4.531315e-02 2.448462e+01 0 1267112
-1.181310e+14 4.040994e+13 1.163258e+14 -5.348394e-01 7.615585e-01 -3.660265e-01 3.584657e+00 0 34
1.578906e+14 -1.050382e+13 -1.026253e+14 9.650860e-01 -1.953204e-03 -2.619261e-01 -1.134302e+01 0 2047431
4.076896e+13 -1.473973e+14 -8.722345e+13 4.048899e-01 -7.637716e-01 5.027098e-01 2.098038e+01 0 2531547
-1.477671e+14 7.930886e+13 -2.985706e+13 -7.260372e-01 3.050924e-01 -6.162699e-01 1.502687e+01 0 2
8.318617e+13 -1.019868e+14 1.124741e+14 -5.450289e-01 -5.032589e-01 6.705774e-01 3.560702e+00 0 13485889
2.408470e+14 8.142981e+13 -2.936350e+13 9.994986e-01 2.513355e-03 3.156242e-02 -3.190599e+01 0 1
-2.547140e+13 -1.434887e+14 9.658363e+13 -4.456815e-01 -4.671048e-01 7.636630e-01 -1.824581e+01 0 12
9.330022e+13 -1.991434e+14 9.884419e+13 5.230636e-01 -6.441881e-01 5.580557e-01 2.346822e+01 0 5395014
-8.897704e+13 -8.992799e+13 -1.130935e+14 2.200510e-01 3.726636e-01 -9.014984e-01 1.037904e+01 0 2
-8.859854e+13 -1.168448e+14 -8.661238e+13 -8.014745e-01 -4.492788e-01 -3.946987e-01 -2.009992e+00 0 4103144
-1.556991e+14 1.103892e+13 -6.849867e+13 -4.492497e-01 6.956826e-01 -5.605358e-01 1.863272e+00 0 13436620
-8.227918e+12 -1.665115e+14 -4.400713e+13 -3.684484e-01 -9.296426e-01 -3.231842e-03 -1.614827e+01 0 6394277
3.299257e+13 -5.025117e+13 1.610000e+14 -3.635983e-01 -4.037041e-01 8.395352e-01 -1.697954e+01 0 31416
-1.547448e+14 6.127398e+13 4.070459e+13 -5.709516e-01 -4.108923e-01 7.107614e-01 7.109272e+00 0 11899620
-1.220039e+14 2.160622e+12 1.274997e+14 -5.812726e-01 6.690990e-01 4.630645e-01 -2.286307e+01 0 10238672
-1.796748e+14 -4.459359e+13 -1.447918e+14 -4.673461e-01 1.924433e-01 -8.628750e-01 1.483271e+01 0 715277
1.290313e+14 1.389651e+14 -5.466289e+13 4.418178e-01 3.079844e-01 -8.425809e-01 -2.241504e+01 0 1
1.463004e+14 3.833639e+13 -7.700513e+13 4.976015e-01 -5.844873e-01 -6.409113e-01 -1.887120e+01 0 3407389
-4.955757e+13 -1.160740e+14 -1.313984e+14 -3.745624e-01 -2.471125e-01 -8.936657e-01 -2.174305e+01 0 13189741
1.109407e+14 -7.766696e+13 -1.124300e+14 9.035929e-01 4.345818e-02 -4.261823e-01 -5.018760e+00 0 11842647
3.211301e+13 -1.668221e+14 2.560382e+13 -7.013192e-02 -9.580029e-01 2.780501e-01 1.146261e+01 0 10461096
-1.707625e+14 -1.044779e+13 1.154722e+13 -9.465174e-01 -2.258638e-01 -2.304133e-01 2.110696e+01 0 6
-1.224707e+14 6.175122e+12 -1.192558e+14 -3.224724e-01 -2.809286e-01 -9.039307e-01 -5.158219e+00 0 1753062
1.186863e+14 -1.168931e+14 5.529914e+13 1.037929e-01 -9.368436e-01 3.339928e-01 -2.484926e+01 0 3
-7.712500e+12 -8.713012e+13 -1.521666e+14 -5.158083e-01 5.149072e-01 -6.846988e-01 1.916342e+00 0 5381007
1.230891e+14 9.007941e+13 -1.049895e+14 4.650210e-01 7.165702e-01 -5.198871e-01 -5.727272e+00 0 674660
-1.815422e+14 -8.083655e+13 7.945683e+13 -7.628924e-01 -4.734341e-01 4.402900e-01 -1.147515e+01 0 9334192
1.446335e+14 -4.273485e+13 8.183088e+13 8.085116e-01 3.257740e-01 4.900820e-01 1.972783e+01 0 21979992
-1.297301e+14 4.946383e+13 -1.193943e+14 -8.063318e-01 3.325061e-01 -4.891510e-01 -7.865100e+00 0 920776
4.717429e+13 -1.568073e+14 -8.224812e+13 6.598685e-01 -5.671105e-01 -4.929089e-01 2.300102e+01 0 21996503
1.266517e+13 1.726807e+14 -3.249999e+12 1.246546e-01 6.290444e-01 -7.673098e-01 9.280821e+00 0 1373480
3.018111e+13 -1.703630e+14 1.238286e+13 4.502415e-01 -6.003600e-01 6.609466e-01 -5.306133e+00 0 1280408
-7.211207e+13 -3.920076e+13 -1.607363e+14 -2.795083e-01 3.630781e-01 -8.888472e-01 -1.320787e+01 0 1040648
-1.262387e+14 -1.159822e+14 3.759637e+13 -9.114875e-01 -3.638432e-01 1.918558e-01 -1.631515e+01 0 89
-1.664054e+14 -8.847526e+11 4.769400e+13 -8.959439e-01 -1.462050e-01 -4.194146e-01 -4.893786e+00 0 45
-1.389113e+14 9.555698e+13 2.143637e+13 -7.935052e-01 5.084382e-01 3.344249e-01 6.215080e+00 0 3120761
-1.399602e+14 -7.413142e+13 6.887749e+13 -4.608802e-01 -5.944614e-01 6.589424e-01 1.968854e+01 0 2218837
-8.431408e+13 8.463863e+13 1.208289e+14 -1.881053e-01 7.527480e-01 6.308620e-01 -9.142042e+00 0 353848
-2.617873e+13 3.868119e+11 1.750048e+14 -6.660031e-01 4.427282e-01 6.003595e-01 -2.753300e+01 0 15
1.247182e+14 1.181136e+13 -1.159106e+14 9.363990e-01 8.147615e-02 -3.413482e-01 5.682928e+00 0 11209152
4.329836e+13 -7.524794e+13 -1.474629e+14 5.812103e-01 -6.265436e-01 -5.192665e-01 9.399781e+00 0 226189
-5.829126e+13 -1.102577e+14 1.172962e+14 5.693681e-01 -1.799692e-01 8.021415e-01 -5.494412e+00 0 6
-8.582660e+13 1.432430e+14 4.079117e+13 -8.491655e-01 4.729634e-01 2.349970e-01 -8.356585e+00 0 455656
-6.538616e+13 -5.329071e+12 -1.579422e+14 -2.712311e-01 -8.163340e-01 -5.099338e-01 1.664737e+01 0 12974545
1.881077e+13 -1.650783e+14 3.435808e+13 -5.061824e-01 -7.376897e-01 -4.467585e-01 -2.244248e+01 0 11607578
-5.369738e+13 -1.380298e+14 -8.268645e+13 6.291490e-01 -6.347470e-01 4.486288e-01 2.537055e+01 0 1099438
8.993445e+13 -5.511751e+13 -1.337410e+14 8.655447e-01 4.016982e-01 -2.991170e-01 2.919253e+00 0 1
1.543407e+14 -1.046161e+14 -4.087532e+13 3.462559e-01 -8.892759e-01 2.988231e-01 -2.757281e+01 0 1617206
1.261952e+14 -1.172231e+14 -4.465836e+12 4.489881e-01 -8.608941e-01 -2.393137e-01 -2.234166e+01 0 25354103
-8.307959e+12 -1.605678e+14 -7.174362e+13 -4.156387e-01 -8.874507e-01 -1.991876e-01 -1.990097e+01 0 15678954
1.364313e+14 -1.072086e+14 -1.751163e+13 9.746897e-01 -1.917631e-01 1.149216e-01 1.891807e+01 0 3534364
-7.622347e+13 4.684888e+13 1.472516e+14 -4.249308e-01 -4.592411e-01 7.800842e-01 1.982427e+00 0 120098
-9.457113e+12 -9.839615e+13 1.379059e+14 -7.200051e-01 3.483308e-01 6.002153e-01 -9.761065e-01 0 4001081
1.065487e+14 -1.155218e+14 -6.602938e+13 1.902547e-01 -7.791483e-01 5.972696e-01 1.379405e+00 0 2565253
1.441065e+14 -8.168436e+13 4.268249e+13 8.961591e-01 4.380918e-01 7.052978e-02 2.377333e+01 0 8571632
1.279678e+14 5.061732e+13 1.113291e+14 -1.722224e-01 9.368446e-01 3.044038e-01 2.886528e+01 0 12565883
6.617345e+13 -1.694754e+14 -4.550382e+13 -1.678767e-01 -7.435000e-01 -6.473215e-01 7.103570e+00 0 181271
-1.108322e+14 1.235458e+14 -4.176851e+13 -4.433214e-01 7.729249e-01 4.539309e-01 -1.057430e+01 0 11126376
1.022399e+14 7.958095e+13 1.098066e+14 5.048738e-01 3.486583e-01 7.896454e-01 -6.915312e+00 0 4347916
1.061494e+13 -1.044526e+14 -1.339722e+14 -4.067239e-01 -3.921056e-01 -8.251236e-01 1.075336e+01 0 7916151
-1.240673e+14 -6.577056e+13 9.973084e+13 -4.690120e-01 -8.826887e-01 2.980769e-02 -8.240306e-01 0 2
-1.141807e+14 8.993519e+13 -8.754117e+13 -9.300784e-01 -3.651012e-01 -4.068667e-02 1.117954e+01 0 9979064
-2.564440e+14 -7.655913e+13 -3.045757e+11 -8.645749e-01 -4.105319e-01 -2.897822e-01 2.776632e+01 0 1024843
-5.812955e+13 -1.205641e+14 1.111127e+14 1.811648e-01 -2.794413e-01 9.429167e-01 -8.977970e+00 0 36
-5.236591e+13 -1.272198e+14 1.061848e+14 -2.552079e-01 -9.644932e-01 6.798448e-02 2.168500e+01 0 1871603
-9.216002e+13 4.213022e+13 -1.470071e+14 -4.841737e-01 5.488553e-01 -6.814203e-01 -1.671084e+01 0 791
1.250199e+14 5.996461e+13 -1.029395e+14 3.709299e-01 -3.812150e-01 -8.468094e-01 -2.443649e+01 0 1548830
-8.392177e+13 7.689564e+13 1.494035e+14 -5.457783e-01 3.636906e-01 7.548875e-01 1.196671e+01 0 7627972
1.084609e+14 1.341858e+14 8.299153e+13 8.454353e-01 1.165274e-01 5.212106e-01 -3.236079e+01 0 35
-8.585650e+13 -7.163100e+13 1.311857e+14 -4.666506e-01 -2.909722e-01 8.352080e-01 -1.257610e+01 0 4126686
-3.525025e+13 5.335110e+13 1.655540e+14 -1.393070e-01 8.691483e-01 4.745259e-01 1.251219e+01 0 260509
-3.874634e+13 6.656047e+13 1.520144e+14 -4.965835e-01 -4.300978e-01 7.539368e-01 1.202070e+01 0 919376
1.218782e+14 1.101207e+14 9.267938e+13 2.306844e-01 7.982856e-01 5.563495e-01 2.315168e+01 0 2832283
1.392453e+14 -1.439747e+14 -5.094328e+13 5.718903e-01 -8.172030e-01 -7.155986e-02 1.465608e+01 0 10353257
1.537870e+14 -7.382999e+13 -1.396865e+13 3.113960e-01 -9.494045e-01 -4.078812e-02 -3.828242e+00 0 51
-5.290775e+13 -5.013438e+13 -1.664751e+14 -2.017668e-01 -1.891128e-01 -9.610029e-01 2.050610e+01 0 6610912
3.430704e+13 -8.262200e+13 1.525895e+14 8.470218e-01 -1.504601e-01 5.098194e-01 -9.094618e+00 0 24287000
1.680561e+14 -5.611921e+13 -3.755068e+13 9.598529e-01 -2.596592e-01 1.061105e-01 1.863522e+01 0 31
-1.189224e+14 1.039347e+14 -7.433090e+13 -9.010252e-01 -1.966009e-02 -4.333210e-01 -1.192362e+00 0 5023317
1.037791e+14 -8.506430e+13 -1.072148e+14 6.621801e-01 -7.440854e-01 8.862510e-02 4.538608e+00 0 17
-1.167947e+14 1.234117e+14 -1.473953e+13 -7.100831e-01 2.592238e-01 6.546640e-01 1.996556e+01 0 3720043
1.896496e+13 1.647797e+14 4.309349e+13 2.677141e-01 8.272531e-01 -4.939447e-01 -1.312103e+01 0 6
-1.523809e+13 -1.469045e+14 1.460426e+14 -3.884694e-01 -8.462414e-01 3.646464e-01 -2.091121e+01 0 1792928
4.274792e+12 1.695665e+14 -1.350031e+13 5.884342e-01 7.098335e-02 -8.054232e-01 -2.450239e+01 0 1552534
-1.628892e+14 5.910993e+13 6.190550e+13 -6.419655e-01 -2.153620e-01 7.358665e-01 -5.912645e+00 0 2
1.846197e+14 -3.557331e+13 1.793796e+13 9.262018e-01 -2.797188e-01 -2.527996e-01 1.334400e+01 0 2
-1.436067e+14 3.788527e+13 -2.287171e+14 -6.447734e-01 4.819874e-01 -5.932584e-01 9.129482e+00 0 8437223
-6.053149e+13 1.001370e+14 1.228925e+14 1.557501e-01 9.651207e-01 2.104374e-01 -1.747838e+01 0 20256614
1.559278e+14 2.009354e+13 7.386779e+13 9.731491e-01 -2.231141e-01 -5.657617e-02 9.221098e+00 0 2309381
5.494020e+12 -8.874657e+13 -1.473002e+14 -8.935538e-01 -1.366596e-01 -4.276515e-01 -2.095199e+01 0 256894
1.596361e+14 8.697083e+13 4.267959e+13 3.862909e-01 9.214186e-01 4.203811e-02 -8.644854e-01 0 2546085
-5.174022e+13 -1.633841e+14 2.454871e+13 1.966108e-01 -9.079381e-01 3.701251e-01 2.589053e+01 0 4555656
5.958011e+13 -8.469398e+13 2.104877e+14 1.256389e-01 -1.367247e-01 9.826094e-01 1.584384e+01 0 3617589
1.237906e+13 -1.474131e+14 -1.037162e+14 -6.321938e-02 -7.922456e-01 -6.069187e-01 1.386599e+01 0 4193238
6.097155e+13 -1.544275e+14 4.010244e+13 -3.616996e-01 -8.414035e-01 4.015140e-01 -4.900818e-01 0 24824993
-6.845274e+13 -1.296862e+14 -1.008252e+14 -5.967940e-01 -8.020930e-01 2.199234e-02 -2.380505e+01 0 4286908
6.633864e+13 -1.307902e+14 -1.022532e+14 -3.293154e-02 -1.476328e-01 -9.884938e-01 -1.077323e+01 0 3184784
3.210217e+13 -1.020794e+14 -1.323137e+14 -5.668095e-01 -7.214738e-01 -3.977469e-01 -4.534738e+00 0 23112037
1.624139e+14 3.324235e+12 -5.057069e+13 9.855269e-01 -3.823633e-02 -1.651509e-01 -1.607500e+00 0 423864
7.815330e+13 -1.007362e+14 1.161714e+14 -1.856934e-01 -5.509789e-01 8.135971e-01 -2.644756e+01 0 56
1.554548e+14 1.263509e+14 3.069735e+13 4.075374e-01 8.227423e-01 3.962428e-01 2.224289e+01 0 5984815
-1.218070e+14 -1.036207e+14 5.836831e+13 -7.647150e-01 -4.480038e-01 4.631452e-01 6.337111e+00 0 23094314
1.100741e+14 -7.572984e+13 1.064073e+14 6.414114e-01 -5.963640e-01 4.826399e-01 3.058407e+00 0 3464800
-7.869457e+11 -1.655929e+14 -5.431874e+13 -7.589568e-02 -5.171542e-01 -8.525206e-01 -1.322734e+01 0 14226369
8.266672e+13 -1.498682e+14 7.075025e+13 2.926047e-01 -8.838476e-01 -3.649600e-01 -2.214577e+01 0 23
-1.776608e+14 4.133854e+13 2.950526e+12 -8.271437e-01 4.243542e-01 3.684520e-01 -1.706952e+01 0 3
-3.056005e+13 4.353899e+12 -2.339624e+14 -5.384815e-02 -5.965119e-02 -9.967658e-01 1.458273e+01 0 6807631
-4.755692e+13 1.170294e+14 -1.312869e+14 -5.534992e-01 7.780893e-01 2.970111e-01 2.053261e+01 0 8660895
-3.446293e+13 -5.513634e+13 -1.899844e+14 -2.541668e-01 -8.385412e-01 -4.819211e-01 1.686392e+01 0 4079359
4.673420e+13 -1.301894e+14 1.368316e+14 7.861868e-01 -3.301440e-01 5.224129e-01 -1.619002e+01 0 5643139
9.337485e+13 -1.014917e+14 1.035423e+14 -1.990331e-01 -3.465639e-01 9.166675e-01 5.940573e+00 0 1452027
-6.397256e+13 -1.728935e+14 3.464776e+12 -6.107082e-01 -6.235333e-01 -4.881001e-01 -2.871731e+01 0 1815064
1.715710e+14 -2.711283e+13 2.987338e+13 8.895099e-01 1.202659e-01 -4.408040e-01 2.037092e+01 0 6554622
-3.877180e+13 -6.657754e+13 -1.581676e+14 1.161882e-02 9.303334e-02 -9.955952e-01 -1.163903e+01 0 14
1.006489e+14 5.562422e+13 -1.270832e+14 7.808306e-01 6.141038e-02 -6.217173e-01 -1.724329e+01 0 10234500
1.232823e+14 -3.423536e+13 1.302680e+14 7.959105e-01 4.848405e-02 6.034697e-01 1.685574e+01 0 7689888
-3.194627e+13 -1.598315e+14 -4.858737e+13 7.399263e-01 -6.724646e-01 -1.733149e-02 4.781170e+00 0 2
-1.183663e+13 3.745646e+13 1.986176e+14 -3.687424e-01 6.889598e-02 9.269749e-01 1.265745e+01 0 946798
-6.300191e+13 -1.560638e+14 2.183563e+13 -4.834555e-01 -6.174728e-01 -6.204821e-01 7.796974e+00 0 1460827
1.700605e+14 2.454745e+13 -6.712122e+12 9.185249e-01 3.193321e-01 -2.331074e-01 1.453228e+01 0 6001271
4.132135e+13 -8.383796e+13 -1.516588e+14 8.558945e-01 1.072572e-01 -5.059056e-01 2.507698e+01 0 1982504
1.086540e+14 -1.183697e+14 5.597258e+13 2.965771e-01 3.371035e-02 9.544138e-01 -3.253430e+00 0 638878
-4.966142e+13 1.456694e+14 7.213335e+13 7.763050e-01 4.958677e-01 3.891861e-01 -1.103732e+01 0 21
-6.578042e+13 -1.255665e+14 9.566779e+13 6.565856e-01 -7.517852e-01 6.094581e-02 -9.358593e-01 0 3020101
1.783520e+13 1.570417e+14 6.532468e+13 -6.264471e-01 7.721357e-01 1.066326e-01 6.901003e+00 0 354356
1.306084e+14 1.060283e+14 4.636299e+13 9.685500e-01 6.694998e-02 -2.396427e-01 5.288301e-02 0 4478119
-3.600698e+13 1.182863e+14 1.161935e+14 -9.307575e-01 2.776375e-01 2.379242e-01 2.191694e+01 0 3
-3.919141e+12 1.714268e+14 -6.468794e+12 -6.567592e-01 4.762073e-01 5.847171e-01 -2.898497e+00 0 19
8.534826e+13 5.948001e+13 -1.436806e+14 3.663684e-01 9.000653e-01 -2.359165e-01 -2.293300e+00 0 1171869
5.722708e+13 1.364044e+14 -8.331873e+13 1.527413e-01 8.350262e-01 5.285843e-01 -2.288391e+00 0 237201
-3.200322e+13 -1.675604e+14 -8.436017e+12 -4.633212e-01 -5.958697e-01 6.559518e-01 -2.116405e+01 0 6973274
5.888828e+13 -1.063837e+14 1.523625e+14 5.398977e-01 -2.410829e-01 8.064673e-01 -6.738604e+00 0 1842783
1.020179e+13 -4.470951e+13 1.711871e+14 -3.152309e-01 -6.351395e-01 7.051434e-01 -1.168013e+01 0 97255
1.397888e+14 -5.152318e+13 -8.256185e+13 7.847863e-01 -2.793315e-01 -5.532490e-01 -1.963491e+01 0 5
1.067365e+14 -6.241540e+13 -1.202237e+14 6.337141e-01 5.874317e-01 -5.033195e-01 1.565547e+00 0 2213773
-6.153316e+13 -4.326630e+13 -1.575662e+14 -4.006190e-01 -1.189409e-03 -9.162440e-01 1.833459e+01 0 15
-4.830391e+13 1.824760e+14 -2.131585e+13 -7.771266e-01 5.536662e-01 -2.992121e-01 3.813879e+01 0 4273785
-4.854813e+13 5.129673e+13 -1.582018e+14 1.882891e-01 1.810949e-01 -9.652729e-01 6.201129e+00 0 1053337
1.383469e+14 3.479561e+13 1.296284e+14 -1.804296e-01 3.606277e-01 9.150917e-01 -5.706533e+00 0 2634098
-1.689888e+14 -3.046562e+13 -7.445896e+12 -4.882805e-01 -8.632601e-02 8.684066e-01 1.679886e+01 0 221991
-6.221375e+13 1.503664e+14 -6.943900e+13 6.591020e-01 6.988693e-01 -2.777881e-01 -7.329427e-01 0 1
1.969108e+13 -1.776229e+14 -1.212258e+13 1.383533e-02 -4.878345e-01 8.728265e-01 -1.356512e+01 0 2938469
-1.871020e+13 -1.581134e+14 -6.923754e+13 -3.246489e-01 -7.452817e-01 -5.823729e-01 7.104161e+00 0 16823116
4.650447e+13 -9.207294e+13 1.474175e+14 4.499955e-01 -7.219186e-01 5.256781e-01 -1.052818e+01 0 748225
6.204776e+12 1.570584e+14 1.530171e+14 -2.302338e-01 8.427693e-01 4.865514e-01 -1.714946e+01 0 75
-4.544211e+13 8.853751e+13 -1.548358e+14 -1.081258e-01 5.579681e-01 -8.227882e-01 -1.339848e+01 0 1708167
-4.460643e+13 1.235405e+13 -1.656412e+14 -3.166827e-01 1.465619e-01 -9.371402e-01 -1.051593e+01 0 1949875
-2.532950e+12 5.651475e+13 1.600630e+14 4.883514e-01 8.163650e-01 3.083197e-01 -2.336650e+01 0 11429340
1.692577e+14 -2.215031e+13 -1.207569e+13 3.369476e-01 4.317146e-01 8.367131e-01 1.986584e+01 0 3419722
3.923435e+13 -1.019307e+14 1.329181e+14 -5.121746e-01 -8.578920e-01 -4.121228e-02 7.966895e+00 0 9442030
6.413549e+13 1.866154e+13 -1.668690e+14 -5.585632e-01 -2.560027e-02 -8.290668e-01 1.425316e+01 0 7848223
-1.078813e+14 1.143567e+14 7.464350e+13 -5.163110e-01 8.430572e-01 1.505903e-01 8.102204e+00 0 3099376
1.245785e+14 -1.036278e+14 -6.253247e+13 9.329894e-02 -5.344399e-01 -8.400412e-01 -2.102728e-01 0 672331
-4.336277e+13 4.843548e+13 1.608360e+14 -4.150704e-01 8.608947e-01 2.942395e-01 6.724789e+00 0 734747
-3.578029e+13 -1.659402e+13 1.680131e+14 8.246546e-02 -8.357425e-01 5.428941e-01 1.187730e+01 0 852887
-1.029624e+14 -1.634180e+13 -1.396278e+14 -6.768102e-01 -6.390321e-01 -3.654667e-01 1.713726e+01 0 8402119
-1.165578e+14 -4.977355e+13 -1.290513e+14 -4.297750e-01 -1.788524e-01 -8.850454e-01 -1.304969e+01 0 229428
-6.110633e+13 -2.147829e+12 1.625974e+14 -6.566120e-01 -4.564871e-01 6.004001e-01 -8.439268e+00 0 31885482
1.556738e+14 4.937226e+11 -1.626848e+14 7.099716e-01 -3.148638e-01 -6.299214e-01 1.148402e+01 0 177262
5.772735e+13 1.573240e+14 3.115754e+13 2.580597e-01 3.949917e-01 8.816954e-01 -1.868083e+01 0 5544018
-1.192301e+14 -1.313931e+14 -3.509679e+13 4.867927e-03 -9.293543e-01 3.691569e-01 3.058884e+01 0 8255073
9.568028e+13 -1.159669e+14 8.361123e+13 -4.966252e-01 -3.705267e-01 7.849034e-01 -2.395508e+01 0 11288279
-1.267715e+14 9.152036e+12 1.124196e+14 -9.611694e-01 2.752504e-01 -1.976102e-02 5.315204e+00 0 761979
1.009418e+14 1.191796e+14 -1.259294e+14 4.471644e-01 3.949111e-01 -8.025517e-01 1.087943e+01 0 3
1.276098e+14 9.779261e+13 6.982054e+13 8.848948e-02 7.654420e-01 6.373916e-01 2.206445e+01 0 7
2.741587e+13 1.345381e+14 1.005976e+14 3.405529e-01 7.782199e-01 -5.276339e-01 1.000798e+01 0 7123780
-1.238934e+14 7.667608e+13 -9.536232e+13 -6.506641e-01 1.482701e-01 -7.447498e-01 1.323238e+01 0 1
1.360966e+13 -1.131611e+14 1.371722e+14 4.143873e-01 -8.898362e-01 1.909837e-01 1.763663e+01 0 6212196
-8.872905e+13 -7.224969e+13 1.304858e+14 -6.215522e-01 -4.783113e-01 6.203960e-01 -1.312713e+01 0 15
-7.928817e+13 -1.320313e+14 7.917412e+13 -5.409168e-01 -6.878569e-01 -4.840061e-01 -2.227292e+01 0 9450845
2.374927e+13 -1.322452e+14 -1.042901e+14 -1.612620e-02 -9.866421e-01 -1.621025e-01 -1.414709e+01 0 26241725
3.708554e+13 -3.798991e+13 -1.661112e+14 9.215099e-01 2.444942e-01 -3.017320e-01 -3.285992e+00 0 4935496
7.712624e+13 1.528446e+14 -1.317780e+13 7.800719e-01 4.266082e-01 -4.577043e-01 -1.954479e+01 0 748554
-2.976258e+13 -1.675629e+14 2.835687e+13 3.600503e-01 -6.717642e-01 6.473768e-01 1.963119e+01 0 8593996
8.607250e+13 1.244069e+14 -8.325671e+13 3.654188e-01 8.741189e-01 -3.199771e-01 1.911473e+01 0 10588425
2.388355e+13 -1.580255e+14 -5.874928e+13 -2.966296e-01 -9.120693e-01 2.830910e-01 -1.665252e+00 0 175593
-1.098037e+14 -1.113709e+14 -6.684743e+13 -2.101895e-01 -9.715019e-01 1.095645e-01 2.673639e+01 0 67237
-3.302454e+12 -1.656780e+14 -1.069060e+14 -6.272384e-01 -4.078319e-01 -6.635097e-01 7.218176e+00 0 37
1.014812e+14 -1.308669e+14 -4.245901e+13 6.080145e-01 -6.935262e-01 3.864450e-01 1.440070e+01 0 33
1.428611e+14 8.316229e+13 5.993511e+13 1.542526e-01 6.814460e-01 7.154282e-01 2.886828e+01 0 42
4.976140e+13 -1.639666e+14 4.182080e+13 5.349532e-02 -7.594323e-01 -6.483832e-01 -2.883524e+01 0 3121106
1.561431e+14 -4.391359e+13 -8.903517e+13 9.074714e-01 -4.070001e-01 1.041474e-01 -2.260799e+01 0 1158090
8.847327e+13 1.158063e+14 9.207406e+13 9.188362e-01 1.401204e-01 3.689259e-01 -2.099177e+01 0 2053934
-3.494718e+13 1.447914e+14 -8.166760e+13 -2.798440e-01 3.268129e-01 -9.027074e-01 1.276971e+01 0 4370995
6.894188e+13 6.657665e+13 1.455991e+14 -2.223754e-01 7.960921e-01 5.628379e-01 -1.225838e+00 0 1592526
7.422701e+13 1.531832e+14 3.757887e+13 8.710793e-01 3.978894e-01 2.879320e-01 -6.994674e+00 0 2384606
-6.250485e+13 -1.612552e+14 9.595617e+13 -4.820242e-01 -2.537946e-01 8.385946e-01 -2.727619e+01 0 3596874
3.370406e+13 -1.733041e+14 5.403479e+13 3.210008e-01 -9.057479e-01 2.767296e-01 -5.312530e+00 0 3140057
-4.099151e+13 -2.444597e+12 1.674259e+14 -4.329323e-01 -7.444231e-01 5.083345e-01 -2.950646e+00 0 102809
-3.274866e+13 1.450718e+14 8.831660e+13 -4.039211e-01 8.993249e-01 -1.675185e-01 -4.992326e+00 0 76538
6.582086e+13 3.572088e+13 -1.522044e+14 7.124309e-01 -2.917987e-02 -7.011353e-01 1.096132e+01 0 605523
1.380756e+14 9.150670e+13 5.760895e+13 7.960350e-01 2.453346e-01 5.532985e-01 8.765867e+00 0 42
-1.453651e+14 7.846350e+13 -3.852364e+13 -2.342295e-02 -2.969009e-01 -9.546210e-01 1.448363e+01 0 8650933
-1.204982e+14 1.185776e+14 1.680215e+13 -2.548785e-01 8.701566e-01 4.217397e-01 -1.818658e+01 0 4796903
1.516473e+14 6.147415e+13 -4.925497e+13 8.635949e-01 3.405522e-01 -3.717904e-01 1.412296e+01 0 12451147
-7.009812e+13 -1.150393e+14 -1.103423e+14 -3.386823e-01 -8.058571e-01 -4.856836e-01 -3.003880e+00 0 2459107
6.303514e+13 1.187604e+14 -1.122479e+14 6.014926e-02 7.135137e-01 -6.980546e-01 1.932739e+01 0 2136132
-3.792921e+13 -6.132425e+13 -1.552436e+14 -2.121030e-02 1.635750e-01 -9.863029e-01 -1.105082e+01 0 32
-5.137558e+12 5.989499e+13 -1.645557e+14 9.119443e-02 3.456208e-01 -9.339324e-01 -1.418580e+01 0 1160193
6.409242e+13 1.586529e+14 1.232573e+13 1.145134e-01 8.828920e-01 -4.553992e-01 2.609338e+01 0 5519175
-8.436468e+13 1.553408e+14 4.806474e+12 -6.230015e-01 7.810481e-01 4.281353e-02 -8.737460e+00 0 1198944
1.118104e+14 -5.106294e+13 1.169978e+14 3.383531e-01 7.445132e-01 5.755148e-01 -9.793362e-01 0 15
-2.930321e+13 1.617811e+14 5.016605e+13 -3.739956e-01 7.903662e-01 4.852305e-01 1.842423e+01 0 8701414
-1.139988e+14 2.345250e+13 1.290532e+14 -1.423438e-01 -5.017055e-01 8.532466e-01 2.415946e+01 0 657045
4.366568e+13 -1.588457e+14 -4.591720e+13 -4.511736e-03 -1.549948e-01 -9.879050e-01 -1.599898e+01 0 2
-1.529699e+14 4.242060e+13 -6.599100e+13 -6.201665e-01 -2.006679e-01 -7.583705e-01 -9.129364e-01 0 7880840
-9.981113e+13 8.756387e+13 -1.080571e+14 -3.144019e-01 4.495047e-01 -8.361202e-01 1.160921e+01 0 8869
-8.044068e+13 -1.236311e+14 9.634248e+13 2.570093e-01 2.356567e-02 9.661216e-01 -8.335142e+00 0 9
1.629331e+14 -6.457935e+13 4.127033e+13 7.306344e-01 6.702469e-01 1.301632e-01 4.061770e+01 0 1
2.805037e+13 1.593300e+14 -5.374617e+13 5.204875e-01 -5.583349e-02 -8.520419e-01 -2.351277e+01 0 1615587
2.611022e+13 6.183942e+13 1.679223e+14 2.457986e-01 8.221680e-01 5.134422e-01 -7.993272e+00 0 15869410
1.314734e+14 -1.066093e+13 -1.237036e+14 7.008058e-01 7.133516e-01 -8.322921e-04 2.790124e+01 0 2
-1.055840e+14 -9.495624e+13 1.246223e+14 -8.466236e-01 -4.958527e-01 1.932837e-01 -1.549011e+01 0 1
-8.941376e+13 -1.458185e+14 -2.037900e+13 -1.437490e-01 -8.649245e-01 -4.808761e-01 1.731059e+01 0 8944120
-7.533192e+13 7.615001e+13 1.348767e+14 -9.556750e-01 2.929235e-01 2.968372e-02 2.279357e+01 0 2146084
-4.828335e+10 -3.324598e+13 1.674667e+14 8.868364e-01 9.718333e-02 4.517484e-01 1.820052e+01 0 1518598
2.593495e+13 9.224794e+11 -1.695072e+14 -5.832685e-05 -2.665519e-01 -9.638206e-01 7.485516e+00 0 13358274
-1.097498e+14 -1.167294e+14 -1.066680e+14 -8.119153e-01 -5.410465e-01 2.192310e-01 -1.763646e+01 0 4413691
5.155233e+13 -1.499437e+14 -6.731612e+13 3.735349e-01 2.635406e-01 -8.893919e-01 1.693153e+01 0 1945368
7.195949e+13 1.557420e+14 -3.056678e+13 1.203389e-01 9.195713e-01 -3.740416e-01 -1.819680e+00 0 1616843
4.176912e+13 1.256450e+14 -1.069461e+14 3.013989e-01 6.954225e-01 -6.523391e-01 1.032732e+00 0 3554098
5.707209e+13 -9.299851e+13 1.300691e+14 1.429390e-01 6.296720e-02 9.877265e-01 -5.145277e+00 0 4761824
-1.663805e+14 -3.815536e+13 1.570554e+12 -9.280792e-01 -2.627401e-01 -2.638877e-01 1.879431e+01 0 3
1.418307e+14 -5.585834e+13 7.874855e+13 6.728305e-01 -7.391521e-01 -3.087594e-02 -1.827442e+01 0 29
-1.988375e+13 -1.144451e+14 -1.250982e+14 -2.075453e-01 -9.727110e-01 1.037215e-01 6.508179e+00 0 2026934
3.380563e+13 -4.840196e+13 1.599536e+14 2.904540e-01 -6.051330e-01 7.412493e-01 -1.120554e+01 0 3684918
1.392161e+13 -1.692295e+14 2.717145e+13 5.851698e-01 -4.295669e-01 6.877852e-01 3.463529e+00 0 8233028
9.303838e+13 -5.153208e+13 -1.324552e+14 9.206129e-01 -3.759016e-01 -1.056879e-01 -2.797377e+00 0 649103
8.040170e+13 1.345223e+14 6.897701e+13 1.354009e-01 3.350947e-01 9.324045e-01 -7.084502e+00 0 772084
-1.596016e+14 4.637118e+13 -4.120730e+13 -7.254999e-01 -2.393064e-01 6.452769e-01 -6.004980e+00 0 12634300
9.185346e+13 1.258981e+14 7.133467e+13 3.816088e-01 1.972668e-01 9.030285e-01 -1.597908e+01 0 7654026
1.040635e+14 3.671151e+13 1.311189e+14 9.924993e-01 -1.177524e-01 -3.285649e-02 7.757046e+00 0 1
-2.777272e+13 1.908011e+13 -1.664969e+14 -4.806568e-01 1.872037e-01 -8.566935e-01 6.926757e+00 0 7200701
2.723580e+12 -7.214481e+13 1.669563e+14 -7.151054e-01 -3.936454e-01 5.776397e-01 2.079583e+00 0 11278876
-5.457051e+13 -1.153349e+14 -1.186031e+14 -2.842136e-01 -3.315644e-01 -8.996042e-01 -2.069325e+01 0 369692
-8.079935e+13 -1.587478e+14 2.711179e+13 -7.356316e-01 -4.832076e-01 4.747173e-01 -1.282693e+00 0 7254872
-3.604388e+13 -1.433559e+14 -9.292618e+13 -4.848295e-02 -1.988648e-02 -9.986260e-01 -1.432391e+01 0 5936672
-8.331268e+12 -4.036422e+13 1.674976e+14 -3.240697e-01 -2.695868e-01 9.068086e-01 -9.617250e+00 0 174612
