# 781
1.146991e+14 -1.087375e+14 -1.304877e+13 -1.537380e-01 -5.478713e-01 8.223148e-01 0.000000e+00 1
-1.043965e+14 -3.152508e+13 -6.956737e+13 4.384782e-01 1.243650e-01 -8.900956e-01 0.000000e+00 1
-6.202458e+12 1.351752e+14 6.459570e+13 7.672760e-01 -5.209997e-01 -3.739609e-01 0.000000e+00 1
4.698684e+13 -6.094554e+13 -1.080166e+14 -4.582639e-01 -2.852623e-01 -8.417955e-01 0.000000e+00 1
-9.043675e+12 -8.946965e+13 -5.854074e+13 -1.389518e-01 2.795797e-01 9.500145e-01 0.000000e+00 1
2.407258e+13 5.038059e+13 1.435224e+14 -2.082708e-01 -4.794084e-01 8.525203e-01 0.000000e+00 1
-1.144673e+14 -6.162935e+13 -5.875701e+13 7.776543e-01 6.284995e-01 -1.555973e-02 0.000000e+00 1
1.291071e+14 -7.499758e+13 -7.992606e+13 -9.194792e-01 -3.780129e-01 -1.080012e-01 0.000000e+00 1
-5.365954e+13 1.170478e+14 5.175305e+12 -4.049123e-01 2.424428e-03 -9.143523e-01 0.000000e+00 1
-8.547790e+13 -9.613404e+13 -1.035612e+14 1.229729e-01 9.073586e-01 4.019676e-01 0.000000e+00 1
-4.470660e+13 6.131550e+13 2.967959e+13 4.831254e-01 6.602140e-01 -5.750716e-01 0.000000e+00 1
-5.515780e+13 5.018206e+13 -3.102374e+13 7.448566e-01 2.113834e-01 6.328552e-01 0.000000e+00 1
1.280055e+14 6.181514e+13 1.527154e+13 3.427701e-01 -9.300089e-01 -1.326351e-01 0.000000e+00 1
-8.691632e+13 -1.159666e+14 2.600375e+13 6.107749e-01 -6.189976e-01 4.937570e-01 0.000000e+00 1
-6.994801e+13 -1.046487e+14 9.608576e+13 9.816679e-01 -4.196684e-02 -1.859220e-01 0.000000e+00 1
6.327077e+13 9.301590e+13 -6.523917e+13 8.869791e-01 1.505132e-01 4.365934e-01 0.000000e+00 1
-1.487956e+13 7.491776e+13 -6.184222e+12 4.517563e-01 7.509175e-01 4.817044e-01 0.000000e+00 1
-3.367862e+12 -1.155880e+13 -1.199204e+14 -9.658867e-01 5.980793e-02 2.519641e-01 0.000000e+00 1
-7.878940e+13 4.022787e+13 -1.220953e+14 9.918287e-01 -4.497323e-02 1.193869e-01 0.000000e+00 1
1.207487e+13 -2.163724e+13 -9.453595e+13 3.706623e-01 -8.924834e-01 2.570658e-01 0.000000e+00 1
-2.142618e+13 -6.534510e+13 1.004268e+14 9.607383e-01 -2.385940e-01 1.416152e-01 0.000000e+00 1
-1.912986e+13 8.253371e+13 -1.433651e+14 1.010261e-01 9.024863e-01 -4.187030e-01 0.000000e+00 1
-4.596551e+13 1.340215e+14 -9.306956e+12 -4.576522e-02 1.565395e-01 9.866108e-01 0.000000e+00 1
-7.018421e+13 -2.869713e+13 -5.647782e+13 1.883087e-01 -6.174439e-01 7.637427e-01 0.000000e+00 1
3.942528e+13 -1.016916e+14 -3.086825e+13 -6.709172e-01 5.079093e-01 5.402761e-01 0.000000e+00 1
-1.052047e+13 -2.348007e+13 1.493594e+12 9.612094e-01 -2.747989e-01 2.370990e-02 0.000000e+00 1
-7.037372e+13 8.859080e+13 1.725083e+13 6.412832e-01 -6.561720e-01 -3.977362e-01 0.000000e+00 1
2.212050e+13 1.139437e+14 2.676493e+13 8.519808e-01 1.877842e-01 -4.887389e-01 0.000000e+00 1
1.311848e+12 -4.410817e+13 1.265720e+13 -3.263257e-01 -9.398080e-01 -1.013533e-01 0.000000e+00 1
6.118468e+13 -6.250598e+13 -5.800064e+13 6.849571e-01 6.591623e-01 -3.103849e-01 0.000000e+00 1
4.876921e+13 -1.834112e+13 -1.462103e+14 -6.700512e-01 7.033621e-01 -2.373040e-01 0.000000e+00 1
-4.864890e+12 1.064363e+14 2.812529e+13 3.174428e-01 -2.185039e-01 -9.227600e-01 0.000000e+00 1
8.876890e+13 -1.055474e+14 -4.603389e+13 -5.490490e-01 -6.785952e-01 4.879076e-01 0.000000e+00 1
1.339682e+14 3.272031e+13 9.836161e+13 -1.187513e-01 -9.480639e-01 -2.950812e-01 0.000000e+00 1
5.872056e+13 -1.298017e+14 -6.234397e+13 -7.700483e-01 2.871191e-01 -5.697264e-01 0.000000e+00 1
9.029201e+12 -9.627911e+13 -1.031554e+14 2.076275e-01 -6.626100e-01 7.196102e-01 0.000000e+00 1
6.513878e+13 -8.633655e+13 -5.874059e+12 5.828274e-01 -5.566193e-01 -5.920196e-01 0.000000e+00 1
1.826428e+12 1.214293e+14 4.836384e+13 -9.147852e-01 -3.857557e-01 1.198356e-01 0.000000e+00 1
-4.630546e+13 -8.175021e+13 7.523104e+13 -6.640404e-01 5.697498e-01 -4.841855e-01 0.000000e+00 1
4.031623e+13 1.554192e+14 -3.119538e+13 4.123834e-01 -8.695332e-01 -2.717572e-01 0.000000e+00 1
-8.157625e+13 5.167117e+13 -4.646331e+13 -7.710414e-01 1.713914e-01 -6.132863e-01 0.000000e+00 1
-4.054675e+13 -4.687723e+13 1.476219e+14 5.566093e-01 -7.928098e-01 2.482712e-01 0.000000e+00 1
2.962716e+13 2.961812e+13 -1.071113e+14 3.666858e-01 9.051995e-01 2.148382e-01 0.000000e+00 1
-1.351768e+14 7.896991e+13 4.077230e+13 2.570908e-01 -1.841516e-01 -9.486793e-01 0.000000e+00 1
-2.382137e+13 1.177676e+14 8.292632e+13 -4.375923e-01 1.136582e-01 8.919612e-01 0.000000e+00 1
-6.056266e+13 -6.122015e+13 1.074635e+14 -3.743454e-01 -7.646623e-01 5.245541e-01 0.000000e+00 1
-8.220352e+13 -7.975993e+12 7.804135e+13 1.907472e-01 9.666277e-01 -1.710157e-01 0.000000e+00 1
-2.414315e+12 -1.067008e+14 -6.830331e+13 -3.869305e-02 3.646878e-01 -9.303256e-01 0.000000e+00 1
1.590747e+13 2.623031e+13 1.257440e+13 -6.690327e-01 9.389310e-02 7.372783e-01 0.000000e+00 1
1.782814e+13 1.107164e+14 4.683282e+13 5.880349e-01 2.930502e-01 7.538810e-01 0.000000e+00 1
-1.958877e+13 1.202401e+14 -9.293974e+13 9.515863e-01 3.046781e-01 4.067847e-02 0.000000e+00 1
7.515920e+13 7.480115e+13 -9.783701e+13 3.966860e-01 -5.243499e-01 7.534570e-01 0.000000e+00 1
3.596434e+12 1.785804e+13 -3.758874e+13 -6.991485e-01 7.146955e-01 2.004460e-02 0.000000e+00 1
3.120798e+13 6.437792e+13 -3.745840e+13 -8.772277e-01 2.390599e-01 -4.163194e-01 0.000000e+00 1
1.870593e+12 -8.107574e+13 2.442168e+13 -8.838919e-01 -4.407376e-01 1.564782e-01 0.000000e+00 1
1.055404e+14 6.990593e+13 -1.642095e+13 -1.042806e-01 -8.853334e-01 4.531119e-01 0.000000e+00 1
8.740885e+13 3.667918e+13 1.083859e+14 9.614400e-01 -1.431526e-01 -2.348201e-01 0.000000e+00 1
-3.368211e+13 9.969911e+13 -5.337545e+13 9.094346e-01 -1.372587e-01 -3.925414e-01 0.000000e+00 1
8.785692e+13 6.306522e+13 -1.218038e+14 -1.074752e-01 -7.561546e-01 -6.455070e-01 0.000000e+00 1
1.119381e+13 1.596119e+14 -3.292696e+13 -6.554722e-01 7.550843e-01 -1.427648e-02 0.000000e+00 1
-6.134732e+13 1.281544e+14 -6.966683e+13 -1.596531e-01 6.129743e-02 9.852682e-01 0.000000e+00 1
2.588303e+12 -4.791974e+13 1.260694e+14 -7.117989e-01 -7.014877e-01 3.545826e-02 0.000000e+00 1
-7.231305e+13 2.680693e+13 1.324147e+14 -6.737706e-01 7.082647e-01 2.106995e-01 0.000000e+00 1
3.604801e+13 2.740328e+13 -1.538533e+14 8.349146e-03 1.074955e-01 9.941705e-01 0.000000e+00 1
3.212683e+13 -2.182915e+13 -7.243946e+12 3.799500e-01 8.969984e-01 2.259024e-01 0.000000e+00 1
-6.285437e+13 5.161811e+13 -2.210196e+13 -9.016089e-01 2.907896e-01 3.202232e-01 0.000000e+00 1
-8.666326e+13 1.932607e+13 2.164978e+13 9.904551e-01 -7.774998e-02 1.138143e-01 0.000000e+00 1
3.267043e+13 -4.362289e+13 -8.834946e+13 7.202966e-01 -3.652450e-01 -5.897194e-01 0.000000e+00 1
-5.040880e+13 2.430602e+13 -1.734719e+13 -1.945191e-01 -9.590081e-01 2.060722e-01 0.000000e+00 1
-7.897239e+13 -7.950990e+13 2.857031e+13 3.127186e-01 -7.901834e-01 5.270837e-01 0.000000e+00 1
-3.444069e+13 5.739902e+13 -8.016543e+13 2.051277e-01 -8.788110e-01 4.308292e-01 0.000000e+00 1
-4.679119e+13 5.591534e+13 -1.288057e+14 -8.976526e-01 2.291786e-01 -3.764266e-01 0.000000e+00 1
6.035213e+13 2.916498e+12 -1.374200e+14 -8.803231e-01 -3.547450e-01 3.149401e-01 0.000000e+00 1
-2.862826e+13 -1.477550e+14 5.246871e+13 -4.742999e-01 -8.733100e-01 -1.112174e-01 0.000000e+00 1
-3.680651e+13 1.422307e+14 -2.158063e+13 5.260449e-01 -8.496538e-01 -3.694885e-02 0.000000e+00 1
5.632970e+12 -3.723089e+13 6.933819e+13 -9.425516e-01 -1.537683e-01 -2.965666e-01 0.000000e+00 1
-7.523917e+12 -6.533096e+13 -8.817644e+13 5.173297e-01 -5.988262e-01 -6.113732e-01 0.000000e+00 1
-9.463229e+13 -6.680712e+13 1.194905e+14 8.673515e-01 6.130783e-02 4.939056e-01 0.000000e+00 1
4.392989e+13 1.811675e+13 1.083079e+14 7.137218e-01 -6.230292e-01 3.200559e-01 0.000000e+00 1
5.900276e+13 2.320390e+13 1.335618e+14 3.903155e-01 7.196314e-01 -5.742686e-01 0.000000e+00 1
-1.528622e+12 -7.686524e+13 2.370154e+13 -1.802078e-01 -5.116207e-01 -8.401008e-01 0.000000e+00 1
-4.944448e+13 1.298113e+14 -6.799506e+12 -2.099660e-01 4.587892e-01 -8.633810e-01 0.000000e+00 1
-6.139864e+13 6.523868e+13 -1.360553e+14 -1.255632e-01 2.157166e-01 9.683492e-01 0.000000e+00 1
1.284020e+14 9.601400e+13 1.336981e+13 8.145100e-01 -2.971529e-01 4.982707e-01 0.000000e+00 1
2.356057e+13 6.223557e+13 -9.024909e+13 -8.252436e-01 -3.647540e-02 5.635978e-01 0.000000e+00 1
-1.111244e+13 7.791023e+13 6.201888e+13 8.535736e-02 -5.199698e-04 9.963503e-01 0.000000e+00 1
2.734778e+13 1.342496e+14 3.417596e+13 -5.558660e-01 -7.364873e-01 3.854860e-01 0.000000e+00 1
-1.092681e+14 -3.900191e+13 -1.745387e+12 3.276102e-01 9.281259e-01 -1.767875e-01 0.000000e+00 1
2.960891e+13 5.844462e+13 6.571603e+13 2.901498e-01 -6.922173e-02 9.544744e-01 0.000000e+00 1
-4.429326e+13 1.761105e+13 -1.566341e+14 -2.952083e-01 3.970092e-01 -8.690430e-01 0.000000e+00 1
-1.075304e+14 -1.041571e+14 -3.168004e+13 8.096629e-01 2.824949e-01 -5.144343e-01 0.000000e+00 1
-1.338628e+14 1.256570e+13 3.797741e+13 7.456972e-01 3.515985e-01 -5.659630e-01 0.000000e+00 1
7.598371e+13 -4.434815e+13 -1.306543e+14 -9.646072e-01 8.071490e-02 -2.510341e-01 0.000000e+00 1
1.680181e+13 1.250200e+14 5.398064e+13 8.189369e-01 -5.437440e-01 -1.835341e-01 0.000000e+00 1
-5.483152e+13 1.210981e+14 -9.641544e+12 -6.687785e-01 -6.038044e-01 -4.337689e-01 0.000000e+00 1
-2.986199e+13 1.526045e+14 -3.381502e+13 -9.377670e-01 -2.950248e-01 1.831761e-01 0.000000e+00 1
1.936520e+13 -1.017753e+14 -3.394871e+13 7.766956e-01 -6.084077e-01 1.630460e-01 0.000000e+00 1
-3.623826e+13 1.168598e+13 -9.232610e+13 -4.029306e-01 -5.486003e-01 7.325876e-01 0.000000e+00 1
1.654936e+14 4.018592e+12 5.612409e+11 -7.725518e-01 -5.359746e-01 -3.404336e-01 0.000000e+00 1
7.836657e+12 5.449002e+13 6.900634e+13 9.908540e-01 1.338592e-01 -1.703414e-02 0.000000e+00 1
-6.851802e+13 2.356497e+13 5.860287e+13 7.491247e-01 4.865442e-01 -4.495407e-01 0.000000e+00 1
1.207957e+14 1.779228e+13 7.751658e+13 -1.416805e-01 -8.662522e-01 -4.790968e-01 0.000000e+00 1
6.738870e+13 -9.786552e+13 -3.029940e+13 -4.053248e-01 2.364732e-01 -8.830584e-01 0.000000e+00 1
7.993186e+13 3.358197e+13 5.752988e+13 -1.931315e-01 5.935843e-01 7.812540e-01 0.000000e+00 1
-6.291314e+13 2.039729e+13 -7.113233e+13 3.727198e-01 -9.279429e-01 -1.400091e-03 0.000000e+00 1
3.629419e+13 3.100519e+13 -8.136600e+13 7.642017e-01 -6.280369e-01 -1.468516e-01 0.000000e+00 1
9.379648e+13 1.171271e+14 -4.665470e+13 4.247593e-01 2.951181e-01 -8.558533e-01 0.000000e+00 1
5.648910e+13 -8.417383e+13 4.844986e+13 1.800117e-01 -9.459602e-01 2.697315e-01 0.000000e+00 1
-3.646008e+13 -8.205426e+13 -2.314032e+13 -7.975142e-01 -3.494610e-01 -4.917805e-01 0.000000e+00 1
8.918792e+13 5.287298e+13 -5.758801e+13 -4.632503e-02 9.385680e-01 3.419708e-01 0.000000e+00 1
-3.727589e+13 -5.068662e+13 7.400903e+13 9.951442e-01 2.796778e-02 -9.437045e-02 0.000000e+00 1
-5.200392e+12 -3.093789e+13 3.623498e+13 -4.195053e-02 3.719602e-01 9.273002e-01 0.000000e+00 1
-1.229556e+14 2.857006e+13 -3.250833e+13 3.010924e-01 1.144501e-01 9.467019e-01 0.000000e+00 1
1.070432e+11 3.652162e+13 1.245017e+14 1.225108e-01 -9.923639e-01 1.432088e-02 0.000000e+00 1
1.007111e+14 1.586747e+13 8.547298e+13 -7.221038e-01 -6.907421e-01 -3.796531e-02 0.000000e+00 1
-3.472421e+13 4.452222e+13 -4.367089e+13 9.513811e-02 -9.062861e-01 -4.118183e-01 0.000000e+00 1
1.591820e+14 4.430304e+13 1.600459e+13 -9.927408e-01 6.400871e-02 -1.018261e-01 0.000000e+00 1
1.140576e+14 5.643227e+13 5.633157e+13 6.099026e-01 -5.694538e-01 -5.511272e-01 0.000000e+00 1
-5.391887e+13 9.438799e+13 1.011286e+14 -1.228363e-01 -2.565026e-01 -9.587062e-01 0.000000e+00 1
-1.424566e+14 -6.682133e+13 2.960958e+13 9.086362e-01 3.072023e-01 2.828552e-01 0.000000e+00 1
-1.039370e+13 -2.300726e+13 9.090479e+13 -3.468182e-01 -6.577015e-01 6.686896e-01 0.000000e+00 1
7.228080e+13 -9.923852e+13 6.986590e+13 -9.367659e-01 8.759655e-02 -3.388162e-01 0.000000e+00 1
-4.718422e+13 2.886818e+13 1.299592e+14 7.606538e-01 2.197179e-02 -6.487858e-01 0.000000e+00 1
3.508575e+13 9.255609e+13 -7.537866e+12 9.116152e-01 -3.275629e-01 -2.483151e-01 0.000000e+00 1
-1.268157e+10 3.533918e+13 -3.993800e+13 -6.392638e-01 4.599722e-01 -6.162527e-01 0.000000e+00 1
-1.506998e+13 2.524845e+13 9.446642e+13 2.203233e-01 -7.580449e-01 6.138612e-01 0.000000e+00 1
1.963048e+13 1.501100e+14 4.346998e+13 9.046782e-02 -9.813652e-01 -1.695223e-01 0.000000e+00 1
2.205909e+13 -8.679621e+13 1.353329e+14 -3.517593e-01 -3.902478e-01 -8.508655e-01 0.000000e+00 1
-9.297462e+13 -9.521434e+13 6.390705e+13 -2.538617e-01 7.833100e-01 -5.674325e-01 0.000000e+00 1
-1.024668e+14 -5.884578e+13 6.087908e+13 6.024884e-01 7.751396e-01 -1.901744e-01 0.000000e+00 1
-2.364767e+13 1.744619e+13 -8.656804e+13 8.000474e-01 3.844244e-01 -4.605888e-01 0.000000e+00 1
-7.121938e+13 4.867246e+13 1.119882e+14 -4.327792e-01 8.015680e-01 -4.125420e-01 0.000000e+00 1
4.547272e+13 1.246910e+14 1.118645e+13 -8.732804e-01 7.146786e-02 4.819478e-01 0.000000e+00 1
2.489345e+13 6.150565e+13 8.342178e+13 9.741037e-01 -7.272611e-02 -2.140864e-01 0.000000e+00 1
-1.067312e+13 1.174986e+14 -5.247276e+13 -5.688688e-01 -7.727108e-01 -2.816138e-01 0.000000e+00 1
4.489317e+13 -3.463996e+13 -1.152035e+14 7.547656e-01 -1.085479e-01 6.469515e-01 0.000000e+00 1
1.261072e+14 -2.065467e+13 8.859308e+13 -8.055811e-01 -4.148516e-01 4.230097e-01 0.000000e+00 1
-1.014154e+14 -5.590849e+13 -4.090084e+13 7.262305e-01 5.355558e-01 4.310096e-01 0.000000e+00 1
-7.458807e+13 -5.825512e+13 4.172078e+13 8.880346e-01 -4.034073e-01 -2.205834e-01 0.000000e+00 1
-1.479936e+13 -1.580446e+14 -6.165780e+12 -8.311972e-01 -5.473560e-01 -9.753280e-02 0.000000e+00 1
1.333678e+13 1.209134e+14 -7.711374e+13 2.659345e-01 -6.183292e-01 7.395593e-01 0.000000e+00 1
8.887310e+13 -2.231012e+13 2.117391e+13 -3.992821e-01 8.504548e-01 -3.424914e-01 0.000000e+00 1
-1.073231e+14 5.052320e+13 -1.165406e+14 -3.377332e-01 -3.117346e-01 8.881204e-01 0.000000e+00 1
9.492366e+13 2.138262e+13 4.438576e+12 7.295487e-01 1.481482e-01 -6.676907e-01 0.000000e+00 1
-1.113491e+13 -9.621046e+13 -5.826044e+13 -4.605144e-01 6.512855e-01 -6.031199e-01 0.000000e+00 1
4.698432e+13 -1.259286e+14 6.125009e+13 -6.866303e-01 -4.376310e-01 5.805324e-01 0.000000e+00 1
-9.637339e+13 -3.660116e+13 -7.535511e+13 -1.502125e-01 1.190346e-01 9.814617e-01 0.000000e+00 1
1.539222e+14 5.064309e+13 -3.041926e+12 -3.163701e-01 -1.449505e-01 -9.374963e-01 0.000000e+00 1
-4.745951e+13 1.328041e+14 -5.913569e+13 -4.018824e-01 -8.852972e-01 -2.339646e-01 0.000000e+00 1
6.217925e+13 -1.105554e+14 -9.709431e+13 5.963253e-02 -7.441580e-01 6.653366e-01 0.000000e+00 1
-8.644633e+13 1.197395e+14 -8.103104e+13 -8.762378e-01 -3.874768e-02 4.803186e-01 0.000000e+00 1
-1.263819e+14 6.983346e+13 -5.634546e+13 7.615073e-01 -2.550113e-01 5.958824e-01 0.000000e+00 1
1.151420e+13 -7.602866e+13 -8.888608e+13 -5.021054e-01 1.737840e-01 8.471654e-01 0.000000e+00 1
8.589730e+13 -1.775572e+13 1.433930e+14 3.363085e-01 9.139269e-01 2.272317e-01 0.000000e+00 1
2.459904e+13 -1.263160e+13 1.631328e+14 4.745358e-01 2.042840e-01 -8.562031e-01 0.000000e+00 1
-1.158817e+14 2.203870e+13 -4.905383e+13 8.330064e-01 -3.053357e-01 4.613789e-01 0.000000e+00 1
-5.223964e+12 -1.217544e+14 -9.438767e+13 -5.502851e-01 2.185296e-01 8.058729e-01 0.000000e+00 1
1.028760e+14 1.003546e+14 5.817148e+13 -6.482212e-01 6.268695e-01 -4.322544e-01 0.000000e+00 1
9.883761e+12 3.941563e+13 -7.792309e+13 -6.639044e-01 -2.672624e-01 -6.984280e-01 0.000000e+00 1
1.001737e+13 -1.572893e+14 6.193789e+12 3.880017e-01 -7.332970e-01 5.583281e-01 0.000000e+00 1
1.017228e+14 -2.102503e+13 -4.069209e+13 -3.102910e-01 -1.085112e-01 9.444283e-01 0.000000e+00 1
8.693771e+13 1.390034e+14 -6.386973e+12 -3.958739e-01 5.590457e-01 -7.285271e-01 0.000000e+00 1
1.523384e+14 -8.349556e+12 -3.018774e+13 2.454803e-01 -9.616934e-01 -1.220052e-01 0.000000e+00 1
6.118595e+13 -5.061964e+13 -5.930343e+13 1.447209e-01 6.782536e-01 7.204359e-01 0.000000e+00 1
4.974067e+13 9.474180e+13 -1.127185e+14 2.486634e-01 9.291111e-01 -2.737136e-01 0.000000e+00 1
1.274891e+14 -6.844367e+13 1.625320e+13 1.406172e-01 -9.882999e-01 5.907791e-02 0.000000e+00 1
-3.756645e+13 5.766295e+13 9.408737e+13 5.180200e-01 2.016455e-01 -8.312607e-01 0.000000e+00 1
4.306860e+13 -9.681075e+13 -5.987391e+12 5.187150e-01 7.431359e-01 -4.227100e-01 0.000000e+00 1
5.174154e+13 -1.322067e+14 -9.206193e+13 9.039165e-01 3.566308e-01 -2.361131e-01 0.000000e+00 1
-7.887699e+13 -3.170618e+13 2.124591e+13 6.936990e-01 5.303651e-01 4.873341e-01 0.000000e+00 1
1.277133e+13 -7.142653e+13 -3.175715e+13 -6.004550e-01 -7.943565e-01 9.193192e-02 0.000000e+00 1
7.495857e+13 -5.512675e+12 -1.066474e+14 -9.243557e-01 3.679504e-01 -1.008913e-01 0.000000e+00 1
-1.143547e+14 1.191331e+14 -5.261678e+12 -5.314136e-01 2.679247e-01 8.036268e-01 0.000000e+00 1
-1.181167e+11 -1.652202e+14 -1.171940e+12 -8.622122e-01 4.884907e-01 -1.340409e-01 0.000000e+00 1
-5.372873e+13 9.623655e+13 -4.558491e+13 2.011960e-01 3.437836e-01 -9.172421e-01 0.000000e+00 1
1.495877e+14 7.278431e+13 -1.679610e+13 -6.993360e-01 4.506864e-01 5.548071e-01 0.000000e+00 1
-8.770955e+12 8.638958e+13 -1.022797e+13 -6.030391e-01 7.375882e-01 -3.038215e-01 0.000000e+00 1
-4.242902e+13 1.026302e+13 1.630952e+14 -9.177240e-01 -2.684115e-01 2.928102e-01 0.000000e+00 1
-7.023332e+13 6.326944e+13 -9.135190e+13 3.589652e-02 9.398572e-01 3.396762e-01 0.000000e+00 1
-1.042198e+14 -2.794201e+13 4.567949e+13 4.869560e-01 -7.322069e-01 -4.761795e-01 0.000000e+00 1
-4.747665e+12 4.713061e+13 -5.474929e+12 -1.638947e-01 7.724259e-01 6.135933e-01 0.000000e+00 1
-8.204343e+13 1.724492e+13 -1.056772e+14 -3.184478e-01 -4.384630e-01 8.404411e-01 0.000000e+00 1
-2.874200e+13 -3.959876e+13 -6.802789e+13 -5.347015e-01 1.340717e-01 -8.343375e-01 0.000000e+00 1
-1.570810e+14 1.394567e+13 -3.757881e+13 8.230330e-01 3.111931e-01 -4.751584e-01 0.000000e+00 1
-3.375611e+13 -1.168279e+14 -5.122110e+13 -6.822852e-01 -7.234568e-01 1.053431e-01 0.000000e+00 1
8.835383e+13 3.859537e+13 -7.812238e+13 6.314570e-01 -7.534195e-01 -1.833606e-01 0.000000e+00 1
1.238601e+14 2.805319e+13 8.739512e+13 -4.166427e-01 8.424501e-01 3.415943e-01 0.000000e+00 1
9.985350e+13 -9.080027e+13 4.071604e+13 -3.700945e-01 5.021090e-01 7.816116e-01 0.000000e+00 1
4.772070e+13 -1.014836e+14 9.396529e+13 -9.015669e-01 3.432925e-01 -2.633008e-01 0.000000e+00 1
2.130945e+13 -7.074681e+13 1.209165e+14 5.099143e-01 -3.184232e-01 7.991209e-01 0.000000e+00 1
1.796134e+13 6.841878e+13 1.184254e+14 -4.507848e-01 -8.644634e-01 2.224771e-01 0.000000e+00 1
-5.432009e+13 9.763120e+13 -6.534696e+13 2.708815e-01 4.632174e-01 8.438322e-01 0.000000e+00 1
1.609254e+13 2.967455e+13 -6.889227e+13 -6.906708e-01 6.733484e-01 2.637721e-01 0.000000e+00 1
-7.451652e+13 1.384539e+14 -2.651076e+13 6.158729e-01 8.943042e-02 -7.827533e-01 0.000000e+00 1
1.181002e+14 3.354658e+13 5.829218e+13 4.066789e-01 -7.958889e-01 -4.485232e-01 0.000000e+00 1
-3.929665e+13 1.415705e+14 -2.404931e+13 8.144252e-01 -5.639754e-01 1.365409e-01 0.000000e+00 1
-1.302243e+14 -5.379524e+13 3.689099e+13 7.480949e-01 6.329507e-01 -1.993175e-01 0.000000e+00 1
2.429568e+13 -1.122760e+14 3.897200e+13 -5.513106e-02 8.967278e-01 4.391353e-01 0.000000e+00 1
-1.075195e+14 2.683628e+13 1.003075e+14 -8.122999e-02 -7.943884e-01 -6.019541e-01 0.000000e+00 1
-9.720973e+13 -1.127054e+14 4.317385e+13 -9.082463e-01 -3.889901e-01 1.541928e-01 0.000000e+00 1
-3.964443e+13 -3.571254e+13 1.457283e+13 5.263111e-01 9.505094e-03 8.502389e-01 0.000000e+00 1
2.602060e+13 2.094795e+13 -4.791333e+13 -3.137274e-02 4.001942e-01 -9.158932e-01 0.000000e+00 1
-9.180681e+13 -8.002462e+13 -9.643337e+13 -2.240257e-01 9.561389e-01 1.887085e-01 0.000000e+00 1
6.555013e+13 -2.485678e+13 1.143195e+14 -7.062609e-01 -1.107743e-01 6.992314e-01 0.000000e+00 1
3.670527e+12 1.678233e+14 1.317234e+13 -3.184885e-01 -5.457720e-01 -7.750471e-01 0.000000e+00 1
1.067667e+14 -1.495217e+13 -4.883022e+13 -3.470392e-01 -3.829653e-01 -8.560966e-01 0.000000e+00 1
-6.187140e+13 -5.273186e+13 -1.390096e+14 -2.291917e-01 1.470364e-01 9.622118e-01 0.000000e+00 1
-1.564007e+14 -1.947863e+13 -4.877219e+13 1.342224e-01 -9.182717e-01 -3.725069e-01 0.000000e+00 1
1.041112e+14 7.592483e+13 8.695024e+13 -1.322802e-01 4.720579e-01 -8.715867e-01 0.000000e+00 1
-8.826490e+13 8.895363e+13 -8.592898e+13 7.559879e-01 -7.706487e-02 6.500333e-01 0.000000e+00 1
1.533248e+14 4.474033e+13 2.195805e+13 5.808789e-01 1.634347e-01 -7.974138e-01 0.000000e+00 1
4.542381e+13 -7.785028e+13 -1.035220e+14 -5.085937e-01 -8.609996e-01 -3.489253e-03 0.000000e+00 1
7.737634e+13 -7.243744e+13 -3.325042e+13 -9.853940e-01 -1.538177e-01 7.306670e-02 0.000000e+00 1
2.709976e+13 9.346787e+12 1.415852e+14 4.865203e-01 -3.678405e-01 7.924591e-01 0.000000e+00 1
-7.286031e+13 1.026556e+14 8.545404e+13 -5.746201e-01 -8.182306e-01 1.761825e-02 0.000000e+00 1
1.206290e+14 -1.088533e+14 1.602033e+13 -3.819171e-01 -8.722634e-01 -3.054438e-01 0.000000e+00 1
3.508517e+13 8.602913e+13 -8.244946e+13 -7.919983e-01 5.262965e-01 -3.094362e-01 0.000000e+00 1
-5.404215e+13 -7.153458e+13 -4.416593e+13 -3.641120e-01 8.814814e-01 3.006876e-01 0.000000e+00 1
5.891020e+13 1.029435e+14 2.614844e+13 1.055538e-01 -9.663499e-01 2.345766e-01 0.000000e+00 1
-9.696403e+13 -1.168509e+14 4.546605e+13 -6.708241e-01 2.362640e-01 -7.029754e-01 0.000000e+00 1
1.001688e+14 6.524033e+13 -9.337885e+13 -6.671459e-01 1.792955e-01 -7.230280e-01 0.000000e+00 1
-4.698383e+13 5.698937e+13 -9.284757e+11 1.851180e-01 -4.120594e-01 8.921538e-01 0.000000e+00 1
1.378141e+14 -4.003978e+13 5.521419e+13 -8.202664e-01 5.064443e-01 2.658519e-01 0.000000e+00 1
1.388591e+14 4.641187e+13 -6.660239e+13 8.207648e-01 -1.445255e-01 5.526821e-01 0.000000e+00 1
-7.235495e+13 6.457586e+13 6.588309e+13 -9.965701e-01 8.067470e-02 -1.842683e-02 0.000000e+00 1
8.537425e+13 1.499818e+13 -9.782335e+13 -2.868381e-01 -3.365356e-01 -8.969213e-01 0.000000e+00 1
1.519634e+13 -4.953938e+13 1.096319e+14 1.395840e-01 -8.249251e-01 -5.477362e-01 0.000000e+00 1
-1.328146e+14 8.449303e+13 -5.109565e+13 9.824077e-01 6.581122e-02 1.747684e-01 0.000000e+00 1
7.524195e+13 -6.337101e+12 -1.083235e+14 7.455561e-01 3.915865e-01 5.392644e-01 0.000000e+00 1
-7.361469e+13 -1.388973e+13 -3.878791e+12 4.202710e-01 -5.394701e-01 -7.296193e-01 0.000000e+00 1
-6.754593e+13 -5.781185e+13 9.408460e+13 3.436058e-01 5.228765e-01 -7.800867e-01 0.000000e+00 1
9.131053e+13 1.242000e+14 -2.045707e+12 -9.672628e-01 -1.752134e-01 1.835838e-01 0.000000e+00 1
-6.743135e+13 -1.313478e+14 4.587793e+13 7.989175e-01 5.437191e-01 2.570998e-01 0.000000e+00 1
-1.506803e+13 -1.652016e+14 -3.118107e+13 -5.475240e-01 9.828872e-02 8.309975e-01 0.000000e+00 1
-5.676401e+13 5.607687e+13 -1.811703e+13 -6.171554e-01 1.505177e-01 7.723106e-01 0.000000e+00 1
2.873639e+13 -1.260202e+14 2.974525e+13 6.738269e-01 5.671097e-01 -4.736496e-01 0.000000e+00 1
-1.159133e+14 -5.829804e+13 -3.089022e+13 3.088662e-01 2.990869e-01 9.028559e-01 0.000000e+00 1
8.258169e+13 -9.390099e+13 -4.812870e+13 9.982855e-01 3.554651e-02 4.650195e-02 0.000000e+00 1
-1.843226e+13 9.093575e+13 -3.436431e+13 -8.155287e-01 -3.674412e-01 -4.471017e-01 0.000000e+00 1
-7.590319e+13 1.012569e+14 -6.508483e+13 6.511907e-01 7.442821e-01 1.483061e-01 0.000000e+00 1
-8.369448e+13 -9.339890e+13 1.463055e+13 2.351958e-01 -9.688152e-02 9.671075e-01 0.000000e+00 1
2.592102e+13 -5.410140e+13 -8.548998e+13 9.079968e-01 4.126716e-01 -7.241576e-02 0.000000e+00 1
-4.356478e+12 -4.916157e+13 -2.943278e+13 -1.387280e-01 -1.015314e-01 -9.851121e-01 0.000000e+00 1
8.618547e+13 -4.654175e+13 -4.547119e+13 -7.612638e-01 -6.118632e-01 -2.147110e-01 0.000000e+00 1
-1.142258e+14 3.581301e+12 -1.140378e+14 4.050836e-02 -8.738942e-01 -4.844254e-01 0.000000e+00 1
-9.315500e+13 -4.967856e+13 2.608109e+12 -1.291004e-01 -8.064414e-01 5.770489e-01 0.000000e+00 1
5.315395e+13 -1.238548e+14 -3.014754e+13 2.932965e-01 -2.131426e-01 -9.319589e-01 0.000000e+00 1
7.566244e+13 -3.439754e+13 1.173036e+14 -7.281064e-01 6.116982e-01 -3.093322e-01 0.000000e+00 1
9.196309e+12 3.938927e+13 1.089766e+14 -4.994120e-01 -1.175790e-01 8.583489e-01 0.000000e+00 1
-1.109190e+14 6.964148e+12 1.495781e+13 -7.672894e-01 -3.565566e-02 6.403090e-01 0.000000e+00 1
2.902504e+13 5.628799e+13 -8.054951e+13 6.702811e-01 -5.108129e-01 -5.383246e-01 0.000000e+00 1
1.248345e+14 -1.074812e+14 -4.275617e+12 -9.209426e-01 -2.751650e-01 2.759509e-01 0.000000e+00 1
-3.341981e+13 -9.318211e+13 4.956502e+13 -9.440373e-01 1.039144e-01 -3.130422e-01 0.000000e+00 1
-1.368110e+13 -1.164770e+14 6.742324e+13 5.199290e-01 8.527063e-01 5.065418e-02 0.000000e+00 1
-6.405679e+13 1.259923e+13 7.543933e+13 -3.369923e-03 -7.676576e-01 -6.408514e-01 0.000000e+00 1
1.168228e+14 -7.452933e+11 -7.577108e+13 -2.403243e-01 -3.906863e-01 -8.885991e-01 0.000000e+00 1
1.326705e+14 3.086504e+13 5.591515e+13 8.720873e-01 4.608787e-01 -1.644824e-01 0.000000e+00 1
-3.756667e+13 -1.126942e+14 -1.450899e+13 -5.296784e-01 7.901669e-01 -3.083458e-01 0.000000e+00 1
-4.785876e+13 -3.546187e+13 1.029930e+14 4.025123e-01 -8.492177e-01 3.417793e-01 0.000000e+00 1
2.404462e+13 -1.139818e+14 9.899100e+13 9.765653e-01 7.084804e-02 2.032261e-01 0.000000e+00 1
9.379537e+13 7.349071e+13 4.421453e+12 9.684576e-01 1.863020e-01 1.654735e-01 0.000000e+00 1
4.646851e+13 7.168096e+13 8.142681e+13 -2.377625e-01 7.314554e-01 6.390947e-01 0.000000e+00 1
-1.487956e+14 3.831520e+13 2.856997e+13 -3.497860e-01 6.732674e-01 -6.514298e-01 0.000000e+00 1
2.946819e+13 -6.997282e+13 1.401165e+14 -2.545961e-01 -7.516376e-01 -6.084585e-01 0.000000e+00 1
3.537949e+13 7.775105e+13 -3.855223e+13 -7.789028e-01 -5.755251e-01 -2.491610e-01 0.000000e+00 1
-1.272106e+14 -4.000393e+13 3.642683e+13 -4.567028e-01 -2.348450e-01 -8.580620e-01 0.000000e+00 1
4.259704e+13 -8.233632e+13 -2.272410e+13 -6.226983e-01 7.894741e-02 7.784691e-01 0.000000e+00 1
-4.304475e+13 6.125613e+13 -9.659370e+13 5.108267e-01 6.344151e-01 5.801497e-01 0.000000e+00 1
1.604971e+14 -2.059012e+12 -5.096813e+13 3.090589e-01 7.773385e-01 5.479302e-01 0.000000e+00 1
9.003572e+13 -1.106976e+14 8.315283e+13 6.205905e-01 -1.875176e-01 7.613833e-01 0.000000e+00 1
-5.600451e+13 6.881951e+13 1.068598e+14 -5.444003e-01 -7.975840e-01 2.597848e-01 0.000000e+00 1
-1.859559e+13 -1.389285e+14 5.705073e+13 8.255177e-01 2.179147e-01 -5.206090e-01 0.000000e+00 1
1.084005e+14 -7.618634e+13 2.777879e+13 6.034355e-01 -2.357812e-01 -7.617564e-01 0.000000e+00 1
7.267018e+12 -8.260080e+12 -1.631001e+14 -4.280870e-01 3.104953e-01 8.487250e-01 0.000000e+00 1
1.079583e+14 6.683645e+13 -1.023449e+14 -4.681180e-01 -8.579281e-01 2.117188e-01 0.000000e+00 1
-7.560434e+13 -1.426992e+14 6.867513e+12 -8.690258e-01 2.012172e-01 -4.520020e-01 0.000000e+00 1
-1.302036e+14 -5.959062e+13 8.530039e+13 -1.553136e-01 2.057299e-02 9.876510e-01 0.000000e+00 1
-1.537368e+14 -1.138255e+13 3.697412e+13 6.373780e-01 6.726792e-01 3.758351e-01 0.000000e+00 1
7.886736e+13 -1.290152e+13 -2.594326e+13 4.558096e-01 -5.318431e-01 7.137090e-01 0.000000e+00 1
8.420679e+13 1.036153e+14 9.118317e+13 -7.723588e-01 5.692099e-01 2.818901e-01 0.000000e+00 1
1.133752e+14 -6.040907e+13 -8.926191e+13 -5.990824e-01 -3.986575e-01 -6.943864e-01 0.000000e+00 1
-9.985893e+13 -4.875521e+13 -8.695695e+13 6.926366e-01 -1.922371e-01 6.951974e-01 0.000000e+00 1
8.825287e+13 -3.876421e+12 3.221970e+13 4.026869e-01 7.982623e-01 4.479070e-01 0.000000e+00 1
3.578901e+13 8.083125e+10 1.360280e+14 -4.286599e-01 8.748552e-01 2.255640e-01 0.000000e+00 1
1.709218e+13 1.724242e+13 1.249006e+14 7.267718e-01 1.828655e-01 6.620898e-01 0.000000e+00 1
-1.295768e+14 3.142027e+13 4.092870e+13 -9.255152e-01 -1.548780e-01 -3.455929e-01 0.000000e+00 1
-8.300400e+13 9.585390e+13 7.323395e+13 1.542052e-01 7.023573e-01 -6.949208e-01 0.000000e+00 1
-8.368882e+13 -2.057549e+13 -1.243688e+14 -1.630935e-03 -9.073423e-01 -4.203895e-01 0.000000e+00 1
8.059310e+13 7.807905e+12 5.015839e+12 -8.311720e-01 5.538511e-01 -4.901123e-02 0.000000e+00 1
6.893331e+13 -1.082795e+14 5.196437e+13 -2.085167e-01 -9.550148e-01 -2.108732e-01 0.000000e+00 1
-8.361683e+13 3.425457e+13 -9.149181e+13 -9.651111e-01 6.502043e-02 -2.536394e-01 0.000000e+00 1
8.058633e+13 9.928628e+13 -5.912586e+13 -1.824094e-02 -2.778341e-01 -9.604559e-01 0.000000e+00 1
1.319882e+14 8.058938e+13 3.752929e+13 -4.809273e-01 -2.080957e-01 -8.517072e-01 0.000000e+00 1
-9.236580e+13 2.015825e+13 -7.075885e+13 -9.181152e-01 -3.237169e-01 2.286303e-01 0.000000e+00 1
-5.646403e+13 1.233561e+14 8.749292e+12 8.008716e-01 3.225300e-01 5.045583e-01 0.000000e+00 1
-5.315925e+13 -9.615740e+13 -1.191749e+13 3.422363e-01 6.794094e-01 6.490586e-01 0.000000e+00 1
-8.068904e+13 1.034278e+14 -2.284627e+13 1.032422e-01 -9.439822e-01 3.134306e-01 0.000000e+00 1
-6.041338e+13 1.574600e+14 -6.114372e+12 8.496095e-02 -9.033782e-01 4.203445e-01 0.000000e+00 1
-6.777540e+13 5.152389e+13 6.606582e+13 -4.120885e-01 7.125307e-01 -5.678759e-01 0.000000e+00 1
-2.040374e+13 9.767470e+13 6.006003e+13 -1.674038e-01 9.697078e-01 1.778841e-01 0.000000e+00 1
-4.447875e+13 1.334457e+14 -2.838634e+13 -2.151790e-01 -7.862858e-01 -5.791827e-01 0.000000e+00 1
2.200340e+13 1.780986e+13 -1.146056e+14 4.248197e-03 -8.646680e-01 -5.023258e-01 0.000000e+00 1
-2.901535e+13 3.747854e+13 -1.575345e+14 -4.892408e-01 2.737835e-01 8.280616e-01 0.000000e+00 1
-9.843026e+13 -1.335228e+14 8.300437e+12 -4.277732e-02 6.764963e-01 -7.352026e-01 0.000000e+00 1
8.507939e+13 -1.644778e+13 -4.810617e+13 -2.280720e-01 5.891242e-01 7.751876e-01 0.000000e+00 1
-8.098525e+13 -1.182446e+14 3.153612e+13 -5.364033e-01 -7.855548e-01 3.085048e-01 0.000000e+00 1
-7.331300e+13 1.086258e+14 -9.925037e+13 -5.021510e-01 -8.120017e-01 -2.974853e-01 0.000000e+00 1
-8.900919e+13 -1.019323e+14 -3.223040e+13 3.600303e-01 3.353138e-01 -8.705991e-01 0.000000e+00 1
1.027507e+13 1.140244e+14 2.744003e+12 -3.837536e-01 7.287991e-01 -5.670847e-01 0.000000e+00 1
4.835774e+13 1.129237e+14 -6.139501e+13 -5.918151e-01 -2.931973e-01 7.508596e-01 0.000000e+00 1
-8.748788e+13 2.726066e+13 7.678724e+13 6.150833e-02 9.543425e-01 2.923134e-01 0.000000e+00 1
-4.395968e+13 -3.124922e+13 -1.580544e+14 -8.659929e-01 -2.120399e-01 4.528746e-01 0.000000e+00 1
7.491328e+13 -1.218303e+14 2.395831e+13 3.826893e-01 9.222581e-01 -5.467073e-02 0.000000e+00 1
-9.162855e+12 -1.146622e+14 -1.222256e+14 -7.447089e-01 5.980362e-02 6.647046e-01 0.000000e+00 1
3.409018e+13 1.477260e+14 1.462829e+13 8.276796e-01 -4.219005e-01 -3.700627e-01 0.000000e+00 1
8.206057e+13 -1.020902e+14 7.947639e+13 -2.010185e-01 9.730115e-01 -1.133146e-01 0.000000e+00 1
5.344313e+13 -2.055535e+13 -4.124768e+13 7.855291e-02 -8.820832e-01 4.644982e-01 0.000000e+00 1
2.412341e+13 -1.012811e+14 4.188577e+13 -2.341453e-01 6.601460e-01 -7.137109e-01 0.000000e+00 1
3.210666e+13 4.027744e+13 1.429579e+14 3.735504e-02 3.945451e-01 9.181170e-01 0.000000e+00 1
-9.106549e+13 9.431350e+13 1.402059e+13 4.809534e-02 3.798185e-01 9.238099e-01 0.000000e+00 1
-4.690972e+13 -2.310939e+13 1.394375e+14 5.135323e-01 2.750021e-01 -8.128090e-01 0.000000e+00 1
1.436927e+14 -8.899915e+11 2.494700e+13 -7.890620e-01 -5.310994e-02 -6.120135e-01 0.000000e+00 1
-1.528448e+14 1.775306e+13 3.463114e+13 -4.642931e-01 -4.655155e-01 -7.534768e-01 0.000000e+00 1
-8.874895e+13 7.297350e+12 1.354676e+14 8.974005e-01 2.149107e-02 4.406931e-01 0.000000e+00 1
9.823369e+13 6.618858e+13 7.213169e+13 -5.337200e-01 -4.331160e-01 -7.263288e-01 0.000000e+00 1
1.475582e+14 1.945731e+13 -5.660364e+13 5.312910e-01 8.468899e-01 -2.252472e-02 0.000000e+00 1
7.743912e+13 7.124650e+13 8.067081e+13 -5.855397e-01 -1.094192e-01 8.032252e-01 0.000000e+00 1
8.463131e+13 5.132291e+13 -1.944737e+13 2.974515e-01 8.873189e-02 -9.506047e-01 0.000000e+00 1
-7.433938e+13 -4.507492e+13 6.472101e+13 -7.467814e-01 -3.012022e-01 5.929542e-01 0.000000e+00 1
-1.435745e+14 9.326210e+12 -1.957260e+13 -3.206899e-01 6.723969e-01 6.671135e-01 0.000000e+00 1
4.307772e+13 1.087902e+14 2.198251e+13 -2.929371e-01 9.529348e-01 -7.812275e-02 0.000000e+00 1
2.135294e+13 6.825316e+13 6.812255e+12 8.080486e-01 -9.428221e-02 5.815224e-01 0.000000e+00 1
-7.917222e+13 -9.004819e+13 -1.328208e+13 8.029269e-01 -5.905244e-01 -8.117489e-02 0.000000e+00 1
-1.286231e+14 -1.549907e+13 4.397762e+13 7.175950e-01 -5.792063e-01 3.867524e-01 0.000000e+00 1
1.323714e+14 -6.750689e+13 6.967956e+13 1.543893e-01 8.225800e-01 -5.472898e-01 0.000000e+00 1
-1.382437e+14 7.221130e+13 -2.335767e+13 3.239294e-01 -7.170207e-01 -6.172124e-01 0.000000e+00 1
6.459752e+13 1.042828e+13 6.096318e+13 -2.541588e-01 9.095678e-01 3.287700e-01 0.000000e+00 1
4.849623e+13 -1.354803e+14 -3.011908e+13 8.733000e-01 -4.651671e-01 -1.447987e-01 0.000000e+00 1
1.343231e+14 2.695735e+13 9.667405e+13 6.863395e-01 7.168323e-01 -1.228395e-01 0.000000e+00 1
-9.809081e+13 5.219958e+12 8.576778e+13 -8.422773e-01 -4.964032e-01 -2.101256e-01 0.000000e+00 1
-1.130073e+14 -4.696473e+13 -1.812502e+13 -3.481230e-01 8.978470e-01 -2.695944e-01 0.000000e+00 1
4.366331e+13 -5.446900e+12 -9.986647e+13 7.914666e-01 9.413699e-02 6.039196e-01 0.000000e+00 1
-3.068031e+13 -1.403161e+14 3.524626e+13 -6.922719e-01 -5.680530e-01 4.450566e-01 0.000000e+00 1
7.522933e+13 -9.793117e+13 -9.817213e+13 -7.263438e-01 3.615804e-01 5.845377e-01 0.000000e+00 1
-1.225133e+13 -9.251462e+13 -9.627350e+13 3.717436e-01 2.042987e-02 9.281106e-01 0.000000e+00 1
7.106730e+13 2.506601e+13 6.714800e+13 -7.461137e-01 -5.711010e-01 -3.422834e-01 0.000000e+00 1
1.555478e+14 1.824788e+13 -2.059954e+12 1.153560e-01 8.594799e-01 4.979833e-01 0.000000e+00 1
-5.245319e+13 1.126993e+14 -1.134915e+14 -5.408062e-02 -2.545785e-03 9.985333e-01 0.000000e+00 1
-2.486421e+13 -6.865511e+13 -5.439403e+12 5.181774e-01 3.091642e-01 -7.974395e-01 0.000000e+00 1
-1.604615e+14 -1.122270e+12 -3.479922e+13 -2.488358e-01 -4.024060e-01 8.809938e-01 0.000000e+00 1
-1.412758e+14 -2.604520e+13 7.001536e+13 8.370591e-01 5.461911e-01 -3.173810e-02 0.000000e+00 1
-9.538146e+13 8.920418e+13 9.835440e+13 -9.109607e-01 4.074843e-01 -6.408612e-02 0.000000e+00 1
-6.787558e+13 3.055624e+13 1.246593e+14 -7.985643e-01 2.662392e-01 -5.398257e-01 0.000000e+00 1
2.937705e+13 -5.856315e+13 7.644160e+13 -6.978466e-01 5.043107e-01 5.086068e-01 0.000000e+00 1
-1.108998e+14 1.196510e+14 -3.259912e+13 -9.886183e-01 9.225015e-02 -1.188431e-01 0.000000e+00 1
8.535476e+13 9.771781e+13 8.719735e+12 -6.539359e-01 -9.619135e-02 7.504099e-01 0.000000e+00 1
-7.691860e+13 4.480984e+12 1.322819e+14 7.857556e-01 -4.822153e-01 3.873712e-01 0.000000e+00 1
1.536223e+14 -1.100151e+13 -6.645863e+13 -1.818740e-01 1.176118e-01 -9.762629e-01 0.000000e+00 1
1.748607e+13 -3.886014e+13 1.095006e+14 -2.783632e-01 7.462936e-02 -9.575721e-01 0.000000e+00 1
-1.318255e+14 -9.825259e+13 2.062083e+13 9.929165e-01 -4.940541e-03 -1.187116e-01 0.000000e+00 1
-4.367689e+12 -2.659146e+13 1.580915e+14 -3.268821e-01 9.448099e-01 -2.196080e-02 0.000000e+00 1
1.738972e+12 -4.127724e+13 -9.890113e+13 -4.859568e-01 -8.657643e-01 1.195749e-01 0.000000e+00 1
9.503737e+12 -1.406075e+14 -1.184901e+13 2.005223e-01 3.820614e-01 -9.021197e-01 0.000000e+00 1
5.853135e+13 -2.243409e+13 8.974763e+13 5.524150e-01 -8.321474e-01 4.866552e-02 0.000000e+00 1
7.689543e+13 9.612097e+13 2.265873e+13 2.351772e-01 -3.716361e-01 -8.980970e-01 0.000000e+00 1
1.109276e+14 -8.626527e+11 9.553851e+13 -5.237641e-01 3.650491e-02 -8.510808e-01 0.000000e+00 1
-9.610271e+13 1.039453e+14 -8.797272e+13 -6.042838e-01 1.120155e-02 7.966904e-01 0.000000e+00 1
8.382843e+13 9.268416e+13 8.227293e+13 4.014444e-01 9.021851e-01 -1.578114e-01 0.000000e+00 1
8.820360e+13 7.321608e+13 -7.811810e+13 -9.345630e-01 2.413029e-02 -3.549784e-01 0.000000e+00 1
1.011488e+14 -3.438926e+13 2.975467e+13 -5.651636e-01 7.829808e-01 2.598676e-01 0.000000e+00 1
-3.694847e+13 -2.002966e+13 1.417561e+14 -4.245328e-01 -1.419541e-01 8.942153e-01 0.000000e+00 1
-1.015434e+13 1.476294e+14 -4.303976e+13 2.118029e-01 7.151676e-01 6.660893e-01 0.000000e+00 1
-1.059197e+14 -3.371662e+13 1.972914e+13 3.507705e-02 9.417601e-01 -3.344510e-01 0.000000e+00 1
5.066532e+13 -8.735519e+13 -1.204492e+14 8.707081e-01 -4.876505e-01 -6.375289e-02 0.000000e+00 1
1.057387e+13 -6.052217e+13 5.526722e+13 8.886756e-01 -2.025144e-01 -4.113923e-01 0.000000e+00 1
3.541459e+12 8.930496e+13 9.600822e+13 7.891148e-01 1.182865e-01 6.027488e-01 0.000000e+00 1
4.897226e+13 -2.340697e+13 -1.098240e+13 -1.703263e-01 8.828846e-01 4.376114e-01 0.000000e+00 1
8.574713e+13 1.186926e+13 -1.393815e+14 -1.926955e-01 5.405173e-01 8.189686e-01 0.000000e+00 1
6.139063e+13 -1.082703e+14 7.610171e+12 4.047186e-02 -1.369103e-01 9.897563e-01 0.000000e+00 1
6.961535e+13 -1.294083e+14 3.965073e+13 -7.529352e-01 -6.319536e-01 -1.836390e-01 0.000000e+00 1
1.283176e+14 -8.159810e+12 -6.950356e+13 5.477261e-01 8.323656e-01 -8.463818e-02 0.000000e+00 1
-2.772644e+13 3.752479e+13 1.237300e+14 5.332410e-01 -8.203039e-01 2.067740e-01 0.000000e+00 1
1.652339e+13 -8.850092e+13 -3.646773e+13 -5.548700e-01 -1.302640e-01 8.216755e-01 0.000000e+00 1
4.782959e+12 1.152700e+14 -1.117025e+14 -8.769847e-01 -1.915343e-01 4.406954e-01 0.000000e+00 1
-1.194071e+14 -8.338022e+13 -2.007991e+13 8.712898e-01 1.929670e-01 4.512403e-01 0.000000e+00 1
1.004665e+14 -9.826704e+13 -6.185421e+13 9.357917e-01 1.733548e-01 3.069886e-01 0.000000e+00 1
-1.377366e+14 6.460769e+13 -4.676047e+13 -9.438283e-01 -2.144069e-01 -2.514314e-01 0.000000e+00 1
1.367135e+14 4.292168e+13 2.974160e+13 8.865813e-01 1.576644e-01 -4.348742e-01 0.000000e+00 1
-2.796271e+12 2.491794e+13 1.143767e+14 8.144885e-01 5.784739e-01 4.445777e-02 0.000000e+00 1
1.697257e+13 3.185355e+13 -1.815841e+13 -1.603290e-01 -2.895100e-01 -9.436517e-01 0.000000e+00 1
-3.456090e+13 -1.863374e+13 1.877165e+13 6.127266e-02 -8.229999e-01 -5.647272e-01 0.000000e+00 1
-6.314759e+13 4.540577e+13 1.094703e+14 2.297684e-01 -7.452241e-01 -6.259773e-01 0.000000e+00 1
-9.207563e+12 4.916339e+11 1.262179e+14 -8.469379e-01 -4.791646e-01 2.304289e-01 0.000000e+00 1
7.673840e+12 1.389718e+14 4.764571e+13 3.356607e-01 -9.333079e-01 1.275468e-01 0.000000e+00 1
-9.490634e+13 -2.130981e+13 3.797487e+13 -9.113034e-01 -3.859907e-01 -1.433084e-01 0.000000e+00 1
1.029731e+14 -1.031786e+14 -4.191409e+13 9.975659e-01 -3.251212e-02 -6.168668e-02 0.000000e+00 1
9.742400e+13 4.063848e+13 -9.563622e+13 6.243534e-01 -7.533655e-01 -2.064538e-01 0.000000e+00 1
4.192704e+13 1.285060e+14 -4.917134e+13 4.770342e-01 8.272216e-01 2.968885e-01 0.000000e+00 1
-1.912478e+13 1.047623e+14 -1.252838e+14 -5.795326e-01 1.227777e-01 -8.056473e-01 0.000000e+00 1
8.618148e+13 -9.697984e+13 -9.078465e+13 8.047156e-01 6.692942e-02 -5.898757e-01 0.000000e+00 1
3.675457e+12 -1.280461e+13 -1.864325e+13 -9.024117e-01 4.272920e-01 5.545057e-02 0.000000e+00 1
-6.313029e+13 -8.285095e+13 2.233172e+13 3.062894e-01 -9.475392e-01 -9.141211e-02 0.000000e+00 1
7.406767e+13 -1.004987e+14 9.880140e+13 4.999184e-01 8.158467e-01 2.906472e-01 0.000000e+00 1
-9.137814e+13 1.201600e+14 1.959867e+12 -1.198018e-01 -5.851055e-01 8.020592e-01 0.000000e+00 1
1.579486e+13 -1.312921e+14 3.696676e+13 7.321670e-01 -6.749640e-01 -9.140630e-02 0.000000e+00 1
1.331589e+14 -2.425824e+12 7.068607e+13 -2.921936e-01 1.812985e-01 9.390175e-01 0.000000e+00 1
8.481122e+13 -8.481489e+13 -6.055614e+13 -2.657253e-01 -7.953080e-01 -5.448625e-01 0.000000e+00 1
2.511544e+13 6.927359e+13 -4.410568e+13 9.745910e-01 -2.191674e-01 4.623894e-02 0.000000e+00 1
-8.878739e+13 1.226941e+14 -1.685205e+13 -5.975492e-01 -5.798268e-01 5.538374e-01 0.000000e+00 1
-1.213780e+14 6.067942e+13 -3.820372e+13 6.183771e-01 7.483633e-01 -2.399210e-01 0.000000e+00 1
3.750478e+12 2.524023e+13 9.947357e+13 1.884109e-01 9.649894e-01 1.824743e-01 0.000000e+00 1
7.875416e+13 -1.079579e+13 -9.397697e+13 -3.209567e-01 8.751036e-01 -3.621885e-01 0.000000e+00 1
-4.374643e+13 -2.549680e+13 -1.310349e+14 -9.353309e-01 3.537733e-01 -7.884828e-04 0.000000e+00 1
3.697814e+13 5.133405e+13 1.409061e+14 -4.780074e-01 8.454036e-02 -8.742779e-01 0.000000e+00 1
-3.330527e+13 1.077754e+13 4.601336e+13 -9.974495e-01 -1.289058e-02 -7.020222e-02 0.000000e+00 1
-6.595525e+13 -2.261188e+13 6.699770e+12 9.263635e-02 8.027263e-01 5.891087e-01 0.000000e+00 1
-2.225522e+13 8.907233e+13 8.780376e+13 1.639787e-01 8.644904e-01 4.751497e-01 0.000000e+00 1
3.935646e+11 7.058167e+13 9.289906e+11 9.288872e-01 3.345549e-01 1.588758e-01 0.000000e+00 1
4.242676e+13 4.062674e+12 -7.773467e+13 -5.416903e-01 1.536744e-01 -8.264114e-01 0.000000e+00 1
-8.707451e+13 2.469458e+13 1.124907e+14 -3.701745e-01 2.252601e-01 9.012373e-01 0.000000e+00 1
8.378530e+13 2.601137e+13 -1.409982e+14 -4.915498e-01 -7.457823e-01 -4.496526e-01 0.000000e+00 1
5.984707e+13 -9.051839e+12 -9.894202e+13 9.336411e-01 -6.063259e-02 3.530411e-01 0.000000e+00 1
-9.167449e+12 1.443462e+14 -2.337101e+13 -2.170339e-01 -3.792991e-01 -8.994601e-01 0.000000e+00 1
5.478370e+13 9.626514e+13 4.528663e+13 -7.718192e-01 -6.121600e-01 -1.719164e-01 0.000000e+00 1
4.914239e+11 3.482435e+12 -1.365232e+14 -6.645917e-01 -2.650013e-01 6.986360e-01 0.000000e+00 1
8.155590e+13 -8.528328e+13 8.082548e+13 4.449354e-01 -1.719669e-01 8.788970e-01 0.000000e+00 1
-1.453356e+13 2.030037e+13 6.684754e+13 6.971143e-01 -4.805536e-01 5.320713e-01 0.000000e+00 1
-2.109118e+13 5.974803e+13 -6.746115e+12 -2.546320e-01 2.911640e-01 -9.221638e-01 0.000000e+00 1
6.670215e+13 2.663247e+13 -4.772204e+13 -6.056762e-01 7.695544e-01 -2.023421e-01 0.000000e+00 1
5.103722e+13 2.435392e+13 -9.608992e+13 -8.957341e-01 4.434479e-01 -3.185013e-02 0.000000e+00 1
7.521742e+13 -5.200448e+12 7.211076e+13 -3.816606e-01 -7.823679e-01 -4.921744e-01 0.000000e+00 1
1.175203e+14 -3.424373e+13 -9.952269e+13 -8.976233e-02 9.414150e-01 -3.250855e-01 0.000000e+00 1
7.653973e+13 5.232755e+13 -9.267115e+13 9.573982e-01 2.507367e-01 1.432471e-01 0.000000e+00 1
2.500426e+12 -1.345159e+14 1.229210e+13 -4.676517e-01 6.228864e-01 6.271479e-01 0.000000e+00 1
1.106353e+14 8.711576e+12 1.601996e+13 -2.790919e-01 -9.535378e-01 1.134606e-01 0.000000e+00 1
-1.317322e+14 -5.592865e+13 2.793654e+13 2.833034e-01 4.305702e-01 8.569414e-01 0.000000e+00 1
-1.686603e+13 2.795672e+13 9.926081e+13 -3.303953e-01 9.304677e-01 1.583316e-01 0.000000e+00 1
-8.455170e+13 -1.165885e+14 8.294693e+13 3.642891e-01 -8.458298e-01 -3.896991e-01 0.000000e+00 1
6.993308e+13 -3.399861e+13 -2.764514e+13 -6.063610e-01 6.819684e-01 4.089564e-01 0.000000e+00 1
-1.370772e+14 1.981386e+13 4.153182e+12 3.930018e-01 7.877114e-01 4.744052e-01 0.000000e+00 1
5.652941e+13 7.102326e+12 -1.506756e+14 -5.031181e-01 -7.083253e-01 -4.951236e-01 0.000000e+00 1
-4.955750e+13 1.137683e+14 -1.086115e+14 5.909033e-01 5.796762e-01 5.610782e-01 0.000000e+00 1
1.069613e+14 -6.177743e+13 2.137364e+13 6.216367e-01 -7.472935e-01 -2.347771e-01 0.000000e+00 1
7.685585e+13 6.557811e+13 1.019263e+14 -6.020191e-01 -6.771987e-01 4.230543e-01 0.000000e+00 1
6.573617e+13 1.132516e+13 -3.221243e+13 6.012479e-01 5.652767e-01 -5.647682e-01 0.000000e+00 1
-1.063561e+14 -1.164324e+14 -4.402358e+13 9.857366e-01 -1.312497e-01 1.053416e-01 0.000000e+00 1
-7.006236e+13 -3.667833e+13 -1.287234e+14 8.766603e-01 4.444231e-01 -1.842682e-01 0.000000e+00 1
5.698675e+13 9.720397e+13 -7.319467e+13 8.030253e-01 5.758242e-01 -1.535478e-01 0.000000e+00 1
-3.468441e+12 1.182216e+14 -3.448601e+13 1.513928e-01 -6.220362e-01 -7.682130e-01 0.000000e+00 1
-1.016751e+14 -1.168779e+14 3.739980e+13 3.623532e-01 -9.149771e-01 1.775303e-01 0.000000e+00 1
1.167192e+14 2.727900e+13 -8.500446e+13 8.716043e-01 2.764596e-01 -4.048161e-01 0.000000e+00 1
2.978487e+13 -5.094716e+13 8.572961e+12 -8.852505e-01 -4.112541e-01 2.172594e-01 0.000000e+00 1
-8.716620e+13 -5.081296e+13 5.374122e+13 6.768488e-01 6.584180e-01 3.291829e-01 0.000000e+00 1
-5.772260e+13 2.114697e+13 1.028391e+13 -4.684761e-01 6.294996e-01 6.198874e-01 0.000000e+00 1
-8.328451e+13 9.643186e+13 3.363427e+13 -8.414111e-02 -9.252579e-01 -3.698892e-01 0.000000e+00 1
1.758598e+13 -1.053771e+13 -1.331348e+13 3.794918e-01 -3.597254e-01 8.523987e-01 0.000000e+00 1
-2.058333e+13 7.563577e+13 4.961991e+13 -4.382777e-01 -8.331915e-01 3.372012e-01 0.000000e+00 1
9.441623e+13 6.777145e+13 -1.025352e+14 -8.063897e-01 4.884454e-01 -3.334018e-01 0.000000e+00 1
4.532588e+13 6.299040e+13 -4.962904e+13 -6.046978e-01 2.651346e-01 -7.510288e-01 0.000000e+00 1
6.616478e+13 -2.330123e+13 -1.422853e+14 7.176365e-01 -3.409453e-01 6.072512e-01 0.000000e+00 1
-5.830860e+13 -7.952614e+13 5.836396e+13 7.662684e-02 -7.618486e-01 -6.432069e-01 0.000000e+00 1
1.495754e+14 -2.195898e+13 -5.834262e+13 -6.779616e-01 7.312222e-01 7.537945e-02 0.000000e+00 1
-4.034453e+13 7.324585e+13 6.304004e+13 4.516483e-01 -5.385667e-01 -7.113085e-01 0.000000e+00 1
-9.404771e+13 -9.222605e+13 5.480726e+13 -4.648803e-01 -8.840523e-01 -4.835184e-02 0.000000e+00 1
-1.149609e+13 7.821251e+12 1.047120e+14 -7.511585e-02 -8.693797e-01 -4.884020e-01 0.000000e+00 1
3.378716e+13 -1.343237e+14 -6.281713e+13 2.602876e-01 -5.913547e-01 7.632497e-01 0.000000e+00 1
-2.652252e+13 -4.774078e+13 -1.385267e+14 4.063729e-01 8.187118e-01 4.056749e-01 0.000000e+00 1
-1.476072e+14 5.398817e+13 -1.900267e+13 -7.821867e-01 -2.259182e-01 -5.806418e-01 0.000000e+00 1
6.975402e+13 9.410703e+13 1.191337e+14 7.415570e-01 -1.209091e-01 6.599047e-01 0.000000e+00 1
7.604134e+13 3.056302e+13 1.183035e+14 8.077084e-02 5.286189e-01 8.450078e-01 0.000000e+00 1
-1.059213e+14 8.130633e+13 8.155560e+13 -9.363945e-01 2.899707e-01 -1.976924e-01 0.000000e+00 1
-2.691852e+13 -9.313864e+13 -3.324463e+13 4.239996e-01 8.951117e-01 -1.378385e-01 0.000000e+00 1
6.424130e+13 -7.350946e+13 -7.294493e+11 -7.529381e-01 -4.960871e-01 4.324140e-01 0.000000e+00 1
-9.189786e+13 4.095513e+13 1.300329e+14 -8.870311e-02 9.126196e-01 -3.990704e-01 0.000000e+00 1
-3.433014e+13 8.018098e+13 -1.320679e+14 -2.128316e-02 1.169575e-01 -9.929088e-01 0.000000e+00 1
7.933116e+12 1.158272e+14 8.547407e+13 5.520118e-01 2.214248e-01 -8.038993e-01 0.000000e+00 1
2.218989e+13 1.270410e+14 -4.507650e+13 -5.943904e-01 -8.027082e-01 4.857699e-02 0.000000e+00 1
-1.445298e+14 2.389471e+13 5.801269e+13 -2.089272e-01 -9.605384e-01 -1.836174e-01 0.000000e+00 1
1.076185e+14 1.111703e+14 -1.477841e+13 5.786089e-01 -6.734313e-01 -4.601109e-01 0.000000e+00 1
2.398512e+13 -3.736695e+13 1.013396e+14 -4.102243e-01 4.961623e-01 7.652052e-01 0.000000e+00 1
-5.302682e+13 1.776261e+13 8.781904e+13 8.165697e-01 4.674667e-01 3.386573e-01 0.000000e+00 1
-2.964065e+13 -7.397655e+13 1.636706e+13 3.809487e-01 4.877416e-01 7.854847e-01 0.000000e+00 1
5.558056e+12 -1.985814e+13 -7.698009e+12 -2.443357e-01 5.895171e-01 -7.699153e-01 0.000000e+00 1
-2.284577e+13 2.538304e+13 4.076665e+13 -6.817601e-01 7.261177e-01 -8.919841e-02 0.000000e+00 1
9.174517e+13 -4.264974e+13 -4.802713e+13 -8.226853e-01 -8.518155e-02 5.620791e-01 0.000000e+00 1
1.224850e+14 -7.026567e+13 8.725874e+12 1.676587e-01 -9.280749e-01 3.325169e-01 0.000000e+00 1
3.615191e+13 -4.251644e+13 1.593521e+14 1.494117e-01 5.212193e-01 -8.402420e-01 0.000000e+00 1
8.930206e+13 1.960421e+10 3.433926e+13 9.617576e-02 1.705601e-01 9.806424e-01 0.000000e+00 1
-6.431314e+13 -3.289171e+13 -9.286518e+13 6.082290e-01 -2.829695e-01 -7.416103e-01 0.000000e+00 1
3.217298e+12 3.647965e+13 1.452877e+14 -4.829492e-01 -8.414870e-01 2.421977e-01 0.000000e+00 1
1.088475e+14 1.088119e+14 -1.685265e+13 7.255433e-01 6.562894e-01 -2.070533e-01 0.000000e+00 1
3.205056e+13 1.071245e+14 6.574604e+13 8.622983e-01 1.474452e-01 -4.844601e-01 0.000000e+00 1
-4.793375e+13 -1.314855e+14 2.906523e+13 -5.559900e-01 -7.961861e-01 2.386689e-01 0.000000e+00 1
7.520094e+13 1.365702e+14 -1.692206e+13 7.845425e-01 -1.198223e-03 -6.200739e-01 0.000000e+00 1
9.575515e+13 7.925869e+13 -1.845255e+13 1.506949e-01 7.616972e-01 -6.301654e-01 0.000000e+00 1
1.019303e+13 -1.479395e+14 -3.372457e+13 2.641811e-02 -9.175391e-01 -3.967669e-01 0.000000e+00 1
1.410554e+14 5.739365e+13 -1.321428e+13 -5.797530e-01 -8.135874e-01 -4.429457e-02 0.000000e+00 1
9.852941e+12 3.666946e+13 -5.468352e+13 4.028784e-01 -6.480737e-01 6.462890e-01 0.000000e+00 1
-5.260269e+12 6.614203e+13 -8.929585e+13 -9.392287e-01 -4.791308e-02 3.399320e-01 0.000000e+00 1
-7.000304e+12 -8.729286e+13 4.481706e+13 -1.527385e-01 5.033826e-01 -8.504569e-01 0.000000e+00 1
1.107836e+13 1.167293e+13 -6.523436e+13 8.374591e-01 4.838255e-01 2.541163e-01 0.000000e+00 1
4.360154e+13 7.924709e+13 9.197685e+13 -3.777739e-01 8.702854e-01 3.160542e-01 0.000000e+00 1
-4.288452e+13 -1.074859e+14 1.160668e+14 7.767410e-01 6.121654e-01 -1.480774e-01 0.000000e+00 1
5.035597e+13 -1.047403e+14 3.556261e+12 3.136240e-01 9.468950e-01 7.092158e-02 0.000000e+00 1
-2.487842e+13 -1.923746e+13 -1.063932e+14 1.783032e-01 8.861916e-01 -4.276358e-01 0.000000e+00 1
-2.428278e+13 -5.547618e+13 -1.199778e+14 5.953731e-01 -7.845267e-01 -1.733457e-01 0.000000e+00 1
-9.752655e+13 9.589229e+13 -3.257646e+13 4.359005e-01 8.967823e-01 -7.597539e-02 0.000000e+00 1
2.429518e+13 -2.872875e+13 -1.007956e+14 -9.338412e-01 3.286826e-01 -1.410973e-01 0.000000e+00 1
-7.012420e+12 1.599614e+13 -1.423009e+14 5.590512e-02 6.647123e-01 -7.450048e-01 0.000000e+00 1
7.879649e+13 7.995854e+13 1.693171e+13 7.767457e-01 -4.757462e-01 4.127126e-01 0.000000e+00 1
-5.901812e+13 9.378174e+12 1.182857e+14 -3.428823e-01 6.511832e-01 -6.770466e-01 0.000000e+00 1
6.969148e+13 -3.612198e+13 -1.212136e+14 -7.798504e-01 3.268769e-01 5.338397e-01 0.000000e+00 1
-1.478317e+14 -1.531398e+13 -7.156290e+13 -8.610412e-01 -4.115638e-01 2.987027e-01 0.000000e+00 1
-5.029322e+13 -4.391895e+13 8.422047e+13 5.723237e-01 -5.616336e-01 5.975059e-01 0.000000e+00 1
2.447960e+13 -9.703147e+12 -1.201732e+14 2.195868e-01 7.879813e-01 -5.752105e-01 0.000000e+00 1
-4.892889e+13 1.388997e+14 -6.234236e+13 -2.570539e-01 -2.441503e-02 -9.660886e-01 0.000000e+00 1
9.079961e+13 3.268602e+13 -6.110705e+13 4.345213e-01 4.596317e-01 -7.745515e-01 0.000000e+00 1
1.421371e+14 5.378636e+13 -7.044372e+13 -2.039802e-01 7.526689e-01 -6.260045e-01 0.000000e+00 1
-1.197353e+13 3.148861e+13 6.384689e+13 -7.901650e-01 -2.507538e-02 -6.123810e-01 0.000000e+00 1
-9.464169e+13 1.044620e+14 -2.712622e+12 1.652759e-02 4.956683e-01 8.683546e-01 0.000000e+00 1
1.492314e+13 6.222539e+12 -8.824582e+13 -8.731648e-01 -3.526109e-01 3.365245e-01 0.000000e+00 1
-6.598820e+13 3.275048e+13 5.498669e+13 -5.615011e-01 1.481213e-03 -8.274747e-01 0.000000e+00 1
1.107983e+14 -8.112171e+12 9.511962e+12 -8.266919e-02 -2.199091e-01 9.720112e-01 0.000000e+00 1
-1.087254e+14 1.229881e+14 4.544258e+12 2.555665e-02 9.216401e-01 3.872034e-01 0.000000e+00 1
1.023173e+14 1.076508e+14 2.424215e+13 9.042226e-01 -2.271001e-01 -3.616726e-01 0.000000e+00 1
2.646766e+12 -8.333762e+13 -3.475299e+13 -5.739187e-01 -6.791152e-01 4.576242e-01 0.000000e+00 1
-2.681651e+13 2.662929e+13 -1.073340e+14 -6.609032e-01 -6.722036e-01 3.336904e-01 0.000000e+00 1
-8.019556e+13 1.354943e+14 4.642849e+13 -2.775479e-01 4.107704e-01 8.684669e-01 0.000000e+00 1
-6.704710e+13 -8.168781e+13 5.792627e+13 2.283115e-01 -8.547314e-01 4.661632e-01 0.000000e+00 1
-9.495401e+13 3.797552e+13 4.142462e+13 7.901586e-01 -6.123326e-01 2.642397e-02 0.000000e+00 1
-4.669653e+11 -5.215114e+13 2.097666e+13 -9.231783e-02 -8.425207e-01 5.306942e-01 0.000000e+00 1
3.029859e+13 -1.482983e+14 9.015052e+12 -9.208670e-01 -2.046147e-01 3.318687e-01 0.000000e+00 1
-5.086893e+13 5.510971e+13 -4.367858e+13 -8.011052e-01 5.163617e-01 3.026567e-01 0.000000e+00 1
-1.135730e+14 7.673596e+13 -7.232019e+13 -3.523021e-02 -6.159472e-01 -7.869993e-01 0.000000e+00 1
-6.960513e+13 2.893129e+13 -4.891442e+13 1.230280e-01 9.889889e-01 -8.225041e-02 0.000000e+00 1
8.122786e+13 1.398920e+14 1.793461e+12 8.640454e-02 -8.588401e-01 -5.049039e-01 0.000000e+00 1
4.611895e+13 -3.067767e+13 2.458413e+13 -3.639430e-01 7.694435e-01 5.248830e-01 0.000000e+00 1
1.060006e+14 2.834802e+13 -7.796443e+13 5.311824e-01 -7.516496e-01 3.909835e-01 0.000000e+00 1
1.435339e+14 -3.818524e+13 -3.605955e+13 -6.249600e-01 -3.128517e-01 7.152264e-01 0.000000e+00 1
-2.533473e+13 -2.870706e+13 -1.476836e+14 6.875785e-01 -2.557379e-01 6.795836e-01 0.000000e+00 1
-5.790097e+13 8.977205e+13 -5.172419e+13 -5.376511e-01 -3.241993e-01 -7.783483e-01 0.000000e+00 1
-4.102990e+12 6.292985e+13 4.356066e+13 6.024200e-01 6.718500e-01 -4.309382e-01 0.000000e+00 1
5.149403e+13 -1.527588e+13 -9.342980e+13 2.075874e-01 2.722305e-01 -9.395733e-01 0.000000e+00 1
-6.362110e+13 -6.008959e+13 -3.739955e+13 -2.519446e-01 -6.754761e-01 6.930050e-01 0.000000e+00 1
-1.127808e+14 1.011521e+14 8.768879e+12 -4.840236e-01 6.564298e-01 5.786373e-01 0.000000e+00 1
1.566491e+14 -4.230304e+13 2.886500e+13 6.749776e-01 -5.592827e-01 -4.812567e-01 0.000000e+00 1
4.553144e+13 1.001225e+14 1.924766e+13 3.202000e-01 8.228349e-01 4.694834e-01 0.000000e+00 1
-6.254536e+13 -7.773125e+13 -6.685277e+13 7.869202e-01 -2.627194e-01 5.583324e-01 0.000000e+00 1
-4.007329e+13 -8.210480e+13 -2.394356e+13 4.041656e-01 -5.260946e-01 -7.482477e-01 0.000000e+00 1
6.265814e+13 -1.131784e+14 -4.145586e+13 -8.564006e-01 -5.027908e-01 -1.173861e-01 0.000000e+00 1
6.448150e+13 -5.955082e+13 1.114099e+14 8.685385e-01 4.684061e-01 -1.619770e-01 0.000000e+00 1
-9.935721e+13 -9.095954e+13 -3.295185e+13 -6.310744e-01 7.370234e-01 -2.419537e-01 0.000000e+00 1
9.856563e+13 -1.902900e+13 1.257233e+14 -4.753322e-01 2.292040e-01 8.494262e-01 0.000000e+00 1
-8.086410e+13 -1.145040e+14 7.943097e+13 5.369201e-01 -7.733515e-01 -3.371116e-01 0.000000e+00 1
1.795304e+13 2.158450e+13 8.731201e+13 -1.095281e-01 -4.015968e-01 9.092434e-01 0.000000e+00 1
-2.072183e+13 -4.626502e+13 -1.421948e+14 -2.892402e-01 -7.273690e-01 6.223138e-01 0.000000e+00 1
1.081847e+14 -1.127232e+14 -1.616149e+13 -2.165606e-01 9.010941e-01 3.756739e-01 0.000000e+00 1
-5.587252e+12 1.039751e+14 -5.403984e+13 -8.512724e-01 1.008839e-01 -5.149348e-01 0.000000e+00 1
-5.271411e+13 1.261839e+14 4.722043e+13 2.134492e-01 9.211692e-01 3.254025e-01 0.000000e+00 1
-4.955861e+13 -2.641746e+13 3.306620e+13 -6.926727e-01 -6.980643e-01 -1.814135e-01 0.000000e+00 1
-5.347528e+13 1.864326e+13 -7.403202e+13 7.612119e-02 2.339977e-01 -9.692526e-01 0.000000e+00 1
-5.289537e+13 8.961087e+13 -6.077629e+13 -1.036393e-01 -3.451387e-01 -9.328120e-01 0.000000e+00 1
-1.427962e+14 1.438666e+13 -2.865688e+13 6.938855e-01 -7.157864e-01 -7.856699e-02 0.000000e+00 1
-4.349743e+13 -7.508837e+13 -1.119453e+14 9.966369e-01 8.098763e-02 -1.248497e-02 0.000000e+00 1
-4.996776e+13 2.419549e+13 1.510455e+13 6.639896e-01 -6.732770e-01 3.252936e-01 0.000000e+00 1
-6.270804e+13 1.066240e+14 8.370691e+13 9.415782e-01 5.371367e-02 -3.324835e-01 0.000000e+00 1
-2.688353e+13 1.361181e+14 2.976225e+13 5.701840e-01 5.306979e-03 8.214998e-01 0.000000e+00 1
2.958865e+13 -1.479146e+13 1.393887e+14 3.600216e-02 9.849114e-01 1.692730e-01 0.000000e+00 1
-1.173635e+12 7.511440e+13 -2.249618e+13 5.936634e-01 5.905372e-01 -5.466531e-01 0.000000e+00 1
8.869238e+13 8.629166e+12 -3.199820e+13 -3.386588e-01 -9.297068e-01 1.447605e-01 0.000000e+00 1
3.992957e+13 -2.567372e+13 -4.643781e+11 -2.673778e-01 7.906107e-01 -5.508574e-01 0.000000e+00 1
3.375673e+13 8.251701e+12 1.137992e+14 -4.289705e-01 9.031625e-01 -1.678848e-02 0.000000e+00 1
-3.349108e+12 -3.852005e+13 1.355397e+14 -3.332017e-01 -8.787745e-01 -3.416606e-01 0.000000e+00 1
8.947599e+13 -1.116500e+14 -7.048066e+13 9.850925e-01 -5.452657e-02 1.631555e-01 0.000000e+00 1
6.507006e+13 -3.100280e+13 -4.526709e+13 5.424726e-01 2.048204e-01 8.147221e-01 0.000000e+00 1
-4.351723e+13 -8.157154e+13 -1.780045e+13 -1.801754e-01 -5.671579e-01 -8.036596e-01 0.000000e+00 1
-4.516337e+13 -3.804555e+13 6.476057e+13 -8.795390e-01 -3.061881e-01 3.642253e-01 0.000000e+00 1
-8.076342e+13 -3.798317e+13 3.690741e+13 -1.635733e-01 9.120521e-01 -3.760382e-01 0.000000e+00 1
-2.140968e+13 6.940694e+13 5.398163e+13 -6.716266e-01 -5.097101e-01 5.376926e-01 0.000000e+00 1
1.114934e+14 -6.329796e+13 7.706411e+13 6.668524e-01 -2.443204e-02 7.447892e-01 0.000000e+00 1
5.711264e+13 1.314381e+14 4.236129e+13 -5.288253e-02 9.956858e-01 -7.624444e-02 0.000000e+00 1
2.677682e+13 3.800295e+11 1.551442e+14 -6.413495e-01 -6.534529e-01 -4.020823e-01 0.000000e+00 1
-7.530128e+13 8.116172e+13 1.149565e+14 3.607418e-01 9.077071e-01 2.143201e-01 0.000000e+00 1
-6.382537e+13 1.445801e+14 1.703213e+13 8.163414e-01 5.488634e-01 -1.798213e-01 0.000000e+00 1
3.862882e+13 7.732975e+13 -1.082705e+14 7.109111e-01 -6.054304e-01 3.578539e-01 0.000000e+00 1
-1.209379e+14 9.826720e+12 8.566124e+13 -3.995591e-01 7.951146e-01 4.562294e-01 0.000000e+00 1
-5.901303e+13 -9.632691e+12 2.912550e+13 -1.533524e-01 -9.360512e-01 3.166878e-01 0.000000e+00 1
-9.369556e+13 1.145794e+14 1.478394e+13 5.301208e-02 7.901224e-02 -9.954631e-01 0.000000e+00 1
1.494407e+13 8.176695e+13 -6.373924e+13 6.318726e-01 5.614557e-01 5.343262e-01 0.000000e+00 1
3.194568e+13 -6.512572e+13 8.670521e+13 2.059865e-01 -9.305278e-01 3.027996e-01 0.000000e+00 1
8.689531e+13 -7.157643e+13 1.337282e+13 -6.478861e-02 4.054439e-01 9.118211e-01 0.000000e+00 1
-5.011124e+13 -1.064064e+14 -4.300495e+13 -3.268754e-01 -2.067225e-01 9.221813e-01 0.000000e+00 1
-7.539072e+13 3.834025e+13 -4.455462e+13 8.708496e-01 1.873521e-01 -4.544450e-01 0.000000e+00 1
1.401604e+14 -1.488279e+13 -5.128144e+12 3.823048e-01 -6.822343e-01 6.232170e-01 0.000000e+00 1
9.521333e+12 -1.128974e+13 1.599664e+13 -7.765916e-01 4.332360e-01 -4.573970e-01 0.000000e+00 1
-4.153181e+13 -2.619974e+13 -1.479552e+14 8.082148e-01 3.580218e-01 -4.675567e-01 0.000000e+00 1
5.843593e+13 9.966242e+13 2.331356e+13 -3.708103e-01 -8.664839e-01 3.342235e-01 0.000000e+00 1
2.848591e+13 8.662162e+13 -5.943051e+12 -9.495609e-01 1.975641e-01 -2.435211e-01 0.000000e+00 1
-1.730203e+13 1.990242e+13 -1.659204e+14 5.413590e-02 -3.383955e-01 -9.394455e-01 0.000000e+00 1
3.617328e+13 1.455064e+14 6.261790e+13 -2.891118e-01 -8.710864e-01 3.970175e-01 0.000000e+00 1
-1.011889e+14 7.168759e+13 -5.610704e+13 8.968754e-01 4.004680e-01 1.877228e-01 0.000000e+00 1
1.063403e+14 6.554562e+13 -3.613327e+13 -4.527374e-01 -2.597353e-01 -8.529750e-01 0.000000e+00 1
-5.279419e+13 1.103222e+14 -1.294739e+13 -9.938686e-01 -2.500989e-02 -1.077019e-01 0.000000e+00 1
6.198953e+13 2.281596e+13 -1.015118e+14 9.642473e-01 -1.654199e-01 -2.070349e-01 0.000000e+00 1
8.990883e+13 -1.256820e+14 1.692205e+13 -7.727998e-01 1.184849e-01 6.234916e-01 0.000000e+00 1
1.843785e+13 2.913853e+13 4.966260e+13 4.321516e-01 4.600730e-01 7.756145e-01 0.000000e+00 1
6.163377e+12 -3.123366e+13 1.383244e+14 -5.158978e-01 -6.846772e-01 5.148462e-01 0.000000e+00 1
4.294273e+13 -7.888613e+13 8.064615e+13 -2.488827e-01 -8.739349e-01 -4.174867e-01 0.000000e+00 1
-3.091924e+13 -8.083000e+13 1.455676e+14 9.471227e-01 -2.098681e-01 2.427221e-01 0.000000e+00 1
-2.878032e+13 -4.059764e+13 -3.871627e+13 8.110744e-01 5.412521e-01 2.218211e-01 0.000000e+00 1
2.787752e+13 6.569013e+13 -9.769675e+13 4.058507e-01 -7.011484e-01 5.862389e-01 0.000000e+00 1
2.181968e+13 1.645847e+14 -1.634929e+12 4.070404e-01 -7.688113e-02 9.101689e-01 0.000000e+00 1
-7.358988e+13 9.295094e+13 -3.829620e+12 -2.256850e-01 5.272353e-01 8.192003e-01 0.000000e+00 1
6.485496e+13 7.539913e+13 -1.992365e+13 -2.101838e-01 2.553354e-01 -9.437301e-01 0.000000e+00 1
-2.379532e+13 -9.292690e+13 -7.219760e+13 -3.953421e-01 -6.482626e-01 -6.507382e-01 0.000000e+00 1
8.710116e+13 -1.186661e+13 8.511624e+13 -1.081910e-01 -8.961271e-01 4.304078e-01 0.000000e+00 1
-4.083374e+13 -6.509603e+13 -1.228965e+14 -9.157026e-01 -1.266950e-01 -3.813623e-01 0.000000e+00 1
-8.272132e+13 1.169801e+14 -1.294287e+13 4.899420e-01 -8.563919e-01 -1.629408e-01 0.000000e+00 1
-3.734190e+13 -7.704757e+13 -1.379132e+13 -4.320779e-01 8.965827e-01 9.720137e-02 0.000000e+00 1
4.661630e+13 -7.024263e+13 1.466336e+14 8.885788e-01 -7.973476e-02 -4.517412e-01 0.000000e+00 1
3.902666e+13 5.537162e+12 -1.169393e+14 5.795233e-01 3.624640e-01 7.299127e-01 0.000000e+00 1
1.020805e+14 9.796174e+13 8.351385e+13 -4.096382e-01 5.523773e-01 -7.259999e-01 0.000000e+00 1
4.389893e+13 -6.818156e+12 2.316505e+12 -9.188746e-01 3.620373e-01 1.568387e-01 0.000000e+00 1
-1.474351e+14 -4.477583e+13 -5.773101e+13 -7.745673e-01 5.499435e-01 -3.124221e-01 0.000000e+00 1
-4.274564e+13 -1.277122e+14 7.732764e+13 -7.524049e-01 -1.065279e-01 -6.500298e-01 0.000000e+00 1
1.973275e+13 -6.294915e+13 9.466986e+13 -1.433116e-01 9.680130e-01 2.059432e-01 0.000000e+00 1
-6.679916e+13 -4.345507e+12 -3.317999e+13 6.988654e-01 -3.708839e-01 -6.115817e-01 0.000000e+00 1
-1.057297e+14 -9.736632e+13 -5.846177e+13 4.520209e-01 -1.513310e-01 -8.790768e-01 0.000000e+00 1
1.335464e+14 -9.838910e+11 8.601953e+13 -8.136227e-01 3.865622e-03 5.813803e-01 0.000000e+00 1
-9.325535e+13 -1.128334e+14 5.441604e+13 5.078756e-01 -8.055630e-01 3.051730e-01 0.000000e+00 1
6.608369e+12 1.010732e+13 -3.182638e+13 2.699700e-01 9.476264e-01 -1.706469e-01 0.000000e+00 1
-3.924196e+13 -5.158375e+13 3.570265e+12 7.888811e-01 4.353091e-01 -4.337886e-01 0.000000e+00 1
1.423595e+14 2.770997e+13 6.362243e+12 8.898225e-01 3.966114e-01 2.256443e-01 0.000000e+00 1
-5.701910e+13 -6.301124e+13 -3.462235e+13 -3.068548e-01 -5.357289e-01 -7.866604e-01 0.000000e+00 1
-8.121371e+13 4.825078e+13 8.689579e+13 5.369211e-01 -7.860137e-01 -3.064281e-01 0.000000e+00 1
-1.187389e+13 1.251924e+13 1.353621e+14 -1.781260e-02 -5.486212e-01 8.358813e-01 0.000000e+00 1
4.985899e+13 4.485231e+13 4.407689e+13 -4.531171e-01 8.603439e-01 -2.334379e-01 0.000000e+00 1
1.125147e+14 9.909442e+13 3.623040e+13 5.220717e-01 -8.500741e-01 -6.939196e-02 0.000000e+00 1
-8.410396e+13 -7.098985e+13 -9.709639e+13 -6.169965e-01 7.865292e-01 2.621455e-02 0.000000e+00 1
-2.284215e+13 -1.303324e+14 -5.112575e+13 -1.865269e-01 1.948372e-01 9.629362e-01 0.000000e+00 1
1.443722e+14 5.762917e+13 -1.876691e+13 -9.456624e-01 1.784491e-01 -2.718062e-01 0.000000e+00 1
7.973113e+13 1.620974e+13 8.200771e+13 6.114142e-01 4.524897e-01 -6.491732e-01 0.000000e+00 1
4.015731e+13 9.204440e+13 1.033335e+14 -5.642991e-01 5.990143e-01 -5.681095e-01 0.000000e+00 1
-5.130866e+13 7.732624e+13 -1.371088e+13 -8.519001e-02 2.190845e-01 9.719798e-01 0.000000e+00 1
6.810839e+13 4.926645e+13 -1.120788e+14 -5.236087e-01 5.645991e-01 6.380140e-01 0.000000e+00 1
-1.500389e+14 -4.736745e+13 -1.384449e+13 5.429013e-02 6.943651e-01 7.175721e-01 0.000000e+00 1
-1.606303e+13 -1.309312e+14 -2.476580e+13 -2.165299e-01 -7.939670e-01 -5.680943e-01 0.000000e+00 1
-5.045280e+12 -9.215771e+13 -6.651398e+13 -8.104543e-02 -7.698139e-01 6.331021e-01 0.000000e+00 1
-5.466356e+12 -8.255047e+13 9.882511e+13 -8.861844e-01 -4.058894e-02 -4.615515e-01 0.000000e+00 1
5.509012e+12 1.420988e+14 7.454000e+12 -2.364234e-01 -4.485915e-01 8.618988e-01 0.000000e+00 1
7.025785e+13 -1.732356e+13 1.136791e+14 2.788423e-01 -3.037948e-02 -9.598563e-01 0.000000e+00 1
-2.253418e+13 2.323854e+12 -1.190044e+14 -7.769117e-01 -2.993983e-01 5.538672e-01 0.000000e+00 1
-1.013177e+14 -2.079531e+13 9.836329e+13 -4.155403e-02 8.830633e-01 -4.674104e-01 0.000000e+00 1
-9.945997e+13 9.644922e+13 6.318076e+13 -8.591131e-01 -5.012202e-01 1.034555e-01 0.000000e+00 1
-1.050908e+14 -1.068166e+14 2.943809e+13 1.172688e-01 -8.960331e-01 4.282205e-01 0.000000e+00 1
1.428826e+14 3.971659e+13 6.530030e+13 -3.431804e-01 2.670924e-01 -9.004937e-01 0.000000e+00 1
3.024354e+13 3.122387e+13 1.495601e+14 -5.850982e-01 5.014774e-01 -6.373229e-01 0.000000e+00 1
3.923748e+13 1.344348e+13 2.029418e+13 2.634019e-01 6.815464e-01 6.827254e-01 0.000000e+00 1
1.357599e+13 -1.145916e+14 -1.649376e+12 -3.473966e-01 7.992909e-01 4.903566e-01 0.000000e+00 1
1.159308e+14 -7.296675e+13 -9.946893e+13 5.906236e-01 4.820545e-01 6.471377e-01 0.000000e+00 1
-1.285391e+14 -6.197983e+13 1.564126e+13 -3.173919e-02 -8.792243e-01 -4.753496e-01 0.000000e+00 1
-5.985516e+13 -1.387477e+13 1.408195e+14 4.705065e-01 -5.800080e-01 6.649920e-01 0.000000e+00 1
-1.194843e+13 7.614606e+13 -8.069084e+12 3.228253e-01 7.110743e-01 -6.246257e-01 0.000000e+00 1
-9.630646e+13 5.488925e+13 1.128603e+14 2.742115e-01 -9.615791e-01 -1.317656e-02 0.000000e+00 1
1.889728e+13 1.341701e+14 -9.656287e+13 4.515270e-01 -3.482035e-01 -8.215094e-01 0.000000e+00 1
1.108249e+14 -1.139093e+14 -4.513533e+13 7.895485e-01 6.115635e-01 5.102124e-02 0.000000e+00 1
-1.957475e+13 2.458684e+13 -1.512671e+14 -2.223889e-01 9.324267e-01 2.848220e-01 0.000000e+00 1
-5.234068e+13 -9.483050e+12 2.170414e+13 5.167016e-01 -7.499452e-02 8.528747e-01 0.000000e+00 1
-2.368723e+13 7.590460e+13 3.606195e+13 8.703550e-01 -4.554687e-01 -1.871642e-01 0.000000e+00 1
3.982463e+13 -7.625003e+13 6.254873e+13 -2.081952e-02 4.686748e-01 8.831254e-01 0.000000e+00 1
-6.089982e+13 -3.684154e+12 7.910732e+13 6.252361e-01 -5.904783e-01 5.103089e-01 0.000000e+00 1
-2.378816e+13 5.713116e+13 2.939896e+13 -5.271345e-01 5.761473e-01 -6.246467e-01 0.000000e+00 1
-7.864558e+13 -6.520136e+13 -1.207905e+14 6.861808e-01 7.238998e-01 -7.158891e-02 0.000000e+00 1
-4.652055e+13 -9.069831e+13 4.663283e+13 -6.328006e-01 3.537514e-02 -7.735063e-01 0.000000e+00 1
9.204816e+13 2.683343e+13 -1.231557e+14 -4.939727e-01 5.475731e-01 6.753923e-01 0.000000e+00 1
4.578583e+13 -1.239320e+14 6.751092e+13 8.126225e-01 3.546314e-01 4.624730e-01 0.000000e+00 1
1.568695e+14 3.806518e+13 2.862082e+13 1.889302e-01 5.620846e-01 8.052120e-01 0.000000e+00 1
-3.157166e+13 -1.244982e+14 -1.927272e+12 7.097831e-01 -1.017922e-01 -6.970268e-01 0.000000e+00 1
7.092070e+13 -9.843300e+13 -1.184644e+14 6.416495e-01 -3.064118e-01 7.031342e-01 0.000000e+00 1
9.560536e+13 3.027100e+13 1.405248e+13 4.362552e-01 -2.818110e-01 8.545548e-01 0.000000e+00 1
-2.266492e+13 -4.668329e+13 -1.445190e+14 -7.588460e-01 -2.863939e-01 5.849199e-01 0.000000e+00 1
-9.590932e+13 -1.096266e+14 3.621729e+12 -3.746363e-01 -3.815584e-01 -8.450212e-01 0.000000e+00 1
-1.233820e+14 4.199508e+13 -2.129480e+13 3.013225e-01 -8.301998e-01 4.690129e-01 0.000000e+00 1
-2.104456e+13 -7.166046e+13 4.964119e+13 8.402808e-01 -4.946507e-01 2.219209e-01 0.000000e+00 1
5.571047e+12 -4.263355e+13 -5.617931e+13 -9.214790e-01 2.211641e-01 -3.193162e-01 0.000000e+00 1
-1.124634e+14 5.752611e+13 -6.374308e+13 9.607804e-01 2.746682e-01 3.818999e-02 0.000000e+00 1
-1.514261e+14 -2.671198e+13 -6.548421e+13 3.595937e-02 5.646501e-01 8.245467e-01 0.000000e+00 1
-1.862653e+13 4.726462e+13 -5.477595e+13 8.174375e-01 3.059189e-01 4.880672e-01 0.000000e+00 1
6.844890e+13 9.726262e+13 2.016052e+13 -1.339682e-01 -3.044571e-01 9.430580e-01 0.000000e+00 1
-5.403688e+13 4.928431e+13 2.462887e+13 6.888723e-01 -3.697492e-01 -6.234905e-01 0.000000e+00 1
5.181603e+13 -1.004990e+14 4.569197e+13 6.499364e-01 -4.051906e-01 6.429644e-01 0.000000e+00 1
-1.357354e+13 -1.172158e+14 1.121787e+13 -4.603534e-01 -3.732254e-01 8.054673e-01 0.000000e+00 1
-4.045869e+13 -1.374486e+14 7.184479e+13 -8.728746e-01 -4.795144e-01 9.030945e-02 0.000000e+00 1
1.225284e+14 3.106930e+13 4.706879e+13 -2.023596e-01 -7.310833e-01 6.515887e-01 0.000000e+00 1
-2.672607e+13 1.778465e+13 -1.295810e+14 1.289183e-01 8.273805e-01 -5.466457e-01 0.000000e+00 1
3.250529e+13 1.072521e+14 -8.906271e+13 -2.461825e-01 -7.107348e-01 6.589766e-01 0.000000e+00 1
-9.224149e+13 -9.878172e+12 -5.851358e+13 9.227230e-01 -3.017514e-01 2.398505e-01 0.000000e+00 1
1.230623e+14 2.721528e+13 2.061303e+12 3.957905e-02 -2.431069e-01 -9.691917e-01 0.000000e+00 1
8.226032e+13 9.443678e+13 -3.764941e+13 -2.063023e-01 -7.637852e-01 6.116139e-01 0.000000e+00 1
1.270261e+14 5.861583e+13 4.841931e+13 1.025037e-01 6.847791e-01 7.215058e-01 0.000000e+00 1
4.266684e+12 9.940497e+13 -6.976397e+13 -6.248907e-01 -4.554562e-01 -6.340909e-01 0.000000e+00 1
6.907445e+13 -2.720668e+13 -4.128267e+13 -4.806682e-02 1.856008e-01 -9.814489e-01 0.000000e+00 1
7.206262e+13 1.243971e+13 -1.110493e+14 5.184219e-01 2.913457e-01 8.039630e-01 0.000000e+00 1
7.603837e+12 -8.439534e+13 -1.160271e+14 -8.248159e-01 2.872565e-01 -4.869933e-01 0.000000e+00 1
-5.530396e+13 5.916355e+13 1.071147e+14 -5.784514e-02 2.237296e-01 -9.729332e-01 0.000000e+00 1
-3.017583e+13 8.701108e+13 -3.460289e+13 3.742051e-01 5.230164e-01 7.657835e-01 0.000000e+00 1
-6.392808e+13 3.649538e+13 1.305043e+14 -9.909674e-01 1.092040e-01 7.783426e-02 0.000000e+00 1
-1.314389e+14 -4.457778e+13 8.498435e+13 5.777006e-01 3.650883e-01 7.300497e-01 0.000000e+00 1
5.042964e+13 -8.271078e+13 -7.894506e+13 -5.654811e-01 -6.155472e-01 -5.489378e-01 0.000000e+00 1
-4.788532e+13 -1.004436e+14 2.244206e+13 -1.173204e-01 -4.317844e-01 -8.943143e-01 0.000000e+00 1
-7.459277e+12 4.042867e+13 7.092267e+13 3.699446e-02 -6.362581e-01 7.705888e-01 0.000000e+00 1
-1.066393e+14 -5.913056e+13 -7.809004e+13 5.637822e-01 7.069671e-01 -4.270213e-01 0.000000e+00 1
9.848970e+13 -2.714133e+13 6.097365e+13 -1.089620e-01 8.511387e-01 5.135078e-01 0.000000e+00 1
-1.352373e+14 1.590034e+13 -1.393558e+13 -2.106942e-01 9.114894e-01 -3.532635e-01 0.000000e+00 1
-1.027210e+14 3.406882e+13 -1.476974e+13 7.712320e-01 1.647536e-01 6.148638e-01 0.000000e+00 1
-8.373697e+13 -1.431467e+13 -3.591109e+13 -9.306758e-01 -3.286554e-01 -1.607115e-01 0.000000e+00 1
-4.799027e+13 9.840556e+13 3.317651e+13 3.259165e-01 9.433092e-01 -6.281799e-02 0.000000e+00 1
-8.409965e+13 1.300069e+14 5.659815e+12 5.655833e-01 6.883185e-01 4.542391e-01 0.000000e+00 1
-8.318194e+13 -8.464751e+13 -5.319978e+13 -6.590521e-01 -7.496968e-01 6.004220e-02 0.000000e+00 1
6.736225e+13 -2.144604e+13 2.531849e+13 -3.364379e-01 -6.974948e-01 6.327010e-01 0.000000e+00 1
-1.080449e+14 -8.533150e+13 -7.977329e+13 -8.495787e-01 2.392329e-01 4.700891e-01 0.000000e+00 1
3.356488e+13 9.430904e+13 -7.034382e+13 1.666647e-01 -4.588150e-01 -8.727610e-01 0.000000e+00 1
1.225572e+14 -5.552416e+13 -9.507057e+13 -3.533315e-01 -6.561485e-01 -6.668028e-01 0.000000e+00 1
3.758465e+13 -5.556907e+13 8.749852e+13 5.917385e-01 8.055224e-01 -3.129296e-02 0.000000e+00 1
-1.007818e+14 -1.111469e+13 6.227117e+13 -8.644965e-01 -3.447592e-01 3.657688e-01 0.000000e+00 1
-7.137099e+13 2.607767e+13 1.405303e+14 9.368354e-01 -2.176643e-01 2.737915e-01 0.000000e+00 1
6.807748e+13 1.111182e+14 8.681161e+13 -6.858004e-01 7.277636e-01 6.164792e-03 0.000000e+00 1
-4.194689e+13 7.415288e+13 -4.012716e+13 -9.480011e-01 -2.656222e-01 -1.753250e-01 0.000000e+00 1
3.333903e+13 8.927312e+13 7.134816e+13 1.500364e-01 -5.410832e-01 8.274770e-01 0.000000e+00 1
3.333464e+13 8.003438e+13 8.288814e+13 -3.021930e-01 -4.179801e-01 -8.567217e-01 0.000000e+00 1
-1.049149e+14 -4.355300e+13 -3.490022e+13 -4.233667e-01 -7.532794e-01 -5.033197e-01 0.000000e+00 1
1.389918e+14 -4.391404e+12 -9.678905e+13 -5.213920e-02 6.137912e-01 7.877448e-01 0.000000e+00 1
1.026987e+14 2.033639e+13 -2.659333e+13 4.237840e-01 4.193112e-01 8.028607e-01 0.000000e+00 1
2.190106e+13 4.487182e+12 1.040513e+14 -2.494835e-01 1.658485e-01 9.540714e-01 0.000000e+00 1
-7.628137e+13 -5.308153e+13 -8.462475e+13 -9.937742e-01 -4.347525e-02 1.025805e-01 0.000000e+00 1
1.244704e+14 -6.518458e+13 7.808681e+13 -7.741578e-01 5.385311e-01 -3.326620e-01 0.000000e+00 1
1.157404e+14 7.465585e+13 -3.055576e+13 -4.587884e-01 -6.988218e-02 8.857932e-01 0.000000e+00 1
1.957066e+13 8.442325e+13 -1.352393e+14 4.510876e-01 -2.040667e-01 8.688364e-01 0.000000e+00 1
4.396084e+12 4.672428e+13 6.123163e+13 2.471083e-01 -9.680045e-01 4.364372e-02 0.000000e+00 1
6.304078e+13 -4.549460e+13 -6.611639e+13 -7.784155e-01 2.930703e-01 5.551389e-01 0.000000e+00 1
-1.094061e+13 -5.219495e+13 2.951588e+13 9.056383e-02 -4.538423e-01 8.864679e-01 0.000000e+00 1
-1.113439e+13 -1.008555e+14 7.276828e+13 9.855713e-01 -1.027538e-01 1.345021e-01 0.000000e+00 1
-1.303180e+14 -6.715678e+13 -2.589677e+13 -1.236405e-01 6.082833e-01 -7.840309e-01 0.000000e+00 1
8.437944e+13 -4.228543e+13 7.849553e+12 -1.604840e-01 8.997400e-01 -4.058482e-01 0.000000e+00 1
-2.100524e+13 1.367892e+14 -3.834116e+13 -7.661548e-01 -5.191749e-01 -3.787668e-01 0.000000e+00 1
9.003037e+13 1.108118e+14 6.814764e+13 4.291828e-01 4.172027e-01 8.010893e-01 0.000000e+00 1
1.623658e+14 3.126988e+13 3.062042e+13 8.248004e-01 -4.036827e-01 3.959097e-01 0.000000e+00 1
5.403667e+13 -7.460386e+13 -7.917818e+13 -5.301594e-02 9.983183e-01 2.344782e-02 0.000000e+00 1
-9.999669e+12 -1.550059e+14 -1.969007e+13 3.430587e-01 -6.153983e-01 -7.096447e-01 0.000000e+00 1
-8.364020e+13 -3.892226e+13 -1.149011e+14 -2.747201e-01 -7.548516e-01 -5.955904e-01 0.000000e+00 1
-7.145997e+12 -1.121842e+14 2.191222e+12 5.844430e-01 4.923041e-01 6.450295e-01 0.000000e+00 1
1.434648e+14 1.777502e+13 -6.597704e+13 8.673365e-01 -3.820203e-01 3.190421e-01 0.000000e+00 1
-8.106477e+13 -1.450433e+14 -8.697192e+12 -7.609436e-01 -3.074539e-01 -5.713466e-01 0.000000e+00 1
-8.343974e+13 1.047363e+13 -1.279572e+14 6.352006e-01 1.182787e-01 -7.632368e-01 0.000000e+00 1
1.163237e+14 -3.245430e+13 -9.266251e+13 3.803675e-01 3.754081e-01 8.452155e-01 0.000000e+00 1
-6.409962e+13 8.139252e+13 -1.191299e+14 -9.311049e-01 3.311943e-01 -1.528204e-01 0.000000e+00 1
1.140561e+14 -5.501409e+12 -1.188878e+14 -3.828456e-01 9.069302e-01 -1.758034e-01 0.000000e+00 1
8.974512e+13 9.008295e+13 3.510246e+13 -4.253322e-01 8.907610e-01 -1.601166e-01 0.000000e+00 1
-5.702712e+13 2.116184e+13 4.171490e+12 -6.866582e-01 5.838551e-01 -4.331441e-01 0.000000e+00 1
-5.896351e+13 -1.349977e+14 3.640683e+13 -3.756895e-02 3.200754e-01 -9.466469e-01 0.000000e+00 1
2.256940e+13 -6.111204e+13 7.229507e+12 -3.749383e-01 -8.650414e-01 -3.333536e-01 0.000000e+00 1
3.438987e+13 8.873204e+12 2.667615e+13 -4.427865e-01 5.711624e-01 -6.911683e-01 0.000000e+00 1
-4.050953e+12 -5.444271e+13 6.346402e+13 5.846809e-01 -5.763354e-01 5.709516e-01 0.000000e+00 1
-1.170059e+13 4.006568e+13 1.540893e+14 -1.321231e-01 -7.509410e-01 -6.470171e-01 0.000000e+00 1
-8.363783e+13 2.129725e+12 -1.410810e+14 -5.805225e-01 1.533183e-01 7.996794e-01 0.000000e+00 1
9.993297e+13 -2.792041e+13 -1.366955e+13 7.871020e-01 6.116821e-01 -7.946962e-02 0.000000e+00 1
-1.123855e+14 5.901896e+13 2.300887e+13 8.566023e-01 5.146674e-01 3.674177e-02 0.000000e+00 1
-9.229440e+13 -8.939804e+12 1.342238e+14 -9.751257e-01 -1.383318e-01 -1.731882e-01 0.000000e+00 1
-3.961234e+12 -1.565025e+14 7.673124e+12 -7.974987e-01 -4.530929e-01 3.983750e-01 0.000000e+00 1
-7.415560e+13 1.901943e+13 -7.591281e+13 -2.180108e-01 -8.917211e-01 3.966166e-01 0.000000e+00 1
-7.853947e+13 1.015049e+14 4.938863e+13 -1.423872e-01 9.863551e-01 -8.264117e-02 0.000000e+00 1
3.912854e+13 1.081287e+14 8.492834e+13 -3.620289e-01 -8.782501e-01 -3.124289e-01 0.000000e+00 1
-1.157725e+14 -4.693555e+13 -4.413665e+13 5.056890e-01 -3.507147e-01 7.882118e-01 0.000000e+00 1
-4.490620e+13 -1.273731e+14 -4.164126e+13 9.593647e-01 -2.777420e-01 -4.978781e-02 0.000000e+00 1
-3.948341e+11 -9.104571e+13 1.126446e+14 -8.890018e-01 4.577783e-01 -1.071411e-02 0.000000e+00 1
-7.566268e+13 3.473106e+13 -1.301344e+14 -2.211877e-01 -8.677345e-01 -4.450987e-01 0.000000e+00 1
-2.719406e+13 4.514251e+13 -1.188227e+14 1.221239e-02 3.581848e-01 9.335708e-01 0.000000e+00 1
-3.757415e+13 -2.422542e+13 -1.381053e+14 3.734406e-01 7.815805e-01 -4.996739e-01 0.000000e+00 1
-4.261846e+13 -9.120788e+13 -8.484907e+13 7.296976e-01 2.493665e-01 6.366771e-01 0.000000e+00 1
7.411656e+13 -5.535832e+13 -6.080158e+12 -3.907914e-01 6.822772e-01 -6.178834e-01 0.000000e+00 1
2.589390e+12 -3.852154e+13 -1.818539e+13 3.704845e-01 4.059077e-01 -8.354521e-01 0.000000e+00 1
