# 781 1.000000e+06 1.000000e+04 0.000000e+00 1.000000e+00 5.000000e-01
-4.744413e+12 -1.254965e+13 -1.144271e+13 -1.820437e-01 -7.396326e-01 -6.479227e-01 -4.355078e+00 0 1348067
-5.573030e+11 -1.306897e+12 1.720318e+13 -9.710819e-02 8.099294e-01 5.784327e-01 -8.343890e+00 0 1
1.507526e+13 1.358988e+13 -7.282206e+11 2.974173e-01 8.902974e-01 3.448385e-01 1.612515e+01 0 135922
-1.512213e+12 -1.845029e+13 -1.811978e+12 -3.449782e-01 -8.465586e-01 4.053746e-01 -8.666383e+00 0 272440
-5.673622e+12 -6.801750e+12 1.464679e+13 -7.103091e-01 -1.954908e-01 6.761984e-01 1.564100e+00 0 502472
-6.711974e+12 1.383365e+13 -8.169808e+12 1.854932e-01 9.467596e-01 2.631321e-01 -1.559218e+01 0 1111878
-1.246532e+13 -7.373914e+12 -9.242565e+12 -8.771214e-01 3.194946e-01 -3.585822e-01 -9.672917e-01 0 757363
2.547047e+12 1.468599e+13 -8.466786e+12 7.914520e-01 5.989505e-01 -1.219094e-01 -1.404303e+01 0 2
-1.223966e+13 -1.023140e+13 6.130903e+12 -2.712382e-02 -9.556548e-01 -2.932375e-01 1.551919e+01 0 1
2.520419e+12 5.818157e+12 1.621128e+13 6.734503e-01 5.902477e-01 4.450532e-01 1.440416e+00 0 57518
2.668635e+12 -6.057635e+12 -1.652581e+13 3.792244e-01 -7.350160e-01 -5.620857e-01 6.264865e+00 0 529873
-1.338854e+13 -8.906195e+12 8.304532e+12 -4.870215e-01 -5.068056e-01 7.113074e-01 -8.419454e-01 0 235022
1.393336e+13 1.058797e+13 4.459243e+12 3.668696e-01 2.381673e-01 8.992681e-01 -8.930807e+00 0 2685630
1.662792e+13 1.819880e+11 -8.417556e+12 9.753142e-01 1.555158e-01 -1.567707e-01 7.925269e+00 0 914818
3.237696e+12 -1.730808e+13 1.900335e+12 5.704894e-01 -5.022311e-01 6.498506e-01 -2.984633e+00 0 1
-9.552439e+11 -1.547964e+12 -1.691362e+13 -4.603310e-01 9.698883e-02 -8.824333e-01 -2.760469e+00 0 20586
-1.558279e+13 3.213378e+12 6.226152e+12 -9.814928e-01 2.825992e-02 1.894022e-01 1.086463e+01 0 25
1.851433e+13 9.273678e+12 2.590475e+12 9.192787e-01 2.570625e-01 2.980696e-01 -1.434087e+01 0 837480
3.644999e+12 -1.491910e+13 -1.528641e+13 5.705110e-01 -6.314147e-01 -5.251977e-01 -2.245646e-01 0 1062178
5.262080e+12 8.710028e+12 1.381094e+13 1.412598e-01 4.166924e-01 8.980051e-01 -1.134903e+00 0 1997893
4.766508e+12 9.039214e+12 -1.865035e+13 8.369960e-01 2.752072e-01 -4.729679e-01 2.960770e+00 0 1224536
-1.730475e+13 -2.113548e+13 -1.737169e+12 -7.472784e-01 -6.619802e-01 5.794078e-02 -1.335107e+01 0 1070228
-4.988715e+12 -1.279795e+12 -1.722218e+13 -8.993674e-01 2.101691e-01 -3.833631e-01 -9.120853e+00 0 198407
-2.560991e+12 -1.857238e+13 -3.365194e+12 -1.565855e-01 -9.838358e-01 -8.687973e-02 -5.093237e+00 0 2352935
-1.635717e+13 5.509700e+12 3.983266e+12 -3.739275e-01 3.785510e-01 8.466861e-01 -3.237160e+00 0 3700996
1.713209e+13 1.827153e+13 -2.665769e+11 6.427343e-01 7.657304e-01 2.344301e-02 9.901976e+00 0 10
-3.134966e+12 2.287585e+13 1.631658e+13 2.396437e-01 7.688815e-01 5.927833e-01 -1.580261e+01 0 451853
-1.472550e+13 9.590062e+12 -2.308350e+12 -8.466304e-01 3.555160e-01 3.960118e-01 8.313409e+00 0 15
1.422180e+13 1.001080e+13 1.357546e+13 8.624547e-01 2.944605e-01 4.116612e-01 4.321139e+00 0 1909754
-4.457033e+12 -1.647288e+13 2.905902e+09 -7.946506e-01 -5.861721e-01 1.579010e-01 -2.292371e+00 0 13
-7.403426e+12 1.582247e+13 -5.557672e+12 -1.599867e-01 8.623010e-01 4.804593e-01 -1.007520e+01 0 289083
-4.870724e+12 1.509882e+13 6.020784e+12 6.161328e-01 7.061416e-01 -3.489190e-01 -1.954116e+01 0 2134500
-1.415755e+13 2.835544e+12 9.553643e+12 -3.959609e-01 2.068886e-01 8.946575e-01 -5.185081e+00 0 70046
8.388886e+12 2.963354e+12 1.708359e+13 7.062139e-01 -2.814279e-01 6.496617e-01 4.698923e-01 0 66065
1.001470e+13 1.205661e+13 -9.591646e+12 1.394566e-01 6.761173e-01 -7.234758e-01 1.025982e+01 0 1466003
-3.548218e+12 -2.659563e+11 1.724187e+13 -7.019343e-01 3.402368e-02 7.114286e-01 -7.438963e+00 0 1607362
4.567385e+12 2.003697e+13 8.599178e+12 4.229702e-01 7.510829e-01 5.069228e-01 -1.699176e+01 0 412379
-6.928349e+12 1.545635e+13 -1.555725e+12 2.172150e-01 8.865626e-01 4.084415e-01 -1.707409e+01 0 14
-2.609385e+12 1.708817e+13 -1.729925e+13 -4.600288e-01 5.405185e-01 -7.044241e-01 -5.515614e+00 0 111788
6.755121e+12 -9.562655e+12 -1.578834e+13 -6.355289e-02 -3.171269e-01 -9.462513e-01 6.593886e+00 0 815505
-2.501430e+12 1.222941e+13 1.160240e+13 1.919075e-01 9.106289e-01 3.659598e-01 -6.333390e+00 0 12161
9.374292e+12 8.259806e+12 -1.494064e+13 4.298789e-01 -4.371811e-01 -7.899853e-01 -1.875815e+01 0 1
-4.919456e+12 8.526256e+12 -2.038225e+13 -3.127679e-01 7.972166e-01 -5.163545e-01 -7.767627e+00 0 459770
-1.388220e+13 -9.647394e+12 -1.647859e+13 -2.466341e-01 -8.272885e-01 -5.047429e-01 -2.951426e-01 0 3
-5.707795e+12 6.745354e+12 1.788066e+13 -5.381872e-01 2.500813e-01 8.048689e-01 8.143355e+00 0 1195346
1.565356e+13 7.339350e+12 -3.809009e+12 9.551844e-01 2.949024e-01 -2.559949e-02 -1.371375e+01 0 1
-1.507223e+13 2.716844e+12 -1.067415e+13 -9.235600e-01 -2.594638e-01 -2.823392e-01 2.109762e+00 0 9208
1.545093e+13 -4.871105e+12 3.219310e+13 6.812242e-01 -1.244747e-01 7.214150e-01 -1.002951e+01 0 638237
-1.201931e+13 -1.024672e+13 6.383713e+12 -2.049757e-01 -9.528980e-01 -2.235405e-01 4.054478e+00 0 5
1.661494e+12 9.801917e+12 -1.374200e+13 5.303056e-01 6.825953e-01 -5.028317e-01 -1.018320e+01 0 2
-6.182530e+12 -1.755604e+13 6.214694e+11 -3.464736e-01 -9.358911e-01 -6.374951e-02 -5.313083e+00 0 159386
-9.159464e+12 2.209756e+13 1.979078e+11 1.341019e-02 8.875451e-01 -4.605257e-01 3.336193e-01 0 53568
-1.367143e+13 -7.661158e+12 -7.571829e+12 -2.367003e-01 -8.889774e-01 -3.920359e-01 6.078732e+00 0 1254901
4.275817e+12 -1.064899e+13 -1.633434e+13 7.566386e-01 -5.589431e-01 -3.392353e-01 -8.471340e-01 0 1425188
-2.284801e+12 1.109971e+13 -1.372506e+13 7.250416e-01 1.792917e-01 -6.649580e-01 -1.097769e+01 0 3
-6.352006e+12 -1.542052e+13 -5.743515e+12 -7.928283e-01 -4.033971e-01 4.568304e-01 -1.243341e+01 0 9
7.253462e+12 -9.714028e+12 1.345733e+13 6.541482e-01 3.856095e-01 6.506884e-01 1.969487e+01 0 3
-6.474147e+12 -6.176512e+12 1.503736e+13 -1.566074e-02 -9.508914e-02 9.953456e-01 3.471522e+00 0 910693
-1.276345e+13 1.093732e+13 5.334969e+12 -6.070155e-01 7.512273e-01 2.592098e-01 8.756524e-01 0 574403
-5.383241e+12 -1.574569e+13 3.512119e+12 -6.700045e-01 -7.165200e-01 -1.941470e-01 -3.739146e+00 0 25184
-1.163117e+13 -1.551153e+13 6.151938e+11 -4.186761e-01 -8.149699e-01 4.006674e-01 -1.280465e+00 0 1306001
1.144380e+13 1.212147e+12 1.470545e+13 4.392116e-01 -1.575974e-01 8.844525e-01 -1.056367e+01 0 432003
-1.121296e+13 1.191470e+13 5.215818e+12 -2.447587e-01 8.071678e-01 -5.371902e-01 -1.539444e+00 0 192926
-3.644661e+12 -1.684259e+13 -1.954921e+12 -3.650266e-01 -7.394420e-01 5.656687e-01 -7.399076e+00 0 65970
4.515536e+12 -1.690115e+13 -5.388300e+12 -2.838401e-01 -9.058467e-01 -3.144465e-01 -2.000567e+01 0 12
6.931366e+12 1.580393e+13 5.620762e+11 3.509836e-01 7.423341e-01 5.707456e-01 5.310537e+00 0 14
-1.055629e+13 1.305529e+13 -5.126364e+12 -4.023006e-02 8.449110e-01 5.333920e-01 -1.391701e+00 0 590318
1.766464e+13 -2.056701e+12 -5.022400e+12 4.150511e-01 2.332909e-01 -8.793793e-01 9.412412e+00 0 549835
-1.388039e+13 1.722093e+12 -9.775638e+12 -8.532413e-01 5.045675e-01 -1.318746e-01 -9.437680e+00 0 49798
9.258179e+12 1.778863e+13 4.498009e+11 -3.017861e-01 9.466659e-01 -1.129105e-01 7.398305e+00 0 12
9.848657e+12 -1.068048e+12 2.161242e+13 7.774056e-01 -9.047569e-02 6.224585e-01 3.674066e+00 0 331365
8.770670e+12 4.620836e+12 1.394682e+13 -1.799482e-01 -5.857472e-01 7.902651e-01 -7.085469e+00 0 200528
-1.447747e+13 7.758537e+12 5.124360e+12 -8.481585e-01 -5.022322e-02 5.273564e-01 1.015054e+00 0 1570240
-1.202661e+13 1.160768e+13 -3.357798e+12 -6.023202e-01 9.636469e-02 -7.924167e-01 -1.476936e+00 0 6
1.324865e+13 -9.498410e+12 5.000269e+12 9.801015e-01 1.821339e-01 7.891974e-02 1.508520e+00 0 228740
-2.390062e+13 -2.549421e+13 1.741210e+13 -4.111950e-01 -6.836046e-01 6.029954e-01 -4.016747e+00 0 5
2.104577e+12 8.791478e+12 1.533687e+13 4.129986e-01 4.924315e-01 7.661223e-01 2.949783e+00 0 524733
-6.319255e+11 -1.691415e+13 -1.270642e+12 -3.525035e-01 -9.355143e-01 2.354220e-02 -8.584044e+00 0 519007
1.667277e+13 -7.905388e+12 2.659637e+12 9.840795e-01 -1.061227e-01 -1.425674e-01 -2.778490e+00 0 4
-1.723101e+13 1.766953e+12 -1.896032e+13 -6.519109e-01 5.442008e-01 -5.280697e-01 7.084659e-01 0 7
4.923032e+12 1.383636e+13 1.053465e+13 9.701458e-02 2.597347e-01 9.607945e-01 -8.120970e+00 0 2137540
8.866455e+12 7.506191e+12 -1.307428e+13 4.091616e-01 -1.884701e-01 -8.927854e-01 1.125060e-02 0 299977
1.107184e+13 9.544926e+12 1.041220e+13 5.944701e-01 6.597956e-01 4.596466e-01 6.616973e+00 0 172019
-1.482476e+13 -3.376781e+12 -1.057786e+13 -8.520521e-01 3.522315e-01 -3.872211e-01 -1.856707e+01 0 278909
2.038976e+13 -9.759082e+12 3.883294e+12 8.866633e-01 -4.563552e-01 -7.461936e-02 5.612539e+00 0 1
1.063858e+12 1.793113e+13 1.024719e+13 -1.999310e-01 7.619145e-01 6.160470e-01 1.252365e+01 0 3
6.759116e+12 -2.527771e+13 3.140624e+12 1.636584e-01 -9.827097e-01 8.658804e-02 5.975904e+00 0 451343
1.262338e+13 1.308018e+13 4.551987e+12 -9.790362e-02 9.892188e-01 -1.089080e-01 2.358464e+01 0 1
-1.183918e+13 1.175774e+13 4.728861e+12 -9.293557e-01 3.439572e-01 1.341323e-01 9.371155e+00 0 140222
8.805617e+12 1.388423e+13 -4.482936e+12 5.248683e-01 4.828143e-01 7.010019e-01 2.559275e+00 0 3074948
1.835829e+13 2.464158e+13 -3.694159e+12 3.906659e-01 8.253678e-01 -4.076129e-01 -9.156160e+00 0 5
4.601234e+12 -1.018062e+13 1.467676e+13 5.789359e-01 4.991625e-02 8.138437e-01 1.434985e+00 0 195853
8.388220e+12 2.139182e+12 1.462073e+13 8.333671e-01 -1.718030e-01 5.253409e-01 -5.569411e+00 0 628703
-7.277315e+12 -1.408049e+13 1.098356e+13 -6.206740e-01 -7.785501e-01 -9.286284e-02 4.550281e+00 0 169645
-1.270085e+13 1.422104e+13 2.893297e+12 -9.372192e-01 6.642546e-02 -3.423562e-01 1.910794e+01 0 782293
1.797910e+13 -4.244245e+12 3.054916e+12 9.165410e-01 2.113311e-01 -3.395463e-01 -2.076807e+00 0 7
1.787489e+13 8.000912e+12 -1.698785e+13 5.986947e-01 -3.204143e-01 -7.340977e-01 -2.097247e+01 0 1
-1.026194e+13 -1.270547e+13 8.560147e+12 -6.465185e-02 -7.274396e-01 6.831192e-01 1.306279e+01 0 4
8.049985e+12 -1.022301e+13 -1.145129e+13 2.830566e-01 5.787941e-01 -7.647721e-01 1.561739e+01 0 1039074
2.917502e+12 -2.839207e+13 1.279771e+13 -1.685756e-01 -7.712393e-01 6.138178e-01 -1.389755e+01 0 1983812
-5.731487e+12 -1.319051e+13 1.229071e+13 8.770229e-02 -7.685491e-02 9.931775e-01 -4.457080e+00 0 1316348
1.486485e+13 -7.303449e+12 3.703430e+12 8.382584e-01 5.055479e-01 2.043140e-01 1.148592e+01 0 409036
-6.233448e+12 -4.801749e+12 -1.648083e+13 3.030634e-01 -8.350841e-01 -4.591157e-01 8.213367e+00 0 73469
1.196955e+13 -5.293366e+12 1.272229e+13 -3.052496e-01 -5.031075e-01 8.085206e-01 7.410702e-01 0 3
7.157707e+12 -5.226735e+11 1.571599e+13 4.920205e-01 7.775621e-01 3.915520e-01 1.372092e+01 0 292623
1.612379e+13 -6.720885e+12 -4.001744e+12 9.239195e-01 -3.482791e-01 -1.583490e-01 -6.419211e+00 0 1790100
1.497656e+13 7.718557e+12 -1.197400e+13 9.535751e-01 2.950392e-01 6.038617e-02 -8.333602e+00 0 8
9.699617e+12 3.511091e+12 -1.552702e+13 5.937114e-01 3.076790e-01 -7.435324e-01 4.596818e+00 0 607644
1.259956e+13 1.106775e+13 2.327259e+13 5.551479e-02 1.867756e-02 9.982832e-01 1.158968e+01 0 4
1.280538e+13 1.217143e+13 -1.058041e+13 8.850454e-01 2.913658e-01 -3.630436e-01 4.524992e+00 0 6
2.773911e+13 -2.214730e+13 2.421478e+13 3.069508e-01 -6.037507e-01 7.357080e-01 4.974891e+00 0 1
-1.803147e+13 2.295830e+12 3.426324e+12 -9.392702e-01 2.507556e-01 2.342928e-01 1.490307e+00 0 858930
-3.201682e+12 -7.625197e+12 -1.546831e+13 -4.432829e-01 -3.841134e-01 -8.099118e-01 -3.232774e+00 0 400405
1.092311e+13 1.146913e+13 6.161036e+12 3.811583e-01 -1.411506e-01 9.136711e-01 -7.672760e+00 0 885034
1.640070e+13 -1.965647e+13 -1.947561e+13 6.573697e-01 -3.430750e-01 -6.709431e-01 1.376895e+01 0 1
-1.665653e+13 1.435774e+12 4.764117e+12 -9.979605e-01 2.665206e-02 5.800363e-02 -4.430665e+00 0 516776
-1.400011e+13 -2.269594e+12 -1.043402e+13 -9.630866e-01 2.684793e-01 -1.957069e-02 -2.138091e+00 0 1213120
-1.550374e+13 -6.976586e+12 -4.492604e+12 -8.113252e-01 -3.773198e-01 -4.465211e-01 -7.845603e+00 0 5
1.940726e+13 5.295635e+11 2.432848e+12 9.197115e-01 1.279614e-01 -3.711559e-01 9.448574e+00 0 3
1.356171e+12 -2.571286e+12 1.694608e+13 -2.000978e-01 6.119783e-01 7.651427e-01 5.487325e+00 0 74341
7.407570e+12 -9.660101e+12 -1.277380e+13 -6.420104e-01 -4.855244e-01 -5.933706e-01 1.278748e+00 0 89486
1.911891e+13 3.503688e+12 -4.481045e+12 3.499952e-01 8.074454e-02 -9.332651e-01 -1.130672e+01 0 9145
1.186101e+13 -2.044933e+12 1.450015e+13 9.548692e-01 2.060875e-01 2.138990e-01 1.210801e+01 0 215480
-1.569400e+13 1.035872e+12 -1.080616e+13 -3.655046e-02 8.793329e-02 -9.954556e-01 3.138573e+00 0 2
-3.845544e+12 9.601273e+11 1.688841e+13 -7.226675e-01 -5.615803e-01 4.029631e-01 -2.099554e+00 0 118577
-6.572981e+12 -1.244338e+13 1.238484e+13 3.808249e-01 -8.012622e-01 4.614664e-01 1.417961e+01 0 5
-1.526122e+13 -1.070763e+13 1.275022e+12 -5.556092e-01 -7.313688e-01 -3.954720e-01 -3.156788e+00 0 739662
-1.575817e+13 -3.112357e+11 8.168288e+12 -6.859466e-01 -3.256605e-01 6.507093e-01 1.427080e+01 0 3
2.071841e+13 3.756066e+12 -5.080472e+12 7.626723e-01 6.465447e-01 -1.763327e-02 2.286590e+01 0 1
1.142785e+13 -6.413464e+12 -1.404009e+13 6.221129e-01 -5.918317e-01 -5.125532e-01 -5.272377e+00 0 497577
-2.178654e+12 -1.626614e+13 -5.568383e+12 1.189607e-01 -4.268299e-01 -8.964734e-01 7.498905e-01 0 92549
5.527939e+12 -4.042586e+12 1.598392e+13 9.288674e-01 -1.119107e-01 3.531024e-01 5.947348e+00 0 121870
7.325153e+12 -4.636690e+12 1.523680e+13 2.504018e-01 3.130626e-01 9.161281e-01 9.731300e+00 0 978418
1.419386e+13 -1.559297e+13 1.358159e+12 7.950571e-01 -4.782927e-01 -3.729883e-01 1.661779e+01 0 17
-9.949375e+12 3.661504e+12 -1.375009e+13 -2.624418e-01 3.017779e-02 -9.644758e-01 -6.256413e+00 0 4
-1.002339e+13 1.112424e+13 -9.815804e+12 3.922533e-01 6.460878e-01 -6.547579e-01 -1.383704e+01 0 277819
-1.169823e+13 6.256451e+12 1.122607e+13 3.262361e-01 7.807157e-01 5.329663e-01 -4.843208e+00 0 128675
-4.389377e+13 -3.367572e+13 1.759586e+13 -7.898901e-01 -5.903845e-01 1.658908e-01 1.000001e+01 0 10
-1.410926e+13 -8.820599e+12 -6.173927e+12 -8.601870e-01 -3.693830e-01 3.516171e-01 -5.014603e+00 0 505451
1.148039e+13 -4.588643e+12 -1.289613e+13 7.148351e-01 6.126589e-01 -3.371349e-01 1.691606e+01 0 1
7.878139e+12 -1.888226e+13 -1.324440e+13 8.797117e-01 -3.591261e-01 -3.116660e-01 2.366566e+01 0 1
1.676476e+13 -9.897790e+10 1.111628e+13 2.936794e-01 -5.124935e-01 8.069095e-01 -1.214764e+01 0 128788
3.824565e+12 -1.655148e+13 7.649621e+12 -4.170617e-01 -8.822100e-01 2.185521e-01 -1.822381e+01 0 1252794
1.092064e+13 -1.444729e+13 -3.569869e+12 2.030647e-01 -5.471181e-01 -8.120508e-01 3.445666e+00 0 15026
8.984725e+12 -3.801055e+12 -1.757527e+13 4.244942e-01 -2.694127e-01 -8.644197e-01 5.150169e+00 0 261571
1.785976e+13 4.033363e+11 9.956271e+12 8.601406e-01 1.919537e-01 4.725590e-01 -5.422593e+00 0 2
-1.771468e+13 1.139692e+12 5.330758e+11 -9.711495e-01 1.509336e-01 1.846287e-01 -1.467210e+01 0 5
-7.162326e+11 1.509107e+13 -7.945302e+12 4.787574e-01 7.216613e-01 4.999963e-01 -9.938051e+00 0 56042
-1.649723e+13 8.984259e+12 -2.085247e+12 -4.868968e-02 9.214635e-01 -3.854016e-01 -3.876861e+00 0 9
-7.942045e+12 -3.029382e+12 -1.646453e+13 -7.568626e-02 -5.270437e-02 -9.957378e-01 -5.438851e+00 0 14
-1.348379e+13 -1.192577e+13 -3.434526e+12 -7.523946e-01 3.399868e-01 -5.641908e-01 4.683763e-02 0 1
-1.623917e+13 -5.018139e+12 1.091753e+13 -6.598434e-01 -3.717166e-01 6.530187e-01 -4.110973e+00 0 858245
1.667159e+13 6.679615e+12 1.556408e+12 9.018675e-01 5.355027e-02 4.286810e-01 3.388939e+00 0 1191460
1.057033e+13 1.645355e+13 -8.967184e+12 1.726425e-02 9.165349e-01 -3.995820e-01 1.644371e+01 0 567743
1.272977e+13 4.765351e+12 1.143310e+13 3.695293e-01 -3.096072e-01 8.761230e-01 -1.123232e+00 0 6810
-2.032706e+13 -1.180689e+13 3.957919e+12 -9.357888e-01 -1.938119e-01 2.945103e-01 7.808511e+00 0 1
1.202115e+13 -8.619550e+12 9.297692e+12 8.485028e-01 -3.079900e-01 4.303315e-01 1.714706e+00 0 54484
1.410663e+13 -3.636497e+12 -9.056675e+12 2.167209e-01 1.025205e-01 -9.708355e-01 -4.072876e+00 0 3
6.064256e+12 1.058184e+13 1.458263e+13 -4.275191e-01 2.197942e-01 8.768796e-01 -6.433715e+00 0 4
9.734703e+12 -1.040317e+13 -1.218103e+13 1.987585e-01 -9.196060e-01 -3.388508e-01 -1.407960e+01 0 1699912
-1.761488e+12 1.153518e+13 2.008713e+13 -3.951943e-01 6.671699e-02 9.161716e-01 -7.096185e+00 0 1289098
1.110945e+13 1.372980e+13 -2.876562e+12 7.192334e-01 5.145879e-01 -4.668004e-01 -1.405058e+01 0 1176933
-6.919187e+12 1.840717e+13 1.047868e+11 -7.806245e-01 6.098958e-01 -1.365742e-01 2.632272e+01 0 1
-1.443365e+13 -1.010211e+13 -3.958844e+12 8.430996e-02 -9.885305e-01 1.252966e-01 1.730837e+01 0 6
7.092956e+12 -1.156801e+13 1.056376e+13 3.096391e-01 -7.977681e-01 5.173873e-01 -5.067930e-01 0 65335
4.947340e+12 1.670456e+13 -7.277210e+12 2.258646e-01 9.055998e-01 -3.589906e-01 4.664406e+00 0 2353243
1.761558e+13 -1.134913e+13 -7.051845e+11 9.827788e-02 -9.765002e-01 1.918039e-01 -2.264189e+01 0 4
-1.084688e+13 -1.039166e+13 1.975028e+13 -9.067680e-01 -2.969111e-01 2.993588e-01 3.915032e-01 0 2
-2.598636e+13 4.354897e+12 -5.297420e+12 -9.270621e-01 -2.654583e-01 -2.647409e-01 1.728906e+01 0 1961606
1.145837e+13 1.000966e+13 1.826973e+13 -9.702875e-02 3.492910e-01 9.319771e-01 1.376465e+01 0 6
1.471708e+13 1.565184e+13 1.395928e+13 7.213844e-01 2.830111e-01 6.320674e-01 -1.714215e+01 0 5
-1.709560e+13 4.431611e+12 -8.655693e+12 -8.700269e-01 -3.657952e-01 -3.305254e-01 1.745460e+01 0 130928
-9.155554e+12 -8.212644e+12 1.345831e+13 -2.970080e-01 -8.617583e-01 4.112892e-01 -2.750645e+00 0 321483
-2.030261e+13 -1.618235e+13 4.176623e+12 -9.864412e-01 -1.630163e-01 -1.895648e-02 -2.107311e+01 0 8
1.953611e+12 1.237972e+13 -1.154473e+13 -3.054657e-01 7.457388e-01 5.920848e-01 -1.381205e-01 0 1220372
-1.025880e+13 1.049426e+13 1.451374e+13 -9.473577e-01 2.263736e-01 2.264253e-01 1.281070e+01 0 7
1.462373e+13 -4.435620e+12 8.422447e+12 -8.156307e-02 -2.641473e-01 9.610274e-01 2.156985e+00 0 134978
-9.088595e+12 3.435882e+12 -1.495369e+13 -9.382282e-01 6.291131e-02 -3.402498e-01 7.213739e+00 0 355141
1.668333e+13 3.661393e+12 -3.176073e+12 8.584331e-01 2.132757e-02 -5.124819e-01 4.275787e+00 0 487742
-9.498661e+12 8.901529e+12 -1.104478e+13 2.200289e-01 9.337056e-01 2.824556e-01 -1.759228e+01 0 701158
-1.027954e+13 -1.794773e+13 6.838467e+12 -5.231772e-01 -8.120856e-01 2.584621e-01 5.439889e+00 0 1
-6.871989e+12 1.515311e+13 8.786859e+12 -3.879583e-01 8.686333e-01 3.081632e-01 6.216705e+00 0 1
2.102630e+13 -3.075012e+12 -5.243543e+11 8.088445e-01 1.676803e-01 -5.636079e-01 1.263141e+01 0 2
-7.230656e+12 -1.125846e+13 -1.235954e+13 -7.460246e-01 -2.478353e-01 -6.180817e-01 -1.304074e+01 0 3
-1.317581e+13 8.478947e+12 7.537521e+12 -7.506679e-01 6.574960e-01 -6.478297e-02 4.757480e-01 0 20903
-1.627969e+13 3.949222e+11 5.964977e+12 -6.821277e-01 6.203380e-01 -3.871468e-01 -1.812905e+01 0 1
-9.390376e+12 9.056104e+12 1.169756e+13 8.263113e-02 9.673781e-01 2.394822e-01 -5.971811e+00 0 71818
-4.212157e+12 -1.549263e+13 -6.013369e+12 4.280739e-01 -7.183176e-01 5.484274e-01 4.520610e+00 0 101916
1.424625e+13 -6.738014e+12 8.888651e+12 7.343377e-01 -4.071377e-01 5.431271e-01 -7.366044e+00 0 853793
5.164606e+12 -4.775556e+10 1.888513e+13 5.911298e-01 -1.026384e-01 8.000193e-01 -3.501992e+00 0 9196
-1.031550e+13 -1.744855e+13 -1.895523e+13 -6.436384e-01 -4.997285e-01 -5.796560e-01 -1.510602e+01 0 285482
-1.857214e+12 -1.210040e+13 1.620021e+13 6.124266e-02 -8.673516e-01 4.939135e-01 7.009618e+00 0 837227
1.127645e+13 9.967501e+12 -8.273607e+12 -4.394462e-01 1.489068e-01 -8.858407e-01 -4.359389e-01 0 1
5.449649e+12 1.950067e+13 3.671330e+11 -4.201247e-01 8.792670e-01 2.244655e-01 -2.491461e-02 0 1
-1.177627e+13 1.957448e+13 -2.342515e+12 -6.361203e-01 7.653237e-01 -9.813570e-02 1.323375e+01 0 3139477
-1.277545e+13 -3.659622e+12 1.146776e+13 -9.181241e-01 -2.111231e-01 3.353733e-01 1.693932e+00 0 740884
7.691821e+12 8.855250e+12 -1.268819e+13 -3.017639e-01 3.494224e-01 -8.870414e-01 -6.343873e+00 0 4
1.674306e+12 2.465481e+12 1.689712e+13 -3.260139e-01 -7.243083e-01 6.075297e-01 8.876791e+00 0 291077
-1.152022e+13 2.711581e+13 2.744137e+12 -4.287885e-01 7.105462e-01 5.579109e-01 -5.919988e+00 0 1
1.423864e+13 -1.746079e+13 -2.047685e+13 4.638725e-01 -6.170850e-01 -6.356323e-01 8.684834e+00 0 2974691
4.752920e+12 -1.353559e+13 -9.216849e+12 -2.471263e-01 1.675128e-01 -9.543941e-01 -7.122127e+00 0 2395325
-1.338108e+12 1.744187e+13 -2.432794e+12 -5.087330e-01 6.297445e-01 -5.870371e-01 1.485647e+01 0 3
-1.381182e+13 2.031187e+12 1.585009e+13 -6.044297e-01 4.829146e-01 6.336073e-01 -1.060050e+01 0 9
1.653856e+13 1.704336e+12 1.109611e+13 6.644592e-01 4.310151e-01 6.105079e-01 -4.186509e+00 0 2
2.373538e+12 -1.897831e+13 -1.152695e+12 -3.784955e-01 -9.170724e-01 -1.253773e-01 -1.510591e+00 0 3
-2.460647e+11 -1.475888e+13 1.205360e+13 6.859891e-01 -1.321422e-01 7.155120e-01 3.564572e+00 0 175936
-6.770873e+12 -1.449745e+13 -5.763854e+12 -5.397495e-01 -1.730314e-01 -8.238511e-01 -1.124504e+01 0 416802
1.997505e+11 -1.702038e+13 1.671451e+12 7.088769e-01 -5.063031e-01 -4.910710e-01 1.714280e+01 0 67897
-3.263457e+11 -1.054442e+13 1.348349e+13 -2.855459e-01 -8.385966e-01 4.639172e-01 1.316837e+00 0 614429
3.246941e+12 1.486437e+13 1.169031e+13 -1.478747e-01 3.921588e-01 9.079342e-01 1.055765e+01 0 385764
1.747153e+12 -1.145463e+12 -1.796466e+13 4.486862e-01 6.219158e-01 -6.417955e-01 1.036710e+01 0 2
-1.307753e+13 1.353356e+13 -1.888209e+12 -8.983599e-01 3.821776e-01 -2.165405e-01 1.041541e+00 0 2935579
1.386114e+13 -1.476745e+13 1.764605e+12 9.248828e-02 -9.692651e-01 2.279716e-01 -1.861556e+00 0 12281
-1.218818e+13 8.711369e+12 1.296533e+13 -4.183059e-01 6.587367e-01 6.253688e-01 -1.171179e+01 0 2
-1.705317e+13 1.102314e+13 -3.312615e+12 -8.763045e-01 4.415336e-01 -1.927134e-01 7.043890e+00 0 103438
-1.773163e+13 -2.030918e+12 -4.383810e+12 -7.819868e-01 -1.190915e-01 -6.118119e-01 -3.804022e+00 0 63062
-3.844496e+12 1.225731e+13 1.746034e+13 5.344725e-01 2.065770e-01 8.195517e-01 5.010079e+00 0 1
-1.606263e+13 3.952675e+12 7.746767e+12 -2.066164e-01 7.189577e-01 6.636335e-01 -1.821506e+01 0 1
-6.657670e+12 -1.454230e+13 -6.275633e+12 -1.549024e-01 -9.867406e-01 -4.845844e-02 1.360912e+01 0 1194170
-1.953679e+13 5.806329e+12 2.190632e+12 -9.758590e-01 -1.770408e-01 1.278897e-01 1.896403e+01 0 281155
-5.481444e+12 -1.768547e+13 -2.393389e+12 -7.968553e-01 -4.272365e-01 -4.271892e-01 -6.208408e+00 0 46784
8.256762e+12 -1.428042e+13 -6.421669e+12 -1.121211e-01 -9.537020e-01 2.790723e-01 4.408076e+00 0 1
6.324156e+12 6.561816e+11 -1.711223e+13 8.529060e-01 1.739373e-01 -4.922369e-01 -5.273907e+00 0 540767
8.365161e+12 6.824883e+12 1.441277e+13 9.190667e-01 2.204665e-01 3.266665e-01 -2.289186e-01 0 1520040
2.217726e+12 -7.652095e+12 1.607625e+13 6.908150e-01 -1.475320e-01 7.078199e-01 1.093334e+01 0 442789
-6.632425e+12 1.146356e+13 -1.101350e+13 -5.251764e-01 2.281107e-01 -8.198507e-01 -1.883375e+00 0 222033
-9.900261e+12 1.389989e+12 -1.402552e+13 -8.872408e-01 -1.182056e-01 -4.459050e-01 -2.269164e+00 0 1167300
-5.676984e+12 -1.662271e+13 1.981687e+12 -1.774742e-01 -8.386851e-01 -5.148886e-01 5.498947e+00 0 672004
1.013122e+13 1.297215e+13 5.808478e+12 9.364627e-01 -5.096124e-02 3.470456e-01 -8.639801e+00 0 122229
-2.116048e+13 1.028886e+13 4.445980e+12 -9.340975e-01 3.567695e-01 1.331950e-02 1.038222e+01 0 1
-7.206317e+11 -1.365659e+13 -1.045739e+13 -1.663365e-02 2.347640e-01 -9.719101e-01 -1.128944e+01 0 2194120
-6.959428e+12 1.617848e+13 1.234099e+12 -8.692301e-01 2.207140e-01 4.424074e-01 4.471639e+00 0 9
1.004571e+13 -1.372265e+13 -1.650770e+13 8.611966e-01 -3.665129e-01 -3.521486e-01 1.599216e+01 0 159701
8.663494e+12 -1.293923e+13 -8.019457e+12 1.794817e-01 -5.634730e-01 -8.064022e-01 -5.769861e+00 0 153640
7.312977e+12 -1.072542e+13 1.263815e+13 1.596911e-02 -5.852429e-01 8.107008e-01 -1.024981e+01 0 580473
-1.405477e+13 -7.788107e+12 5.548411e+12 -2.637499e-01 -5.377132e-01 8.008124e-01 1.520209e+00 0 463949
1.773970e+13 6.981441e+12 2.453805e+12 8.611290e-01 1.406946e-01 -4.885303e-01 1.271527e+01 0 4
-8.697155e+12 -1.619859e+13 -2.015885e+12 -6.999459e-02 -9.285666e-01 -3.645064e-01 1.491914e+01 0 234051
-1.774150e+13 -8.453731e+12 5.254080e+12 -2.957950e-01 -6.168400e-01 7.293927e-01 1.241648e+00 0 655036
-1.178640e+13 -9.244042e+12 -1.413884e+13 -5.260817e-01 -8.494646e-01 4.059425e-02 9.722351e+00 0 591829
2.847044e+12 -2.315079e+13 5.629326e+11 3.076570e-02 -8.346699e-01 5.498906e-01 1.115033e+01 0 2
5.721792e+12 1.669741e+12 -1.649300e+13 -5.609186e-01 1.879191e-01 -8.062610e-01 -2.366384e+00 0 1285682
1.878484e+13 1.194238e+13 -4.425152e+12 7.062607e-01 -1.529455e-02 -7.077867e-01 -1.870999e+01 0 1
-1.296592e+13 -7.914833e+12 -8.391182e+12 1.538100e-01 -2.808713e-01 -9.473404e-01 1.104532e+01 0 198784
-1.635250e+13 -4.208227e+12 -7.038298e+12 -9.746032e-01 -2.233618e-01 1.606616e-02 5.280583e+00 0 1
-5.669817e+12 -1.692252e+13 2.045964e+12 -6.298466e-01 -7.567858e-01 -1.748386e-01 -1.310720e+01 0 543584
-1.448304e+13 -6.913328e+12 6.298779e+12 -4.750815e-01 -8.638534e-01 1.674958e-01 1.516689e+01 0 1952
-1.147249e+13 1.061177e+13 -9.370681e+12 -6.997519e-01 1.009425e-01 -7.072184e-01 1.389441e+01 0 1500133
-7.909354e+12 1.382137e+13 6.816505e+12 -7.278557e-01 4.586623e-01 5.097597e-01 1.251950e+00 0 230320
1.276054e+13 1.237244e+13 -2.433977e+12 9.355084e-01 4.547142e-02 -3.503659e-01 -1.808795e+00 0 1
-5.043114e+12 9.503778e+12 1.560337e+13 1.906412e-01 8.979075e-01 3.967594e-01 1.769482e+00 0 1
1.508783e+13 1.550150e+12 1.209259e+13 3.869684e-01 7.202682e-02 9.192756e-01 4.566800e+00 0 5
-3.105686e+12 -1.680974e+13 8.731316e+12 -4.221805e-01 -5.254602e-01 7.386847e-01 1.043508e+00 0 6967
1.433565e+13 4.828153e+12 8.132974e+12 7.188239e-02 8.686899e-01 4.901130e-01 5.896415e+00 0 1
-4.613779e+12 -1.579795e+13 4.501917e+12 1.056379e-01 -6.181383e-01 7.789388e-01 9.165132e+00 0 2
7.719337e+12 1.238658e+13 1.498368e+13 7.778541e-02 8.777884e-01 4.726911e-01 -4.379166e+00 0 3
1.534393e+13 -6.181168e+12 1.102488e+13 1.030040e-01 6.894872e-02 9.922884e-01 -4.060666e+00 0 8
1.213388e+12 -3.981683e+12 1.833068e+13 -1.129938e-02 -6.845647e-01 7.288645e-01 5.239656e+00 0 594956
-1.683319e+13 1.350856e+13 -1.346378e+13 -8.045814e-01 4.546584e-01 -3.820137e-01 1.362603e+01 0 1
-1.137798e+13 1.121747e+13 -7.309763e+12 -4.603980e-02 7.079490e-01 -7.047614e-01 -4.892976e+00 0 1043967
1.076512e+13 9.562419e+12 -1.078694e+13 1.028112e-01 7.551167e-01 -6.474787e-01 -4.117052e-01 0 175782
1.873525e+13 4.576545e+12 -1.977199e+12 7.212774e-01 6.926132e-01 6.776219e-03 2.017643e+01 0 2
9.658584e+12 4.840126e+11 -1.507693e+13 3.003956e-01 6.135795e-01 -7.302621e-01 4.159108e-02 0 217355
6.217136e+12 6.925039e+12 -1.432946e+13 7.130570e-01 -6.279057e-01 -3.119039e-01 -1.472543e+01 0 1
1.368273e+13 -8.007412e+12 -6.985035e+12 5.486949e-01 -8.154371e-01 -1.843804e-01 -2.343771e+00 0 636149
-1.908243e+13 1.613746e+12 -2.593610e+12 -7.929515e-01 1.452792e-01 -5.917110e-01 -2.677150e+00 0 33822
7.042169e+12 9.623021e+12 1.697656e+13 -2.532027e-01 3.743050e-01 8.920674e-01 1.030910e+01 0 47557
1.262453e+13 1.132842e+13 -1.528494e+13 8.318268e-01 2.450360e-01 -4.980176e-01 2.433468e+00 0 340789
-7.940331e+12 4.352666e+12 1.464441e+13 -7.101896e-02 -7.206348e-01 6.896679e-01 9.806688e-01 0 28551
-1.900373e+13 -1.499972e+12 5.242425e+12 -3.995975e-01 -5.793686e-01 7.103900e-01 4.297628e+00 0 6
-3.374086e+10 1.393624e+13 -1.246739e+13 -6.310183e-01 5.793574e-01 -5.159079e-01 1.325442e+01 0 498287
1.420703e+13 -9.272889e+12 -5.115812e+12 4.338452e-01 -6.482980e-01 6.256900e-01 1.896361e+00 0 566773
5.115702e+12 2.274288e+11 1.616938e+13 8.671959e-01 4.792014e-01 1.354156e-01 9.578122e-01 0 730978
7.888998e+12 2.372898e+13 2.964252e+12 7.008582e-01 6.709909e-01 2.420103e-01 3.358622e-01 0 4
-1.564898e+13 1.160490e+13 -6.142262e+12 1.573635e-02 9.627708e-01 -2.698605e-01 -6.396510e+00 0 1268556
-1.820460e+13 -1.807309e+13 -2.578093e+12 -4.332190e-01 -8.724451e-01 -2.261877e-01 -2.472110e+00 0 2
-1.302597e+13 -4.810562e+11 -1.116481e+13 -9.170562e-01 -3.962617e-01 4.454958e-02 1.098999e+01 0 1118813
-1.794472e+13 -1.004978e+13 1.924861e+13 -4.685361e-01 -5.458945e-01 6.946028e-01 -1.105977e+00 0 3
-2.207895e+13 -1.595497e+13 5.316012e+12 -6.560119e-01 -6.778815e-01 3.318509e-01 -5.918605e+00 0 7
-7.656665e+12 -1.590770e+13 -5.221956e+12 -7.554139e-02 -9.267689e-01 -3.679577e-01 -2.826991e+00 0 6
-1.432900e+13 -4.947862e+12 -8.860836e+12 -9.639813e-01 2.650046e-01 -2.264033e-02 -1.311927e+01 0 1094754
-3.774937e+12 -1.919986e+13 1.802714e+13 2.422716e-01 -3.734635e-01 8.954493e-01 -2.955491e+00 0 7
1.095438e+12 1.083597e+13 -1.676468e+13 -3.587413e-01 2.734748e-01 -8.924776e-01 -7.657588e+00 0 7
-1.359466e+13 2.799927e+13 3.232460e+12 -4.597308e-01 8.605553e-01 2.192992e-01 -1.002016e+01 0 323268
6.138421e+12 -1.618915e+13 2.759798e+11 1.121775e-01 -8.914847e-01 -4.389434e-01 -7.377102e-01 0 295670
2.331338e+13 -1.819169e+13 -1.489886e+12 6.124011e-01 -7.515525e-01 2.452218e-01 5.906268e+00 0 5
-1.824693e+13 4.096657e+11 -4.096486e+12 -9.051542e-01 -2.051826e-01 3.722848e-01 -2.864161e+00 0 3
-3.331758e+13 -1.032664e+13 2.052272e+12 -9.992096e-01 3.963077e-02 3.103939e-03 -2.045457e+00 0 8
1.748262e+13 -9.903256e+12 -4.930879e+12 8.517902e-01 -2.996080e-01 -4.297541e-01 1.652724e+01 0 4
2.821075e+12 1.304421e+13 -1.347381e+13 -1.535898e-01 6.286890e-01 -7.623387e-01 -2.240402e+00 0 625895
6.380699e+12 1.535623e+13 6.394817e+12 8.591787e-01 5.092989e-01 4.926051e-02 -1.558096e+01 0 228596
8.419349e+12 1.741520e+13 1.257839e+13 5.491519e-01 8.350815e-01 -3.272735e-02 -1.209786e+01 0 1
1.099396e+13 -7.621715e+12 -1.110655e+13 3.001348e-01 -5.998327e-01 -7.417007e-01 2.355300e+00 0 7
7.066851e+12 1.088012e+13 -1.188305e+13 -9.266309e-03 1.545502e-01 -9.879415e-01 1.044985e+01 0 498054
-8.326545e+12 -6.781862e+12 -1.921800e+13 -5.641031e-01 2.156627e-01 -7.970428e-01 -1.310627e+01 0 1
-1.212632e+13 -1.060587e+13 9.105282e+12 -4.646334e-01 -6.432536e-01 6.085562e-01 8.701713e+00 0 3813575
6.720436e+12 -7.320236e+12 -1.690048e+13 -2.484696e-01 -1.815266e-01 -9.514783e-01 2.602746e+00 0 106914
1.365628e+13 -9.852127e+12 1.143207e+13 3.277393e-01 -8.116105e-01 4.836067e-01 -1.379822e+01 0 308967
-5.260902e+12 1.594914e+13 5.328899e+12 -5.372954e-01 8.243122e-01 -1.783901e-01 -3.488057e-02 0 280212
4.978010e+10 2.508665e+13 -1.965778e+12 5.762918e-01 7.817208e-01 -2.383283e-01 -4.381734e+00 0 1
-2.140244e+12 1.628960e+13 6.477091e+12 6.731466e-01 7.267231e-01 -1.369206e-01 -1.140799e+00 0 902442
1.575125e+13 1.496677e+12 -8.635338e+12 3.856523e-01 9.218381e-01 -3.855911e-02 8.119567e+00 0 4
-3.989699e+11 1.286500e+13 -1.151255e+13 -7.172587e-01 6.795713e-01 1.540217e-01 3.452693e+00 0 1
-1.294320e+13 -5.087041e+11 1.233018e+13 -6.294762e-01 1.941957e-01 7.523614e-01 -6.110827e+00 0 12
-3.123542e+12 8.483177e+12 1.651498e+13 6.113103e-01 7.260158e-01 3.149615e-01 2.034701e+00 0 468125
-2.585191e+12 -1.585470e+13 -6.061751e+12 -3.446328e-01 -6.054907e-01 -7.173627e-01 -6.872699e+00 0 1561
-1.112161e+13 1.367694e+13 -9.650714e+11 -5.354438e-01 6.240733e-01 5.690628e-01 4.210435e+00 0 1131455
-1.379963e+13 7.866792e+12 6.434548e+12 -9.910949e-01 -3.461945e-02 1.285787e-01 4.439658e+00 0 1278
6.952151e+12 -1.210077e+13 -1.023797e+13 3.920066e-01 -9.046358e-01 -1.672269e-01 -1.969301e+00 0 327792
-4.144498e+12 -1.596663e+13 1.005983e+13 -5.499185e-01 -5.841372e-01 5.969702e-01 -1.269013e+01 0 11
-1.234536e+13 -1.349134e+12 1.403723e+13 -6.375509e-01 1.386862e-01 7.578226e-01 7.470331e+00 0 178328
3.904701e+12 -1.174721e+13 -1.312902e+13 1.607613e-01 -8.893763e-01 -4.279785e-01 5.845005e+00 0 55882
-1.359406e+13 -1.056806e+13 4.568126e+12 -8.596273e-01 -8.250483e-02 5.042160e-01 -2.787511e+00 0 342424
1.194186e+13 -5.379286e+12 -1.215388e+13 7.880824e-01 1.850258e-01 -5.871043e-01 -2.035793e+00 0 1
-1.120811e+13 -2.229969e+13 -4.470072e+12 -5.200778e-01 -6.613866e-01 -5.404505e-01 -1.390187e+01 0 1923958
-1.456725e+13 -8.456849e+12 -2.963235e+12 -9.212010e-01 -3.465724e-01 1.768512e-01 -9.662628e+00 0 1064206
6.828344e+12 2.765399e+11 -1.580424e+13 8.846280e-01 -4.637768e-01 -4.841850e-02 4.381311e-01 0 245960
1.921479e+12 -1.855287e+13 -1.057133e+13 -3.280406e-01 -6.807339e-01 -6.549738e-01 2.454697e+00 0 35100
-1.394931e+13 1.078694e+12 -1.022509e+13 -3.163418e-01 -3.136519e-01 -8.952935e-01 -1.592789e+00 0 283791
7.906311e+12 1.519599e+13 4.491155e+12 3.154728e-01 9.199295e-01 -2.328230e-01 -1.361632e+00 0 2
-2.879672e+12 2.346649e+13 -1.172359e+13 2.963445e-01 8.283985e-01 -4.753272e-01 -1.733805e-01 0 10
-1.141405e+13 1.215950e+13 8.624232e+12 2.367945e-01 9.539859e-01 1.839547e-01 -5.116145e+00 0 98904
-1.723108e+13 -3.556413e+12 4.024123e+12 -9.219235e-01 -3.103120e-01 2.318695e-01 -8.066761e+00 0 2
-4.079538e+12 -5.423384e+12 -1.613177e+13 -2.813557e-02 -4.580751e-01 -8.884681e-01 -1.677791e+00 0 254189
4.127147e+12 -1.672834e+13 -5.038668e+11 -1.500568e-01 -9.003729e-01 -4.084258e-01 -1.651062e+00 0 164506
1.514476e+11 -1.876265e+13 6.544969e+12 3.897152e-02 -9.555542e-01 2.922284e-01 -1.343515e+01 0 180798
2.829047e+13 1.433521e+13 -4.121873e+12 7.924387e-01 5.893336e-01 1.572476e-01 1.882022e+01 0 3
1.516929e+12 -3.681638e+12 -3.331063e+13 6.095637e-02 -4.485129e-01 -8.916953e-01 -1.180929e+01 0 146497
-8.845753e+12 -3.095464e+12 -1.429309e+13 1.506806e-02 -3.968450e-01 -9.177620e-01 7.464468e-02 0 858276
1.591486e+13 9.366517e+12 -2.641893e+12 9.453481e-01 1.987674e-01 2.584735e-01 -9.173783e+00 0 76488
1.323304e+13 1.021268e+13 -5.638049e+12 8.469856e-01 1.146710e-01 -5.191011e-01 -1.341543e+01 0 609408
1.109592e+13 -9.797014e+11 1.590720e+13 4.928073e-02 -6.001119e-01 7.983966e-01 -2.506021e-01 0 8
-1.640139e+13 -4.356664e+12 2.054041e+12 -6.079620e-01 -7.601726e-01 2.291720e-01 7.186055e+00 0 306618
1.096270e+13 -1.535710e+13 6.257682e+12 2.254908e-01 -9.288697e-01 2.938621e-01 -1.304949e+00 0 1007627
-1.995566e+12 -1.723788e+13 7.504618e+12 3.669841e-01 -9.014637e-01 -2.295339e-01 -4.232303e-02 0 1
-1.148976e+13 1.206993e+13 -7.392641e+12 2.620905e-02 8.766139e-01 4.804800e-01 -1.798903e+01 0 1
-8.143693e+12 -1.155648e+13 -1.035706e+13 1.384544e-02 -9.314474e-01 -3.636126e-01 1.553255e+01 0 725116
9.321876e+12 1.650103e+13 -5.994884e+12 -1.067739e-01 9.352668e-01 -3.374543e-01 1.849271e+01 0 163618
-7.431714e+12 -1.469109e+13 4.364721e+12 -5.115619e-01 -3.184218e-01 -7.980676e-01 -1.373443e+01 0 2081275
-5.443020e+12 1.186242e+13 -1.304626e+13 -1.973095e-01 4.274795e-01 -8.822303e-01 9.209166e+00 0 170947
1.447452e+13 8.813457e+12 -2.970591e+12 6.360114e-01 7.240593e-01 -2.668850e-01 -3.488681e+00 0 2022510
3.878047e+12 -1.812958e+13 -1.314765e+12 -1.387122e-02 -9.444712e-01 -3.283012e-01 3.979694e-01 0 202825
1.000947e+13 -1.277280e+13 -5.924591e+12 5.787884e-02 -9.292546e-01 3.648779e-01 -3.739207e+00 0 1377587
1.587678e+13 6.050585e+12 9.086072e+12 6.209137e-01 7.515297e-01 -2.228660e-01 6.541702e-01 0 314990
-5.483724e+12 -1.675546e+13 1.389087e+12 -4.890088e-01 -6.833478e-01 -5.421311e-01 -3.994184e-01 0 102025
-1.254487e+13 4.735130e+12 1.111863e+13 -9.639585e-01 3.588645e-02 2.636212e-01 -4.773700e+00 0 2
-1.134210e+13 -9.955135e+12 9.091226e+12 -4.665535e-01 -4.444851e-01 7.646965e-01 -9.487608e+00 0 699339
-1.105210e+13 -1.754352e+13 2.406195e+13 -5.734335e-01 -6.541369e-01 4.932332e-01 -1.168360e+01 0 834577
1.454603e+13 5.322627e+12 6.954839e+12 -2.193510e-01 1.064721e-02 9.755879e-01 4.881070e+00 0 1295807
1.754641e+13 -1.977689e+12 -3.758602e+12 8.227770e-01 3.158869e-01 4.724971e-01 -1.745741e+00 0 2124078
1.641051e+13 2.033831e+12 9.625575e+12 2.833732e-01 1.429154e-01 9.483010e-01 7.181611e+00 0 456330
-4.954962e+12 1.682855e+13 6.937901e+11 -4.806318e-01 8.516583e-01 2.089768e-01 -4.347742e+00 0 676690
1.124388e+13 -8.049203e+12 1.028556e+13 9.541855e-01 6.684667e-03 2.991409e-01 1.206841e+01 0 184713
8.346520e+12 1.323803e+13 1.847786e+13 -1.918670e-01 8.170493e-01 5.437072e-01 1.732550e+01 0 49008
1.696386e+13 -2.406355e+12 1.562944e+13 9.711833e-01 1.193643e-01 2.062892e-01 1.078415e+01 0 301487
-1.889784e+13 -1.176130e+13 6.089000e+11 -8.838495e-01 -2.727129e-01 -3.800497e-01 2.398723e+00 0 77658
5.114920e+11 1.594723e+13 1.289720e+13 2.911188e-01 9.512395e-01 1.019475e-01 5.704700e+00 0 2
-1.520312e+13 -1.176780e+13 8.112762e+12 -9.711227e-01 -2.131259e-01 -1.072289e-01 -1.319286e+01 0 693041
6.938625e+12 -1.085472e+13 1.103234e+13 -1.310776e-01 -7.903181e-01 5.985114e-01 -6.094414e+00 0 1153
-2.545524e+12 -2.537555e+13 -8.267334e+12 1.843353e-01 -6.580473e-01 -7.300645e-01 2.170468e+01 0 8
1.233813e+13 1.345441e+13 1.574631e+12 -2.034531e-01 9.468582e-01 -2.491314e-01 4.240254e+00 0 917974
5.422702e+12 -1.685863e+13 -5.744075e+11 -4.752870e-01 -8.644606e-01 1.637383e-01 -1.419522e+01 0 941702
-5.050610e+12 1.233001e+13 1.573881e+13 -6.383219e-01 -9.580519e-02 7.637843e-01 2.103902e+01 0 107396
1.274662e+13 -5.284704e+12 1.049154e+13 3.700575e-02 -7.431404e-01 6.681114e-01 3.301425e+00 0 624483
-3.330869e+12 -5.971421e+12 1.670552e+13 -3.011376e-01 -3.649905e-01 8.809643e-01 -4.150620e+00 0 1646039
9.351051e+12 -5.454278e+12 1.313062e+13 6.955476e-01 -6.332657e-01 3.393937e-01 3.192796e+00 0 90922
-7.385892e+12 -1.341040e+13 -8.747994e+12 -2.502810e-01 -9.621762e-01 1.075940e-01 -3.759553e+00 0 314318
-1.847786e+13 1.336396e+12 -1.150549e+13 -5.357115e-01 7.679682e-01 -3.510529e-01 -1.152977e+00 0 3
-1.641791e+13 2.463185e+12 -1.548357e+13 -7.062458e-01 -4.174453e-01 -5.718009e-01 1.415595e+01 0 2473286
9.587306e+12 -1.308873e+13 9.061640e+12 2.928925e-01 -9.049938e-01 -3.085454e-01 -1.036117e+01 0 243332
9.683853e+11 -1.253526e+11 1.755885e+13 4.354286e-02 6.192041e-02 9.971308e-01 -5.034488e+00 0 283845
1.320739e+13 1.021449e+13 -8.580125e+12 4.078774e-01 5.483400e-01 -7.300406e-01 9.618896e+00 0 259185
-9.809615e+12 9.685128e+12 -1.082474e+13 -8.225666e-01 4.549622e-01 -3.411649e-01 -3.290960e-01 0 663545
-2.052047e+12 -7.059302e+12 1.745438e+13 8.144571e-02 4.653513e-01 8.813710e-01 -5.508590e+00 0 357347
1.197066e+13 -1.183421e+13 -5.141456e+12 7.821457e-01 -4.265447e-02 6.216339e-01 8.988301e-02 0 1841262
-8.645057e+12 -7.070349e+12 1.301448e+13 3.313558e-01 -6.475179e-01 6.862390e-01 1.183471e+01 0 136548
-1.317769e+13 -2.660340e+13 3.637584e+12 -3.308406e-01 -9.435518e-01 -1.595240e-02 -5.665450e+00 0 981528
-1.413094e+13 -4.928232e+12 9.159180e+12 -8.116183e-01 -3.625492e-01 4.580762e-01 5.629245e+00 0 337769
-1.156385e+12 -1.199608e+13 -1.198427e+13 4.969475e-01 3.247706e-01 -8.047156e-01 1.236227e+01 0 2344458
1.715747e+13 -1.469135e+12 -9.453988e+12 8.573997e-01 8.836870e-02 -5.070077e-01 -3.868753e+00 0 4
-2.984236e+11 1.809346e+13 8.120155e+12 4.467263e-02 8.143546e-01 5.786457e-01 -6.130713e+00 0 5
-1.662438e+13 -8.312170e+12 -4.331611e+11 -7.633448e-01 -3.654274e-01 5.326984e-01 -5.291137e+00 0 3182788
1.530859e+13 -2.032610e+12 -1.758049e+13 5.566373e-01 -6.790506e-01 -4.785866e-01 -1.342796e+01 0 1352869
1.855555e+13 2.014048e+12 -9.454919e+12 3.612179e-01 6.057820e-01 -7.089074e-01 2.158787e+01 0 6
1.653206e+13 -7.150190e+10 3.807225e+12 7.501583e-01 -6.493556e-01 1.248994e-01 -1.710184e+01 0 364863
2.722249e+12 7.030447e+12 -1.686883e+13 4.729024e-01 3.239953e-01 -8.193841e-01 -7.735435e+00 0 43140
5.838692e+12 4.357064e+12 -1.531788e+13 9.879219e-01 1.452645e-02 -1.542699e-01 -6.173083e+00 0 1107540
-6.928633e+12 -6.155227e+12 -1.421658e+13 -9.166085e-01 -3.827308e-01 1.155252e-01 5.331136e+00 0 519473
-7.458217e+12 6.092100e+12 1.620991e+13 -5.766625e-01 5.111524e-01 6.373253e-01 6.665392e+00 0 2
-7.425116e+12 1.141001e+13 1.410819e+13 -2.329295e-01 7.818498e-01 5.783206e-01 8.898522e-01 0 90686
1.971225e+12 -9.623808e+12 1.737222e+13 3.087481e-01 -7.075407e-01 6.356578e-01 -7.520207e+00 0 195014
-8.974673e+12 -8.088352e+12 -1.276478e+13 -1.079395e-01 -9.760773e-01 1.887382e-01 3.769555e+00 0 461376
-1.230038e+13 -1.502336e+13 -2.589390e+12 -8.934618e-01 -2.626474e-01 -3.643383e-01 -1.796650e+01 0 1
1.536321e+13 1.273077e+13 1.894846e+13 4.361692e-01 7.391723e-01 5.132063e-01 -6.759146e+00 0 689483
-1.068077e+13 8.202792e+12 -1.088926e+13 -4.075761e-01 7.987504e-01 4.425827e-01 -1.277254e+01 0 434199
8.901944e+11 2.519120e+13 -5.148507e+12 4.692858e-01 8.830419e-01 -2.787843e-03 -2.196722e+01 0 8
-1.119369e+13 -1.290373e+13 -2.896026e+12 -4.169761e-01 -7.396500e-01 5.282507e-01 8.176791e+00 0 922574
-1.814956e+12 -1.290551e+13 1.094653e+13 -4.518463e-01 -7.880374e-01 4.181292e-01 -7.989244e-01 0 851577
7.080576e+12 -4.454465e+11 2.645820e+13 4.540960e-01 -3.821787e-01 8.048207e-01 -1.182455e+01 0 3
-2.086257e+13 -2.158956e+13 -6.355020e+13 -3.191569e-01 -2.111002e-01 -9.238915e-01 1.198699e+01 0 816557
1.007276e+13 1.573458e+13 -2.419687e+13 6.473442e-01 5.580112e-01 -5.192003e-01 3.184522e+00 0 665053
-3.508032e+12 -1.409971e+13 1.237896e+13 4.317553e-02 -9.974664e-01 5.653889e-02 1.029506e+01 0 1
1.562685e+13 -5.930670e+12 3.941172e+12 9.986345e-01 -2.195728e-02 -4.740250e-02 -7.727756e-02 0 267711
9.206437e+12 2.881550e+12 1.619179e+13 8.439564e-01 -2.493691e-01 4.749238e-01 1.033942e+00 0 1503582
-3.250619e+12 -7.191778e+12 2.100421e+13 2.145120e-01 -7.282023e-01 6.509271e-01 1.333221e+01 0 761866
-1.412096e+13 -1.187817e+13 -4.076566e+12 -4.952448e-01 -6.659454e-01 -5.578972e-01 9.407184e+00 0 1630032
-8.769492e+12 1.619705e+13 2.121102e+12 -6.184393e-01 5.733321e-01 -5.374228e-01 1.158092e+01 0 30710
1.096239e+13 1.085064e+11 -1.511808e+13 8.184835e-01 -2.187947e-01 -5.312379e-01 1.937548e+00 0 14435
-5.996850e+12 -1.004960e+13 -1.723631e+13 -8.263696e-01 1.288024e-01 -5.482000e-01 -1.391937e+01 0 81263
-9.911549e+12 -1.335381e+13 3.399774e+12 -1.832481e-01 -9.358537e-01 -3.009950e-01 7.761058e-01 0 248465
-2.184220e+13 1.339912e+13 4.407532e+11 -8.185209e-01 4.525690e-01 -3.538431e-01 -5.916930e+00 0 347940
4.108531e+12 8.458011e+12 1.472996e+13 -5.296630e-03 9.741686e-01 2.257599e-01 -6.726407e-01 0 617951
1.642480e+13 -4.096135e+12 1.448569e+12 9.338594e-01 2.164450e-01 2.847072e-01 -1.178608e+00 0 1233414
-3.114467e+12 -2.403228e+12 -1.732671e+13 1.563922e-02 5.653559e-01 -8.246988e-01 -7.283101e+00 0 1401
-1.497982e+13 6.571171e+12 2.234188e+13 -6.299567e-01 2.690738e-01 7.285286e-01 -1.190228e+01 0 569611
-3.894661e+12 1.662377e+13 -6.484808e+12 4.356061e-01 6.169538e-01 -6.554505e-01 -1.221207e+01 0 3
-4.826049e+12 1.570827e+12 -2.527388e+13 -2.334713e-01 4.333938e-02 -9.713974e-01 -6.297346e+00 0 846653
-5.645482e+11 -1.245069e+13 1.357075e+13 -1.757554e-02 2.193857e-01 9.754799e-01 5.018913e+00 0 86436
1.631756e+13 -3.999857e+12 3.928267e+12 5.055864e-01 -8.597946e-01 -7.166310e-02 -1.700505e+01 0 133046
7.202236e+12 9.683689e+12 -1.468505e+13 -2.293706e-01 3.258128e-02 -9.727937e-01 -3.494762e+00 0 7
5.954737e+12 -1.641886e+13 -6.944357e+12 5.315428e-01 -5.649872e-01 -6.310719e-01 -4.240440e-01 0 1769864
1.316570e+13 1.598259e+13 -5.766188e+12 7.672051e-01 3.463120e-01 -5.398744e-01 -1.946223e+01 0 40195
-1.672470e+13 5.741843e+12 6.474987e+11 -9.987629e-01 1.292493e-02 -4.801622e-02 5.904229e-01 0 157894
-1.073585e+13 1.185571e+13 -1.322228e+13 -3.832238e-01 -1.853511e-01 -9.048671e-01 -8.876178e-01 0 3
1.768269e+13 1.730595e+13 -4.513925e+12 2.462831e-01 7.920019e-01 -5.586391e-01 -3.202466e+00 0 9
-1.425142e+13 -8.704333e+12 -7.256522e+12 -1.304214e-01 -9.817257e-01 1.385817e-01 3.437886e+00 0 570135
-1.358442e+13 9.482480e+12 6.383735e+12 -3.663967e-01 4.811554e-01 7.963937e-01 3.768280e+00 0 25
1.006280e+12 -3.826829e+12 1.737827e+13 4.128867e-01 -2.611266e-01 8.725466e-01 6.159853e+00 0 1181341
-1.405859e+12 -1.617602e+13 -7.198055e+12 -8.797685e-01 -3.375687e-01 -3.347458e-01 -1.998646e+01 0 3
4.489170e+12 -1.634611e+13 2.440996e+12 2.184185e-01 -9.580863e-01 -1.853752e-01 -4.400230e+00 0 915333
6.753045e+11 -1.012791e+13 -1.375023e+13 8.689728e-01 -4.563056e-01 -1.914979e-01 2.417038e+00 0 1
1.696574e+13 8.263904e+12 -9.322463e+12 7.159720e-01 4.920162e-01 -4.952818e-01 1.046734e+01 0 7
-2.965788e+12 5.001092e+12 -1.637109e+13 4.798756e-01 5.012914e-01 -7.200183e-01 3.134800e+00 0 555540
2.055005e+13 -1.768453e+13 1.146365e+13 4.202800e-01 -6.378618e-01 6.453658e-01 -1.859958e+01 0 1
5.169840e+12 -1.587107e+13 -3.872850e+12 9.094717e-01 -3.048905e-01 2.826713e-01 5.205446e+00 0 2
1.111593e+13 1.026270e+13 -8.152671e+12 5.819066e-01 2.164781e-01 -7.839145e-01 5.307899e+00 0 125797
1.738008e+12 -1.936639e+13 4.740300e+12 -5.576670e-01 -8.300267e-01 -7.953383e-03 -2.443633e+01 0 1
1.169144e+13 -5.000482e+12 -1.547862e+13 4.635294e-01 1.087858e-01 -8.793783e-01 7.396568e+00 0 936353
7.780306e+12 1.242270e+13 -8.888021e+12 5.346318e-01 8.200086e-01 -2.043398e-01 -2.167607e+00 0 241144
-3.167946e+12 1.726288e+13 3.333341e+12 4.584664e-01 7.837226e-01 4.190316e-01 -1.184222e+01 0 1820558
6.911933e+12 -7.922221e+12 -1.421282e+13 3.837508e-01 -8.891948e-01 -2.491342e-01 -3.681228e+00 0 621500
1.874789e+12 1.622210e+13 -4.622922e+12 -5.252963e-01 4.827479e-01 7.007269e-01 5.538507e+00 0 567087
-1.516521e+13 1.120055e+13 -3.945628e+12 -4.643397e-01 6.591555e-01 -5.915257e-01 2.256516e+00 0 270204
-1.965445e+13 -2.321544e+12 -6.241629e+12 -5.389935e-01 1.430672e-01 -8.300709e-01 -1.115184e+01 0 463031
1.678535e+13 4.647581e+12 -8.664035e+12 8.070932e-01 5.046022e-01 3.065571e-01 1.053809e+01 0 733247
4.682857e+12 -1.411051e+13 -9.947693e+12 -1.196837e-01 -8.924231e-01 4.350366e-01 -1.729890e+01 0 1
1.073501e+13 -1.272887e+13 8.161535e+12 5.275642e-01 -2.872371e-01 7.994816e-01 -2.171619e+00 0 6
-1.339273e+12 -1.853449e+13 -1.125729e+13 -6.188946e-01 -5.270804e-01 -5.823708e-01 -1.168301e+00 0 895665
1.754058e+13 -4.640750e+12 3.197182e+12 3.712809e-01 -9.047304e-01 2.088382e-01 -2.345180e+01 0 1
-1.503181e+13 -2.505255e+12 1.637600e+13 -2.795611e-01 -5.401735e-01 7.937621e-01 -2.516575e+00 0 5
-6.154883e+10 -1.258255e+13 1.144116e+13 -5.264892e-01 -1.625917e-01 8.344897e-01 -7.796041e+00 0 8642
-1.124377e+12 -1.677263e+13 2.848839e+12 1.322676e-01 -9.834252e-01 1.240169e-01 4.563214e+00 0 359288
-1.389266e+13 -1.546546e+13 3.741201e+12 -8.468514e-01 -3.021447e-01 4.376657e-01 -1.744484e+01 0 2040849
-8.278796e+12 -1.451838e+13 7.283444e+12 -2.689376e-01 -8.330768e-01 4.833793e-01 -3.235732e+00 0 1001770
3.558606e+12 -1.223223e+13 -1.282391e+13 8.942128e-01 -3.660917e-01 -2.576050e-01 4.739228e+00 0 187689
-1.341241e+13 7.227236e+12 -1.049079e+13 -8.618891e-01 2.705165e-01 4.289148e-01 -7.394435e+00 0 118917
-1.643064e+13 2.550780e+12 -4.769045e+12 -8.189865e-01 -3.972073e-01 -4.141104e-01 1.172551e+01 0 233467
1.144899e+13 -1.109415e+13 7.191379e+12 6.639920e-01 -2.875483e-01 -6.902395e-01 -7.066883e+00 0 1280913
-3.453019e+12 -1.138993e+13 1.263990e+13 1.127303e-01 -2.742266e-01 9.550349e-01 -3.982002e+00 0 307018
-1.502750e+13 -7.591244e+12 -7.603948e+12 -8.592873e-01 -1.772293e-01 4.798074e-01 -1.189211e+01 0 842927
-5.996366e+12 5.447091e+12 1.536090e+13 5.902958e-02 4.928823e-01 8.680913e-01 4.778116e+00 0 173800
4.187100e+12 -1.113580e+13 1.272577e+13 1.770034e-01 -4.671576e-01 8.662757e-01 6.322168e+00 0 1084523
1.335713e+12 1.464729e+13 1.131317e+13 1.562019e-01 9.248223e-01 -3.468495e-01 -7.052601e+00 0 553994
1.200757e+13 -6.094552e+12 1.102972e+13 9.362750e-01 3.130477e-01 1.593431e-01 1.433980e+00 0 920664
-1.023536e+13 -1.314670e+13 6.292119e+12 -1.881375e-01 -9.082886e-01 -3.736524e-01 4.139139e-01 0 2361283
3.886365e+12 5.329658e+12 -1.804423e+13 -4.091990e-01 2.594946e-01 -8.747678e-01 -2.586128e+00 0 400071
1.719619e+13 -4.219395e+12 -3.243464e+12 8.159027e-01 2.375756e-01 5.271249e-01 -4.133527e-01 0 763858
-9.030203e+11 -4.602071e+12 1.630026e+13 1.706172e-01 -3.114251e-02 9.848451e-01 1.194863e+00 0 1001166
2.908923e+12 -4.632685e+13 -1.926262e+12 1.243803e-02 -9.646214e-01 -2.633456e-01 -1.606213e+01 0 1
-1.691855e+13 2.086518e+12 3.954980e+11 -5.681554e-01 -7.348202e-01 3.704574e-01 1.657343e+01 0 1612423
-1.584572e+13 -9.980878e+12 5.436796e+12 -4.502810e-01 -8.023968e-01 3.916713e-01 1.734138e+01 0 6
5.484725e+12 1.946809e+12 1.750578e+13 8.399190e-01 3.765792e-01 3.907993e-01 -4.732911e+00 0 16
-6.971473e+12 -1.511332e+13 4.067677e+12 -9.007803e-02 -8.866547e-01 4.535740e-01 -3.166734e-01 0 444250
-2.194480e+13 1.624681e+13 -9.844812e+12 -7.917389e-01 4.586498e-01 -4.034723e-01 1.029811e+01 0 3229302
-1.719615e+13 9.353186e+12 -8.870107e+12 -8.757237e-01 4.611537e-01 -1.429868e-01 -6.855133e+00 0 3
1.084845e+13 -1.337768e+13 -1.910334e+12 5.839843e-01 -7.231450e-01 -3.688139e-01 -5.276684e+00 0 313037
9.376522e+11 1.657235e+13 6.637909e+12 6.420501e-02 7.371505e-01 6.726714e-01 -7.075363e+00 0 945865
3.812803e+11 -2.171204e+13 2.709129e+13 1.344482e-01 -8.572333e-01 4.970661e-01 1.265433e+01 0 375290
-1.297293e+13 -1.186563e+13 -3.266350e+12 -6.301967e-01 -4.414707e-01 -6.387142e-01 3.150073e+00 0 320069
4.167395e+11 -1.730883e+13 1.020026e+12 6.656649e-01 -5.836800e-01 4.649815e-01 4.739299e+00 0 751468
5.849394e+10 -9.027603e+12 1.542936e+13 2.762040e-01 2.001806e-01 9.400208e-01 -1.842399e+00 0 590533
-2.116100e+13 7.260061e+12 -4.802854e+12 -9.164101e-01 3.413183e-01 2.090318e-01 -5.528360e+00 0 225862
-3.061755e+12 8.135535e+11 -1.681795e+13 8.559364e-01 -1.630896e-01 -4.906879e-01 -1.084558e+01 0 551360
-7.075083e+12 -6.323693e+12 -1.552528e+13 -3.309629e-01 5.591437e-01 -7.601460e-01 1.039004e+00 0 1020767
-2.715110e+12 -1.880383e+13 -2.488718e+11 2.928198e-01 -6.979023e-01 -6.535969e-01 -6.394664e+00 0 2
-1.256538e+13 8.824798e+12 -1.561370e+13 -1.538301e-01 4.138485e-01 -8.972545e-01 -9.922429e+00 0 7
8.792779e+12 1.326611e+13 8.203106e+12 -3.471576e-01 8.278586e-01 4.406039e-01 1.473093e-01 0 4
-1.057721e+13 1.325682e+13 2.941876e+12 6.405756e-02 9.876633e-01 1.428909e-01 -2.067287e+01 0 10
1.224623e+12 1.794790e+13 -8.026798e+12 -6.934009e-01 7.122744e-01 1.089054e-01 2.088773e+01 0 5
-3.286674e+12 -1.571982e+13 -6.357254e+12 -3.535525e-01 -9.306060e-01 9.472664e-02 -7.669370e+00 0 119523
1.150320e+13 -9.885932e+12 -8.036702e+12 4.804898e-01 -8.268839e-01 2.922199e-01 9.253076e+00 0 3
-1.164656e+13 9.573711e+12 -1.289079e+13 -6.072371e-01 7.278346e-01 -3.186219e-01 7.704739e-01 0 228080
-5.311066e+12 1.320388e+13 1.029562e+13 -8.976988e-01 9.303294e-02 4.306760e-01 7.627100e+00 0 5
-1.420566e+13 7.265134e+12 1.147025e+13 -2.794864e-01 -4.075990e-01 8.693391e-01 -9.878009e-01 0 1091442
-6.429964e+12 1.657786e+13 -5.754181e+10 -2.333123e-01 7.877571e-01 -5.700913e-01 -5.262590e+00 0 818821
4.763163e+12 -1.060286e+13 1.296504e+13 5.698235e-01 -3.348733e-01 7.504406e-01 1.290013e+01 0 7
2.303200e+12 2.142737e+13 -1.340739e+13 2.358232e-01 9.709844e-01 -3.970693e-02 -1.032736e+01 0 6
-1.734852e+13 -5.429474e+11 1.094092e+13 -7.554850e-01 6.548896e-01 -1.902806e-02 -1.812476e+01 0 109435
1.082185e+13 -1.743272e+13 1.044153e+12 -6.432014e-02 -9.307516e-01 3.599504e-01 -3.895055e+00 0 6
9.764277e+12 -1.571305e+13 8.838057e+12 3.372709e-01 -5.289146e-01 7.787796e-01 -4.783057e+00 0 69075
-1.327097e+13 -1.124615e+13 -1.397348e+12 -8.027660e-01 -3.959809e-01 -4.458317e-01 -6.524014e+00 0 265269
2.969173e+12 9.404642e+12 1.449661e+13 -7.669366e-01 4.367874e-01 4.701330e-01 1.347417e+01 0 390757
-8.598411e+12 -1.209263e+13 8.317320e+12 1.731249e-01 -6.548073e-01 7.357004e-01 2.913820e+00 0 90943
3.926976e+12 8.322509e+12 -1.466804e+13 -3.450227e-01 9.134341e-01 -2.158644e-01 -9.362992e-01 0 521632
2.890453e+11 -1.726125e+13 -3.858181e+12 -2.908135e-01 -5.518565e-01 -7.815893e-01 -1.450636e+01 0 3
-1.058802e+13 1.607623e+13 -1.256118e+12 -5.652815e-01 5.839288e-01 -5.826526e-01 9.806686e+00 0 543904
1.482433e+13 8.154181e+12 7.702082e+12 9.599333e-01 9.438744e-02 2.638543e-01 -1.045730e+01 0 144552
-1.431337e+13 4.592121e+12 1.342090e+13 -2.196260e-01 8.911006e-01 3.971197e-01 -1.857920e+01 0 168255
4.213114e+12 -1.624159e+13 1.189412e+13 5.272341e-01 -5.908597e-01 6.106628e-01 -4.732426e+00 0 3
7.412060e+12 3.587952e+12 2.281103e+13 1.881773e-01 1.767446e-01 9.661007e-01 -8.469910e+00 0 6
1.329562e+13 3.101145e+12 -1.051379e+13 7.527490e-01 6.942147e-02 -6.546370e-01 -5.286074e+00 0 271676
9.887156e+12 -3.844916e+12 1.431237e+13 7.155276e-01 2.643093e-01 6.466535e-01 7.921534e+00 0 31695
8.731271e+12 -1.246214e+13 -8.682589e+12 3.621936e-01 7.693733e-02 -9.289222e-01 -1.727196e+00 0 2209246
1.339708e+13 8.915487e+12 7.418514e+12 6.372506e-01 7.632455e-01 -1.066210e-01 9.415915e+00 0 1
-6.289643e+12 -1.555190e+13 3.655964e+12 -4.456766e-01 -8.767617e-01 1.807244e-01 -8.957810e+00 0 385031
-1.269062e+12 -1.115956e+13 1.566200e+13 2.777190e-01 -7.010397e-01 6.568223e-01 8.055226e+00 0 625359
-2.439218e+09 -9.008987e+11 1.849915e+13 -8.651731e-01 -2.804416e-01 4.157260e-01 1.151911e+01 0 820647
-1.331137e+13 -9.653012e+12 -9.043247e+12 -5.856468e-01 -6.449579e-01 -4.909656e-01 -8.635985e+00 0 9
-2.010929e+13 -3.827417e+12 5.614265e+12 -7.990484e-01 -2.962797e-01 5.232017e-01 -5.951497e+00 0 1240918
1.157659e+13 1.146723e+13 -1.127349e+13 6.307013e-01 5.984557e-01 -4.940310e-01 -1.218542e+01 0 7
-1.672438e+13 -2.278054e+11 3.597802e+12 -3.892822e-01 -8.849166e-01 -2.556990e-01 8.915099e-01 0 1
-9.262041e+12 -7.066962e+09 -1.422168e+13 -1.739927e-01 2.573163e-01 -9.505340e-01 2.250558e+00 0 6822
1.558573e+13 4.320826e+12 8.308564e+12 4.555941e-01 5.447220e-01 7.040681e-01 -5.279496e+00 0 2
-1.884376e+13 -2.204283e+12 -4.965065e+12 -9.596236e-01 -2.531832e-01 -1.225593e-01 -1.299362e+00 0 743710
1.473467e+13 5.535387e+12 6.391315e+12 6.388649e-01 7.672704e-01 -5.610543e-02 1.235982e+01 0 6
-4.366410e+12 -4.799272e+12 -1.643853e+13 8.980506e-02 -3.123456e-01 -9.457142e-01 1.592154e+01 0 14
1.264206e+13 -6.310002e+12 -9.488802e+12 5.165137e-01 -7.297291e-01 -4.480057e-01 2.825177e+00 0 3
-1.240102e+13 1.281118e+13 1.011531e+12 -3.956224e-01 5.384903e-01 -7.439833e-01 8.251946e+00 0 14
1.621074e+13 -4.370720e+12 -4.853314e+12 8.742426e-01 -4.652193e-01 -1.388196e-01 -1.235737e+01 0 1
-2.786540e+11 1.340295e+13 -1.277769e+13 -2.417896e-01 6.937802e-01 -6.783854e-01 -8.189197e+00 0 251389
2.185023e+13 1.134705e+12 -4.939207e+12 9.361258e-01 -2.447718e-01 -2.524980e-01 2.505864e+00 0 457439
6.983305e+12 -1.352152e+13 -8.922555e+12 3.975459e-01 -8.529275e-01 -3.383371e-01 -7.982205e+00 0 10
1.710984e+13 7.028502e+12 -1.249305e+12 7.067008e-01 -5.516031e-01 -4.430666e-01 -1.319499e+00 0 13
2.802222e+12 1.003076e+13 1.477620e+13 5.397803e-02 5.268413e-01 8.482479e-01 7.723136e+00 0 763867
5.476100e+12 -1.410489e+13 8.594642e+12 5.682244e-01 -2.932859e-01 7.688332e-01 -1.844949e+00 0 65746
-1.298233e+13 1.770693e+13 -3.885411e+12 -3.111213e-01 8.856559e-01 -3.446987e-01 -1.361014e+01 0 729028
-1.622199e+13 -1.011482e+13 -2.818475e+12 -9.673390e-01 -2.085351e-01 -1.441126e-01 2.362215e+00 0 2483711
6.324129e+12 7.347231e+12 -2.067174e+13 -2.080547e-01 7.132731e-02 -9.755130e-01 -6.294556e+00 0 4
-4.806211e+12 -9.255945e+12 1.411022e+13 4.532876e-01 -2.012668e-01 8.683444e-01 1.442897e+01 0 1036544
-1.518394e+13 -4.517943e+12 -1.019614e+13 -9.890670e-01 1.194546e-01 -8.647026e-02 -1.478963e+01 0 1
6.539926e+12 -1.646094e+13 7.658937e+12 -9.853905e-02 -8.271055e-01 5.533413e-01 -1.696528e+01 0 202342
1.181636e+13 -1.623536e+13 2.534879e+12 6.293802e-01 -3.764516e-01 6.798270e-01 2.107645e-01 0 160589
-5.283152e+12 -8.075368e+12 1.574809e+13 -3.741718e-01 -2.005721e-02 9.271425e-01 -8.934678e+00 0 851920
1.555839e+13 -7.651054e+12 2.896784e+11 6.911714e-01 4.772978e-01 -5.426499e-01 1.504907e+01 0 82640
-1.912435e+13 6.960180e+12 2.037339e+12 -9.521565e-01 2.736322e-01 -1.361006e-01 9.132433e+00 0 531791
1.132230e+13 1.505751e+13 7.445998e+11 6.853241e-01 3.597345e-01 -6.331840e-01 -1.097570e+01 0 722105
-1.633414e+13 -1.110604e+13 1.064430e+13 -5.827098e-01 -8.126624e-01 -5.393801e-03 1.434698e+01 0 581396
1.050697e+13 6.567331e+12 -1.442474e+13 7.684623e-01 4.199385e-01 -4.828223e-01 -1.121247e+01 0 641214
-1.197500e+13 -1.434446e+13 -1.206819e+13 -1.072300e-01 -7.718443e-01 -6.267041e-01 8.528999e-01 0 105069
-1.339522e+13 5.517692e+12 -1.149630e+13 -8.263023e-01 -1.530850e-01 -5.420235e-01 1.623125e+00 0 794005
-1.595584e+13 6.514846e+12 1.160444e+12 -7.238820e-01 6.078674e-01 3.263314e-01 -8.574409e+00 0 30039
-1.804986e+13 -3.021567e+12 2.472600e+12 -6.108396e-01 -7.716761e-01 -1.771751e-01 5.099065e+00 0 10080
-6.755356e+12 1.583195e+13 -3.229326e+11 6.932012e-01 6.106501e-01 3.828558e-01 -2.421350e+01 0 1
-1.255309e+12 -1.681560e+13 -6.846983e+12 -1.303822e-01 -9.714119e-01 -1.983919e-01 3.299957e+00 0 450117
1.369366e+13 -4.657539e+12 -1.490504e+13 8.379393e-01 -4.650916e-01 -2.855653e-01 -1.122963e+01 0 723211
-2.750358e+12 -1.500771e+13 -1.362598e+13 -4.183558e-01 -5.242027e-01 -7.417479e-01 -1.063595e+01 0 752515
1.501419e+13 5.749954e+12 -1.000815e+13 7.373419e-01 5.318554e-01 -4.164815e-01 -4.918052e+00 0 189042
-8.344693e+12 1.429068e+13 -3.987402e+12 -2.357424e-01 9.038183e-01 3.571247e-01 -7.414072e+00 0 956385
8.012732e+12 1.137556e+12 -1.646302e+13 -1.638039e-01 -7.024516e-02 -9.839888e-01 5.080649e+00 0 1
9.327886e+12 -4.293286e+12 -1.350466e+13 -5.262728e-01 -5.774921e-01 -6.241313e-01 -2.325599e+00 0 613751
-1.169676e+13 -5.498416e+12 1.122627e+13 3.110538e-02 -9.943850e-01 -1.011483e-01 1.380508e+01 0 251594
-7.050928e+11 -1.842382e+13 -1.275139e+12 4.917791e-01 -6.812830e-01 5.422240e-01 1.615317e+01 0 2449816
9.322365e+12 -1.504356e+13 -6.116813e+12 6.255613e-01 -5.055453e-02 -7.785353e-01 -1.113840e+00 0 349448
-2.102136e+13 7.597983e+12 1.736773e+12 -8.783669e-01 -1.063916e-01 4.659962e-01 1.984072e+01 0 499584
1.576925e+13 -1.374278e+12 1.214595e+13 8.681436e-01 2.782037e-01 4.110101e-01 4.709649e-01 0 1592381
1.398036e+13 -1.020383e+13 1.034831e+12 9.043141e-01 -4.179417e-01 -8.683737e-02 -5.355660e-02 0 568685
1.129641e+13 -5.550237e+12 1.385054e+13 9.244744e-01 2.015326e-03 3.812387e-01 1.448698e+01 0 295749
9.281661e+12 -2.873582e+13 -5.794603e+12 9.094360e-02 -9.705435e-01 -2.231023e-01 1.345569e+00 0 457754
-1.326490e+13 4.362893e+12 -1.112922e+13 -8.968346e-01 2.524063e-01 -3.632888e-01 8.569497e+00 0 1842685
7.719264e+12 -8.851607e+12 2.019716e+13 4.577919e-01 -6.174171e-01 6.397052e-01 -1.019580e+01 0 65077
-1.612221e+13 -4.022110e+12 -3.723538e+12 -5.983732e-01 3.945776e-02 -8.002454e-01 -7.622569e+00 0 12
2.088977e+12 -1.702333e+13 -2.460219e+12 -1.713707e-02 -4.473683e-01 -8.941856e-01 -1.094137e+01 0 3
1.258786e+13 9.786633e+12 -8.513707e+12 8.376540e-01 5.249175e-01 1.509877e-01 -8.479700e+00 0 88879
1.017098e+13 8.610004e+12 -1.456969e+13 9.259916e-01 -1.360811e-01 -3.521668e-01 -1.629277e+01 0 65661
8.897625e+11 -2.084920e+13 2.711020e+10 -7.356823e-02 -9.775498e-01 1.974441e-01 5.885476e+00 0 49317
-5.411754e+12 1.647936e+13 -3.963118e+12 -8.277380e-01 4.506283e-01 -3.343410e-01 2.470191e+01 0 4
9.529148e+12 9.870898e+12 -1.351482e+13 3.585532e-01 2.135536e-01 -9.087543e-01 -1.022176e+01 0 210974
-1.033261e+13 -4.083695e+12 1.297047e+13 -4.929630e-01 -5.326822e-01 6.879223e-01 6.405156e+00 0 1167927
-3.329293e+11 2.412232e+12 -2.116138e+13 2.564692e-01 -3.021953e-01 -9.180967e-01 -1.011535e+01 0 969799
1.113790e+12 9.391602e+12 1.437743e+13 -3.580793e-01 3.232172e-02 9.331316e-01 -2.478188e+00 0 379572
-2.272863e+12 -6.647153e+12 -1.589809e+13 -3.499537e-01 -1.509723e-01 -9.245214e-01 2.572046e+00 0 1085624
4.988228e+09 -1.905322e+13 1.046315e+13 1.563350e-01 -9.866207e-01 4.624963e-02 -5.180135e+00 0 1898069
-2.165670e+13 1.492649e+13 1.024705e+13 -9.309641e-01 3.637048e-01 3.201099e-02 -5.749046e+00 0 2
-8.958818e+12 -2.205219e+12 1.569175e+13 -6.286279e-01 -3.611390e-01 6.887711e-01 7.396139e+00 0 1009865
-1.781564e+13 -2.664107e+12 -8.825248e+12 -7.594956e-01 4.758039e-01 -4.435956e-01 -1.651958e+01 0 3
-1.558347e+13 6.656036e+12 4.963766e+12 -8.441273e-01 -2.841063e-01 -4.546787e-01 7.809860e+00 0 295134
5.178741e+12 -1.584649e+13 -5.597447e+12 3.037845e-01 -3.773703e-01 -8.748180e-01 1.047192e+01 0 976300
-7.852537e+11 -1.760135e+13 -2.658930e+12 -7.541340e-01 -5.372337e-01 -3.777062e-01 -1.618726e+01 0 86288
-1.797778e+12 -9.811813e+12 1.398005e+13 -9.224071e-01 -2.006950e-01 3.299797e-01 -1.135193e+01 0 265878
-2.609998e+12 2.263777e+12 -2.122499e+13 -4.591003e-01 -1.201326e-01 -8.802244e-01 1.149310e+01 0 430582
-1.519069e+13 8.555323e+12 -8.386766e+12 -5.616326e-01 7.263359e-01 3.962386e-01 3.747463e+00 0 135755
-6.361711e+12 4.689421e+12 -1.559753e+13 2.379056e-01 3.448150e-01 -9.080218e-01 -3.147492e-01 0 1486397
1.395539e+13 1.107540e+13 -5.812792e+12 8.191744e-01 4.754431e-01 -3.207916e-01 -5.306372e+00 0 3
1.559464e+13 -2.699037e+12 8.899950e+12 4.862330e-01 2.193396e-01 8.458532e-01 9.733486e+00 0 1072726
-1.592434e+13 -2.617520e+12 -6.817546e+12 -5.443473e-01 4.991756e-01 -6.741734e-01 -1.542011e+01 0 150326
-6.131724e+12 5.915581e+12 -1.552010e+13 -5.371952e-01 5.495812e-01 -6.398296e-01 -6.353458e+00 0 474891
1.513137e+13 3.753194e+12 -7.932182e+12 9.486142e-01 2.359316e-01 2.108729e-01 -5.075279e+00 0 228239
1.597299e+13 -6.884088e+12 -6.766840e+12 6.188284e-01 -1.245089e-01 -7.755958e-01 -4.405208e+00 0 10
1.537148e+13 1.579482e+13 -6.926691e+12 7.426875e-01 6.633183e-01 -9.178333e-02 7.885213e+00 0 1212186
-8.592382e+12 1.647347e+13 8.632784e+12 -2.471264e-01 9.671690e-01 -5.926865e-02 6.145938e+00 0 11
1.012047e+13 -1.864223e+13 1.428128e+13 1.476019e-01 -9.659694e-01 2.124071e-01 2.103885e+00 0 1
2.153516e+13 -3.673576e+12 1.349412e+13 9.998540e-01 -1.625451e-02 -5.276996e-03 -6.077263e+00 0 2
-1.438685e+13 -6.455837e+12 6.845988e+12 -4.217798e-01 -8.051114e-01 4.170101e-01 1.238292e+01 0 71027
-1.618523e+13 5.038338e+12 2.665627e+12 -9.449934e-01 -2.577537e-01 2.013715e-01 1.303413e+01 0 877375
-3.064702e+12 -1.254352e+13 -1.392993e+13 -1.531358e-01 -9.440081e-01 -2.922296e-01 7.432689e+00 0 962563
-1.042082e+13 -2.114760e+13 1.619673e+13 -4.595835e-01 -6.247337e-01 6.312612e-01 1.088402e+01 0 6
1.281435e+12 1.205871e+13 -1.185809e+13 3.606061e-01 5.861254e-01 -7.255483e-01 -2.080294e+00 0 41944
2.473835e+13 -1.412878e+12 -1.291459e+13 9.471469e-01 3.043947e-01 -1.012751e-01 4.170868e-01 0 354737
-9.108265e+12 2.508266e+12 -1.482890e+13 -4.050208e-01 1.373410e-01 -9.039334e-01 3.686913e+00 0 4
-1.199852e+13 -1.101586e+13 5.484721e+12 -7.632035e-01 -6.461139e-01 -7.560304e-03 -5.167083e+00 0 158981
-1.514104e+13 8.111780e+12 -1.230717e+13 -6.661285e-01 5.307840e-01 -5.239668e-01 -1.323611e+01 0 1
6.480714e+12 -2.793716e+13 -7.186170e+12 7.618787e-02 -9.631206e-01 2.580583e-01 4.538537e+00 0 1
1.209080e+13 -3.510882e+13 -7.831748e+11 4.738684e-01 -8.700500e-01 -1.358738e-01 1.012031e+01 0 1
5.367298e+11 6.410325e+12 -1.868098e+13 6.529072e-02 -1.010406e-01 -9.927376e-01 5.656864e+00 0 25404
-6.043267e+12 1.788348e+13 -5.081585e+12 -1.346747e-01 9.894752e-01 5.292967e-02 -1.040220e+01 0 130708
-4.522873e+12 -8.966993e+12 1.851858e+13 -1.100989e-01 -3.068049e-01 9.453830e-01 1.049080e+01 0 756
4.863944e+12 1.341854e+13 -1.153802e+13 6.011459e-01 7.980215e-01 -4.225296e-02 -9.846156e+00 0 71369
8.121877e+12 1.365609e+13 -8.398963e+12 2.080156e-01 -2.592911e-01 -9.431318e-01 5.735005e+00 0 6
3.602173e+13 -1.830747e+13 9.405917e+12 8.220885e-01 -3.506918e-01 4.485373e-01 1.420170e+01 0 2
6.116674e+11 -2.076423e+13 -2.864387e+12 -3.056825e-01 -8.989441e-01 3.137796e-01 1.591597e+00 0 1177961
-7.167492e+12 -1.443018e+12 -1.807792e+13 -3.670571e-01 -7.761976e-01 -5.126269e-01 1.192390e+01 0 194048
-1.904524e+13 2.959224e+12 6.963885e+12 -7.257789e-01 -3.299035e-01 6.036627e-01 1.200138e+01 0 302989
1.425398e+13 -8.721526e+12 -3.355344e+12 5.855245e-01 -7.004291e-02 -8.076231e-01 1.172180e+01 0 399538
1.206236e+13 -1.276550e+13 8.888112e+12 8.398499e-01 2.272867e-01 4.929430e-01 1.793531e+01 0 49028
-7.108650e+12 -1.985596e+12 1.724664e+13 -2.971444e-01 8.096807e-01 5.060854e-01 -1.596940e+01 0 1
1.799463e+13 4.296801e+12 5.119676e+12 6.060228e-01 3.180525e-01 7.290946e-01 -3.684498e+00 0 802422
-6.051612e+10 -7.778600e+12 1.520811e+13 1.957451e-01 -8.445967e-01 4.983375e-01 -3.317069e+00 0 725017
-3.861528e+12 -1.405555e+12 -1.748050e+13 1.998421e-01 2.284398e-01 -9.528265e-01 5.750555e+00 0 1319011
-6.015923e+12 -1.616723e+13 1.522962e+12 -7.756974e-01 -6.310356e-01 -9.357765e-03 -1.496851e+01 0 131891
1.424459e+13 8.900416e+12 2.253602e+13 8.886778e-01 -2.915548e-02 4.576043e-01 -1.641529e+01 0 881957
3.946461e+13 7.783960e+12 -1.212961e+12 9.603092e-01 2.138568e-01 1.790852e-01 8.364671e+00 0 2333849
1.475478e+13 6.424729e+12 7.301991e+12 8.897805e-01 -3.195901e-01 3.258110e-01 -1.384668e+01 0 2
-8.965190e+11 -1.711872e+13 1.570465e+13 -4.251641e-02 -4.286089e-01 9.024892e-01 -6.574121e+00 0 1909302
1.464656e+13 -5.538485e+12 6.618502e+12 3.698430e-01 -3.136506e-03 9.290890e-01 -2.091562e+00 0 560881
-1.600669e+13 -5.271746e+12 6.168263e+12 -7.189011e-01 -6.900169e-01 -8.401099e-02 -1.733145e+00 0 3
-3.888359e+12 1.644902e+13 -8.431702e+12 -7.157505e-01 2.917616e-01 -6.344891e-01 1.615533e+01 0 3
1.086997e+13 1.218554e+13 6.293880e+12 1.245824e-01 9.841512e-01 -1.261966e-01 2.507594e+00 0 259811
-1.934206e+12 -7.213126e+12 -1.537584e+13 7.098275e-01 4.643101e-01 -5.296801e-01 6.412740e+00 0 1
1.507242e+13 1.052364e+13 -4.219887e+12 9.793946e-01 -1.357682e-01 1.495100e-01 -2.082548e+01 0 78729
-1.793219e+13 -5.532389e+12 -2.431633e+12 -8.698988e-01 -2.615685e-01 -4.181602e-01 -8.926763e+00 0 560943
-1.717030e+13 1.669507e+13 -1.166753e+13 -8.860836e-01 4.962497e-02 -4.608614e-01 3.083861e+00 0 10
-1.454208e+13 6.754993e+12 6.191510e+12 -8.407408e-01 -3.264497e-02 5.404528e-01 1.191120e+01 0 103985
4.589818e+12 -1.312388e+13 -1.130061e+13 1.170929e-01 8.139122e-02 -9.897801e-01 -4.847748e+00 0 4
1.700676e+13 1.645524e+12 -1.796777e+12 8.046515e-01 5.925272e-01 3.804604e-02 8.642805e+00 0 39098
1.325539e+13 1.151918e+13 -2.156717e+12 6.006763e-01 7.261110e-01 3.345906e-01 1.014751e+01 0 11
-1.315398e+13 8.331600e+12 -8.453890e+12 -4.198818e-01 6.214850e-01 -6.614043e-01 -7.289947e+00 0 4
-2.239878e+13 -2.351147e+13 -7.975677e+12 -5.427516e-01 -8.353136e-01 8.758926e-02 1.383328e+01 0 1556686
8.100685e+12 6.544644e+12 -1.585373e+13 3.668917e-01 5.428086e-01 -7.554795e-01 7.793846e+00 0 2
-1.052664e+13 1.395785e+13 3.301387e+12 -3.568293e-01 9.149485e-01 1.885262e-01 2.109489e+00 0 502202
-1.180902e+12 1.630509e+13 -7.295886e+12 -4.010581e-03 1.970539e-01 -9.803845e-01 4.142212e+00 0 546854
2.187091e+12 -6.787128e+12 1.649528e+13 5.576358e-02 3.243559e-01 9.442901e-01 -6.444234e+00 0 1901623
-2.319414e+12 -1.209627e+13 2.943301e+13 1.020993e-01 -4.323974e-01 8.958840e-01 -8.156694e+00 0 4
3.776025e+12 1.470465e+13 9.792261e+12 -1.822562e-01 7.798939e-01 5.987890e-01 1.163765e+01 0 20275
1.025445e+13 -1.529596e+13 -9.855564e+11 4.972364e-01 -8.601142e-01 -1.138400e-01 6.329859e+00 0 2296140
1.009391e+13 1.686208e+13 9.891207e+12 1.644691e-01 9.374603e-01 3.067868e-01 1.375862e+01 0 1104956
-1.826423e+13 5.960712e+11 1.005128e+13 -4.280943e-01 5.278901e-01 7.335307e-01 -1.652301e+01 0 629500
1.828299e+12 1.683346e+13 2.825228e+12 -7.329909e-02 5.249644e-01 8.479620e-01 -2.021027e+00 0 5
-7.929136e+12 4.761180e+12 1.681215e+13 -5.581083e-01 3.530786e-01 7.508999e-01 6.106919e+00 0 1094908
6.177488e+12 -1.589673e+13 -4.082342e+11 -3.400834e-01 -9.234683e-01 -1.776222e-01 -1.772565e+01 0 10
6.508845e+12 -1.445336e+13 -8.181747e+12 7.870542e-01 -5.803968e-01 -2.090101e-01 1.806069e+00 0 63475
1.698845e+13 2.150701e+11 -5.683728e+10 6.923754e-01 -7.161883e-01 -8.769621e-02 -8.022924e+00 0 94732
-7.174457e+12 -1.375432e+13 8.052600e+12 -8.534472e-01 -4.689037e-01 2.275022e-01 -1.007129e+00 0 2
-2.853787e+12 2.552125e+13 -1.429562e+13 7.310779e-02 9.726128e-01 -2.206345e-01 -1.172076e+01 0 11
8.464722e+12 1.473065e+13 3.793468e+12 5.386070e-01 1.619530e-01 8.268457e-01 -9.211363e-01 0 135683
-1.619530e+13 2.439977e+12 9.190685e+12 -6.954604e-01 -4.037296e-01 5.944218e-01 1.519692e+01 0 707841
-1.389031e+13 1.145237e+13 3.405819e+11 -5.668078e-01 5.426287e-01 6.199056e-01 4.178487e+00 0 270012
2.779752e+12 2.500461e+13 -4.183149e+12 2.318841e-01 9.493300e-01 -2.121374e-01 -1.212871e+01 0 1
2.551283e+12 2.422451e+12 2.363887e+13 1.130644e-01 2.986352e-01 9.476463e-01 1.104457e+01 0 14
1.379907e+13 -9.925801e+12 4.545106e+12 6.922423e-01 -5.543002e-01 4.621168e-01 -1.337453e+01 0 8
1.417725e+13 -1.418997e+13 5.891317e+12 5.515955e-01 -2.307890e-01 8.015478e-01 -4.827838e+00 0 322982
-8.649560e+12 -1.060827e+13 1.167971e+13 4.174297e-01 -3.455264e-01 8.404546e-01 -6.125681e-01 0 1
1.182859e+13 1.418096e+13 7.623119e+12 3.179584e-01 5.261983e-01 7.886811e-01 -7.666024e+00 0 1
-1.844361e+13 -1.700078e+13 2.427321e+12 -6.465220e-01 -7.547163e-01 1.114113e-01 -5.228307e+00 0 85605
1.519139e+13 5.079214e+12 -5.897749e+12 6.256274e-01 -7.785442e-01 -4.959121e-02 -9.604892e+00 0 1
1.016340e+13 -7.481450e+12 -1.155252e+13 8.104704e-01 -5.641726e-01 1.576295e-01 1.313176e+01 0 5
-1.670361e+13 9.678255e+11 3.840004e+12 -5.521664e-01 -1.267922e-01 8.240364e-01 7.767062e+00 0 1003985
6.573362e+12 -1.324479e+13 8.802589e+12 -3.219151e-01 -9.467462e-01 6.501487e-03 -1.667601e+01 0 264889
-1.359871e+13 -3.022636e+12 1.002597e+13 -7.735670e-01 -5.095961e-01 3.767039e-01 1.315074e+01 0 16
1.554286e+13 -1.064757e+13 -3.538823e+12 3.714417e-01 -9.153778e-01 -1.552884e-01 2.365958e+00 0 2
6.516145e+11 1.530611e+13 7.510270e+12 -4.406684e-02 9.860291e-01 -1.606383e-01 6.305788e+00 0 6
6.407974e+12 6.496508e+12 1.451031e+13 -1.606279e-01 9.870010e-01 -5.254212e-03 1.440277e+01 0 7
5.861950e+11 1.056385e+13 1.671754e+13 -4.824063e-01 -5.376266e-02 8.742961e-01 1.478129e+01 0 5
-5.494915e+12 -1.556620e+13 -1.106845e+13 -3.594364e-02 -3.069599e-01 -9.510435e-01 -7.570775e+00 0 4
-1.358954e+13 -1.022124e+13 -4.514054e+12 -5.765563e-01 -4.075169e-01 7.081757e-01 -9.168947e+00 0 1083860
1.365506e+13 -1.829463e+12 1.409660e+13 3.613851e-01 -2.121811e-01 9.079537e-01 2.141897e+00 0 1378728
1.222167e+13 1.977647e+12 1.932887e+13 6.169271e-01 -2.608581e-01 7.425321e-01 -1.507045e+01 0 21
-1.308555e+13 1.173099e+13 1.281634e+12 -5.728063e-01 5.465087e-01 6.109183e-01 6.445751e+00 0 1107023
-1.816654e+13 -6.962899e+11 -2.373294e+12 -6.670487e-01 4.973113e-01 -5.547320e-01 -1.464567e+01 0 280502
-1.122052e+13 -2.830534e+13 -1.448801e+13 -2.204471e-01 -7.118755e-01 -6.668106e-01 -1.122103e+01 0 7
8.304412e+12 -1.564727e+13 -8.240739e+12 -3.053690e-01 -9.414924e-01 1.426248e-01 -2.229929e+01 0 1
-1.347285e+12 8.454488e+12 1.629184e+13 -1.961753e-01 1.394343e-01 9.706046e-01 1.535590e+01 0 659751
-1.672313e+12 -4.120958e+12 -1.826692e+13 -7.137263e-01 2.230618e-01 -6.639565e-01 -1.086302e+01 0 871544
-1.355249e+13 8.778811e+12 -7.270797e+12 -7.441541e-01 -7.723258e-02 -6.635284e-01 1.354031e+00 0 624817
3.242849e+12 -1.471651e+13 1.229247e+13 6.187390e-01 -7.544866e-01 2.188883e-01 1.447610e+01 0 2
-3.542543e+12 1.207389e+13 1.287306e+13 -1.395487e-01 3.152882e-01 9.386797e-01 6.649053e+00 0 1
-9.454844e+11 -1.547210e+13 1.611365e+13 1.179736e-01 -6.934067e-01 7.108230e-01 8.177781e+00 0 141669
2.195534e+13 -7.242283e+12 -3.939540e+12 9.905580e-01 4.527775e-02 1.294019e-01 1.413215e+01 0 231782
-6.340477e+12 -5.503122e+12 1.521033e+13 -5.702828e-01 -2.900666e-01 7.685304e-01 -6.809270e+00 0 454254
4.815214e+12 -3.235067e+12 -1.640917e+13 4.935792e-01 -4.330948e-01 -7.541939e-01 3.272322e+00 0 12212
7.481031e+12 -1.650552e+13 2.063929e+12 7.781532e-01 -1.148861e-01 6.174778e-01 -2.396105e+00 0 2
-1.691162e+13 -1.771202e+13 -4.642778e+12 -5.652231e-01 -5.408300e-01 -6.229171e-01 4.518648e+00 0 652965
1.314052e+12 1.711010e+13 1.452622e+12 -8.156600e-01 5.612203e-01 -1.404656e-01 4.531195e+00 0 17623
5.806897e+12 -1.143575e+13 1.257989e+13 2.153547e-01 -4.703262e-01 8.558128e-01 5.612117e+00 0 62128
-7.664673e+12 6.535059e+12 1.381925e+13 -4.280057e-01 6.138678e-01 6.633080e-01 -8.465070e+00 0 160744
1.811768e+13 5.415833e+12 3.024160e+12 9.826565e-01 8.440830e-02 -1.651101e-01 -9.470266e+00 0 607661
1.522920e+13 7.258210e+12 7.235074e+12 5.475093e-01 3.499520e-01 7.601100e-01 6.853612e+00 0 11
1.215104e+13 -1.662630e+13 5.502546e+12 2.594142e-01 -9.615961e-01 -8.965022e-02 -1.693999e+01 0 2230216
-1.705203e+13 -1.967484e+12 4.660341e+11 -9.362300e-01 -2.323909e-01 2.635674e-01 -5.109187e+00 0 681660
1.201809e+13 -1.325737e+13 6.622964e+11 1.005154e-01 -8.987868e-01 4.267070e-01 -1.994617e+01 0 663177
2.287431e+12 1.469033e+13 9.682205e+12 5.679271e-01 7.932999e-01 2.193948e-01 -2.712062e+00 0 246118
1.602738e+13 5.628395e+12 -4.221841e+12 9.110956e-01 -4.674633e-02 -4.095358e-01 -1.567920e+00 0 160749
-1.340446e+13 4.200858e+12 -9.724777e+12 -7.950234e-02 8.477403e-01 -5.244194e-01 -7.716661e+00 0 6295
3.743356e+12 1.358936e+13 1.061905e+13 -6.457861e-01 3.033799e-01 7.006575e-01 1.904382e+01 0 1
-1.757526e+13 2.369395e+13 7.555738e+12 -4.805587e-01 8.088918e-01 3.387586e-01 -1.009023e+01 0 123300
4.164012e+12 1.519120e+13 -6.393152e+12 7.676055e-01 6.352410e-01 8.515139e-02 -1.167154e+01 0 15873
-5.985458e+12 1.761803e+13 -2.421660e+12 -3.600279e-01 8.643419e-01 -3.511311e-01 9.244908e+00 0 684262
1.235959e+13 3.102826e+12 1.955286e+13 5.758528e-01 1.715241e-01 7.993579e-01 -1.081302e+01 0 146747
1.117108e+12 -4.598688e+12 -1.661293e+13 6.484875e-01 -7.345327e-01 -1.998141e-01 -4.810951e+00 0 2169459
-1.391665e+12 -1.557729e+12 1.895121e+13 -5.865707e-01 1.583602e-02 8.097432e-01 4.517517e+00 0 360001
6.396127e+12 4.417842e+12 -2.417129e+13 5.729014e-01 -8.953562e-02 -8.147192e-01 7.240153e+00 0 319354
8.959517e+12 -1.714610e+13 -1.793156e+12 5.883018e-01 -6.984372e-01 -4.075370e-01 -6.767873e+00 0 673652
2.359553e+12 2.941407e+13 -1.204223e+12 -1.822207e-01 9.446941e-01 -2.726697e-01 1.787739e+01 0 585255
1.335517e+13 -1.091170e+13 -2.771798e+12 8.636061e-01 -4.585539e-01 2.095539e-01 -6.442811e+00 0 1142
4.941302e+11 1.689232e+13 5.032405e+12 8.171005e-01 5.574620e-01 -1.469110e-01 -7.636453e+00 0 3
-1.295073e+13 -9.490503e+12 1.179561e+13 -9.133629e-01 -1.470615e-01 3.796592e-01 -2.767242e+00 0 9
-1.236505e+13 8.137970e+12 -1.156869e+13 -4.936751e-01 8.237342e-01 -2.788311e-01 -1.065069e+01 0 1
-1.170788e+13 -3.138183e+13 5.487326e+11 -1.789063e-01 -9.777161e-01 1.098351e-01 -2.995699e+00 0 5
1.587476e+13 -3.551917e+12 5.430444e+12 7.284057e-01 -3.157422e-01 6.080559e-01 3.006886e+00 0 299838
1.873941e+13 -1.797337e+13 -6.625024e+12 5.409053e-01 -8.330818e-01 -1.157415e-01 -1.345508e+01 0 3
4.622821e+12 1.873501e+13 -2.309665e+12 -5.005498e-01 8.390965e-01 2.129952e-01 2.615677e+01 0 1
1.769894e+13 -5.359708e+12 5.832052e+11 4.394145e-01 -6.088629e-01 6.604551e-01 2.032191e+00 0 1
4.083118e+12 1.571063e+13 1.166735e+13 -4.458320e-01 3.261358e-01 8.335882e-01 1.513166e+01 0 3
-1.317719e+13 -9.275241e+12 -1.242611e+13 -6.225658e-01 3.792986e-01 -6.845031e-01 -2.480609e+01 0 1
4.542327e+12 -1.941086e+13 -3.042892e+12 6.963249e-01 -6.897954e-01 1.982775e-01 1.901391e+01 0 258526
4.148219e+12 -1.886919e+13 5.305738e+12 7.135758e-01 -5.807124e-01 -3.918963e-01 1.743986e+01 0 1
7.327927e+12 1.063303e+13 -1.223974e+13 3.177731e-01 2.118739e-01 -9.241914e-01 3.770267e+00 0 9
-6.273959e+12 1.525778e+13 5.686656e+12 9.506629e-02 9.781816e-01 -1.847244e-01 -1.053358e+01 0 202129
-7.877859e+12 -1.969219e+11 -1.506378e+13 -6.882960e-01 5.908348e-01 -4.209072e-01 -8.934424e+00 0 1790954
1.581162e+13 -3.480538e+12 1.112049e+13 4.405495e-01 1.728498e-01 8.809308e-01 9.148966e+00 0 4
1.881375e+11 -2.255214e+13 -1.411194e+13 3.942155e-01 -7.536706e-01 -5.259037e-01 -2.285090e+00 0 1
-1.082870e+13 -1.433057e+13 -8.628419e+12 -6.449195e-01 -7.443441e-01 -1.732935e-01 5.898374e+00 0 372533
1.262501e+13 7.017885e+12 9.884765e+12 3.563452e-01 9.343416e-01 -4.881813e-03 5.954638e+00 0 3
1.210665e+13 -8.481435e+12 -2.173973e+13 6.656323e-01 -4.169275e-01 -6.189548e-01 1.069059e+01 0 189676
1.671337e+13 -5.525998e+12 2.064992e+12 8.892704e-01 2.081196e-02 4.569082e-01 1.014384e+01 0 962551
-4.752985e+12 -1.930763e+13 -2.193242e+12 5.837226e-01 -8.001593e-01 -1.378880e-01 3.881279e+00 0 16
2.631179e+13 -1.640738e+13 -2.060409e+13 6.113293e-01 -5.971275e-01 -5.193412e-01 6.068440e+00 0 1
4.315069e+12 4.711753e+12 2.238403e+13 4.458649e-01 7.210619e-01 5.303529e-01 -7.731829e+00 0 2
-4.556717e+12 -2.320846e+12 1.631499e+13 -6.773136e-01 -7.345128e-01 4.167963e-02 6.195798e+00 0 175793
-7.546808e+12 1.710148e+13 -4.616448e+12 -6.060645e-01 7.573226e-01 -2.432040e-01 1.357637e+01 0 167826
1.365786e+13 -1.410907e+13 3.956878e+12 5.904444e-01 -7.902341e-01 -1.640291e-01 -8.625563e+00 0 106982
6.984793e+12 -2.269834e+12 1.530393e+13 -7.130220e-01 -4.234164e-01 5.588543e-01 1.547942e+00 0 1
4.015274e+12 6.530568e+12 -1.629012e+13 4.959667e-01 5.097848e-01 -7.029484e-01 2.442211e+00 0 676792
-1.597134e+13 7.832104e+12 -4.025764e+12 -9.305418e-01 1.702060e-01 3.242249e-01 1.208436e+01 0 1213795
-1.325686e+13 1.067439e+13 1.393259e+12 -8.746777e-01 -3.373106e-02 -4.835298e-01 1.468714e+01 0 1543097
1.310590e+13 8.278998e+12 1.501516e+13 7.442110e-01 5.823653e-01 3.271097e-01 5.340886e+00 0 258714
8.674734e+11 -7.672529e+11 -1.911449e+13 -3.262343e-01 1.681852e-01 -9.302069e-01 4.549388e+00 0 203950
5.698102e+11 -2.040389e+13 5.702717e+10 -4.080370e-01 -9.047606e-01 -1.221231e-01 -1.779390e+01 0 1521898
7.439978e+12 1.469590e+13 -5.242161e+12 -3.834786e-02 9.902289e-01 1.340755e-01 -1.065549e+00 0 463923
1.640965e+12 1.114314e+13 -1.274462e+13 -2.587100e-01 6.656964e-01 -6.999411e-01 8.102658e+00 0 52369
-1.071356e+12 1.171487e+13 -1.363646e+13 -1.260216e-01 9.373053e-01 -3.249267e-01 -1.194654e+01 0 4
-9.194371e+12 -7.305190e+12 -1.301231e+13 -2.930592e-01 -6.183750e-01 -7.291972e-01 -4.601601e-01 0 14
2.398303e+12 1.047910e+13 -1.444692e+13 -1.073298e-01 8.004370e-01 -5.897295e-01 5.881184e+00 0 59398
2.784631e+12 1.173542e+13 -1.195784e+13 4.473454e-01 -3.595645e-01 -8.188989e-01 -2.863576e+00 0 159634
-1.535436e+13 -8.463674e+12 -3.657050e+12 -9.519003e-01 -2.752329e-01 -1.346573e-01 -1.394358e+01 0 1
1.085157e+13 6.666163e+12 1.338954e+13 9.504005e-01 5.405214e-02 3.062960e-01 -9.016182e+00 0 7219
-1.492363e+13 -1.047297e+12 8.050628e+12 -4.972295e-01 -5.415181e-03 8.676021e-01 2.759886e+00 0 92610
5.778128e+12 -1.883097e+13 4.784428e+12 -3.123078e-01 -8.826760e-01 3.512079e-01 -9.062668e-01 0 2
-8.920234e+12 -8.262342e+11 -1.706307e+13 -3.546895e-01 3.088951e-01 -8.824847e-01 -2.430075e-01 0 804692
-1.906103e+13 1.340710e+12 5.134156e+12 -6.674751e-01 7.309920e-01 -1.418722e-01 -1.927528e+01 0 2
1.757585e+13 -1.714019e+12 1.122558e+13 9.632927e-01 2.527924e-01 -9.035044e-02 1.627282e+00 0 193834
1.970175e+11 -6.301285e+12 -1.579032e+13 -2.458034e-01 2.231209e-01 -9.432909e-01 -5.956664e+00 0 988086
2.607819e+13 1.685875e+13 1.124027e+13 5.273912e-01 7.103990e-01 4.660384e-01 3.420888e+00 0 284364
-8.338203e+11 6.860229e+12 -1.705647e+13 3.837749e-01 5.744177e-01 -7.230222e-01 1.944089e+00 0 1096360
8.319434e+12 -1.164602e+13 -1.016914e+13 3.087013e-01 -9.389517e-01 -1.518987e-01 -2.272873e+00 0 320794
-1.196280e+13 -5.887793e+12 -1.197795e+13 -7.596013e-01 6.388412e-01 -1.220153e-01 -1.923061e+01 0 2
-1.770336e+13 2.118569e+12 3.630445e+12 -4.985707e-01 8.080206e-01 -3.138949e-01 6.788061e-01 0 1
-7.494311e+12 1.468012e+13 -6.716232e+12 -6.057835e-01 7.830566e-01 -1.408853e-01 1.324263e+01 0 3
1.691966e+12 3.435619e+12 1.823716e+13 -5.121257e-01 -3.682107e-01 7.759821e-01 -7.506054e+00 0 198442
1.098266e+13 3.892077e+12 -1.271543e+13 5.782302e-01 3.873168e-02 -8.149538e-01 -6.195188e+00 0 1
2.027094e+13 3.607828e+12 6.852773e+12 8.699027e-01 4.919738e-01 -3.508668e-02 1.175553e+01 0 914193
-1.244171e+13 -5.086685e+12 1.047324e+13 7.043811e-02 -5.253703e-01 8.479531e-01 9.537236e+00 0 2
