# 781 1.000000e+07 1.000000e+04 0.000000e+00 1.000000e+00 5.000000e-01
-1.672978e+14 4.625752e+12 -4.650091e+13 -8.280928e-01 -3.225904e-01 4.584733e-01 1.434080e+01 0 5764154
-1.272679e+14 4.181340e+13 -1.054005e+14 -2.803262e-01 2.357107e-01 -9.305147e-01 -6.618829e+00 0 2434427
3.871591e+13 -8.244039e+13 1.494925e+14 -6.945994e-01 -1.279814e-01 7.079212e-01 -4.111038e-03 0 4979481
-1.100547e+13 -1.699868e+14 1.844559e+13 5.918212e-01 -7.958595e-01 -1.278878e-01 2.338618e+00 0 5703713
4.749850e+13 -1.661958e+14 1.245446e+13 -2.381310e-01 -5.956264e-01 7.671524e-01 8.356927e+00 0 463078
1.267672e+14 -6.112312e+13 -9.819593e+13 4.181908e-03 -1.062422e-01 -9.943315e-01 -6.767519e+00 0 2652855
7.143593e+13 -1.284168e+14 8.522795e+13 9.349376e-01 -1.526921e-01 3.202763e-01 2.556020e+01 0 5
-1.399083e+14 -4.833319e+13 -8.310958e+13 -8.374443e-01 1.893766e-01 -5.126631e-01 -8.062368e+00 0 955745
-6.194376e+13 1.754791e+14 6.053348e+12 -1.095259e-01 9.556014e-01 -2.735508e-01 1.029670e+01 0 1
1.245732e+14 1.068774e+14 4.778974e+13 9.060847e-01 3.460938e-01 -2.433713e-01 -2.573055e+01 0 625378
3.460247e+13 -1.285809e+14 1.067381e+14 -2.798456e-01 -1.791968e-02 9.598778e-01 -1.540003e+01 0 2
3.615253e+12 -1.384706e+14 -1.001620e+14 -4.151786e-01 -7.718369e-01 -4.815542e-01 -2.661391e+01 0 1184395
-2.572160e+13 8.367014e+13 -1.490164e+14 -1.360813e-01 -7.425586e-02 -9.879109e-01 1.181031e+01 0 3940446
-7.240846e+13 -1.112252e+14 1.105007e+14 -4.970478e-01 -7.398960e-01 4.533183e-01 -2.198572e+01 0 10
-1.391616e+14 2.726181e+14 -1.133558e+14 -5.611009e-01 7.109500e-01 -4.239291e-01 -1.410158e+01 0 7
9.543574e+13 -4.521595e+12 1.414997e+14 2.375652e-01 -8.667753e-01 4.384784e-01 -2.069062e+01 0 3869567
-8.629294e+13 -5.786273e+13 -1.348549e+14 -5.884369e-01 -6.617746e-01 4.645388e-01 1.380679e+01 0 5447231
-5.513807e+13 1.141508e+14 -1.592356e+14 3.606635e-01 4.122070e-01 -8.366643e-01 -3.158198e+01 0 2031539
-7.584577e+13 1.473595e+14 -5.144385e+13 -5.289901e-01 8.211545e-01 2.141841e-01 -3.332346e+00 0 198603
3.319631e+12 1.153245e+14 1.357606e+14 -4.720536e-01 -1.432878e-01 8.698471e-01 -6.208282e+00 0 45
-1.660986e+14 -1.031503e+13 -6.231011e+13 -6.725431e-01 -6.805653e-02 -7.369220e-01 1.858023e+01 0 1
-7.067799e+13 -1.619785e+14 -2.615730e+13 2.250897e-01 -8.126499e-01 -5.375265e-01 -3.974259e+00 0 52601
-6.269354e+12 -1.670914e+14 2.958624e+13 -5.195327e-01 -6.543523e-01 -5.494623e-01 -1.517108e+01 0 3207680
1.388752e+14 1.087119e+13 9.878617e+13 7.533624e-01 -4.203152e-01 5.057472e-01 -3.283283e+00 0 6776459
-2.462531e+12 -7.353265e+13 -1.592089e+14 6.498088e-02 -5.525513e-01 -8.309420e-01 1.300063e+01 0 6924868
-2.425342e+13 -1.671642e+14 -1.924545e+13 5.599970e-01 -7.725437e-01 -2.992984e-01 1.068776e+01 0 2750144
1.207426e+14 7.113342e+13 1.188246e+14 4.507767e-01 7.012979e-01 5.522513e-01 -1.224218e+01 0 10608638
-1.146317e+14 -1.261148e+14 1.896528e+13 -4.266227e-01 -7.172821e-01 5.509079e-01 -2.472087e+00 0 461946
5.272026e+13 -1.234288e+14 1.040493e+14 3.359111e-01 -8.902072e-01 3.077255e-01 -1.460501e+01 0 2832068
-2.746609e+13 -1.290442e+14 1.091548e+14 -6.492849e-01 -3.462228e-01 6.771697e-01 -1.616827e+01 0 7196249
-3.211237e+13 5.223228e+13 -1.610666e+14 -7.887223e-01 -3.805264e-01 -4.828217e-01 -1.803961e+00 0 2102868
8.169442e+13 1.516165e+14 8.563733e+12 8.612927e-01 3.986364e-01 -3.150618e-01 -2.167209e+01 0 4
-1.417848e+14 9.342446e+13 -2.056648e+13 -3.463147e-01 7.188674e-01 6.027403e-01 -1.725534e+01 0 1627072
1.506225e+14 7.059693e+13 7.139366e+13 9.363389e-01 -1.579758e-02 3.507420e-01 3.428904e+00 0 2986899
2.413513e+12 -1.262473e+14 1.163418e+14 -2.322492e-01 -1.961975e-01 9.526630e-01 5.221467e+00 0 35
-2.634364e+13 2.898946e+13 -1.826963e+14 -3.411028e-01 4.792387e-01 -8.086898e-01 1.021329e+01 0 243593
1.662805e+14 -1.138931e+14 9.243687e+13 7.877324e-01 -3.209341e-01 5.258127e-01 1.957146e+01 0 2320623
5.107490e+13 9.196006e+13 1.380672e+14 2.131003e-01 8.474011e-01 4.863123e-01 1.095175e+01 0 829676
4.570304e+13 2.350823e+14 5.567338e+13 4.016701e-01 9.157094e-01 -1.172187e-02 -2.520050e+01 0 61
-7.967304e+13 1.324918e+14 7.357301e+13 -4.806283e-01 6.247337e-01 -6.153895e-01 1.301056e+01 0 16377265
-1.184824e+14 9.301824e+13 -1.048747e+14 -3.625240e-01 2.086474e-01 -9.083186e-01 9.365637e+00 0 1
-8.474442e+12 2.150518e+14 -1.518977e+13 4.697990e-01 8.630437e-01 -1.855923e-01 -6.366734e-01 0 21350903
8.160003e+13 1.497744e+14 6.779051e+13 4.237893e-01 4.504747e-01 7.857959e-01 1.022997e+01 0 3
-1.440485e+14 5.182735e+13 7.314979e+13 3.914229e-01 7.749640e-01 4.962045e-01 -2.145772e+01 0 13435124
-1.192433e+14 1.150285e+14 6.278132e+13 -8.447578e-01 5.196029e-01 -1.280514e-01 -1.352756e+01 0 1478173
1.306073e+14 3.714458e+13 1.124120e+14 8.035182e-01 2.632359e-01 5.339151e-01 -7.383755e+00 0 211020
1.371795e+14 -6.601745e+13 -7.931267e+13 3.628673e-01 -6.681423e-01 -6.495484e-01 -3.044181e+01 0 3
-1.567959e+14 6.976119e+13 -1.757072e+12 -7.728990e-01 6.345243e-01 -2.459797e-03 2.425520e+00 0 920513
8.274002e+13 1.454495e+14 -2.947251e+13 8.651306e-01 2.792117e-01 4.166412e-01 -2.168470e+01 0 1933164
1.110481e+14 1.346576e+14 1.888799e+12 6.829105e-01 6.257770e-01 3.768771e-01 1.224073e+01 0 1199456
1.947390e+14 1.524144e+13 2.327867e+12 8.398022e-01 1.742656e-01 -5.141632e-01 2.023514e+01 0 17
-1.118004e+14 -7.841679e+13 -1.043144e+14 -5.273538e-01 -8.496210e-01 -6.491435e-03 7.971188e-01 0 13718049
-3.665364e+13 -7.371398e+12 2.121670e+14 3.882790e-01 -1.490808e-02 9.214213e-01 -1.170001e+01 0 3859484
-2.903919e+13 2.294661e+12 -1.778341e+14 2.397061e-02 -6.996305e-01 -7.141027e-01 -1.193815e+01 0 6820789
-1.574681e+14 -5.322771e+13 5.157299e+13 -7.305119e-01 3.011661e-01 6.129040e-01 -2.272872e+00 0 11
5.108644e+12 1.925280e+14 5.143915e+13 2.779529e-03 9.634800e-01 -2.677657e-01 2.291602e+01 0 9182124
-7.726109e+13 1.085868e+14 1.533437e+14 -4.431937e-01 7.941718e-01 4.157769e-01 -1.883041e+01 0 11861756
-2.572316e+13 -7.261106e+13 -1.539100e+14 -1.658940e-01 -9.817803e-01 -9.266413e-02 -1.561843e+01 0 1356435
1.240738e+14 9.919920e+13 7.083717e+13 2.292100e-01 8.126028e-01 5.358540e-01 1.978157e+01 0 5148975
-7.359362e+11 -4.073162e+13 -1.656923e+14 -4.796021e-01 -8.216877e-01 -3.079142e-01 -1.334799e+01 0 7215151
-3.283228e+13 -1.508209e+14 7.211831e+13 -8.632073e-01 -5.041388e-01 2.678218e-02 -2.461114e+01 0 1550544
-1.677415e+14 -1.599166e+13 2.751230e+13 -1.598567e-01 6.200668e-01 7.680905e-01 6.774524e+00 0 5
-6.328668e+13 -8.000412e+13 1.357831e+14 -1.906899e-01 -7.785815e-01 5.978698e-01 1.087808e+01 0 2177838
5.747025e+13 1.115042e+14 1.228201e+14 6.688105e-01 6.549658e-01 3.517276e-01 1.013285e+01 0 3300738
-1.389430e+14 -2.814246e+13 -1.037130e+14 -9.766931e-01 2.064744e-01 5.864216e-02 5.730453e+00 0 1628319
-1.314961e+14 1.030853e+14 -2.961917e+13 -3.585615e-01 9.068374e-01 2.215392e-01 6.678449e+00 0 2
-5.859735e+13 -5.634004e+12 1.740890e+14 -6.875997e-01 -1.387421e-01 7.127112e-01 -1.042221e+01 0 3148555
3.459154e+11 1.647574e+14 -9.653854e+13 2.379161e-01 6.425435e-01 -7.283775e-01 -2.146355e+01 0 2676339
-1.010316e+14 -7.921548e+13 -1.144394e+14 -9.787731e-01 -1.462830e-01 1.435427e-01 -1.918964e+01 0 27
-2.170931e+13 2.583542e+13 -1.680282e+14 5.278133e-01 4.533098e-01 -7.182780e-01 8.444214e+00 0 4568009
1.680044e+14 7.095146e+13 -2.576483e+13 9.625009e-01 9.661007e-02 2.534927e-01 1.416738e+01 0 22029888
9.234960e+13 -5.066634e+13 1.988154e+14 6.795850e-01 -3.932953e-01 6.192601e-01 1.888158e+01 0 7458367
1.063833e+14 1.246992e+14 6.545511e+13 8.542139e-01 4.846822e-01 1.881537e-01 9.256604e+00 0 9046721
-8.894106e+10 -8.096856e+13 1.502358e+14 2.322131e-01 7.324879e-02 9.699029e-01 1.013973e+01 0 2238325
-2.754915e+13 -2.997813e+13 -1.676225e+14 -6.644950e-01 3.223798e-01 -6.741793e-01 7.299641e+00 0 3357401
-1.570251e+12 4.405935e+13 1.808604e+14 2.598432e-01 6.599199e-01 7.049733e-01 1.044483e+01 0 3470371
-9.124353e+13 -1.248239e+14 -7.103722e+13 -6.867929e-01 -5.642387e-01 4.582033e-01 1.674740e+00 0 4
1.551658e+14 5.646433e+13 -6.908168e+13 8.160974e-01 5.507209e-01 -1.751899e-01 1.795860e+01 0 8653044
-5.187165e+13 -1.686876e+14 5.657298e+12 -6.664405e-01 -7.135762e-01 -2.160231e-01 3.023710e+00 0 2
1.560886e+14 5.343699e+13 -4.287250e+13 8.012608e-01 3.655845e-01 4.736340e-01 -1.074265e+01 0 9054028
4.853479e+13 1.574413e+14 6.744985e+13 7.539140e-01 5.087958e-01 4.156207e-01 -3.314013e+01 0 49
7.930547e+13 -1.505532e+14 7.755435e+12 -9.556435e-02 -7.047631e-01 7.029769e-01 5.483229e+00 0 50
1.099231e+14 -6.202254e+13 1.137837e+14 8.342205e-01 -3.638866e-01 4.143219e-01 5.312619e+00 0 8604082
-1.002365e+14 9.681440e+13 9.799205e+13 5.382045e-01 3.459111e-02 8.421041e-01 3.797075e+00 0 628588
1.456549e+13 4.935947e+13 -1.629756e+14 6.140417e-01 7.378314e-01 -2.802813e-01 4.834502e+00 0 8335696
-3.327834e+13 1.767217e+14 -1.298581e+13 2.545130e-02 9.956059e-01 9.011782e-02 -2.386764e+01 0 47
4.286093e+12 7.959284e+13 1.506740e+14 -2.696127e-01 9.555177e-01 -1.195616e-01 -6.399232e+00 0 1643568
1.644381e+14 5.007296e+13 8.119169e+13 5.239477e-01 8.330693e-01 -1.774103e-01 -4.008102e+00 0 3
-1.428404e+14 -8.261461e+13 -6.591172e+13 -9.466487e-01 -3.055942e-01 -1.023157e-01 -1.585647e+01 0 394885
1.040889e+14 1.173430e+14 7.728189e+13 9.668361e-01 1.063383e-01 2.322073e-01 -2.189916e+01 0 238382
6.121602e+13 -1.452134e+14 -8.041982e+13 8.160487e-01 -5.005682e-01 -2.889567e-01 -2.984464e+00 0 4120271
-4.636723e+13 1.557271e+14 -5.846111e+13 3.179993e-01 8.278829e-01 -4.620458e-01 -2.436360e+01 0 47
1.152250e+14 3.559225e+13 -1.521829e+14 2.160051e-01 -4.786366e-01 -8.510281e-01 -2.299945e+01 0 112108
-1.125571e+14 -1.212141e+13 -1.310064e+14 -4.962859e-01 9.383693e-02 -8.630730e-01 -1.565841e+01 0 3010896
-8.620535e+13 -1.388013e+14 5.419152e+13 -7.121542e-01 -6.587870e-01 2.425614e-01 -1.004346e+01 0 5408603
2.213627e+14 -3.369161e+13 4.775515e+13 8.845775e-01 -3.890695e-02 4.647676e-01 2.114492e+01 0 3
1.840923e+14 2.785780e+13 -6.971920e+13 5.945344e-01 -3.939406e-01 -7.009563e-01 -2.561139e+01 0 1
-6.564473e+13 7.641062e+13 -1.473366e+14 3.039059e-01 7.570504e-01 -5.783734e-01 9.399628e+00 0 8957554
-9.568944e+13 -2.396001e+13 -1.389538e+14 -7.539621e-01 6.419150e-01 -1.395934e-01 -2.187517e+01 0 2969279
5.665275e+13 1.619188e+14 -3.883452e+12 -1.501372e-01 6.590392e-01 7.369709e-01 1.399542e+00 0 689033
-1.226521e+13 -1.531523e+14 7.293857e+13 7.605696e-01 -4.619499e-01 -4.562195e-01 1.101594e-01 0 1
-4.707592e+13 -1.752293e+14 3.732143e+13 -4.009204e-01 -9.105598e-01 1.007157e-01 -2.095084e+01 0 1711813
-1.175032e+14 1.825445e+13 1.232198e+14 -8.990024e-01 -4.345777e-01 5.419369e-02 1.645930e+01 0 2071744
1.502041e+14 -1.367024e+13 1.061917e+14 2.100443e-01 2.882390e-01 9.342375e-01 -1.952776e+01 0 6364166
-1.401125e+14 -3.450367e+13 -9.013596e+13 -8.460601e-01 -5.305209e-01 5.224815e-02 2.290251e+01 0 6
3.425227e+12 1.672325e+14 -2.951109e+13 7.657932e-01 5.961420e-01 -2.411959e-01 -6.777915e+00 0 16445192
8.393935e+13 1.542442e+14 3.706967e+13 -1.788716e-02 9.387040e-01 3.442597e-01 3.081039e+01 0 2
-1.416787e+14 5.400760e+13 -7.786595e+13 -6.287597e-01 7.773311e-01 2.043547e-02 -5.241362e-01 0 4787656
-1.261818e+14 -1.223416e+14 -3.383998e+13 -9.276991e-01 -2.196489e-01 3.018753e-01 -2.736805e+01 0 4630466
-1.501787e+14 -3.023047e+13 7.386846e+13 -9.458381e-01 -1.793563e-01 2.705947e-01 5.231290e+00 0 5367581
-2.007469e+14 -1.284775e+13 8.789143e+13 -9.185323e-01 3.916164e-01 -5.417550e-02 -3.097673e+01 0 20
7.359609e+13 -3.999075e+13 -1.479613e+14 -3.755916e-01 -8.041434e-01 -4.607433e-01 -1.569351e+01 0 21
-5.027488e+13 1.059118e+14 -1.282840e+14 3.673141e-01 2.623854e-02 -9.297268e-01 9.566003e+00 0 8806865
-3.056642e+13 1.660200e+14 3.695407e+13 6.901196e-01 4.588547e-01 5.596314e-01 -2.594043e+01 0 2389784
1.902413e+14 7.813201e+13 -5.141262e+13 9.804707e-01 1.239913e-01 -1.526547e-01 -2.564101e+01 0 3906221
1.069007e+14 1.244137e+14 -4.578467e+13 -9.729874e-03 6.918112e-01 7.220129e-01 2.380184e+01 0 31
4.594437e+13 -1.663729e+14 2.879708e+13 3.631596e-01 -6.656349e-01 6.519550e-01 -1.491867e+01 0 51
1.190861e+14 -4.355461e+13 1.261963e+14 5.690490e-01 -3.877591e-01 7.251387e-01 4.008047e+00 0 12329643
1.392761e+14 -1.103811e+14 -5.305741e+13 9.542514e-01 -2.989199e-01 7.147264e-03 2.543926e+01 0 91
-1.235844e+14 1.216653e+14 6.382301e+12 -9.646221e-01 1.842978e-01 1.885166e-01 1.576134e+00 0 6
3.241214e+13 1.213768e+14 1.158467e+14 -2.396385e-02 -1.608255e-01 9.866919e-01 -7.222697e+00 0 2
-1.434428e+14 8.620712e+13 -3.169846e+13 -9.733984e-01 -1.582124e-01 1.657240e-01 2.873070e+01 0 22390826
-1.254203e+14 6.088820e+11 1.194533e+14 -2.446509e-01 -1.691257e-01 9.547473e-01 2.013266e+01 0 8312820
-1.435068e+14 1.030326e+14 -1.183926e+13 -4.697787e-01 3.533524e-02 -8.820768e-01 -8.084510e+00 0 2
-1.206581e+14 -9.276808e+13 -8.621828e+13 -7.352750e-01 -6.061530e-01 -3.032314e-01 -1.007955e+01 0 19
1.344960e+14 4.950435e+13 -9.972152e+13 8.604493e-01 -4.538448e-01 -2.316287e-01 -2.397926e+01 0 1193845
-4.229384e+13 1.229209e+14 1.290347e+14 -7.873877e-01 -8.357595e-02 6.107664e-01 2.873256e+01 0 2
6.537573e+13 1.456136e+14 5.859906e+13 -3.453875e-01 9.199287e-01 1.855766e-01 3.716332e+00 0 17996948
2.621249e+13 2.122337e+13 -1.899267e+14 -3.257358e-01 4.900665e-02 -9.441899e-01 -1.815856e+01 0 6121254
-1.048568e+13 1.708539e+14 5.245690e+13 -2.174815e-01 9.445893e-01 2.458715e-01 2.085930e+01 0 11036362
-1.557703e+14 4.884368e+13 -7.997560e+13 -7.990516e-01 5.042469e-01 -3.274930e-01 -2.004093e+01 0 6125744
4.139680e+13 -1.765483e+14 2.184175e+13 -3.883042e-01 -9.197718e-01 -5.691862e-02 -3.271527e+01 0 1
9.621857e+13 1.172908e+14 -7.731435e+13 -1.735469e-01 8.854255e-01 -4.311649e-01 1.141317e+01 0 60351
1.628781e+13 2.177360e+14 -4.675821e+13 2.801681e-01 9.076054e-01 -3.126634e-01 -2.378827e+01 0 2398682
1.560974e+14 4.950146e+13 5.725199e+13 3.337166e-01 7.549669e-01 -5.644982e-01 -8.389170e-03 0 6497841
-3.204956e+13 3.011675e+13 -1.657815e+14 -3.709900e-01 -6.930872e-01 -6.180587e-01 -3.466024e+00 0 7268510
1.571744e+14 3.513792e+13 -6.810231e+13 1.559311e-01 8.332915e-01 -5.303874e-01 3.181294e+01 0 21
-1.682008e+14 3.672384e+13 -2.049434e+13 -9.834818e-01 1.809608e-01 4.087714e-03 -8.067501e+00 0 613419
-6.888918e+13 3.990244e+13 1.531011e+14 2.315767e-01 7.176959e-01 6.567228e-01 1.569995e+00 0 2163018
1.744129e+14 5.195101e+12 -2.213627e+13 6.478931e-01 -5.549919e-01 5.217456e-01 -3.889883e+01 0 10660670
8.279307e+13 -1.484914e+14 -2.217441e+13 4.556370e-01 -8.877352e-01 6.573596e-02 7.652159e+00 0 14170144
-1.213101e+14 -9.317379e+13 8.413545e+13 -2.406396e-01 -4.101500e-01 8.796986e-01 -3.205190e+00 0 6813188
-5.680962e+13 1.573387e+14 -3.859235e+13 -2.889734e-01 7.798886e-01 -5.552190e-01 -4.727288e+00 0 1376406
-4.396141e+13 1.605432e+14 4.238475e+13 1.747866e-01 4.374299e-01 8.821025e-01 -2.383952e-01 0 15209987
3.824580e+13 1.071816e+14 1.270975e+14 1.990742e-01 9.779868e-01 6.254101e-02 1.405629e+01 0 11906650
-6.647156e+13 -3.312035e+13 -1.606373e+14 -8.284990e-01 3.818432e-01 -4.096159e-01 -1.960143e+01 0 3787914
-7.310574e+13 -1.569562e+14 5.450352e+13 -2.623221e-01 -8.540556e-01 -4.491950e-01 1.397678e+01 0 15316866
-8.474841e+13 7.331535e+13 -1.383311e+14 8.265256e-02 6.973743e-01 -7.119253e-01 -2.516292e+01 0 2429811
-3.436452e+13 1.728852e+14 -5.517158e+13 2.863168e-01 9.581006e-01 8.116289e-03 -3.446763e+01 0 2788584
1.086039e+14 6.626006e+13 -1.680327e+14 5.179795e-01 1.066613e-01 -8.487170e-01 1.042828e+01 0 10240365
-1.503298e+14 -2.269668e+13 8.077621e+13 -5.301563e-01 -8.334207e-01 1.560266e-01 3.369375e+00 0 4085080
1.359498e+14 -5.396169e+13 -8.747924e+13 8.561834e-01 -5.165381e-01 1.176534e-02 -8.205476e+00 0 11111359
-4.574128e+13 -1.745789e+14 2.069911e+13 -3.128027e-01 -5.998337e-01 7.364469e-01 -1.828650e+01 0 5421725
4.970288e+13 -4.821503e+13 -1.578994e+14 1.178775e-01 -7.590512e-02 -9.901229e-01 -1.602149e+01 0 2097806
-6.595823e+13 1.230639e+14 9.782279e+13 -5.304155e-01 4.620772e-01 7.107349e-01 -8.509767e+00 0 6990609
-1.162472e+14 9.514381e+13 -8.020892e+13 -9.635079e-01 2.676787e-01 -7.378118e-04 2.093009e+01 0 3138360
-1.625534e+14 -4.516571e+13 -4.161938e+13 -4.331361e-01 -2.714134e-01 8.594928e-01 2.324241e+01 0 5
8.003914e+13 -1.117192e+14 1.020724e+14 8.602544e-01 -5.048452e-01 -7.137005e-02 1.522072e+01 0 9444377
-4.514861e+13 -1.264380e+14 1.110454e+14 5.022741e-02 -7.103115e-01 7.020932e-01 -1.867058e+01 0 11329974
-8.459602e+13 1.399935e+14 -5.509024e+13 -6.829278e-01 4.346775e-01 5.870818e-01 2.356803e+01 0 700854
1.417158e+14 1.016338e+14 1.141958e+13 7.746079e-01 -6.059121e-01 1.812543e-01 -6.222529e+00 0 1
-1.414242e+14 9.273194e+13 1.443566e+13 1.120125e-01 1.162066e-01 9.868887e-01 1.451275e+00 0 96016
-1.658733e+13 -1.217232e+14 1.338971e+14 -2.705446e-01 -7.403089e-01 6.154253e-01 -1.355090e+01 0 1351017
-3.466896e+13 -1.761826e+14 7.425530e+12 -6.620399e-02 -8.612581e-01 5.038368e-01 1.228670e+01 0 10821400
-1.249334e+14 1.026484e+13 1.145615e+14 -6.263308e-01 7.710892e-01 -1.145910e-01 -2.277090e+01 0 3759192
-1.559578e+14 -4.467745e+13 -6.050773e+13 -1.677417e-01 -8.879470e-01 -4.282672e-01 3.124597e+01 0 2
-1.746011e+13 1.741925e+12 -1.744078e+14 5.116968e-01 2.885003e-01 -8.092799e-01 -1.216275e+01 0 3244148
-6.399608e+13 -1.652378e+14 -2.007300e+13 -5.838721e-01 -8.022499e-01 -1.244523e-01 3.286502e+00 0 13963076
-9.020105e+13 8.872822e+13 -1.142482e+14 3.597946e-03 7.006770e-01 -7.134696e-01 2.011918e+00 0 8
-4.686130e+13 2.614510e+13 -1.708678e+14 -4.145796e-01 -7.533550e-01 -5.104703e-01 2.292747e+01 0 5871064
8.448434e+13 9.341202e+13 1.139671e+14 5.946168e-01 1.324571e-01 7.930233e-01 -1.295630e+01 0 231798
-1.551127e+14 -1.434747e+13 -8.912519e+13 -6.705327e-01 2.107408e-01 -7.113187e-01 1.344137e+01 0 4868046
-1.615330e+14 6.095208e+13 -5.801788e+13 -7.620946e-01 2.236285e-01 6.076200e-01 1.704999e+01 0 927853
4.894588e+13 9.546022e+13 1.315628e+14 6.544746e-03 6.639021e-01 7.477909e-01 -6.646564e+00 0 1
-1.580898e+14 4.318306e+13 -5.921239e+13 -9.458797e-01 3.170424e-01 6.925055e-02 1.878048e+01 0 3308689
1.500088e+14 2.840458e+11 1.103060e+14 8.591401e-01 -2.766291e-01 4.305282e-01 8.585820e+00 0 3843793
-6.789769e+13 1.514295e+14 -5.223636e+13 -8.432944e-01 3.513901e-01 4.066690e-01 -2.495658e+00 0 45
8.716346e+13 1.318604e+14 6.155606e+13 7.123882e-01 6.602205e-01 2.379326e-01 -2.037771e+01 0 2814984
9.732582e+13 -1.133667e+14 -8.825123e+13 3.494203e-01 -6.275290e-01 -6.957821e-01 3.774373e+00 0 673904
1.677522e+14 -3.192168e+13 5.554088e+13 9.381864e-01 -1.488587e-01 -3.124859e-01 -6.956923e+00 0 73
-9.377545e+13 5.008494e+13 1.356345e+14 -4.708562e-01 -5.789180e-01 6.656939e-01 2.422575e-01 0 14886381
4.303463e+13 -1.567638e+14 -6.825539e+13 -1.454134e-01 -9.249843e-01 -3.510825e-01 -2.949179e+01 0 9205884
8.271519e+13 -1.344478e+14 -8.392527e+13 -5.135146e-02 -3.398563e-01 -9.390744e-01 1.279259e+01 0 13052922
2.714955e+13 -1.689949e+14 2.121596e+13 1.729397e-01 -8.582346e-01 4.832444e-01 -1.543503e+01 0 23260861
7.257485e+13 1.781325e+14 -3.329846e+12 -2.021257e-02 9.655468e-01 -2.594435e-01 2.555884e+01 0 1929390
1.076195e+14 -1.349147e+14 -6.466216e+13 -1.172575e-02 -7.895888e-01 -6.135242e-01 4.771751e+00 0 15847310
1.471656e+14 2.886640e+13 1.025827e+14 7.978825e-01 5.879183e-01 -1.331748e-01 2.449148e+01 0 5
7.820343e+13 -4.344813e+13 1.470035e+14 2.728142e-01 -1.305089e-02 9.619782e-01 1.365285e+01 0 1198513
-1.388338e+14 1.009205e+14 1.025339e+14 -8.790015e-02 7.581922e-01 6.460791e-01 3.156418e+00 0 18890481
-2.768040e+13 -1.671810e+14 2.439494e+13 -8.802487e-01 -4.730925e-01 -3.668440e-02 -2.812956e+01 0 16
3.532168e+13 1.231085e+14 1.137564e+14 -1.099292e-01 5.886071e-01 8.009103e-01 1.280299e+01 0 451076
-1.816004e+14 -5.149091e+13 4.108623e+13 -9.094430e-01 -2.097361e-01 3.590602e-01 1.069197e+01 0 3942083
-1.205448e+14 -8.337245e+13 -8.582254e+13 -4.893754e-01 1.213045e-01 -8.635953e-01 -3.623104e+00 0 2224090
2.368750e+13 3.887643e+13 -1.637455e+14 -5.463734e-01 6.888886e-01 -4.763492e-01 -1.699613e-01 0 3245525
1.351136e+14 -9.147445e+13 -4.889375e+13 2.032432e-01 -9.035869e-01 3.771246e-01 -6.504976e+00 0 43695
-1.604842e+14 -1.410898e+14 -1.137209e+13 -8.279905e-01 -4.529526e-01 -3.305536e-01 -2.284654e+01 0 87
-2.633006e+13 2.054334e+14 -2.922233e+13 3.527278e-01 8.018636e-01 -4.822840e-01 -3.076447e+01 0 3219128
-1.505170e+14 -6.778908e+13 -4.845061e+13 -7.307734e-01 -3.796474e-01 -5.673078e-01 -6.125750e+00 0 723182
1.115739e+14 -1.071472e+14 -7.057900e+13 9.851487e-02 -8.428889e-01 -5.289925e-01 -4.943177e+00 0 21093206
-1.832896e+14 -4.474737e+13 4.119084e+13 -7.788129e-01 -2.157430e-01 5.889868e-01 -1.195587e+01 0 6938938
-3.653499e+12 -9.077220e+13 1.553996e+14 -5.054083e-02 -8.018867e-01 5.953347e-01 -1.065065e+01 0 3790539
1.157072e+13 -9.525555e+13 -1.404454e+14 -3.070278e-01 -8.440104e-01 -4.397504e-01 2.984442e+00 0 1648693
-1.502811e+14 1.289915e+14 1.294241e+14 -3.000818e-01 5.048661e-01 8.093585e-01 1.121277e+01 0 2747671
1.008120e+14 -1.409735e+14 -2.445026e+13 2.493483e-01 -5.193774e-01 8.173570e-01 1.464600e+01 0 14469063
1.264573e+14 1.011446e+14 -5.983063e+13 5.361199e-01 8.417119e-01 6.400381e-02 1.431152e+00 0 2909172
-4.673203e+13 -1.303386e+14 -9.801074e+13 5.644047e-01 -4.873527e-01 -6.662843e-01 1.439911e+01 0 3481139
1.419959e+14 9.148446e+13 -1.701717e+13 9.119102e-01 3.849618e-01 1.422120e-01 -7.729105e+00 0 5410731
-1.536332e+14 8.019630e+13 -1.761785e+14 -5.494166e-01 4.054399e-01 -7.305887e-01 1.785228e+01 0 47
-1.613909e+14 -2.692747e+13 -4.818858e+13 -7.621657e-01 -5.569949e-01 3.299396e-01 1.783985e+01 0 3953196
-1.173237e+14 1.136493e+14 -8.134692e+13 -5.165077e-01 4.666794e-01 -7.179347e-01 1.145956e+01 0 1176936
1.244363e+14 7.514114e+13 -9.668810e+13 8.755109e-02 6.463158e-01 -7.580308e-01 -2.289340e-01 0 22
1.199209e+14 1.132910e+13 1.240116e+14 8.355276e-01 3.430254e-01 4.292169e-01 -2.702987e+00 0 16
1.301132e+14 -5.697226e+13 -9.364024e+13 8.552656e-01 -5.181578e-01 5.757585e-03 5.619778e+00 0 28
1.161204e+14 -4.636656e+13 -1.161258e+14 9.359090e-01 3.095507e-01 -1.680854e-01 1.669856e+01 0 5501011
5.101482e+13 1.830298e+14 2.248209e+13 1.817251e-01 8.028634e-01 -5.677908e-01 1.918817e+01 0 1377740
3.629154e+13 -1.169349e+14 1.347786e+14 -2.676192e-01 -7.082398e-01 6.532812e-01 3.794240e+00 0 1661274
1.255123e+14 1.145794e+14 -3.188332e+12 3.381344e-01 8.530427e-01 -3.974712e-01 -1.754690e+01 0 17
7.046574e+12 -1.066774e+14 -1.684171e+14 3.216509e-02 -3.980508e-01 -9.167993e-01 -2.216042e+01 0 8681916
1.459929e+14 2.868102e+13 1.120045e+14 9.254895e-01 -2.559802e-04 3.787731e-01 -1.353236e+01 0 458374
-3.678738e+13 1.577394e+14 5.195857e+13 -4.242887e-01 4.598272e-01 7.800885e-01 1.322650e+01 0 2113780
-1.892355e+13 1.394688e+14 9.711169e+13 2.910573e-02 1.597718e-01 9.867248e-01 1.458823e+01 0 3711477
1.311853e+14 -7.102423e+13 -1.042400e+14 9.926717e-01 4.814936e-02 1.108360e-01 2.171672e+01 0 38
-9.117722e+13 -7.866583e+13 1.520822e+14 -8.470799e-01 -4.647890e-01 2.577339e-01 -1.607326e+01 0 9
-1.416810e+13 -1.696288e+14 -6.966197e+13 8.623620e-02 -2.233554e-01 -9.709149e-01 1.976292e+01 0 10177203
-7.370774e+13 1.002915e+14 -1.175860e+14 -3.479787e-02 7.382010e-01 -6.736827e-01 2.640241e+00 0 5
-1.764656e+14 1.702307e+13 -1.522528e+13 -9.560599e-01 -2.763336e-01 9.792475e-02 2.545147e+01 0 1532004
5.550155e+13 -5.104497e+12 1.622389e+14 -1.743478e-01 1.883393e-01 9.665046e-01 -5.938839e+00 0 639829
8.994979e+13 -1.350498e+14 6.280525e+13 1.498219e-01 -9.322518e-01 -3.293326e-01 -2.421675e+01 0 2
1.444648e+14 3.817258e+12 -8.950697e+13 4.333530e-01 7.279362e-01 -5.313323e-01 8.697868e+00 0 573092
-1.654974e+14 -1.024398e+14 7.120824e+12 -6.953352e-01 -4.106278e-01 -5.898252e-01 -1.663096e+01 0 15491567
1.683476e+14 4.452682e+13 -5.712826e+13 9.636015e-01 2.468677e-01 1.026089e-01 -1.163447e+01 0 1648693
-1.398552e+13 1.406135e+14 9.652601e+13 6.477673e-01 7.509966e-01 -1.280688e-01 -1.058429e+01 0 6
1.638537e+13 1.354119e+14 -1.049356e+14 -1.572894e-01 -3.106025e-01 -9.374359e-01 1.880687e+01 0 4
-7.930421e+13 -1.511364e+14 -2.183926e+13 -9.626086e-01 -2.469963e-01 -1.112546e-01 -9.821683e+00 0 2579347
1.691649e+14 4.542977e+13 4.573507e+13 9.670701e-01 -2.411385e-01 -8.141013e-02 -2.804844e+01 0 13629206
1.728161e+14 4.309225e+13 -3.894728e+13 7.561888e-01 -3.685205e-01 -5.407136e-01 9.127219e+00 0 5127184
1.261350e+14 -5.396224e+13 1.609178e+14 1.874082e-01 -4.122076e-02 9.814168e-01 1.737892e+01 0 14820805
4.120303e+13 -1.692123e+14 8.283797e+13 -1.272632e-01 -3.388403e-01 9.321971e-01 1.417985e+01 0 13
1.608963e+14 -5.036088e+13 4.925083e+13 2.727569e-01 -8.150598e-01 5.111568e-01 -9.562479e-01 0 1843364
1.262886e+14 8.661959e+13 7.315245e+13 8.286202e-01 -5.349972e-02 5.572490e-01 -1.570397e+01 0 4261097
-3.067381e+13 1.669274e+14 4.122930e+12 3.292844e-01 3.953237e-01 8.574911e-01 1.067166e+01 0 3
1.361188e+14 1.054362e+14 -1.630001e+13 6.180484e-01 5.092355e-01 5.989118e-01 -1.034762e+01 0 4851192
-1.484071e+14 -8.215883e+13 -1.123362e+13 -9.516041e-01 -2.385563e-02 -3.063993e-01 3.092812e-01 0 17
2.981766e+13 -1.652594e+14 -5.583811e+13 4.117424e-01 -5.516228e-01 -7.253830e-01 -4.153493e+00 0 8022516
-3.569283e+13 -1.540985e+14 -6.499805e+13 -7.083909e-01 -6.398109e-01 2.980340e-01 2.399099e+00 0 78
1.617113e+14 -1.786785e+13 -5.125182e+13 5.217945e-01 -8.241883e-01 -2.201003e-01 -7.752911e+00 0 7167904
6.979957e+13 1.409497e+14 7.902171e+13 -3.308740e-01 3.579266e-01 8.731614e-01 2.925781e+01 0 75
-1.271591e+14 -1.084555e+14 -8.134248e+13 -8.254306e-01 -5.256739e-01 -2.057456e-01 9.279502e+00 0 4
3.600599e+13 -1.478102e+14 -8.090726e+13 -4.906561e-01 -8.713078e-01 -8.909089e-03 -3.776741e+01 0 11
1.216987e+14 8.902610e+13 -7.822868e+13 -3.492195e-01 -1.915438e-01 -9.172550e-01 7.504512e+00 0 221151
1.169229e+14 -1.003751e+14 -8.367922e+13 8.555767e-01 -1.780594e-01 -4.860899e-01 1.641409e+01 0 11
-8.553022e+13 4.908943e+13 1.411445e+14 1.783714e-01 3.945905e-01 9.013778e-01 1.344727e+01 0 1855452
-8.801784e+13 1.789564e+14 -1.407740e+13 -4.327661e-01 8.376594e-01 3.332270e-01 -2.077836e+01 0 1
-2.036768e+14 -1.282302e+13 1.273165e+14 -8.631330e-01 -4.632010e-01 2.011126e-01 -9.089474e+00 0 3575814
1.785634e+14 -6.377188e+13 -1.237438e+14 8.672612e-01 -4.939244e-01 -6.242449e-02 2.589518e+01 0 51
-1.113199e+14 1.647697e+14 1.315763e+13 -5.502852e-01 6.755212e-01 4.907722e-01 1.584279e+01 0 17
7.243683e+13 2.373895e+13 1.656002e+14 8.848351e-01 3.103508e-02 4.648695e-01 -2.167827e+01 0 8527594
3.584489e+13 -1.169819e+14 1.201290e+14 -4.711084e-01 3.703483e-01 8.005617e-01 1.464774e+01 0 6261521
-1.341635e+14 -3.226454e+13 -9.888261e+13 1.798122e-01 -4.745954e-01 -8.616419e-01 -9.300314e+00 0 2
-1.049319e+14 1.006874e+14 -9.060750e+13 -3.198783e-01 4.615725e-02 -9.463336e-01 1.739238e+01 0 15221
-4.353600e+12 1.266762e+14 -1.171734e+14 -8.931333e-01 -1.076811e-01 -4.367125e-01 2.805915e+00 0 1345781
-1.100220e+14 1.193662e+14 5.403281e+13 -5.464027e-01 7.874086e-01 2.853626e-01 -1.398254e+01 0 1
2.238796e+13 1.483536e+14 7.955185e+13 -6.432295e-01 5.457216e-01 -5.370696e-01 2.639855e+01 0 7340285
-1.108539e+14 -1.547180e+14 -2.229167e+12 -6.339546e-01 -7.682496e-01 -8.884819e-02 1.819564e+01 0 104
1.478741e+14 -1.265513e+14 -7.666510e+12 9.912337e-01 -8.292488e-02 -1.028558e-01 2.516522e+00 0 978758
-4.056919e+13 -1.214083e+14 -1.419867e+14 -4.850707e-01 -3.538508e-01 -7.996850e-01 1.114188e+01 0 13341608
-1.221541e+14 -8.623702e+12 -1.201518e+14 -2.216200e-01 -8.586636e-01 -4.621487e-01 3.093020e+01 0 11666589
1.219397e+14 -1.104056e+14 5.631228e+13 -5.970972e-02 -9.458368e-01 3.191043e-01 -3.470938e+01 0 9412928
1.411597e+14 -9.047493e+13 -3.339080e+13 5.144374e-01 -7.388716e-01 -4.352275e-01 -2.341198e+01 0 75
5.643515e+13 -1.637975e+14 -5.140092e+13 2.044051e-01 -8.181781e-01 -5.374040e-01 1.602748e+01 0 50
1.847270e+13 1.364032e+14 -1.133143e+14 -6.173867e-01 7.822389e-01 -8.328240e-02 2.404416e+01 0 928887
-1.607370e+14 -2.607160e+13 5.719754e+13 -8.076341e-01 -4.002564e-01 -4.330381e-01 1.600660e+01 0 3
-5.195569e+13 -1.663878e+14 -1.030994e+12 -8.743376e-01 -4.446422e-01 -1.944919e-01 -5.117247e+00 0 11790803
7.213640e+13 1.175351e+14 1.041919e+14 5.859042e-01 7.443903e-01 3.203113e-01 -9.620894e+00 0 2679582
-1.551880e+14 -7.539953e+13 4.760694e+12 -1.620227e-01 -1.159152e-01 9.799553e-01 -2.161098e+01 0 8580638
1.071070e+14 -1.479893e+14 -2.494359e+13 6.540739e-01 -6.613204e-01 3.672094e-01 -7.937756e+00 0 667801
-2.025785e+14 2.361905e+13 -3.073353e+12 -9.594182e-01 2.598884e-01 -1.094292e-01 -2.405801e+01 0 6458261
-4.770856e+13 1.252857e+14 -1.110306e+14 -4.074415e-01 5.066126e-01 -7.598257e-01 1.442112e+01 0 950551
1.263332e+14 1.089291e+14 -3.357951e+13 6.839201e-01 4.896824e-01 -5.407999e-01 8.240914e+00 0 5891886
7.967906e+13 -1.542472e+14 3.166328e+13 2.243889e-02 -9.448490e-01 3.267366e-01 -2.038397e+01 0 7758209
1.585322e+13 -1.304152e+14 -1.097670e+14 1.569136e-01 -5.594895e-03 -9.875965e-01 -5.125305e+00 0 5
1.400121e+14 -2.291272e+13 -9.411434e+13 6.517533e-01 -6.877061e-01 -3.198091e-01 -1.801643e+01 0 4749350
-7.577025e+12 -1.654128e+14 -3.910925e+13 6.342048e-01 -7.705722e-01 6.326781e-02 -5.718457e+00 0 14460498
-1.510672e+14 -6.316819e+13 4.874876e+13 -7.019613e-01 -5.941555e-01 3.927208e-01 -4.006151e+00 0 923241
6.742128e+13 -1.298151e+14 -9.322181e+13 8.616864e-01 -5.056077e-01 4.309821e-02 -3.529345e+00 0 1676392
-8.319521e+13 -9.914205e+13 -1.138755e+14 -4.560236e-01 -8.705224e-01 1.850222e-01 -1.742902e+00 0 3712838
-9.003095e+13 -1.270470e+14 6.742428e+13 -5.335843e-01 -6.403209e-01 -5.525187e-01 -1.272876e+00 0 57180
-1.173783e+14 2.522760e+13 1.213127e+14 6.023762e-02 9.670174e-01 2.474848e-01 -2.504574e+01 0 7299692
1.224932e+14 5.321309e+13 -1.215003e+14 4.334703e-01 7.211829e-01 -5.403690e-01 2.272951e+01 0 11544597
2.873792e+13 -5.853843e+13 -1.565893e+14 2.839048e-01 -6.462025e-02 -9.566725e-01 5.510073e+00 0 147284
-7.098876e+13 -8.284225e+13 -1.394104e+14 -3.570969e-01 1.021450e-01 -9.284655e-01 1.459404e+01 0 16799967
1.478072e+14 -7.614622e+13 9.059056e+13 5.038109e-01 -6.113815e-01 6.102353e-01 -2.521723e+01 0 10710633
1.374419e+14 -9.965841e+13 1.317836e+13 -7.121124e-02 -9.360983e-01 3.444546e-01 -1.126524e+01 0 44933
1.811986e+14 4.569182e+13 -1.606000e+13 8.849515e-01 -1.918356e-02 4.652880e-01 1.666283e+01 0 11
5.342974e+13 -3.631221e+13 1.653861e+14 2.979741e-01 -5.067985e-01 8.089294e-01 7.392308e+00 0 1102419
-1.656174e+14 3.779240e+13 -1.010467e+13 -4.960748e-01 -3.315563e-01 8.024838e-01 4.069516e+00 0 7592808
2.027629e+14 2.886329e+13 -2.669769e+13 7.919232e-01 -5.476912e-01 -2.699853e-01 3.495776e+00 0 13031995
-5.700910e+13 4.194638e+12 -1.616582e+14 4.143391e-01 1.532663e-01 -8.971246e-01 7.538195e+00 0 1720448
1.572524e+14 3.849463e+13 6.301693e+13 8.879032e-01 -3.839331e-01 2.534232e-01 6.537481e+00 0 3
-2.202733e+13 1.681615e+14 -1.335496e+13 8.440515e-01 4.828852e-01 -2.332358e-01 -3.449840e+01 0 2
9.711787e+13 -1.361325e+13 1.481500e+14 2.810466e-01 -6.272474e-01 7.263425e-01 -2.239745e+01 0 2920506
-1.040090e+14 -4.910856e+13 -1.471260e+14 -2.148433e-01 -3.633451e-01 -9.065444e-01 1.554111e+01 0 4171131
3.233759e+13 1.681316e+14 -5.275591e+12 -6.442808e-01 5.403727e-01 5.412021e-01 4.343007e+00 0 27724446
1.026849e+14 -6.860280e+13 -1.350881e+14 5.253017e-01 -8.498888e-01 -4.179745e-02 1.149634e+01 0 3288056
1.487183e+14 -1.008695e+14 -2.757211e+13 7.658272e-01 -6.413179e-01 -4.711737e-02 -2.411976e+01 0 3702182
9.912827e+12 1.674307e+14 8.664158e+13 -3.447674e-01 5.428767e-01 7.657808e-01 2.331012e+01 0 733842
7.728643e+13 9.111139e+13 1.318060e+14 6.804201e-01 5.754679e-01 4.537237e-01 -1.331754e+01 0 3348791
2.386417e+13 -1.820426e+13 1.670003e+14 7.506304e-01 -3.935720e-01 5.307119e-01 -3.159418e-01 0 2007855
1.357621e+14 -4.837579e+13 -1.307513e+14 9.596774e-01 -2.623695e-01 1.009033e-01 2.186963e+01 0 1091855
1.909383e+14 -5.597729e+12 5.075541e+12 6.457093e-01 -7.552096e-01 1.127735e-01 -3.726306e+01 0 4463142
-1.647585e+14 -1.041016e+13 5.762772e+13 -5.886075e-01 4.906261e-01 -6.425163e-01 -2.950721e+00 0 1
6.557178e+13 3.746343e+13 -1.560878e+14 -2.122884e-02 7.871076e-01 -6.164502e-01 -1.027397e+01 0 23065212
-5.972856e+12 1.134190e+13 -1.722395e+14 -4.706679e-01 8.293665e-01 -3.010365e-01 -1.193751e+01 0 2892874
1.413855e+14 -4.612451e+13 8.189418e+13 3.789176e-01 1.914901e-01 9.054021e-01 6.524903e+00 0 5199002
6.915376e+13 3.797739e+13 1.573352e+14 6.755297e-01 2.970527e-01 6.748477e-01 1.027147e+01 0 12
-1.557354e+14 -7.099735e+13 3.334919e+13 -8.701243e-01 -3.890420e-01 3.025394e-01 1.193834e+01 0 1
-4.252706e+13 -9.933960e+13 -1.411226e+14 -6.244120e-01 -7.802151e-01 -3.706907e-02 -1.203166e+01 0 528493
-1.495594e+14 -6.764706e+13 -5.461717e+13 -2.345129e-01 -8.621238e-01 4.491617e-01 3.394712e+01 0 6782241
3.167382e+13 -1.812684e+13 1.659557e+14 -4.033460e-02 8.892942e-01 4.555534e-01 1.716964e+01 0 15
-1.188733e+14 -7.252661e+13 -1.005123e+14 -5.083072e-01 -1.063237e-01 -8.545871e-01 1.041096e+01 0 49
-1.820845e+14 -5.796918e+12 -1.997676e+13 -8.048352e-01 -1.315813e-01 5.787285e-01 -1.041486e+01 0 2911282
1.214699e+13 -1.703970e+14 1.500850e+14 5.288311e-01 -7.922046e-01 3.045480e-01 -1.782325e+01 0 9613150
6.408793e+12 -2.711279e+13 -1.673051e+14 7.675319e-01 -3.540131e-01 -5.343871e-01 -1.405615e+01 0 9581421
5.686033e+13 -3.950881e+13 -1.556024e+14 2.909103e-01 -4.196324e-01 -8.598138e-01 3.380536e+00 0 4591965
4.637228e+13 -1.376270e+14 -1.053558e+14 7.236078e-01 -6.901793e-01 6.658215e-03 -8.616231e+00 0 2316672
-5.355211e+13 -1.608701e+14 1.193117e+13 1.473271e-01 -9.539053e-01 -2.614562e-01 2.629279e+01 0 34
1.018501e+14 -1.821058e+14 -3.457158e+13 7.562642e-01 -4.908532e-01 -4.325825e-01 1.457013e+00 0 6
3.142500e+13 1.315824e+14 1.037882e+14 5.460241e-01 2.219491e-01 8.078343e-01 -1.616379e+00 0 5107506
-3.316879e+13 -4.356388e+13 -1.639098e+14 -8.270268e-01 -3.846836e-01 -4.099331e-01 8.562703e+00 0 2851743
5.323374e+13 1.726437e+14 5.093450e+13 2.205263e-01 9.012979e-01 3.728675e-01 -1.674338e+01 0 435017
-1.603770e+13 -6.052111e+13 1.592009e+14 -5.623760e-01 -6.124373e-01 5.555663e-01 1.749023e+00 0 2769297
1.551558e+13 1.592974e+14 7.522653e+13 3.259169e-01 5.749548e-01 7.504700e-01 -2.046074e+01 0 1
-1.006215e+14 -7.629244e+13 -1.350201e+14 -7.590032e-01 -6.489141e-01 -5.314782e-02 -1.215880e+01 0 1491725
1.593074e+14 6.261320e+13 2.542814e+13 9.232701e-01 -7.492596e-02 3.767737e-01 -2.652305e+01 0 6572343
1.268967e+14 1.679731e+12 -1.196085e+14 4.595823e-01 3.732991e-01 -8.058734e-01 1.554058e+01 0 14267651
-1.384228e+13 1.347616e+13 1.688765e+14 3.852116e-01 3.234214e-01 8.642978e-01 6.052581e+00 0 909509
8.368844e+13 1.918106e+12 -1.735960e+14 2.685715e-01 5.083217e-01 -8.182166e-01 2.150263e+01 0 5462846
-1.070331e+13 1.270184e+14 -1.146209e+14 -6.630477e-01 5.245641e-01 -5.340414e-01 -3.923843e+00 0 3548805
-7.986433e+13 1.501799e+14 -6.520344e+12 4.639488e-01 6.485609e-01 6.034238e-01 -6.682624e+00 0 18
-9.298940e+13 2.464734e+13 -1.445161e+14 5.378371e-01 -2.029212e-02 -8.428045e-01 -1.663509e+01 0 2490610
-4.588568e+13 -5.876991e+13 1.803231e+14 5.987201e-01 1.488809e-01 7.869998e-01 -1.400651e+01 0 7121259
5.574911e+13 -1.693693e+13 -1.647353e+14 8.549233e-01 2.633859e-01 -4.469161e-01 -4.011713e+00 0 2956494
7.936696e+13 1.626363e+14 1.896500e+13 7.759569e-01 2.225123e-01 5.902365e-01 2.496917e+00 0 3552438
5.011143e+13 -1.625390e+14 -2.235765e+13 -2.953490e-01 -4.781625e-01 -8.271213e-01 -1.998690e+01 0 17483631
1.481459e+13 -1.695275e+14 1.670580e+13 6.526301e-01 -7.502463e-01 1.058508e-01 1.819508e+01 0 1831728
-1.449677e+14 2.726975e+13 1.176927e+14 -6.290688e-01 4.114232e-01 6.595479e-01 -1.472941e+01 0 968564
7.407825e+13 1.458319e+14 5.029855e+13 6.047996e-01 7.924966e-01 7.852774e-02 5.484470e+00 0 13376242
1.275410e+13 4.734249e+13 -1.688435e+14 6.109443e-01 -2.419920e-02 -7.913037e-01 4.655037e+00 0 304384
-1.233068e+13 -7.701852e+13 1.519919e+14 6.793638e-01 -5.859118e-01 4.417831e-01 1.653602e+01 0 2100998
1.652024e+14 -3.116695e+13 2.501905e+13 9.558351e-01 9.154813e-02 -2.792816e-01 4.073184e+00 0 425879
1.565401e+14 -4.154587e+13 -9.740207e+13 4.022252e-01 -8.139092e-01 -4.192454e-01 4.321109e+00 0 16606484
1.175714e+14 4.219255e+13 1.179307e+14 8.995595e-01 2.904057e-01 3.262778e-01 -1.507905e+01 0 3974866
6.296994e+13 -6.644206e+13 1.516682e+14 9.975941e-01 1.302272e-03 6.931311e-02 1.895835e+01 0 15
3.049220e+13 1.684027e+14 -1.971783e+13 -1.530814e-01 2.756255e-01 -9.489977e-01 1.658012e+01 0 4
-1.638746e+14 9.829698e+12 5.392399e+13 -3.057180e-01 3.752710e-01 8.750475e-01 8.238367e-02 0 4180859
2.307090e+12 1.645557e+14 4.172467e+13 -2.944820e-01 9.483266e-01 -1.181398e-01 -8.953302e+00 0 2692418
-4.815593e+13 1.394330e+12 1.652824e+14 -7.044085e-01 5.620940e-01 4.334271e-01 -1.415414e+01 0 7105684
5.204478e+13 -1.573568e+14 -5.641197e+13 -2.255867e-01 -6.684281e-01 -7.087415e-01 -1.769598e+01 0 6861232
-1.778545e+13 -1.590882e+13 1.692273e+14 1.669692e-01 4.623130e-01 8.708547e-01 -1.155759e+01 0 2637421
-1.397233e+14 3.226778e+13 -1.013582e+14 -8.770447e-01 2.456685e-01 -4.128432e-01 -8.236257e+00 0 2887744
4.021249e+13 1.645133e+14 -2.479227e+13 -1.689538e-01 5.458307e-01 -8.206848e-01 2.125466e+01 0 1
-3.378668e+13 9.076964e+12 -1.660206e+14 -2.320875e-01 -2.686111e-01 -9.348708e-01 7.524470e+00 0 591723
1.557973e+14 5.520143e+13 4.312008e+13 7.493488e-01 -5.505255e-01 -3.679647e-01 -2.985372e+01 0 935274
-7.517634e+13 1.498755e+14 3.271626e+13 -7.544569e-01 1.178576e-01 6.456813e-01 8.221824e+00 0 12584
4.193898e+13 8.442761e+13 -1.410837e+14 -6.024946e-01 -8.160150e-02 -7.939404e-01 3.929264e+00 0 42976
-7.452374e+13 1.282517e+13 1.522779e+14 -7.795621e-01 5.983266e-01 1.851709e-01 -1.819716e+01 0 413884
7.072329e+13 5.891100e+12 1.544649e+14 -3.581714e-01 5.827541e-01 7.294594e-01 1.734101e+00 0 6096325
-9.068496e+13 1.143694e+14 -9.702724e+13 4.692080e-01 5.160344e-01 -7.166257e-01 5.175597e+00 0 1
1.377057e+14 1.045745e+14 -9.590622e+12 7.716524e-01 -1.653936e-01 6.141640e-01 -5.599502e-01 0 3297914
-1.900537e+14 5.118965e+12 -3.672190e+13 -7.980513e-01 4.051076e-01 -4.460963e-01 4.721171e+00 0 3675672
-5.111243e+13 -6.456017e+13 1.660945e+14 -3.896092e-01 -8.965889e-01 2.105542e-01 -1.069640e+01 0 2456842
-7.503803e+13 3.050002e+13 -1.499675e+14 6.041943e-01 6.494697e-01 -4.616690e-01 -1.574517e+01 0 24796
-1.301059e+14 2.372485e+12 -1.148516e+14 -7.582637e-01 -3.473032e-01 -5.517397e-01 -1.089206e+01 0 244408
-1.383261e+14 9.919256e+13 -9.637750e+13 -3.100810e-01 8.605495e-01 -4.041094e-01 -3.384597e+01 0 2912535
1.071568e+14 -4.268373e+13 -1.380243e+14 2.287362e-01 4.109834e-02 -9.726205e-01 -1.935248e+01 0 3020663
-1.587963e+14 -4.000216e+13 9.059635e+13 -8.907122e-01 1.514151e-01 4.286086e-01 1.390552e+01 0 681484
3.138739e+13 1.244069e+14 -1.114366e+14 2.490169e-01 9.306353e-01 -2.681577e-01 -1.168263e+01 0 42
-9.481847e+13 2.294195e+13 -1.676645e+14 -4.302783e-01 2.542834e-01 -8.661412e-01 1.914766e+01 0 40
-1.226354e+14 -1.019453e+14 7.109034e+13 -3.318540e-01 -9.211437e-01 -2.033892e-01 2.139683e+01 0 220438
1.276047e+14 -8.534236e+13 7.603430e+13 6.758352e-01 -7.333220e-01 -7.406494e-02 5.797361e+00 0 2364610
1.038889e+14 -9.818853e+13 -9.194850e+13 4.059034e-01 -8.080619e-01 4.269408e-01 -1.958779e+01 0 28486778
1.216500e+14 -1.248120e+14 1.907818e+13 8.643742e-01 -1.512305e-01 -4.795691e-01 6.339867e-01 0 5195412
2.269028e+13 1.711264e+14 -6.755808e+12 8.181224e-02 9.921937e-01 -9.411928e-02 1.555250e+01 0 3
3.866112e+12 1.410562e+13 -1.706677e+14 8.811808e-02 1.942402e-01 -9.769882e-01 -1.454641e+01 0 43511
-1.571992e+14 8.825252e+13 -5.125536e+13 -8.351182e-01 4.167376e-01 -3.590366e-01 2.093127e+01 0 2
3.043830e+13 1.124539e+14 1.365801e+14 -4.540749e-02 5.873304e-01 8.080725e-01 1.629078e+01 0 6165582
1.298110e+14 1.173799e+14 2.749448e+13 4.371285e-01 8.186329e-01 3.725035e-01 1.944472e+01 0 3367370
6.091588e+13 1.594538e+14 -1.294643e+13 4.307370e-01 2.911730e-02 -9.020076e-01 -2.351125e+01 0 3
-1.126656e+14 -1.257216e+14 2.045688e+13 -9.247753e-01 9.469679e-02 3.685418e-01 -2.679305e+01 0 1898277
1.460691e+14 8.375651e+13 -3.913811e+13 8.920471e-01 3.343378e-01 -3.040890e-01 -1.039563e+01 0 1869368
-1.294692e+14 1.026581e+14 -4.192485e+13 -9.527857e-01 2.940889e-01 7.557196e-02 1.298851e+01 0 4200150
-1.461254e+13 -1.412829e+14 -9.312360e+13 1.655857e-01 -8.737817e-01 4.572603e-01 1.675440e+01 0 1124837
4.758201e+13 5.155643e+13 1.587554e+14 3.129739e-03 -2.598681e-01 9.656391e-01 5.363309e+00 0 4
-1.065755e+14 -4.036660e+13 1.290264e+14 2.226926e-01 4.920848e-02 9.736460e-01 1.029675e+01 0 647154
-8.930481e+13 -1.502996e+14 3.076754e+13 -6.993871e-01 -6.559295e-01 2.839262e-01 -1.594439e+01 0 478366
1.130402e+14 -6.964333e+13 -1.058599e+14 6.376446e-01 -4.350457e-01 -6.357237e-01 2.534950e+00 0 5
1.080899e+14 -5.518523e+13 1.428461e+14 6.450019e-01 -3.801120e-01 6.629384e-01 -1.801007e+01 0 5908761
4.013573e+13 1.447813e+14 9.156025e+13 8.999662e-02 9.868646e-01 1.341602e-01 -6.425331e+00 0 6954828
1.529151e+14 2.641912e+13 -1.353291e+14 7.104571e-01 -2.492966e-01 -6.581048e-01 1.321748e+01 0 3486089
-1.558631e+14 6.799919e+13 9.805348e+13 -7.105237e-01 6.974864e-01 9.310624e-02 -2.231961e+01 0 13986041
1.199671e+14 -1.106716e+14 -5.208702e+13 8.562995e-02 -9.092619e-01 -4.073208e-01 -9.967830e+00 0 1144355
-3.436176e+13 -1.467563e+14 -8.130173e+13 -6.330708e-01 -7.305286e-01 -2.560262e-01 5.219628e+00 0 26
-1.275118e+14 -1.089985e+14 1.260593e+14 -5.634122e-01 -7.617711e-02 8.226565e-01 -2.484298e+01 0 2747253
-8.807238e+13 -1.623309e+13 1.643637e+14 -2.669961e-01 3.561782e-01 8.954609e-01 -1.723580e+01 0 7324766
6.351853e+13 -1.088993e+14 -1.223455e+14 -4.245769e-01 -8.886313e-01 -1.734037e-01 -2.065110e+01 0 2911460
1.016385e+14 -6.170733e+13 -1.250151e+14 2.481586e-01 -8.478612e-01 -4.685603e-01 1.330155e+01 0 4316929
7.274949e+13 1.613072e+14 -7.918911e+13 5.192946e-01 8.505576e-01 8.297555e-02 1.181041e+01 0 12
-1.344927e+14 7.369348e+13 7.244281e+13 -9.270140e-01 -3.684012e-01 -7.018285e-02 2.857320e+01 0 39
-1.621610e+14 1.150483e+13 -4.905404e+13 -3.860102e-01 -7.272004e-01 5.676053e-01 2.791045e+01 0 22
-1.152789e+14 1.240339e+14 1.351544e+13 -3.962375e-01 8.649295e-01 3.080468e-01 -3.875816e+00 0 377701
-3.403369e+13 5.709112e+13 -1.596340e+14 -4.235686e-01 6.850821e-01 -5.926653e-01 1.599167e+01 0 1097714
-8.095663e+13 1.510861e+14 -1.531844e+14 -4.117198e-01 4.543987e-01 -7.899422e-01 -1.510316e+01 0 533271
-5.658177e+13 -6.124000e+13 -1.505134e+14 6.795975e-01 -3.393211e-01 -6.503910e-01 1.796216e+01 0 32981572
1.360773e+14 -6.962117e+13 -1.081060e+14 5.700413e-01 -5.089250e-01 -6.450180e-01 -2.106253e+01 0 13
-8.572891e+13 -1.490777e+14 2.084856e+13 -7.892866e-01 -3.917636e-01 4.728087e-01 4.511143e+00 0 18363905
1.864906e+13 3.714198e+12 -1.685561e+14 2.914937e-01 9.190057e-01 -2.654431e-01 2.726741e+00 0 2957902
1.211398e+14 8.934294e+13 9.301459e+13 -4.037965e-01 7.664419e-01 4.995150e-01 -1.220814e+00 0 1
-2.564923e+13 1.354342e+14 1.026667e+14 -1.801322e-01 9.741130e-01 -1.365880e-01 7.799893e+00 0 5
4.435110e+13 -1.509295e+14 -7.210085e+13 -1.654899e-01 -4.594766e-01 -8.726365e-01 -2.368352e+01 0 6
-8.812341e+13 4.691739e+13 -1.371449e+14 -6.374282e-01 -2.703073e-02 -7.700355e-01 1.804361e+00 0 1394710
2.042603e+12 -3.495899e+13 -2.483275e+14 -1.427095e-01 -3.793851e-02 -9.890372e-01 2.265108e+01 0 7426580
7.924008e+13 6.458991e+13 1.520505e+14 7.806480e-01 3.977812e-01 4.820362e-01 -1.796972e+01 0 378050
-9.601422e+12 1.222767e+13 -1.752670e+14 -4.876027e-02 5.929407e-01 -8.037685e-01 -1.172384e+01 0 162807
1.123941e+14 1.374124e+14 -1.336450e+13 6.256332e-01 6.454124e-01 4.382077e-01 -1.399697e+01 0 21027903
-7.351148e+13 2.041968e+13 -1.888339e+14 -3.162664e-01 4.948871e-01 -8.093592e-01 1.023837e+01 0 1366993
8.974995e+12 4.255815e+13 -1.651944e+14 -1.691639e-01 -2.837097e-01 -9.438710e-01 6.269696e+00 0 852798
3.834193e+12 3.343938e+13 1.799157e+14 -3.990961e-01 6.248991e-01 6.709869e-01 1.685214e+01 0 638823
-6.878711e+13 1.254760e+14 9.223772e+13 -5.068725e-01 7.972155e-01 -3.279143e-01 8.316514e+00 0 11273380
9.714524e+13 -6.229707e+13 -1.297019e+14 5.474423e-01 -3.755525e-01 -7.478417e-01 8.998233e+00 0 7613807
-2.874989e+13 -1.605281e+14 -4.660905e+13 -2.325298e-01 -7.905109e-01 -5.665884e-01 5.824827e+00 0 3875850
4.877000e+13 -1.614405e+14 3.958931e+13 4.049030e-01 -9.079416e-01 -1.081465e-01 8.828761e+00 0 46913
5.711063e+13 1.645802e+13 -1.899687e+14 2.605207e-02 7.215472e-01 -6.918749e-01 -5.620032e+00 0 4754493
-1.524707e+14 4.418217e+13 -6.758578e+13 -6.275031e-01 7.249088e-01 2.841603e-01 6.106784e-01 0 1
1.693346e+14 2.175818e+13 1.172704e+13 8.145238e-01 1.655777e-01 5.559991e-01 -6.413216e+00 0 1
-1.742177e+14 1.700979e+13 -1.008335e+14 -5.587910e-01 3.041077e-01 -7.715382e-01 -2.111094e+01 0 9759562
8.686057e+13 -2.626897e+13 1.490045e+14 3.036984e-01 8.225140e-01 4.808720e-01 2.138651e+01 0 4
-1.990987e+14 -1.367593e+13 -6.417229e+13 -9.497349e-01 3.129553e-01 -7.912100e-03 -2.945243e+01 0 6459908
-5.026873e+13 1.457939e+14 -7.762667e+13 -2.815976e-01 7.647073e-01 -5.795908e-01 -1.085310e+01 0 4299088
-1.574607e+12 -1.348445e+14 -1.116459e+14 4.692238e-01 -8.269465e-01 -3.098201e-01 -3.930430e+00 0 4644326
-9.401809e+13 -1.714321e+13 1.401545e+14 -1.908056e-01 -3.160777e-01 9.293482e-01 4.801030e-01 0 3747687
8.815505e+13 1.096122e+14 9.879567e+13 2.127862e-01 -1.529386e-01 9.650554e-01 -1.259931e+01 0 5354906
-1.238327e+14 1.192045e+14 8.929864e+12 -1.312023e-01 3.651636e-01 9.216515e-01 1.589521e+00 0 30
1.958442e+13 9.848193e+13 1.449455e+14 -2.116678e-01 9.753713e-01 6.202939e-02 2.455006e+01 0 4790638
3.561213e+13 5.313556e+13 1.573870e+14 1.757689e-01 7.025545e-01 6.895814e-01 2.840810e+01 0 2087886
-8.987505e+13 7.433820e+13 -1.265268e+14 -9.028622e-01 3.604310e-01 -2.343702e-01 -1.773251e+00 0 670934
1.581531e+14 7.837986e+13 -5.082821e+13 5.459053e-01 4.151750e-01 -7.277479e-01 -7.962083e+00 0 3287014
-3.698269e+13 -1.623455e+14 3.982034e+13 -5.498064e-01 -4.217246e-01 7.210141e-01 -2.595628e+01 0 16979035
1.046800e+14 -6.769802e+13 -1.167496e+14 6.177741e-01 -5.860349e-01 5.243265e-01 -1.021947e+01 0 5
-7.112018e+13 -4.888715e+13 -1.463897e+14 4.626548e-01 3.705081e-01 -8.054032e-01 -8.383401e+00 0 4526969
-7.447439e+13 -1.692215e+14 1.016233e+14 -5.658478e-01 -7.202269e-01 4.013596e-01 -2.238465e+01 0 9905980
-3.913266e+12 1.676968e+14 7.709343e+13 3.129001e-02 9.303953e-01 -3.652198e-01 1.288375e+01 0 21540744
1.206741e+14 -1.301148e+14 -2.065281e+13 8.242988e-01 -4.957943e-01 -2.733488e-01 -8.469391e+00 0 5404027
-6.325488e+13 -1.129980e+14 1.342574e+14 -4.794800e-01 -7.097068e-01 5.161542e-01 2.039687e+01 0 2820415
2.656312e+13 -1.037452e+14 -1.373281e+14 -5.399517e-01 -7.009494e-01 -4.659636e-01 -9.909767e-01 0 1100608
2.240253e+13 -6.742365e+13 -1.610059e+14 -6.020915e-01 1.523598e-01 -7.837553e-01 -2.128789e+01 0 7469855
-1.033701e+14 -5.567674e+13 -1.231630e+14 3.986756e-01 -3.022034e-01 -8.658700e-01 1.207779e+01 0 5739009
-1.644452e+14 -3.023647e+13 -8.480204e+13 -7.254906e-01 1.967997e-01 -6.594947e-01 1.403152e+01 0 4722605
1.578578e+14 -5.740577e+13 1.299943e+14 7.727036e-01 -2.464239e-01 5.849824e-01 1.711761e+01 0 5
4.210010e+13 -1.442097e+14 7.957723e+13 1.402455e-01 -9.893103e-01 3.995433e-02 1.203834e+00 0 8378108
1.389204e+14 5.137559e+13 -9.048551e+13 1.092989e-01 4.363661e-01 -8.931060e-01 -6.989227e+00 0 1793359
-9.779871e+13 1.088705e+14 8.678470e+13 3.396418e-01 3.679239e-01 8.656070e-01 -2.386462e+01 0 3800400
1.252667e+14 1.869762e+14 -2.636147e+13 5.349356e-01 7.798106e-01 3.251757e-01 -2.162282e+01 0 5978927
1.352743e+14 2.799186e+13 -1.507911e+14 7.009198e-01 4.285488e-02 -7.119515e-01 1.480259e+01 0 13076967
1.817684e+14 5.463871e+13 6.529656e+13 8.396310e-01 -2.395723e-02 5.426286e-01 -1.790417e+01 0 5371817
5.212101e+12 1.809565e+14 -2.862433e+12 4.859504e-01 8.681968e-01 -1.004322e-01 -1.392044e+00 0 4442585
1.699141e+13 9.272179e+13 1.758957e+14 2.323631e-01 -5.540683e-02 9.710497e-01 1.413883e+01 0 2706362
6.321979e+13 1.671765e+14 -7.431987e+13 6.890471e-01 4.373591e-01 -5.778678e-01 4.188914e-01 0 1038258
-7.325993e+12 1.302334e+14 -1.131998e+14 4.397956e-01 7.424462e-01 -5.053252e-01 4.855294e+00 0 8761405
4.997176e+13 1.643115e+14 -5.859765e+13 -4.975830e-01 8.230254e-01 -2.739351e-01 6.722458e-01 0 914135
3.490303e+13 -1.708559e+14 -1.024899e+13 -5.168938e-01 -7.821836e-01 -3.478643e-01 -3.874575e+01 0 7802417
5.696323e+13 -7.097754e+13 -1.460759e+14 -3.503983e-01 -3.838352e-01 -8.543370e-01 -1.957255e+01 0 7
7.895917e+13 1.140276e+14 -1.026916e+14 3.852831e-01 -7.933012e-02 -9.193822e-01 -1.936752e+01 0 25
1.549506e+14 -7.580025e+13 -5.486959e+13 7.726574e-01 -3.845820e-01 5.050716e-01 -1.730676e+01 0 3250529
-1.274669e+14 9.318694e+13 6.768058e+13 -7.238362e-01 5.585772e-01 4.050341e-01 4.475062e+00 0 290595
1.624797e+14 -3.201614e+13 -3.813668e+13 5.950207e-01 6.737219e-01 4.382341e-01 2.136733e+01 0 5296808
-2.505600e+13 -2.306973e+13 -1.663578e+14 -1.380817e-01 -4.152223e-01 -8.991796e-01 -1.311915e+01 0 10439145
-1.104878e+14 -1.235468e+14 6.821393e+13 -1.179607e-01 -8.382322e-01 -5.324022e-01 2.449537e+01 0 2447194
2.103448e+13 -5.912886e+13 1.659761e+14 -2.173273e-01 -8.475073e-01 4.842522e-01 1.002966e+01 0 2274434
-1.824675e+14 -9.875534e+13 -2.388898e+14 -6.186268e-01 -4.655001e-01 -6.329381e-01 2.226395e+01 0 11649932
-1.599113e+14 -5.630406e+13 -1.326849e+13 -8.959441e-01 -3.309789e-01 2.962046e-01 -6.278701e+00 0 419359
-4.392079e+13 1.916922e+14 -1.128441e+13 -7.785588e-01 6.185979e-01 -1.057489e-01 3.722243e+01 0 2
-1.093324e+14 -1.076997e+14 7.745372e+13 5.180797e-02 -7.429033e-01 6.673909e-01 2.734196e+01 0 1
-8.946375e+13 -1.614763e+14 -2.211397e+13 -5.953454e-01 -7.897568e-01 1.478108e-01 -2.225938e+01 0 1591592
-9.224141e+13 -1.414533e+14 3.400479e+13 -7.939653e-01 -3.174327e-01 -5.185128e-01 -1.277393e+00 0 18951190
-1.166929e+14 -1.731542e+13 -1.295026e+14 -5.601845e-01 -7.481674e-01 -3.555824e-01 2.252366e+01 0 3987982
1.596550e+14 -6.934833e+13 -1.934321e+13 7.289182e-01 -1.046941e-01 6.765481e-01 -3.795178e+00 0 1055838
-1.886812e+14 -3.785280e+13 -6.373659e+12 -8.555218e-01 -6.189859e-02 5.140535e-01 1.180056e+01 0 17387610
-4.704339e+12 -4.652967e+13 -1.632756e+14 5.539400e-01 -2.238118e-01 -8.019095e-01 -1.175835e+00 0 1703569
1.651509e+14 -4.517101e+13 -3.689900e+13 9.062078e-01 -2.066873e-01 -3.688736e-01 1.633798e+01 0 14
1.080751e+14 1.047698e+14 -8.002271e+13 6.481956e-01 4.151564e-01 -6.383476e-01 2.198981e+00 0 3262517
1.040390e+14 -7.852821e+13 1.099469e+14 2.274736e-01 -9.721474e-01 5.643812e-02 -1.799527e+01 0 1937708
-3.199608e+13 1.511073e+14 8.722207e+13 7.768289e-02 6.005690e-01 7.957904e-01 -1.812265e+01 0 6073112
-7.280305e+13 -1.508011e+14 5.557289e+13 -1.773962e-01 -4.790253e-01 8.596891e-01 -2.057777e+01 0 48
2.527197e+13 1.368037e+14 -1.221769e+14 1.540904e-03 6.660176e-01 -7.459344e-01 1.562105e+01 0 18216443
3.394996e+13 6.731414e+13 -1.530058e+14 -5.940807e-01 -5.417615e-01 -5.946113e-01 1.295867e+01 0 244695
-5.822763e+13 -1.643995e+14 -4.898537e+12 2.020089e-02 -9.976691e-01 6.517880e-02 2.564603e+01 0 16
-1.073741e+14 1.655985e+13 -2.201174e+14 2.125109e-01 7.516716e-02 -9.742633e-01 -2.425219e+01 0 1063154
1.137723e+14 1.450196e+14 -1.475104e+13 5.651151e-01 7.008332e-01 -4.352904e-01 1.274565e+01 0 5471152
-8.293953e+13 4.376488e+12 -1.522364e+14 -9.997250e-01 2.066213e-02 1.109033e-02 -1.341379e+01 0 61
-1.252765e+14 1.287003e+14 -1.248125e+13 -5.743454e-01 6.447464e-01 5.044100e-01 -1.900976e+01 0 1931072
-5.468388e+12 1.708840e+14 6.814666e+12 -3.482264e-01 9.092492e-01 -2.280444e-01 2.447379e+01 0 685181
-9.892187e+13 -2.973319e+12 -1.413325e+14 2.421459e-01 -2.191057e-01 -9.451762e-01 1.681325e+01 0 19
-1.141892e+13 -1.428636e+13 -1.690959e+14 -6.973118e-01 5.568298e-01 -4.513278e-01 -1.352439e+01 0 6470764
-4.268001e+13 1.347421e+14 -1.221026e+14 -5.934807e-01 4.438123e-01 -6.714249e-01 2.044741e+01 0 25
-4.637997e+13 4.442077e+13 1.739610e+14 -1.512184e-01 8.982048e-02 9.844111e-01 2.349717e+01 0 45
5.550923e+13 -1.845456e+14 -3.718854e+13 3.220849e-01 -5.260343e-01 -7.871145e-01 -1.150280e+01 0 7541794
-9.772853e+13 3.613749e+13 -1.339797e+14 -3.167408e-01 -4.950554e-01 -8.090707e-01 1.472902e+01 0 7544095
-4.425836e+13 -7.753363e+13 1.450309e+14 -8.152087e-01 2.297061e-01 5.316671e-01 -1.644591e+01 0 5296200
-8.597288e+13 1.672985e+13 1.485874e+14 -4.874125e-01 8.071063e-02 8.694337e-01 -1.158092e+01 0 4644887
6.968544e+13 1.530276e+14 -2.402469e+13 -2.230274e-02 9.920158e-01 -1.241255e-01 2.871923e+01 0 2798524
6.918931e+13 1.583787e+14 -6.782989e+13 6.332483e-02 9.922324e-01 1.070743e-01 -9.497308e+00 0 1569171
1.241055e+14 6.725106e+13 -9.440507e+13 -7.677281e-02 -2.460053e-01 -9.662232e-01 -2.060267e+01 0 91
1.609089e+14 1.166274e+13 -8.320924e+13 8.944263e-01 -3.984981e-01 -2.029798e-01 8.251659e+00 0 1
-1.766132e+14 5.592836e+13 5.832423e+13 -8.566768e-01 5.141976e-01 -4.130033e-02 -1.532322e+01 0 6
8.400590e+13 1.472681e+14 -5.752910e+12 2.111347e-01 7.127867e-01 -6.688477e-01 2.047825e+01 0 1
1.239329e+13 -1.476537e+14 8.495828e+13 3.188430e-01 -9.136246e-01 2.522484e-01 1.142759e+01 0 214604
-5.389011e+13 1.380604e+14 1.059825e+14 -7.316404e-01 6.783770e-01 6.713367e-02 2.391064e+01 0 3017300
1.173895e+14 8.384660e+13 9.615376e+13 9.459078e-01 -2.812112e-01 1.617985e-01 -4.878008e+00 0 9
9.668890e+12 -2.398174e+13 -1.740442e+14 1.270571e-01 4.806629e-01 -8.676518e-01 -7.776119e+00 0 1800220
2.693023e+13 -3.094203e+13 -2.093881e+14 1.162690e-01 -5.095679e-01 -8.525386e-01 1.551001e+01 0 11085455
-7.089905e+13 1.541381e+14 -3.879030e+12 -6.510213e-01 6.333535e-01 4.183713e-01 -1.079340e+01 0 4
-1.403360e+14 9.520711e+13 -1.562256e+13 -8.314363e-01 5.132773e-01 -2.127441e-01 -1.288990e+01 0 2
-5.225235e+13 -6.155643e+13 -1.508021e+14 -2.790824e-01 -9.087108e-02 -9.559579e-01 -1.760707e+01 0 2854927
-5.920256e+13 -2.452367e+12 1.750048e+14 -4.728592e-01 5.433368e-01 6.936781e-01 -1.929771e+01 0 5859784
-1.746780e+14 3.677611e+13 -2.020775e+13 -7.113303e-01 2.751611e-01 6.467578e-01 -1.803993e+01 0 393116
-3.756857e+13 -1.251057e+14 1.298216e+14 3.969433e-02 -7.912309e-01 6.102278e-01 2.567041e+01 0 21542577
-1.333868e+14 -2.484540e+12 1.121327e+14 -7.317877e-01 -3.581868e-01 5.798180e-01 -4.942399e+00 0 12
-2.198597e+13 -6.480944e+13 1.559149e+14 3.598373e-01 -7.235141e-01 5.891048e-01 -8.455613e+00 0 3429039
1.335044e+14 5.244692e+13 -1.047617e+14 8.059333e-01 -4.175423e-01 -4.196783e-01 -2.690366e+01 0 811143
1.024508e+14 -1.348840e+14 3.838006e+13 9.039108e-01 -3.835574e-01 -1.892856e-01 -3.306209e-01 0 12172599
3.040817e+13 -1.394786e+14 9.617459e+13 1.321909e-01 -3.517102e-01 9.267284e-01 -5.366836e+00 0 121220
1.124302e+14 -9.133188e+13 -1.009246e+14 5.294527e-01 -9.271756e-02 -8.432575e-01 1.877788e+01 0 7
-4.113494e+12 -1.258318e+14 -1.365501e+14 3.587471e-01 -9.302768e-01 -7.671739e-02 2.323957e+01 0 5524349
-6.295594e+13 -1.155082e+14 -1.136666e+14 4.275785e-01 -8.486764e-01 -3.113279e-01 1.036215e+01 0 5833714
5.691278e+13 -1.240121e+14 1.012143e+14 -3.030624e-01 3.573079e-01 8.834502e-01 1.423164e+01 0 11
-8.956778e+13 -1.189840e+14 -8.230042e+13 -1.426679e-01 -3.392215e-01 -9.298251e-01 9.521467e+00 0 10233651
5.610934e+13 -1.015566e+14 1.238551e+14 -2.581693e-01 -1.580850e-01 9.530780e-01 -8.479432e-01 0 185493
-1.511875e+14 2.294030e+13 -7.761989e+13 -6.100203e-01 -5.123354e-01 -6.044730e-01 2.680088e+01 0 243057
5.315152e+13 6.868959e+13 1.477869e+14 7.121154e-01 -3.231394e-01 6.232757e-01 -2.475748e+01 0 5388081
-6.834778e+13 -4.999713e+13 1.504794e+14 1.739852e-01 2.597603e-01 9.498704e-01 -1.801006e+01 0 15214502
-6.967288e+13 7.939766e+12 1.588015e+14 -7.137909e-01 6.982946e-02 6.968690e-01 -9.215264e+00 0 879106
-1.011217e+12 7.899273e+13 1.721867e+14 -7.201255e-01 4.215468e-02 6.925620e-01 -8.716259e+00 0 2
6.546020e+11 -1.173679e+14 -1.281256e+14 -4.448343e-01 -5.544259e-01 -7.033736e-01 -1.756341e+01 0 638177
6.693192e+13 6.061492e+13 1.469061e+14 -3.717728e-01 9.025172e-01 2.173656e-01 -3.213014e+00 0 886051
-6.441144e+13 -1.121371e+14 1.207680e+14 -2.195536e-01 -9.282191e-01 3.003423e-01 1.514256e+01 0 1803804
1.887290e+14 -5.090460e+13 1.267775e+14 8.495079e-01 9.994799e-02 5.180220e-01 2.353392e+01 0 2715000
7.367498e+13 4.173210e+13 -1.469750e+14 -1.409820e-01 -8.362242e-01 -5.299559e-01 -1.389142e+01 0 1887265
1.250752e+14 7.294585e+13 9.625551e+13 6.964037e-01 6.593304e-01 2.833820e-01 1.280442e+01 0 4489209
-1.768235e+13 1.379486e+14 9.792885e+13 -8.505749e-01 -9.069475e-02 5.179737e-01 2.769147e+01 0 61
-7.449690e+13 9.327667e+13 1.623974e+14 3.381261e-01 4.448795e-01 8.293088e-01 -2.627193e+01 0 88
-4.631933e+13 1.524038e+14 6.271958e+13 4.528344e-01 1.040638e-01 8.855009e-01 1.987823e+00 0 1277573
-5.811828e+13 1.616511e+14 -1.327791e+13 6.905432e-01 7.033338e-01 1.687356e-01 -1.274997e+01 0 945425
1.039457e+14 7.300616e+13 1.222967e+14 9.987710e-01 4.827953e-02 1.120738e-02 2.830174e+00 0 12454716
6.455397e+13 6.437469e+13 -1.435978e+14 2.180694e-01 7.204190e-01 -6.583633e-01 -4.026395e+00 0 5382510
1.568715e+14 -6.226674e+13 2.759778e+13 8.830557e-01 -2.659887e-01 -3.866040e-01 -1.180662e+01 0 1922820
1.182253e+14 9.646360e+13 -7.591886e+13 8.138529e-01 5.718477e-01 1.031201e-01 1.377803e+00 0 766716
-2.676724e+13 1.448416e+14 -8.423552e+13 -8.556153e-01 5.003961e-01 -1.323869e-01 9.317076e+00 0 2209656
1.525132e+14 -5.843891e+13 5.107013e+13 3.536380e-01 -6.590171e-01 -6.638047e-01 6.983612e+00 0 40
-1.017278e+14 -4.121117e+12 1.389207e+14 -3.776992e-01 8.377898e-01 3.942736e-01 -2.129369e+01 0 6854074
7.911543e+12 7.596180e+13 -1.545149e+14 -1.985809e-02 -2.628629e-02 -9.994572e-01 1.017993e+01 0 13466661
1.153538e+14 8.939280e+13 8.655056e+13 4.879515e-01 -7.137073e-01 5.025189e-01 -2.709470e+01 0 1199220
-9.790972e+13 8.457571e+13 1.142166e+14 -5.783788e-01 7.931942e-01 -1.905806e-01 -1.658576e+01 0 1728492
1.463535e+14 9.107856e+13 1.587004e+13 9.045145e-01 -2.285928e-01 -3.599984e-01 -2.594855e+01 0 90690
8.419408e+13 -1.406688e+14 4.364646e+13 -6.710063e-01 -7.294247e-01 -1.330044e-01 -1.356788e+01 0 6887149
5.244372e+13 1.278118e+14 -9.961515e+13 3.678442e-01 9.258573e-01 -8.648066e-02 5.635924e+00 0 657759
-2.267281e+13 -7.631548e+13 -1.506091e+14 -5.849672e-01 -6.225809e-02 -8.086639e-01 -2.232287e+01 0 621049
2.089688e+13 -1.331382e+14 1.121410e+14 -2.551459e-01 -8.112902e-01 5.260312e-01 3.117907e+00 0 4564444
8.598607e+13 -4.529622e+13 -1.410878e+14 -4.346345e-01 -6.701294e-01 -6.016805e-01 -6.794756e+00 0 7
1.746686e+14 3.134375e+13 -1.140185e+14 4.260238e-01 5.594740e-02 -9.029804e-01 1.226128e+01 0 8197049
-1.142097e+14 4.682405e+13 -1.163498e+14 -4.541860e-01 9.002208e-02 -8.863471e-01 -1.108383e+01 0 20723838
1.330427e+14 9.886379e+13 4.424269e+13 8.161093e-01 4.830717e-01 3.171866e-01 1.755934e+01 0 130621
-3.981906e+13 9.682242e+13 -1.383624e+14 -1.931964e-01 -1.052637e-02 -9.811036e-01 -6.946135e+00 0 18595284
-1.241803e+14 -8.840947e+13 7.603882e+13 -2.148215e-01 -9.760588e-01 -3.407384e-02 1.598868e+00 0 1867051
1.161405e+14 3.887147e+13 -1.200191e+14 9.293500e-01 -2.817666e-01 -2.385710e-01 1.276834e+01 0 5576641
-1.443403e+14 -6.337552e+13 7.621491e+13 -8.820084e-01 -4.231866e-01 -2.073024e-01 1.172682e+01 0 14
1.666764e+14 2.555390e+13 6.974839e+13 9.102139e-01 -4.361189e-02 4.118357e-01 -2.240471e+01 0 2
1.643507e+14 -3.633924e+13 -3.059123e+13 9.344362e-01 -3.322587e-01 1.281915e-01 1.168034e+01 0 2143658
-9.765251e+13 2.096590e+13 1.375916e+14 -7.516314e-01 1.617248e-01 6.394493e-01 -9.419474e+00 0 975438
-1.280898e+14 5.297470e+13 -9.868392e+13 1.261600e-01 -2.541274e-03 -9.920067e-01 4.240191e+00 0 177935
-7.013273e+13 2.152976e+13 1.540583e+14 6.140787e-01 -9.951998e-02 7.829452e-01 1.594599e+01 0 11152820
1.588658e+14 2.290090e+13 -5.659688e+13 2.774277e-02 9.993853e-01 -2.143194e-02 1.198455e+01 0 2
-2.536997e+13 -1.696321e+14 -3.527488e+12 -4.006390e-01 -4.778529e-01 7.817576e-01 -2.140084e+01 0 13
-1.562165e+14 -3.948947e+13 -7.821889e+13 -3.327431e-01 -7.054676e-01 -6.257775e-01 -1.422210e+00 0 5552634
-3.014384e+13 -9.343276e+13 -1.437300e+14 -3.569193e-01 -9.321651e-01 -6.063778e-02 -2.534062e+01 0 18160376
6.775090e+12 -3.442851e+12 1.698596e+14 1.212747e-01 2.464001e-01 9.615505e-01 -8.554307e+00 0 932948
1.150840e+13 1.873757e+14 -3.118438e+13 5.872100e-01 6.276522e-01 -5.111136e-01 5.839472e+00 0 9883749
-3.496140e+13 7.913392e+13 -1.572955e+14 -6.783876e-01 5.365070e-01 -5.019467e-01 1.552414e+01 0 66821
1.727087e+14 -2.295231e+13 2.873659e+13 5.891017e-01 -5.755616e-01 5.671755e-01 -1.339918e+00 0 3
-5.031577e+13 4.123779e+13 -1.652900e+14 -8.974819e-01 5.121414e-02 -4.380678e-01 1.529971e+01 0 3869788
-2.220035e+13 -2.141931e+14 -1.079467e+14 2.608003e-01 -8.382532e-01 -4.788681e-01 -1.174808e+01 0 954218
1.210331e+14 -5.453667e+12 -1.410585e+14 5.354491e-01 5.764801e-01 -6.172236e-01 2.390462e+01 0 4550409
-2.328849e+14 5.539928e+12 7.488849e+12 -9.664980e-01 -4.502273e-02 2.526947e-01 -1.531117e+01 0 4
-6.879500e+12 1.164784e+14 1.410236e+14 -8.311612e-02 8.286773e-01 5.535212e-01 1.829795e+01 0 4429456
-7.081828e+13 8.890763e+12 -1.543264e+14 -8.984815e-01 3.945772e-02 -4.372346e-01 -6.506527e+00 0 1
9.839899e+12 -1.727917e+14 -2.677255e+13 -6.246341e-01 -3.507014e-01 -6.977398e-01 2.514174e+00 0 8276057
1.293697e+14 -6.476818e+13 9.190832e+13 8.181188e-01 -3.592491e-01 4.490231e-01 1.038585e+01 0 2667670
-8.629552e+13 2.786055e+13 -1.490013e+14 5.672214e-02 3.309046e-01 -9.419579e-01 5.024680e+00 0 6
-1.330450e+14 -1.035356e+14 -2.320837e+13 -4.681498e-01 -7.041690e-01 5.338369e-01 1.710413e+01 0 20943121
-1.995129e+13 1.111782e+14 -1.533470e+14 -1.177732e-01 7.503305e-01 -6.504872e-01 1.598967e+01 0 2623948
-9.719251e+13 -1.012941e+14 1.031650e+14 -7.719691e-01 -4.368735e-01 -4.617415e-01 1.891296e+00 0 2602110
1.556609e+14 -3.936081e+13 -5.469620e+13 9.894531e-01 1.161128e-01 -8.660521e-02 1.180078e+01 0 191821
-1.537819e+14 -6.573111e+13 -1.058439e+14 -6.730418e-01 -1.924168e-01 -7.141362e-01 1.572850e+01 0 5124493
-1.423662e+14 1.190460e+14 -1.118818e+13 -8.285160e-01 5.587148e-01 3.740344e-02 -1.034912e+01 0 4830836
7.182609e+12 -8.642704e+13 1.518881e+14 -3.995317e-01 -6.925667e-01 6.006045e-01 1.265703e+01 0 97047
5.105654e+13 9.783958e+13 -1.335202e+14 3.457669e-01 1.888129e-01 -9.191273e-01 -1.720501e+01 0 5972887
-1.768788e+13 -4.549509e+13 1.628983e+14 -6.346685e-01 1.998391e-01 7.464987e-01 6.184250e+00 0 6259160
-1.031125e+14 -1.303745e+14 -6.046323e+13 -4.237260e-01 -8.885359e-01 -1.759552e-01 1.864967e+01 0 8371894
-5.185350e+13 -1.749630e+13 -1.887337e+14 1.689624e-02 -4.846625e-01 -8.745380e-01 2.337319e+01 0 13869353
1.558444e+14 -5.651790e+12 -7.063637e+13 9.357569e-01 1.871527e-01 -2.988860e-01 -8.579002e-01 0 202779
-4.397960e+13 7.473479e+12 -1.655030e+14 -7.180485e-01 -1.575711e-01 -6.779216e-01 1.584397e+01 0 2522850
-4.136418e+13 -7.447210e+12 1.733254e+14 4.103108e-01 -3.799160e-01 8.290409e-01 -2.545574e+01 0 3287904
1.260520e+14 -1.156966e+14 4.196227e+13 -2.359681e-01 -8.962828e-01 3.754946e-01 -3.617245e+01 0 2
1.058020e+13 -4.847382e+13 -1.663520e+14 -2.816096e-01 4.033202e-01 -8.706485e-01 8.373915e+00 0 3611626
7.557457e+13 9.719126e+11 1.540021e+14 4.060482e-01 -4.957563e-01 7.676917e-01 2.384954e-01 0 206790
7.993806e+13 -6.606623e+13 1.540319e+14 4.287299e-01 5.660312e-01 7.041302e-01 2.776682e+01 0 34
1.175354e+14 -2.304643e+13 -1.236762e+14 6.891366e-01 5.791101e-01 -4.355711e-01 1.817668e+01 0 3162953
1.396956e+14 -6.272585e+13 1.250896e+14 3.873047e-01 3.221213e-01 8.638478e-01 2.281414e+01 0 10382068
-3.180434e+13 1.320961e+14 -1.149699e+14 -7.059804e-02 4.271386e-01 -9.014258e-01 -9.659948e+00 0 107
-5.888244e+13 -1.632032e+14 6.628147e+12 -2.266801e-01 -9.512257e-01 -2.092505e-01 9.718136e+00 0 2066469
-6.762079e+13 -1.047696e+14 1.211787e+14 3.587147e-01 -7.819467e-01 5.097873e-01 -1.231803e+00 0 8
5.914082e+12 7.574809e+13 1.558412e+14 4.940845e-01 7.283413e-01 4.747626e-01 -1.913187e+01 0 430650
-4.946287e+13 8.214038e+13 1.416293e+14 -1.066014e-01 8.388904e-01 5.337593e-01 -1.682525e+01 0 1354461
5.981202e+13 1.679241e+14 6.695599e+13 -5.157634e-02 6.354309e-01 7.704333e-01 -1.471099e+01 0 2067216
7.269900e+13 1.515638e+14 -2.710418e+13 2.822502e-01 6.544681e-01 7.014316e-01 -1.264698e+01 0 3415545
1.670020e+14 -3.993390e+13 -1.169249e+13 8.344883e-01 -2.325090e-01 -4.995687e-01 -1.718094e+01 0 11
-1.537480e+13 -9.035632e+13 -1.496358e+14 -6.139696e-02 -5.248065e-01 -8.490044e-01 -1.050441e+01 0 8851091
5.030592e+13 -1.674339e+14 1.357148e+13 1.287033e-02 -6.691087e-01 7.430531e-01 -1.518948e+01 0 364883
-1.041877e+14 5.897638e+13 -1.374591e+14 -7.958091e-01 2.573068e-01 -5.481615e-01 -1.014534e+01 0 3707234
-3.857581e+13 1.551395e+14 5.786540e+13 -2.825571e-01 7.167198e-01 6.375533e-01 -2.412162e+00 0 246957
1.297634e+14 1.091340e+14 -3.020790e+13 6.659115e-01 7.134594e-01 -2.180310e-01 1.789670e+01 0 7957238
9.673436e+13 -1.029629e+14 1.059492e+14 3.000035e-01 -3.393477e-01 8.915386e-01 -1.560137e+01 0 2213
-9.546464e+13 2.546160e+13 -1.381205e+14 -2.710024e-01 1.814173e-01 -9.453282e-01 -7.698932e+00 0 1147349
1.140626e+14 -6.866478e+13 -1.144027e+14 5.444878e-01 -8.283887e-01 -1.315488e-01 1.286843e+00 0 5207515
1.703020e+14 4.172934e+13 -1.499070e+13 2.985889e-01 -2.339385e-01 -9.252661e-01 -2.662692e+01 0 1
-1.716679e+14 -2.443193e+13 5.761907e+13 -9.646127e-01 -3.069343e-02 2.618782e-01 5.213157e+00 0 19342440
1.730697e+14 -6.107002e+12 -3.835298e+13 9.250427e-01 1.855878e-01 3.314412e-01 1.876832e+01 0 9363551
-1.060572e+14 5.079759e+13 1.226743e+14 -7.908846e-01 -6.114544e-01 2.500201e-02 8.567829e+00 0 16
-1.693331e+14 -4.097339e+13 5.117000e+13 -3.159264e-01 -5.201914e-01 7.934679e-01 -3.644373e+00 0 2
-2.632671e+13 2.746990e+13 1.694618e+14 3.277233e-03 1.212408e-01 9.926177e-01 1.123387e+01 0 17157746
1.337831e+14 5.127627e+13 9.810276e+13 3.621546e-01 5.821555e-02 9.302983e-01 1.057711e+01 0 6391553
-2.979892e+13 1.242987e+14 1.136801e+14 -3.953214e-01 6.141413e-01 6.830457e-01 1.315257e+01 0 1267547
-1.188669e+14 7.764409e+13 1.206742e+14 -6.928327e-01 7.210701e-01 -6.389741e-03 1.096439e+01 0 1
2.011520e+14 1.437264e+13 -6.544721e+13 8.731341e-01 5.757769e-02 4.840679e-01 2.016446e+01 0 4419574
-7.693131e+13 -1.540588e+14 6.512470e+12 3.088483e-01 -7.174875e-01 6.243591e-01 -6.773257e-01 0 14
-6.351132e+13 -5.632098e+13 1.481813e+14 -2.962416e-01 5.997269e-01 7.433495e-01 -1.293045e+01 0 3239440
-1.301854e+14 -8.591341e+13 -6.727086e+13 -3.511540e-02 -9.368394e-01 -3.479925e-01 6.030692e+00 0 8
-6.407136e+13 -6.492955e+13 1.502958e+14 1.576985e-01 -7.913981e-02 9.843110e-01 1.888358e+01 0 4221517
1.132788e+14 -4.288927e+13 1.474761e+14 9.420655e-01 -1.443845e-01 3.027634e-01 1.935222e+01 0 4211264
-1.302142e+14 -1.222336e+14 2.132570e+13 -3.025476e-01 -8.121006e-01 4.989565e-01 -9.901457e+00 0 22593682
-2.616193e+12 -1.228877e+14 1.195806e+14 -2.974984e-01 -8.572338e-01 4.202915e-01 1.929971e+00 0 3638317
1.681678e+14 -2.669623e+13 3.915922e+13 6.804100e-01 1.390713e-01 7.195147e-01 1.775845e+01 0 65
1.595450e+14 3.441871e+13 4.779718e+13 2.621844e-01 6.545218e-01 -7.091267e-01 -1.858261e+00 0 10
9.351943e+13 1.386540e+14 5.172757e+13 1.733078e-01 -2.015533e-03 9.848656e-01 -2.285391e+01 0 6956229
1.057129e+14 1.131374e+14 -6.983992e+13 9.482613e-01 -1.940661e-01 2.512743e-01 -1.656224e+01 0 100079
1.407072e+14 -9.328365e+12 9.740916e+13 8.448800e-01 -1.829522e-02 5.346429e-01 -7.466725e+00 0 7501459
4.226196e+13 1.370361e+14 -9.260586e+13 1.989905e-01 9.249173e-01 -3.239303e-01 -8.953752e+00 0 8126807
1.278694e+14 -1.267050e+12 -1.209137e+14 7.450042e-01 6.561591e-01 -1.201003e-01 -3.772567e+00 0 4554537
-1.316978e+14 -1.777239e+13 1.059892e+14 -6.257299e-01 -7.427534e-01 -2.382842e-01 1.720062e+01 0 937946
1.475083e+13 1.442788e+14 9.086563e+13 1.848953e-02 4.044479e-01 9.143741e-01 -4.546223e+00 0 4594520
-1.170641e+13 1.365341e+14 1.137837e+14 4.171072e-02 6.879465e-01 7.245618e-01 -2.022667e+01 0 5
9.407506e+13 -5.517385e+13 -1.319893e+14 1.056020e-01 5.595108e-02 -9.928332e-01 -1.981816e+01 0 4647316
-1.053211e+14 1.325960e+14 2.090694e+13 4.256855e-01 8.833630e-01 -1.961165e-01 -3.007550e+01 0 17192080
2.999560e+13 -2.948272e+13 1.644885e+14 8.956763e-01 -3.109816e-01 3.178906e-01 -5.516162e+00 0 122715
1.605141e+13 1.487280e+14 1.129044e+14 -9.243050e-02 3.842711e-01 9.185817e-01 -1.497943e+01 0 6595716
9.052033e+13 8.094165e+13 -1.220448e+14 9.708716e-01 2.346284e-01 -4.855732e-02 9.933176e+00 0 2078940
5.742344e+13 2.415514e+13 1.584869e+14 7.047700e-01 4.646093e-01 5.361318e-01 1.010419e+01 0 4406816
1.924382e+14 7.670139e+13 4.324792e+13 7.506322e-01 4.047086e-01 5.222664e-01 1.899961e+01 0 3644835
-8.124720e+13 -1.361092e+14 -1.115341e+14 -2.339783e-01 -4.498450e-01 -8.619127e-01 -2.294756e+01 0 75
-6.175433e+13 -1.262139e+14 -9.718856e+13 2.828341e-01 -3.781025e-01 -8.815006e-01 -3.393841e-02 0 16565425
-1.511231e+14 2.264032e+13 -1.044070e+14 -9.145102e-01 9.782696e-03 -4.044445e-01 -1.962810e+01 0 4835182
-8.389912e+13 1.524586e+14 -3.802638e+12 -7.102604e-01 6.803906e-01 -1.805514e-01 1.623675e+01 0 3816510
1.703883e+14 1.223761e+13 5.079729e+13 4.180612e-01 6.312900e-01 6.532210e-01 2.924326e+01 0 832811
-9.976635e+13 -2.557112e+13 -1.385205e+14 -1.787400e-01 4.479703e-01 -8.759992e-01 -1.623594e+01 0 608908
-1.579215e+14 7.320272e+13 3.463221e+13 -5.529956e-01 6.760421e-01 4.869937e-01 -2.324926e+01 0 3
-8.756680e+13 -1.653058e+13 1.449242e+14 -1.933693e-01 9.595201e-01 2.047668e-01 -3.530671e+00 0 4985
-7.566821e+13 1.445341e+14 -4.940137e+13 -7.644731e-01 6.242529e-01 1.609015e-01 1.532260e+01 0 2662376
-9.788889e+13 -1.518783e+14 -1.730359e+13 -5.615550e-01 -5.206922e-01 -6.430673e-01 8.171329e+00 0 14615099
-1.480016e+14 8.373142e+13 -2.872740e+13 -2.427418e-01 3.247489e-01 -9.141196e-01 9.693118e+00 0 11
-1.740234e+14 6.814258e+12 7.961914e+13 -9.712550e-01 4.999162e-02 2.327329e-01 1.312783e+01 0 849113
9.229631e+13 6.011195e+13 1.413416e+14 2.952848e-01 -5.538629e-02 9.538025e-01 -1.668862e+01 0 24
-9.969435e+13 -1.197186e+14 8.303238e+13 -4.584930e-01 -6.498172e-01 6.062357e-01 -8.816441e+00 0 14457275
4.410346e+13 -2.507454e+13 -1.618773e+14 4.518059e-01 -8.321623e-01 -3.215235e-01 2.294945e+00 0 1912929
9.465441e+13 -3.963045e+13 -1.701244e+14 5.276252e-01 -2.299319e-02 -8.491660e-01 1.718901e+01 0 7166236
1.647305e+14 3.587400e+13 9.260484e+13 9.497915e-01 3.018531e-01 8.234498e-02 2.565784e+01 0 3455575
1.091561e+14 9.890363e+13 -8.568624e+13 4.131089e-01 8.290772e-01 3.767918e-01 1.370305e+01 0 77362
1.277790e+14 1.160660e+14 -5.007679e+13 6.409245e-01 4.212232e-01 -6.417062e-01 -2.080605e+01 0 3771026
-1.210274e+14 1.164482e+14 3.842480e+13 -9.171724e-01 2.631681e-01 2.992280e-01 2.050500e+01 0 885167
2.918232e+13 -4.814229e+13 1.685057e+14 -5.735814e-02 -6.136886e-02 9.964657e-01 1.300657e+01 0 13692643
1.247196e+14 3.804554e+13 -1.084624e+14 7.395793e-01 3.153682e-01 -5.946136e-01 7.952768e+00 0 3842535
1.461552e+13 -1.396513e+14 1.299728e+14 1.708364e-01 -9.093806e-01 3.792650e-01 -1.154748e+01 0 10
-1.077357e+14 -1.345152e+14 -5.099040e+11 -1.088121e-02 -9.374963e-01 -3.478250e-01 2.031184e+01 0 25579215
2.600064e+13 1.370256e+14 1.036914e+14 5.675704e-01 5.551973e-01 6.079636e-01 -4.871552e+00 0 3
-2.300221e+13 1.412372e+14 -1.040124e+14 4.894273e-01 4.772383e-01 -7.298661e-01 3.500668e+00 0 2095517
-9.856834e+13 -7.552732e+13 1.206359e+14 -4.192307e-01 6.789482e-01 6.027229e-01 2.078022e+00 0 1
-8.931673e+13 1.536151e+14 1.774870e+13 -9.213683e-01 1.473347e-01 -3.596846e-01 3.652642e+01 0 5129800
1.148144e+13 1.727365e+14 3.834785e+13 -3.707459e-02 9.847375e-01 1.700514e-01 1.320265e+01 0 7
-2.818789e+13 1.389591e+14 9.348132e+13 -8.145819e-01 5.394691e-01 2.131419e-01 7.233788e+00 0 2
-1.956911e+13 1.600298e+14 8.696643e+13 4.328905e-01 8.894201e-01 -1.467570e-01 -1.494600e+00 0 5620838
1.719187e+14 1.126821e+13 8.470075e+12 5.392550e-01 -4.648762e-01 7.022066e-01 4.203267e+00 0 1136148
-8.476452e+13 -1.286523e+14 -8.150103e+13 -3.329687e-01 -5.455690e-01 -7.690815e-01 -8.017169e+00 0 399122
-1.027395e+14 -3.549001e+13 1.374256e+14 3.642699e-01 -6.405269e-01 6.760419e-01 -3.372932e-01 0 26
5.451746e+13 -1.562220e+14 6.649787e+13 -4.820604e-02 -4.019319e-01 9.143998e-01 8.445494e+00 0 6992633
-2.970314e+13 1.566501e+14 -6.737335e+13 -2.343606e-01 6.421093e-01 -7.299115e-01 1.561654e+01 0 2270798
9.524315e+13 -1.315752e+14 -5.487702e+13 -4.351994e-01 -6.529764e-01 -6.198575e-01 -6.619979e+00 0 4474019
-1.308956e+14 5.849077e+12 1.096472e+14 -5.579197e-01 2.245342e-01 7.989431e-01 1.210259e+01 0 26
2.774286e+13 -1.116507e+13 -2.729309e+14 3.064528e-01 -7.139720e-02 -9.492045e-01 -2.379802e+01 0 300500
1.071587e+14 -1.221488e+14 5.108140e+13 3.747596e-01 8.751359e-02 9.229824e-01 1.642107e+01 0 19385704
1.014508e+14 1.058371e+14 8.781955e+13 4.261744e-01 6.761037e-01 6.010484e-01 -1.905016e+00 0 533215
1.137945e+14 3.056749e+13 1.449958e+14 -2.417089e-01 2.430209e-01 9.394241e-01 1.873813e+01 0 502372
-5.240161e+13 -1.166950e+14 1.133573e+14 -3.263827e-01 -6.892736e-01 6.468201e-01 1.301341e+01 0 10367499
-1.400180e+14 3.665068e+13 9.511400e+13 -7.166594e-01 3.647543e-02 6.964688e-01 -1.412529e+01 0 1
1.667025e+14 -2.149595e+13 -6.608784e+13 8.149631e-01 -5.490644e-01 1.853737e-01 5.717803e+00 0 9183947
-1.775625e+14 4.212406e+13 -2.305669e+13 -8.140233e-01 -1.810042e-01 5.519090e-01 2.622691e+01 0 4
-5.792971e+13 -1.852817e+14 -9.203718e+13 -2.654997e-01 -7.907052e-01 -5.516296e-01 -2.070487e+01 0 12348450
-4.788802e+13 4.255778e+13 1.575019e+14 -5.397751e-01 -6.875080e-02 8.389971e-01 9.019010e+00 0 2994050
-1.621009e+14 -5.146753e+13 2.405429e+13 -8.375313e-01 -3.277697e-01 -4.371594e-01 -1.102269e+01 0 1857314
-1.457744e+14 5.224251e+13 -7.443169e+13 -5.495252e-01 -4.283487e-01 -7.173141e-01 2.249880e+01 0 3
-1.177305e+14 1.182883e+14 4.360499e+13 -8.007312e-01 5.176568e-01 3.014316e-01 1.841219e+01 0 83
5.141262e+13 -1.150448e+14 -1.143672e+14 -2.540378e-01 -6.881552e-01 -6.796375e-01 -1.599050e+01 0 2013997
1.693802e+14 -9.981182e+12 2.281165e+13 8.713499e-01 -7.257223e-02 -4.852655e-01 -1.380539e+01 0 26623022
-8.328923e+13 -7.937697e+13 -1.248741e+14 7.280867e-02 1.679149e-01 -9.831091e-01 6.081131e+00 0 2294891
-1.260076e+14 -7.351427e+13 8.771619e+13 -4.768709e-01 -8.781119e-01 3.890528e-02 -8.780935e+00 0 7556324
-9.607049e+13 1.242609e+14 -7.179941e+13 -6.626106e-01 7.434894e-01 9.039150e-02 -9.341347e+00 0 2939745
-8.351437e+13 1.525027e+14 8.944209e+12 1.626251e-01 7.317994e-01 6.618329e-01 1.398587e+00 0 1206318
-3.812362e+13 3.938927e+12 -1.673312e+14 -3.032005e-01 6.324888e-01 -7.127604e-01 -8.730257e+00 0 710600
-1.903920e+13 -1.296005e+14 -1.107994e+14 1.347070e-01 2.507570e-01 -9.586318e-01 -1.391053e+01 0 2324969
-1.450917e+14 3.101072e+13 -8.812273e+13 -8.160490e-01 5.463227e-01 1.886681e-01 -1.764368e+00 0 3964877
-1.539035e+14 -3.382369e+13 -6.409371e+13 -8.203647e-01 -2.225807e-01 -5.267444e-01 8.780940e+00 0 5446236
8.231497e+13 -1.262166e+14 -8.465582e+13 -3.246468e-01 -7.936203e-01 -5.145593e-01 -2.838006e+01 0 9
5.129344e+13 1.318356e+14 1.136668e+14 8.688232e-01 4.007419e-01 2.907785e-01 2.036659e+00 0 4689477
-3.257114e+12 1.695817e+14 -4.267390e+12 6.708023e-01 7.023949e-01 -2.380456e-01 -8.347369e+00 0 312862
-8.428167e+13 -4.644561e+12 -1.473744e+14 -2.459644e-01 -1.481205e-01 -9.578945e-01 9.582071e+00 0 4039327
-1.793258e+14 2.221028e+13 9.185233e+13 -3.304686e-01 5.280078e-01 7.823032e-01 9.130638e+00 0 5334958
1.571052e+14 -8.617471e+13 -8.015015e+12 7.784226e-01 -7.359013e-02 -6.234122e-01 2.261355e+01 0 9
-9.974150e+13 1.523680e+14 3.325001e+13 -3.470022e-01 8.984264e-01 -2.691087e-01 -2.582380e+01 0 2444844
-4.500712e+12 9.888122e+12 1.698693e+14 -7.616842e-01 -5.228030e-01 3.827717e-01 1.316329e+01 0 3718582
-2.378930e+13 1.558500e+14 6.284741e+13 4.213385e-02 8.042328e-01 -5.928190e-01 1.995620e+00 0 55300
5.480969e+13 8.217519e+13 -1.389172e+14 -6.633919e-01 4.483176e-01 -5.991014e-01 4.983768e+00 0 1325773
2.231871e+11 1.480485e+14 -1.034165e+14 6.582522e-02 4.941210e-01 -8.668976e-01 1.433866e+01 0 3
-9.147798e+13 -2.309032e+13 -1.414010e+14 7.966785e-02 -9.492508e-01 -3.042630e-01 1.843546e+01 0 4215176
-1.561975e+13 1.077329e+14 -1.435336e+14 2.767938e-01 3.077432e-01 -9.103183e-01 -2.270442e+01 0 5421659
-1.323570e+14 -4.268634e+13 1.005875e+14 -9.095707e-01 2.666531e-01 3.187121e-01 6.946468e-01 0 5
-6.433899e+13 1.343832e+14 -8.523714e+13 -6.892291e-01 1.003675e-01 -7.175581e-01 -6.041323e+00 0 4
3.173221e+13 1.437112e+14 8.530512e+13 2.310955e-01 9.562768e-01 -1.792474e-01 -8.476371e+00 0 6448642
6.713924e+13 -1.959520e+13 -1.557878e+14 -3.452759e-01 -5.075922e-01 -7.893888e-01 1.957986e+00 0 14546617
6.783898e+13 1.596038e+14 3.094004e+13 9.986804e-01 2.370764e-02 4.555703e-02 -3.435180e+00 0 16445833
-1.654606e+14 -1.690218e+13 5.366858e+13 -9.935418e-01 -1.068129e-01 -3.828543e-02 9.275283e+00 0 3668459
-1.574602e+14 3.374947e+13 5.485708e+13 1.108643e-01 8.698568e-01 4.806852e-01 -2.932361e+01 0 2
7.459478e+13 -1.387629e+14 7.583989e+13 4.866336e-01 -6.234430e-01 6.119694e-01 1.528209e+01 0 10952031
6.026839e+13 -8.426318e+13 1.343693e+14 -5.576123e-01 -7.438721e-01 3.684057e-01 -1.560671e+00 0 717525
8.775620e+13 1.215540e+14 -9.147215e+13 1.250774e-01 9.591474e-01 2.537555e-01 -6.330992e+00 0 550778
-4.744107e+13 9.749926e+13 1.360804e+14 -3.883567e-01 5.073357e-01 7.692786e-01 -1.259929e+01 0 1289310
-5.016559e+13 -8.497537e+13 -1.766495e+14 4.662062e-01 -5.897093e-01 -6.594655e-01 2.574242e+01 0 5485032
-1.658188e+13 1.139185e+14 -1.254549e+14 1.785703e-01 7.757012e-01 -6.053101e-01 -1.568859e+01 0 2755541
7.657926e+13 1.602527e+14 4.779531e+12 -5.938422e-01 7.277017e-01 3.432225e-01 3.803926e+01 0 1
-1.262339e+14 9.420970e+13 -6.520800e+13 4.006326e-01 7.051350e-01 -5.850454e-01 -8.294173e+00 0 3031321
1.364264e+14 -4.594200e+13 9.258111e+13 9.053260e-01 3.531408e-01 2.359585e-01 6.258026e+00 0 6249743
-1.652002e+13 5.136035e+13 -1.636046e+14 7.725401e-02 -3.591987e-01 -9.300581e-01 7.302649e+00 0 7
-1.364676e+14 -4.189626e+13 9.716579e+13 -9.497741e-01 3.124205e-01 -1.795847e-02 -2.513400e+01 0 4918880
-6.612274e+12 1.419593e+14 9.439043e+13 3.380937e-01 6.886119e-01 6.414876e-01 2.308955e+00 0 960859
-1.781467e+14 2.570156e+13 -1.677750e+14 -7.878728e-01 4.420295e-01 -4.287964e-01 1.491783e+01 0 16
-1.351586e+14 -9.786586e+13 3.444414e+13 -9.737929e-01 1.304319e-01 1.863195e-01 -2.986204e+01 0 4604713
4.859303e+13 -8.584253e+13 -1.381484e+14 9.944026e-01 6.704429e-02 -8.166089e-02 2.371189e+01 0 4
1.298374e+14 -8.700896e+13 6.627685e+13 -7.335739e-02 -6.591604e-01 7.484158e-01 -2.031784e+01 0 3447314
-9.929173e+13 9.294934e+13 -1.162626e+14 -7.060229e-03 -1.540470e-01 -9.880383e-01 1.849822e+01 0 6
-7.068157e+13 3.023116e+13 1.520144e+14 -3.525009e-01 -2.886123e-02 9.353663e-01 1.137294e+01 0 784025
-1.514776e+14 6.627570e+13 -3.827900e+13 -1.882900e-03 6.964199e-01 -7.176320e-01 -7.437133e+00 0 8252352
-4.179980e+13 6.814239e+13 1.504170e+14 1.678445e-01 5.249614e-01 8.344122e-01 2.435244e-01 0 3698693
-1.711187e+14 -7.252169e+12 2.895714e+13 -7.923002e-01 2.135192e-01 -5.715504e-01 -1.677712e+01 0 1328914
-1.690117e+14 -6.542443e+13 -1.676567e+13 -7.849952e-01 -5.077190e-01 -3.549702e-01 -1.035099e+01 0 21
-1.270413e+14 1.102581e+14 4.756417e+13 -3.033399e-01 8.490126e-01 -4.326228e-01 4.676709e+00 0 9
1.701779e+13 -1.541773e+14 -9.359196e+13 4.464796e-01 -2.855518e-01 -8.480072e-01 -4.355837e+00 0 9
7.928320e+13 6.583564e+13 -1.353101e+14 9.592423e-01 2.196806e-01 -1.777489e-01 9.009542e+00 0 2859243
-1.447068e+14 8.085784e+13 -4.542953e+13 -9.502815e-01 3.385299e-02 -3.095464e-01 4.222017e+00 0 3461223
6.657264e+13 -2.562195e+13 -1.627891e+14 8.161745e-01 2.317352e-01 -5.292996e-01 -3.522564e+00 0 1522381
1.054412e+14 2.810072e+12 1.510261e+14 9.361145e-01 2.778038e-01 2.156725e-01 -6.879684e+00 0 3663994
4.084327e+13 1.587224e+14 4.757353e+13 -4.370875e-01 8.970056e-01 -6.584461e-02 -6.369014e+00 0 2
-6.695127e+11 1.747555e+14 -1.042811e+13 5.524210e-01 6.267447e-01 -5.495654e-01 1.306674e+00 0 3973221
1.617601e+14 -1.212393e+14 -7.310683e+13 7.912002e-01 -6.112637e-01 1.894564e-02 1.470077e+01 0 5894209
-3.870843e+13 5.312077e+13 -1.631945e+14 -4.204450e-01 -5.868941e-01 -6.919403e-01 2.667965e+01 0 12655024
-7.549055e+12 -1.875745e+14 2.806275e+12 -1.069610e-01 -5.209787e-01 -8.468415e-01 1.779883e+01 0 60
