# 781
1.120250e+13 -6.915063e+12 8.637463e+12 -1.488780e-01 9.503528e-01 -2.732488e-01 0.000000e+00 1
5.990814e+12 8.033949e+11 1.238751e+13 -5.735008e-01 -1.695578e-01 8.014655e-01 0.000000e+00 1
8.489565e+12 1.175011e+12 2.111400e+12 5.137774e-01 -9.974920e-05 8.579235e-01 0.000000e+00 1
5.927720e+12 -1.648956e+12 1.273691e+13 -9.219732e-01 -3.849062e-01 -4.257554e-02 0.000000e+00 1
1.263084e+13 4.204990e+12 1.114920e+12 7.742997e-01 4.415065e-01 -4.533563e-01 0.000000e+00 1
3.071813e+12 -1.374559e+13 -7.033487e+12 -1.293075e-01 -7.160064e-01 6.860134e-01 0.000000e+00 1
-4.093876e+11 -6.244874e+12 -5.369340e+11 -7.393063e-01 4.036845e-02 6.721581e-01 0.000000e+00 1
1.858221e+12 -6.263059e+12 1.387416e+13 8.968813e-01 -3.975702e-01 -1.937571e-01 0.000000e+00 1
7.102940e+12 5.955478e+12 -2.460126e+12 -3.218320e-01 5.242641e-01 -7.883979e-01 0.000000e+00 1
1.244493e+13 3.544227e+12 -7.807031e+12 1.548436e-01 9.878882e-01 -1.001976e-02 0.000000e+00 1
9.331511e+10 6.646652e+12 1.455231e+13 4.780352e-01 -8.158938e-01 -3.252684e-01 0.000000e+00 1
5.156621e+12 -1.394143e+13 1.811252e+12 -9.672940e-01 -1.334378e-01 -2.157236e-01 0.000000e+00 1
-1.294992e+13 1.030973e+13 2.180681e+11 -6.955328e-01 3.493394e-01 6.278503e-01 0.000000e+00 1
1.410395e+12 4.960739e+11 -1.215409e+13 2.570037e-01 8.628605e-01 4.352250e-01 0.000000e+00 1
7.372263e+12 -6.242956e+12 6.642387e+12 -8.570722e-01 2.688267e-01 -4.394991e-01 0.000000e+00 1
7.020943e+12 -7.102262e+12 1.354796e+13 1.887102e-03 3.136312e-01 -9.495430e-01 0.000000e+00 1
-2.901144e+12 1.444265e+13 2.180013e+12 -7.429038e-01 1.204104e-01 6.584795e-01 0.000000e+00 1
-9.569988e+12 -6.460743e+12 -8.552256e+12 -3.010775e-01 -7.758388e-01 5.544605e-01 0.000000e+00 1
2.165902e+12 1.048146e+13 -1.650839e+12 4.442048e-01 -1.846383e-01 8.766931e-01 0.000000e+00 1
-8.233046e+12 5.089874e+12 -6.570922e+12 1.184978e-01 -5.902993e-01 7.984391e-01 0.000000e+00 1
-3.821036e+12 -4.724796e+11 -9.202599e+12 -1.370968e-01 5.730963e-02 9.888984e-01 0.000000e+00 1
2.936593e+12 -2.729679e+12 7.978264e+12 5.004927e-01 -2.505421e-01 8.286952e-01 0.000000e+00 1
-7.956552e+12 9.980492e+12 3.668269e+12 -1.749121e-01 1.666128e-01 9.703844e-01 0.000000e+00 1
-7.096496e+12 -2.522779e+12 1.272755e+13 9.386645e-01 -2.248922e-01 -2.614046e-01 0.000000e+00 1
9.955889e+12 9.690056e+12 -8.097676e+12 3.187122e-01 -5.867105e-01 7.444417e-01 0.000000e+00 1
5.155537e+12 -2.767060e+12 -1.538844e+13 5.817014e-01 7.613520e-01 -2.862981e-01 0.000000e+00 1
6.556295e+12 -8.809690e+12 -1.102720e+13 -9.300975e-02 -6.760292e-01 -7.309813e-01 0.000000e+00 1
-2.956744e+10 -1.662962e+13 2.658803e+12 6.102097e-01 7.285071e-01 -3.113222e-01 0.000000e+00 1
1.883837e+12 -1.650507e+13 2.060939e+12 -9.601002e-01 2.796001e-01 5.598487e-03 0.000000e+00 1
1.086926e+13 -1.149027e+13 1.057669e+12 1.404529e-02 9.772419e-01 -2.116627e-01 0.000000e+00 1
-2.921850e+12 7.635869e+12 4.579557e+12 4.633818e-01 7.829308e-01 -4.150865e-01 0.000000e+00 1
-9.239223e+12 1.090600e+13 7.045002e+12 -8.398797e-01 -2.342998e-01 -4.895975e-01 0.000000e+00 1
1.287221e+13 7.423269e+12 3.831707e+12 9.788106e-01 2.032791e-01 -2.464627e-02 0.000000e+00 1
1.088062e+12 3.788043e+12 -6.228089e+12 1.308950e-02 8.147196e-01 5.797074e-01 0.000000e+00 1
-5.524521e+12 -4.403176e+12 -2.116186e+12 6.076697e-01 3.884688e-01 -6.926973e-01 0.000000e+00 1
-9.306530e+12 3.583263e+12 -7.970302e+12 7.521571e-01 3.554017e-01 5.549318e-01 0.000000e+00 1
3.448277e+11 -9.076247e+12 7.226615e+12 6.163818e-01 2.983882e-01 7.287235e-01 0.000000e+00 1
6.616320e+12 9.613845e+12 9.503433e+12 -8.651472e-02 -9.748463e-02 9.914696e-01 0.000000e+00 1
1.253378e+13 -1.366835e+12 2.814727e+12 1.983566e-01 -9.616968e-01 1.891926e-01 0.000000e+00 1
-2.405544e+12 1.280204e+13 -6.606993e+12 2.835562e-01 -1.497244e-01 -9.471951e-01 0.000000e+00 1
-1.066221e+13 9.118232e+12 2.515058e+12 -6.549641e-01 -6.847389e-01 3.196165e-01 0.000000e+00 1
-8.573518e+12 -9.768108e+12 1.128483e+12 2.528828e-01 3.858782e-01 -8.872138e-01 0.000000e+00 1
-5.844053e+12 -9.834645e+12 1.103117e+13 1.306204e-01 7.810644e-01 6.106363e-01 0.000000e+00 1
1.688316e+13 2.155916e+11 1.134304e+12 -4.096616e-01 8.645464e-01 -2.910961e-01 0.000000e+00 1
-1.255527e+13 -7.432905e+12 -3.963179e+12 5.338968e-02 -1.965573e-01 -9.790377e-01 0.000000e+00 1
-7.840474e+12 -2.084998e+12 1.039162e+13 -8.182139e-01 -5.311084e-02 -5.724555e-01 0.000000e+00 1
7.696579e+12 9.569370e+12 5.847428e+12 -4.806609e-01 -8.384878e-01 -2.567163e-01 0.000000e+00 1
7.412310e+12 6.878962e+12 -7.779870e+12 -3.841494e-01 6.692595e-01 6.360196e-01 0.000000e+00 1
-6.642200e+12 -1.525502e+13 -2.399033e+12 -8.404512e-01 -4.963090e-01 -2.175298e-01 0.000000e+00 1
1.295307e+13 -2.625440e+12 -7.673054e+12 1.869686e-01 4.011465e-01 -8.967297e-01 0.000000e+00 1
7.860684e+12 -1.320379e+13 6.807718e+11 1.913464e-01 -1.621864e-02 -9.813886e-01 0.000000e+00 1
-1.071334e+12 1.422821e+13 2.896461e+12 3.867521e-01 7.723141e-01 5.039383e-01 0.000000e+00 1
5.720679e+11 6.954443e+12 -1.115340e+13 -4.698237e-01 6.243738e-01 -6.240377e-01 0.000000e+00 1
-4.246267e+12 -1.209874e+13 1.056378e+13 -8.411665e-01 -3.863841e-01 3.783467e-01 0.000000e+00 1
-4.103963e+12 2.634948e+12 8.367321e+12 -2.381736e-01 7.596532e-01 -6.051449e-01 0.000000e+00 1
-7.638370e+12 -1.546396e+11 1.197414e+13 3.729787e-01 8.839384e-01 2.820280e-01 0.000000e+00 1
-1.035820e+13 6.521525e+12 -2.138955e+12 -7.416215e-01 -6.137026e-01 -2.708627e-01 0.000000e+00 1
1.233361e+13 7.099371e+12 -6.221903e+12 -8.260220e-01 5.765172e-02 -5.606817e-01 0.000000e+00 1
7.307821e+12 4.579749e+12 -3.454780e+12 -1.447493e-01 4.894548e-03 9.894563e-01 0.000000e+00 1
7.971108e+12 -9.150588e+12 4.852931e+12 -1.851560e-01 6.979145e-01 -6.918328e-01 0.000000e+00 1
1.203826e+13 -9.123552e+12 -6.705854e+11 -7.173265e-01 3.954401e-01 -5.736460e-01 0.000000e+00 1
6.875540e+12 3.638973e+12 -5.151210e+12 -5.179558e-01 -8.083792e-01 -2.797228e-01 0.000000e+00 1
-6.916237e+11 1.071241e+13 -7.517173e+12 -4.928766e-01 8.240465e-01 -2.793206e-01 0.000000e+00 1
-1.111634e+13 8.978038e+12 8.806583e+12 -3.872091e-01 7.352413e-01 -5.563176e-01 0.000000e+00 1
4.087624e+12 -9.946398e+12 -5.194485e+12 2.235563e-01 -9.569250e-01 1.852489e-01 0.000000e+00 1
-6.882071e+12 3.891760e+11 1.870633e+12 -7.349418e-01 1.848882e-01 6.524392e-01 0.000000e+00 1
-2.082366e+12 -1.099111e+13 7.496575e+12 6.016137e-02 -9.981706e-01 6.000388e-03 0.000000e+00 1
8.817836e+12 4.564900e+12 -1.192293e+13 9.309404e-02 4.527396e-02 -9.946275e-01 0.000000e+00 1
-3.314838e+12 3.087555e+11 -1.149230e+13 8.822284e-01 3.221197e-01 -3.433832e-01 0.000000e+00 1
1.323462e+12 -1.082907e+13 9.289604e+12 -3.608614e-01 -2.698406e-01 8.927290e-01 0.000000e+00 1
1.577288e+12 -8.246896e+12 -4.328050e+12 -7.608885e-01 -5.159723e-01 -3.934734e-01 0.000000e+00 1
-2.230700e+12 1.314565e+13 4.782084e+12 -5.752088e-01 -4.816067e-01 -6.612033e-01 0.000000e+00 1
1.225352e+13 7.704288e+12 -3.433316e+12 -6.298363e-01 -3.659595e-01 6.851130e-01 0.000000e+00 1
-6.214616e+12 1.132474e+13 -1.345293e+12 -1.518026e-01 8.884181e-01 -4.332080e-01 0.000000e+00 1
-6.336917e+12 -4.523625e+12 5.793780e+12 -4.123443e-01 -8.619954e-01 2.948494e-01 0.000000e+00 1
6.654679e+12 -2.993811e+11 -1.479268e+12 -5.783893e-01 -7.972316e-01 1.728804e-01 0.000000e+00 1
-2.883921e+12 2.058163e+12 -8.155259e+12 -8.653674e-03 8.554414e-01 -5.178272e-01 0.000000e+00 1
3.032311e+12 -1.161094e+13 -5.757660e+11 -2.418633e-01 2.919794e-01 9.253379e-01 0.000000e+00 1
-1.353464e+13 -5.842318e+12 6.833705e+12 -3.430337e-01 -9.371422e-01 6.397096e-02 0.000000e+00 1
-6.651666e+12 -2.083091e+12 -8.655945e+12 -4.250987e-01 -1.772405e-01 -8.876243e-01 0.000000e+00 1
-5.434301e+12 1.148586e+13 -7.207506e+12 4.071477e-01 -9.109019e-01 -6.699609e-02 0.000000e+00 1
-3.019771e+12 -6.281786e+12 1.325131e+13 8.595786e-01 -3.441392e-01 3.777471e-01 0.000000e+00 1
9.362593e+12 1.114371e+13 3.184750e+12 8.120386e-01 5.218216e-01 -2.613342e-01 0.000000e+00 1
-6.335675e+12 6.230835e+12 -3.999552e+12 -4.209388e-01 7.251346e-02 9.041860e-01 0.000000e+00 1
3.227874e+12 -8.584799e+12 -1.301108e+13 1.534789e-01 -3.168339e-01 -9.359810e-01 0.000000e+00 1
1.425222e+13 -6.404759e+12 1.122804e+12 7.745789e-01 -4.310114e-01 4.628787e-01 0.000000e+00 1
3.298886e+10 7.217899e+12 3.900772e+12 -9.289484e-01 -2.366273e-01 2.847146e-01 0.000000e+00 1
-1.981784e+12 -1.552928e+13 -5.787611e+12 4.046467e-01 6.145598e-01 6.771834e-01 0.000000e+00 1
-9.145431e+12 1.349259e+13 1.283017e+12 3.968448e-01 7.749507e-01 4.919000e-01 0.000000e+00 1
5.992376e+12 -7.923143e+12 2.543250e+11 5.084714e-01 -1.492044e-01 8.480536e-01 0.000000e+00 1
4.112655e+12 -1.038720e+13 -4.420397e+12 -9.111527e-01 -2.751866e-01 -3.067133e-01 0.000000e+00 1
2.180605e+12 9.583141e+12 -1.074470e+13 -3.463813e-01 4.176660e-02 9.371636e-01 0.000000e+00 1
7.248583e+12 -3.527356e+12 1.436064e+12 7.034527e-01 -5.104544e-01 -4.945611e-01 0.000000e+00 1
-3.966946e+12 -6.129129e+12 7.282505e+12 -8.693689e-01 3.833859e-01 -3.117900e-01 0.000000e+00 1
8.225014e+12 7.524846e+12 2.480717e+12 -8.706569e-01 -4.227580e-01 -2.514601e-01 0.000000e+00 1
-4.240781e+12 -4.583637e+12 -9.846687e+12 -7.606655e-01 6.346584e-01 -1.363700e-01 0.000000e+00 1
1.189391e+13 6.067419e+12 -7.763096e+12 4.258399e-01 2.151976e-01 8.788347e-01 0.000000e+00 1
5.291702e+12 -1.423450e+12 1.829940e+12 9.077203e-02 -7.530008e-01 6.517287e-01 0.000000e+00 1
7.232152e+12 -7.424859e+12 -5.369081e+12 4.565330e-01 -6.760980e-01 5.783330e-01 0.000000e+00 1
-6.863430e+12 2.739049e+11 4.905932e+12 9.985610e-01 -4.564693e-02 2.814614e-02 0.000000e+00 1
3.717422e+12 -7.609877e+12 -1.135287e+13 5.457427e-01 3.852406e-01 -7.441469e-01 0.000000e+00 1
-9.773715e+12 -5.604918e+12 -8.454675e+12 -2.735385e-01 -4.995815e-01 8.219459e-01 0.000000e+00 1
6.752517e+12 8.305996e+11 -5.416364e+12 -9.430725e-01 1.493184e-01 2.971839e-01 0.000000e+00 1
2.180211e+12 2.200361e+12 -1.169238e+12 5.362708e-01 1.614355e-01 8.284638e-01 0.000000e+00 1
8.616290e+11 -2.868637e+12 -1.653779e+13 -3.959500e-01 -6.859969e-01 -6.104357e-01 0.000000e+00 1
-3.557505e+12 -2.842508e+12 -5.393612e+12 -4.724850e-01 5.517470e-01 -6.872650e-01 0.000000e+00 1
7.873247e+12 1.261931e+13 -5.299751e+12 7.858528e-02 6.510443e-01 -7.549607e-01 0.000000e+00 1
6.879630e+12 1.133810e+13 -2.844028e+11 2.106290e-01 -5.145871e-01 8.311652e-01 0.000000e+00 1
1.051046e+13 -3.066635e+12 -3.063750e+12 -4.552811e-02 3.814903e-01 9.232510e-01 0.000000e+00 1
5.602018e+12 -6.371969e+12 6.311060e+12 -9.618858e-01 -1.698464e-01 2.143079e-01 0.000000e+00 1
-3.024107e+12 1.001687e+12 8.450589e+12 -5.984027e-01 7.348875e-01 -3.191466e-01 0.000000e+00 1
-2.327227e+12 -7.430344e+11 -3.360538e+12 8.509502e-02 -4.427694e-01 -8.925884e-01 0.000000e+00 1
8.480689e+11 1.479423e+13 -2.467468e+12 9.825603e-01 2.744297e-02 1.839077e-01 0.000000e+00 1
-6.831115e+12 -1.090721e+13 -1.015330e+13 8.594744e-01 -3.499015e-01 -3.726563e-01 0.000000e+00 1
7.539874e+12 -2.134474e+12 -1.057930e+13 -4.156494e-01 -7.250259e-01 -5.491566e-01 0.000000e+00 1
9.181389e+12 -9.389652e+11 -3.859598e+12 1.202142e-01 -9.075403e-01 4.023918e-01 0.000000e+00 1
-1.206849e+13 -1.147977e+13 -1.638943e+12 -3.419544e-01 2.897197e-01 -8.939405e-01 0.000000e+00 1
9.185941e+12 4.799875e+12 -1.220342e+13 2.638312e-01 5.098839e-01 8.187866e-01 0.000000e+00 1
-5.509839e+12 3.422646e+11 -1.241111e+13 6.402494e-01 -7.681570e-01 3.955129e-03 0.000000e+00 1
-4.167935e+12 -7.023025e+12 -4.288801e+12 5.453342e-01 7.626621e-01 3.477890e-01 0.000000e+00 1
-8.750333e+12 6.759424e+12 -5.780314e+12 -3.528762e-01 9.069468e-01 2.300562e-01 0.000000e+00 1
-9.406495e+12 -2.485547e+12 -1.037413e+13 -9.144533e-01 -3.937134e-01 -9.362112e-02 0.000000e+00 1
1.112179e+13 1.041488e+12 -2.441326e+12 -2.261237e-02 9.955665e-01 9.130236e-02 0.000000e+00 1
-4.497862e+12 -1.134148e+13 -7.879137e+12 -1.744893e-01 2.470294e-01 -9.531684e-01 0.000000e+00 1
3.901009e+12 4.781296e+12 -5.772683e+11 8.128538e-03 7.136643e-01 -7.004408e-01 0.000000e+00 1
-1.359252e+13 2.258278e+12 8.014558e+12 -9.008544e-01 -4.126402e-01 1.348678e-01 0.000000e+00 1
-4.855092e+12 -1.063729e+12 6.938192e+12 -7.558911e-01 6.099578e-01 2.378657e-01 0.000000e+00 1
-6.059395e+12 -3.192693e+12 -5.783366e+12 -2.228568e-01 -9.746254e-01 2.098068e-02 0.000000e+00 1
6.609476e+11 -1.395594e+13 1.081352e+12 5.888999e-01 -6.633963e-01 -4.616300e-01 0.000000e+00 1
5.120667e+12 -4.575885e+12 1.087213e+13 3.677035e-01 9.293376e-01 -3.355295e-02 0.000000e+00 1
1.239884e+13 -4.196996e+12 7.102260e+12 3.673244e-01 -4.749982e-01 7.996559e-01 0.000000e+00 1
-8.871821e+12 -1.182210e+13 -6.144847e+12 -6.225747e-01 7.792270e-01 7.215275e-02 0.000000e+00 1
4.458251e+12 8.590504e+12 -4.813660e+12 8.095989e-01 -5.769835e-01 1.078870e-01 0.000000e+00 1
-3.442243e+11 9.169370e+11 7.865544e+11 6.750513e-01 6.057505e-01 4.211555e-01 0.000000e+00 1
-1.614985e+12 -1.070555e+13 1.243766e+13 4.083756e-01 9.124264e-01 -2.659941e-02 0.000000e+00 1
-1.251783e+13 -3.468008e+11 -5.842208e+12 6.130639e-01 -6.932655e-01 3.788610e-01 0.000000e+00 1
6.725857e+12 -6.680519e+11 1.151843e+13 9.034456e-01 3.764157e-01 -2.051764e-01 0.000000e+00 1
-1.596759e+13 -3.518914e+12 1.534097e+12 -8.314608e-02 8.994744e-01 -4.289901e-01 0.000000e+00 1
1.398585e+12 -1.671237e+11 -5.925291e+12 -4.919913e-02 3.868656e-01 9.208227e-01 0.000000e+00 1
-9.781222e+12 4.487506e+12 1.495165e+12 -8.568686e-01 -4.599325e-01 -2.328914e-01 0.000000e+00 1
8.656444e+12 -7.006413e+12 1.758800e+12 -4.255795e-01 8.051302e-01 -4.130950e-01 0.000000e+00 1
-1.288501e+13 9.179237e+12 -5.739957e+12 3.910500e-01 6.478125e-01 6.537728e-01 0.000000e+00 1
-9.775314e+12 -2.898554e+12 4.499381e+12 -3.495402e-01 -2.854729e-01 8.923715e-01 0.000000e+00 1
1.260986e+13 7.917268e+12 -7.433940e+12 8.596740e-01 2.972949e-01 -4.154232e-01 0.000000e+00 1
1.551982e+12 9.627346e+12 1.292552e+13 2.750837e-01 -9.608609e-01 3.279183e-02 0.000000e+00 1
-2.250405e+12 -4.397214e+12 -3.479131e+12 3.036355e-01 -7.509181e-01 -5.864533e-01 0.000000e+00 1
3.361871e+12 -6.062830e+11 8.852557e+12 -3.899307e-01 -9.207275e-01 1.466194e-02 0.000000e+00 1
3.584030e+12 1.385591e+12 -1.031481e+13 3.684867e-01 -1.188855e-01 -9.219999e-01 0.000000e+00 1
-7.305924e+12 -3.412715e+12 -1.359600e+13 -7.876278e-01 -2.219546e-01 -5.747858e-01 0.000000e+00 1
-6.474040e+11 5.204540e+12 -6.960242e+12 -6.895046e-01 -7.008797e-01 -1.826228e-01 0.000000e+00 1
-6.242845e+12 -6.288818e+12 -4.248347e+12 5.553889e-01 6.325596e-01 -5.398255e-01 0.000000e+00 1
-1.289639e+12 9.288535e+12 8.135796e+11 3.602779e-01 6.517465e-01 6.674027e-01 0.000000e+00 1
-2.645780e+12 -6.446862e+12 -1.106252e+13 6.762986e-01 -1.739781e-01 -7.157876e-01 0.000000e+00 1
8.724025e+12 -1.369546e+13 -3.526949e+12 3.728653e-01 -7.663894e-01 -5.230857e-01 0.000000e+00 1
-1.279651e+13 4.800847e+12 6.596101e+12 -6.613208e-01 -6.783119e-01 3.202309e-01 0.000000e+00 1
6.917238e+12 2.448091e+12 -1.456406e+13 -5.981029e-01 7.026728e-01 3.853879e-01 0.000000e+00 1
-1.807214e+12 -3.219120e+12 -2.790803e+12 -9.728357e-01 9.454887e-02 2.113084e-01 0.000000e+00 1
-1.405330e+13 1.853435e+09 -7.651190e+12 7.954312e-01 3.592691e-02 6.049781e-01 0.000000e+00 1
-1.522721e+12 1.437992e+13 6.843193e+12 -1.093264e-01 1.528383e-01 9.821854e-01 0.000000e+00 1
-1.718037e+12 3.122817e+12 7.029729e+12 -8.012164e-01 1.209027e-01 5.860331e-01 0.000000e+00 1
1.523823e+13 -3.648941e+10 -6.136432e+12 4.505693e-01 -8.843637e-01 1.220167e-01 0.000000e+00 1
2.775302e+12 -1.328331e+13 -2.276207e+12 5.645241e-01 -1.087446e-01 8.182220e-01 0.000000e+00 1
1.415401e+13 1.434087e+12 -5.028396e+12 -6.948179e-01 5.926446e-01 4.074315e-01 0.000000e+00 1
-6.662309e+11 -1.335829e+13 -7.717462e+12 -1.720213e-01 6.191984e-01 -7.661606e-01 0.000000e+00 1
4.135995e+11 1.077613e+13 8.918765e+12 5.488413e-02 -5.641879e-02 -9.968975e-01 0.000000e+00 1
8.507472e+12 4.047199e+12 -1.342287e+13 3.036385e-01 -6.781708e-01 -6.692443e-01 0.000000e+00 1
3.497715e+12 -1.560818e+13 -6.160470e+11 2.190844e-01 4.589387e-01 -8.610327e-01 0.000000e+00 1
1.200411e+13 -6.129168e+12 -3.696876e+12 9.432131e-01 -3.309048e-01 -2.917446e-02 0.000000e+00 1
-5.979070e+12 -5.020733e+12 -6.060084e+12 9.521060e-01 2.595316e-01 -1.616710e-01 0.000000e+00 1
-3.207846e+12 -1.539640e+13 -5.671791e+12 4.795135e-01 3.427897e-01 8.078131e-01 0.000000e+00 1
2.820500e+11 -4.975128e+11 -4.090340e+12 -5.954259e-01 1.108517e-01 -7.957260e-01 0.000000e+00 1
-1.001929e+13 1.292549e+13 -1.035686e+11 -1.934872e-01 6.260742e-01 -7.553766e-01 0.000000e+00 1
-3.641477e+12 -5.043722e+12 -3.628087e+12 -8.084426e-01 -5.322154e-01 2.513309e-01 0.000000e+00 1
-1.615543e+12 -4.648920e+11 -5.984325e+12 -4.617153e-01 8.154813e-01 -3.490117e-01 0.000000e+00 1
6.067896e+12 7.258137e+12 1.011983e+13 1.088985e-01 6.046018e-01 7.890486e-01 0.000000e+00 1
-1.077943e+11 -3.574757e+12 -8.544282e+12 -4.580739e-01 -4.175929e-01 -7.847194e-01 0.000000e+00 1
-7.083451e+12 4.670906e+12 -4.721345e+12 -9.665911e-01 1.157990e-01 2.286751e-01 0.000000e+00 1
5.091475e+12 1.243630e+13 -2.081031e+12 -9.837524e-01 6.760090e-02 -1.663167e-01 0.000000e+00 1
1.509039e+13 -6.578735e+12 -3.752888e+12 -3.567784e-01 -7.268480e-02 9.313571e-01 0.000000e+00 1
5.555092e+11 1.264494e+13 -6.056988e+12 -2.617857e-01 -9.494664e-01 1.731527e-01 0.000000e+00 1
-8.537202e+11 1.677404e+12 1.576034e+13 -8.538882e-01 -1.187761e-01 5.067220e-01 0.000000e+00 1
1.677268e+11 -1.611025e+12 -8.030540e+12 -3.008069e-01 -1.248359e-02 -9.536034e-01 0.000000e+00 1
-6.137713e+12 -7.435185e+11 2.453348e+12 -5.535492e-01 5.593451e-01 6.170222e-01 0.000000e+00 1
4.135109e+12 3.295412e+12 -1.347699e+13 7.121050e-01 -6.920831e-01 -1.180147e-01 0.000000e+00 1
1.339041e+13 4.902832e+12 5.301321e+12 1.038640e-02 9.861691e-01 1.654167e-01 0.000000e+00 1
-7.180056e+12 1.152654e+13 5.077236e+12 2.286033e-01 4.927034e-01 -8.396332e-01 0.000000e+00 1
-7.045848e+12 -8.623933e+12 1.948099e+12 -5.815892e-01 -4.956577e-02 8.119712e-01 0.000000e+00 1
-1.481745e+12 -1.354919e+13 -1.526839e+12 -3.549856e-01 2.583932e-01 8.984532e-01 0.000000e+00 1
-9.747761e+12 8.840317e+12 4.220061e+12 -3.403526e-01 -1.437107e-01 -9.292510e-01 0.000000e+00 1
-6.664273e+12 -4.887053e+12 1.435600e+13 -8.793125e-01 -3.930218e-01 2.689672e-01 0.000000e+00 1
-4.910338e+11 -8.262817e+12 -1.019558e+13 2.168761e-01 3.829699e-01 -8.979414e-01 0.000000e+00 1
1.240915e+12 2.784105e+10 1.005280e+13 6.972041e-01 -2.695405e-01 -6.642698e-01 0.000000e+00 1
2.311479e+12 7.651754e+11 -1.554663e+13 -9.194210e-01 -2.001233e-01 3.385493e-01 0.000000e+00 1
1.534907e+11 -2.352290e+12 8.647519e+12 -2.223730e-01 8.723967e-01 -4.352863e-01 0.000000e+00 1
7.928778e+12 -2.525784e+12 1.435743e+13 6.110828e-02 -3.536354e-02 -9.975045e-01 0.000000e+00 1
3.320280e+12 7.754548e+12 -1.326870e+13 -9.592675e-01 1.324248e-02 -2.821887e-01 0.000000e+00 1
2.108839e+12 1.446480e+13 7.861217e+12 9.563575e-01 -2.088143e-01 2.043940e-01 0.000000e+00 1
3.051028e+12 -6.728877e+12 -2.706945e+11 -1.587681e-01 4.394563e-01 8.841215e-01 0.000000e+00 1
-4.476793e+12 -1.365347e+13 -3.885438e+12 -3.382189e-01 1.650173e-01 -9.264865e-01 0.000000e+00 1
-9.601806e+12 6.602644e+12 -5.669013e+12 -4.268268e-01 -6.053422e-01 -6.718479e-01 0.000000e+00 1
5.633861e+12 -1.319118e+13 8.928763e+12 -2.546351e-01 1.059226e-01 9.612187e-01 0.000000e+00 1
-1.256054e+13 6.795368e+11 3.751986e+12 -5.399548e-01 7.742784e-01 -3.300633e-01 0.000000e+00 1
-8.478864e+12 2.455848e+12 -2.020994e+12 -3.626966e-01 3.897376e-01 -8.464962e-01 0.000000e+00 1
-9.609128e+12 -1.217889e+13 3.877617e+12 -7.494392e-01 6.846392e-02 6.585238e-01 0.000000e+00 1
3.024553e+12 2.842744e+12 -1.159264e+13 2.332747e-01 -8.926913e-01 -3.855972e-01 0.000000e+00 1
-9.317743e+12 2.609696e+12 1.136083e+13 -2.907942e-01 -7.037397e-01 6.482200e-01 0.000000e+00 1
2.881294e+12 -4.298824e+12 4.661334e+12 6.639340e-01 4.706007e-01 -5.811426e-01 0.000000e+00 1
5.543753e+12 1.050334e+12 -1.001391e+13 6.358058e-01 -5.264117e-01 -5.644836e-01 0.000000e+00 1
9.215262e+12 -4.392960e+12 -1.853186e+12 6.660755e-01 3.496346e-01 -6.588619e-01 0.000000e+00 1
-6.088941e+12 -4.958385e+11 -1.520100e+13 1.880622e-01 -9.260713e-01 -3.271460e-01 0.000000e+00 1
-1.198017e+13 6.018871e+12 -6.384321e+12 -8.587646e-01 -5.099117e-01 -5.013413e-02 0.000000e+00 1
-7.865493e+12 -8.955702e+12 -4.162309e+12 8.947812e-01 -1.373935e-01 4.248407e-01 0.000000e+00 1
-7.083809e+12 1.487385e+12 -1.362302e+13 1.576304e-02 3.349492e-01 9.421043e-01 0.000000e+00 1
-2.761245e+12 -8.177183e+12 -3.488019e+12 -5.113515e-01 -8.308601e-01 2.195246e-01 0.000000e+00 1
1.216004e+13 6.994739e+12 -7.105697e+12 6.603849e-01 -2.874587e-02 -7.503769e-01 0.000000e+00 1
-5.541613e+11 -1.318043e+13 1.581638e+12 9.914034e-01 1.095835e-01 7.148982e-02 0.000000e+00 1
8.790702e+12 -8.056415e+12 1.087411e+13 5.238684e-01 -8.404059e-01 -1.388518e-01 0.000000e+00 1
7.951277e+12 1.599884e+12 8.823165e+12 -6.565750e-01 -7.450303e-01 1.176400e-01 0.000000e+00 1
1.201644e+13 9.394633e+12 4.966446e+12 -2.618481e-01 8.102138e-01 5.243941e-01 0.000000e+00 1
-1.769173e+12 4.439011e+12 -9.494934e+12 3.117859e-01 5.131754e-01 7.996503e-01 0.000000e+00 1
8.040047e+12 4.679808e+12 1.239673e+13 8.670302e-01 -4.839228e-01 -1.186481e-01 0.000000e+00 1
-1.701233e+12 1.393219e+12 7.284094e+12 4.183158e-01 7.652834e-01 -4.892375e-01 0.000000e+00 1
-1.008453e+13 -9.563555e+12 3.152795e+12 9.184665e-01 -1.450731e-01 -3.679309e-01 0.000000e+00 1
1.428497e+13 -5.377782e+12 -5.267882e+12 -1.032531e-01 9.907668e-01 8.786304e-02 0.000000e+00 1
-1.060006e+13 8.232326e+12 -7.592925e+12 -7.882132e-01 -5.086200e-02 -6.132968e-01 0.000000e+00 1
-9.386980e+12 -9.619096e+12 9.330478e+12 -7.642731e-01 5.142597e-01 3.891318e-01 0.000000e+00 1
8.807836e+12 4.945418e+12 2.743115e+12 9.570622e-01 2.862334e-01 4.585259e-02 0.000000e+00 1
1.098619e+13 -1.119943e+13 -1.655699e+12 -2.134131e-01 -8.952427e-01 3.911462e-01 0.000000e+00 1
-8.440425e+12 7.742067e+12 1.322909e+12 -6.306476e-01 4.422137e-01 -6.377544e-01 0.000000e+00 1
5.265770e+11 3.901226e+12 -8.412805e+12 9.350711e-01 -3.156461e-01 1.612749e-01 0.000000e+00 1
1.048272e+13 4.984406e+12 4.098163e+12 -5.144675e-01 8.290802e-01 2.189729e-01 0.000000e+00 1
5.378742e+12 5.629025e+12 -1.232637e+13 9.500712e-01 -2.254836e-01 2.156891e-01 0.000000e+00 1
-1.011187e+13 -1.035655e+12 3.746821e+12 -8.114606e-01 -5.517465e-01 -1.926331e-01 0.000000e+00 1
-2.744316e+12 1.270561e+13 4.976465e+12 1.940406e-01 -8.801149e-01 -4.332966e-01 0.000000e+00 1
5.126257e+12 -4.333057e+12 -9.782673e+12 -8.477078e-01 4.019440e-01 3.461683e-01 0.000000e+00 1
-2.150391e+12 1.001819e+13 4.585028e+12 -8.272057e-01 -5.082844e-01 -2.395366e-01 0.000000e+00 1
-3.267065e+12 -6.305186e+12 -8.352802e+12 5.486219e-01 -8.119069e-01 1.995527e-01 0.000000e+00 1
4.734698e+10 -1.594345e+12 -5.868159e+12 5.642231e-01 -7.712089e-01 -2.947698e-01 0.000000e+00 1
-1.468753e+13 -4.849736e+12 -4.407744e+11 9.338599e-01 -3.517708e-01 6.452134e-02 0.000000e+00 1
8.992002e+12 1.122087e+13 6.707906e+12 3.752213e-01 -8.923066e-01 2.509937e-01 0.000000e+00 1
-8.697722e+11 -4.946521e+12 1.492436e+13 1.709274e-01 6.430268e-01 7.465255e-01 0.000000e+00 1
-1.371983e+13 1.945244e+12 1.631470e+12 3.845723e-01 -8.441074e-01 -3.736132e-01 0.000000e+00 1
-6.527925e+12 7.875921e+12 -1.005568e+13 -8.206074e-01 -4.194138e-01 3.881954e-01 0.000000e+00 1
-8.794774e+12 -4.224356e+12 -2.246863e+12 -6.968215e-01 6.950159e-01 -1.771799e-01 0.000000e+00 1
-5.955231e+12 1.257208e+13 1.776643e+11 8.726253e-01 2.081746e-01 4.418013e-01 0.000000e+00 1
3.766587e+12 1.025021e+12 1.257138e+13 1.445833e-01 -9.474639e-01 -2.853207e-01 0.000000e+00 1
4.260007e+12 -7.685903e+12 -1.199089e+13 -2.519648e-01 -9.508424e-01 1.800347e-01 0.000000e+00 1
-9.270804e+12 2.654636e+12 1.140568e+13 -7.844335e-01 6.097241e-01 -1.135812e-01 0.000000e+00 1
1.280739e+12 8.614303e+12 1.425951e+13 -5.797775e-01 6.612162e-01 -4.760791e-01 0.000000e+00 1
-8.705242e+12 -6.626542e+11 4.395198e+12 2.475758e-01 -8.130335e-01 -5.269562e-01 0.000000e+00 1
-1.597496e+12 -5.052918e+12 2.416234e+12 3.780799e-01 -1.673554e-01 9.105206e-01 0.000000e+00 1
6.662883e+12 -1.004727e+13 9.411583e+12 7.091450e-01 -4.517128e-01 -5.413584e-01 0.000000e+00 1
1.128359e+13 3.107893e+12 -2.963226e+12 -1.176843e-01 -7.307227e-01 -6.724543e-01 0.000000e+00 1
3.823438e+12 -2.347682e+12 -4.916096e+12 1.334172e-01 1.390774e-01 9.812529e-01 0.000000e+00 1
-7.503377e+11 -1.338632e+13 7.053007e+12 3.257530e-01 -8.486084e-01 -4.168319e-01 0.000000e+00 1
-9.961770e+12 1.952342e+12 1.160401e+13 -9.547425e-01 -3.367468e-02 2.955213e-01 0.000000e+00 1
2.664889e+11 1.320337e+13 -2.012626e+12 7.654422e-01 -1.083565e-01 -6.343162e-01 0.000000e+00 1
-1.639384e+12 -2.699059e+12 9.717883e+12 2.307709e-01 -8.455409e-01 4.814618e-01 0.000000e+00 1
-7.182457e+12 -1.057683e+13 3.724045e+11 -6.378993e-01 6.066556e-01 4.743980e-01 0.000000e+00 1
1.215996e+13 8.010990e+11 1.175332e+13 4.788554e-01 -1.013722e-01 -8.720213e-01 0.000000e+00 1
-1.352359e+13 -2.221684e+12 3.481478e+12 8.915313e-01 4.451206e-01 8.390176e-02 0.000000e+00 1
-1.092911e+13 3.708985e+12 -6.470252e+12 7.109267e-01 -7.021624e-01 3.938411e-02 0.000000e+00 1
4.466867e+12 1.053804e+13 -4.701926e+12 3.579629e-01 -9.302852e-01 8.020046e-02 0.000000e+00 1
-8.249990e+11 1.167834e+13 -1.091719e+13 -5.339585e-01 -7.711708e-01 -3.466755e-01 0.000000e+00 1
8.183462e+12 1.176243e+13 -5.665769e+12 9.560677e-01 -2.686789e-01 -1.172443e-01 0.000000e+00 1
-2.065220e+12 -7.643277e+12 1.961569e+12 -5.491857e-01 -4.360363e-01 -7.129287e-01 0.000000e+00 1
2.716950e+11 2.058510e+12 -2.043604e+12 -3.003140e-02 -9.856861e-01 1.658946e-01 0.000000e+00 1
-4.602411e+12 6.756561e+12 -2.969748e+12 3.871495e-01 7.117970e-01 -5.860549e-01 0.000000e+00 1
-1.728670e+12 -2.778181e+12 -3.304674e+12 -5.812830e-01 8.072672e-01 1.021257e-01 0.000000e+00 1
-9.493157e+12 3.793516e+11 4.550644e+12 6.567042e-01 6.246171e-02 7.515571e-01 0.000000e+00 1
1.574249e+12 -1.529045e+12 -9.747507e+12 -4.260999e-01 7.685568e-01 -4.772413e-01 0.000000e+00 1
7.106643e+12 -5.292619e+12 -4.291949e+11 1.914064e-01 9.488747e-01 -2.509990e-01 0.000000e+00 1
5.700908e+12 1.096670e+13 -2.883392e+12 6.862842e-01 2.235149e-01 6.921380e-01 0.000000e+00 1
1.609215e+12 6.690332e+12 -1.202071e+13 8.370713e-01 4.807497e-02 5.449775e-01 0.000000e+00 1
-1.705607e+12 2.493467e+12 -1.587563e+13 7.459527e-02 -4.639476e-01 8.827163e-01 0.000000e+00 1
-3.365262e+12 1.758161e+12 3.506410e+11 1.006891e-02 -7.100676e-01 -7.040615e-01 0.000000e+00 1
-1.337074e+13 -6.463035e+12 1.412346e+12 8.759634e-01 4.311098e-01 2.164079e-01 0.000000e+00 1
1.033934e+13 8.454488e+12 -5.333847e+12 -5.948028e-01 -5.104679e-01 -6.209929e-01 0.000000e+00 1
5.161340e+12 1.489394e+12 -2.767589e+12 4.872034e-01 7.308115e-01 -4.780662e-01 0.000000e+00 1
-1.081732e+13 8.756611e+12 4.462247e+12 -6.932177e-02 -2.525186e-01 9.651056e-01 0.000000e+00 1
-3.376355e+12 -7.332016e+11 -1.395110e+13 3.514960e-01 -3.334107e-03 -9.361834e-01 0.000000e+00 1
-3.276208e+09 9.947468e+12 -1.154326e+13 6.279995e-01 5.989668e-01 -4.968455e-01 0.000000e+00 1
-1.047881e+11 9.998788e+12 7.386141e+12 -8.001914e-01 4.147255e-01 -4.332396e-01 0.000000e+00 1
1.345590e+13 -7.799766e+11 -8.611742e+12 2.297162e-01 6.875489e-01 -6.888447e-01 0.000000e+00 1
6.407489e+12 5.587965e+12 1.142068e+13 -6.105313e-01 -6.439462e-01 -4.610693e-01 0.000000e+00 1
1.068186e+12 1.175203e+13 -8.774241e+12 3.513813e-02 -4.112802e-01 -9.108314e-01 0.000000e+00 1
-1.068091e+13 -2.597859e+12 6.925404e+12 9.043687e-01 -3.306648e-01 2.697740e-01 0.000000e+00 1
2.543712e+11 -1.830672e+12 -1.055591e+13 -3.022213e-01 -4.670411e-01 8.309843e-01 0.000000e+00 1
-1.184090e+12 1.162732e+13 3.780684e+12 -9.001610e-01 2.371568e-01 -3.653311e-01 0.000000e+00 1
5.875862e+12 4.312194e+12 8.914627e+12 2.050910e-01 7.188511e-01 -6.642219e-01 0.000000e+00 1
2.208498e+12 5.140736e+12 -1.162083e+13 -8.986736e-01 2.582655e-02 -4.378570e-01 0.000000e+00 1
1.233907e+13 1.413816e+12 -5.308448e+12 -7.173892e-01 -6.658518e-01 2.049247e-01 0.000000e+00 1
1.499761e+13 -2.912286e+11 -2.418875e+12 -4.901580e-01 -6.611104e-01 -5.680477e-01 0.000000e+00 1
-3.993063e+11 1.550337e+13 6.828154e+12 8.421866e-01 1.953756e-01 5.025436e-01 0.000000e+00 1
3.073175e+12 8.462743e+12 -1.426876e+13 -6.309912e-01 2.715293e-01 -7.267200e-01 0.000000e+00 1
-1.885288e+11 -1.173565e+13 5.558947e+12 -8.904321e-01 2.296644e-01 -3.929186e-01 0.000000e+00 1
4.405262e+11 8.835322e+12 -6.868099e+12 1.284931e-01 -7.518069e-01 -6.467425e-01 0.000000e+00 1
-4.750172e+12 -3.121797e+12 9.487034e+12 -5.447934e-01 -7.087544e-01 4.481823e-01 0.000000e+00 1
-9.868841e+12 8.622801e+12 -2.261800e+12 2.918510e-01 -9.394621e-01 -1.795384e-01 0.000000e+00 1
3.459050e+11 1.248682e+13 7.600370e+12 -9.337256e-01 3.339136e-01 -1.290665e-01 0.000000e+00 1
-1.741187e+12 7.781367e+12 -2.039168e+12 3.305411e-01 3.655077e-01 8.701418e-01 0.000000e+00 1
-7.220177e+12 2.064138e+12 8.786267e+12 -6.495785e-01 -7.517268e-01 -1.138183e-01 0.000000e+00 1
-8.647346e+12 -5.517270e+12 -3.760467e+12 -5.158278e-01 -8.554544e-01 4.603666e-02 0.000000e+00 1
3.662149e+12 1.031890e+13 -9.433889e+12 -9.271111e-01 1.907187e-01 -3.226319e-01 0.000000e+00 1
-5.941104e+12 5.798186e+12 1.388884e+13 1.742623e-01 -9.321611e-01 3.173457e-01 0.000000e+00 1
-4.665229e+12 -1.249374e+13 -2.652151e+12 1.855940e-01 9.762279e-01 -1.119552e-01 0.000000e+00 1
-2.383361e+11 -4.299689e+12 -5.922471e+12 -2.077328e-01 9.414859e-01 2.654269e-01 0.000000e+00 1
-1.574844e+12 -4.029630e+12 -2.572302e+12 6.982872e-01 4.266779e-01 -5.747530e-01 0.000000e+00 1
-6.137490e+12 4.583041e+12 9.607365e+11 7.831770e-01 5.267918e-01 -3.303395e-01 0.000000e+00 1
-3.098955e+12 -5.101872e+12 -1.105912e+13 9.395711e-02 9.333504e-01 -3.464521e-01 0.000000e+00 1
-1.356821e+12 -9.562037e+12 -2.279469e+12 2.155461e-01 -7.896381e-01 -5.744663e-01 0.000000e+00 1
4.806678e+12 -1.050634e+13 1.177126e+13 2.205327e-01 9.611189e-01 -1.661800e-01 0.000000e+00 1
1.897336e+12 -9.576173e+12 -1.094277e+13 8.973062e-02 9.380831e-01 -3.345871e-01 0.000000e+00 1
-1.538287e+12 7.844895e+11 -1.655693e+13 8.120363e-01 5.211318e-01 2.627141e-01 0.000000e+00 1
6.289379e+12 1.075529e+13 -1.469005e+12 5.492499e-01 7.058547e-01 4.473182e-01 0.000000e+00 1
-7.659530e+12 -7.287236e+12 -1.129406e+13 -8.036819e-01 5.900648e-01 -7.693462e-02 0.000000e+00 1
-6.272793e+12 -1.301967e+13 8.129726e+12 -8.540075e-01 8.157316e-02 5.138259e-01 0.000000e+00 1
-1.255783e+13 -2.461464e+12 2.083790e+12 -9.070158e-01 -2.657734e-01 -3.266294e-01 0.000000e+00 1
2.548300e+12 3.580668e+12 7.440110e+12 1.863536e-01 8.029409e-01 -5.661786e-01 0.000000e+00 1
-1.612510e+12 1.394854e+13 9.483279e+12 -7.436404e-01 4.412350e-01 -5.023054e-01 0.000000e+00 1
-2.520327e+12 -1.408844e+13 -5.496119e+12 -5.579262e-01 8.073612e-01 1.920580e-01 0.000000e+00 1
-4.151541e+12 -3.063750e+12 1.179050e+13 6.193400e-01 5.566324e-01 -5.536952e-01 0.000000e+00 1
2.394512e+11 -2.920027e+12 3.988334e+12 1.355036e-01 -1.738977e-01 -9.753965e-01 0.000000e+00 1
-1.479921e+12 1.379626e+13 6.654126e+11 -2.054402e-01 -7.873183e-02 -9.754976e-01 0.000000e+00 1
1.251971e+12 5.121454e+12 -1.530494e+13 -4.617698e-01 8.512237e-01 2.493730e-01 0.000000e+00 1
-1.223538e+13 -1.415537e+12 2.575148e+12 8.147420e-01 -5.795978e-01 -1.618548e-02 0.000000e+00 1
-8.351621e+12 -7.856174e+12 9.916349e+12 -8.569863e-01 -2.774863e-01 4.342532e-01 0.000000e+00 1
4.980220e+12 8.426336e+12 -6.078301e+12 6.602052e-01 3.874192e-01 6.434558e-01 0.000000e+00 1
1.528328e+13 -5.146378e+12 9.581760e+11 -4.254079e-01 6.845610e-01 -5.919496e-01 0.000000e+00 1
-7.113755e+12 -1.698668e+12 -6.515700e+12 5.654744e-01 6.250284e-01 -5.381246e-01 0.000000e+00 1
-4.378071e+11 3.372150e+12 -9.023230e+12 -7.565431e-01 -5.302699e-01 -3.826961e-01 0.000000e+00 1
7.337988e+10 -7.818790e+12 4.593898e+11 8.280786e-01 -4.826492e-01 2.851940e-01 0.000000e+00 1
9.767757e+12 -6.491797e+12 8.842087e+11 1.422545e-01 4.555113e-01 -8.787907e-01 0.000000e+00 1
-1.459490e+13 -7.523451e+11 6.641217e+12 -3.416689e-01 3.365859e-01 8.774807e-01 0.000000e+00 1
-5.452051e+12 -3.180187e+12 7.107425e+12 4.745983e-01 -8.071700e-01 3.510456e-01 0.000000e+00 1
-5.429096e+12 1.175022e+13 1.604218e+12 -2.200312e-01 -7.826412e-01 5.822877e-01 0.000000e+00 1
2.090792e+12 -1.239739e+13 -6.117246e+12 8.497653e-02 -9.746728e-01 -2.068621e-01 0.000000e+00 1
-5.426481e+12 -1.058496e+13 -3.847078e+12 -4.236252e-01 3.425930e-01 -8.385534e-01 0.000000e+00 1
-4.637424e+12 3.165337e+12 -9.902531e+11 -6.675008e-01 -7.193704e-01 -1.922207e-01 0.000000e+00 1
1.770824e+12 -2.402138e+12 5.506674e+12 -8.536575e-01 1.810672e-01 4.883477e-01 0.000000e+00 1
2.270970e+12 1.340172e+13 4.427605e+12 -1.794180e-03 4.737896e-01 8.806362e-01 0.000000e+00 1
9.844638e+12 -6.132931e+12 6.939683e+12 -4.028207e-01 -3.743888e-01 -8.352057e-01 0.000000e+00 1
-9.318655e+12 -5.267355e+12 2.367412e+12 4.136771e-01 -5.816674e-01 7.003815e-01 0.000000e+00 1
-8.592744e+12 2.555643e+12 -4.069581e+12 -1.800827e-01 3.650277e-01 -9.134139e-01 0.000000e+00 1
5.011940e+12 9.721915e+12 -1.083274e+13 4.811707e-01 -5.282738e-02 -8.750337e-01 0.000000e+00 1
-2.780770e+12 -7.481480e+12 -9.364995e+12 1.801255e-01 -9.831630e-01 3.074537e-02 0.000000e+00 1
1.125803e+13 -3.118867e+12 -4.713766e+12 -8.416387e-01 -1.711384e-01 -5.122069e-01 0.000000e+00 1
5.052425e+11 1.963299e+12 -6.990539e+12 3.564047e-01 2.366609e-01 -9.038624e-01 0.000000e+00 1
1.546789e+12 -1.051819e+13 -2.882251e+12 5.142519e-01 -2.896603e-01 8.072434e-01 0.000000e+00 1
-2.113344e+11 1.879000e+12 -9.625822e+11 -9.396615e-01 -6.152300e-02 -3.365282e-01 0.000000e+00 1
-9.109283e+12 1.759079e+12 -1.277585e+13 -4.442970e-01 -8.579928e-01 2.577763e-01 0.000000e+00 1
-2.677956e+12 1.239910e+13 3.225053e+12 -3.681561e-01 3.215162e-01 8.724038e-01 0.000000e+00 1
4.765595e+12 2.341743e+12 -1.136136e+13 3.945648e-01 -5.668686e-01 7.231726e-01 0.000000e+00 1
-1.350419e+12 -2.878728e+11 -6.275028e+12 8.140651e-01 -2.944737e-01 5.005829e-01 0.000000e+00 1
7.252177e+12 1.205796e+13 7.147902e+12 9.715629e-01 -7.800119e-02 -2.235651e-01 0.000000e+00 1
5.809304e+12 3.459279e+12 6.994870e+12 7.393310e-01 6.128097e-01 2.790233e-01 0.000000e+00 1
1.155246e+13 5.313228e+12 -1.063793e+13 -9.791605e-01 8.473480e-02 1.845663e-01 0.000000e+00 1
-1.358585e+13 -1.124951e+12 5.805515e+12 8.312908e-01 3.404784e-01 -4.393519e-01 0.000000e+00 1
-7.738735e+12 5.013092e+11 -1.198214e+13 5.059054e-01 -6.288551e-01 -5.904244e-01 0.000000e+00 1
1.165655e+10 -7.029745e+12 8.817794e+12 6.828371e-01 7.193893e-01 1.273285e-01 0.000000e+00 1
6.682306e+12 1.446060e+13 -5.782275e+12 9.990996e-01 8.869541e-03 4.148773e-02 0.000000e+00 1
7.031405e+12 -1.611095e+11 -4.226313e+12 8.679456e-02 4.562804e-01 8.855930e-01 0.000000e+00 1
-1.329120e+12 1.020690e+13 1.716114e+12 6.240201e-01 -7.333735e-01 2.697448e-01 0.000000e+00 1
-4.185835e+12 2.566914e+12 -1.221781e+13 -9.497633e-01 2.697109e-01 1.587631e-01 0.000000e+00 1
-2.588651e+12 -7.665746e+12 -1.287466e+13 -4.708026e-01 4.616687e-01 -7.518024e-01 0.000000e+00 1
-3.106058e+11 9.801771e+12 1.099687e+13 -2.475954e-01 9.448966e-01 -2.141654e-01 0.000000e+00 1
-1.718141e+12 -9.905394e+11 -3.394717e+12 4.321842e-01 -3.728004e-01 -8.211192e-01 0.000000e+00 1
4.814799e+12 -1.250031e+13 2.124366e+12 1.989172e-01 4.820079e-01 -8.532879e-01 0.000000e+00 1
1.241545e+12 -9.395512e+12 1.239897e+13 3.482707e-01 8.539434e-01 -3.866370e-01 0.000000e+00 1
1.010017e+13 3.788189e+12 4.543974e+12 -3.305337e-01 2.147132e-01 9.190461e-01 0.000000e+00 1
8.881895e+12 -7.295585e+12 -3.074443e+12 -8.983910e-01 3.805910e-01 -2.191894e-01 0.000000e+00 1
-1.367803e+13 2.573408e+12 -1.596263e+12 -5.822931e-01 -3.471487e-01 -7.351344e-01 0.000000e+00 1
8.860215e+12 8.944438e+12 -1.733100e+12 8.215710e-03 -4.785506e-01 -8.780215e-01 0.000000e+00 1
1.184456e+13 6.913304e+12 5.395824e+12 -2.144876e-01 8.590362e-01 -4.648137e-01 0.000000e+00 1
3.588433e+12 -9.636787e+12 7.720867e+12 -3.869766e-02 -9.983610e-01 -4.216373e-02 0.000000e+00 1
1.668384e+12 1.175134e+13 -9.124513e+12 1.107349e-01 9.938137e-01 8.489210e-03 0.000000e+00 1
-1.099789e+13 -4.539334e+11 1.169074e+13 9.926919e-01 9.549271e-02 7.378328e-02 0.000000e+00 1
-4.705921e+12 -1.306614e+13 -8.900602e+12 9.730597e-01 -2.097882e-01 -9.562288e-02 0.000000e+00 1
5.745217e+12 1.220483e+13 -9.070678e+12 -3.882732e-01 7.213123e-01 -5.735438e-01 0.000000e+00 1
-1.098666e+13 2.248554e+12 2.510366e+12 -8.809745e-01 -4.552694e-01 -1.288941e-01 0.000000e+00 1
-7.405445e+12 4.396523e+12 -6.971095e+12 9.556481e-01 -6.304812e-02 2.876832e-01 0.000000e+00 1
-1.075599e+13 -7.515236e+12 -5.484438e+12 -1.345438e-01 9.546133e-01 -2.657283e-01 0.000000e+00 1
1.148068e+13 5.879802e+12 7.628587e+12 9.877605e-01 -1.330258e-01 8.144538e-02 0.000000e+00 1
7.073560e+12 -4.386594e+12 1.704505e+12 -1.862076e-01 1.477657e-01 9.713352e-01 0.000000e+00 1
6.304556e+12 1.330249e+13 4.112417e+12 1.089869e-01 -9.957636e-02 -9.890432e-01 0.000000e+00 1
-5.762052e+12 -1.516702e+13 1.474259e+12 -1.144086e-01 7.746336e-01 -6.219755e-01 0.000000e+00 1
3.443392e+12 6.737886e+12 -1.150919e+13 9.175436e-01 2.915985e-01 -2.703405e-01 0.000000e+00 1
-9.437268e+12 2.356907e+12 4.770889e+12 -4.443134e-01 -7.302418e-01 -5.189726e-01 0.000000e+00 1
7.610313e+12 -1.457253e+13 1.240063e+12 -1.329883e-01 -9.759823e-01 -1.725475e-01 0.000000e+00 1
1.668589e+13 -2.275913e+12 -1.528301e+11 -7.346239e-01 -6.498128e-01 -1.951181e-01 0.000000e+00 1
3.030175e+12 -5.772476e+12 2.332711e+12 -2.251774e-01 9.626068e-01 1.506096e-01 0.000000e+00 1
-8.316107e+10 2.934339e+12 -9.765421e+11 -4.701183e-02 4.385025e-01 8.974996e-01 0.000000e+00 1
4.090119e+12 6.957514e+12 -1.352642e+13 6.622334e-01 4.868588e-01 5.695748e-01 0.000000e+00 1
5.480729e+12 2.559747e+12 -7.352666e+12 4.319471e-01 -7.300457e-01 5.295800e-01 0.000000e+00 1
-1.388881e+13 -6.191815e+12 -2.274224e+12 8.414769e-01 5.033929e-01 1.962451e-01 0.000000e+00 1
6.862829e+12 1.149355e+13 -1.356825e+12 -4.804873e-01 -1.781896e-01 8.587086e-01 0.000000e+00 1
1.007070e+13 -7.448084e+12 -2.230357e+12 -9.358285e-01 -1.979171e-01 2.916397e-01 0.000000e+00 1
-5.704058e+12 -5.701747e+12 5.529232e+12 4.676290e-01 -2.339307e-01 8.524081e-01 0.000000e+00 1
-2.506148e+12 -4.332493e+12 -1.042826e+13 -7.532788e-01 6.336228e-01 -1.763327e-01 0.000000e+00 1
-7.329942e+12 1.069574e+12 -1.471803e+13 8.379620e-01 -3.046112e-02 5.448778e-01 0.000000e+00 1
-2.121469e+11 -8.829556e+12 5.677588e+12 6.355616e-01 -6.729616e-02 7.691116e-01 0.000000e+00 1
-8.455057e+12 1.072762e+13 -3.500283e+12 -8.968873e-01 3.491344e-01 -2.714745e-01 0.000000e+00 1
1.038267e+13 5.361531e+12 8.966902e+12 2.043527e-01 -2.816109e-01 9.375155e-01 0.000000e+00 1
1.190555e+13 1.247609e+12 -6.014569e+11 -9.400737e-01 -3.606515e-02 3.390586e-01 0.000000e+00 1
-1.671473e+12 -1.873080e+12 -7.272104e+12 -9.601968e-02 7.022874e-01 7.053883e-01 0.000000e+00 1
-2.665758e+11 -6.183140e+12 -4.999602e+12 -5.806865e-01 -4.011324e-01 -7.084462e-01 0.000000e+00 1
1.362042e+13 6.944308e+12 2.016684e+12 -2.438870e-01 -8.822518e-01 4.026797e-01 0.000000e+00 1
3.123718e+11 -5.542867e+12 -1.048255e+13 -9.037546e-01 -3.097909e-01 2.953933e-01 0.000000e+00 1
9.442984e+12 -4.627294e+12 -1.580898e+12 -9.164757e-01 7.119983e-03 4.000269e-01 0.000000e+00 1
-1.313626e+13 -9.690117e+12 -4.254754e+12 -2.941909e-01 -3.637456e-01 -8.838217e-01 0.000000e+00 1
1.045939e+13 1.179287e+13 -3.315423e+12 3.353064e-01 6.686950e-01 -6.636389e-01 0.000000e+00 1
-6.607941e+12 -6.075332e+12 -1.346699e+13 -7.633296e-01 -1.161649e-01 6.354790e-01 0.000000e+00 1
9.616505e+12 7.626588e+12 8.786505e+12 6.905984e-01 -7.145023e-01 -1.120726e-01 0.000000e+00 1
6.049392e+12 3.907545e+12 -6.290984e+11 -3.470728e-01 3.912527e-01 -8.523273e-01 0.000000e+00 1
9.519972e+11 -8.759491e+12 -5.762933e+12 3.194526e-01 5.500561e-01 7.716141e-01 0.000000e+00 1
-9.877374e+11 1.069801e+13 1.148209e+13 5.231735e-01 -8.520835e-01 -1.559723e-02 0.000000e+00 1
-6.711040e+12 7.245603e+12 2.808362e+12 6.943962e-01 -3.666023e-01 -6.192064e-01 0.000000e+00 1
4.121307e+12 -7.566821e+12 2.978972e+12 1.768897e-02 -8.953584e-01 -4.449949e-01 0.000000e+00 1
-1.292185e+13 -3.623776e+12 -1.241148e+12 8.970950e-01 3.887662e-01 -2.099557e-01 0.000000e+00 1
-1.228190e+13 -4.390439e+11 -4.186008e+12 -6.442410e-01 -4.392513e-01 -6.261085e-01 0.000000e+00 1
-6.899024e+12 9.483222e+12 -8.292885e+12 1.756166e-01 -4.725120e-01 -8.636499e-01 0.000000e+00 1
7.391683e+12 -6.837851e+12 1.317445e+13 2.964677e-01 8.936823e-01 3.368070e-01 0.000000e+00 1
-6.212629e+12 1.077854e+13 -7.856316e+12 7.219219e-01 5.857414e-01 -3.684234e-01 0.000000e+00 1
-1.282340e+13 1.837641e+12 5.190405e+12 6.463878e-01 -7.628976e-01 -1.303921e-02 0.000000e+00 1
-1.958716e+12 9.240217e+12 -2.045021e+12 6.591213e-01 -7.449064e-01 1.033129e-01 0.000000e+00 1
-2.777229e+12 -1.066407e+13 9.262358e+12 4.654814e-01 5.461678e-01 6.964394e-01 0.000000e+00 1
5.148696e+12 3.082243e+12 -1.381499e+12 -5.124882e-01 -5.708287e-01 -6.414908e-01 0.000000e+00 1
1.175103e+13 5.724331e+12 1.035083e+13 -9.331780e-01 -2.770731e-01 2.289309e-01 0.000000e+00 1
-5.839575e+12 1.448590e+13 2.241745e+12 -3.636834e-01 8.756115e-01 -3.178660e-01 0.000000e+00 1
-2.365441e+12 5.145674e+12 -2.452761e+12 5.525281e-01 8.166095e-01 -1.669182e-01 0.000000e+00 1
-2.411760e+11 -1.459330e+11 -1.443727e+13 -2.107372e-01 2.801671e-01 -9.365341e-01 0.000000e+00 1
5.273838e+12 -8.985381e+11 -4.393373e+12 -2.068145e-01 -6.567744e-01 -7.251725e-01 0.000000e+00 1
-1.168151e+13 -1.140993e+13 2.133823e+12 3.137127e-01 8.578738e-01 -4.069852e-01 0.000000e+00 1
3.383132e+12 1.504186e+13 3.447265e+12 -2.975746e-01 -9.049970e-02 9.503995e-01 0.000000e+00 1
8.685311e+12 1.232267e+12 -1.020910e+13 2.685900e-01 -4.168456e-01 -8.683888e-01 0.000000e+00 1
9.440058e+12 -6.126087e+11 2.167425e+12 6.250092e-01 7.669464e-01 -1.454536e-01 0.000000e+00 1
1.299701e+13 2.343674e+12 -7.856436e+12 -5.598098e-01 -7.669474e-01 -3.136952e-01 0.000000e+00 1
-8.812047e+12 1.308176e+13 -2.986480e+12 -2.020756e-01 9.553817e-01 2.154328e-01 0.000000e+00 1
1.026996e+13 -4.582076e+12 1.101501e+13 7.264467e-01 -5.902965e-01 3.518881e-01 0.000000e+00 1
1.217293e+13 3.996421e+12 7.015406e+12 1.483964e-01 5.815806e-01 7.998391e-01 0.000000e+00 1
1.195721e+13 -8.865495e+12 -4.749508e+12 -2.352884e-01 -9.690666e-01 7.449355e-02 0.000000e+00 1
2.658431e+12 1.202312e+13 -4.550504e+12 1.945194e-01 9.514954e-01 -2.383666e-01 0.000000e+00 1
-6.711994e+11 -1.426270e+12 -1.608479e+13 9.149997e-01 7.643228e-02 -3.961485e-01 0.000000e+00 1
-3.135103e+12 5.425301e+12 3.536698e+12 -8.144921e-01 -4.003639e-01 4.198945e-01 0.000000e+00 1
4.897295e+12 5.283690e+12 5.964069e+12 9.084962e-01 4.044952e-01 1.049681e-01 0.000000e+00 1
-1.020530e+13 6.575073e+12 -7.521962e+12 9.069807e-01 1.946134e-03 -4.211677e-01 0.000000e+00 1
7.557998e+12 -1.657322e+12 1.376872e+13 3.769526e-01 -9.204182e-01 1.036200e-01 0.000000e+00 1
7.001659e+12 -1.091742e+13 9.263137e+12 4.186897e-02 9.251154e-01 -3.773705e-01 0.000000e+00 1
-7.347909e+12 7.668886e+12 -1.307306e+13 -1.071427e-01 2.825548e-01 9.532488e-01 0.000000e+00 1
-3.909306e+11 -1.031399e+12 3.552707e+12 3.341488e-01 9.258710e-01 1.763730e-01 0.000000e+00 1
-7.656545e+12 3.814212e+12 -1.296390e+13 -1.986543e-01 1.937706e-02 9.798780e-01 0.000000e+00 1
-3.879409e+12 1.551770e+13 4.716757e+12 -6.658173e-01 5.869891e-01 -4.605769e-01 0.000000e+00 1
-1.387681e+13 3.228588e+12 2.776391e+11 7.236041e-01 -6.049013e-01 -3.324026e-01 0.000000e+00 1
-1.222303e+13 2.889748e+11 1.995339e+12 8.205439e-02 -9.963398e-01 -2.395910e-02 0.000000e+00 1
-6.737199e+12 -5.271661e+12 1.746562e+12 -9.972755e-01 2.134909e-02 -7.061002e-02 0.000000e+00 1
-3.511339e+11 8.872635e+12 -1.172982e+13 1.601616e-01 4.630149e-01 8.717600e-01 0.000000e+00 1
-1.780649e+11 5.547193e+12 9.377573e+12 6.083003e-01 6.569781e-01 4.453656e-01 0.000000e+00 1
5.602702e+12 1.473575e+13 -5.129364e+12 4.308096e-01 2.454595e-01 -8.684197e-01 0.000000e+00 1
-2.153459e+12 5.472954e+12 1.402022e+13 1.368621e-02 -3.624480e-01 9.319035e-01 0.000000e+00 1
7.893575e+12 -2.279916e+12 4.463722e+12 -1.273640e-01 -7.990267e-01 -5.876520e-01 0.000000e+00 1
2.864844e+12 1.557474e+13 4.106469e+12 3.251572e-01 -1.621732e-01 -9.316505e-01 0.000000e+00 1
-1.458621e+13 3.676804e+12 -6.912630e+11 -9.161242e-01 1.785877e-01 -3.589190e-01 0.000000e+00 1
-1.332807e+12 4.030216e+12 6.462834e+12 -2.293605e-01 -7.986712e-01 -5.563434e-01 0.000000e+00 1
1.067676e+13 5.015706e+12 -3.509227e+12 2.320104e-02 -8.627790e-02 -9.960009e-01 0.000000e+00 1
-9.612399e+12 -1.648471e+12 3.464637e+11 -9.092759e-01 1.819269e-01 3.743261e-01 0.000000e+00 1
7.087600e+12 -6.478998e+11 1.151792e+13 -4.614670e-01 -5.500471e-01 6.960578e-01 0.000000e+00 1
-2.876541e+12 1.607778e+13 5.918615e+11 2.873001e-01 9.233155e-01 -2.548474e-01 0.000000e+00 1
-7.903691e+12 -1.491315e+12 1.028173e+13 8.045826e-02 5.710148e-01 -8.169875e-01 0.000000e+00 1
-3.298633e+11 1.234023e+13 -8.026858e+12 -1.254037e-01 9.098767e-01 3.954723e-01 0.000000e+00 1
-2.721358e+12 1.147667e+13 -2.397277e+12 -2.269628e-01 3.126938e-01 -9.223397e-01 0.000000e+00 1
1.021494e+13 -1.139414e+13 -2.133492e+12 -6.644400e-01 -1.151908e-02 -7.472529e-01 0.000000e+00 1
1.264383e+13 1.682029e+12 4.520180e+12 -1.562308e-01 2.365708e-01 -9.589714e-01 0.000000e+00 1
1.566083e+13 -1.812921e+12 -5.661920e+11 -8.777453e-01 -3.883026e-01 2.806855e-01 0.000000e+00 1
4.364956e+12 -1.734603e+12 4.851004e+12 2.533872e-01 6.584023e-01 -7.087322e-01 0.000000e+00 1
-1.488271e+12 1.032740e+13 8.978536e+12 3.258082e-01 7.910811e-01 5.177255e-01 0.000000e+00 1
2.197320e+12 4.201410e+12 1.460944e+13 -1.560388e-01 -9.741018e-01 -1.636388e-01 0.000000e+00 1
1.169186e+13 2.239101e+12 -4.201570e+12 -7.934159e-01 -5.333191e-01 -2.933631e-01 0.000000e+00 1
-1.239942e+11 2.488149e+12 -1.294899e+13 -3.470731e-01 -8.111294e-01 4.707541e-01 0.000000e+00 1
1.125005e+13 4.563405e+12 -8.306577e+12 -6.728643e-01 1.193566e-01 -7.300738e-01 0.000000e+00 1
-5.432987e+12 1.475792e+13 6.182640e+12 -6.343420e-02 -9.973075e-01 -3.679600e-02 0.000000e+00 1
-1.346298e+13 1.437029e+12 -1.878685e+12 -8.121131e-01 -5.788465e-01 -7.354617e-02 0.000000e+00 1
-1.136019e+13 2.526847e+12 -7.681206e+12 -6.332702e-01 2.802868e-01 7.213932e-01 0.000000e+00 1
5.966268e+12 2.663384e+12 4.221236e+12 -6.993034e-01 -7.145265e-01 2.065661e-02 0.000000e+00 1
-1.950348e+12 -2.493710e+12 -4.631218e+12 -5.295267e-01 -8.436663e-01 -8.847989e-02 0.000000e+00 1
-8.463694e+12 1.021947e+13 3.429746e+12 4.576906e-01 -7.556124e-01 -4.685822e-01 0.000000e+00 1
-1.031389e+13 3.951190e+12 3.466434e+10 2.363140e-02 -8.965629e-01 4.422856e-01 0.000000e+00 1
-1.296681e+13 6.371919e+12 8.934747e+11 2.588138e-01 9.591818e-01 -1.139550e-01 0.000000e+00 1
1.383286e+12 -6.048453e+12 5.534646e+12 -9.399180e-01 3.412829e-01 -8.947113e-03 0.000000e+00 1
-6.658723e+12 -1.276885e+13 -8.223392e+12 8.421334e-01 -1.903997e-01 5.045387e-01 0.000000e+00 1
1.215715e+13 -6.882996e+12 3.951595e+12 -5.922354e-01 7.818110e-01 1.950100e-01 0.000000e+00 1
4.004747e+11 -7.585540e+12 -3.399719e+12 5.477085e-01 8.171872e-01 -1.795005e-01 0.000000e+00 1
-9.652182e+12 -6.890907e+12 -1.045970e+13 7.018121e-01 5.536364e-01 4.482705e-01 0.000000e+00 1
-1.746097e+12 -1.576180e+13 2.723954e+12 4.185864e-01 7.561223e-01 5.030552e-01 0.000000e+00 1
-1.090953e+13 -1.044553e+13 -2.087850e+12 -3.609638e-01 5.721256e-01 -7.364628e-01 0.000000e+00 1
-8.161444e+12 1.366007e+13 6.604059e+11 7.589895e-02 -9.969843e-01 1.617789e-02 0.000000e+00 1
-1.035936e+12 2.581492e+12 1.589936e+13 -1.074655e-01 -4.854330e-01 8.676439e-01 0.000000e+00 1
-2.378561e+12 1.040175e+13 2.833892e+12 -4.680388e-01 6.874287e-01 5.553210e-01 0.000000e+00 1
-8.589061e+12 -4.818695e+12 3.753468e+12 7.780386e-01 3.343134e-01 -5.318744e-01 0.000000e+00 1
3.797523e+12 -3.999320e+12 -1.776710e+12 4.652730e-02 -1.379068e-01 9.893518e-01 0.000000e+00 1
8.030999e+12 8.483149e+12 -1.434452e+12 -5.347710e-01 -6.159114e-01 5.785093e-01 0.000000e+00 1
5.313917e+12 -3.461890e+12 -3.460583e+12 9.537893e-01 -2.914437e-01 -7.312064e-02 0.000000e+00 1
9.971896e+12 -9.618272e+12 -8.806655e+12 2.347082e-01 8.378701e-01 -4.928344e-01 0.000000e+00 1
7.614282e+12 9.564111e+12 6.150329e+11 -2.911720e-01 7.926111e-01 5.357113e-01 0.000000e+00 1
6.225908e+12 -1.719284e+12 6.054220e+12 -2.713772e-01 -2.414258e-01 -9.317017e-01 0.000000e+00 1
-8.751463e+12 1.555735e+12 1.147973e+13 7.317928e-02 8.830623e-01 4.635145e-01 0.000000e+00 1
-9.469876e+12 -4.495087e+12 9.395909e+12 -8.359172e-02 -4.327349e-01 -8.976374e-01 0.000000e+00 1
-3.597162e+12 1.326843e+12 1.144269e+13 6.432746e-01 7.630929e-01 -6.234556e-02 0.000000e+00 1
-7.997227e+12 1.012961e+12 -1.146338e+13 -9.207784e-01 3.403918e-01 -1.905269e-01 0.000000e+00 1
8.059502e+12 -6.607617e+12 8.563149e+12 -1.669060e-01 -8.032761e-02 -9.826952e-01 0.000000e+00 1
-7.311508e+12 -6.835121e+12 9.454444e+12 -4.374821e-01 -8.658354e-01 -2.427723e-01 0.000000e+00 1
7.096600e+11 1.277128e+13 -9.215317e+12 5.692134e-01 3.124521e-01 7.605062e-01 0.000000e+00 1
-6.779365e+12 1.166039e+13 -1.500954e+12 -8.582605e-01 4.995858e-01 1.174862e-01 0.000000e+00 1
5.763475e+12 9.500824e+12 -5.279582e+12 2.643346e-01 -9.634052e-01 4.447126e-02 0.000000e+00 1
-8.946174e+12 1.332736e+13 5.365092e+12 -5.747105e-01 -5.494723e-01 6.064552e-01 0.000000e+00 1
9.935403e+12 -9.116263e+12 2.497410e+12 -6.410976e-03 7.003212e-01 7.137991e-01 0.000000e+00 1
-9.276744e+11 -8.655943e+12 -9.257728e+12 3.848830e-01 2.378992e-01 8.917786e-01 0.000000e+00 1
-5.338035e+12 1.295835e+13 2.443241e+12 -1.525534e-01 -3.363452e-01 -9.293005e-01 0.000000e+00 1
1.608569e+12 1.407535e+13 2.334627e+12 -5.422371e-01 5.233413e-01 6.573376e-01 0.000000e+00 1
3.500513e+12 6.557260e+12 1.342707e+11 -6.432846e-01 7.225081e-01 -2.533120e-01 0.000000e+00 1
-6.397917e+12 1.179639e+11 6.076963e+12 7.730744e-01 4.099019e-01 4.840830e-01 0.000000e+00 1
-1.231244e+13 7.102516e+12 3.046534e+12 5.309280e-01 7.794136e-01 -3.326106e-01 0.000000e+00 1
6.764136e+12 2.986929e+12 -1.159226e+13 -2.625979e-01 -6.162179e-01 -7.425078e-01 0.000000e+00 1
3.976466e+12 1.280982e+13 3.416832e+12 9.525525e-01 -2.603777e-01 1.576299e-01 0.000000e+00 1
1.168103e+12 -3.315733e+12 -8.937927e+12 -9.473758e-02 -6.062045e-01 -7.896460e-01 0.000000e+00 1
6.679480e+12 -9.025693e+12 -3.739672e+12 -7.949952e-01 -5.431775e-01 -2.700758e-01 0.000000e+00 1
1.959167e+12 -6.203470e+12 -1.090313e+13 5.871655e-01 -8.077282e-01 5.302669e-02 0.000000e+00 1
-1.029541e+13 8.172500e+12 -5.964810e+11 9.921207e-02 1.812015e-01 -9.784288e-01 0.000000e+00 1
-5.515109e+12 -1.906771e+12 7.068513e+12 -8.787160e-02 -8.111004e-01 5.782688e-01 0.000000e+00 1
-1.619303e+13 -2.119256e+12 2.338883e+12 6.394497e-01 -4.190924e-01 6.445663e-01 0.000000e+00 1
1.299245e+13 -3.161945e+11 -6.654591e+12 -8.443423e-01 -3.830340e-01 3.746612e-01 0.000000e+00 1
-2.065867e+12 1.796369e+12 9.221474e+12 7.840134e-01 4.673966e-01 4.084891e-01 0.000000e+00 1
-7.249373e+12 1.002107e+13 7.736956e+12 -6.194510e-02 2.816391e-01 9.575188e-01 0.000000e+00 1
8.069681e+11 1.252886e+13 8.151310e+12 -1.025903e-01 9.502130e-01 -2.942285e-01 0.000000e+00 1
8.474370e+11 7.541516e+12 -7.101795e+12 -3.134124e-01 -6.889293e-01 -6.535665e-01 0.000000e+00 1
1.012918e+13 7.783661e+12 4.265559e+12 8.222491e-01 -5.676708e-01 4.069818e-02 0.000000e+00 1
1.350681e+12 -7.945653e+12 -2.921923e+12 -5.477703e-01 1.398950e-01 -8.248498e-01 0.000000e+00 1
2.997486e+12 2.824467e+12 3.208464e+12 -4.529895e-01 -8.673194e-01 2.062950e-01 0.000000e+00 1
8.054134e+12 6.563236e+12 3.058229e+12 -5.956957e-03 4.004935e-01 -9.162802e-01 0.000000e+00 1
1.025132e+13 -4.354399e+12 7.770912e+11 -6.252418e-01 7.641762e-01 -1.584534e-01 0.000000e+00 1
-4.960804e+12 3.564409e+12 -4.379560e+12 6.790741e-01 -7.268283e-01 1.028546e-01 0.000000e+00 1
4.143353e+12 2.783584e+12 1.059528e+13 1.121009e-01 9.899428e-01 -8.629367e-02 0.000000e+00 1
4.698738e+12 9.552891e+12 1.241091e+13 -8.849840e-01 -2.182591e-01 4.112983e-01 0.000000e+00 1
-8.951248e+12 -9.531678e+12 -7.895723e+11 7.055304e-01 2.450018e-01 -6.649819e-01 0.000000e+00 1
-1.211789e+13 1.044899e+13 1.094429e+12 -5.081992e-01 8.584935e-01 6.872080e-02 0.000000e+00 1
-4.315618e+12 1.216385e+13 1.989705e+12 2.291342e-01 9.001015e-01 3.705601e-01 0.000000e+00 1
4.986131e+12 -1.017859e+13 -1.122817e+13 -8.474541e-02 4.303857e-01 -8.986581e-01 0.000000e+00 1
2.171584e+12 1.449613e+13 6.069849e+12 1.983343e-01 5.329686e-01 8.225619e-01 0.000000e+00 1
1.212529e+12 -5.481792e+12 1.061985e+13 9.122068e-01 2.458205e-01 -3.277972e-01 0.000000e+00 1
7.255203e+12 7.346757e+12 -4.192744e+12 -7.756305e-01 6.208375e-01 -1.138337e-01 0.000000e+00 1
2.475044e+12 1.267907e+13 -3.828905e+12 1.545363e-02 -1.510751e-01 -9.884015e-01 0.000000e+00 1
-1.450905e+12 8.612883e+12 -1.168235e+13 -2.276965e-01 9.515416e-01 -2.066952e-01 0.000000e+00 1
-9.908286e+12 -7.175545e+12 1.035413e+13 8.975218e-02 7.484394e-01 -6.571020e-01 0.000000e+00 1
1.031339e+12 -5.999496e+12 8.571397e+11 4.553054e-01 -7.565661e-02 -8.871150e-01 0.000000e+00 1
-1.031130e+13 5.907958e+12 1.096041e+13 5.845583e-01 5.314560e-01 6.130629e-01 0.000000e+00 1
-4.243765e+12 1.318153e+12 -1.977128e+12 3.706484e-01 2.872046e-01 -8.832515e-01 0.000000e+00 1
-9.657610e+12 -1.109052e+13 7.879578e+12 4.616749e-01 6.064925e-01 6.473199e-01 0.000000e+00 1
5.227451e+12 -6.650983e+12 2.611438e+11 2.748041e-01 1.140440e-01 -9.547129e-01 0.000000e+00 1
-5.745820e+12 -3.991846e+12 -1.175591e+13 -2.951464e-01 -5.778619e-01 7.608970e-01 0.000000e+00 1
-1.111708e+13 3.919176e+12 -4.513047e+11 9.741327e-01 1.347088e-01 -1.814359e-01 0.000000e+00 1
5.514834e+12 -8.612208e+12 1.149377e+13 4.351612e-01 5.684241e-01 -6.982325e-01 0.000000e+00 1
1.805640e+12 -8.325196e+12 -8.240588e+12 3.846076e-01 5.597430e-01 -7.340059e-01 0.000000e+00 1
9.686326e+12 -9.672345e+12 -1.685894e+12 -4.962464e-02 4.285703e-01 9.021446e-01 0.000000e+00 1
7.492222e+12 2.952593e+12 -7.139495e+12 -5.795492e-01 6.744674e-01 -4.574018e-01 0.000000e+00 1
4.467631e+12 1.524587e+12 2.849351e+12 4.832242e-01 -6.700089e-01 5.635445e-01 0.000000e+00 1
1.090928e+13 -2.092414e+12 -3.214613e+12 7.658452e-01 2.381474e-01 5.972997e-01 0.000000e+00 1
4.309270e+12 -7.863413e+12 3.012897e+12 -9.238237e-01 -1.493035e-01 -3.525027e-01 0.000000e+00 1
-7.726287e+11 -1.767456e+12 -4.210316e+12 -6.458110e-01 -5.342575e-01 -5.454329e-01 0.000000e+00 1
3.486721e+12 8.126305e+12 -1.280661e+12 -6.523024e-01 5.608197e-01 -5.098851e-01 0.000000e+00 1
-1.296242e+12 -5.570605e+12 -1.422612e+13 -7.292313e-01 5.208283e-01 4.438012e-01 0.000000e+00 1
-1.125505e+13 -8.741772e+12 -6.356204e+11 -1.525798e-01 -9.553073e-01 -2.531944e-01 0.000000e+00 1
4.289618e+12 -9.721650e+12 8.800875e+12 6.766695e-01 1.071738e-01 -7.284450e-01 0.000000e+00 1
1.207440e+13 -6.216075e+12 9.621472e+12 8.079116e-01 -2.060803e-01 5.520957e-01 0.000000e+00 1
1.133601e+13 4.820232e+12 7.973725e+12 6.792069e-02 8.282251e-01 -5.562642e-01 0.000000e+00 1
-1.025444e+13 -1.182687e+13 2.834288e+12 -3.492352e-01 3.634441e-01 8.636800e-01 0.000000e+00 1
-4.110449e+12 7.327641e+11 1.047814e+13 -1.756587e-01 -1.616069e-01 -9.710959e-01 0.000000e+00 1
-6.288771e+10 -2.862625e+12 1.263720e+13 -7.966413e-01 5.863652e-01 1.467602e-01 0.000000e+00 1
5.362849e+12 -5.050161e+12 1.445841e+12 -7.403668e-02 4.710334e-01 -8.790029e-01 0.000000e+00 1
-1.687556e+12 -5.781170e+12 -1.415835e+13 1.231709e-01 7.126668e-01 6.906048e-01 0.000000e+00 1
8.238249e+12 -2.786184e+11 -1.433209e+13 -3.765890e-01 -2.305507e-01 8.972330e-01 0.000000e+00 1
1.411922e+13 -6.746707e+11 -2.790028e+12 6.213529e-01 -6.839654e-01 -3.822458e-01 0.000000e+00 1
-5.318869e+12 -2.217505e+11 -5.750885e+12 4.142689e-01 7.715658e-01 -4.827707e-01 0.000000e+00 1
-3.247129e+12 1.047679e+12 -7.739342e+12 -7.531963e-01 -6.205379e-01 2.182384e-01 0.000000e+00 1
1.449842e+13 5.242823e+12 -6.689390e+12 8.402618e-02 6.548571e-01 7.510671e-01 0.000000e+00 1
-1.481107e+13 9.760264e+11 -7.664169e+12 -5.007760e-01 -1.930599e-01 8.437720e-01 0.000000e+00 1
2.583038e+12 -4.866396e+12 1.464250e+12 -9.804901e-01 1.043280e-01 1.665978e-01 0.000000e+00 1
-5.498476e+12 1.118032e+13 2.469144e+12 6.572632e-01 3.378710e-01 -6.736826e-01 0.000000e+00 1
-1.552975e+12 4.433877e+12 6.047175e+10 -3.372806e-01 2.535470e-01 -9.066177e-01 0.000000e+00 1
-8.693217e+12 6.895274e+12 4.304817e+12 6.971338e-01 -4.730485e-01 5.387297e-01 0.000000e+00 1
-2.716587e+12 3.065755e+12 1.336167e+13 6.095343e-01 -6.641220e-01 4.329087e-01 0.000000e+00 1
4.152270e+12 -1.167671e+13 -7.625230e+12 4.726473e-01 -7.201221e-01 -5.079652e-01 0.000000e+00 1
-7.234814e+12 -2.968244e+11 -3.538971e+12 -7.234734e-01 -1.032776e-01 6.825833e-01 0.000000e+00 1
-1.425644e+13 4.986022e+12 2.620100e+12 4.656489e-01 5.182164e-01 -7.173722e-01 0.000000e+00 1
6.556141e+12 3.802210e+12 -1.456296e+13 8.539622e-01 1.129779e-01 -5.079218e-01 0.000000e+00 1
3.825281e+12 -2.493408e+12 -4.407925e+11 -9.446994e-01 -2.499905e-01 2.122446e-01 0.000000e+00 1
2.365210e+12 -8.111622e+12 -1.118660e+13 1.026106e-01 -1.642026e-01 -9.810752e-01 0.000000e+00 1
8.117676e+12 -4.186102e+12 -6.916652e+12 9.217704e-01 -1.811865e-01 -3.427984e-01 0.000000e+00 1
4.976373e+12 -9.491919e+11 -8.843281e+12 -8.358169e-01 -4.782450e-02 5.469213e-01 0.000000e+00 1
6.676309e+12 -2.602838e+12 1.064883e+13 8.459959e-01 -2.847462e-02 5.324286e-01 0.000000e+00 1
9.566393e+12 -4.137136e+12 -2.745466e+12 3.740164e-01 -7.812215e-01 -4.998046e-01 0.000000e+00 1
6.305647e+12 -7.892207e+12 2.718518e+12 1.647609e-01 8.189246e-02 -9.829280e-01 0.000000e+00 1
-1.045411e+12 -5.074211e+10 5.260311e+12 4.515327e-01 -1.637286e-01 8.771038e-01 0.000000e+00 1
-1.387285e+13 -7.949768e+12 3.687257e+12 9.556018e-01 -1.157540e-01 2.709727e-01 0.000000e+00 1
-4.141921e+12 8.482548e+11 1.343386e+13 -7.816874e-01 5.791064e-01 -2.315180e-01 0.000000e+00 1
-7.299521e+12 3.678823e+12 -1.931971e+12 7.141337e-01 6.999815e-01 -6.239139e-03 0.000000e+00 1
3.407664e+12 6.680949e+12 8.503377e+12 -4.094965e-01 3.344148e-01 -8.488105e-01 0.000000e+00 1
-3.925698e+12 3.334383e+12 9.061554e+12 -1.700237e-03 9.310128e-01 -3.649826e-01 0.000000e+00 1
1.150134e+11 6.596387e+12 1.375516e+13 7.853131e-01 4.727586e-01 -3.997281e-01 0.000000e+00 1
9.893388e+12 -4.675190e+12 -9.852801e+12 -9.416696e-03 -5.441482e-01 8.389363e-01 0.000000e+00 1
-2.779255e+12 -1.480807e+13 4.128976e+12 6.088192e-01 -5.796038e-01 -5.416628e-01 0.000000e+00 1
8.664498e+12 -1.327044e+13 4.730112e+12 8.421620e-01 -2.109022e-01 -4.962696e-01 0.000000e+00 1
6.500246e+12 -2.061846e+12 9.433422e+12 2.105530e-02 -8.467748e-01 5.315347e-01 0.000000e+00 1
9.113954e+12 -1.310208e+13 4.955060e+12 6.786332e-01 -3.271802e-01 -6.575789e-01 0.000000e+00 1
2.438828e+12 1.115131e+13 -3.091688e+11 -5.255948e-01 3.022203e-01 -7.952439e-01 0.000000e+00 1
4.548939e+11 -1.009348e+13 -1.012656e+13 -6.397043e-01 7.601137e-01 -1.140421e-01 0.000000e+00 1
7.311194e+11 -9.222695e+12 1.171700e+13 -4.987879e-01 6.199420e-01 -6.057082e-01 0.000000e+00 1
-8.893111e+12 2.370908e+12 1.021194e+13 9.963022e-01 -3.126935e-02 8.002558e-02 0.000000e+00 1
-1.081261e+13 4.494501e+12 -1.017957e+13 -3.443352e-01 -5.214712e-01 7.807055e-01 0.000000e+00 1
1.362975e+13 6.866358e+12 5.140407e+12 5.715877e-01 -4.765521e-01 -6.679712e-01 0.000000e+00 1
1.532529e+13 -6.220581e+12 -2.933070e+12 4.737886e-01 8.132190e-01 -3.379336e-01 0.000000e+00 1
3.794486e+12 -2.646864e+12 -6.873585e+12 8.730675e-01 2.477004e-01 -4.199973e-01 0.000000e+00 1
-7.333831e+12 1.084735e+13 8.367092e+12 -6.857926e-01 6.763664e-01 2.687323e-01 0.000000e+00 1
8.289989e+12 -8.394492e+12 9.774220e+12 -6.531846e-01 5.327682e-01 -5.380595e-01 0.000000e+00 1
7.754043e+12 1.829174e+12 1.840775e+12 -6.722402e-02 -9.780055e-01 -1.974491e-01 0.000000e+00 1
9.526641e+12 -2.836032e+12 -1.075414e+13 -8.110120e-01 3.582202e-02 5.839318e-01 0.000000e+00 1
7.840410e+12 -1.038069e+13 -3.946870e+12 5.338353e-01 -3.753631e-01 -7.577087e-01 0.000000e+00 1
-3.382562e+12 -1.337817e+13 3.151520e+12 -2.603438e-01 3.736377e-01 -8.902898e-01 0.000000e+00 1
-2.663500e+12 -1.464575e+12 1.566634e+13 8.532667e-01 3.876216e-01 3.488344e-01 0.000000e+00 1
3.670520e+12 -2.787765e+12 -8.716534e+12 9.608241e-01 2.082454e-01 1.828957e-01 0.000000e+00 1
1.496890e+13 -1.589243e+12 6.982283e+12 -5.745904e-01 -4.506845e-01 -6.831760e-01 0.000000e+00 1
-6.065898e+12 -4.860801e+12 5.514331e+11 6.920986e-01 -4.940880e-01 5.261907e-01 0.000000e+00 1
-3.147150e+12 2.859663e+12 1.056563e+13 3.531563e-01 -6.078035e-01 7.112352e-01 0.000000e+00 1
5.960173e+11 -5.247849e+10 7.671422e+12 -9.349573e-01 3.214026e-01 -1.501841e-01 0.000000e+00 1
7.240066e+12 2.314867e+12 -1.667289e+12 9.135282e-01 -1.018971e-01 3.938061e-01 0.000000e+00 1
1.134446e+13 -2.158904e+12 1.156656e+13 1.147261e-01 7.022011e-01 7.026746e-01 0.000000e+00 1
-8.723002e+12 -1.319582e+13 -5.885373e+12 -7.759952e-01 1.896766e-01 -6.015432e-01 0.000000e+00 1
-6.202571e+12 -1.199221e+13 3.339804e+12 -7.524306e-02 5.848767e-02 -9.954485e-01 0.000000e+00 1
9.850075e+11 -1.308143e+13 -5.789903e+12 3.602675e-01 -3.038689e-01 -8.819700e-01 0.000000e+00 1
3.771729e+12 -4.521137e+12 -7.941001e+12 -2.093221e-01 7.304233e-01 -6.501277e-01 0.000000e+00 1
-4.209975e+12 1.254111e+13 -6.383687e+11 -3.520667e-01 4.739216e-01 8.071229e-01 0.000000e+00 1
-8.624159e+12 -1.662287e+12 1.312601e+13 8.695874e-01 3.591802e-01 -3.388324e-01 0.000000e+00 1
5.708280e+12 -5.694954e+12 4.230656e+12 -7.919244e-01 5.918749e-01 -1.501326e-01 0.000000e+00 1
-2.702816e+12 -1.243158e+12 -1.248787e+13 2.772074e-01 -6.723100e-01 6.864076e-01 0.000000e+00 1
-8.953463e+12 5.847904e+12 -2.537815e+12 4.727137e-01 8.709527e-01 -1.341016e-01 0.000000e+00 1
-1.003388e+13 -1.140721e+13 4.583701e+12 3.613993e-01 5.294498e-02 -9.309067e-01 0.000000e+00 1
8.731303e+12 8.854091e+12 9.760397e+12 -1.811805e-01 8.577026e-01 4.811651e-01 0.000000e+00 1
1.108530e+13 -2.270988e+12 6.921672e+12 -1.960828e-01 -9.111335e-01 -3.624739e-01 0.000000e+00 1
-1.280020e+13 3.021910e+12 6.371541e+11 1.754349e-01 7.980777e-01 -5.764500e-01 0.000000e+00 1
-2.931210e+12 -1.614371e+12 -1.540898e+13 2.749596e-01 -2.945843e-01 9.152143e-01 0.000000e+00 1
-7.571292e+11 2.303035e+12 -1.327340e+13 3.349504e-01 4.823698e-01 -8.093995e-01 0.000000e+00 1
1.006827e+13 -7.975432e+12 1.016265e+13 4.380576e-01 8.923392e-01 -1.087945e-01 0.000000e+00 1
9.487441e+12 -6.587271e+11 8.653774e+12 -1.692296e-01 -7.247040e-01 -6.679562e-01 0.000000e+00 1
2.928438e+12 1.620697e+12 2.397568e+11 9.049015e-01 -4.019594e-01 1.399356e-01 0.000000e+00 1
-1.354789e+13 -4.912987e+12 -1.025230e+12 -4.213543e-01 5.816969e-01 -6.957652e-01 0.000000e+00 1
6.560926e+12 7.545578e+12 3.370335e+10 3.771027e-01 7.807966e-01 4.981468e-01 0.000000e+00 1
3.869800e+12 -1.601714e+13 -2.324698e+12 4.683970e-01 -8.811487e-01 -6.466238e-02 0.000000e+00 1
1.878320e+12 4.864362e+12 5.695011e+12 7.264108e-01 -6.711428e-01 -1.479686e-01 0.000000e+00 1
4.274686e+11 3.132250e+12 1.155634e+13 -1.238136e-01 -9.361497e-01 3.290804e-01 0.000000e+00 1
-3.730901e+12 1.136834e+13 -1.479508e+12 -3.846546e-01 -4.987574e-01 7.767123e-01 0.000000e+00 1
-4.035180e+12 -2.554058e+12 1.376647e+13 8.713525e-01 2.634138e-01 4.139541e-01 0.000000e+00 1
8.090241e+12 6.943197e+12 1.265945e+12 1.179993e-01 8.259379e-01 -5.512737e-01 0.000000e+00 1
-9.565721e+12 4.264819e+12 -1.195989e+13 -7.015506e-01 5.397400e-02 -7.105727e-01 0.000000e+00 1
-9.450481e+12 1.025846e+13 -6.848785e+12 6.983109e-01 -6.869985e-01 -2.009849e-01 0.000000e+00 1
4.751289e+12 2.817124e+12 9.275339e+12 6.123204e-01 -5.522498e-01 5.657596e-01 0.000000e+00 1
-1.010639e+13 1.048053e+13 -2.219009e+12 -9.734354e-01 1.080958e-01 -2.018386e-01 0.000000e+00 1
-4.716550e+12 -7.193704e+12 -2.043199e+12 9.886335e-01 1.503231e-01 2.603769e-03 0.000000e+00 1
-1.220163e+13 -7.749964e+12 4.478520e+11 -5.958382e-01 -3.118874e-01 -7.400696e-01 0.000000e+00 1
-4.979999e+12 -7.679123e+12 7.690395e+12 -3.342465e-01 -9.069302e-01 2.564312e-01 0.000000e+00 1
5.625334e+12 1.195718e+13 1.276227e+12 6.688214e-01 -6.930225e-01 -2.690684e-01 0.000000e+00 1
5.926391e+12 1.372426e+13 2.367329e+12 7.297194e-01 6.814594e-01 5.588089e-02 0.000000e+00 1
-1.209677e+13 6.068043e+12 -4.021750e+12 -4.320894e-01 4.624063e-01 7.742604e-01 0.000000e+00 1
2.658176e+12 -1.102582e+13 -4.720368e+12 -4.883310e-01 -3.075772e-01 8.166573e-01 0.000000e+00 1
4.598476e+12 -6.510566e+12 3.953508e+12 -6.679190e-01 -5.243989e-01 5.281004e-01 0.000000e+00 1
9.850187e+12 7.657049e+12 -5.020937e+12 8.118773e-01 -1.554198e-01 -5.627610e-01 0.000000e+00 1
1.467230e+12 -6.733821e+12 5.866714e+12 4.636284e-01 -5.455086e-01 6.981898e-01 0.000000e+00 1
-3.828968e+12 -2.109701e+12 8.763002e+10 -8.948232e-01 -3.700937e-01 -2.496440e-01 0.000000e+00 1
-1.747366e+12 -7.454003e+12 -1.053522e+13 -4.726258e-01 1.612345e-01 8.663881e-01 0.000000e+00 1
8.889423e+12 4.026684e+11 -7.313174e+11 -6.187186e-01 2.442776e-01 7.466698e-01 0.000000e+00 1
-2.925712e+11 1.359165e+13 -7.492798e+12 9.995354e-01 -1.339125e-02 2.737845e-02 0.000000e+00 1
-1.277655e+12 7.407871e+12 1.217992e+13 -1.418812e-01 -2.270360e-01 -9.634959e-01 0.000000e+00 1
5.919715e+12 -9.371828e+11 1.110550e+13 1.559519e-01 -8.095776e-01 5.659180e-01 0.000000e+00 1
8.817070e+12 -8.577961e+12 4.117158e+10 4.734437e-01 5.012207e-01 -7.243127e-01 0.000000e+00 1
5.362421e+12 -7.077959e+12 9.508850e+12 -2.314401e-03 6.622091e-01 7.493155e-01 0.000000e+00 1
7.471423e+11 7.456323e+12 1.419311e+13 7.141339e-01 -6.986404e-01 -4.375354e-02 0.000000e+00 1
-8.059551e+11 -3.109272e+12 4.785541e+12 -5.534814e-01 -8.302239e-01 6.623071e-02 0.000000e+00 1
2.960615e+12 -1.123777e+13 5.997460e+12 -2.081824e-01 -5.889146e-01 -7.809223e-01 0.000000e+00 1
2.785906e+12 2.873099e+12 -2.874049e+12 -9.041392e-01 3.816726e-01 -1.919852e-01 0.000000e+00 1
1.287642e+13 1.708810e+12 -9.760293e+12 -7.510900e-01 -3.294809e-01 -5.721067e-01 0.000000e+00 1
-5.747675e+12 -5.768341e+11 -1.543836e+13 5.404918e-01 2.596566e-01 -8.002794e-01 0.000000e+00 1
-6.266889e+12 -2.489226e+12 9.438039e+12 -6.485953e-02 -9.975371e-01 -2.669976e-02 0.000000e+00 1
-1.082982e+13 8.866271e+12 -2.573353e+12 -4.509465e-01 -8.334190e-01 -3.194683e-01 0.000000e+00 1
1.323831e+13 1.658913e+12 -2.705242e+12 1.808158e-01 -8.368006e-01 5.167885e-01 0.000000e+00 1
-5.064293e+12 -6.935739e+12 8.296742e+12 -4.106438e-01 -8.848359e-01 -2.200842e-01 0.000000e+00 1
9.228869e+12 -1.361301e+13 -3.375627e+12 8.494214e-01 4.076180e-01 -3.351579e-01 0.000000e+00 1
4.981380e+12 -1.565349e+13 7.706198e+11 4.411553e-02 1.892683e-01 9.809339e-01 0.000000e+00 1
-2.451343e+12 -9.941533e+12 -1.999747e+12 -9.903614e-01 -5.437682e-02 -1.273870e-01 0.000000e+00 1
2.320036e+12 6.228665e+12 -1.270610e+13 6.668706e-01 -1.445989e-01 7.310094e-01 0.000000e+00 1
-2.789705e+12 -1.956228e+11 -1.272168e+13 7.027081e-01 -3.634888e-01 -6.116185e-01 0.000000e+00 1
2.170877e+12 9.952647e+11 -2.183557e+12 7.922415e-01 2.139518e-01 5.714701e-01 0.000000e+00 1
-6.948465e+12 -1.204399e+13 -3.256149e+12 -2.508982e-01 5.524398e-01 7.948965e-01 0.000000e+00 1
8.605343e+12 -1.354960e+12 7.041334e+11 1.401673e-01 6.352391e-01 7.594896e-01 0.000000e+00 1
3.880698e+12 -7.971897e+12 1.247601e+13 -3.799123e-01 -3.716210e-01 -8.470918e-01 0.000000e+00 1
1.116487e+12 -2.118510e+12 -1.604563e+13 3.144287e-02 8.056321e-01 -5.915811e-01 0.000000e+00 1
1.690614e+12 -3.150990e+12 1.570269e+13 1.777851e-01 -3.667049e-01 -9.131922e-01 0.000000e+00 1
2.058172e+11 -5.466308e+12 -8.089882e+12 4.693365e-01 5.444272e-01 -6.952138e-01 0.000000e+00 1
-5.352640e+12 6.999085e+12 -1.314442e+13 2.742662e-03 9.963463e-01 -8.536136e-02 0.000000e+00 1
8.389324e+12 7.994047e+12 -8.066386e+12 -1.689517e-01 6.240276e-01 -7.629187e-01 0.000000e+00 1
4.306471e+12 -4.819953e+12 3.097255e+12 7.102939e-01 -3.333427e-01 -6.199720e-01 0.000000e+00 1
1.056663e+13 2.808702e+11 -9.162156e+12 4.390609e-01 7.711225e-01 -4.610809e-01 0.000000e+00 1
6.698626e+11 2.715487e+11 3.946152e+11 -8.216705e-01 2.059725e-01 -5.314442e-01 0.000000e+00 1
-9.068463e+10 -1.294025e+13 2.938492e+12 -4.164225e-01 7.953778e-01 -4.404163e-01 0.000000e+00 1
-9.783337e+12 3.200480e+12 9.068929e+12 -7.802900e-01 -5.094665e-01 3.627554e-01 0.000000e+00 1
3.960632e+12 -1.272052e+12 1.185920e+13 -9.564636e-01 1.393496e-01 -2.564355e-01 0.000000e+00 1
-1.024535e+13 1.310726e+13 -1.558091e+12 1.623849e-01 -7.888964e-01 -5.926834e-01 0.000000e+00 1
3.565952e+12 -4.250416e+12 -1.202096e+13 3.624784e-01 -5.464263e-01 7.550018e-01 0.000000e+00 1
-5.742011e+12 -1.005293e+13 8.491200e+12 -3.478455e-01 2.282051e-01 9.093547e-01 0.000000e+00 1
3.390396e+12 1.342555e+13 8.641367e+12 -1.862056e-01 6.303084e-01 7.536835e-01 0.000000e+00 1
-9.328274e+12 -1.330130e+13 3.710557e+12 -1.902478e-01 -8.264497e-01 5.298931e-01 0.000000e+00 1
-1.183928e+13 -2.304444e+12 -4.103345e+10 1.461074e-01 1.477731e-01 9.781696e-01 0.000000e+00 1
-5.300356e+12 1.009346e+13 -7.819926e+12 -4.054130e-01 -1.255634e-01 9.054690e-01 0.000000e+00 1
9.258632e+11 -6.938480e+12 5.022506e+12 4.132609e-01 -4.705533e-01 7.796121e-01 0.000000e+00 1
2.737965e+12 6.455251e+12 1.292190e+13 -1.995927e-01 -7.574486e-01 -6.216385e-01 0.000000e+00 1
1.136217e+13 -9.314677e+12 4.404843e+12 -9.555212e-01 -2.307934e-01 -1.836125e-01 0.000000e+00 1
-1.221913e+11 -1.619109e+12 -7.657308e+10 -9.808207e-01 -1.002407e-01 -1.671600e-01 0.000000e+00 1
6.100869e+12 -1.948471e+12 5.740234e+12 -1.608836e-01 -9.710439e-01 -1.766075e-01 0.000000e+00 1
3.058627e+12 -7.223373e+12 -2.459653e+12 9.286096e-02 -4.806101e-01 8.720039e-01 0.000000e+00 1
-5.125940e+12 -3.748964e+12 1.067884e+13 -8.258962e-01 3.577029e-02 -5.626864e-01 0.000000e+00 1
-9.928089e+12 -7.043008e+12 3.438798e+12 -2.201043e-01 1.636192e-03 -9.754750e-01 0.000000e+00 1
-2.497005e+12 5.082842e+12 -7.090370e+12 -3.570578e-01 -8.330649e-01 -4.225075e-01 0.000000e+00 1
9.006219e+12 1.128213e+13 3.783204e+12 7.120310e-01 3.942168e-01 5.810378e-01 0.000000e+00 1
-1.436334e+13 -2.784280e+12 6.952320e+12 9.255934e-01 -2.372727e-01 2.949211e-01 0.000000e+00 1
1.599449e+12 -2.560675e+12 -4.520422e+12 -7.493114e-01 4.853348e-01 4.505359e-01 0.000000e+00 1
-1.745017e+12 -2.083552e+12 6.791457e+12 4.015330e-01 3.921480e-01 -8.276420e-01 0.000000e+00 1
-1.080672e+13 -5.306964e+12 -9.546532e+12 -5.308351e-01 4.575317e-01 -7.133574e-01 0.000000e+00 1
3.129582e+12 -4.581533e+12 -8.390557e+12 -4.905860e-01 -2.388314e-01 -8.380244e-01 0.000000e+00 1
5.025303e+12 5.337982e+12 -1.075709e+13 2.482364e-01 -9.289716e-02 9.642348e-01 0.000000e+00 1
-6.235639e+12 -3.165495e+12 -1.260833e+13 4.007119e-01 8.931094e-01 -2.044149e-01 0.000000e+00 1
-1.179911e+13 5.254998e+12 1.008456e+11 -5.699295e-01 3.150075e-02 -8.210896e-01 0.000000e+00 1
4.833238e+12 1.009604e+13 -4.401499e+12 9.034654e-01 -3.931232e-01 -1.708928e-01 0.000000e+00 1
4.061022e+11 -5.313324e+12 3.504473e+12 2.225486e-01 2.752448e-01 -9.352606e-01 0.000000e+00 1
-1.915758e+12 -7.572891e+12 1.814141e+12 -1.388741e-01 6.011254e-01 7.869957e-01 0.000000e+00 1
1.604070e+12 -1.230032e+12 1.332933e+13 3.266598e-01 -4.255817e-01 8.439038e-01 0.000000e+00 1
-5.524637e+12 7.639112e+12 4.057506e+12 -8.811260e-01 -4.429631e-01 1.655317e-01 0.000000e+00 1
1.113781e+12 -3.372283e+12 -2.792231e+12 1.780609e-01 4.128950e-01 -8.932032e-01 0.000000e+00 1
2.631051e+12 -1.370492e+13 -2.346797e+12 -8.471213e-02 -7.336198e-01 -6.742594e-01 0.000000e+00 1
-4.573606e+12 -1.164662e+12 1.120251e+13 -1.462353e-01 -6.839085e-01 7.147618e-01 0.000000e+00 1
-6.868468e+12 -6.973501e+11 6.402631e+12 3.163012e-01 6.703827e-01 -6.712232e-01 0.000000e+00 1
-5.027069e+12 5.246984e+12 -4.220004e+12 7.816603e-02 -7.614974e-01 -6.434375e-01 0.000000e+00 1
-9.962306e+12 1.083852e+13 -8.305728e+12 2.124579e-01 9.509160e-01 2.249899e-01 0.000000e+00 1
3.968981e+12 1.445584e+13 -2.912933e+11 3.436958e-01 -2.008987e-01 -9.173401e-01 0.000000e+00 1
-7.675057e+12 4.187342e+12 -5.017325e+12 4.729313e-01 -7.713075e-01 -4.259350e-01 0.000000e+00 1
3.158112e+12 -1.424480e+13 -7.840840e+12 -8.334363e-02 -3.985298e-01 -9.133607e-01 0.000000e+00 1
1.371208e+13 8.074184e+11 -5.138335e+12 8.477577e-01 -1.181205e-01 5.170633e-01 0.000000e+00 1
2.544829e+12 9.391576e+12 -8.508688e+12 -9.508593e-01 1.177840e-02 -3.093992e-01 0.000000e+00 1
-8.072037e+12 -4.852355e+12 -9.000271e+12 6.112968e-01 -9.095914e-02 -7.861569e-01 0.000000e+00 1
7.112328e+11 1.192611e+13 4.520228e+12 -1.911375e-01 8.820188e-01 4.307079e-01 0.000000e+00 1
-6.854551e+12 6.873840e+12 -7.264599e+12 -6.348110e-01 -4.476048e-01 6.298134e-01 0.000000e+00 1
-1.066499e+13 7.397790e+12 3.868032e+12 -5.210732e-01 -3.097817e-03 -8.535063e-01 0.000000e+00 1
3.182489e+12 1.031096e+13 8.570474e+11 -3.981677e-01 7.066299e-01 5.849245e-01 0.000000e+00 1
-8.293018e+12 1.311209e+13 -6.381802e+12 -2.633087e-01 -6.755625e-01 -6.886827e-01 0.000000e+00 1
1.091239e+13 2.837524e+12 5.753950e+12 7.352993e-01 6.763235e-01 4.383521e-02 0.000000e+00 1
1.147440e+13 7.393790e+12 -9.547189e+12 -9.170426e-01 -3.954018e-01 5.186836e-02 0.000000e+00 1
4.517952e+12 -2.568376e+12 -8.962105e+12 6.569867e-01 -7.260631e-01 -2.029799e-01 0.000000e+00 1
-2.370866e+11 1.819676e+12 5.075682e+10 -3.680479e-01 -9.138359e-01 1.715946e-01 0.000000e+00 1
-3.019837e+12 6.178981e+12 6.015824e+12 8.952546e-01 4.336420e-01 -1.023423e-01 0.000000e+00 1
-2.154018e+11 -3.033036e+12 1.238593e+13 6.969344e-01 3.691072e-01 6.148514e-01 0.000000e+00 1
1.481920e+13 -3.913863e+12 -6.035390e+12 9.704758e-01 1.552870e-02 -2.406979e-01 0.000000e+00 1
1.864725e+12 2.883094e+12 6.006125e+12 7.434016e-01 3.871906e-01 5.453783e-01 0.000000e+00 1
8.231667e+11 -1.176268e+13 4.641876e+12 1.080324e-01 -6.408636e-01 7.600150e-01 0.000000e+00 1
-1.218706e+13 1.812514e+12 -5.410869e+12 -1.063135e-01 4.549484e-01 8.841490e-01 0.000000e+00 1
4.147809e+12 -3.130447e+12 3.368074e+12 9.498541e-01 1.686557e-01 2.633106e-01 0.000000e+00 1
-6.283657e+12 6.903448e+11 9.230739e+12 -8.967932e-01 -3.092347e-01 -3.164424e-01 0.000000e+00 1
-1.192252e+13 2.538610e+12 7.433506e+12 -7.368462e-01 -6.586991e-01 -1.522277e-01 0.000000e+00 1
-1.059108e+12 6.498429e+12 -4.030066e+12 -7.738176e-02 -7.719363e-01 6.309726e-01 0.000000e+00 1
9.788630e+12 1.180503e+13 6.221219e+12 -3.484668e-01 9.236483e-01 1.595138e-01 0.000000e+00 1
-2.738129e+12 -9.831468e+12 1.260014e+13 -9.029327e-01 5.988254e-02 4.255897e-01 0.000000e+00 1
-4.637835e+12 1.270718e+12 3.530331e+12 1.295627e-01 -9.433821e-01 3.053584e-01 0.000000e+00 1
2.754219e+12 1.343344e+13 -6.361581e+12 -2.078359e-01 2.775237e-01 -9.379685e-01 0.000000e+00 1
-1.317557e+13 -9.009728e+12 1.955984e+12 4.397331e-01 -3.262488e-01 -8.367775e-01 0.000000e+00 1
-7.572747e+12 7.268405e+12 -1.203939e+13 9.942506e-01 9.932327e-02 4.000814e-02 0.000000e+00 1
8.478225e+12 -7.963724e+12 2.673607e+12 6.718975e-01 -3.621876e-01 6.460448e-01 0.000000e+00 1
-7.901798e+12 8.610331e+12 -2.843330e+12 -3.995863e-02 8.897387e-01 4.547178e-01 0.000000e+00 1
