# 781 1.000000e+07 1.000000e+04 0.000000e+00 1.000000e+00 5.000000e-01
-7.113728e+13 -6.856906e+13 1.399266e+14 5.581291e-03 2.559384e-01 9.666770e-01 -1.942025e+01 0 2026529
-6.937809e+13 6.602374e+13 -1.704187e+14 -6.748649e-01 7.070394e-01 -2.113118e-01 1.390277e+01 0 10388110
1.968847e+13 1.551439e+14 7.014286e+13 -6.150190e-01 7.881227e-01 2.478238e-02 -7.907352e+00 0 2557242
1.618658e+14 1.065641e+14 -5.275173e+13 1.527640e-01 9.795412e-01 -1.310049e-01 3.969196e+01 0 8353617
2.230899e+13 4.883353e+13 -1.624165e+14 -7.076714e-01 -1.596757e-01 -6.882622e-01 2.265124e+01 0 1131785
8.313734e+12 -8.770270e+13 -1.513783e+14 -6.555611e-01 -5.690262e-01 -4.964361e-01 -1.944218e+01 0 53838
1.570195e+13 1.374142e+14 9.959443e+13 4.615678e-01 -8.089161e-02 8.834092e-01 1.122594e+01 0 5925362
1.037540e+14 -1.251238e+14 5.873006e+13 9.647478e-01 -2.475936e-01 -8.921385e-02 6.950347e-01 0 8181601
-1.224265e+14 -1.172268e+14 2.173984e+13 -8.004336e-01 -5.334239e-01 2.734319e-01 7.281787e+00 0 3521599
1.060526e+14 -1.190002e+14 6.351724e+13 2.368887e-01 -2.804358e-01 9.301825e-01 -1.992071e+01 0 2781547
-1.580819e+14 -9.336796e+12 -6.578741e+13 -8.475432e-01 3.887221e-01 3.613387e-01 5.631684e+00 0 4437298
1.318083e+14 -6.280964e+13 -8.632368e+13 8.769541e-01 -3.905683e-01 -2.800139e-01 -3.865689e+00 0 5155343
-3.280545e+13 -6.113360e+13 -1.578347e+14 -3.436304e-01 -4.937052e-01 -7.988575e-01 -2.402527e+01 0 73
-2.885574e+13 1.777262e+14 -4.210452e+13 -2.478825e-01 7.798842e-01 -5.747477e-01 1.913617e+01 0 2852783
5.490472e+13 1.620362e+14 -2.300989e+13 -4.196937e-01 9.075046e-01 -1.710319e-02 3.602559e+00 0 2272435
-1.664167e+14 3.339707e+13 3.425342e+13 -4.984557e-01 7.230847e-01 4.782159e-01 -2.341651e+01 0 12664143
1.050866e+14 -1.508485e+14 9.269552e+12 4.211595e-01 -8.778200e-01 2.281592e-01 7.190071e+00 0 1
-8.543169e+13 -3.969090e+13 -1.475588e+14 -9.274051e-01 1.696856e-01 -3.333565e-01 4.079450e-01 0 4585252
4.057475e+13 1.250209e+14 -1.101985e+14 -1.892458e-01 9.632207e-01 -1.907665e-01 9.152947e-01 0 910525
2.737386e+13 1.156570e+14 1.437753e+14 -2.419894e-01 5.026582e-01 8.299252e-01 1.964627e+01 0 14470263
4.846066e+13 4.388769e+13 -1.610884e+14 -6.208775e-01 2.346385e-01 -7.479679e-01 2.464935e+01 0 8506679
-9.259051e+13 -5.211209e+13 -1.361149e+14 1.739509e-01 -1.013254e-01 -9.795276e-01 1.512178e+01 0 12
1.288857e+14 1.079242e+14 -2.634444e+13 8.112397e-01 -5.807785e-01 -6.772333e-02 -1.042600e+01 0 2
1.812865e+13 2.289423e+13 1.688264e+14 6.122498e-01 2.387743e-01 7.537486e-01 -1.091208e+01 0 105180
-1.208611e+14 1.091403e+14 7.350721e+13 -8.543422e-01 4.965841e-01 1.533087e-01 2.670915e+01 0 1430914
1.286411e+14 -7.102741e+13 8.784531e+13 1.485653e-01 -9.886324e-01 2.311361e-02 -6.614285e+00 0 4264290
4.313356e+13 1.631170e+13 -1.638305e+14 3.468470e-01 -6.913701e-01 -6.338017e-01 1.848912e+00 0 133548
1.208744e+14 9.024000e+13 -1.004623e+14 8.892779e-01 -2.536810e-01 -3.805664e-01 -2.342324e+00 0 3369512
-3.565836e+13 1.083663e+14 -1.316377e+14 -9.131107e-01 3.757168e-02 -4.059768e-01 3.339298e+01 0 4545237
6.838280e+13 -6.722150e+13 -1.403109e+14 4.887874e-03 1.112312e-01 -9.937825e-01 5.367349e+00 0 225854
4.882199e+13 -1.297971e+14 -1.157767e+14 5.933102e-02 -9.459752e-01 -3.187643e-01 -2.754576e+01 0 19886745
-9.114725e+13 -1.071799e+14 1.037598e+14 1.069844e-01 -3.076495e-01 9.454661e-01 -7.976675e+00 0 6
-4.613775e+13 -1.162614e+14 -1.340634e+14 -1.918712e-01 -1.091581e-01 -9.753307e-01 -2.206735e+01 0 6
-8.161128e+13 1.839125e+14 5.572818e+13 -5.422785e-01 7.677737e-01 3.412590e-01 1.994267e+01 0 13153
-3.821077e+13 4.143190e+12 1.666484e+14 4.753892e-01 8.063096e-01 3.519516e-01 1.594703e+01 0 4312853
-1.725862e+14 -1.889767e+12 1.005715e+14 -8.782703e-01 -8.920884e-02 4.697692e-01 -1.230544e+01 0 4423805
-7.408391e+13 1.486422e+14 -4.023627e+13 -5.346008e-01 7.031113e-01 4.688672e-01 1.963636e+01 0 6632207
1.578010e+14 2.869315e+13 -6.395166e+13 8.794190e-01 3.252084e-01 3.476516e-01 2.890855e+01 0 62
-8.933294e+13 9.860685e+13 1.063104e+14 -2.929670e-01 8.191151e-01 4.931743e-01 -2.621700e+00 0 470340
-5.231569e+13 1.031331e+14 1.323867e+14 -4.949736e-01 -5.637551e-01 6.611969e-01 -4.011049e+00 0 12
-8.067566e+13 -1.339621e+14 8.929386e+13 2.998946e-01 -8.652137e-01 4.018314e-01 5.910333e+00 0 200404
7.857985e+13 -1.919245e+13 -1.501460e+14 7.721275e-01 4.778329e-01 -4.189211e-01 1.783084e+01 0 2911150
8.583508e+13 -6.725530e+13 1.347444e+14 2.292683e-01 4.647523e-01 8.552434e-01 -7.789679e+00 0 10846668
-1.449666e+14 7.275757e+13 -6.174553e+13 -9.026630e-01 1.956560e-01 -3.832993e-01 -9.380933e+00 0 5918509
1.699193e+14 -2.967009e+13 -6.108752e+13 8.010199e-01 -4.850063e-01 -3.509074e-01 3.815621e+00 0 6656509
1.134359e+14 -8.713981e+13 -9.899879e+13 1.942145e-01 -3.813979e-01 -9.037790e-01 -8.208244e+00 0 2128271
-9.719021e+13 1.663338e+13 1.582792e+14 -5.621920e-01 -5.399739e-01 6.263931e-01 -7.191148e+00 0 12
1.105806e+13 7.177566e+13 -1.612160e+14 -5.531027e-01 4.206872e-01 -7.190965e-01 -2.061817e+00 0 2325590
-1.472496e+14 5.042815e+12 1.008827e+14 -8.106054e-01 5.127688e-01 2.828198e-01 -2.511916e+01 0 3365601
7.626901e+13 4.748068e+13 1.440788e+14 2.986207e-01 -1.105824e-01 9.479437e-01 4.349474e+00 0 373858
-1.314877e+14 -6.942666e+13 -9.722427e+13 -9.486239e-01 2.630910e-02 -3.153101e-01 -2.242185e+01 0 3329717
2.708885e+13 1.340145e+14 -1.009862e+14 -6.055153e-01 -2.543465e-04 -7.958336e-01 3.000282e+01 0 2
5.119202e+12 1.789206e+14 2.367750e+12 -5.459411e-02 9.523813e-01 -2.999824e-01 1.461529e+01 0 4568871
1.487879e+14 -7.095127e+13 4.334473e+13 7.774567e-01 -2.505994e-01 5.768544e-01 -1.356404e+01 0 7
1.785098e+14 -7.178217e+13 4.600222e+13 5.272153e-01 -8.303109e-01 1.806318e-01 -3.116786e+01 0 15
-8.904653e+13 -3.500123e+11 1.506329e+14 -3.564400e-01 -4.547375e-01 8.161889e-01 -6.138775e+00 0 1260779
1.956781e+14 -3.252777e+13 -1.144669e+14 9.593884e-01 -2.102313e-01 -1.880869e-01 1.104365e+01 0 9460949
-7.569763e+13 1.169492e+14 9.745399e+13 -5.834245e-01 7.144673e-01 -3.862024e-01 -4.726478e+00 0 22445963
1.202837e+14 -1.244290e+14 -6.554546e+13 7.972856e-01 -3.699227e-01 -4.769621e-01 -1.596848e+01 0 2
2.273210e+13 -1.868645e+13 1.678254e+14 1.764523e-01 -3.239027e-01 9.294900e-01 8.301127e+00 0 1671022
-5.570141e+13 9.515507e+13 -1.294027e+14 5.623838e-01 3.187644e-01 -7.629637e-01 -1.318212e+01 0 6042556
6.749358e+13 1.554675e+14 1.191141e+13 3.422997e-01 7.597937e-01 5.527607e-01 -5.615596e+00 0 3990216
1.311460e+14 8.785137e+13 6.427271e+13 3.980600e-01 9.061486e-01 -1.429786e-01 1.879858e+00 0 2449675
-6.803780e+13 1.500001e+14 -4.998425e+13 -4.442583e-01 -2.367513e-01 -8.640506e-01 -4.247411e+00 0 4
1.369135e+14 1.060224e+14 5.090080e+13 6.371094e-01 1.002523e-01 7.642258e-01 -2.150292e+01 0 14
-7.711042e+13 -1.149825e+14 -1.068166e+14 -6.150228e-01 -2.960052e-01 -7.308405e-01 -1.935105e+01 0 23951849
1.646452e+14 -6.151718e+13 -3.629718e+13 3.638958e-01 -6.363298e-01 6.801943e-01 -2.770708e+01 0 8138345
1.295667e+14 -4.839830e+12 1.206459e+14 5.705850e-01 -6.659561e-01 4.805572e-01 7.931495e+00 0 477965
1.398604e+14 -7.117730e+13 -8.036550e+13 4.059699e-01 -8.986253e-01 -1.663161e-01 1.376610e+00 0 450618
-2.427767e+13 3.463256e+13 1.678612e+14 7.847638e-01 2.345329e-01 5.737074e-01 5.207431e+00 0 34
-8.315792e+13 -1.004967e+14 1.202044e+14 -2.437480e-01 -9.666284e-02 9.650094e-01 1.105517e+01 0 4779577
-2.063570e+13 1.686570e+14 -1.665500e+13 -4.643708e-01 8.784426e-01 -1.126875e-01 2.923813e+01 0 57
-1.502357e+14 -4.283732e+13 -7.502598e+13 -8.941669e-01 -3.886568e-01 2.222871e-01 1.469961e+01 0 2674562
1.658904e+14 1.029326e+14 -5.064419e+13 7.783645e-01 2.874154e-01 -5.581586e-01 1.764816e+01 0 12751049
-1.710027e+14 -6.171789e+13 -3.080930e+13 -8.776948e-01 -4.165314e-02 -4.774063e-01 -2.634461e+01 0 9411641
-4.913217e+13 1.685101e+14 1.765068e+13 2.789978e-01 9.387394e-01 2.023080e-01 2.039876e+00 0 10305657
1.017686e+14 1.223498e+14 7.375982e+13 2.460991e-02 9.196154e-01 3.920482e-01 6.370252e-01 0 17154298
2.377532e+13 8.165980e+13 -1.930343e+14 3.600545e-02 3.400145e-02 -9.987730e-01 1.556166e+01 0 2758290
-1.374222e+14 -2.895025e+11 -1.098808e+14 -7.046241e-01 -6.955472e-01 -1.404238e-01 1.739681e+00 0 10
-2.298036e+13 -1.688887e+14 1.128608e+13 4.650455e-01 -5.643151e-01 -6.821152e-01 2.672938e+01 0 1339014
-8.053918e+12 1.560853e+14 6.938964e+13 -3.209365e-01 -3.988011e-02 9.462607e-01 6.788681e-01 0 599159
-1.739601e+14 -4.900316e+13 2.019787e+13 -7.590617e-01 5.271135e-01 -3.820690e-01 -4.634043e+00 0 3091161
1.324970e+14 3.240000e+13 -1.091866e+14 7.705531e-01 6.267581e-01 -1.158538e-01 -8.393883e+00 0 4541671
-2.432675e+13 1.411341e+14 9.117090e+13 6.762822e-01 6.435409e-01 -3.584654e-01 -2.844390e+01 0 15759878
-5.532487e+13 4.397781e+13 1.576414e+14 2.799874e-01 -9.189225e-02 9.555955e-01 9.358016e+00 0 5116097
-1.546654e+14 -6.827085e+13 -1.594580e+13 -9.201334e-01 -1.140353e-01 -3.746337e-01 -8.532514e+00 0 925014
6.682809e+13 6.906114e+13 -1.398311e+14 -2.216646e-01 9.660050e-01 1.330380e-01 1.913382e+01 0 4706006
1.347794e+14 9.662952e+13 3.605172e+13 9.942064e-01 1.074547e-01 2.668978e-03 -1.555380e-01 0 2987173
-8.348671e+13 -8.260368e+13 -1.229706e+14 7.335794e-01 -5.007670e-01 -4.594493e-01 1.069008e+01 0 271180
8.462680e+12 -1.091373e+12 1.718109e+14 4.294355e-01 -6.524403e-01 6.244252e-01 6.566164e+00 0 2196403
1.644946e+14 -3.074815e+13 4.209896e+13 5.884414e-01 -2.584747e-01 7.661120e-01 7.914778e-01 0 5938356
-1.354960e+14 -9.707564e+13 5.264172e+13 -8.499054e-01 -5.257332e-01 3.557366e-02 7.068898e+00 0 10950865
-1.102423e+14 -1.298844e+14 -1.255714e+13 -9.453361e-01 2.815704e-01 -1.644925e-01 -3.262848e+01 0 6
-2.871527e+13 1.014499e+14 1.372830e+14 -4.777783e-01 -2.410142e-01 8.447722e-01 -4.596151e+00 0 3962397
5.080899e+12 -1.828494e+14 7.099032e+13 -4.423811e-01 -8.603086e-01 2.533142e-01 -2.601510e+01 0 5
-1.706584e+14 2.838993e+13 -5.554207e+13 -8.275769e-01 -4.206926e-01 3.716641e-01 -1.905666e+00 0 1831554
-2.541462e+13 -5.009158e+13 -1.622656e+14 4.365586e-01 -1.161872e-01 -8.921419e-01 1.775001e+01 0 102133
6.655868e+13 1.550557e+14 2.157200e+13 8.015166e-02 6.526344e-01 7.534216e-01 -5.766538e+00 0 12
6.512229e+13 -2.134133e+13 -1.568634e+14 6.791355e-01 -2.971450e-01 -6.711780e-01 4.642438e+00 0 137241
2.446213e+14 2.851362e+14 1.098932e+14 5.868996e-01 8.061609e-01 7.519008e-02 3.447810e+01 0 10793652
-5.945088e+13 -1.696480e+14 -3.337927e+13 -2.309735e-01 -7.058001e-01 -6.696995e-01 1.780250e+01 0 23
7.530142e+13 7.648611e+13 -1.314887e+14 -4.378961e-01 -5.314171e-01 -7.251502e-01 1.120052e+01 0 16043104
-6.961340e+13 -1.439788e+14 1.002352e+14 -4.125344e-01 -4.819378e-01 7.730145e-01 1.020225e+01 0 5
-1.330655e+14 3.212092e+13 -1.069880e+14 -9.183743e-01 -2.911624e-01 -2.679796e-01 2.270750e+01 0 1
2.705432e+13 1.728632e+14 -3.900200e+13 -5.205349e-01 7.851482e-01 3.355381e-01 3.112658e+01 0 940915
9.312785e+13 -1.351597e+14 4.358072e+13 4.138486e-01 -9.101944e-01 1.659777e-02 -6.725416e+00 0 5815
-9.543626e+13 8.743488e+13 1.270278e+14 1.996539e-01 9.727224e-01 1.181079e-01 -3.766294e+01 0 66
1.209227e+14 1.169188e+14 -2.347775e+13 7.044514e-01 5.352793e-01 4.660732e-01 5.777865e+00 0 28586220
-2.269724e+14 4.336864e+13 8.329033e+13 -9.545578e-01 7.943503e-02 -2.872447e-01 2.732743e+01 0 15035926
7.987027e+13 -2.209484e+13 1.503143e+14 -4.852345e-01 3.376902e-01 8.065438e-01 -6.235034e+00 0 18
-5.894601e+12 -2.108479e+13 -1.684415e+14 -7.683161e-01 4.599834e-01 -4.450906e-01 4.726752e+00 0 3020968
4.086259e+13 1.689622e+14 1.979688e+13 4.933777e-01 4.909446e-01 7.180194e-01 -1.861212e+01 0 2969508
-1.052124e+14 -4.746427e+13 1.245163e+14 -2.021230e-01 8.857670e-01 4.178076e-01 -2.277794e+01 0 289591
-1.537396e+14 -5.087763e+13 5.176543e+13 -6.283252e-01 -6.984905e-01 3.425179e-01 2.752042e+01 0 11015064
4.543999e+13 1.331322e+14 -1.029247e+14 4.890963e-01 9.988279e-02 -8.664919e-01 -1.906624e+01 0 10696067
-9.915836e+13 6.908922e+13 1.203959e+14 -7.848205e-01 -5.585793e-01 2.684137e-01 2.550801e+01 0 58121
1.704859e+14 -3.072093e+13 -6.374518e+13 9.665529e-01 -1.887334e-01 -1.736522e-01 2.182466e+01 0 6
1.486669e+14 -3.431610e+13 7.946058e+13 7.335874e-01 -5.942421e-01 3.297361e-01 6.984480e+00 0 852587
-6.726903e+13 -8.754991e+13 1.325329e+14 2.962683e-01 -4.630368e-01 8.353574e-01 1.966093e+01 0 1275014
-1.906161e+13 -7.554203e+13 1.511362e+14 5.027361e-01 -6.233956e-01 5.988609e-01 -3.707619e+00 0 4478794
4.176453e+13 -1.633662e+14 2.276137e+13 6.510731e-01 -6.505886e-01 3.909453e-01 8.439988e+00 0 1005515
-1.577766e+14 -6.383558e+13 1.178981e+13 -3.896252e-01 -5.733193e-01 7.207615e-01 2.442020e+01 0 37
5.097272e+13 1.252803e+14 -1.153740e+14 -1.111175e-01 9.846747e-01 -1.344196e-01 2.302491e+01 0 249130
-8.642198e+13 1.023098e+14 1.556172e+14 -2.139788e-01 4.211176e-01 8.814040e-01 -1.738088e+01 0 20
5.478691e+13 -1.814951e+13 1.834693e+14 6.135818e-01 5.119147e-02 7.879701e-01 -8.239631e+00 0 3016950
7.199305e+13 1.589486e+14 -7.768106e+12 -4.275275e-01 8.995965e-01 -8.914277e-02 3.574198e+01 0 1750503
-6.478352e+13 -6.839883e+13 1.466932e+14 -7.452118e-01 -4.687297e-01 4.742908e-01 6.583077e+00 0 13173669
6.295336e+13 1.517946e+14 -8.043356e+13 -2.970475e-01 6.075191e-01 -7.366704e-01 2.733317e+01 0 5343640
-7.501051e+13 -5.668457e+13 1.431962e+14 5.456858e-02 -7.692602e-01 6.366011e-01 2.122728e+01 0 42
-8.417774e+13 1.436437e+14 -3.668038e+13 -8.728136e-01 1.704722e-01 -4.573135e-01 6.289072e+00 0 8534958
4.430588e+13 -5.117137e+13 -1.561640e+14 -4.074561e-01 1.255682e-01 -9.045508e-01 -5.695029e+00 0 2
-6.411955e+13 1.629850e+14 -5.864748e+12 -3.107500e-01 8.716508e-01 3.790241e-01 1.436433e+01 0 2684176
-1.378867e+14 4.505523e+13 -1.059886e+14 -8.279806e-01 4.792689e-01 -2.911176e-01 6.471876e+00 0 141829
-5.509335e+13 -1.797699e+14 -2.387796e+13 -4.452801e-01 -8.569702e-01 -2.594759e-01 1.238274e+01 0 9443464
1.050820e+14 -1.394400e+14 -2.750335e+13 3.770627e-03 -9.722844e-01 -2.337710e-01 -2.407633e+00 0 2405860
-1.325058e+14 -5.764060e+13 -9.849945e+13 -2.183117e-02 -5.595799e-01 -8.284888e-01 -3.102115e+00 0 1509298
-1.630465e+14 5.839198e+13 -1.340055e+13 -8.273056e-01 5.617371e-01 -4.114560e-03 3.677166e+00 0 536599
7.000628e+13 1.275288e+14 9.806821e+13 -6.815047e-01 3.453683e-01 6.451915e-01 3.992693e+00 0 13863024
3.566893e+13 1.836295e+14 -3.010107e+13 -1.020198e-01 6.124902e-01 -7.838672e-01 -1.061078e+01 0 9867000
-3.824519e+13 -1.844527e+14 -2.600739e+13 2.809885e-01 -9.590689e-01 -3.510412e-02 -7.664590e+00 0 20
1.834913e+14 -3.740530e+13 1.105231e+14 4.679838e-01 -1.542170e-01 8.701771e-01 -1.955682e+01 0 6
-1.627123e+14 3.209807e+13 -6.665031e+13 -7.935030e-01 2.546817e-02 -6.080332e-01 -9.665078e+00 0 83
-1.100106e+14 -1.432844e+14 1.199723e+13 -9.382119e-01 -3.074277e-01 1.588917e-01 -2.532744e+01 0 5661488
-1.030255e+14 -1.049836e+14 1.039909e+14 -9.544611e-02 -3.093937e-01 9.461319e-01 -1.589196e+01 0 17
1.369406e+14 8.488962e+13 -6.474601e+13 2.319545e-02 5.791981e-01 -8.148567e-01 -3.213357e+00 0 3
-1.872337e+13 1.218873e+14 1.231230e+14 -7.697574e-01 6.370316e-01 4.079585e-02 2.506285e+01 0 5102826
-1.263142e+14 -1.263570e+14 3.421056e+13 -1.977614e-01 -5.761642e-01 7.930481e-01 -1.102469e+01 0 13
7.859439e+13 -3.971925e+13 -1.574090e+14 6.976797e-01 1.103908e-01 -7.078537e-01 1.356960e+01 0 6531746
7.856974e+13 -1.170938e+14 -9.728192e+13 6.752001e-01 -7.374870e-01 1.475474e-02 1.015975e+01 0 1236512
-1.609933e+14 4.976457e+13 -2.935772e+13 -7.701550e-01 6.825369e-03 -6.378202e-01 1.226107e+01 0 4410273
1.183063e+14 2.337612e+13 -1.310665e+14 6.260341e-01 -1.355808e-01 -7.679187e-01 -2.023563e+01 0 8
-1.851635e+14 4.370638e+13 3.199174e+13 -6.424737e-01 2.007364e-01 -7.395488e-01 -1.478486e+01 0 6230347
9.903380e+13 3.528433e+13 1.378190e+14 2.034312e-01 -5.322253e-01 8.217980e-01 5.225270e+00 0 3182643
-2.362264e+13 7.128579e+13 -1.524312e+14 1.713998e-02 8.364180e-01 -5.478240e-01 -2.412523e+01 0 8132889
1.522578e+14 -4.490624e+13 -7.518593e+13 3.315009e-01 -7.621672e-01 -5.560650e-01 -3.090650e+01 0 9611666
1.751829e+14 -8.815932e+12 -6.156748e+12 7.124827e-01 -5.534907e-01 4.312963e-01 -3.143979e+01 0 6
1.117417e+14 4.609742e+13 -1.830551e+14 4.046754e-01 6.312955e-01 -6.615919e-01 -1.639953e+01 0 147871
-1.084490e+14 -9.629838e+13 -1.345341e+14 -8.302022e-01 -3.524929e-01 -4.318716e-01 -2.042286e+01 0 2
-3.067078e+13 -8.282428e+13 -1.473142e+14 -5.083049e-01 6.753572e-01 -5.343396e-01 5.426555e+00 0 8
1.446008e+14 3.493231e+13 1.060624e+14 9.118921e-01 7.434650e-03 4.103626e-01 9.748610e+00 0 20
4.657837e+13 1.625869e+14 -2.404205e+13 2.054245e-01 7.045472e-01 6.792746e-01 1.112947e+01 0 1001571
1.688972e+14 -2.291166e+12 -2.487113e+13 7.867982e-01 5.956914e-01 -1.615560e-01 2.481251e+00 0 575767
-1.191850e+14 1.234865e+14 3.395728e+13 -2.814898e-01 9.164209e-01 -2.844930e-01 -2.478020e+01 0 13604829
8.636598e+13 -8.976796e+13 -1.228250e+14 5.435623e-01 -7.718929e-01 -3.297293e-01 -1.574927e+01 0 14581563
-1.224893e+14 -4.890250e+13 -1.094587e+14 -2.487527e-01 -7.870727e-01 -5.644808e-01 2.894326e+00 0 2753892
-1.546964e+14 -5.463952e+13 6.843360e+13 -5.643661e-01 -7.793310e-01 2.722755e-01 -2.298655e+00 0 16082051
-4.905836e+13 1.731902e+14 -1.495096e+13 3.276255e-01 9.320132e-01 1.549610e-01 -2.580988e+01 0 4260930
9.272199e+13 5.787841e+13 1.321670e+14 9.193043e-01 3.246489e-01 2.224471e-01 -1.044861e+01 0 893367
1.683116e+14 -1.876722e+13 -5.694903e+13 8.676437e-01 -4.258314e-01 -2.566361e-01 4.758718e+00 0 90
-5.359138e+13 -1.075604e+14 1.239970e+14 3.200258e-01 -6.629989e-01 6.767687e-01 2.408817e+01 0 3358943
-6.089529e+13 1.612015e+14 1.911411e+13 -9.525756e-01 -4.535418e-02 3.009032e-01 7.818279e+00 0 11703061
-3.033685e+13 2.753190e+13 -1.710358e+14 -2.169083e-01 -2.551741e-01 -9.422510e-01 -1.271716e+01 0 16469996
-1.394429e+14 -2.692505e+13 -1.077765e+14 -4.055331e-01 2.454889e-01 -8.804988e-01 -2.333387e+01 0 8
-1.755763e+14 5.626659e+13 -3.564589e+13 -8.542029e-01 -4.929768e-01 1.652611e-01 4.089148e+01 0 1262714
1.224408e+14 7.938175e+13 -8.680334e+13 3.941408e-01 1.389920e-01 -9.084791e-01 -8.759028e+00 0 3772017
1.180896e+14 4.338357e+13 1.189019e+14 4.699571e-01 6.734214e-01 5.706522e-01 -4.483458e+00 0 13087026
-1.499755e+14 -6.196160e+13 -5.845785e+13 -3.606762e-01 -8.125867e-01 4.578379e-01 -7.678449e-01 0 833135
1.259800e+14 1.267855e+14 -8.710690e+12 8.975916e-01 3.107052e-01 -3.127165e-01 -2.022365e+00 0 141808
-1.801611e+13 1.588939e+13 1.761653e+14 -6.201640e-01 9.628251e-02 7.785411e-01 -9.706402e+00 0 8341509
1.691979e+14 -1.155046e+14 -4.729341e+13 9.672222e-01 2.157712e-01 1.338808e-01 3.982177e+01 0 1
-9.659267e+13 1.404997e+14 1.629699e+13 -7.227594e-01 1.821727e-01 -6.666573e-01 2.162411e+01 0 1662815
8.320377e+13 -1.461377e+14 -3.819897e+13 9.161187e-01 -2.762829e-01 -2.905070e-01 -5.038022e+00 0 1841475
-1.656978e+14 -8.108310e+13 -3.924840e+13 -4.841223e-01 -4.073648e-01 -7.743898e-01 1.833251e+01 0 68
5.912821e+13 1.573706e+14 8.572523e+13 1.190608e-01 8.870926e-01 4.459722e-01 2.071401e+01 0 5155713
5.449078e+12 1.288960e+14 -1.102503e+14 2.290825e-01 3.649069e-01 -9.024213e-01 6.781729e+00 0 36
2.001046e+12 -1.275912e+14 1.276225e+14 2.340905e-01 -6.242904e-01 7.452940e-01 -8.457321e+00 0 11
2.157010e+14 2.468476e+13 1.006592e+13 7.840473e-01 3.118703e-01 5.366626e-01 -1.258853e+01 0 13
-2.319585e+13 5.885681e+13 -1.781923e+14 -2.927245e-02 -1.972200e-02 -9.993769e-01 -1.356536e+01 0 12906222
1.242549e+14 -6.403044e+13 -9.626681e+13 7.088649e-01 -6.576937e-01 2.548520e-01 -1.305076e+01 0 4278945
7.954672e+13 -5.624910e+13 1.468531e+14 5.866544e-01 -7.366717e-02 8.064799e-01 1.677825e+01 0 6546440
-1.052398e+14 1.384821e+14 1.422164e+13 -4.630542e-01 5.332893e-01 -7.079430e-01 -2.101237e+01 0 2
-1.115158e+14 -1.075937e+14 7.087774e+13 -8.353109e-01 1.752991e-01 5.210816e-01 -3.550768e+01 0 38
-5.964239e+13 -1.619812e+14 -8.475870e+13 -6.981074e-01 -6.258058e-01 -3.478695e-01 3.243219e+00 0 6201684
3.567079e+13 1.229732e+14 1.138509e+14 4.525421e-01 3.731770e-01 8.099041e-01 -1.645345e+01 0 1032622
-9.286186e+13 6.692893e+13 -1.273654e+14 -4.673319e-01 -2.643902e-01 -8.436224e-01 1.583432e+01 0 13
-1.120445e+14 1.273524e+14 -5.280415e+12 -9.752103e-01 2.040959e-01 -8.549741e-02 2.321363e+00 0 16
1.608332e+14 9.374267e+12 5.321389e+13 7.814287e-01 4.116991e-01 4.689063e-01 1.821099e+01 0 4085416
-1.366833e+14 -1.163989e+14 5.280525e+13 -7.573142e-01 -5.767340e-01 3.063546e-01 -1.526032e+01 0 3
-5.052470e+13 -1.421063e+13 -1.620710e+14 -2.997069e-01 -5.421668e-01 -7.850038e-01 1.255801e+01 0 2375409
-6.110570e+13 7.946069e+13 1.378707e+14 4.699071e-01 -2.536482e-01 8.454880e-01 -1.637359e+01 0 1478728
-4.164215e+13 8.012364e+13 1.470622e+14 6.252451e-01 1.717121e-01 7.613038e-01 -4.016405e-01 0 3284206
-4.541105e+13 -1.681005e+14 -1.941538e+13 7.070526e-01 -6.993796e-01 -1.046177e-01 3.536990e+01 0 5
-2.011563e+13 -1.170882e+14 -1.354975e+14 3.458215e-01 -9.346147e-01 -8.308305e-02 -9.093757e+00 0 773968
1.367115e+13 -1.412873e+14 9.831107e+13 -6.250775e-02 -5.134702e-01 8.558277e-01 -8.695771e+00 0 12201737
3.683754e+13 -1.396039e+14 9.162277e+13 6.703449e-01 -5.807201e-01 4.619544e-01 5.683551e+00 0 682293
-1.167307e+14 -1.164918e+13 1.345842e+14 -6.646000e-01 1.540137e-01 7.311543e-01 -1.222591e+01 0 829529
-1.661168e+14 2.312478e+13 -4.681124e+13 -6.265509e-01 -2.788856e-01 -7.277752e-01 2.715894e+01 0 6644346
-6.942154e+13 -8.895400e+13 -1.345901e+14 -4.625988e-01 -8.714453e-01 -1.630502e-01 -3.788021e+00 0 4208643
7.023081e+13 1.482031e+14 -9.987632e+13 3.546700e-01 3.215507e-01 -8.779603e-01 1.353631e+01 0 6268630
-1.395201e+14 9.892577e+13 1.870386e+13 -6.541562e-01 4.538669e-01 -6.050491e-01 -1.259509e+01 0 12403497
8.538428e+13 -1.471965e+14 4.984753e+13 2.583312e-01 -7.456362e-01 6.142407e-01 3.576304e+00 0 20137262
1.341782e+14 1.009428e+14 -2.451717e+13 2.556423e-01 4.212989e-01 -8.701461e-01 1.381333e+01 0 5091093
-1.207706e+14 -1.225065e+14 2.200184e+13 -5.235717e-01 -6.806817e-01 -5.123916e-01 2.037070e+01 0 12414201
1.341607e+14 7.983649e+13 7.452995e+13 7.722925e-01 -5.756340e-01 -2.687189e-01 -3.599331e+01 0 2355099
-1.469386e+14 -7.582983e+13 6.073658e+13 -3.822260e-01 -8.553117e-01 -3.497787e-01 2.656077e+01 0 8202821
-1.179210e+14 -9.734682e+13 9.922472e+13 -7.074263e-01 -3.757483e-01 5.986328e-01 -1.242040e+01 0 2
-1.344742e+14 -3.144868e+13 -1.151554e+14 -6.859952e-01 -4.849966e-01 -5.423918e-01 2.602390e+01 0 6347565
6.330940e+13 -9.766533e+13 -1.586252e+14 1.926950e-01 -2.889557e-01 -9.377490e-01 -1.990137e+01 0 5273016
-1.940584e+14 -3.087108e+13 7.540458e+12 -8.719513e-01 -4.519650e-01 1.882246e-01 3.730228e+01 0 2479977
1.415571e+14 3.494053e+13 -8.714677e+13 1.282754e-02 -4.409107e-01 -8.974593e-01 -2.396896e+01 0 13
5.543465e+13 1.591829e+14 -2.791269e+13 5.921916e-01 6.938911e-01 -4.096636e-01 -1.219491e+01 0 13564527
4.487541e+13 6.360451e+13 -1.559950e+14 1.047514e-01 4.876292e-01 -8.667438e-01 7.310196e+00 0 355063
1.198269e+14 -4.642119e+13 -1.115705e+14 6.941705e-01 -6.316701e-01 3.451378e-01 3.195591e+00 0 5
-5.029151e+13 -1.596254e+14 3.032482e+13 -3.039398e-01 -9.339751e-01 1.879124e-01 9.831000e+00 0 1365954
1.273113e+14 -4.091665e+13 -1.337884e+14 -9.816081e-02 -3.078568e-01 -9.463555e-01 -1.940220e+01 0 4999244
3.719262e+13 -1.524904e+13 1.676558e+14 4.737902e-02 8.312274e-01 5.539100e-01 -9.628460e+00 0 1762948
6.599535e+13 1.560192e+14 -5.006017e+13 -1.382624e-01 8.151346e-01 5.625293e-01 2.039660e+01 0 41
7.800523e+13 -1.605224e+14 -4.858392e+13 -2.217645e-01 -6.354811e-01 -7.395839e-01 6.423669e+00 0 8
-7.847677e+13 -4.155931e+13 -1.470618e+14 7.551897e-03 3.633661e-01 -9.316158e-01 5.855804e-02 0 4016724
1.423831e+14 -4.607431e+13 8.687004e+13 6.650991e-01 -5.425284e-01 5.131337e-01 -1.465567e+01 0 9045
-7.963003e+13 1.863151e+14 3.796168e+13 -1.269221e-01 7.251167e-01 6.768283e-01 1.797923e+01 0 28
1.769700e+13 1.665899e+14 -4.316971e+13 -1.498552e-01 9.863227e-01 -6.863629e-02 -5.284745e-01 0 38260
-8.754697e+13 9.421914e+13 -1.151401e+14 5.195592e-02 8.676422e-01 -4.944670e-01 -2.144290e+01 0 3102990
1.068868e+14 -9.973920e+12 -1.374497e+14 8.648067e-01 -4.211212e-01 -2.734342e-01 -1.674771e+01 0 1966720
6.356218e+12 -4.110870e+13 -1.691803e+14 -5.639055e-01 -5.620681e-01 -6.050538e-01 -1.840082e+01 0 14699424
-1.656398e+14 1.948114e+13 5.121506e+13 -8.681318e-01 3.987026e-01 -2.956069e-01 3.951065e-01 0 362231
-3.421282e+13 5.937499e+13 -1.553204e+14 -2.219468e-01 -3.078255e-01 -9.251935e-01 -1.752498e+00 0 1785943
-3.040994e+12 -2.979171e+13 1.767389e+14 3.332752e-02 2.508032e-01 9.674642e-01 -9.924983e+00 0 308254
1.701745e+14 3.605577e+13 -2.465295e+13 9.514940e-01 -9.455199e-02 -2.927781e-01 4.833202e-01 0 19328776
-1.067983e+14 6.081987e+13 1.333842e+14 -8.008490e-01 5.514768e-01 2.334829e-01 1.278715e+01 0 3720384
-1.218998e+14 -1.027981e+14 6.698120e+13 -3.306175e-02 -9.252252e-01 3.779752e-01 2.368348e+00 0 11632973
-1.203623e+14 1.271288e+14 -9.074258e+13 -5.384329e-01 7.422740e-01 -3.988977e-01 -2.077264e+01 0 742368
2.718336e+12 1.643350e+14 4.212314e+13 -8.668686e-02 8.501503e-02 9.926015e-01 1.142951e+01 0 11292542
-1.634413e+14 7.549638e+13 -3.159331e+13 -6.667263e-01 2.579724e-01 -6.992326e-01 -1.197959e+01 0 4406821
1.391147e+14 -1.431442e+13 -1.275407e+14 3.351520e-01 -8.655140e-02 -9.381801e-01 1.493646e+01 0 2350599
-1.545644e+14 7.128925e+13 2.969493e+13 -2.737061e-01 9.355350e-01 -2.232917e-01 -2.375809e+01 0 12215906
-8.671763e+13 -8.013277e+13 -1.260325e+14 1.574453e-02 -5.143933e-01 -8.574098e-01 1.315968e+01 0 7519731
3.452647e+13 1.352522e+14 -1.010997e+14 5.408968e-01 3.071341e-01 -7.830066e-01 6.018476e+00 0 5310126
-2.188579e+13 1.586087e+14 1.015626e+14 2.885557e-01 8.371188e-01 4.647233e-01 -2.313634e+01 0 16716458
8.860159e+13 9.187849e+13 1.235871e+14 3.997219e-01 7.954838e-01 4.554426e-01 -5.571580e+00 0 1
-4.127019e+13 1.724095e+14 1.487282e+13 -5.895199e-01 8.077517e-01 1.864996e-03 2.619192e+01 0 3
-1.132998e+14 5.014192e+13 -1.265673e+14 -4.826652e-01 -3.589305e-01 -7.988762e-01 2.560003e+01 0 1905619
1.707848e+14 2.927481e+13 -8.927576e+12 7.852712e-01 -7.431486e-02 -6.146759e-01 5.096906e+00 0 8751079
1.270724e+14 -6.705231e+13 -1.461705e+14 7.031811e-01 3.451872e-01 -6.215964e-01 2.837891e+01 0 1561408
7.424142e+13 -1.476315e+14 -4.399179e+13 1.353284e-01 -9.842143e-01 -1.140547e-01 4.421675e-01 0 4415957
-5.245628e+13 -1.053933e+14 1.259550e+14 -5.940854e-02 5.533231e-01 8.308454e-01 -1.709738e+01 0 8167008
-6.754371e+13 -1.254895e+14 1.094330e+14 -1.983757e-01 -3.220768e-01 9.256963e-01 1.468588e+01 0 1
1.462987e+14 -5.628545e+13 8.058616e+13 3.171780e-01 -2.047370e-01 9.260026e-01 -1.230975e+01 0 933948
7.774689e+13 -5.686799e+13 -1.535101e+14 7.145974e-01 1.711037e-01 -6.782876e-01 -7.082645e+00 0 189060
-2.242437e+13 -1.664759e+14 3.350177e+13 3.618127e-01 -5.833690e-01 -7.271672e-01 2.338628e+01 0 1
-1.371756e+14 -3.601192e+13 -9.701091e+13 -7.165992e-01 -6.779030e-01 1.641129e-01 3.321632e+00 0 2496849
2.919809e+13 4.684175e+13 1.936157e+14 6.472488e-01 5.322776e-01 5.456643e-01 1.959595e+01 0 57
-1.928693e+13 1.690031e+14 3.031999e+12 -7.713775e-01 5.508750e-01 3.186119e-01 3.218949e+00 0 16
1.785028e+14 3.507872e+12 -6.330070e+12 9.616536e-01 -2.589520e-01 9.036755e-02 -1.790865e+01 0 5563636
-1.276656e+14 -8.789895e+13 1.146421e+14 -1.972651e-01 -9.053389e-01 3.760957e-01 -4.693253e+00 0 3272068
1.534567e+14 -2.801429e+13 -9.802137e+13 8.099812e-01 3.950683e-01 -4.334184e-01 2.795009e+01 0 11366733
1.322009e+13 1.117329e+14 -1.315056e+14 -2.039900e-01 -3.451170e-01 -9.161235e-01 -3.958089e+00 0 873004
8.341511e+13 1.529523e+14 -7.038761e+12 7.326478e-01 4.738460e-01 4.885663e-01 -2.056671e+01 0 5813231
-7.929633e+13 -1.567287e+14 6.454030e+13 -4.413508e-02 -6.859038e-01 7.263525e-01 2.138535e+01 0 11080007
-2.554738e+12 1.299694e+12 1.698585e+14 -7.713390e-01 4.950160e-01 3.999943e-01 -6.166241e+00 0 1141056
-9.443125e+13 -1.319876e+14 -5.077336e+13 -4.403500e-01 1.555904e-01 -8.842418e-01 -1.721548e+01 0 7913809
-1.384537e+14 3.139018e+13 -1.063853e+14 -5.521031e-01 -7.889219e-01 -2.697859e-01 3.122205e+01 0 4
-4.414733e+13 4.560138e+13 -1.608385e+14 -8.765258e-01 2.757809e-01 -3.945218e-01 -2.695475e+00 0 1
2.853808e+13 6.879292e+13 1.853593e+14 5.300475e-01 -1.194911e-02 8.478837e-01 8.085152e+00 0 7690316
-1.646366e+14 -4.535762e+13 6.099559e+13 -9.300085e-01 -5.393689e-02 3.635588e-01 1.225893e+01 0 4
1.514818e+14 7.897039e+13 8.297231e+12 7.605980e-01 1.561471e-01 6.301656e-01 9.097736e+00 0 1270642
-2.462131e+13 -1.853116e+14 -5.026963e+13 6.025464e-02 -9.538779e-01 2.940857e-01 -9.947024e+00 0 16
-2.518922e+13 -1.738282e+14 -4.738616e+13 1.658583e-02 -5.862756e-01 -8.099419e-01 -1.359997e+01 0 15
5.702818e+12 1.521943e+14 -7.891187e+13 -5.934738e-01 7.899441e-01 -1.541985e-01 2.426361e+01 0 4117701
-9.050840e+13 1.125020e+14 -9.497923e+13 -4.822884e-01 4.209263e-01 -7.682571e-01 -1.153741e+01 0 1106223
-9.832311e+12 7.976675e+13 -1.532250e+14 7.475818e-01 -2.709523e-01 -6.063879e-01 1.337147e+00 0 12972381
2.108651e+13 5.125554e+12 -1.812175e+14 -3.841042e-01 -4.185400e-02 -9.223406e-01 1.845332e+01 0 1723966
-4.636414e+12 1.165395e+14 -1.262556e+14 3.883047e-01 8.578579e-01 -3.365996e-01 8.278850e+00 0 394406
-8.571215e+13 -7.690946e+13 1.336714e+14 -8.413629e-01 -2.585380e-01 4.746225e-01 2.642686e+00 0 3596008
-8.687861e+13 9.541462e+13 -1.111482e+14 -4.182260e-01 -1.506861e-01 -8.957570e-01 -4.541377e+00 0 327188
8.158980e+13 -1.241564e+14 8.903895e+13 1.279374e-01 -8.184846e-01 -5.601026e-01 1.003285e+01 0 18136165
1.484150e+14 -6.657031e+13 -5.341857e+13 9.463765e-01 3.111693e-01 8.686338e-02 2.576718e+01 0 12683754
2.838351e+13 1.114211e+14 1.337426e+14 -2.851061e-01 -3.790142e-01 8.803765e-01 -1.365094e+01 0 6105610
1.576488e+14 6.791536e+13 -2.691369e+13 -4.276021e-02 7.178333e-01 -6.949007e-01 3.322608e+01 0 1
6.188833e+13 1.056709e+14 1.253603e+14 7.251277e-01 6.854040e-01 -6.641705e-02 -2.225372e+01 0 4451070
-1.064757e+13 1.560136e+14 8.987131e+13 -3.472189e-01 8.400660e-01 4.168071e-01 -1.312493e+01 0 4127288
1.077851e+14 1.218243e+14 -6.092095e+13 2.022529e-03 9.789339e-01 -2.041676e-01 5.432715e+00 0 1958858
-1.824741e+14 -2.242871e+13 -3.244945e+12 -7.609820e-01 -6.064750e-01 2.304221e-01 2.946342e+01 0 5460401
8.882920e+13 1.231886e+14 -1.055546e+14 8.955297e-01 4.414277e-01 5.628662e-02 -2.043093e+01 0 19
5.769435e+13 1.399313e+14 8.009512e+13 1.942547e-01 5.984694e-01 7.772384e-01 -3.342959e+00 0 895764
-1.903302e+13 -1.582976e+14 -6.115003e+13 -7.632538e-02 -9.898911e-01 1.195410e-01 6.596138e+00 0 11920
1.278468e+14 -1.813526e+14 -3.991136e+13 3.506724e-01 -9.359749e-01 -3.130420e-02 1.266394e+01 0 19
-7.728420e+13 3.609802e+13 1.507164e+14 -4.158182e-01 -2.628814e-01 8.706254e-01 -7.066578e+00 0 24
-5.512073e+13 -3.859219e+13 1.729978e+14 -6.237299e-01 -3.472573e-01 7.002666e-01 -1.618410e+01 0 9935423
-1.208823e+14 -3.531531e+13 -1.257596e+14 -1.744714e-01 5.934335e-01 -7.857458e-01 -2.240718e+01 0 7942965
-3.547120e+13 -1.638944e+14 3.855912e+13 -8.823971e-01 -4.224946e-01 2.070596e-01 -2.826201e+01 0 3261039
9.404340e+13 -4.877845e+13 -1.349279e+14 9.192792e-01 -3.201589e-01 -2.289629e-01 1.228351e+01 0 2492877
-2.731454e+13 1.343936e+14 -1.045238e+14 8.914637e-02 9.910568e-01 9.929468e-02 -1.152650e+01 0 4623468
9.446794e+13 -6.317917e+13 -1.580947e+14 5.833293e-01 2.993783e-01 -7.550494e-01 2.382849e+01 0 10462557
-1.505332e+14 6.198299e+13 5.019588e+13 -7.260424e-01 4.795513e-01 4.928417e-01 -1.565888e+01 0 92
1.379647e+14 -8.691804e+13 -5.086287e+13 7.668416e-01 2.234499e-01 -6.016844e-01 2.140059e+01 0 19
-9.359655e+13 1.087641e+14 -9.272221e+13 -4.693918e-01 -1.545713e-01 -8.693555e-01 -9.707125e+00 0 3688304
1.641536e+14 -4.944818e+13 2.135455e+13 6.382454e-01 -3.870221e-01 6.654748e-01 -8.492045e+00 0 3170195
1.359313e+14 6.254459e+13 8.234748e+13 1.484190e-02 -1.599492e-02 9.997619e-01 1.054634e+01 0 6193514
4.879382e+13 1.616705e+14 -2.298819e+13 -6.136219e-02 8.270948e-01 5.587029e-01 -1.450865e+01 0 2335387
-7.382705e+13 2.787558e+13 1.519702e+14 -2.536333e-01 2.268905e-01 9.403142e-01 9.631286e+00 0 2239231
8.045617e+13 1.992938e+14 -1.186199e+14 4.671070e-01 5.046230e-01 -7.260624e-01 -2.636083e+01 0 7124608
1.598280e+12 -1.477913e+14 8.343017e+13 5.563458e-01 -7.692192e-01 3.142947e-01 3.626898e-01 0 387199
3.857196e+13 -3.999031e+12 1.823120e+14 -3.664751e-01 3.492397e-01 8.623965e-01 -1.897306e+01 0 20722164
1.801788e+14 2.217293e+13 -5.021274e+12 3.758299e-01 2.709939e-01 -8.861795e-01 2.633355e+01 0 18125702
9.907032e+13 -1.185421e+14 1.533589e+14 2.005898e-01 -5.484082e-01 8.117956e-01 -3.289796e+01 0 5549889
-1.393001e+14 1.041015e+13 9.682543e+13 -2.360405e-01 9.254196e-01 -2.964514e-01 -2.556631e+01 0 4201579
9.772192e+13 1.198691e+14 -7.772331e+13 8.760672e-01 4.783895e-01 6.041253e-02 -2.481419e+01 0 3
-3.864602e+12 -1.693781e+14 -3.913767e+13 -4.485269e-02 -6.773850e-01 -7.342601e-01 -1.740307e+01 0 16243465
4.696918e+13 -1.203964e+14 1.120240e+14 -6.533216e-01 -5.642006e-01 5.048252e-01 -2.277345e+01 0 3592731
1.592359e+14 5.721528e+13 1.720646e+13 6.703875e-01 5.583848e-01 -4.886583e-01 4.867585e+00 0 9834742
1.024222e+14 -1.344478e+14 2.867037e+13 4.783629e-01 -8.483040e-01 -2.270446e-01 1.064697e+00 0 3418694
-1.294954e+14 -1.195821e+14 -2.289037e+13 3.898517e-02 -9.951711e-01 9.008113e-02 1.135900e+00 0 4746414
-4.255094e+13 1.620946e+14 4.987734e+13 -8.393025e-01 3.582730e-01 4.089154e-01 3.305061e+01 0 23
-2.950734e+13 -1.666970e+14 -2.961386e+13 2.324116e-01 -6.776417e-01 6.977010e-01 1.688393e+01 0 176021
1.700346e+14 -1.258088e+13 -4.302762e+13 6.492168e-01 -2.805700e-01 -7.069640e-01 6.411410e+00 0 2
7.364802e+13 -9.292184e+13 -1.535064e+14 5.869718e-01 -7.065572e-01 -3.952734e-01 -2.438366e+01 0 784765
1.053007e+14 -2.653939e+13 -1.320464e+14 6.614404e-01 -7.455410e-01 -8.164143e-02 4.960949e+00 0 13752576
1.489271e+13 1.545436e+14 6.924389e+13 5.123595e-02 9.639624e-01 2.610582e-01 5.267946e+00 0 5470832
-5.387589e+13 -4.403036e+13 -1.604052e+14 -4.981138e-02 -4.607496e-01 -8.861313e-01 2.630764e+01 0 12778464
-1.319220e+14 1.044546e+14 -1.473208e+14 -7.671064e-01 1.135898e-01 -6.313834e-01 -9.053566e+00 0 7098251
-9.741890e+13 7.786232e+12 1.431669e+14 -9.735134e-01 -2.002193e-01 -1.103805e-01 -7.895946e+00 0 20425095
-1.282300e+14 -3.573648e+13 1.058276e+14 6.304542e-03 3.526085e-02 9.993583e-01 4.481796e+00 0 288810
-1.132244e+14 1.403616e+14 -2.048940e+13 -4.424189e-01 8.867497e-01 -1.339420e-01 4.110358e+00 0 2190386
1.457732e+14 1.523375e+14 3.204177e+13 9.996584e-01 1.565274e-03 2.608956e-02 -4.103017e+01 0 7825050
-4.508153e+12 9.663272e+12 1.722268e+14 7.703422e-01 -3.548277e-01 5.297831e-01 -1.391257e+01 0 1962017
7.165313e+13 -5.716248e+13 1.558845e+14 -3.325367e-01 -8.366521e-01 4.352385e-01 5.453529e+00 0 327962
1.614395e+14 -1.386727e+13 -5.220585e+13 6.921135e-01 8.636492e-02 -7.166031e-01 -5.634065e+00 0 9
6.412034e+13 -1.384642e+14 -7.783335e+13 3.362969e-01 -8.948648e-01 -2.934645e-01 1.286363e+01 0 20898451
-3.622108e+13 -6.604374e+13 -1.578487e+14 -2.637154e-01 -7.745454e-01 -5.749205e-01 -9.862555e+00 0 5633620
-1.170077e+14 -1.000030e+14 7.327010e+13 -5.037879e-01 -5.836395e-01 -6.368380e-01 -1.586153e+01 0 1886052
-2.404121e+13 2.282259e+13 -1.755764e+14 -1.667138e-01 6.709867e-01 -7.224842e-01 1.206047e+01 0 5030060
9.809167e+13 -1.198116e+14 -8.457444e+13 7.090950e-01 -6.685770e-01 -2.240294e-01 1.240812e+01 0 1415656
7.895242e+13 1.508402e+14 -3.007329e+13 1.153564e-01 5.459525e-01 8.298366e-01 -6.675145e+00 0 3
-8.472860e+13 1.388475e+14 8.442207e+13 -8.768912e-01 4.505193e-01 1.676134e-01 2.942869e+01 0 2369315
-2.212731e+13 9.301732e+13 -1.432455e+14 4.417467e-02 8.629079e-01 -5.034268e-01 3.192319e+00 0 47
3.070584e+13 -4.197861e+13 -1.825071e+14 -3.768221e-02 2.080056e-01 -9.774015e-01 1.773553e+01 0 5247208
8.328186e+12 -4.534790e+13 1.653501e+14 -9.163792e-01 7.731388e-02 3.927744e-01 -1.746134e+01 0 5254310
5.145570e+13 1.612493e+14 2.953721e+13 -8.085924e-01 5.780858e-01 1.095224e-01 8.785586e+00 0 3
2.309914e+13 -1.208097e+14 -1.349054e+14 4.530830e-01 -8.387551e-01 -3.020029e-01 2.948276e+01 0 30016265
-1.188194e+14 -1.242233e+14 4.502588e+13 -8.514709e-01 -5.082961e-01 -1.289667e-01 -2.289150e+01 0 15777824
-4.906885e+13 9.994861e+13 -1.294951e+14 -5.776430e-01 7.538830e-01 3.130318e-01 1.380588e+01 0 524241
-1.393416e+14 -4.977819e+13 9.388978e+13 -8.002822e-01 -3.944638e-01 4.516046e-01 1.082692e+01 0 570691
3.143409e+13 1.653477e+14 -3.044528e+13 7.614546e-02 9.872891e-01 -1.395067e-01 1.057044e+01 0 15823980
3.527011e+13 -9.020378e+13 1.599494e+14 6.974372e-01 -2.481651e-01 6.723061e-01 -1.175403e+01 0 35691
-1.673295e+14 8.145372e+12 1.320035e+14 -5.199148e-01 9.902595e-02 8.484589e-01 -2.087082e+01 0 3218895
-5.257374e+13 1.808951e+14 -3.296596e+13 -7.906476e-01 5.100357e-01 3.387328e-01 -2.486530e+00 0 1477558
-9.558019e+13 1.376147e+13 1.445955e+14 -6.754425e-01 1.607468e-01 7.196791e-01 9.499692e+00 0 24609859
8.467090e+13 1.693534e+14 6.847419e+13 6.013938e-01 6.438111e-01 4.731097e-01 1.114801e+01 0 753514
7.736120e+12 1.400930e+14 1.028239e+14 6.339880e-01 7.250160e-01 2.690928e-01 -2.098894e-02 0 10871652
-1.551630e+14 -1.053136e+13 7.873557e+13 -4.558562e-01 6.416316e-01 6.168501e-01 -2.760822e+01 0 8
-9.134133e+13 5.471567e+13 -1.384199e+14 -1.481038e-01 7.166745e-01 -6.815005e-01 -2.134206e+01 0 4076611
1.034806e+14 1.630603e+13 -1.335231e+14 3.063864e-01 3.387976e-02 -9.513041e-01 -7.112472e+00 0 6372797
1.045463e+14 1.182581e+14 -6.647795e+13 9.674186e-01 -2.531252e-01 -5.369686e-03 -9.674941e+00 0 1898339
-1.000142e+14 9.545479e+13 -1.248116e+14 -4.651066e-01 6.110733e-01 -6.405195e-01 -1.311794e+01 0 1804409
1.745135e+13 -1.751958e+14 -6.673220e+13 -4.130124e-01 -7.674806e-01 4.903002e-01 -2.713157e+01 0 4
4.686567e+13 -1.508751e+14 -7.012914e+13 2.307649e-01 -4.467791e-01 -8.643703e-01 -1.386661e+01 0 3
-5.020077e+13 -5.979026e+12 1.788934e+14 4.371223e-01 9.741964e-02 8.941104e-01 -2.002383e+01 0 3277670
-1.361410e+14 9.970907e+13 7.399010e+13 9.348330e-02 9.232593e-01 3.726299e-01 2.486476e+00 0 5240421
1.507995e+14 7.623926e+12 -9.157276e+13 6.335286e-01 5.434994e-02 -7.718080e-01 -7.399492e+00 0 242785
-1.286825e+14 5.231646e+13 -1.010555e+14 -1.908223e-01 9.416191e-01 -2.773811e-01 -8.240371e+00 0 12901070
1.019634e+14 -9.488906e+13 -1.045820e+14 -7.364791e-02 -6.429165e-01 -7.623872e-01 4.490368e-01 0 3228181
1.723821e+13 -8.089415e+13 1.481488e+14 -8.854902e-01 2.981771e-01 3.563670e-01 8.993131e-01 0 1713124
1.703513e+14 -2.969226e+13 -2.813258e+13 8.126391e-01 3.524766e-01 4.640884e-01 2.196017e+01 0 4224368
6.057584e+13 -1.145973e+14 -1.164977e+14 1.190693e-01 -9.301703e-01 3.472832e-01 1.167744e+01 0 6550067
1.043297e+14 -1.352455e+14 1.373155e+13 4.034196e-01 -8.534418e-01 3.299845e-01 -2.028208e+01 0 18
-2.062813e+14 5.789124e+12 3.074912e+13 -9.149347e-01 -2.973447e-01 -2.729113e-01 -1.511908e+01 0 1552596
-7.385058e+13 -1.413943e+14 7.007812e+13 -5.783316e-01 -7.588720e-01 -2.994092e-01 -1.937668e+01 0 2404025
3.576479e+13 7.348968e+13 1.488234e+14 3.449544e-01 2.184923e-02 9.383651e-01 -6.037439e+00 0 513159
1.208980e+14 -1.210139e+14 -1.636298e+13 9.541796e-01 -1.687357e-01 2.471226e-01 6.129484e+00 0 276491
7.614941e+13 1.437788e+14 -6.592307e+13 6.789117e-01 2.890084e-01 -6.749467e-01 -2.163852e+01 0 10309526
1.674618e+14 3.682694e+13 6.108373e+12 3.511572e-01 8.371244e-01 -4.194178e-01 9.151179e+00 0 8694213
1.266851e+14 -3.412194e+13 1.103915e+14 6.253375e-01 -7.320205e-02 7.769134e-01 1.021457e+01 0 5
-1.475060e+14 -1.973457e+13 -8.690635e+13 -3.233311e-01 2.264790e-01 -9.187841e-01 -1.812411e+01 0 334185
-6.590778e+13 -2.942620e+13 1.753833e+14 -3.785613e-01 6.540891e-01 6.548731e-01 1.471330e+01 0 8664631
8.980529e+13 1.472763e+14 -2.261531e+13 -1.911145e-01 9.040310e-01 3.823654e-01 2.597882e+01 0 649695
-1.040345e+14 -1.358567e+14 -2.701209e+13 -6.842981e-01 -5.085026e-01 -5.226483e-01 6.111990e+00 0 2628692
-5.103173e+13 1.238800e+14 -1.058054e+14 -6.948365e-02 8.889147e-01 -4.527722e-01 -1.864177e+01 0 4831675
-9.924266e+13 -1.380393e+14 -2.549717e+13 7.367584e-02 -9.960252e-01 -5.005734e-02 3.288087e+01 0 1
-2.588415e+13 1.829881e+14 -3.371910e+13 1.758695e-01 8.553317e-01 -4.873167e-01 6.400307e+00 0 71
-2.245478e+13 1.373282e+14 -9.765134e+13 -8.182468e-02 9.867121e-01 -1.403706e-01 2.182406e+00 0 2588786
-1.486712e+14 5.934028e+13 -5.976954e+13 -5.887008e-01 3.622136e-01 -7.226567e-01 2.018908e+00 0 5258398
1.719499e+14 2.207714e+13 -2.250241e+13 9.985907e-01 5.137110e-02 1.332392e-02 5.289899e+00 0 8537091
5.416446e+11 -1.200658e+14 1.247714e+14 6.645911e-03 -9.808530e-01 1.946360e-01 -1.084737e+01 0 11
6.340404e+13 4.855852e+13 1.499742e+14 -6.043842e-01 5.767776e-01 5.495883e-01 -1.180046e+00 0 1954331
1.103832e+14 -6.157035e+13 -1.148263e+14 6.441210e-01 -7.648429e-01 -1.110997e-02 6.845602e+00 0 16297990
-1.616353e+13 1.197362e+14 -1.248438e+14 2.228858e-01 8.721263e-01 -4.355660e-01 5.871916e+00 0 15
1.212660e+14 8.680871e+13 8.190882e+13 5.314475e-01 7.151516e-01 4.540062e-01 -8.747319e+00 0 21
8.727140e+13 6.392167e+13 1.354448e+14 2.751885e-01 3.708719e-01 8.869754e-01 -5.133897e+00 0 838752
-1.330034e+14 -1.298477e+14 4.735011e+13 -6.931527e-01 -5.214361e-01 4.976382e-01 -1.756582e+01 0 2
-7.711587e+13 1.689653e+13 -1.531170e+14 4.474332e-01 -9.134842e-02 -8.896398e-01 -7.275215e+00 0 5771827
1.266101e+14 3.985767e+13 -1.184575e+14 2.473955e-01 1.693206e-01 -9.540052e-01 1.300533e+01 0 15
1.690126e+14 -6.859153e+13 -2.203675e+13 7.241105e-01 -6.161349e-01 -3.099062e-01 6.125419e+00 0 27193912
-1.531510e+14 -2.514070e+13 -7.277242e+13 -4.099567e-02 -9.467584e-01 -3.193241e-01 3.178474e+01 0 2933382
-1.400685e+14 -9.752336e+13 1.340544e+13 -8.234865e-01 -4.153826e-01 -3.864288e-01 4.015662e+00 0 14
-1.858866e+14 -1.268568e+13 -1.379670e+14 -3.853189e-01 1.201658e-01 -9.149260e-01 1.434330e+01 0 16357425
-1.271652e+14 1.052264e+14 6.571359e+13 -4.136075e-02 6.292167e-01 7.761287e-01 -1.938638e+01 0 2
-1.480672e+14 8.355678e+13 -9.313447e+12 -1.043859e-01 9.945196e-01 5.859977e-03 -7.756608e+00 0 9509480
1.801330e+14 -8.911525e+13 -6.368413e+12 5.480502e-01 -8.274510e-01 -1.223345e-01 1.570312e+00 0 711355
3.147904e+13 1.352145e+14 1.079648e+14 -1.063067e-01 -1.208157e-01 9.869663e-01 -1.491123e+01 0 45039344
1.173539e+14 -1.226799e+14 -4.433381e+12 8.773670e-01 -1.136991e-01 -4.661542e-01 1.076666e+01 0 5944590
1.560616e+14 -6.607492e+13 1.742021e+13 7.779078e-01 -5.788858e-01 2.444395e-01 -1.601213e+01 0 6530811
-4.585849e+13 1.322049e+14 -9.609394e+13 5.195308e-01 6.921300e-01 -5.010427e-01 1.633199e+00 0 9
6.768968e+13 -1.230810e+14 9.927263e+13 8.200354e-01 4.418954e-02 5.706043e-01 3.559011e+01 0 34
-3.923917e+13 -1.623214e+14 3.847642e+13 -4.867463e-01 -8.634915e-01 1.321378e-01 -2.234589e+01 0 1867927
5.574889e+13 1.411646e+14 7.847276e+13 1.197412e-01 8.787639e-01 4.619914e-01 1.576761e+01 0 17
8.926900e+13 -1.446519e+14 6.480502e+12 -5.911660e-02 -9.216667e-01 3.834524e-01 4.447736e+00 0 406919
7.202475e+13 1.178747e+14 -9.924171e+13 9.130833e-01 3.821865e-01 -1.421703e-01 -6.136836e+00 0 11777518
8.642395e+13 7.560466e+13 1.460820e+14 6.634698e-01 2.779586e-01 6.946559e-01 -1.398479e+01 0 388127
1.008750e+14 8.888551e+13 -1.034709e+14 6.951992e-01 6.040509e-01 3.896415e-01 -6.799649e+00 0 3452741
4.104289e+13 1.249826e+14 -1.097188e+14 5.765457e-01 8.082042e-01 1.200041e-01 5.529481e-01 0 6
6.654906e+13 1.005972e+13 1.563221e+14 -4.950277e-01 2.124067e-02 8.686175e-01 -1.141815e+01 0 23695878
-2.427600e+13 1.655086e+14 -3.601908e+13 9.350758e-01 3.184170e-01 -1.557041e-01 -3.097870e+01 0 10638232
-1.585908e+14 -4.472721e+13 -4.658035e+13 -1.291232e-01 -9.900828e-01 -5.534627e-02 3.056832e+01 0 575937
1.502319e+14 -4.521604e+13 7.761614e+13 9.021015e-01 2.295249e-01 -3.654192e-01 -5.165454e+00 0 32
-4.856630e+13 1.064945e+14 1.318298e+14 -1.432759e-01 8.571149e-01 4.947991e-01 -2.202162e+01 0 15698160
1.047417e+14 -9.603176e+13 -1.117921e+14 8.646363e-01 -4.629050e-01 -1.952514e-01 -6.844087e+00 0 6656796
-8.097589e+13 8.019293e+13 1.260380e+14 2.184026e-01 7.416995e-02 9.730360e-01 2.352159e+00 0 1293031
-1.204732e+14 -1.333230e+14 -5.677224e+13 -5.226991e-01 -8.424436e-01 -1.306691e-01 2.063443e+01 0 3209501
-1.877376e+12 -1.182700e+13 -1.694737e+14 6.545274e-01 7.280395e-02 -7.525247e-01 8.554018e+00 0 49
-1.721626e+14 1.773655e+13 1.204271e+13 -6.545712e-01 7.559394e-01 9.603506e-03 -3.127768e+01 0 1299954
2.678629e+13 1.474957e+14 -1.119844e+14 2.873884e-01 9.573572e-01 2.958080e-02 -1.243943e+01 0 295518
7.068626e+13 1.531216e+14 2.922294e+13 -3.825972e-01 9.101094e-01 -1.591236e-01 1.349525e+01 0 2333659
-3.616460e+13 1.642125e+14 -2.640439e+13 -2.282283e-01 8.840977e-01 4.077783e-01 -8.298368e+00 0 8002862
8.864194e+13 -1.821469e+14 -1.287063e+13 3.322229e-01 -8.998058e-01 -2.828028e-01 -1.925325e+01 0 43
-1.526297e+14 -7.795050e+13 -1.198131e+13 -9.807379e-01 3.262860e-02 1.925836e-01 -2.900439e+00 0 419225
-1.465223e+14 -8.514540e+13 7.054582e+13 -8.581764e-01 -5.046217e-01 -9.428798e-02 1.477701e+01 0 1497439
-3.538365e+12 -1.489697e+14 -8.809812e+13 -1.360118e-01 -5.576669e-01 -8.188458e-01 8.670551e+00 0 22
4.928693e+13 -1.386353e+14 8.752213e+13 -5.629795e-01 -6.706702e-01 4.829654e-01 -2.293381e+00 0 1143423
-1.431657e+14 2.455634e+13 1.015636e+14 -9.099331e-01 1.057006e-01 4.010600e-01 1.951190e+01 0 18
-2.804206e+13 -5.614698e+13 -1.736834e+14 1.488799e-01 -6.937825e-01 -7.046280e-01 -1.466391e+01 0 6778237
1.373423e+14 1.000813e+14 -3.803410e+12 5.346267e-02 9.835138e-01 1.727494e-01 2.064203e+00 0 8
-1.015862e+14 1.167693e+14 -7.770981e+13 -4.670290e-01 8.058211e-01 3.640553e-01 -9.744873e+00 0 22236141
8.625397e+13 1.083082e+14 1.136750e+14 2.014975e-01 6.697261e-01 7.147487e-01 1.381212e+01 0 11238793
-8.005147e+12 1.972867e+14 1.372372e+14 -4.986855e-01 4.689891e-01 7.289458e-01 -9.201534e+00 0 11761541
-1.577359e+14 4.702542e+12 -6.221666e+13 -8.228931e-01 -9.875539e-02 -5.595483e-01 5.630679e+00 0 27172794
1.479225e+14 -6.132199e+13 7.569323e+13 8.670614e-01 4.680400e-01 1.707136e-01 -1.551615e-01 0 17393651
-1.386096e+14 8.211542e+13 9.159200e+13 -6.691719e-01 -2.089171e-01 7.131358e-01 2.849391e+01 0 1
-8.726167e+13 -1.119448e+14 -9.702065e+13 -6.590978e-01 4.739667e-01 -5.839055e-01 -3.241943e+01 0 5
1.399077e+14 4.859246e+13 -8.487708e+13 8.329455e-02 9.811723e-01 -1.742496e-01 1.026958e+01 0 844990
-1.327475e+14 -6.065241e+13 -1.322995e+14 -9.969249e-01 -3.651846e-02 -6.933344e-02 -2.026658e+01 0 42
1.562208e+14 -6.320772e+13 -1.933963e+13 3.611077e-01 -7.017405e-01 -6.141347e-01 -1.535337e+00 0 6563991
7.867630e+13 -1.211581e+14 9.108688e+13 7.311274e-01 -6.506643e-01 -2.051553e-01 -8.828118e+00 0 12
1.294706e+14 1.139746e+14 1.105958e+13 2.694244e-01 9.452879e-01 -1.839600e-01 -1.757021e+00 0 23671849
-2.814417e+13 -1.553213e+14 -6.217449e+13 -5.244990e-01 -7.394174e-01 -4.220933e-01 -6.031972e+00 0 16790007
1.074693e+14 9.394025e+13 9.561369e+13 5.252341e-01 -2.301200e-01 8.192521e-01 6.512981e+00 0 1257296
1.037353e+14 7.648522e+13 -1.143385e+14 2.061698e-01 9.736342e-01 9.762370e-02 -6.104528e+00 0 4
-4.421082e+13 8.293635e+13 -1.415474e+14 -7.532079e-01 6.433594e-01 1.369911e-01 1.037812e-01 0 5781208
-1.589816e+13 1.642148e+14 4.156357e+13 2.820935e-01 4.130100e-01 8.659365e-01 -2.563560e+00 0 3319466
-1.214241e+14 -1.142328e+14 3.426473e+13 -8.326852e-02 -6.480903e-01 7.569975e-01 2.524363e+01 0 2058731
-5.688398e+13 -7.865527e+12 1.597065e+14 -8.739689e-01 -3.771437e-01 3.064980e-01 1.479319e-01 0 225027
1.679798e+14 -2.313721e+13 2.517551e+13 7.710522e-01 4.624563e-01 4.377359e-01 1.987301e+01 0 1520052
1.079358e+14 -1.292424e+14 2.334694e+13 6.004228e-01 -1.883790e-02 -7.994608e-01 2.365945e+00 0 2501605
1.443055e+14 9.889691e+13 1.668368e+13 9.270178e-01 2.176901e-01 -3.053670e-01 5.315474e+00 0 6458984
2.019855e+14 -6.084754e+13 1.441335e+14 8.724608e-01 5.978553e-03 4.886475e-01 3.440758e+01 0 21501126
6.184743e+13 -6.832583e+13 1.592874e+14 2.840467e-01 -2.407804e-01 9.280853e-01 1.663457e+01 0 4774537
5.494770e+13 -9.047618e+13 -1.336893e+14 8.011808e-01 4.120362e-01 -4.339764e-01 -9.628648e-01 0 2417557
1.693688e+14 -1.791070e+13 1.750745e+13 9.530606e-01 1.912978e-01 2.346925e-01 -1.970892e+00 0 997007
4.489824e+13 -5.077898e+13 2.008198e+14 2.878048e-01 3.675026e-01 8.843699e-01 1.980045e+01 0 2512300
-7.789176e+13 9.767691e+13 1.242882e+14 5.929195e-02 2.898577e-01 9.552314e-01 1.749229e+00 0 1367544
3.013646e+13 3.260755e+12 1.737259e+14 9.706942e-01 1.913127e-01 1.454377e-01 2.456128e+01 0 8897556
-4.938679e+13 1.225046e+14 1.113402e+14 -4.115842e-01 9.097755e-01 -5.391586e-02 -1.113377e+01 0 9418368
-7.300290e+12 -1.281740e+14 1.171689e+14 7.962710e-01 -5.399707e-01 2.727348e-01 2.611762e+00 0 14582033
1.064707e+14 1.101839e+14 -8.251040e+13 -3.235426e-01 8.684829e-01 -3.755765e-01 1.046782e+00 0 39
6.065442e+13 -1.197900e+14 -1.100019e+14 7.884403e-01 -6.150017e-01 -1.161218e-02 1.759918e+01 0 3
-8.376670e+13 -3.570491e+13 1.434492e+14 -5.987744e-01 -1.492735e-01 7.868841e-01 9.190414e+00 0 4
1.209880e+14 2.247239e+13 -1.179245e+14 5.143106e-01 -5.620415e-01 -6.477607e-01 -1.956251e+01 0 3967438
8.620764e+13 1.371366e+14 -5.041785e+13 5.930994e-01 4.463927e-01 -6.700498e-01 7.132523e+00 0 7816102
1.192671e+14 -1.640617e+13 -1.301601e+14 3.407917e-01 -6.302729e-01 -6.975795e-01 -2.678534e+01 0 399366
5.504543e+13 -1.232016e+13 -1.613568e+14 9.562632e-01 2.554234e-02 -2.913903e-01 1.027166e+01 0 7287887
-5.096382e+13 3.356417e+13 1.621177e+14 4.658848e-01 -3.309786e-01 8.206123e-01 1.247705e+01 0 2804790
-1.630944e+14 7.319389e+12 5.146174e+13 -6.575673e-01 5.979343e-02 7.510193e-01 1.094844e+01 0 3
-8.679639e+13 -1.049335e+14 -1.036446e+14 1.069319e-01 5.892914e-02 -9.925185e-01 1.481016e+01 0 29452957
-1.695900e+14 4.958488e+13 1.959601e+13 -9.844495e-01 -3.708006e-03 -1.756288e-01 -5.720273e+00 0 5396533
-1.831869e+14 -3.515889e+13 -8.722652e+12 -7.886861e-01 3.708322e-01 -4.903649e-01 1.205073e+01 0 19025163
-1.573781e+14 -3.848826e+13 -5.372108e+13 -6.779619e-01 5.131428e-01 -5.263574e-01 -2.637512e+01 0 1060252
-7.250868e+13 1.167844e+14 -1.026537e+14 4.277590e-02 9.809111e-01 -1.896935e-01 1.978348e+00 0 6259984
-4.676384e+13 1.779271e+14 5.931662e+12 -2.686779e-01 6.644248e-01 -6.973893e-01 -1.018194e+01 0 1133533
4.532771e+13 9.365895e+13 1.353228e+14 3.361156e-01 1.358764e-01 9.319678e-01 2.923138e+00 0 2520031
-2.978470e+13 -8.645572e+13 1.432344e+14 3.647414e-01 -9.275218e-01 -8.165191e-02 1.225058e+01 0 3847880
1.666953e+14 -9.004372e+12 4.154794e+13 9.742386e-01 -6.823949e-02 -2.149475e-01 5.078120e+00 0 482473
-1.632742e+14 -8.814637e+12 6.172128e+13 -8.761006e-01 3.775352e-01 -2.998581e-01 4.734410e+00 0 5833927
-3.082891e+13 1.233308e+13 -1.949669e+14 -8.938084e-02 6.036525e-01 -7.922214e-01 1.604719e+01 0 2840077
2.438844e+13 1.403847e+14 -1.097893e+14 4.432398e-01 7.451547e-01 -4.982800e-01 1.023104e+01 0 1404842
-8.048831e+13 1.321096e+14 -7.460911e+13 4.410367e-01 7.978512e-01 -4.109990e-01 -1.031080e+01 0 25
8.431123e+13 6.357000e+13 1.456511e+14 -6.134817e-02 9.000814e-01 4.313813e-01 2.604075e-01 0 4032784
-1.089647e+14 1.063662e+14 1.178582e+14 -8.084151e-01 5.867812e-01 4.639840e-02 2.602668e+01 0 1557424
1.683568e+14 -8.296325e+13 -2.391651e+11 4.494415e-01 -8.461053e-01 2.865452e-01 -3.463638e+01 0 14
1.028013e+13 1.035680e+14 -1.362451e+14 -9.170321e-02 -4.114407e-02 -9.949360e-01 -1.162585e+01 0 2
1.377616e+14 -4.057506e+13 -9.389037e+13 9.783916e-01 1.656166e-01 1.237780e-01 2.338824e+01 0 9
1.407327e+13 3.592187e+13 1.659339e+14 3.124943e-01 8.830834e-01 3.500157e-01 -4.256878e+00 0 1185700
-1.451112e+14 -2.319494e+13 8.917147e+13 -3.600242e-01 -2.679521e-01 8.936354e-01 -6.738289e+00 0 18980779
-2.200408e+14 -1.286318e+13 -1.009456e+14 -8.820057e-01 4.672841e-01 -6.092197e-02 1.409684e+01 0 21
-1.400694e+13 1.171698e+14 1.258439e+14 5.564468e-01 2.077876e-01 8.044820e-01 -1.616242e+01 0 6
1.171711e+14 1.185696e+14 6.072819e+13 9.118223e-01 3.724462e-01 1.728117e-01 -1.959547e+01 0 4014876
1.602947e+14 -1.974351e+13 -1.029665e+14 7.002529e-01 -7.115688e-01 5.758235e-02 1.020170e+01 0 685661
6.281610e+13 9.583200e+13 -1.258887e+14 7.521165e-02 9.357388e-01 -3.445810e-01 3.490575e+00 0 3891295
4.410137e+13 1.554437e+14 5.364528e+13 7.035876e-02 9.932506e-01 -9.221119e-02 1.993737e+01 0 10197670
5.019050e+13 1.028202e+14 -1.356989e+14 2.998249e-01 9.520261e-01 6.124726e-02 1.252318e+01 0 2722398
1.365882e+14 1.023632e+14 -1.341391e+13 3.301686e-01 9.015716e-01 2.795662e-01 2.790656e+01 0 1876328
1.626340e+14 8.160262e+13 6.698988e+13 5.781064e-01 2.363639e-01 7.809770e-01 1.580800e+01 0 2
1.695535e+14 1.288203e+13 6.981502e+13 7.246510e-01 -5.854140e-01 -3.635538e-01 -3.014162e+01 0 1052197
-9.458651e+13 1.408774e+14 -1.860635e+13 2.769553e-01 9.548171e-01 1.077962e-01 -5.590630e+00 0 1794412
1.859177e+14 -8.594226e+12 -6.008518e+13 9.175688e-01 -3.899347e-01 7.757882e-02 1.004999e+01 0 1
1.115051e+13 -1.178990e+14 1.283760e+14 -4.027579e-01 -7.029779e-01 5.861810e-01 -2.169295e+01 0 45
-1.566304e+14 5.977889e+13 5.289770e+13 -9.044481e-01 3.974670e-01 1.548986e-01 -1.419159e+01 0 684703
-1.124619e+14 4.368172e+13 1.208618e+14 5.534196e-01 4.149449e-01 7.221824e-01 -2.217162e+00 0 472366
1.772262e+14 -1.402860e+13 -9.200608e+12 5.968448e-01 5.826380e-01 5.516423e-01 6.860564e+00 0 13281607
6.307323e+13 -8.408232e+13 -1.333151e+14 -1.804472e-02 -5.977016e-01 -8.015155e-01 3.957856e+00 0 853874
7.005428e+13 -1.611007e+14 -5.267256e+12 -3.511276e-01 -9.310999e-01 9.880475e-02 -6.447908e+00 0 914617
5.998186e+12 -8.925173e+13 -1.441626e+14 9.122803e-03 -9.728309e-01 -2.313371e-01 4.809510e+00 0 3897097
-9.165349e+13 1.157407e+14 -1.206462e+14 -5.209110e-01 8.395991e-01 1.540296e-01 -2.203703e+01 0 6590348
-9.777927e+13 1.103870e+14 -8.405816e+13 -1.424405e-02 2.169866e-02 -9.996631e-01 1.009256e+01 0 7706921
-1.336860e+14 -1.051136e+14 9.862355e+12 3.826375e-01 -9.174156e-01 1.092571e-01 3.085291e+01 0 269379
-1.654199e+14 2.223635e+13 3.322072e+13 -9.269333e-01 3.192361e-01 -1.971876e-01 2.204855e+00 0 1744354
-1.812153e+14 -6.201586e+13 4.817148e+13 -9.340311e-01 3.407809e-01 1.070250e-01 -3.187315e+01 0 420930
-6.313398e+13 -1.492242e+14 -7.922225e+13 -3.698496e-01 -9.281828e-01 4.108547e-02 -1.659019e+01 0 9162585
-9.705354e+13 -8.506543e+12 1.388378e+14 -6.586390e-01 -5.670221e-01 4.946520e-01 1.332539e+01 0 20171313
4.354058e+13 -9.685285e+13 1.351417e+14 7.677118e-02 -8.506958e-01 5.200219e-01 -7.799565e+00 0 10275994
-1.676016e+14 1.040186e+13 -4.565846e+13 -3.973729e-01 8.810421e-01 -2.566313e-01 -9.031090e+00 0 3730334
1.236892e+14 8.233417e+13 -9.194053e+13 8.591811e-01 2.117268e-01 -4.658107e-01 6.993177e+00 0 6175203
-1.600558e+14 7.305192e+13 -8.104241e+13 -3.331277e-01 9.427667e-01 -1.473027e-02 -3.021322e+01 0 77
-1.446588e+14 -1.643705e+13 8.886575e+13 -9.181427e-01 3.907722e-01 6.565894e-02 -2.140325e+01 0 5055245
5.713535e+13 -1.672895e+14 -9.341188e+13 9.369663e-02 -2.137325e-01 -9.723885e-01 -2.274079e+01 0 2233811
-6.411291e+13 -1.532469e+14 4.139666e+13 -1.472099e-01 -8.491214e-01 -5.072693e-01 1.946116e+01 0 3007841
-1.720219e+14 1.827907e+13 1.581903e+13 -9.618666e-01 -2.626526e-01 -7.633002e-02 2.288162e+01 0 155
1.412545e+14 6.997967e+13 7.285354e+13 1.434362e-01 4.766829e-01 8.672943e-01 2.442148e+01 0 1
1.298804e+14 9.352535e+13 6.289320e+13 8.546875e-01 5.178217e-01 3.701428e-02 1.214203e+01 0 815462
-1.821084e+13 1.686827e+14 -7.879915e+12 -3.770939e-01 6.077500e-01 6.988849e-01 -1.432841e+00 0 9920
8.725174e+13 1.419340e+14 -4.168479e+13 6.037219e-01 6.337629e-01 4.835954e-01 4.996609e+00 0 16
1.465525e+13 -1.414453e+14 9.657798e+13 -3.217067e-01 -2.195052e-01 9.210441e-01 -2.058409e+01 0 6322801
-3.864461e+13 -7.418499e+12 1.776409e+14 -3.866165e-01 6.540519e-02 9.199184e-01 -1.497260e+01 0 1111606
-1.111803e+13 -1.591802e+14 -6.985281e+13 3.061888e-01 -7.139671e-01 -6.296820e-01 -5.143331e+00 0 1
-1.193479e+14 -7.499644e+13 -9.782003e+13 -2.808290e-01 -8.745839e-01 -3.952695e-01 1.335437e+00 0 2068527
4.933074e+13 1.296126e+14 -9.784234e+13 9.589738e-01 -1.675789e-01 -2.286623e-01 4.401278e+00 0 16
-5.911867e+13 -8.815763e+13 -1.376343e+14 -1.357193e-01 -5.625814e-01 -8.155258e-01 1.324787e+01 0 4377736
6.319963e+13 4.199545e+13 -1.518928e+14 -4.464898e-01 7.217797e-01 -5.288487e-01 1.527114e+01 0 18608655
6.573048e+13 1.324883e+14 -1.319470e+14 7.959935e-01 1.203311e-01 -5.932241e-01 -3.172965e+01 0 10039435
1.111607e+13 2.528172e+13 -1.675149e+14 -2.746114e-01 6.466992e-01 -7.115960e-01 7.867573e+00 0 1016678
-1.079015e+14 -1.183567e+14 6.927602e+13 -7.439901e-01 -4.350901e-01 5.071245e-01 -1.961694e+01 0 2557789
9.993840e+12 1.528481e+14 8.303629e+13 1.785524e-01 9.241850e-01 3.376406e-01 5.749758e+00 0 1547349
1.602376e+14 5.839853e+13 1.428306e+13 2.109265e-01 8.561856e-01 -4.716526e-01 1.808725e+00 0 28
-9.243822e+12 -1.408631e+14 -9.619488e+13 4.536585e-01 -8.279158e-01 -3.297717e-01 1.519962e+00 0 1067409
3.433567e+13 8.495600e+13 1.469590e+14 -2.508786e-01 6.249349e-02 9.659992e-01 -5.057139e+00 0 2454004
-4.374159e+13 1.634176e+14 1.430094e+13 -5.263897e-01 8.295552e-01 1.864190e-01 -2.760284e+00 0 71284
1.613054e+14 -7.413026e+13 3.554636e+13 9.344446e-01 -2.373357e-01 -2.654903e-01 -7.894896e+00 0 49
1.158296e+14 1.609189e+14 -5.937166e+13 8.526137e-01 5.202726e-01 4.864428e-02 5.475882e+00 0 4
1.700416e+14 -3.652489e+13 -2.639488e+13 5.277183e-01 -4.205095e-01 7.380279e-01 -1.785641e+01 0 7820663
-1.307140e+14 1.064973e+13 -1.128038e+14 -5.625075e-01 2.035468e-01 -8.013451e-01 -1.341434e+01 0 4
-1.703536e+13 4.859799e+13 -1.625296e+14 -3.095093e-02 4.145445e-01 -9.095025e-01 9.831274e+00 0 55
-1.213336e+14 3.522530e+13 -1.157150e+14 -7.784581e-01 4.125247e-01 4.731029e-01 9.922223e+00 0 11282602
-1.557449e+14 1.986045e+13 -8.021986e+13 -9.156153e-01 3.046123e-01 -2.624117e-01 -2.082399e+01 0 11430217
1.054545e+14 1.129999e+14 -7.881643e+13 2.261601e-01 6.505386e-01 -7.250180e-01 -1.366711e+01 0 4838437
-1.663752e+14 4.308202e+12 1.031678e+14 -2.898180e-01 7.402575e-01 6.066501e-01 4.210229e+00 0 7413466
-1.075229e+14 1.448035e+14 -1.724510e+13 -8.407398e-01 3.038229e-01 -4.481610e-01 3.829272e+01 0 2642567
1.681646e+13 -1.862086e+14 1.620876e+13 8.305946e-02 -8.872005e-01 4.538462e-01 1.862889e+01 0 6488749
-1.892795e+13 -1.502978e+13 -1.762647e+14 5.095538e-01 1.119504e-01 -8.531249e-01 -6.193594e+00 0 1580152
-5.855954e+12 7.895105e+13 -1.615329e+14 2.187772e-01 8.368385e-01 -5.018345e-01 1.266454e+01 0 5863583
-1.311466e+14 1.113613e+14 2.303723e+13 -7.765778e-01 6.273986e-01 -5.742759e-02 -1.140328e+01 0 6
1.465770e+14 1.023397e+14 -3.581441e+13 1.998337e-01 8.413346e-01 -5.022177e-01 9.303838e-01 0 2712034
2.794766e+13 1.629780e+14 -4.145573e+13 1.950082e-01 9.408772e-01 2.769873e-01 3.950423e+00 0 2872919
-2.124076e+13 -2.644842e+13 1.670159e+14 4.446860e-01 1.798392e-01 8.774464e-01 -3.748421e+00 0 14086230
-6.840593e+13 -1.280490e+14 -9.928710e+13 -7.815214e-01 -5.888592e-01 2.060803e-01 3.390608e+00 0 645476
-9.187617e+12 1.127068e+14 -1.282307e+14 -1.142663e-01 8.764491e-01 -4.677394e-01 -5.734498e+00 0 287777
-5.602494e+13 3.579590e+13 1.579343e+14 -5.996425e-01 4.138357e-01 6.849591e-01 -7.717176e+00 0 14587947
-1.053711e+14 1.007067e+14 1.180090e+14 -6.134089e-01 6.340432e-01 4.708702e-01 -1.669195e+01 0 40
9.899623e+13 3.668376e+12 1.458312e+14 1.815636e-01 -2.915022e-01 9.391811e-01 5.461905e+00 0 5948016
-1.616445e+14 4.683771e+13 7.138522e+13 -8.878922e-01 -2.975244e-02 4.590885e-01 -3.202918e+00 0 1048562
1.351955e+14 -1.020867e+14 9.745869e+12 9.532573e-01 -8.651626e-03 -3.020360e-01 -1.935458e+00 0 4413867
-1.229423e+14 3.803776e+13 -1.114356e+14 -3.764778e-01 8.858897e-02 -9.221803e-01 -9.899230e+00 0 1483556
2.847563e+13 -1.783799e+14 -2.111811e+13 -3.279444e-01 -7.728497e-01 -5.432824e-01 -3.046245e+01 0 920446
3.101058e+13 5.652552e+13 -1.853125e+14 5.673032e-01 4.818094e-01 -6.678524e-01 -1.940224e+01 0 8371504
-2.938503e+13 1.587702e+14 -5.363381e+13 -9.636776e-01 -8.330995e-04 -2.670671e-01 2.563518e+01 0 11058741
1.491795e+14 8.558399e+13 2.606013e+13 1.876863e-01 9.365165e-01 2.961599e-01 6.752165e+00 0 10555943
-3.020785e+13 -9.822242e+13 -1.367357e+14 7.483376e-01 -1.007807e-01 -6.556173e-01 2.122446e+01 0 6812131
-3.853342e+13 -6.024207e+13 1.546559e+14 6.005959e-01 -5.298556e-01 5.987801e-01 1.677534e+01 0 5274361
5.665722e+13 -1.112772e+14 1.195837e+14 -4.448785e-01 -8.130355e-01 3.755747e-01 -5.589805e+00 0 1197572
1.782965e+14 -1.398412e+13 -2.352854e+13 8.175013e-01 2.912548e-01 4.968524e-01 2.120267e+01 0 19
1.086570e+14 1.250267e+14 -3.776295e+13 5.530893e-01 8.208960e-01 1.422039e-01 5.875823e+00 0 561913
-7.829237e+13 -5.637178e+13 1.582512e+14 -8.787962e-01 2.957477e-01 3.745004e-01 6.317458e+00 0 9813858
-1.118603e+14 -5.128044e+13 1.183064e+14 -8.707200e-01 -4.335815e-01 2.320640e-01 -7.343290e+00 0 21
1.191209e+14 1.894130e+13 1.498419e+14 7.728124e-01 1.756116e-01 6.098537e-01 1.508173e+01 0 7736022
6.046767e+13 1.514095e+14 -5.057135e+13 -4.199293e-01 8.881610e-01 1.866267e-01 5.376161e+00 0 4931984
-1.087854e+14 -1.339725e+14 6.099935e+13 -6.791728e-01 -4.301879e-01 5.946954e-01 -2.171228e-01 0 2208163
7.279758e+13 -1.218034e+14 9.550763e+13 7.196916e-01 -3.181754e-01 6.170967e-01 -6.256313e+00 0 1476527
2.390386e+13 1.725165e+14 -4.607473e+13 1.791536e-01 8.391840e-01 5.134921e-01 -8.371538e+00 0 2759910
9.953051e+13 2.486330e+13 1.366227e+14 -6.541847e-01 1.705034e-01 7.368656e-01 1.767553e+01 0 187018
-2.769374e+13 -1.666609e+14 2.448708e+13 3.864905e-01 -7.835386e-01 -4.865104e-01 1.891788e+01 0 4621703
-1.892786e+13 -7.501633e+13 1.530901e+14 -7.203360e-01 -1.827718e-02 6.933844e-01 1.449085e+00 0 1
1.096306e+14 -1.591962e+14 2.075212e+13 7.093305e-01 -6.920292e-01 1.339622e-01 -3.701203e+00 0 16728131
1.442047e+14 -1.638247e+13 9.815154e+13 4.780507e-01 1.103179e-01 8.713768e-01 1.523274e+01 0 18152680
1.347758e+14 3.164978e+13 1.274620e+14 2.060748e-01 6.759961e-01 7.075044e-01 2.717840e+01 0 1074994
1.023001e+14 -1.294873e+14 3.924930e+13 -5.883442e-01 -8.042770e-01 8.360338e-02 -2.647777e+01 0 5291771
-4.667249e+13 1.641137e+14 3.796746e+12 -6.684410e-01 4.970889e-01 -5.532533e-01 1.700073e+01 0 559524
-1.146676e+14 6.322182e+13 1.105786e+14 -9.894982e-01 9.395393e-02 1.098453e-01 -2.504770e+00 0 12
-1.013401e+14 -1.314065e+14 1.728490e+14 -4.076498e-01 -6.915277e-01 5.963313e-01 1.827487e+01 0 19635273
-3.460559e+13 4.282433e+13 -1.924484e+14 -2.578006e-01 8.204084e-02 -9.627088e-01 2.019804e+01 0 11774417
1.357575e+14 5.868074e+13 8.750989e+13 3.093302e-01 2.867592e-01 9.066885e-01 1.382330e+01 0 8
1.165860e+14 1.068257e+14 8.309146e+13 -2.789609e-02 4.931155e-01 8.695165e-01 2.334909e+01 0 4
1.429120e+14 9.104054e+13 -6.158448e+13 7.302916e-01 6.559713e-01 -1.907245e-01 1.636809e+01 0 15
1.599867e+14 5.813281e+13 1.078208e+13 9.800676e-01 -3.588313e-02 -1.953966e-01 -5.676119e+00 0 14465849
-7.167402e+13 1.110790e+14 -1.130924e+14 9.022728e-04 1.359444e-01 -9.907161e-01 5.035785e+00 0 21
-1.695024e+14 -1.881427e+12 -2.145419e+13 -3.689583e-01 -7.929518e-01 4.848682e-01 1.396799e+01 0 10572826
4.079436e+13 -1.581763e+14 -4.793577e+13 9.416199e-01 -3.365784e-01 -8.182789e-03 2.454316e+01 0 1284705
-2.801753e+13 -9.126301e+12 1.700438e+14 -5.070679e-01 5.661260e-01 6.499105e-01 1.123694e+01 0 461539
1.873207e+13 -8.106272e+13 1.494758e+14 -3.392382e-01 -6.177195e-01 7.094646e-01 -1.558014e+01 0 275300
-1.490046e+14 -2.560471e+12 8.827842e+13 -2.919332e-01 6.640252e-01 6.883643e-01 7.513614e-01 0 15857356
3.691231e+13 4.235210e+13 1.633504e+14 -4.128096e-01 -4.904018e-01 7.675248e-01 -8.449554e+00 0 1083678
7.287862e+12 1.481538e+14 1.057816e+14 3.120671e-01 9.236662e-01 -2.223843e-01 5.450678e+00 0 4921777
-4.049889e+13 1.458585e+14 -8.096001e+13 -3.619149e-01 9.124407e-01 -1.909701e-01 -5.436964e+00 0 3513540
1.381934e+14 -1.387857e+14 4.819534e+13 9.456742e-01 8.763663e-02 3.130815e-01 4.342012e+00 0 5094794
1.811205e+13 8.171050e+13 -1.736210e+14 7.417172e-01 1.783176e-01 -6.465743e-01 1.172765e+01 0 27216
1.702340e+14 -1.501474e+13 -9.549780e+12 8.783730e-01 -4.355591e-01 1.968479e-01 -1.800190e+01 0 20
-8.019154e+13 -3.946612e+13 1.451212e+14 9.097862e-02 7.295610e-01 6.778375e-01 -1.350394e+01 0 26537038
-5.308119e+13 -9.635669e+13 1.371123e+14 4.129949e-01 -9.049216e-01 1.027233e-01 1.173446e+00 0 31
-1.448655e+13 1.455287e+14 -8.630331e+13 -6.421868e-01 6.023632e-01 -4.740830e-01 2.148612e+01 0 3223724
7.856646e+13 -1.124954e+14 1.022686e+14 -5.561514e-01 -6.782558e-01 4.802756e-01 -6.983999e+00 0 3981821
1.699341e+14 1.721187e+13 1.463696e+13 9.119265e-01 2.379188e-01 -3.343423e-01 -7.466644e+00 0 46
-2.038847e+13 1.475259e+14 -9.002796e+13 -2.259639e-01 9.014320e-01 3.692703e-01 -1.222223e+01 0 4373405
-2.140174e+13 1.303914e+14 -1.345610e+14 -8.361257e-01 3.779313e-01 -3.975698e-01 3.491218e+01 0 26940
1.635352e+12 1.205394e+14 1.342626e+14 -1.952715e-01 9.787906e-01 -6.195188e-02 1.976424e+01 0 2572462
1.032814e+13 -1.551039e+14 6.862999e+13 2.922490e-01 -9.301319e-01 2.223629e-01 -9.306638e+00 0 1023606
-1.889193e+14 2.539882e+13 2.245220e+13 -8.063652e-01 5.470627e-01 -2.247166e-01 1.640607e+01 0 1426156
9.984793e+13 -4.263755e+13 -1.348118e+14 6.993644e-01 4.194473e-01 -5.787517e-01 2.003692e+01 0 976424
1.472568e+14 3.392436e+13 -7.911800e+13 -6.480311e-02 8.275361e-01 -5.576600e-01 2.657223e+01 0 1639956
-1.122055e+14 6.952713e+13 1.479216e+14 -5.554489e-01 3.672979e-01 7.460354e-01 -1.562092e+01 0 1554579
9.872779e+13 -5.200433e+13 -1.279123e+14 9.972501e-01 -4.227241e-02 -6.087067e-02 1.121488e+01 0 310049
1.500920e+14 1.093432e+14 -1.171037e+13 8.092763e-01 4.929438e-01 3.194968e-01 2.322860e+01 0 27
1.095753e+14 7.981635e+13 -1.025055e+14 5.774922e-01 7.920898e-01 1.977286e-01 1.080075e+00 0 3165883
3.327248e+13 -1.745216e+14 1.122117e+13 -1.800457e-01 -9.836338e-01 6.932907e-03 3.578283e-01 0 27419739
-5.764472e+13 -2.808720e+13 1.589565e+14 6.958303e-01 -3.543763e-01 6.246901e-01 1.083699e+01 0 3155413
-5.433079e+13 4.337320e+13 -1.932909e+14 -4.446693e-01 -1.391008e-02 -8.955868e-01 1.918799e+01 0 13153796
4.012946e+13 -4.083446e+13 1.603889e+14 -1.585490e-01 -6.230564e-01 7.659393e-01 2.448985e-02 0 697847
6.199586e+13 -1.710288e+14 4.740156e+13 5.686144e-01 -7.967481e-01 2.046219e-01 -7.209420e+00 0 21
7.928722e+13 -5.644385e+13 1.487639e+14 1.597911e-03 -9.549954e-01 2.966164e-01 -1.839253e+00 0 1391541
7.530052e+13 1.270903e+14 -8.340138e+13 4.191329e-01 -3.579698e-02 -9.072190e-01 -9.238037e+00 0 2891
1.194120e+14 2.701354e+13 1.211196e+14 9.125412e-01 3.698389e-01 -1.746074e-01 1.872630e+01 0 32
2.966899e+13 -2.179967e+13 1.697912e+14 4.159355e-02 -6.016090e-01 7.977070e-01 3.384748e+00 0 1854715
1.119798e+14 8.599200e+13 -9.457514e+13 2.840663e-01 -2.650443e-01 -9.214434e-01 8.614856e-01 0 11855350
1.199963e+14 1.227694e+13 -1.195174e+14 9.364470e-01 2.042120e-01 -2.852445e-01 1.312015e+01 0 999410
-5.702679e+13 3.248651e+13 1.596261e+14 5.445457e-02 6.442854e-01 7.628440e-01 -1.583825e+01 0 2818671
-9.610072e+13 2.273937e+12 -1.436052e+14 -2.862322e-01 2.241114e-01 -9.315821e-01 1.284493e+01 0 70
1.274486e+14 -8.299818e+13 -7.911227e+13 3.325958e-01 -9.353362e-01 -1.205251e-01 -1.998554e+01 0 5340216
9.818324e+13 -1.309580e+14 5.058189e+13 1.342954e-01 -1.970536e-01 9.711512e-01 -6.440361e+00 0 2401846
-2.560276e+13 1.103896e+14 -1.294075e+14 6.510964e-02 3.824089e-01 -9.216964e-01 1.267565e+01 0 4261483
-1.600787e+14 4.082869e+13 -6.880421e+13 -7.912990e-01 -5.649125e-01 -2.339226e-01 -2.156237e-02 0 13
3.620272e+13 1.156257e+14 -1.261890e+14 3.935618e-01 6.973531e-01 -5.990056e-01 1.066825e+01 0 3028775
1.474383e+14 1.283509e+13 -9.727957e+13 7.495914e-01 9.920047e-02 -6.544249e-01 1.080199e+01 0 3156641
1.569298e+14 -1.016363e+13 -8.271153e+13 3.613462e-01 -4.170654e-01 -8.339576e-01 2.407966e+00 0 7752863
-1.426775e+13 -1.670499e+14 -4.803184e+13 -4.988572e-01 -8.517282e-01 -1.603141e-01 3.409609e+00 0 2740843
7.609296e+13 5.310974e+13 -1.435549e+14 3.206223e-01 -6.342077e-01 -7.035495e-01 -1.537695e+01 0 426308
1.139006e+14 6.465968e+13 -1.087957e+14 7.273068e-01 -1.188114e-01 -6.759502e-01 2.129955e-01 0 670207
2.878889e+13 7.807475e+13 -1.634843e+14 4.158029e-01 7.651172e-01 -4.916336e-01 1.269551e+01 0 5998083
-1.727965e+14 -1.456101e+13 3.133577e+13 -8.129433e-01 3.717381e-01 4.482567e-01 2.621839e+00 0 2244991
1.618041e+14 -7.370186e+13 5.836987e+12 7.728505e-01 -7.536468e-03 6.345434e-01 1.713883e+01 0 1
1.826638e+13 1.436963e+14 1.254587e+14 -1.560369e-01 1.702933e-01 9.729608e-01 -1.300068e+01 0 4
8.792495e+13 -1.222037e+14 -1.162273e+14 8.659741e-01 2.781886e-01 -4.155717e-01 4.420775e+01 0 14
1.543664e+14 -2.580864e+13 7.192280e+13 9.452572e-01 1.926088e-01 -2.634211e-01 1.412742e+01 0 10027089
3.379831e+13 -7.525569e+13 1.545888e+14 -4.394548e-01 -5.195451e-02 8.967610e-01 -1.432074e+01 0 4223845
-2.205866e+14 -1.205454e+14 -1.950956e+14 -5.626016e-01 -4.720656e-01 -6.786998e-01 3.126264e+01 0 15
-3.491751e+13 -1.594236e+14 -5.239820e+13 -5.371599e-01 -6.939683e-01 -4.794447e-01 3.234937e-01 0 6232500
-1.878359e+14 4.455777e+13 7.895599e+13 -7.315747e-01 1.004880e-01 6.743149e-01 -1.372921e+01 0 11120497
-1.235620e+14 -1.873413e+13 -1.192976e+14 2.037109e-01 -3.279056e-01 -9.224857e-01 1.038889e+00 0 9874285
8.206444e+11 -1.188458e+14 1.237243e+14 7.842100e-01 -3.714818e-01 4.970070e-01 -2.379915e-01 0 6081106
-1.189035e+14 9.525124e+13 8.535305e+13 9.554462e-02 -1.420125e-02 9.953238e-01 1.943535e+01 0 10404592
-1.543166e+14 -3.586378e+12 -7.502247e+13 -5.806710e-01 9.489658e-02 -8.085888e-01 -1.472565e+01 0 4
-1.312697e+14 1.070129e+14 1.009454e+13 -5.960715e-01 6.216841e-01 5.081414e-01 -1.589555e+01 0 10218491
-1.884943e+13 -1.653686e+14 3.452454e+13 1.885886e-01 -2.787098e-01 9.416768e-01 1.399636e+01 0 569041
-1.042487e+14 -1.300793e+14 -5.494339e+13 -1.133469e-01 -5.539843e-01 -8.247751e-01 1.970326e+01 0 19
2.087207e+13 -1.661370e+14 -8.031809e+13 -3.527241e-01 -9.305483e-01 9.831391e-02 9.454946e+00 0 1323852
-1.456746e+14 -9.534087e+13 -7.465644e+10 -7.306217e-01 -3.890347e-01 5.611095e-01 -1.061438e+01 0 8157416
-2.497687e+13 1.639656e+14 5.568279e+13 3.226647e-01 6.049995e-01 7.279170e-01 -3.084972e+01 0 116
1.315092e+14 1.052362e+14 3.461183e+13 6.082310e-01 7.913234e-01 6.214757e-02 1.916274e+01 0 1002728
-8.915249e+13 1.404188e+14 3.394337e+13 -5.895503e-01 6.458797e-02 8.051452e-01 6.423052e+00 0 819045
-4.078062e+13 -1.530225e+14 7.943545e+13 -2.714308e-02 -9.990470e-01 3.418162e-02 -1.335530e+01 0 13123855
8.499208e+13 -1.400078e+14 9.623476e+13 9.507893e-02 -8.355221e-01 5.411681e-01 -2.670844e+01 0 6562984
5.877729e+13 1.005650e+14 -1.482505e+14 5.090470e-01 3.547900e-01 -7.842163e-01 7.894820e+00 0 5048906
-1.381005e+14 9.979520e+13 -4.720037e+13 -5.267460e-01 6.659704e-01 -5.282254e-01 8.576376e+00 0 3424394
1.424376e+14 5.530643e+13 9.172939e+13 9.871329e-02 2.021511e-01 9.743668e-01 1.662563e+01 0 5009866
-5.623731e+13 1.300745e+14 -1.348874e+14 4.030227e-01 7.218734e-01 -5.625579e-01 1.030515e+01 0 5943287
-1.512835e+14 7.348067e+13 2.194777e+13 -8.234210e-01 1.957078e-01 -5.326128e-01 9.157514e-02 0 6912636
1.277538e+14 -1.148045e+14 -5.238444e+13 1.268699e-01 -9.884797e-01 -8.253376e-02 -2.819973e+01 0 351644
6.033766e+13 1.180584e+14 -1.118717e+14 3.428098e-01 5.057007e-01 -7.916744e-01 1.223320e+01 0 18120466
-1.264770e+14 1.224789e+12 1.131876e+14 -7.524901e-01 5.172404e-02 6.565693e-01 -6.488398e+00 0 665894
-1.405515e+14 -9.064873e+13 5.338781e+13 -4.798207e-01 -6.773659e-01 -5.576267e-01 1.740506e-01 0 3935719
-4.821185e+13 -8.473782e+13 -1.396996e+14 -9.396740e-01 -2.755597e-01 -2.026810e-01 -1.569458e+01 0 7059647
1.627548e+13 4.623018e+13 -1.636775e+14 9.047855e-01 2.426534e-03 -4.258606e-01 5.953282e+00 0 7026009
1.665926e+14 3.927559e+13 -4.749335e+12 8.384437e-01 1.565132e-01 5.220304e-01 -7.556332e+00 0 2599279
-2.040321e+13 -1.251821e+14 -1.164979e+14 -4.450747e-01 -8.122883e-01 3.769565e-01 7.930786e+00 0 6837505
7.847231e+13 1.169867e+14 -9.858723e+13 1.441741e-01 9.876270e-01 6.169886e-02 3.005616e+01 0 738849
-1.415739e+14 3.566532e+13 -8.657353e+13 -5.839272e-01 -8.104001e-01 -4.775738e-02 1.106252e+01 0 31
1.099487e+14 -1.148648e+14 -6.575513e+13 -3.430850e-01 -3.702202e-01 -8.632669e-01 -2.215360e+01 0 1714702
1.574852e+13 1.521914e+14 9.356712e+13 4.673314e-01 5.937104e-01 6.550644e-01 1.099799e+01 0 8410442
1.562323e+13 -9.472602e+13 -1.516677e+14 -3.336989e-01 -8.281969e-01 -4.502610e-01 -2.433642e+01 0 10286650
-1.338399e+13 1.608156e+14 7.124334e+13 1.140427e-01 8.148961e-01 5.682768e-01 -2.172913e+01 0 10085787
1.513258e+14 -7.628803e+13 1.289427e+13 3.510878e-01 -5.492340e-01 7.583398e-01 -1.070766e+01 0 585178
-9.274469e+13 1.455228e+14 -5.264098e+12 -7.545763e-01 6.260539e-01 -1.966495e-01 2.058541e+01 0 1059133
-9.658171e+13 1.306170e+14 5.243200e+13 -9.821502e-01 1.636730e-01 9.269376e-02 9.401078e+00 0 1359871
3.819260e+13 -4.318868e+13 -2.246244e+14 3.182199e-01 -3.305264e-01 -8.885316e-01 -1.935511e+01 0 4428670
-4.778194e+13 -1.625239e+14 -1.555123e+13 -3.897122e-01 -6.151723e-01 -6.853375e-01 -1.962975e+01 0 2358623
4.807642e+13 3.560179e+12 1.694419e+14 2.926173e-01 2.469937e-01 9.237798e-01 -1.000925e+01 0 4044974
-1.650237e+14 5.281878e+13 -1.476418e+13 -5.344458e-01 -7.270270e-01 -4.310445e-01 3.068376e+01 0 39
1.105503e+14 1.235194e+14 4.146310e+13 6.839862e-01 7.277568e-01 -5.032788e-02 1.056620e+01 0 10548039
3.271389e+13 1.636265e+14 -6.481013e+13 -8.391682e-03 9.852734e-01 -1.707803e-01 1.684428e+01 0 4511183
9.657709e+13 -1.325432e+14 8.348520e+13 3.011184e-01 -9.454613e-01 -1.242202e-01 -2.221705e+01 0 12446769
3.469736e+13 1.174390e+14 1.295704e+14 6.780420e-01 1.652189e-01 7.162135e-01 1.541955e+00 0 544650
-1.409952e+14 -1.944724e+13 9.303835e+13 -8.735781e-01 -3.656114e-01 3.212313e-01 1.008736e+01 0 7
1.031457e+14 1.232656e+14 5.920292e+13 -3.932897e-02 9.892678e-01 1.407209e-01 2.481633e+01 0 8187330
-1.408130e+14 -5.506180e+13 1.075462e+14 -1.994417e-01 -7.325580e-01 6.508317e-01 2.459250e+01 0 5
-2.192583e+13 -1.534165e+14 7.000362e+13 6.292424e-01 -7.629163e-01 1.483666e-01 2.188428e+01 0 546647
-4.527898e+13 1.601885e+14 -3.992437e+13 -4.269265e-01 6.966661e-01 5.765328e-01 1.849945e+01 0 1326017
-5.258173e+12 -1.028805e+14 -1.389826e+14 7.202722e-01 -3.535594e-01 -5.968281e-01 -5.502715e+00 0 38
6.098912e+13 -2.182788e+13 -1.956607e+14 2.344552e-01 -4.078937e-01 -8.824134e-01 -2.287822e+01 0 1861372
7.449832e+13 1.421576e+14 9.286469e+13 1.398998e-01 7.580903e-01 6.369671e-01 -9.325054e+00 0 7661359
1.458480e+14 3.593436e+13 7.938710e+13 7.204457e-01 -2.787498e-01 -6.350248e-01 -3.998574e+00 0 532400
-6.865587e+13 -4.797817e+13 -1.474886e+14 2.157347e-01 -5.846792e-01 -7.820542e-01 1.112890e+01 0 1761595
6.261163e+13 -8.655566e+13 1.403307e+14 8.753724e-01 2.610867e-01 4.068868e-01 3.023264e+00 0 346393
-4.048335e+13 1.410853e+14 -9.019544e+13 6.718415e-01 4.329893e-01 -6.009570e-01 2.932604e-01 0 5447229
-1.031545e+14 -1.327824e+14 -2.502424e+13 -5.356937e-01 -7.535234e-01 -3.810967e-01 -5.484014e+00 0 2735392
-9.312910e+13 -1.324899e+14 -5.357782e+13 5.590622e-01 -8.099493e-01 -1.772893e-01 3.856652e+01 0 1579363
-9.084974e+13 1.372302e+14 6.460094e+13 -5.206841e-01 7.196623e-01 4.593193e-01 -1.243127e+01 0 5761852
-2.254631e+13 -1.188055e+13 1.720717e+14 -7.092561e-01 -1.160844e-02 7.048553e-01 -1.063656e+01 0 942112
5.353373e+13 1.594646e+14 -3.786592e+13 2.827904e-01 5.225776e-01 -8.043272e-01 9.809498e+00 0 3
-9.838818e+13 -7.991255e+13 -1.152704e+14 -1.687318e-01 -4.907477e-01 -8.548078e-01 -1.861823e+00 0 20
1.239931e+13 -4.953934e+13 1.682400e+14 1.403050e-01 2.168066e-01 9.660794e-01 1.651664e+01 0 62
5.527493e+12 2.643442e+13 1.675071e+14 4.797137e-01 8.319995e-01 2.786603e-01 4.927654e+00 0 16058836
6.540097e+13 1.503700e+14 -5.036056e+13 8.710967e-01 4.694790e-01 1.441529e-01 -2.633418e+00 0 14708923
7.930542e+13 -1.848334e+13 -1.501990e+14 6.431012e-01 4.710537e-02 -7.643311e-01 1.269148e+01 0 8567347
1.416913e+14 9.523574e+13 -3.616151e+12 3.026307e-01 7.507480e-01 -5.871900e-01 -6.378009e-01 0 16320631
-8.147177e+12 3.081195e+13 1.863019e+14 -2.302615e-01 9.852092e-02 9.681287e-01 1.137728e+01 0 8602792
-1.657875e+14 -4.965044e+13 -1.089579e+13 -4.447402e-01 -4.758728e-01 -7.587827e-01 1.728434e+01 0 13471737
8.841065e+13 6.346173e+13 1.339573e+14 3.475694e-01 6.391253e-01 6.860862e-01 -1.532224e+01 0 10057284
1.512837e+14 -1.584854e+13 -7.503075e+13 1.591000e-01 -5.003596e-01 -8.510743e-01 -2.396543e+01 0 2033654
4.630188e+13 -1.531000e+14 5.700627e+13 3.434581e-01 -8.010541e-01 4.902540e-01 9.623050e+00 0 15
8.891036e+13 2.430464e+13 -1.439740e+14 -4.133503e-01 -2.186514e-01 -8.839305e-01 1.068029e+01 0 34
-1.035712e+14 7.400813e+13 1.233404e+14 -8.286868e-01 5.257727e-01 -1.919406e-01 -7.799322e+00 0 5
-1.295513e+14 9.234989e+13 6.428021e+13 -9.817116e-01 -1.846837e-01 4.619843e-02 4.451370e-01 0 686221
8.839049e+13 1.448221e+14 3.021310e+13 3.049467e-01 5.491646e-01 7.780911e-01 1.356286e+01 0 507835
2.667782e+13 8.562194e+13 -1.447382e+14 5.517619e-02 9.864589e-01 1.544491e-01 -3.952924e+00 0 1033791
6.992287e+13 5.931819e+13 1.457221e+14 5.250926e-01 3.339579e-01 7.827834e-01 -2.146253e+01 0 6822412
-1.017887e+14 7.813823e+13 1.167959e+14 -5.940393e-01 -4.630928e-01 6.577707e-01 2.581112e+01 0 25
-9.962856e+13 -1.266527e+14 -9.061072e+13 -8.714796e-01 -1.327835e-01 -4.721143e-01 8.579668e+00 0 20
-3.639806e+13 -9.549243e+13 1.356191e+14 -7.151657e-02 4.605647e-01 8.847404e-01 -1.066678e+01 0 15719813
-1.218797e+13 -1.131988e+14 -1.506881e+14 4.378954e-01 -8.522506e-01 -2.862107e-01 -7.266844e+00 0 6020840
-3.676426e+13 -6.569645e+13 1.604023e+14 -1.940646e-01 -9.702231e-01 1.449347e-01 1.667394e+01 0 19415435
1.633242e+14 9.168731e+11 4.587175e+13 1.367861e-01 -8.288948e-01 5.424232e-01 -8.712830e+00 0 162029
-8.211015e+13 -1.567672e+14 6.655778e+13 -6.325620e-01 -5.286027e-01 5.660782e-01 -2.122318e+01 0 2053398
-1.505149e+14 4.025815e+13 -6.839327e+13 -8.659441e-01 2.396362e-01 -4.389936e-01 4.024107e+00 0 5471957
-6.662078e+13 -1.601190e+14 -3.926776e+12 -2.158892e-01 -5.284348e-01 -8.210655e-01 -1.165718e+01 0 41
-1.100111e+14 -5.156727e+13 1.211851e+14 -7.713325e-01 -3.944284e-01 4.994721e-01 1.023570e+01 0 14324717
-4.820937e+13 7.059843e+13 1.501323e+14 -6.737187e-01 6.149415e-01 4.098170e-01 -2.283941e+00 0 516128
-1.220239e+14 2.460198e+13 1.152071e+14 2.721002e-01 -1.621834e-01 9.485030e-01 -1.164728e+00 0 23060
8.967320e+13 -1.400773e+14 3.495814e+13 9.995524e-01 -1.670274e-02 -2.481933e-02 3.620021e+01 0 9205901
-5.084117e+13 -8.697290e+13 -1.422096e+14 -3.110685e-01 -1.440579e-01 -9.394060e-01 -1.077127e+01 0 17839524
-8.624945e+13 -1.282048e+14 7.280664e+13 -1.947857e-01 -6.917143e-01 6.954063e-01 -4.732710e+00 0 43529
1.687440e+14 -6.079603e+13 -4.876438e+13 7.649672e-01 -9.320779e-02 6.372891e-01 -8.664212e+00 0 3
-1.006870e+14 -1.012473e+14 -9.856659e+13 -8.545881e-01 -6.853906e-02 -5.147635e-01 -2.113129e+01 0 4274135
-1.012512e+13 -1.655379e+14 3.585959e+13 -3.695713e-01 -6.822529e-01 -6.308312e-01 -5.241985e-01 0 1835770
5.059326e+13 -7.394925e+13 1.600404e+14 -9.970986e-02 -6.453641e-01 7.573395e-01 -1.685311e+01 0 1
-1.063245e+14 -1.051989e+14 9.298518e+13 -7.294045e-01 -2.058708e-01 6.523698e-01 8.515862e+00 0 5
-2.445121e+13 9.871801e+13 -1.363186e+14 -6.031049e-01 6.983116e-01 -3.855197e-01 1.539276e-01 0 5289263
-1.033960e+14 -1.309951e+14 6.896263e+13 1.364036e-01 -9.045791e-01 -4.038944e-01 3.084120e+01 0 9
2.683344e+13 1.303554e+14 1.172177e+14 -7.504774e-01 2.136712e-01 6.254025e-01 2.616257e+01 0 4
-9.902512e+13 6.270970e+13 -1.710972e+14 -4.871664e-01 2.439718e-01 -8.385384e-01 -1.173355e+01 0 33241253
-9.739532e+13 2.701080e+13 -1.494126e+14 -1.107707e-01 -3.366631e-01 -9.350870e-01 -2.834191e+00 0 1098042
-1.254832e+14 -6.296880e+13 9.543590e+13 -3.231775e-02 -8.253974e-01 5.636264e-01 -2.910392e+00 0 345699
2.053405e+13 -1.707756e+14 -2.727327e+12 -1.405165e-01 -9.483274e-01 2.844825e-01 5.123944e+00 0 20
6.858470e+13 1.436417e+14 -6.189736e+13 5.733129e-01 6.837086e-01 -4.515029e-01 -1.172655e+01 0 18
1.067446e+14 -1.033499e+14 8.285784e+13 3.572591e-01 -9.039808e-01 -2.349141e-01 -2.993724e+00 0 19628024
1.657572e+14 -1.721281e+13 -3.775866e+13 5.797461e-01 4.727191e-01 -6.636498e-01 1.871614e+01 0 15
-9.517464e+13 -1.275267e+14 7.048492e+13 -8.364093e-01 -5.059665e-02 5.457650e-01 -3.387854e+01 0 263269
