# 781 1.000000e+07 1.000000e+04 0.000000e+00 1.000000e+00 5.000000e-01
-3.552278e+13 1.569930e+14 -5.551691e+13 1.704583e-01 9.167884e-01 3.611688e-01 1.684044e+00 0 11576577
1.479859e+14 -8.205673e+13 2.519229e+13 9.758267e-01 -7.585514e-02 2.049591e-01 8.042627e+00 0 109930
1.504347e+14 -6.019545e+13 6.474606e+13 5.488954e-01 -4.776221e-01 -6.859963e-01 1.392673e+01 0 2223415
-7.621053e+13 -1.248967e+14 8.798017e+13 -4.991831e-01 -6.348821e-02 8.641675e-01 1.325872e+00 0 1442389
-2.958947e+13 1.141211e+14 -1.843270e+14 -3.262413e-01 4.885920e-01 -8.092246e-01 1.599786e+01 0 6779813
-1.847984e+13 1.296328e+14 1.085591e+14 8.605438e-01 4.419545e-01 2.532600e-01 7.859469e+00 0 16064290
-7.825184e+13 -5.545474e+13 -1.421072e+14 -5.285764e-01 4.005421e-01 -7.484471e-01 1.222984e+00 0 3814626
1.417535e+14 -8.338309e+13 -6.664051e+13 9.267253e-01 -6.487553e-02 -3.700965e-01 -1.086125e+01 0 3955275
1.523308e+14 -7.404820e+13 -3.186962e+13 6.845936e-01 -4.162662e-01 -5.983761e-01 -1.674247e+01 0 3516255
-5.868217e+13 -3.476366e+13 1.649512e+14 -7.225340e-01 8.469662e-02 6.861277e-01 7.473870e+00 0 13685556
1.734156e+14 -1.242484e+13 7.544780e+12 7.031278e-01 6.801775e-01 -2.072917e-01 -4.831380e+00 0 4912013
-8.909572e+13 1.141964e+14 9.621778e+13 -3.449139e-01 3.129878e-01 8.849141e-01 -1.363140e+01 0 4483945
-1.568921e+14 -5.930379e+13 5.860130e+13 -9.192665e-01 1.592762e-01 3.599725e-01 -2.057911e+01 0 13424665
9.784707e+13 1.131702e+14 -9.311004e+13 4.373941e-01 1.065864e-01 -8.929310e-01 7.591218e+00 0 2135048
-1.025299e+14 1.272552e+14 5.275697e+13 -7.728158e-01 5.161681e-01 3.692238e-01 8.642897e+00 0 2201915
1.868253e+13 1.628621e+14 -4.457067e+13 -5.233505e-01 5.584869e-01 -6.435811e-01 -9.766841e+00 0 6598764
5.974866e+13 -5.102441e+13 1.508202e+14 5.759872e-01 -1.926481e-01 7.944340e-01 -4.870042e+00 0 10415687
-1.626056e+14 5.313045e+13 -3.700563e+13 -8.976474e-01 -3.854989e-01 -2.135877e-01 2.069586e+01 0 1039495
1.612522e+14 -5.265211e+13 -1.482732e+13 9.293338e-01 3.122430e-01 -1.970863e-01 1.024061e+01 0 498410
-5.768294e+13 8.037680e+13 1.422065e+14 5.826278e-02 8.985434e-01 4.350002e-01 -1.906896e+01 0 14596977
-1.835891e+13 -1.509841e+14 -7.506719e+13 -4.242262e-01 -6.966598e-01 -5.785302e-01 2.755766e+00 0 1396442
-1.702899e+14 1.591171e+13 6.805071e+12 -6.004216e-01 -3.674269e-01 7.102756e-01 -3.781281e+00 0 1978051
-5.838696e+13 1.090162e+14 1.161216e+14 -5.987281e-01 7.443273e-01 2.958066e-01 7.179584e+00 0 308592
-1.525916e+13 -1.603551e+14 5.825760e+13 -5.743923e-01 -6.245578e-01 5.291512e-01 -9.489610e+00 0 3927005
-8.248811e+13 1.022328e+14 -1.150801e+14 2.863036e-01 8.955582e-01 -3.405961e-01 -1.569152e+01 0 1762049
-4.188745e+13 9.949302e+13 1.369332e+14 -8.749117e-01 4.055426e-01 2.646973e-01 1.146598e+01 0 11653360
-1.010777e+13 -1.832251e+12 1.849835e+14 -3.142122e-01 2.753225e-01 9.085528e-01 -1.348893e+01 0 14323088
1.699935e+14 -2.699828e+12 5.160700e+12 6.469438e-01 4.460683e-01 -6.184552e-01 -2.936955e+00 0 6704938
-1.010488e+14 1.312630e+14 4.560693e+13 -2.912835e-01 9.268683e-01 -2.367891e-01 -1.463555e+01 0 5561966
1.554842e+14 -3.027463e+13 -6.913500e+13 1.011738e-01 3.629872e-01 -9.262851e-01 2.493566e+01 0 15158506
1.072285e+14 1.821390e+13 -1.497538e+14 3.052443e-01 3.577004e-01 -8.825397e-01 1.345636e+01 0 47826
2.971781e+13 -1.246726e+14 1.120335e+14 8.045302e-02 -9.639118e-01 2.537743e-01 5.116358e+00 0 582716
-8.082280e+13 -8.462649e+13 -1.241171e+14 1.372620e-02 -9.944867e-01 1.039606e-01 -2.076320e+01 0 2922403
-1.180891e+14 -4.639719e+13 1.131900e+14 -6.373316e-01 4.314597e-01 6.384755e-01 8.333759e-01 0 2423888
-1.760948e+13 1.445101e+13 1.686342e+14 2.167416e-02 9.870523e-01 1.589276e-01 6.054501e+00 0 674944
1.562922e+14 -7.680814e+12 7.087363e+13 6.579685e-01 6.804410e-01 3.226104e-01 -4.676570e+00 0 1129074
-2.852826e+13 -7.800552e+13 1.656457e+14 4.074388e-01 1.493297e-01 9.009407e-01 -1.054936e+01 0 13978641
4.489260e+13 7.779084e+13 -1.501535e+14 7.484303e-02 9.413335e-01 -3.290741e-01 -7.938546e+00 0 24267609
2.012050e+14 -3.880345e+13 -1.809610e+13 8.164248e-01 1.169138e-01 5.654925e-01 -1.164731e+01 0 4789642
-1.820841e+13 -1.004956e+14 1.454203e+14 -4.381754e-01 -3.538795e-01 8.262999e-01 -1.162798e+01 0 533717
2.655018e+13 -1.631299e+14 4.842607e+13 5.714553e-01 -1.230326e-01 8.113580e-01 -8.722714e+00 0 4714085
-1.624055e+13 3.522074e+13 -2.221947e+14 -3.675982e-01 -2.271709e-01 -9.018120e-01 -1.405262e+01 0 3090614
-3.639489e+13 1.409039e+14 -9.460421e+13 -8.437789e-01 -2.457408e-01 -4.771255e-01 2.216212e+01 0 11
8.938843e+13 -1.371207e+14 4.542912e+13 -1.694322e-02 -8.130888e-01 5.818930e-01 -1.241146e+01 0 2699175
2.499582e+13 -1.135353e+12 1.677671e+14 -6.242114e-01 1.346319e-01 7.695677e-01 1.985276e+00 0 246367
1.542248e+14 4.430181e+13 5.593095e+13 6.746923e-01 -5.460551e-01 -4.966026e-01 8.503406e+00 0 1194881
-1.580704e+14 -4.054291e+13 5.576429e+13 -8.152530e-01 -5.128810e-01 2.689157e-01 -1.455431e+00 0 1018363
4.993142e+13 -2.766014e+13 -1.624499e+14 -1.926462e-01 1.040678e-01 -9.757342e-01 7.864508e+00 0 829833
-1.593985e+14 -6.196375e+13 6.860542e+13 -2.502529e-01 -5.516350e-01 7.956584e-01 1.536654e+01 0 8053487
-9.456693e+13 1.354878e+14 7.769196e+13 1.164479e-01 8.984419e-01 4.233698e-01 -1.931773e+01 0 3049350
-1.042686e+14 -4.979168e+13 -1.289116e+14 -1.903873e-01 -5.146398e-01 -8.360016e-01 2.355846e+01 0 19746396
-1.914959e+14 1.438613e+14 -1.632308e+13 -9.787620e-01 1.895313e-01 -7.812064e-02 -2.158348e+01 0 9644816
-3.866631e+13 7.306119e+13 1.589406e+14 -7.515228e-01 5.786294e-01 3.168621e-01 -2.218996e+01 0 7729647
1.381897e+14 2.213186e+13 9.663187e+13 9.910195e-01 -7.027666e-02 1.137607e-01 -4.641369e+00 0 122723
1.271941e+14 4.944128e+13 -1.007799e+14 6.535824e-02 9.954568e-01 -6.923869e-02 -2.110101e+00 0 4094653
2.206787e+13 -1.133398e+14 1.314442e+14 3.510431e-01 3.289074e-01 8.766919e-01 -1.358967e+01 0 2063581
-1.476306e+14 5.300979e+13 -9.020665e+13 -2.374100e-01 9.507690e-01 -1.991852e-01 -2.067548e+01 0 6291975
1.536773e+14 -7.413049e+13 3.834131e+13 3.517462e-01 -9.204519e-01 -1.704196e-01 -1.321902e+01 0 5368117
1.215939e+14 9.876116e+13 -6.618200e+13 -4.317747e-01 4.638493e-01 -7.735725e-01 -1.871772e+01 0 197769
3.029151e+13 1.553141e+14 -6.210095e+13 5.077952e-01 6.205377e-01 5.975592e-01 -1.025762e+01 0 3
8.253550e+13 1.617364e+14 2.792372e+13 1.981454e-01 7.336139e-01 -6.500377e-01 -1.791315e+01 0 2254709
1.559061e+14 3.712036e+13 6.700376e+13 2.687520e-01 6.070057e-01 7.478746e-01 -1.208680e+01 0 386096
-4.207022e+13 7.583171e+13 1.542860e+14 -4.712415e-01 6.089983e-01 6.380066e-01 -5.965571e+00 0 95411
1.639452e+14 -5.470704e+12 -4.398068e+13 8.847421e-01 -4.368735e-01 -1.623979e-01 -7.713505e+00 0 3259190
-2.493612e+13 5.934455e+13 1.571040e+14 2.058327e-01 7.026737e-01 6.810892e-01 -1.853362e+01 0 6759743
-2.508821e+13 3.426653e+13 1.725247e+14 -1.460795e-01 -6.154212e-01 7.745434e-01 -1.939773e+01 0 3917893
-7.726326e+13 -1.203695e+14 1.101914e+14 -3.166600e-01 -2.010834e-01 9.269800e-01 8.283028e+00 0 1737393
6.705305e+13 -8.215340e+13 -1.327383e+14 2.386429e-01 1.706068e-02 -9.709575e-01 -1.464459e+00 0 443000
1.493074e+14 1.549389e+13 8.299605e+13 4.073020e-01 -7.872701e-01 4.629372e-01 7.589324e+00 0 11659020
2.534338e+13 5.162261e+13 1.631022e+14 6.747276e-01 5.306078e-01 5.130283e-01 -1.163642e+01 0 2288532
1.354955e+14 -1.027938e+14 1.239445e+12 6.081564e-01 -4.325545e-01 6.656143e-01 9.270831e+00 0 4504369
1.204781e+14 1.250962e+14 -8.831703e+13 9.651955e-01 2.587006e-01 -3.836155e-02 -1.841075e+01 0 7776426
-1.112144e+14 -1.356270e+14 -2.581694e+13 -8.366925e-01 -3.293113e-01 -4.376068e-01 7.052806e+00 0 1473196
1.212815e+14 8.819642e+13 -8.644847e+13 -3.508459e-01 3.260408e-01 -8.778408e-01 1.099521e+01 0 9605330
1.292407e+14 -1.110907e+14 -2.668831e+13 6.704499e-01 -4.120662e-01 6.170075e-01 9.552070e+00 0 3273481
-1.245894e+14 1.104557e+14 -4.160051e+13 -8.348140e-01 4.991261e-01 2.322901e-01 -3.920405e+00 0 7088923
3.214497e+13 -1.159583e+14 -1.397099e+14 2.715009e-01 -8.419065e-01 -4.663483e-01 1.064066e+01 0 7208567
-4.910989e+13 1.386221e+14 -8.458352e+13 3.172161e-02 8.683916e-01 -4.948634e-01 1.667537e+00 0 2
-1.258495e+14 -1.062956e+14 -4.854657e+13 -2.812622e-01 -9.017446e-01 -3.282504e-01 -2.240783e+00 0 320623
-2.307353e+13 -7.195155e+13 1.565248e+14 -4.426229e-01 -2.470787e-02 8.963674e-01 6.718707e+00 0 7957661
-9.687084e+12 1.662754e+14 -3.221690e+13 -1.198150e-01 5.977275e-01 -7.926955e-01 -3.738324e-01 0 12226387
1.350519e+14 -1.088093e+14 -2.738426e+13 5.455502e-01 -8.051742e-01 -2.325283e-01 1.109248e+01 0 10873798
-1.350867e+14 6.137745e+13 -8.286892e+13 -5.552214e-01 7.579865e-01 -3.423239e-01 -1.214947e+01 0 1447123
1.059460e+14 -9.171666e+13 -9.623128e+13 -1.392713e-01 -8.002314e-01 -5.832952e-01 -2.148862e+01 0 4966906
-1.274395e+14 -7.501186e+13 -8.533003e+13 -9.181783e-01 -1.195432e-01 3.777010e-01 2.381256e+00 0 2444228
1.916633e+14 -6.350045e+13 4.415472e+12 8.401708e-01 3.186810e-02 5.413848e-01 -1.650598e+01 0 2067768
2.173641e+13 1.235067e+14 -1.256346e+14 7.360101e-01 3.596228e-02 -6.760147e-01 7.113790e+00 0 6627594
1.399423e+14 -7.193506e+13 -9.156588e+13 9.950893e-01 7.400528e-02 -6.573028e-02 1.799650e+01 0 6041302
-1.633260e+13 -1.216782e+14 -1.170254e+14 5.030870e-03 -8.640003e-01 -5.034661e-01 7.150831e+00 0 1557378
-1.251053e+14 -1.144687e+14 1.328830e+13 -5.940189e-01 -7.719934e-01 2.262030e-01 -1.117500e+01 0 11807244
7.178688e+13 1.415269e+14 -7.428604e+13 5.334056e-01 5.263034e-01 -6.621806e-01 1.122596e+01 0 90
-1.324898e+14 -1.054806e+14 2.717878e+13 -7.435121e-01 -6.664101e-01 5.556348e-02 1.482251e+01 0 11657516
9.101653e+13 3.527706e+13 1.654439e+14 8.223216e-01 -4.704324e-01 3.201258e-01 -1.824360e+01 0 4040198
1.023956e+14 -1.309365e+14 -4.437112e+13 6.626325e-02 -9.050753e-01 4.200570e-01 -1.125265e+01 0 2
-9.985464e+13 1.101234e+14 1.101578e+14 -7.197848e-01 3.735628e-01 5.851160e-01 1.620923e+01 0 14609598
1.597728e+14 -4.976133e+13 2.902755e+13 8.721102e-01 4.698594e-01 -1.365868e-01 1.218635e+00 0 60492
-5.698820e+12 2.693533e+13 -1.717263e+14 -3.105989e-01 -3.257240e-01 -8.929906e-01 9.925852e+00 0 473083
-1.430185e+14 7.108089e+13 -6.314533e+13 -9.832113e-01 9.286785e-02 -1.570703e-01 -8.162133e+00 0 157833
-1.282428e+14 -7.127266e+13 8.594740e+13 3.200019e-01 2.672762e-01 9.089347e-01 4.156789e+00 0 5310257
-1.548501e+14 8.057447e+13 9.967274e+13 -5.436193e-01 5.699142e-01 6.161784e-01 -1.577168e+01 0 24292792
7.265347e+13 1.292377e+12 -1.558673e+14 -1.165745e-02 6.136435e-01 -7.894972e-01 1.650249e+01 0 3109865
-7.291953e+13 1.089427e+14 -1.185076e+14 -6.509751e-01 4.099087e-01 -6.389103e-01 -1.135200e+01 0 2109781
4.102268e+13 -3.139366e+13 1.716600e+14 -4.784936e-01 -1.007272e-01 8.722946e-01 -8.105634e+00 0 6158344
-1.262750e+13 7.270292e+13 1.531206e+14 -6.867011e-01 2.219355e-01 6.922328e-01 -4.996581e-01 0 8129081
-6.715712e+13 -1.618663e+14 4.036426e+11 4.277097e-01 -6.645478e-01 6.127321e-01 2.662546e+01 0 2732304
-1.194806e+14 1.262253e+14 -1.786595e+13 -7.738968e-01 6.140710e-01 -1.549212e-01 1.109281e+01 0 1160263
1.431081e+14 1.070413e+14 -7.403550e+13 8.587686e-01 1.016024e-01 -5.021886e-01 -1.955225e+01 0 1791625
-1.279285e+14 -1.055877e+14 8.771768e+13 -2.572295e-01 -8.677302e-01 4.252967e-01 2.256630e+01 0 12468172
8.227413e+13 -6.182152e+13 1.679947e+14 -2.780401e-01 -3.012992e-01 9.120924e-01 1.617629e+01 0 469701
-4.685283e+13 -1.848759e+14 -1.173799e+14 1.090051e-01 -9.131181e-01 -3.928526e-01 2.902684e+01 0 5754887
-1.558892e+14 -9.930522e+13 -5.421931e+13 -7.780350e-01 6.444311e-03 -6.281879e-01 -1.330023e+01 0 3033185
4.928934e+13 1.533502e+14 5.438188e+13 -3.180086e-01 4.683127e-01 8.243505e-01 3.530924e+00 0 578078
-3.337599e+13 -1.933775e+14 1.191331e+13 1.783484e-01 -9.489044e-01 2.603310e-01 1.931556e+01 0 4649719
-1.073806e+14 -8.707590e+13 -1.416662e+14 -7.222088e-01 -6.899930e-01 -4.820977e-02 2.263117e+01 0 11247897
-1.105910e+14 7.525603e+13 -1.058939e+14 1.297805e-01 9.804741e-01 -1.477418e-01 5.756016e+00 0 10669030
4.062222e+13 2.616898e+13 1.637596e+14 6.152593e-01 -6.273392e-01 4.773903e-01 5.545755e+00 0 1555062
-1.017537e+14 1.135921e+14 -7.872051e+13 -5.421222e-01 7.103393e-01 4.489115e-01 -1.493007e+01 0 6415735
1.642728e+13 -1.503998e+14 -8.407009e+13 -4.740492e-01 -7.003262e-01 -5.336858e-01 -1.404293e+01 0 343310
1.460242e+14 -4.592284e+13 8.060989e+13 6.858690e-01 4.627901e-01 5.616129e-01 1.766981e+01 0 17471509
-5.627811e+13 4.259480e+13 -1.547772e+14 -3.135600e-01 7.454050e-01 -5.882615e-01 7.427499e+00 0 1576116
-1.625391e+14 -4.451354e+13 -3.634585e+13 -1.109070e-01 -5.587775e-01 -8.218682e-01 1.762802e+01 0 7137866
8.920257e+13 1.516703e+14 2.106960e+12 5.314300e-01 5.156282e-01 -6.720936e-01 9.810189e+00 0 7474096
8.738142e+13 -5.863547e+13 1.360760e+14 1.697177e-01 5.633651e-01 8.085887e-01 1.294624e+01 0 10454853
-3.480364e+13 1.624597e+14 -5.184362e+13 5.574909e-01 8.301668e-01 5.187875e-03 2.863381e+00 0 36534024
1.698078e+14 -1.459051e+13 1.092422e+13 8.396199e-01 3.880098e-01 -3.801142e-01 9.058292e+00 0 550952
1.880117e+13 -8.763930e+13 1.473765e+14 3.509283e-01 1.177152e-01 9.289739e-01 -3.668406e+00 0 5899709
-1.098891e+14 -9.855676e+13 -8.540421e+13 -5.712922e-01 -1.369346e-01 -8.092429e-01 -1.214806e+01 0 895477
-1.327941e+14 -7.233598e+13 8.096027e+13 -8.946125e-01 -1.618679e-01 4.164940e-01 3.426317e+00 0 653849
1.389904e+14 6.533252e+13 -8.428142e+13 9.336107e-01 2.543149e-01 -2.523786e-01 7.337998e+00 0 6892612
-1.130689e+14 1.189010e+14 -5.623906e+13 -7.102145e-01 5.286009e-01 4.649478e-01 -1.771179e+01 0 688727
-2.538617e+13 3.482543e+13 1.662372e+14 1.750985e-01 -6.287995e-01 7.575960e-01 4.545001e+00 0 341148
1.056116e+14 1.566498e+14 -1.367239e+13 -4.901103e-04 9.758766e-01 2.183224e-01 -8.946677e+00 0 8169874
1.288958e+14 1.099798e+14 8.891792e+12 8.190476e-01 4.956332e-01 2.889790e-01 3.150329e+00 0 4
-5.539569e+13 -7.894507e+13 1.400988e+14 -9.845121e-02 4.559262e-01 8.845556e-01 -6.104229e+00 0 760522
9.034650e+13 6.679273e+13 -1.276292e+14 4.676182e-02 -5.167037e-01 -8.548863e-01 8.319145e+00 0 4218573
-4.442266e+13 -1.661628e+14 -4.232063e+13 1.012167e-02 -6.748189e-01 7.379140e-01 -1.456243e+01 0 182646
-1.095546e+14 -1.300659e+14 -8.918394e+12 2.238194e-01 -6.400596e-01 7.350025e-01 -9.578086e-01 0 12253320
-1.258198e+14 -1.790520e+14 -6.596029e+13 -6.986083e-01 -6.154864e-01 -3.648601e-01 -2.184169e+01 0 1920299
1.231990e+14 -3.309606e+13 1.157655e+14 7.675716e-01 -2.775235e-01 5.777669e-01 -6.309617e+00 0 6316081
6.234974e+13 -1.182380e+14 1.304698e+14 8.263260e-01 -5.540787e-01 1.009062e-01 -9.560613e+00 0 1089377
-6.650829e+13 1.466274e+14 8.501280e+13 2.391954e-01 9.688801e-01 6.369418e-02 8.215426e+00 0 1661538
-1.630010e+14 -3.621057e+13 -3.399052e+13 -6.353277e-01 -9.256592e-02 -7.666748e-01 -1.065106e+01 0 10007557
3.969535e+12 -3.204616e+13 -1.877490e+14 9.161334e-03 -6.705798e-01 -7.417808e-01 -1.945709e+01 0 7031276
-1.331985e+13 -1.715089e+14 1.365394e+13 1.348439e-01 -9.732437e-01 -1.860478e-01 1.015832e+01 0 3382028
5.990655e+13 1.605338e+14 -1.215171e+13 3.350574e-01 9.287571e-01 -1.585774e-01 -1.119733e+01 0 4259593
1.594015e+14 -1.983063e+13 -5.985797e+13 4.736390e-01 -8.771375e-01 -7.934674e-02 7.711293e+00 0 4140977
-1.587674e+14 6.247628e+13 3.176637e+12 -8.287005e-01 2.608483e-01 -4.951906e-01 6.917655e+00 0 18780211
7.937696e+13 1.655743e+14 -5.259558e+12 8.113954e-02 9.906064e-01 -1.100695e-01 -1.109882e+01 0 8319533
1.558104e+14 6.662061e+13 2.512941e+13 7.929771e-01 5.296247e-01 3.011395e-01 1.125773e+01 0 1085569
-9.320188e+12 8.544237e+13 1.476608e+14 -4.200817e-01 1.879745e-01 8.878046e-01 1.295836e+01 0 116174
5.175154e+13 -1.719125e+14 -1.150406e+13 1.481530e-01 -9.657498e-01 2.130212e-01 1.044552e+01 0 706562
1.083283e+14 1.189718e+14 5.524913e+13 6.910254e-01 6.800735e-01 2.449160e-01 8.898279e+00 0 5618833
1.033876e+14 8.580403e+13 1.046062e+14 -1.080531e-01 4.436700e-01 8.896524e-01 -6.363866e+00 0 38307613
4.192604e+13 -1.346679e+14 9.547659e+13 9.030214e-01 -4.211510e-01 -8.475946e-02 -4.076129e+00 0 4299463
6.871362e+13 2.868696e+13 1.609252e+14 5.751218e-01 -6.696322e-01 4.699230e-01 1.649259e+01 0 8030432
-7.763453e+13 1.421038e+14 9.719817e+13 -4.882332e-01 4.843196e-01 7.259909e-01 1.820882e+01 0 4772186
3.836358e+13 1.333186e+13 1.671126e+14 -6.866206e-02 -3.473115e-01 9.352327e-01 -5.713320e+00 0 1768667
-5.132981e+13 -1.293931e+14 -9.955956e+13 6.907258e-01 -4.889409e-01 -5.327613e-01 2.965560e+01 0 11970309
3.909566e+13 -1.557224e+14 -5.657548e+13 7.036844e-02 -7.045076e-01 -7.061993e-01 -1.300975e+01 0 9568155
-1.236415e+14 1.168919e+14 -7.981767e+12 -1.897484e-01 9.289742e-01 -3.178089e-01 3.251613e+00 0 2480024
5.374662e+13 -5.275360e+13 -1.590786e+14 4.366198e-01 -2.231176e-01 -8.715398e-01 1.671585e+01 0 4152625
1.446974e+14 -6.477782e+13 7.886143e+13 6.315683e-01 2.901894e-01 7.189656e-01 -1.455225e+01 0 5188977
-1.359668e+14 -9.008560e+13 4.812338e+13 -6.900095e-01 7.279205e-02 -7.201307e-01 4.761436e+00 0 4081403
-9.416118e+13 6.163993e+13 1.276097e+14 -9.121214e-01 -1.343923e-01 3.872638e-01 -3.401087e+00 0 2287353
1.264468e+14 9.911133e+13 -5.677885e+13 4.045682e-01 8.531844e-01 3.292431e-01 -2.907216e+00 0 5016010
-1.223596e+14 9.667715e+13 7.216568e+13 -4.176623e-01 -1.654008e-01 8.934208e-01 -1.488217e+01 0 6420591
-1.374066e+14 7.033193e+13 -7.108632e+13 -8.423756e-01 -2.289968e-02 5.384040e-01 1.927464e+01 0 10367890
-1.221316e+14 -5.340345e+13 1.048803e+14 -6.268176e-01 -3.733205e-01 6.839090e-01 2.154118e+00 0 638
3.531898e+13 -1.006897e+13 -1.671774e+14 -7.022775e-01 2.908908e-01 -6.497606e-01 -7.018827e+00 0 2742489
-7.289523e+13 -7.763119e+13 1.344661e+14 -3.022675e-01 -3.126303e-01 9.004980e-01 -1.451239e+01 0 8255804
7.412912e+13 1.499219e+14 3.038385e+13 5.251151e-01 6.162290e-01 5.869548e-01 -7.790223e-01 0 1124751
-1.287668e+14 1.445903e+13 1.402843e+14 -7.740496e-01 -2.316238e-01 5.892347e-01 1.673048e+01 0 586816
1.737598e+13 1.399744e+14 -9.503004e+13 5.814812e-01 6.918219e-01 4.280912e-01 -1.038522e+01 0 594694
-1.522740e+14 6.854695e+13 4.044535e+13 -5.842910e-01 -3.891769e-01 7.121414e-01 1.284022e+01 0 19
1.053834e+14 -2.176524e+13 1.336185e+14 -4.980974e-01 4.011511e-01 7.687501e-01 1.941542e+01 0 276672
-6.290901e+13 1.061167e+14 -1.179794e+14 1.530069e-02 9.188785e-01 -3.942438e-01 2.119519e+00 0 5395625
1.403274e+14 -9.110687e+13 -9.874179e+13 4.284538e-02 -9.034186e-01 -4.266135e-01 -1.856079e+01 0 9389734
2.250488e+13 6.101896e+13 -1.595738e+14 4.308482e-01 -2.983746e-01 -8.516704e-01 1.102769e+01 0 4308569
-4.891113e+13 -6.289384e+13 -1.502662e+14 -3.309507e-01 -8.037604e-01 -4.944097e-01 -8.916261e+00 0 342911
-9.276217e+13 -1.105374e+13 1.504975e+14 -9.332676e-01 6.659368e-02 3.529545e-01 9.615293e+00 0 9281106
-1.130261e+14 1.258957e+14 -4.910045e+13 -3.441913e-01 -2.542968e-01 -9.038061e-01 2.200352e+01 0 467194
-8.760144e+13 1.452680e+14 -5.408546e+13 8.718829e-02 9.920649e-01 -9.058398e-02 -2.069654e+01 0 7515754
-9.279015e+13 1.406473e+14 2.677136e+13 -8.242044e-01 3.441814e-01 4.496958e-01 -3.983738e+00 0 2531474
-1.490657e+14 -5.134101e+13 6.593554e+13 -9.686666e-01 -2.054655e-01 -1.395313e-01 5.264957e+00 0 56746
-1.393263e+14 -9.494991e+12 -1.088757e+14 8.595637e-02 1.380774e-02 -9.962032e-01 -1.496869e+01 0 8079415
-7.736099e+13 -7.393980e+13 1.499001e+14 2.581377e-01 -6.850596e-01 6.812182e-01 2.663112e+01 0 11261006
-5.670191e+13 1.502092e+14 8.321863e+13 -4.984663e-01 2.909628e-01 8.166223e-01 2.074930e+01 0 1458314
2.170613e+12 -1.620000e+14 -7.266025e+13 -3.914348e-01 -9.079576e-01 -1.496391e-01 -2.217243e+01 0 12067114
7.217181e+12 -4.340780e+13 -1.795267e+14 4.385013e-01 -5.196966e-01 -7.332340e-01 1.478794e+01 0 1519287
4.003355e+13 -5.540136e+13 1.586513e+14 2.584921e-01 4.637895e-01 8.473967e-01 9.733223e+00 0 1524639
1.239113e+14 -4.938822e+13 -1.116981e+14 7.621268e-01 -5.121048e-01 -3.961203e-01 1.271267e+01 0 11266000
8.452710e+12 9.766118e+13 -1.385951e+14 7.430679e-01 4.866505e-01 -4.593706e-01 5.166935e-01 0 2630288
-1.695449e+14 -2.795813e+12 1.167114e+13 -8.140457e-01 -1.428700e-01 5.629545e-01 -1.342755e+01 0 1827555
4.712990e+12 7.240178e+13 1.586252e+14 6.140411e-01 -3.688735e-01 6.977721e-01 -1.146590e+01 0 1563085
-1.503301e+14 8.285973e+13 4.571910e+13 -6.660711e-01 4.207542e-01 6.158857e-01 7.220677e+00 0 5618330
1.415661e+14 9.608353e+12 -1.051025e+14 6.014430e-03 -5.589742e-01 -8.291632e-01 1.000935e+01 0 1777718
-1.540820e+14 1.875751e+13 -7.001404e+13 -7.927425e-01 -5.876393e-01 1.619855e-01 1.004750e+01 0 2115682
8.268941e+13 9.616623e+13 -1.154028e+14 6.702075e-01 6.766297e-01 -3.049493e-01 -9.097969e+00 0 755520
1.131038e+14 9.350247e+13 -1.013556e+14 9.091898e-01 3.953158e-01 -1.307640e-01 -1.249157e+01 0 1785672
1.508423e+14 -2.048091e+13 7.829683e+13 1.654698e-01 -7.483398e-01 6.423452e-01 1.721561e+00 0 1000805
1.410434e+14 6.591281e+13 -9.267878e+13 8.321504e-01 5.538078e-01 2.868162e-02 -1.535997e+01 0 57328
-9.238232e+13 1.406179e+14 -4.384143e+13 -3.881101e-01 7.110443e-01 -5.863331e-01 -6.627838e+00 0 2361638
-1.289192e+14 -4.606900e+13 1.006539e+14 -8.396263e-01 5.192127e-01 1.595175e-01 9.061276e+00 0 9847155
5.927864e+13 1.504715e+14 -5.138923e+13 8.161165e-01 5.040053e-01 2.827235e-01 -1.300058e+01 0 417172
-5.774727e+13 1.312043e+14 9.587343e+13 -7.873115e-01 3.278679e-01 5.221525e-01 1.257934e+01 0 24886971
1.056435e+14 1.082540e+14 -7.739378e+13 4.220337e-01 2.769055e-01 -8.632560e-01 1.044974e+00 0 397377
-2.097849e+13 -7.659147e+13 1.524819e+14 8.557701e-01 -1.478284e-01 4.957866e-01 2.145928e+01 0 3668120
4.927855e+13 -1.098407e+14 1.347637e+14 -8.914051e-02 -4.671324e-01 8.796825e-01 -2.237816e+01 0 4783384
5.166058e+13 -1.334137e+14 1.212363e+14 -2.769098e-01 -8.897302e-01 3.629066e-01 7.539219e+00 0 7732137
-1.067344e+14 -1.355124e+14 -2.430274e+13 -7.756099e-01 -6.311988e-01 4.168501e-03 8.038909e+00 0 8237445
-4.434263e+13 1.488135e+14 7.116482e+13 -7.301530e-01 6.183506e-01 2.907217e-01 2.019628e+01 0 2507155
2.028632e+13 1.688828e+14 -3.449027e+13 -1.848210e-01 9.777086e-01 9.963515e-02 -6.569960e+00 0 3981461
-7.678420e+13 -1.545503e+14 1.182249e+13 8.284125e-02 -9.945804e-01 -6.282578e-02 1.313485e+01 0 1906220
-5.961415e+13 1.550750e+14 3.948004e+13 -4.291921e-01 5.622973e-01 7.068352e-01 -5.662663e+00 0 264694
-4.837713e+13 2.364718e+13 -1.634654e+14 -5.240330e-01 -2.693890e-01 -8.079721e-01 7.786238e+00 0 2531088
-7.869516e+13 -1.382874e+14 -8.745391e+13 -7.279223e-01 -5.989497e-01 -3.337489e-01 2.249179e+01 0 10821040
-7.496395e+12 -1.628052e+14 -4.764275e+13 2.416572e-01 -7.080429e-01 -6.635338e-01 6.038447e+00 0 302370
1.599763e+13 1.492191e+14 -8.341899e+13 7.653395e-01 4.983621e-01 -4.072968e-01 -1.137446e+01 0 7109020
2.544611e+13 8.624675e+13 -1.580942e+14 -3.251551e-01 3.653362e-01 -8.722406e-01 1.028112e+01 0 5386432
-5.750131e+13 -8.893462e+13 1.329720e+14 -2.341655e-01 1.694337e-01 9.573185e-01 -5.119364e+00 0 20379294
-1.895620e+14 1.489434e+13 -5.838947e+13 -9.727905e-01 9.164720e-02 2.127895e-01 -1.278647e+01 0 854107
-7.345191e+13 1.428076e+14 6.197483e+13 -5.203198e-01 8.072488e-01 2.785978e-01 -4.384344e+00 0 756070
1.524052e+14 7.709858e+13 4.324575e+12 9.238681e-01 2.971956e-01 -2.411276e-01 -1.151662e+01 0 14832404
-1.729882e+13 -1.596928e+14 -5.799331e+13 -4.419575e-01 -8.966910e-01 2.487445e-02 2.694612e+00 0 8860915
1.242012e+14 -3.348420e+13 1.120139e+14 1.469441e-01 -5.363298e-02 9.876897e-01 -4.100738e+00 0 2430607
5.413560e+13 1.100709e+13 1.647267e+14 -4.151241e-02 6.658090e-01 7.449665e-01 -9.658368e+00 0 232205
1.738222e+14 1.877041e+13 -3.909748e+13 7.561521e-01 4.891578e-01 -4.346938e-01 1.105151e+01 0 113684
5.279438e+13 1.779229e+14 4.394957e+13 3.330140e-01 9.038349e-01 2.686709e-01 1.013963e+01 0 478099
-7.603117e+12 -1.231467e+14 1.173410e+14 -2.055632e-01 -2.767167e-01 9.387074e-01 -6.497263e+00 0 4222891
8.296023e+13 1.108849e+14 1.077382e+14 7.317156e-03 9.058603e-01 -4.235133e-01 2.043893e+01 0 4005751
1.597710e+14 6.690161e+13 -6.476757e+12 6.582044e-01 7.268799e-01 -1.959913e-01 1.682846e+01 0 13970083
-1.494317e+14 -6.299059e+13 5.309133e+13 -7.276590e-01 -5.666988e-01 3.864776e-01 -2.722505e+00 0 9191550
1.270209e+14 -1.204954e+14 2.544265e+13 9.236812e-01 -2.660481e-01 2.757381e-01 1.408285e+01 0 12894293
3.301535e+13 -1.171961e+14 1.189780e+14 -7.437487e-01 -6.421821e-01 1.855800e-01 3.041023e+00 0 2883883
-1.542573e+14 3.253587e+13 -6.423301e+13 -8.500861e-01 -4.838252e-01 2.080067e-01 -1.501175e+01 0 287261
1.341463e+14 4.313574e+13 -9.955935e+13 1.907661e-01 9.758972e-01 -1.059853e-01 1.944393e+01 0 446514
-1.584940e+14 -6.348196e+13 7.641641e+12 -6.216179e-01 -4.923337e-01 -6.092607e-01 6.244151e+00 0 8352388
1.172606e+14 -1.672337e+14 -6.998497e+12 7.168978e-01 -6.345160e-01 2.888718e-01 -1.356664e+01 0 11663795
1.989717e+13 1.074248e+13 -1.683578e+14 -7.564850e-01 1.794523e-01 -6.289096e-01 -3.861070e+00 0 3045743
-1.568024e+14 -6.294662e+13 2.604770e+13 -9.554191e-01 2.131152e-01 2.043434e-01 1.928898e+00 0 1059639
3.991260e+13 -1.522149e+14 6.366736e+13 -1.108983e-01 -6.236241e-01 7.738181e-01 -6.193816e+00 0 1
2.845624e+13 1.613787e+14 -6.503414e+13 5.750840e-01 8.176078e-01 2.821133e-02 1.265549e+01 0 12747653
-1.789118e+13 1.939284e+11 1.725787e+14 3.375804e-01 -2.499627e-01 9.075010e-01 1.168700e+01 0 1714447
-1.089723e+14 1.042943e+14 -7.911491e+13 -9.364393e-01 -2.057981e-01 -2.841277e-01 -2.432874e+00 0 215638
-5.015410e+13 -4.827821e+13 -1.867193e+14 -3.593770e-02 -8.260457e-01 -5.624563e-01 -1.628279e+01 0 7788304
6.405377e+13 1.088915e+14 1.157494e+14 -1.781671e-01 3.393111e-01 9.236474e-01 1.719101e+01 0 3338294
-1.457990e+13 -6.159195e+13 -1.584415e+14 -3.073135e-01 -2.812704e-02 -9.511925e-01 -1.082236e+01 0 5885946
7.253591e+13 -7.511492e+13 1.341154e+14 7.367937e-01 -6.548555e-01 1.682237e-01 1.160701e+01 0 5712619
1.520024e+14 -6.189177e+13 -4.490087e+13 -1.869800e-02 -9.943053e-01 -1.049157e-01 5.780450e+00 0 1856021
1.572182e+14 -5.985819e+13 -2.507887e+13 -2.615114e-01 -8.555505e-01 -4.468167e-01 -1.891028e+01 0 1386901
-3.099557e+13 1.600858e+14 8.030863e+13 -5.236659e-01 6.737530e-01 5.213740e-01 -1.080647e+01 0 12787843
1.590100e+14 -5.792562e+13 -1.191657e+13 6.926262e-01 -1.182529e-01 -7.115372e-01 8.915886e+00 0 19817998
-7.323590e+13 -1.591218e+14 1.779719e+13 -7.785961e-01 -5.864083e-01 -2.234132e-01 5.444633e+00 0 1330196
-7.550514e+13 1.368254e+14 6.735570e+13 -9.338565e-01 2.584586e-01 2.472066e-01 -3.358797e+00 0 8552
1.650710e+14 -3.789452e+13 -6.741220e+13 7.846887e-01 -3.208541e-01 5.303926e-01 7.239428e+00 0 5670489
1.107825e+14 -3.917952e+13 -1.614464e+14 1.085540e-01 -1.852175e-01 -9.766834e-01 -2.243455e+01 0 1493985
-8.957375e+13 -3.515296e+13 1.632732e+14 -6.977016e-01 2.826205e-01 6.582842e-01 1.091100e+01 0 9236926
1.922076e+13 -1.434693e+14 9.076143e+13 -6.929655e-01 -6.520141e-01 3.076955e-01 -1.267419e+01 0 718769
-1.660510e+14 -5.173445e+13 -1.621310e+13 -7.669333e-01 4.021829e-01 -5.000622e-01 5.359768e+00 0 23
-6.668837e+13 -2.451730e+13 -1.602290e+14 -5.573835e-01 -2.271657e-01 -7.985734e-01 6.645811e+00 0 1461314
-8.472950e+13 -3.464573e+12 -1.476256e+14 -9.448929e-01 3.101568e-01 1.047865e-01 -1.734028e+01 0 2114843
-1.542276e+14 8.705974e+13 3.668784e+13 -7.874194e-01 5.993746e-01 1.439474e-01 -1.666615e+01 0 19169477
-1.460786e+14 2.670488e+13 8.206294e+13 -7.640102e-01 -6.452022e-01 -1.582227e-03 1.260269e+01 0 354123
3.818247e+13 1.724944e+14 -5.080972e+12 2.974683e-01 7.468678e-01 5.947277e-01 -1.490191e+01 0 4373032
-9.426029e+13 1.359494e+14 4.857566e+13 -1.987089e-01 6.008654e-01 7.742581e-01 -1.143607e+01 0 1218370
-1.053301e+14 1.416509e+12 -1.339138e+14 -4.377712e-02 -1.117392e-01 -9.927728e-01 -6.687637e+00 0 19544614
-8.250458e+13 -5.675827e+12 1.520951e+14 -7.716785e-01 -5.599831e-01 3.015480e-01 -7.312466e+00 0 8399548
-1.786432e+14 4.214857e+13 2.901541e+13 -8.512337e-01 -5.174236e-01 8.760138e-02 2.114152e+01 0 1445879
1.064392e+14 1.222844e+14 -4.989119e+13 5.278675e-01 1.335380e-01 8.387631e-01 5.684680e+00 0 260682
-1.278129e+14 -9.915462e+13 5.597235e+13 -5.900173e-01 -7.216747e-01 3.620293e-01 7.545906e+00 0 3
-1.161546e+14 7.273765e+13 -1.038733e+14 -2.081217e-01 6.478021e-01 -7.328287e-01 4.377709e+00 0 7654930
1.426170e+14 -6.275639e+13 -6.850357e+13 7.704538e-01 1.400569e-01 6.219204e-01 -5.139217e+00 0 7994676
-7.326859e+13 -1.081379e+14 1.090534e+14 1.635410e-01 -9.840404e-01 7.013387e-02 1.550780e+01 0 546785
1.653183e+14 3.934898e+13 3.056719e+11 6.198629e-01 1.231994e-01 7.749787e-01 6.211721e+00 0 6673516
-2.661803e+13 -1.198185e+14 1.172267e+14 8.432088e-01 -5.238644e-01 -1.206854e-01 1.072464e+01 0 17555367
2.926804e+13 1.447610e+14 -8.340996e+13 2.108940e-01 7.551887e-01 -6.206559e-01 2.255911e+01 0 1681330
1.120542e+14 4.197906e+13 -1.219348e+14 5.614365e-01 2.515733e-01 -7.883527e-01 7.907022e+00 0 831226
1.690643e+14 2.479676e+13 -9.983705e+12 8.304453e-01 -2.969821e-01 -4.713409e-01 5.390856e+00 0 12941287
-7.941009e+13 9.162779e+13 -1.188781e+14 -9.940900e-01 8.029931e-02 -7.305501e-02 1.537416e+01 0 3006954
-2.313896e+12 -1.738446e+14 7.494624e+13 1.701683e-01 -9.789660e-01 1.125540e-01 1.837327e+01 0 2141008
2.221958e+13 -7.238834e+12 -1.731570e+14 1.963270e-01 -4.368851e-01 -8.778309e-01 1.984433e+01 0 5658901
-9.820709e+13 -1.046989e+14 -9.186244e+13 -1.188743e-01 -1.413481e-01 -9.827968e-01 7.399492e+00 0 2495000
-7.306234e+13 3.150871e+13 1.680056e+14 -6.273839e-02 7.324617e-01 6.779113e-01 1.553825e+01 0 10240624
6.107855e+13 -1.084218e+14 -1.157164e+14 2.303851e-01 -9.420210e-01 -2.439653e-01 5.662888e+00 0 5583887
-1.207953e+14 1.191110e+14 -2.959241e+12 -9.570386e-01 2.622472e-01 -1.237077e-01 1.389834e+00 0 138216
-3.778023e+13 5.251412e+13 -1.578133e+14 3.022237e-01 5.574025e-01 -7.732809e-01 1.129932e+01 0 9577946
-1.426807e+14 -1.262843e+14 -5.209000e+13 -4.725376e-02 -6.433453e-01 -7.641164e-01 -8.932299e+00 0 11084491
9.418072e+13 -5.451515e+13 1.307789e+14 3.698826e-01 6.236069e-01 6.886953e-01 -6.615353e+00 0 8127012
-5.806545e+13 1.578149e+14 2.300182e+13 3.426490e-01 7.363421e-01 -5.834312e-01 -1.190715e+01 0 1618466
1.416844e+14 3.716368e+12 9.333967e+13 -2.547004e-01 -1.792471e-01 9.502622e-01 1.541569e+01 0 5479952
-5.108732e+13 5.452717e+13 1.716819e+14 -4.371217e-01 1.002612e-01 8.937966e-01 1.872119e+01 0 12599363
-1.170638e+14 -2.910368e+13 -1.197966e+14 2.058647e-01 3.995912e-01 -8.932785e-01 -6.226416e+00 0 3
1.648885e+14 3.752943e+13 6.809614e+13 9.550029e-01 5.752435e-02 -2.909646e-01 -1.406582e+01 0 8453960
1.693376e+13 -5.823551e+12 1.748152e+14 5.430056e-01 -4.329371e-01 7.195210e-01 1.624749e+01 0 22037040
5.224807e+13 -1.610824e+14 3.608174e+13 2.611140e-01 -9.520479e-01 -1.594498e-01 1.287649e+01 0 344418
2.844881e+12 -1.350829e+14 -1.062948e+14 -9.557004e-02 -1.012116e-01 -9.902639e-01 1.910181e+01 0 1451837
3.563662e+13 -1.643668e+14 -2.220286e+13 7.072242e-01 -7.037399e-01 6.770543e-02 1.014382e+01 0 5025046
2.556267e+13 -6.097771e+13 -1.597425e+14 6.401418e-01 1.458646e-01 -7.542824e-01 -1.080976e+01 0 15722169
1.274038e+14 -1.186690e+14 5.479924e+13 9.657390e-01 -9.142916e-02 2.428763e-01 -7.134435e+00 0 12231807
-1.408026e+14 -6.469688e+13 6.933724e+13 -4.720881e-02 -4.869286e-01 8.721651e-01 1.999075e+01 0 578571
-1.520980e+14 -7.997658e+13 -7.667979e+13 -9.478379e-01 2.847536e-02 -3.174784e-01 9.739126e+00 0 31417362
1.085588e+14 7.096601e+13 1.107536e+14 2.567331e-01 9.651188e-01 -5.132139e-02 -5.107784e+00 0 2709626
2.428908e+13 -1.136670e+14 -1.448189e+14 2.476149e-01 -2.452116e-01 -9.373143e-01 1.689128e+01 0 3444649
-8.805874e+13 7.364837e+13 1.419348e+14 -8.971064e-01 4.186204e-01 -1.412693e-01 -1.659750e+01 0 18593223
-2.025085e+13 -1.556451e+14 7.054948e+13 -6.221404e-01 -2.762615e-01 7.325441e-01 6.889226e+00 0 380971
-1.860516e+13 -4.246638e+13 1.655180e+14 -2.346859e-02 3.330132e-01 9.426301e-01 -1.170052e+01 0 4625450
1.629796e+14 -1.072916e+13 6.434487e+13 5.652015e-01 -2.847228e-01 7.742610e-01 -9.972901e+00 0 2254034
8.740939e+13 9.988284e+13 1.058293e+14 -9.786725e-03 -2.305012e-01 9.730228e-01 1.698736e+01 0 1588406
1.118488e+14 -4.584551e+13 -1.243381e+14 5.447986e-02 -9.937354e-01 9.758032e-02 7.681973e+00 0 6102796
-1.437508e+13 1.117563e+13 -1.702862e+14 4.888630e-01 -1.313588e-01 -8.624139e-01 1.337322e+01 0 539286
8.048295e+13 -1.181749e+14 9.687033e+13 -1.821153e-03 -9.811628e-01 1.931743e-01 -1.591727e+01 0 5058408
9.261167e+13 9.993547e+13 1.045054e+14 6.460473e-01 2.156567e-02 7.629927e-01 8.580067e+00 0 1278809
-3.349431e+13 -6.015060e+13 -1.580457e+14 -1.759148e-01 -1.700211e-01 -9.696117e-01 -8.607351e+00 0 1014265
6.240254e+12 -1.634297e+14 -6.791083e+13 7.743678e-01 -5.390053e-01 3.314029e-01 2.558511e+01 0 4456757
1.766264e+14 1.977493e+13 3.412087e+13 8.635554e-01 -5.041682e-01 -9.304362e-03 3.557188e+00 0 6193550
2.431118e+13 1.401787e+14 -1.010391e+14 4.310829e-01 7.904762e-01 -4.351033e-01 -8.559609e+00 0 481260
1.292546e+14 -1.244489e+14 -1.722286e+13 5.129127e-01 -4.717501e-01 -7.171977e-01 2.425579e+01 0 312112
-4.512719e+13 1.538178e+14 1.649038e+14 3.452133e-01 7.442737e-01 5.717380e-01 1.259783e+01 0 2773941
4.031728e+13 1.246919e+14 -1.076927e+14 -8.741250e-01 4.845158e-01 -3.391048e-02 5.720431e-01 0 1
-1.976680e+14 -1.923357e+14 1.373018e+14 -5.185847e-01 -5.172939e-01 6.807913e-01 2.163407e+01 0 8373935
-2.378905e+13 -7.406868e+13 1.540031e+14 5.788410e-01 -6.284982e-01 5.195509e-01 9.892446e+00 0 1006182
-6.131417e+12 1.430269e+14 9.182382e+13 4.656141e-01 1.393718e-01 8.739445e-01 6.322450e+00 0 12921679
-1.891782e+14 6.782925e+12 3.109234e+13 -8.205799e-01 5.404694e-01 -1.858533e-01 -1.876743e+01 0 10290374
9.439251e+13 3.957545e+13 1.742711e+14 2.920423e-01 5.638370e-01 7.725278e-01 -7.173016e+00 0 1931544
8.834828e+13 -4.852922e+13 1.364758e+14 1.213949e-01 4.635588e-01 8.777110e-01 -9.968927e+00 0 1479626
1.585274e+14 -3.056439e+13 5.768874e+13 8.015603e-01 -3.428301e-01 4.898658e-01 2.860704e+00 0 1308885
-9.741597e+12 8.294181e+13 1.558138e+14 -7.930502e-02 -2.139933e-02 9.966207e-01 -5.821146e+00 0 10148720
1.714998e+14 -3.548125e+13 -8.927128e+12 2.397782e-01 -4.643657e-01 8.525672e-01 -3.316890e+01 0 4211712
-5.343870e+13 1.575929e+14 4.393638e+13 -8.038033e-01 1.436789e-01 5.772839e-01 9.857513e-01 0 165521
-8.628799e+13 1.505460e+13 -1.453329e+14 1.379151e-01 -8.292218e-01 -5.416369e-01 9.442620e+00 0 1728622
4.166100e+13 1.075796e+14 1.247052e+14 7.631198e-01 5.863914e-01 -2.716492e-01 4.140798e+00 0 629694
-4.818500e+13 4.253933e+13 -1.571246e+14 5.511057e-01 5.476705e-01 -6.295550e-01 3.429141e+00 0 499160
-1.820505e+14 1.741555e+13 9.546819e+12 -7.491149e-01 -2.153562e-01 6.264571e-01 -1.046869e+01 0 482455
1.289049e+14 9.786517e+13 -5.086679e+13 1.754891e-01 9.642364e-01 1.986248e-01 2.002359e+01 0 9092810
-1.733907e+14 -2.919726e+13 -2.294192e+12 -8.049219e-01 3.154760e-01 5.025690e-01 -1.818068e+01 0 253672
-1.752304e+14 5.930510e+13 -4.265605e+13 -8.328671e-01 -4.835671e-01 2.692494e-01 1.747023e+01 0 6712478
-7.660342e+13 5.703132e+13 -1.510332e+14 -4.351579e-01 8.183937e-01 -3.753256e-01 9.367766e+00 0 8325669
-5.707813e+13 1.587622e+14 2.216100e+13 -4.213013e-01 7.512499e-01 5.080637e-01 1.023307e+01 0 1247342
1.237137e+14 3.864694e+13 1.179397e+14 3.765664e-01 -6.896829e-01 6.184944e-01 -2.574073e+01 0 3942438
-9.412329e+13 -5.664883e+12 1.501197e+14 -8.488635e-01 -3.923721e-01 3.542244e-01 -1.138042e+01 0 8747554
-7.865682e+13 4.941054e+13 -1.467654e+14 -5.811071e-01 -3.314965e-01 -7.432527e-01 -7.160417e+00 0 1154434
-2.986485e+13 -1.172094e+14 1.196964e+14 4.485228e-01 -7.550901e-01 -4.781907e-01 -1.749518e+01 0 1136156
-1.250233e+14 4.491096e+13 1.056597e+14 -6.110365e-01 7.802724e-01 1.334518e-01 9.245662e-02 0 7580104
3.344341e+13 1.495752e+14 8.474290e+13 -2.244389e-01 3.988015e-01 8.891482e-01 -1.215729e+01 0 777686
1.010423e+14 1.032428e+14 9.670862e+13 6.305609e-02 -6.108743e-02 9.961387e-01 1.162848e+01 0 4389919
1.781999e+13 7.432784e+13 2.022400e+14 4.160712e-01 2.996370e-01 8.585467e-01 -1.809766e+01 0 2689920
-5.783825e+12 -1.207760e+14 1.303203e+14 -5.630800e-01 -8.533641e-02 8.219846e-01 -1.739676e+01 0 11027446
-9.647284e+13 -2.903372e+13 -1.507489e+14 -8.442527e-01 -4.221956e-01 -3.301338e-01 1.483174e+01 0 1931618
8.060708e+13 -1.404708e+14 6.501354e+13 1.455361e-01 -6.425884e-01 7.522629e-01 -1.009432e+01 0 835141
-4.910685e+13 5.631378e+13 -1.530784e+14 2.343735e-02 -3.909541e-01 -9.201117e-01 -1.540890e+01 0 6979568
4.270217e+13 -1.649095e+14 -7.793095e+12 -9.204930e-02 -9.458923e-01 3.111507e-01 -1.089806e+01 0 2638290
-3.520065e+13 8.388778e+12 -1.657939e+14 -7.488601e-02 4.414077e-01 -8.941764e-01 -6.174101e+00 0 1960189
-2.400032e+13 -1.127422e+14 1.253922e+14 -2.960721e-01 -6.563447e-01 6.939401e-01 4.161858e+00 0 70044
-3.666681e+13 -1.378804e+14 1.060883e+14 -4.944964e-01 -5.304343e-01 6.885584e-01 6.982782e+00 0 893228
-1.627342e+12 -1.790909e+14 -5.361319e+13 -1.521514e-01 -9.760598e-01 1.554258e-01 9.194430e+00 0 4951442
-6.197300e+13 -1.273859e+13 1.582384e+14 -8.296704e-01 -2.095972e-01 5.174128e-01 -1.601571e+01 0 606296
-4.895756e+13 -1.456186e+14 -7.222837e+13 4.410057e-01 -5.361863e-01 -7.197348e-01 6.880755e+00 0 3283633
-9.979287e+13 -6.114476e+13 -1.338793e+14 -1.965424e-01 -2.840573e-02 -9.800838e-01 1.131803e+01 0 93891
1.380575e+13 -9.694177e+13 1.442648e+14 -2.954818e-01 -4.096919e-01 8.630429e-01 -1.861311e+01 0 4606514
-1.372679e+14 -9.388706e+13 3.391438e+13 -5.004683e-01 -6.895272e-01 -5.235300e-01 -1.651884e+01 0 3440389
6.926109e+13 -1.838751e+14 5.878414e+13 6.359319e-01 -6.289924e-01 4.471678e-01 -1.244049e+01 0 14695057
-4.890465e+13 -2.558525e+12 1.653251e+14 -6.643371e-01 -4.395854e-01 6.045006e-01 -1.493538e+01 0 11663053
7.839653e+13 1.289801e+14 7.767144e+13 -5.192777e-01 6.938077e-01 4.989806e-01 1.821559e+01 0 13047176
9.452910e+13 1.789970e+13 -1.431040e+14 -1.077751e-01 4.808181e-01 -8.701716e-01 1.903541e+01 0 25449168
1.224689e+14 -3.837663e+13 -1.170287e+14 1.053568e-01 2.563233e-01 -9.608321e-01 2.355756e+01 0 10668796
-4.117743e+13 1.427026e+14 -8.249460e+13 -9.644240e-01 4.012593e-02 -2.612973e-01 1.444445e+01 0 1038092
-8.021354e+13 -5.521223e+12 -1.494931e+14 3.116562e-01 5.580571e-01 -7.690531e-01 -5.533164e+00 0 80878
5.311830e+13 -9.993816e+13 1.264358e+14 -3.852934e-01 -5.951053e-01 7.052650e-01 1.862623e+00 0 19084504
1.372460e+13 9.412386e+13 1.486017e+14 1.753545e-02 4.039668e-01 9.146055e-01 -1.114785e+01 0 142774
-1.086485e+14 -2.815897e+13 1.293688e+14 -9.707452e-01 -2.282285e-01 7.460247e-02 1.048508e+01 0 1046352
-1.367731e+14 9.860761e+13 1.130563e+14 -4.075742e-01 8.274415e-01 3.862950e-01 9.792526e+00 0 17408203
1.358071e+14 1.042647e+14 -1.145664e+12 8.532522e-01 1.517700e-01 4.989254e-01 7.667678e-01 0 928048
-1.762919e+14 -3.974268e+13 3.644416e+13 -9.264540e-01 1.881259e-01 3.260240e-01 1.331653e+01 0 5397703
-1.442143e+14 4.444460e+13 7.810265e+13 -4.859552e-01 -8.624526e-01 -1.415030e-01 -6.892186e+00 0 313302
-1.103482e+14 4.849719e+13 1.252809e+14 -1.385055e-01 3.637107e-01 9.211573e-01 8.890882e+00 0 1403855
-6.732854e+13 1.578634e+14 -1.204928e+12 -4.795761e-01 8.774683e-01 -7.492186e-03 -1.489323e+01 0 3196727
1.502334e+14 -7.978915e+13 -1.241157e+13 9.857827e-01 1.268952e-01 1.101366e-01 1.258531e+01 0 3347002
-4.728783e+13 5.170957e+13 -1.564267e+14 -8.031339e-01 1.104493e-01 -5.854714e-01 8.985437e+00 0 17595662
1.421065e+14 1.065750e+13 -9.869568e+13 9.572979e-01 -1.874769e-01 -2.200754e-01 -1.219425e+01 0 35024798
-1.645070e+14 -4.982309e+13 1.162253e+12 -9.708274e-01 -1.627197e-01 1.761150e-01 -1.660095e+01 0 933564
8.055484e+13 -1.395753e+14 6.829078e+13 4.192634e-01 -9.009133e-01 1.121313e-01 1.399716e+01 0 2658183
6.406232e+13 3.695309e+13 1.555011e+14 6.924976e-01 6.311132e-01 3.494899e-01 -1.370214e+01 0 520573
7.902082e+13 -1.443083e+14 -4.677722e+13 6.007114e-01 4.256113e-02 -7.983322e-01 -3.020301e+00 0 197356
4.002013e+13 3.563109e+13 1.886840e+14 2.512290e-01 -7.339273e-02 9.651412e-01 -1.571970e+01 0 8506818
9.533039e+13 7.787144e+13 1.190693e+14 2.451292e-01 7.909078e-01 5.606929e-01 1.218343e+01 0 4121330
-1.769359e+14 -3.073134e+13 2.881016e+13 -7.234191e-01 1.098774e-01 -6.816097e-01 -1.572356e+01 0 1842874
-1.524113e+14 -7.455001e+13 -2.813209e+13 -8.626363e-01 -4.996664e-01 -7.868977e-02 1.267366e+01 0 1582826
-7.477000e+13 -1.031372e+14 -1.125476e+14 -9.789153e-01 -2.764483e-02 2.023874e-01 -8.952907e+00 0 1216101
-1.504509e+14 -5.269148e+13 -9.882845e+13 -1.928028e-01 1.496864e-01 -9.697531e-01 -1.925824e+01 0 1692905
1.720349e+14 -2.840798e+13 -1.779410e+13 2.659767e-01 -8.728405e-01 -4.091526e-01 3.265655e+00 0 871497
-1.846583e+13 1.476965e+14 8.158129e+13 3.616704e-01 9.250082e-01 1.164233e-01 4.508365e+00 0 4740688
1.308415e+14 -7.579496e+12 -1.124800e+14 -1.665755e-01 -4.263376e-01 -8.890944e-01 -1.621529e+01 0 6407927
-1.200156e+14 1.120958e+14 4.487450e+13 4.677470e-02 6.704717e-01 7.404592e-01 9.658955e+00 0 83420
1.574919e+14 -1.623897e+13 8.509373e+13 8.041099e-01 3.919317e-01 4.469864e-01 -1.162591e+01 0 1110080
-1.302752e+14 9.617049e+13 5.186247e+13 -9.724749e-01 8.784409e-02 -2.158147e-01 -8.690478e+00 0 571719
3.944537e+13 5.680307e+13 1.931241e+14 6.787290e-01 5.609449e-01 4.739914e-01 -1.561409e+01 0 9545745
-1.297438e+14 7.733517e+13 7.998085e+13 -9.559799e-01 3.448858e-02 2.913984e-01 -2.717085e+00 0 7741267
-1.321011e+14 3.095372e+13 1.021015e+14 -7.356623e-01 5.586032e-01 3.830973e-01 5.971385e+00 0 6075910
-9.628079e+13 -3.600609e+13 -1.360319e+14 -4.362674e-01 -1.008089e-01 -8.941523e-01 -3.900745e+00 0 172331
-1.604788e+14 3.766681e+13 -4.787656e+13 -7.176231e-01 -5.966351e-01 -3.592265e-01 -1.048290e+01 0 3655135
5.600493e+13 1.029077e+14 -1.244592e+14 7.671914e-01 3.616534e-01 -5.297397e-01 2.056621e+01 0 4086983
1.598793e+14 6.126602e+13 -1.878456e+13 8.462596e-01 3.230899e-01 4.236244e-01 -1.106458e+01 0 14950402
8.977967e+13 -5.548691e+13 -1.328769e+14 8.896650e-01 -4.473950e-01 -9.129009e-02 1.042795e+00 0 29370
1.345592e+14 -6.975125e+13 1.122466e+14 5.063667e-01 -3.602828e-01 7.834469e-01 -2.425701e+01 0 2559139
6.274331e+13 7.184596e+13 -2.214501e+14 4.566553e-01 -2.180831e-01 -8.624997e-01 -2.636768e+01 0 12936594
-4.448378e+13 -9.952381e+13 1.353266e+14 -6.925250e-02 -1.722306e-01 9.826193e-01 2.086899e+01 0 4407013
-1.181528e+14 -1.203180e+14 -2.897806e+13 -6.199127e-01 -6.186672e-01 4.826584e-01 1.250824e+01 0 5245046
1.041941e+14 1.101417e+14 -7.771308e+13 6.606045e-01 5.729293e-01 4.851327e-01 1.099053e+01 0 6577470
1.231912e+14 -1.184591e+14 -8.477095e+12 7.138255e-01 -6.360134e-01 -2.931554e-01 -3.173750e+00 0 62035
1.342504e+14 -2.344591e+13 -1.048185e+14 9.954408e-02 -4.171811e-01 -9.033554e-01 -1.321909e+01 0 2222635
-1.715377e+14 6.812755e+13 -9.829712e+12 -8.835991e-01 -3.781419e-01 -2.761545e-01 -1.277364e+01 0 10527958
1.431627e+14 1.681368e+13 -9.339763e+13 6.664897e-01 -6.990050e-01 -2.591979e-01 9.041690e+00 0 2700595
1.549132e+14 -5.717612e+13 4.480053e+13 3.289330e-01 -7.113152e-01 -6.211552e-01 -2.052959e+01 0 9176636
2.281211e+12 1.680128e+14 5.342511e+13 -5.949150e-01 8.021926e-01 5.062782e-02 -4.873173e+00 0 15569379
1.762606e+13 -5.987351e+13 1.590497e+14 3.113826e-01 -7.355796e-01 6.016341e-01 -6.343079e+00 0 159413
1.791066e+14 -6.363214e+13 -6.331134e+13 8.509740e-01 -5.133736e-01 -1.108640e-01 -1.878615e+01 0 4452183
-1.182461e+14 -3.600215e+13 -1.244086e+14 -9.817039e-01 4.421515e-02 -1.852095e-01 -9.360065e+00 0 8327430
2.666785e+13 1.151711e+14 1.235714e+14 -4.140503e-01 -1.923911e-01 8.896899e-01 1.414971e+01 0 6974541
9.138493e+13 1.480863e+14 2.155949e+13 4.465952e-01 8.485479e-01 -2.837591e-01 1.156221e+01 0 2326752
1.376436e+14 9.849435e+13 -1.624996e+13 6.859066e-01 1.798415e-02 7.274673e-01 1.369544e+01 0 4058207
1.156254e+14 -9.231761e+13 8.435116e+13 5.618629e-01 -7.316490e-01 3.860049e-01 1.072226e+01 0 9546717
9.459286e+13 1.004274e+14 -1.207248e+14 7.594563e-01 6.492397e-01 4.140109e-02 -1.207523e+01 0 1441929
-8.234168e+13 -1.388860e+14 -8.473707e+13 -1.840613e-01 -9.366428e-01 -2.980296e-01 2.012747e+01 0 15672399
-7.535642e+13 1.530638e+14 2.743117e+13 -4.546835e-01 8.749689e-01 -1.664101e-01 -6.348393e+00 0 16263000
-2.137207e+13 -1.781740e+14 -2.129087e+13 5.805690e-01 -7.609020e-01 -2.897718e-01 2.685101e+01 0 1240691
3.966264e+13 2.937276e+13 -1.648595e+14 -1.739055e-01 1.147421e-02 -9.846955e-01 -9.839245e+00 0 2098902
1.561324e+13 1.283764e+14 1.097676e+14 4.113949e-01 9.114451e-01 -4.698201e-03 1.921312e+00 0 2873113
1.888854e+14 -2.425715e+13 2.954285e+13 6.873330e-01 -4.045707e-01 6.032379e-01 -2.035205e+01 0 63555
5.556792e+13 1.152125e+14 1.113835e+14 1.248888e-01 5.586761e-01 8.199291e-01 -8.565044e-01 0 338660
2.550929e+13 3.668576e+13 1.646342e+14 -6.129692e-01 5.348312e-01 5.815706e-01 1.143316e+01 0 10731347
1.546931e+13 1.846859e+13 1.689836e+14 5.087013e-02 5.230844e-01 8.507614e-01 -2.291361e+00 0 1557078
5.982112e+13 1.376834e+14 -8.409025e+13 -7.886875e-02 8.457842e-01 -5.276635e-01 1.166697e+01 0 241799
-1.095851e+14 1.291246e+14 5.439646e+13 2.005516e-01 9.401372e-01 -2.755380e-01 -1.723180e+01 0 4904805
1.146247e+14 5.923056e+13 -1.299850e+14 8.355382e-01 5.468343e-01 -5.336759e-02 -2.230558e+01 0 11284789
1.199551e+13 -1.484456e+14 -8.261208e+13 -1.053865e-01 -9.678844e-01 -2.282400e-01 -4.712495e+00 0 2
9.095001e+13 -5.730072e+13 -1.313500e+14 5.733897e-01 6.453647e-01 -5.047065e-01 -1.513673e+00 0 1793271
-6.236990e+13 1.402581e+14 9.764132e+13 -7.847964e-02 2.497174e-01 9.651332e-01 1.022179e+01 0 7374462
1.112290e+14 1.305967e+14 1.516804e+13 5.928087e-01 4.437141e-01 6.720830e-01 -9.118520e+00 0 3
-1.909657e+14 -3.184905e+13 -2.934622e+13 -9.674940e-01 -2.104159e-01 -1.402874e-01 2.200319e+01 0 5733265
1.223959e+14 -1.320301e+13 -1.238072e+14 6.212925e-01 6.696111e-01 -4.069602e-01 1.771587e+01 0 9088895
3.439986e+13 -7.541909e+13 1.587754e+14 4.247880e-01 -2.697943e-01 8.641563e-01 -8.682459e+00 0 5945540
6.654808e+13 1.427836e+14 -8.036620e+13 -4.519209e-01 8.581370e-01 -2.436562e-01 1.836289e+01 0 3674003
3.849025e+13 4.534123e+13 -1.676008e+14 -4.896473e-01 -2.162674e-02 -8.716523e-01 1.252179e+01 0 3148123
-4.493611e+13 -1.605647e+14 -5.396562e+13 -9.517457e-01 -3.066614e-01 -1.178355e-02 4.292148e+00 0 874647
4.222210e+13 8.829488e+12 -1.652559e+14 -2.096186e-01 2.786873e-01 -9.372264e-01 1.996992e+01 0 546037
-1.461622e+14 1.700673e+14 2.018799e+13 -3.516518e-01 9.232958e-01 -1.544856e-01 1.550466e+01 0 37460972
1.174266e+14 -1.113428e+14 -7.058428e+13 -1.221976e-02 -9.923767e-01 1.226341e-01 -1.936974e+01 0 3041968
-4.878377e+13 9.338252e+13 -1.426752e+14 -7.249538e-03 5.914104e-01 -8.063382e-01 -1.375556e+01 0 2374626
1.028181e+14 1.556362e+14 3.866968e+13 7.849746e-01 5.505261e-01 2.841406e-01 9.814169e+00 0 3902005
3.800496e+13 -4.888400e+13 1.619310e+14 -2.749892e-01 -3.964958e-01 8.758836e-01 -8.211895e+00 0 754202
1.613500e+14 7.783183e+13 7.721171e+13 8.300905e-01 5.518038e-01 -8.038885e-02 -1.099214e+01 0 21163422
2.128280e+13 8.699379e+13 -1.451319e+14 3.951408e-02 8.643879e-01 -5.012706e-01 -9.639256e+00 0 964456
-4.459623e+13 -1.410169e+14 1.049166e+14 -6.440983e-01 -6.200728e-01 4.479365e-01 -1.225656e+01 0 29
6.057733e+13 -2.528247e+13 1.601941e+14 -2.367662e-01 4.385669e-01 8.669491e-01 1.709821e+01 0 1468527
-7.124004e+13 -1.322526e+14 -9.338683e+13 2.746342e-02 -9.217390e-01 3.868372e-01 -1.819128e+01 0 4119594
-5.644065e+13 1.548849e+14 -4.279256e+13 3.247220e-01 9.188236e-01 2.243185e-01 3.534955e+00 0 8919515
1.436374e+14 9.242658e+13 1.621893e+13 8.427952e-01 2.221653e-01 4.902436e-01 -1.260119e+01 0 1756199
1.143570e+14 4.786363e+13 1.160819e+14 -1.115098e-01 -6.056463e-01 7.878820e-01 1.297998e+00 0 26190
1.997300e+14 3.666197e+12 5.982052e+13 6.852860e-01 -2.572453e-01 6.813281e-01 -2.365628e+01 0 1147165
-5.507683e+13 -5.999367e+12 1.833828e+14 -1.085555e-01 4.009629e-01 9.096398e-01 1.941242e+01 0 5975549
-7.122531e+13 2.866503e+13 -1.523112e+14 2.162588e-01 -2.074407e-01 -9.540443e-01 -4.384302e+00 0 256694
-1.526209e+13 -5.817718e+13 -1.627225e+14 -4.905173e-01 -4.989070e-01 -7.144820e-01 -9.788335e+00 0 6695392
1.234817e+14 -1.161660e+13 -1.165894e+14 9.900185e-01 1.406595e-01 8.845684e-03 -7.256420e+00 0 18
-3.268604e+13 1.738852e+14 -9.840978e+13 -1.091344e-01 8.869907e-01 -4.487060e-01 -1.733078e+01 0 595724
-6.848915e+13 -1.566411e+14 4.825096e+13 -7.489839e-01 -8.361827e-02 6.572907e-01 -1.698314e+01 0 3979723
7.296642e+13 -1.226166e+14 -9.191100e+13 8.440306e-01 -4.021693e-01 -3.547848e-01 4.446404e+00 0 1920758
6.154564e+13 -1.010136e+14 1.216027e+14 6.691925e-01 -7.172619e-01 -1.942082e-01 -5.935061e+00 0 8482129
1.676800e+14 -3.152918e+13 -2.810395e+13 6.156396e-01 -2.550946e-01 -7.455969e-01 8.599473e+00 0 3769931
-5.127728e+13 -1.159468e+14 -1.385490e+14 -2.716411e-01 -3.755405e-01 -8.861041e-01 1.475619e+01 0 3136702
-1.502907e+14 -6.783043e+13 -4.060349e+13 1.289897e-01 -9.671711e-01 2.189557e-01 -4.252361e+00 0 1842731
4.361684e+13 1.493499e+14 6.757508e+13 5.469735e-01 8.300946e-01 -1.084575e-01 -8.335354e+00 0 2373240
-9.153369e+13 1.475495e+14 -3.307851e+13 -6.443002e-01 6.793783e-01 3.511729e-01 -8.743981e+00 0 196821
-1.088056e+14 -7.284295e+13 1.137008e+14 -1.518478e-01 2.874987e-01 9.456674e-01 -1.561675e+01 0 4654735
-1.492416e+14 -8.410488e+13 2.938493e+12 -5.990179e-01 -7.826510e-01 -1.692185e-01 1.035388e+01 0 4608967
-1.341999e+13 7.045149e+13 1.731279e+14 4.094439e-01 3.048213e-01 8.599068e-01 1.321762e+01 0 1393523
1.331533e+14 -1.260585e+14 9.355634e+13 8.253722e-01 -5.627883e-01 -4.505585e-02 2.262233e+01 0 337468
2.274696e+13 1.658818e+14 3.055360e+13 7.755543e-01 4.423454e-01 4.503844e-01 -1.441930e+01 0 5018343
-1.091497e+14 -1.122710e+14 -6.930663e+13 -9.590400e-01 -2.782097e-01 -5.330719e-02 -1.032308e+01 0 1856182
-1.007078e+14 -3.798719e+13 1.327152e+14 -8.694550e-01 -4.493599e-01 -2.052404e-01 1.740201e+01 0 12719868
-1.205707e+14 -3.024949e+13 1.156088e+14 -9.262669e-01 3.747814e-01 -3.960338e-02 -1.038332e+01 0 204613
1.341964e+14 6.655906e+13 8.062729e+13 8.965014e-01 -4.288854e-01 1.110970e-01 2.821761e+00 0 3991705
-1.211807e+12 1.500535e+13 -1.877518e+14 -5.259873e-01 3.809714e-01 -7.603934e-01 -9.062475e+00 0 325043
-1.599104e+14 -1.087716e+14 1.608623e+13 -6.677195e-01 -5.729131e-01 -4.753116e-01 -1.759429e+01 0 980776
-1.206340e+14 -1.192739e+14 -3.895531e+12 -7.831284e-01 -1.626431e-01 6.002142e-01 -1.175157e+01 0 25
2.075597e+13 1.605959e+14 5.222400e+13 -4.543281e-01 8.302967e-01 -3.227901e-01 -2.446271e+00 0 2299713
-5.960628e+13 1.690372e+14 9.722156e+12 -7.242700e-01 6.761487e-01 1.351144e-01 -7.008733e+00 0 3772381
9.656310e+13 -7.146877e+13 1.348219e+14 1.963830e-01 -4.581460e-01 8.669117e-01 1.381687e+01 0 1417734
1.378020e+14 -9.332985e+13 3.268350e+13 3.762499e-01 1.335863e-01 9.168373e-01 3.369444e+00 0 1727761
-1.441567e+14 -5.284749e+13 -7.478397e+13 -8.914374e-01 3.769572e-01 -2.514810e-01 -1.305637e+01 0 2232670
5.808166e+12 9.339839e+13 2.108102e+14 -4.540028e-01 5.180920e-01 7.248877e-01 2.668431e+01 0 4969157
1.432705e+14 8.427243e+13 -6.184891e+13 9.709542e-01 2.388125e-01 1.471767e-02 6.965553e+00 0 5899560
-5.745753e+13 1.514578e+14 -5.462565e+13 -5.008459e-01 6.627507e-01 -5.567001e-01 -3.290764e+00 0 4502830
-8.864516e+13 1.427001e+14 -3.817725e+13 -3.280670e-01 4.275774e-01 -8.423477e-01 8.968245e+00 0 7738912
3.418817e+13 2.852918e+13 -1.640813e+14 1.777140e-01 6.959810e-01 -6.957214e-01 -8.371304e+00 0 2000340
-6.382014e+13 -7.384663e+13 1.411604e+14 -2.928627e-01 -9.497382e-01 -1.105834e-01 8.435623e+00 0 1920201
5.610881e+13 1.196298e+14 -1.067304e+14 -2.731012e-01 8.726756e-01 -4.047876e-01 7.538312e+00 0 3084
-3.893914e+13 -1.172445e+14 -1.247919e+14 -2.608776e-01 -8.857975e-01 -3.838041e-01 1.404254e+01 0 773177
1.292945e+14 2.097099e+13 -1.112505e+14 9.833773e-01 -8.553215e-02 -1.601663e-01 1.203029e+01 0 1022416
1.522593e+14 3.388029e+12 1.518863e+14 7.205799e-01 -2.695506e-02 6.928478e-01 2.335058e+01 0 3208497
-1.664962e+12 6.885870e+13 1.559418e+14 -7.094874e-01 2.084190e-01 6.731933e-01 1.051250e+01 0 2428252
1.370689e+14 3.795918e+13 -1.254994e+14 9.290106e-01 8.333071e-02 -3.605486e-01 2.025635e+01 0 2088581
1.395495e+13 6.771963e+13 -1.550366e+14 2.117160e-01 3.193938e-01 -9.236687e-01 -5.251876e+00 0 1002575
1.221297e+14 1.147244e+14 -2.634010e+13 9.602641e-01 1.932548e-01 -2.013589e-01 -2.146301e+00 0 1623103
-1.761260e+14 3.499150e+13 1.680814e+13 -7.551717e-01 1.415249e-01 -6.400675e-01 -1.245971e+01 0 6597868
-8.872655e+13 -6.962351e+13 1.544414e+14 -1.521301e-01 -2.295465e-01 9.613349e-01 2.117846e+01 0 1007333
-1.614926e+13 -1.779856e+14 -1.291105e+13 2.359848e-01 -9.449089e-01 -2.268444e-01 1.510397e+01 0 4287536
-9.127449e+13 1.372970e+14 -4.667075e+13 -6.491023e-01 5.415588e-01 -5.342100e-01 5.355224e+00 0 279958
7.007022e+13 -1.264659e+14 -9.801169e+13 4.656044e-01 -8.834683e-01 -5.192657e-02 -2.174107e+01 0 4357387
9.149195e+13 -1.141748e+14 1.005793e+14 -2.877191e-02 -7.801435e-01 6.249386e-01 1.407831e+01 0 5143907
1.095404e+13 1.570998e+14 6.317697e+13 -5.749453e-01 8.108716e-01 -1.092024e-01 8.081061e-01 0 75254
-6.819939e+13 -4.204992e+13 -1.539045e+14 -4.853292e-01 2.145232e-01 -8.476057e-01 6.179148e+00 0 18573554
1.515392e+14 -3.695322e+13 6.810238e+13 -2.119323e-02 -9.975920e-01 -6.603844e-02 -2.569630e+01 0 9419564
-1.254896e+14 -1.307966e+14 -3.295459e+12 -5.745261e-01 -5.084172e-02 -8.169057e-01 1.658425e+01 0 3643622
-1.487024e+14 7.652748e+13 -3.589428e+13 -3.018569e-01 8.249760e-01 4.778044e-01 -2.017141e+01 0 8991833
-1.546260e+14 -5.806249e+13 9.033040e+13 -2.558224e-01 -1.209359e-01 9.591295e-01 1.592607e+01 0 1074505
3.132464e+13 -1.538399e+14 -6.554649e+13 2.750309e-01 -8.125149e-01 -5.139820e-01 -2.346429e+00 0 11171320
-2.676935e+13 -9.943570e+13 1.352354e+14 7.410766e-01 -6.426444e-01 1.944572e-01 9.476212e+00 0 23925687
2.156008e+13 6.899808e+13 -1.762243e+14 3.175317e-01 5.136120e-01 -7.971050e-01 -1.529883e+01 0 4037342
-2.870079e+13 1.337061e+14 -1.008316e+14 -2.096362e-01 8.822986e-01 -4.214283e-01 2.185405e+01 0 2480024
1.498701e+14 -8.584730e+13 2.370162e+13 8.686682e-01 -4.894646e-01 7.642014e-02 1.157726e+01 0 1031085
-1.273586e+14 -6.462614e+13 -9.359140e+13 -2.461457e-01 4.741827e-01 -8.453183e-01 -2.251595e+01 0 1593344
5.891055e+13 4.647928e+13 1.527912e+14 -4.312289e-01 -8.174332e-02 8.985320e-01 -1.501447e+01 0 12577370
1.562588e+14 7.312811e+13 -2.325212e+13 6.897039e-01 -2.330718e-01 -6.855553e-01 1.053827e+01 0 4818078
-1.216824e+14 1.122393e+14 6.035750e+13 -1.365498e-01 8.437670e-01 5.190485e-01 -1.491897e+01 0 17760057
-1.625210e+14 -9.556782e+13 5.453664e+13 -9.904413e-01 5.365330e-02 -1.270719e-01 7.554047e+00 0 2215699
-1.664960e+14 1.675473e+13 -5.456938e+13 -7.145021e-01 6.407596e-01 2.809162e-01 -2.676506e+01 0 8135661
6.469348e+13 -1.110021e+14 -1.377873e+14 -3.074531e-01 -7.299471e-01 -6.104506e-01 1.025135e+01 0 2955203
-1.621226e+14 1.172414e+14 9.122416e+11 -7.414991e-01 6.290054e-01 -2.335192e-01 -1.437217e+01 0 437211
1.568860e+14 -1.219260e+14 2.043076e+13 5.541493e-01 -6.654654e-01 5.000743e-01 -1.606488e+01 0 1374101
1.677647e+14 -1.245298e+12 -4.151989e+13 5.636400e-01 -8.242044e-01 -5.474594e-02 2.355497e+00 0 783035
1.518864e+14 6.311094e+13 4.190626e+13 2.510979e-01 7.268577e-01 -6.392399e-01 2.110641e+01 0 1256979
6.139146e+13 -6.831361e+12 -1.720841e+14 1.484353e-01 -4.823214e-01 -8.633267e-01 -1.651254e+01 0 16940167
-1.651908e+14 -3.751057e+13 -1.302486e+13 -5.744326e-01 6.593862e-01 4.850123e-01 -1.874651e+01 0 3699416
-1.162471e+14 1.934612e+14 -6.180325e+13 -2.041813e-01 9.716087e-01 -1.195258e-01 1.741636e+01 0 7485593
-1.080979e+13 -4.666357e+13 1.664083e+14 4.716176e-01 -7.826780e-01 4.061920e-01 -9.910497e+00 0 18970611
8.220673e+13 1.497769e+14 -1.111512e+12 9.756556e-01 1.331965e-01 1.742264e-01 -1.368149e+01 0 2038487
-1.401889e+12 -3.816053e+13 1.680718e+14 -5.247335e-01 2.592602e-01 8.108260e-01 1.652835e+01 0 29227789
-1.286885e+14 -3.945883e+13 1.040281e+14 -6.426496e-02 3.517592e-01 9.338819e-01 4.977581e+00 0 2969353
1.701829e+14 1.075419e+13 -3.987001e+13 7.213547e-01 -6.575803e-01 2.173376e-01 6.143231e+00 0 2146666
-1.461422e+14 6.319771e+13 -5.919057e+13 -3.457303e-01 -1.647417e-01 -9.237590e-01 -5.034074e+00 0 1108720
3.893747e+13 -1.665974e+14 -8.021338e+13 -1.409408e-01 -6.327450e-01 -7.614259e-01 -2.387190e+01 0 5215306
-1.001627e+14 -6.609044e+13 -1.256672e+14 -8.919988e-01 -4.130025e-01 -1.837583e-01 1.159668e+01 0 2500939
3.797706e+13 -5.310288e+13 1.572042e+14 6.085568e-01 3.611609e-01 7.065561e-01 9.850761e+00 0 5482381
4.211232e+13 -1.765068e+14 8.697614e+12 -9.997484e-02 -9.357297e-01 3.382529e-01 -1.507523e+01 0 4618908
2.224218e+13 -1.525483e+14 7.119480e+13 9.256761e-01 1.442470e-01 3.497379e-01 1.563082e+01 0 1171284
4.703932e+13 -1.760137e+14 2.378184e+13 3.164388e-01 -9.395311e-01 -1.309496e-01 -2.526389e+01 0 4804761
-7.550001e+13 1.521961e+14 1.000421e+13 -5.087654e-01 4.318179e-01 -7.447758e-01 9.525868e+00 0 1527419
1.997239e+14 -6.078236e+13 -4.655788e+13 6.637345e-01 -7.344563e-01 1.415287e-01 1.719970e+01 0 7965078
2.882095e+13 1.601497e+14 -5.078176e+13 7.595473e-01 6.109105e-01 -2.233299e-01 -9.840087e+00 0 11415236
-1.180195e+14 -1.861117e+12 1.238048e+14 2.350626e-01 -5.145314e-01 8.246229e-01 -3.720901e+00 0 1364137
2.481637e+12 -7.110599e+13 -1.555893e+14 5.866934e-01 -4.221083e-01 -6.910973e-01 -1.473566e+01 0 5247763
1.003780e+14 4.700264e+13 1.438778e+14 9.658357e-01 -7.507438e-03 2.590464e-01 -2.425936e+01 0 6102584
-1.898037e+14 3.499139e+13 5.202453e+13 -8.919742e-01 -5.093914e-02 4.492074e-01 -1.517602e+01 0 1540949
8.182551e+13 -2.855431e+13 -1.485126e+14 -6.165263e-02 -8.482218e-02 -9.944869e-01 -1.410154e+01 0 17987487
4.803546e+13 -1.564476e+14 8.067215e+13 7.438935e-01 -3.360292e-01 5.776736e-01 -4.069978e+00 0 374132
1.446342e+14 8.990446e+13 5.471327e+12 1.922458e-01 6.282278e-01 -7.539041e-01 -8.000898e+00 0 1477988
-7.411736e+13 -1.249836e+14 9.136418e+13 -6.382561e-06 -8.595514e-01 -5.110493e-01 -9.124410e+00 0 12910556
1.637191e+14 -3.306059e+13 4.199343e+13 8.867502e-01 -9.655677e-02 4.520518e-01 -1.954548e+01 0 224607
-1.566514e+14 8.260294e+13 -6.292870e+12 -9.965840e-01 5.819081e-02 5.860188e-02 2.300843e+01 0 10147785
-1.089874e+13 1.207962e+14 -1.193721e+14 -3.434184e-01 8.890306e-01 3.028009e-01 -1.538933e+01 0 2133259
8.840337e+12 1.748507e+14 -6.204886e+13 7.717496e-01 4.949756e-01 -3.992514e-01 8.264945e+00 0 3566629
8.715352e+13 1.442983e+14 -3.078571e+13 7.666192e-01 5.064325e-01 3.947418e-01 -9.556920e+00 0 355711
-1.352742e+14 -8.198990e+13 8.018450e+13 -8.207862e-01 -4.903080e-01 -2.931008e-01 -1.567376e+01 0 14067471
3.203600e+13 9.140968e+13 1.410588e+14 -7.363097e-01 -1.922144e-01 6.487693e-01 2.180007e+01 0 3631496
7.441338e+13 1.342827e+14 -7.229927e+13 -4.550924e-01 8.472098e-01 2.740920e-01 -4.011798e+00 0 820488
1.054970e+14 -1.366277e+14 1.234393e+13 8.780317e-01 -3.921924e-01 -2.743090e-01 1.932141e+01 0 5026312
-1.427093e+14 1.098589e+14 1.436986e+13 -3.166585e-01 9.463850e-01 -6.389694e-02 4.661651e+00 0 5916911
-9.834663e+13 -1.369494e+14 -4.568427e+13 -5.175511e-02 -9.867152e-01 -1.539950e-01 -7.464329e+00 0 1016640
-1.616060e+13 -2.965642e+13 1.712754e+14 -3.184992e-01 -4.878563e-01 8.127450e-01 1.022702e+01 0 25343564
-1.606479e+14 5.328290e+13 -7.048100e+13 -7.739610e-01 5.858772e-01 -2.402755e-01 -1.251245e+01 0 804754
-1.144518e+14 1.000313e+14 7.686983e+13 -2.010374e-01 9.795835e-01 3.248921e-04 -1.605597e+01 0 155806
-3.369463e+13 -1.620877e+14 4.028576e+13 -2.872440e-01 -9.410532e-01 -1.786328e-01 -1.070614e+01 0 6781126
-9.582570e+13 5.086994e+13 1.321933e+14 -9.257657e-01 -2.213915e-01 3.065024e-01 -8.707698e+00 0 10585925
3.532778e+13 -1.241524e+14 1.203722e+14 -3.789221e-01 -6.840029e-01 6.233443e-01 -1.649508e+01 0 2345190
-9.386927e+13 4.830333e+13 1.331405e+14 -4.205621e-01 -4.981190e-01 7.582909e-01 8.179429e+00 0 2
3.710963e+13 1.401120e+14 9.750281e+13 7.033370e-01 5.808493e-01 -4.097940e-01 -1.535969e+01 0 3236903
1.329604e+14 -3.960997e+13 -9.853090e+13 5.679749e-01 8.158654e-01 1.084811e-01 -1.439996e+00 0 2402826
1.602490e+14 -3.282286e+13 -4.958486e+13 9.686838e-01 -2.078547e-01 -1.358240e-01 4.158504e+00 0 1283953
-6.615143e+13 1.211256e+14 1.060430e+14 2.260968e-01 4.420659e-01 8.680196e-01 1.264899e+01 0 9748384
-1.422465e+14 -2.400972e+13 8.960775e+13 -5.587151e-01 8.287731e-01 -3.118755e-02 -3.305662e+00 0 4521353
-1.460866e+13 -1.517787e+14 -8.010121e+13 -6.762590e-02 -7.062878e-01 -7.046874e-01 -1.225781e+01 0 6439259
-3.025904e+13 -5.353833e+13 -1.629718e+14 -5.489912e-02 -6.834472e-01 -7.279327e-01 7.504946e+00 0 6454395
3.059094e+12 5.548432e+12 -1.701016e+14 3.282130e-01 2.899247e-01 -8.990105e-01 1.108244e+01 0 4531046
1.082729e+14 1.268341e+14 4.619898e+13 2.927259e-01 8.747524e-01 3.861603e-01 -3.862124e+00 0 104954
1.750127e+14 6.521229e+13 -5.910727e+13 7.509169e-01 4.268929e-01 -5.038713e-01 1.680559e+01 0 10337123
-1.260310e+13 3.474892e+11 1.713077e+14 2.632773e-01 -1.442242e-01 9.538786e-01 9.341318e+00 0 4182523
-1.643409e+14 5.435941e+12 -4.233211e+13 -6.881663e-01 4.973613e-01 5.282602e-01 3.948009e+00 0 1528416
-1.176182e+14 3.142070e+13 1.276005e+14 -9.023570e-01 -4.124304e-01 1.251121e-01 -5.793059e+00 0 488630
1.676138e+14 -8.100792e+13 9.410217e+12 7.665288e-01 -3.732967e-01 -5.225736e-01 1.104620e+01 0 4226815
-7.856133e+13 2.631391e+13 -1.547831e+14 -2.317353e-01 -1.305792e-01 -9.639750e-01 1.004862e+01 0 5032772
-5.689222e+13 -1.368514e+14 8.750156e+13 -4.408777e-01 -2.039272e-01 8.740941e-01 -1.711050e+01 0 14920119
2.788006e+13 8.886336e+13 1.420855e+14 6.262222e-01 -5.989719e-02 7.773404e-01 -7.444470e+00 0 12485483
-9.370631e+13 -1.172257e+14 -9.375870e+13 -1.746245e-01 -4.148635e-01 -8.929695e-01 -9.070390e+00 0 510362
4.935967e+13 6.793594e+13 -1.476981e+14 5.401690e-01 6.668826e-01 -5.133079e-01 3.750305e+00 0 918905
8.713280e+13 -4.673227e+13 1.404807e+14 -2.964276e-03 -7.855021e-01 6.188519e-01 2.942554e+00 0 535577
-2.249658e+13 -1.159993e+14 1.233356e+14 5.718055e-01 -5.296233e-01 6.265282e-01 -2.736700e+00 0 3826018
-1.282415e+13 -5.872705e+13 1.621378e+14 -4.560476e-01 -5.084936e-01 7.303799e-01 -1.294472e+01 0 6829344
2.741010e+12 2.125002e+13 -1.684864e+14 1.708189e-01 3.927586e-01 -9.036380e-01 -4.630034e+00 0 2150667
-5.477716e+13 -1.574950e+14 4.458236e+13 3.962839e-03 -9.835305e-01 1.806990e-01 8.944348e+00 0 5628916
-5.238438e+13 1.530285e+14 6.035700e+13 -1.843029e-02 9.162223e-01 -4.002463e-01 -1.080461e+01 0 4018811
-1.259980e+14 9.406561e+13 6.521184e+13 -9.655325e-01 -2.512352e-01 6.802868e-02 1.467016e+01 0 14388940
-1.554181e+13 9.920054e+13 1.557333e+14 3.239436e-01 6.877279e-02 9.435734e-01 1.146967e+01 0 3411820
-6.150953e+13 -7.207303e+13 -1.456135e+14 -6.296377e-01 -1.576850e-01 -7.607179e-01 -2.222170e+01 0 9979500
1.330555e+14 8.628189e+13 1.129652e+14 1.190631e-01 5.409910e-01 8.325580e-01 -1.657709e+01 0 7785267
1.048079e+14 -1.091860e+14 8.746127e+13 2.097216e-01 -9.565134e-01 2.027290e-01 -1.843412e+01 0 5896522
-1.131551e+14 -1.257667e+14 3.438755e+13 -7.483395e-01 1.505154e-01 6.460132e-01 -1.161745e+01 0 4240964
-9.014944e+13 -1.253496e+14 7.821998e+13 -3.289331e-02 -6.969985e-01 7.163177e-01 -1.232255e+01 0 3382661
-3.823070e+13 1.027958e+14 1.309280e+14 3.823676e-01 4.100773e-01 8.280287e-01 4.019025e+00 0 5118105
6.987544e+13 -9.213702e+13 1.247599e+14 7.550407e-01 4.095871e-01 5.120078e-01 1.920664e+01 0 14427038
-1.233756e+14 6.234545e+13 1.363369e+14 -5.431688e-01 4.388686e-01 7.157947e-01 -1.739643e+01 0 8515489
1.680336e+14 -7.523943e+13 -9.518644e+12 3.463726e-01 -8.935611e-01 -2.856127e-01 5.322166e+00 0 199786
1.702203e+14 2.512023e+12 -1.498641e+13 8.978346e-01 -1.309968e-02 -4.401380e-01 -1.073533e+01 0 4156747
1.236015e+14 -2.184952e+13 -1.182225e+14 2.826086e-01 -3.596467e-01 -8.892619e-01 -1.866641e+01 0 4961575
-1.467018e+14 8.454121e+13 -2.582385e+13 -9.033177e-01 8.990920e-02 4.194442e-01 2.250432e+01 0 1514950
1.736203e+14 1.749856e+12 8.298457e+12 8.420435e-01 -3.736536e-01 3.890318e-01 9.221821e+00 0 597365
1.727575e+14 -2.772169e+13 1.442150e+13 6.970043e-01 -7.136627e-01 -6.978942e-02 -2.326354e+01 0 5863993
-1.148705e+14 -4.328083e+13 1.265500e+14 2.768997e-01 2.158075e-01 9.363513e-01 8.942996e+00 0 1815587
1.623751e+14 -4.505320e+13 -2.633894e+13 9.774765e-01 -2.387089e-02 -2.096899e-01 9.097458e+00 0 162603
2.059824e+13 1.739255e+14 -1.950215e+13 1.147900e-01 6.986624e-01 -7.061828e-01 1.377195e+01 0 2232353
1.570832e+13 1.704141e+14 -3.793056e+13 7.584926e-01 5.495071e-01 3.503297e-01 -1.409611e+01 0 879945
8.565924e+13 1.214899e+14 -9.163008e+13 3.120376e-01 6.617099e-01 -6.817422e-01 -6.510051e+00 0 8
-1.676781e+14 2.032905e+13 3.112609e+13 -9.292284e-01 -2.523806e-01 2.698862e-01 1.125398e+01 0 13338561
-7.956531e+12 7.292571e+13 1.571301e+14 1.103512e-01 5.899382e-01 7.998722e-01 -1.118197e+01 0 38945
-1.851759e+14 -5.300815e+12 -4.360263e+13 -8.401893e-01 -3.538531e-01 4.109377e-01 -1.573174e+01 0 18718429
1.331026e+12 -4.973366e+13 1.626882e+14 4.552428e-01 -8.417321e-02 8.863797e-01 -9.785103e+00 0 8591531
1.782186e+12 5.214459e+13 2.267448e+14 -5.595888e-01 -3.705775e-02 8.279415e-01 -1.940805e+01 0 21065184
9.553411e+13 1.383761e+14 -3.112733e+13 2.660088e-01 9.388959e-01 -2.184351e-01 5.133755e+00 0 200200
9.781283e+13 -2.697512e+13 1.383496e+14 1.684704e-01 -5.970405e-01 7.843216e-01 -5.349779e+00 0 305491
5.536834e+13 7.935141e+13 1.397119e+14 9.989934e-01 -1.524823e-02 4.218701e-02 -1.456492e+00 0 837074
-1.263758e+14 -1.056956e+13 1.151309e+14 -1.429402e-01 -3.171658e-01 9.375361e-01 -4.695180e+00 0 123030
-8.675070e+12 1.797307e+14 3.345408e+13 5.483532e-02 6.812373e-01 7.300060e-01 -1.217915e+01 0 4387856
1.747635e+13 6.815764e+13 1.549586e+14 6.977547e-01 5.968614e-01 3.960995e-01 -1.259961e+01 0 837986
2.738875e+13 1.166116e+14 1.256735e+14 -1.049387e-01 4.248892e-01 8.991424e-01 -2.028663e+01 0 2896234
-9.366816e+13 1.322041e+14 5.016855e+13 -6.653584e-01 4.730948e-01 -5.774768e-01 4.231881e+00 0 3571362
-8.162054e+13 -1.026180e+14 -1.222986e+14 -8.853380e-01 -9.303562e-02 -4.555446e-01 6.846089e+00 0 2438305
-2.442797e+13 2.111602e+12 -1.745884e+14 -8.841345e-01 -8.534069e-02 -4.593726e-01 1.215333e+01 0 1451995
-1.672338e+13 1.453991e+14 -9.402209e+13 -4.134884e-01 8.280943e-01 -3.785329e-01 -1.175713e+01 0 541342
1.595384e+14 1.915407e+13 7.064664e+13 3.220762e-01 1.832137e-01 9.288163e-01 8.168516e+00 0 3739204
8.526874e+13 -3.660081e+13 -1.463657e+14 9.882778e-01 1.481747e-01 -3.676042e-02 -6.452370e+00 0 1276215
9.124883e+13 3.831780e+13 -1.388174e+14 7.632580e-01 3.961032e-01 -5.104307e-01 -1.309775e+01 0 3102832
-4.641728e+13 -1.375261e+14 -1.184050e+14 -1.566525e-01 -9.477701e-01 -2.778343e-01 1.070947e+01 0 1509858
-8.632959e+13 6.628591e+13 1.307785e+14 2.404981e-01 3.342969e-01 9.112663e-01 3.222984e+00 0 6119978
-9.096880e+13 -1.696569e+13 1.505919e+14 -6.055920e-01 -5.477163e-01 5.772912e-01 -1.119490e+01 0 1770624
-6.316532e+13 3.197341e+13 2.012632e+14 -6.541044e-01 3.089081e-01 6.904514e-01 2.486159e+01 0 4016678
9.937907e+13 1.965621e+13 -1.697870e+14 9.023962e-01 5.979934e-02 -4.267378e-01 -1.976414e+01 0 5288717
-2.816873e+12 -1.685618e+14 5.083912e+13 5.762591e-01 -7.326060e-01 -3.622347e-01 2.470358e+01 0 1000933
1.374204e+14 -8.771469e+13 -4.806925e+13 6.773880e-01 6.593941e-01 3.261057e-01 6.675661e-01 0 11051997
8.006551e+12 1.535238e+14 -8.332473e+13 2.257587e-01 8.567873e-01 -4.636254e-01 7.722853e+00 0 7191667
-1.617545e+14 -4.304209e+13 -6.472322e+13 -8.469338e-01 -3.160320e-01 4.275827e-01 -1.718162e+01 0 8202001
-1.111884e+14 1.387622e+14 -3.993274e+13 -9.079207e-01 3.234573e-01 -2.665620e-01 -5.415410e+00 0 6843088
-9.624941e+13 3.401044e+13 -1.459905e+14 2.438233e-02 -5.728316e-01 -8.193103e-01 2.868698e+01 0 9726633
1.563034e+14 2.929463e+13 -6.253602e+13 7.254739e-01 3.021000e-02 -6.875863e-01 -1.203444e+01 0 14972301
-8.270594e+13 9.844818e+13 1.294187e+14 1.316917e-01 8.585708e-01 4.954932e-01 -1.880662e+01 0 3578353
6.499580e+12 3.472223e+13 1.714985e+14 4.314747e-01 1.123602e-01 8.951004e-01 -1.762943e+01 0 591703
1.257484e+14 -2.035527e+14 -8.619247e+12 2.318332e-01 -7.953987e-01 -5.599949e-01 -2.480011e+01 0 1298798
-4.768664e+13 1.751963e+14 -2.040243e+13 -5.986952e-01 7.858044e-01 -1.551629e-01 1.182774e+01 0 23727988
1.307714e+14 1.121673e+14 3.810676e+13 1.564244e-01 9.661406e-01 -2.051922e-01 2.113612e+01 0 10182050
-1.887169e+13 1.596641e+14 8.702361e+13 -8.334470e-02 9.746292e-01 2.077294e-01 1.012864e+01 0 118940
6.223368e+13 1.193927e+14 1.074743e+14 7.985502e-01 2.586016e-01 5.435466e-01 2.231710e+00 0 4559956
-4.518253e+13 -2.164903e+13 1.651491e+14 -3.497171e-01 -5.904811e-01 7.273445e-01 -1.354630e+01 0 2173570
9.911524e+13 -1.325470e+14 -4.463185e+13 4.457350e-01 -8.844083e-01 1.383556e-01 -1.646633e+01 0 4046695
-2.854134e+13 1.647512e+14 -3.198782e+13 6.661173e-01 7.361224e-01 -1.200481e-01 -1.448394e+01 0 11889659
-1.298510e+14 1.047286e+14 -3.487440e+13 -8.746113e-01 -2.027001e-01 -4.404177e-01 3.974320e-01 0 1573162
-8.298075e+13 1.230425e+14 8.950340e+13 -6.727626e-01 7.076571e-01 -2.158979e-01 -9.192792e+00 0 54871
-3.738070e+13 5.406351e+13 1.569344e+14 8.640297e-01 1.875021e-01 4.672212e-01 -4.977712e+00 0 46418
1.280442e+12 -1.591800e+14 -1.201782e+14 4.845187e-01 -5.539176e-01 -6.770649e-01 1.896542e+01 0 12779282
-1.018194e+14 -8.171165e+13 -1.138972e+14 -7.973359e-01 3.916553e-01 -4.591967e-01 -1.616285e+01 0 590959
1.080452e+13 -9.837680e+13 -1.685833e+14 -2.323109e-01 -6.886488e-01 -6.868730e-01 -1.579372e+01 0 5931616
-2.593635e+13 8.784876e+13 1.516806e+14 6.006537e-02 9.566100e-01 2.851132e-01 1.543954e+01 0 3740938
9.788200e+13 -5.865248e+13 -1.266926e+14 3.470895e-01 -8.715726e-01 -3.462514e-01 -1.158072e+00 0 1989590
5.704422e+12 -3.087970e+13 1.683980e+14 -9.809753e-02 1.425125e-01 9.849198e-01 5.300153e+00 0 2487925
1.770610e+14 -8.816374e+13 -9.706374e+13 8.509303e-01 -3.014749e-01 -4.301517e-01 -1.776122e+01 0 2118032
-1.667731e+14 -3.564104e+13 2.963262e+13 -6.829022e-01 -1.017282e-01 7.233920e-01 -1.180191e+01 0 4248095
9.545134e+13 1.003274e+14 1.006164e+14 5.537698e-01 4.945616e-01 6.698865e-01 -1.174598e+01 0 7000764
1.545173e+14 -8.540746e+13 -3.403782e+13 7.980456e-01 -1.946792e-02 -6.022824e-01 2.677947e+01 0 463395
-1.169904e+14 9.125409e+13 1.219765e+14 -9.147535e-01 2.499602e-01 3.174051e-01 -1.182062e+01 0 2273609
1.456539e+14 1.189706e+14 -3.126745e+13 5.110111e-01 8.008923e-01 3.121526e-01 -1.094936e+01 0 1373680
-8.488334e+11 -1.451023e+14 -8.785510e+13 4.759977e-01 -8.633034e-01 1.677301e-01 9.852531e+00 0 289018
9.491106e+13 1.482232e+14 5.212950e+13 5.355476e-01 8.240198e-01 1.848786e-01 -9.967340e+00 0 172750
2.671686e+13 8.979414e+13 1.416963e+14 -7.585823e-01 -2.445038e-01 6.039626e-01 -3.366447e+00 0 9801414
2.946470e+11 1.526228e+14 7.472026e+13 1.106452e-01 8.158947e-01 5.675152e-01 -5.991232e+00 0 85361
-1.668472e+14 2.694365e+13 4.258494e+13 -6.657034e-01 -5.001065e-01 5.538343e-01 1.562036e+01 0 2502427
-1.653467e+14 -5.175152e+13 1.023287e+13 -4.237677e-01 -9.049756e-01 -3.794954e-02 1.171006e+01 0 9
-7.587528e+13 -1.516892e+14 -6.811571e+12 1.125406e-01 -4.790884e-01 8.705222e-01 -5.558869e+00 0 6
1.294459e+14 -8.692933e+12 -1.111350e+14 7.509145e-01 -5.918982e-01 2.928888e-01 2.080665e+00 0 4042085
1.534253e+14 -8.234855e+13 -3.519694e+13 9.635861e-01 7.812938e-02 2.557295e-01 1.215583e+01 0 11
6.968090e+13 1.309718e+14 1.343289e+14 5.744616e-01 3.055696e-01 7.593557e-01 -2.137594e+01 0 16038915
-5.533941e+13 -1.569639e+14 5.500855e+13 -1.165996e-01 -8.791868e-01 -4.619904e-01 -9.124924e+00 0 2523226
-1.708997e+14 3.348838e+13 2.263953e+13 -6.596451e-01 7.510248e-01 2.881117e-02 -1.674497e+01 0 2172905
1.598433e+14 -8.081684e+13 -5.278983e+13 6.936897e-01 -5.282677e-01 -4.896201e-01 1.299642e+01 0 3904021
-3.719141e+10 -1.426884e+14 -9.592894e+13 -3.518220e-01 -7.479447e-01 -5.628498e-01 -2.002174e+01 0 2526704
-6.293978e+13 1.585736e+14 4.185070e+13 -2.307186e-01 8.080676e-01 5.420292e-01 6.489476e+00 0 2601839
4.916432e+13 -1.632586e+14 4.012927e+13 1.389527e-01 -8.887676e-01 4.367885e-01 1.118727e+01 0 680757
-1.193506e+14 8.793987e+13 -8.736805e+13 -7.972139e-01 5.864502e-01 1.432698e-01 -4.647761e+00 0 1
-3.025401e+13 -1.719539e+14 4.130498e+13 -3.683802e-01 -5.361766e-01 7.594805e-01 1.275866e+01 0 4501178
-8.094535e+12 1.784420e+14 -8.264202e+13 -1.520333e-01 5.021769e-01 -8.512956e-01 1.704019e+01 0 7753140
-1.526965e+14 8.623990e+13 -1.464933e+13 -3.829710e-01 6.838878e-01 6.209917e-01 1.192968e+01 0 5342337
9.620475e+13 1.174598e+14 9.037596e+13 8.578797e-01 5.121551e-01 4.170770e-02 1.047369e+01 0 2887467
2.081120e+13 1.151313e+13 1.813152e+14 5.235404e-01 -6.130526e-01 5.916688e-01 -1.589534e+01 0 8273517
-1.651544e+14 2.024873e+13 -3.841147e+13 -8.817247e-01 -3.183567e-01 -3.481531e-01 -8.937509e+00 0 10418811
4.886410e+13 -5.592077e+13 1.545368e+14 2.968289e-01 -8.263948e-01 4.785022e-01 8.484892e+00 0 48969
5.116510e+13 5.180131e+13 -1.574314e+14 8.751207e-01 -1.784354e-01 -4.498051e-01 6.314143e+00 0 301392
1.515463e+14 -7.095560e+13 4.012559e+13 9.373158e-01 -1.502295e-01 3.144362e-01 -4.639832e+00 0 8753438
1.174003e+14 9.626047e+13 -7.591781e+13 -2.633433e-02 9.195807e-01 -3.920176e-01 -7.250627e+00 0 3510583
9.974322e+13 -1.944729e+13 -1.371344e+14 2.248016e-01 -8.140737e-01 -5.354887e-01 7.943147e+00 0 1114178
2.731728e+13 4.181306e+13 1.675804e+14 9.763935e-01 5.515030e-02 2.088402e-01 -1.617126e+01 0 3638290
-4.319688e+13 1.984522e+14 -7.320648e+13 2.272209e-01 9.737493e-01 -1.352937e-02 -2.243999e+01 0 595764
-1.586505e+14 -2.415528e+13 6.478837e+13 -2.191001e-01 7.080082e-01 6.713565e-01 -2.258447e+01 0 9489851
-4.968896e+12 4.943570e+13 -1.644741e+14 6.124076e-01 -1.936576e-01 -7.664552e-01 -1.612711e+01 0 1846940
6.961829e+13 -1.548166e+14 -8.973669e+11 8.442289e-01 -1.540850e-01 5.133569e-01 -5.286410e+00 0 1794635
8.031539e+13 1.446736e+14 3.731038e+13 1.189633e-01 7.154016e-01 6.885116e-01 1.060125e+01 0 1927695
-4.187140e+13 1.645568e+14 6.088100e+13 2.130985e-01 9.609355e-01 1.766124e-01 1.068044e+01 0 5716264
2.754182e+13 -2.323663e+13 1.676990e+14 4.346903e-01 3.703103e-01 8.209231e-01 -5.253338e+00 0 7129164
1.350078e+14 -1.016270e+14 -1.456525e+13 7.086792e-01 -6.359582e-01 -3.055011e-01 -1.547103e+01 0 5747483
-2.012860e+14 1.456146e+13 -1.121192e+14 -5.279789e-01 3.385779e-01 -7.788474e-01 2.094100e+01 0 6760599
2.440086e+13 1.597217e+14 -9.315871e+13 5.492965e-01 7.136719e-01 -4.346789e-01 1.713043e+01 0 3503729
-3.418019e+12 -1.705545e+14 5.026428e+12 6.341918e-02 -9.955972e-01 -6.902341e-02 5.836630e+00 0 13699527
-1.440506e+14 -8.810375e+13 3.910621e+13 -9.291527e-01 1.761744e-01 3.250199e-01 -1.478035e+01 0 1409971
1.290641e+14 7.046963e+13 -8.484705e+13 -8.894434e-02 8.004296e-01 -5.927912e-01 -2.396348e+00 0 742266
-1.439284e+14 -6.668055e+13 -1.572607e+14 -4.707003e-01 -3.281288e-01 -8.190071e-01 2.067363e+01 0 1319539
-1.420645e+14 -9.028041e+13 4.033404e+13 4.797145e-02 -8.698180e-01 -4.910350e-01 -1.394494e+01 0 5097284
9.148798e+13 1.411334e+14 3.777318e+13 6.915394e-01 6.470099e-01 -3.211721e-01 -1.616883e+01 0 1569831
-1.597840e+14 4.300790e+13 -3.729931e+13 -4.349841e-01 -3.063967e-01 8.467053e-01 -1.052843e+01 0 11645951
-1.108654e+14 -1.218829e+14 -5.071559e+13 -6.875203e-02 -4.302201e-01 -9.001021e-01 -8.823666e+00 0 1298067
-1.206261e+14 -1.183932e+14 1.456930e+13 -1.917764e-01 -7.530102e-01 6.294422e-01 5.355954e+00 0 162110
4.866853e+13 -7.825046e+13 1.439662e+14 7.614215e-01 -2.432135e-01 6.009030e-01 8.716828e+00 0 639021
-8.760561e+12 -5.541765e+13 1.602004e+14 -3.734736e-01 -2.361292e-01 8.970844e-01 1.293931e+00 0 22642
9.354082e+13 1.414458e+14 4.499492e+12 6.120966e-01 7.270431e-01 -3.110405e-01 1.500277e+01 0 658011
-7.135996e+13 -7.597009e+13 -1.380233e+14 3.356514e-01 -4.438354e-01 -8.308720e-01 1.262512e+01 0 3911851
1.703608e+14 1.024895e+13 1.753361e+13 9.203038e-01 3.912025e-01 1.247756e-03 -1.131210e+01 0 7130205
-1.463230e+14 7.103534e+13 -7.691319e+13 -4.759480e-01 5.143720e-01 -7.133687e-01 -1.412105e+01 0 8193738
1.609479e+14 6.149583e+13 2.360494e+13 2.068889e-02 9.472930e-01 3.196998e-01 -1.053418e+01 0 464012
-1.622434e+14 5.129571e+13 3.856759e+13 -8.472870e-01 2.043319e-01 4.902584e-01 -1.131482e+01 0 5237678
-1.333699e+14 2.051928e+13 -1.034631e+14 -7.803802e-01 4.196734e-01 -4.635526e-01 -1.563384e+01 0 3302132
1.081663e+14 -1.306934e+14 1.134386e+12 7.652171e-01 5.172752e-01 -3.832352e-01 9.472524e+00 0 5421574
-4.293303e+13 1.652253e+12 -1.671278e+14 5.216676e-02 4.314458e-01 -9.006293e-01 -1.665318e+01 0 7116972
7.323369e+13 1.514395e+14 -2.180793e+13 7.663441e-01 -6.802136e-03 6.423943e-01 -9.617803e+00 0 4408200
-6.832197e+13 -1.473691e+14 5.084247e+13 -2.983131e-02 -9.490772e-01 -3.136282e-01 -4.908893e+00 0 683992
-1.877640e+14 -2.664136e+13 -8.445437e+13 -9.259076e-01 6.882830e-02 -3.714268e-01 2.018408e+01 0 153475
1.526863e+14 -9.187969e+13 -8.016346e+13 7.156401e-01 -4.924331e-01 -4.953472e-01 -1.568191e+01 0 351184
1.268509e+14 1.101154e+14 3.318875e+13 7.183082e-01 -7.687633e-02 6.914647e-01 -1.845372e+01 0 10678682
-6.342800e+13 1.547497e+14 -4.814623e+13 3.481566e-01 8.685544e-01 -3.527042e-01 -1.112024e+01 0 252471
-1.259113e+14 -1.478322e+12 -1.168924e+14 -1.507806e-01 9.097185e-01 -3.868818e-01 -8.695851e-01 0 2829277
-9.912821e+13 -1.515601e+14 -9.765285e+12 -5.948172e-01 -7.052461e-01 -3.857725e-01 -1.648842e+01 0 23922763
-1.261201e+14 9.272689e+13 -7.039368e+13 3.374316e-01 8.818055e-02 -9.372108e-01 1.322814e+01 0 9269109
6.475638e+13 1.508100e+14 -4.554644e+13 7.010523e-02 5.330836e-01 -8.431531e-01 1.066173e+01 0 1881802
-2.643421e+14 -7.050916e+13 4.059037e+13 -9.504237e-01 -3.076128e-01 4.548757e-02 -1.846104e+01 0 7254445
-1.699247e+14 -1.166788e+13 1.046588e+13 -5.010629e-01 3.830934e-01 7.759996e-01 -1.305192e+01 0 732938
-7.142603e+13 -1.526954e+14 8.589283e+13 2.109215e-01 -4.589609e-01 8.630568e-01 2.018457e+01 0 365768
-1.046000e+14 -6.541183e+13 1.248016e+14 -9.057557e-01 3.488897e-01 2.405878e-01 8.024663e+00 0 2518459
-5.514864e+13 -4.316340e+13 -1.595193e+14 5.622999e-01 1.388855e-01 -8.151869e-01 1.812154e+01 0 1926121
6.118938e+13 9.832145e+13 1.246189e+14 8.698403e-01 -3.594912e-01 3.378520e-01 -1.230693e+01 0 2341919
5.178228e+13 1.660231e+14 -2.689015e+13 -5.254592e-01 8.464072e-01 -8.653073e-02 1.655243e+01 0 43
-2.167317e+13 -1.743357e+14 4.046993e+12 -2.314854e-01 -8.056488e-01 -5.452931e-01 1.863087e+01 0 952295
-1.177989e+14 7.606494e+13 9.546606e+13 1.459964e-03 -5.481653e-01 8.363688e-01 -1.302584e+00 0 4261168
-1.492575e+13 1.521085e+14 7.527558e+13 -3.787330e-02 7.608632e-01 6.478061e-01 -7.211613e+00 0 3419727
2.813308e+13 1.680811e+14 3.785430e+12 -2.239052e-01 7.733389e-01 5.931386e-01 -5.895037e+00 0 16071847
-8.148465e+13 -1.423988e+14 -4.362348e+13 5.297290e-01 -7.216364e-01 -4.456772e-01 1.447686e+01 0 1586687
-5.814145e+13 -1.104094e+13 -1.590887e+14 3.186964e-01 5.190960e-01 -7.930775e-01 -1.661534e+01 0 15237493
-1.273524e+14 1.005573e+14 -6.659221e+13 -6.194549e-01 -4.784680e-02 -7.835728e-01 -9.114745e+00 0 35632722
-4.329235e+13 1.028484e+14 1.309439e+14 -5.203812e-01 8.525316e-01 4.892186e-02 1.326009e+01 0 23709
1.823240e+14 -2.545788e+13 3.766047e+13 9.669551e-01 -2.430266e-01 7.704534e-02 -1.563488e+01 0 407834
1.100338e+14 -9.741028e+13 8.508085e+13 8.094197e-01 -7.087333e-02 5.829380e-01 -1.298540e+00 0 2265591
4.367700e+13 2.392182e+13 -1.671095e+14 4.598930e-01 5.514920e-01 -6.959562e-01 -1.603806e+01 0 1081963
-7.950571e+12 -4.124915e+13 1.696371e+14 5.460632e-01 -2.083875e-01 8.114121e-01 1.297544e+01 0 67821981
9.008177e+13 6.389849e+13 -1.390063e+14 4.470069e-01 -5.929354e-02 -8.925632e-01 -2.086011e+01 0 6733059
-1.492231e+13 -4.847756e+13 -1.629286e+14 -5.704791e-01 6.236008e-01 -5.344863e-01 -1.070254e+01 0 1346857
-5.088366e+13 1.035033e+14 1.245305e+14 6.442500e-01 7.377918e-01 2.015074e-01 3.518408e+00 0 27186
1.219506e+14 -1.102840e+14 4.175289e+13 1.599981e-01 -8.712888e-01 -4.639574e-01 -8.377385e+00 0 8025183
-1.257492e+14 1.141427e+14 1.685047e+13 -7.401805e-02 8.511269e-01 5.197157e-01 1.037262e+01 0 8686582
1.048563e+14 -1.443077e+14 -8.647061e+13 1.546372e-01 -6.863434e-01 -7.106476e-01 -2.387296e+01 0 6379658
1.700050e+14 2.716236e+13 -2.815831e+13 2.322566e-01 4.849250e-01 -8.431516e-01 -6.371673e+00 0 18521793
1.555954e+14 2.430808e+13 -7.092789e+13 5.457229e-01 7.695197e-01 -3.317016e-01 -3.837901e+00 0 257693
1.127826e+14 -9.320424e+13 -1.439436e+14 5.847586e-01 -6.966491e-01 -4.156170e-01 -1.660857e+01 0 875987
4.732861e+13 4.580129e+12 -1.804492e+14 4.795595e-01 1.011202e-01 -8.716636e-01 1.141496e+01 0 933113
1.930335e+13 -9.399767e+13 1.402525e+14 -5.926118e-01 -6.090109e-01 5.271783e-01 -9.774821e+00 0 1521855
-5.494595e+13 -4.393456e+13 -1.711875e+14 -1.048217e-03 -8.368677e-01 -5.474042e-01 1.741795e+01 0 16319607
1.730576e+14 -1.394504e+12 -1.666829e+13 7.872904e-01 4.442539e-01 4.275655e-01 -4.034019e+00 0 2371825
-3.254426e+13 -4.239981e+13 -1.756739e+14 -7.056550e-01 -2.193924e-01 -6.737343e-01 -1.580016e+01 0 6554939
-1.639651e+14 -4.730343e+13 1.408910e+13 -6.665340e-01 -1.297499e-01 7.340963e-01 -1.040996e+01 0 5440737
-1.472235e+14 -9.401882e+13 6.134712e+12 -3.207538e-01 -8.526709e-01 -4.123947e-01 -1.204794e+01 0 2127658
