# 781
-7.934825e+10 -9.353561e+10 -1.521460e+12 -5.986898e-01 7.097905e-01 3.711712e-01 0.000000e+00 1
-1.939171e+11 -6.801342e+11 -1.000387e+12 -9.872161e-01 1.565049e-01 3.017480e-02 0.000000e+00 1
-9.907755e+11 3.552347e+11 -8.523654e+11 2.461937e-01 -7.092233e-01 -6.605990e-01 0.000000e+00 1
4.438404e+11 4.122396e+11 4.165410e+11 -8.756547e-01 3.556848e-01 3.266759e-01 0.000000e+00 1
-7.271608e+11 -8.763885e+11 -1.552073e+11 6.351654e-01 6.022689e-01 -4.835671e-01 0.000000e+00 1
-6.063013e+11 -7.230164e+11 9.515504e+11 -9.953002e-01 -2.630020e-03 -9.680198e-02 0.000000e+00 1
-1.025174e+12 5.629864e+11 -6.186937e+11 5.035165e-01 -7.256326e-01 4.689654e-01 0.000000e+00 1
-6.425985e+11 -1.335311e+12 2.528803e+10 -1.612207e-01 -6.366108e-01 7.541449e-01 0.000000e+00 1
-9.006036e+10 -1.601073e+12 -3.753794e+11 2.055345e-02 -5.270983e-01 -8.495557e-01 0.000000e+00 1
-9.885814e+11 -9.629110e+11 -9.287170e+11 -7.513188e-01 1.734281e-02 6.597116e-01 0.000000e+00 1
-1.264927e+12 -2.252276e+11 2.718492e+11 3.473993e-01 3.558842e-01 -8.675599e-01 0.000000e+00 1
-3.816650e+11 -7.092256e+11 -5.582217e+11 8.813780e-01 2.107084e-01 4.228177e-01 0.000000e+00 1
-2.328990e+11 -1.052000e+12 -1.048339e+12 4.949052e-01 7.355095e-01 -4.627037e-01 0.000000e+00 1
3.298989e+11 -4.421861e+10 1.296337e+12 5.741746e-01 -8.006104e-01 -1.713082e-01 0.000000e+00 1
1.122887e+12 2.589266e+11 6.873816e+11 3.947917e-01 -6.827541e-01 -6.148059e-01 0.000000e+00 1
2.446107e+11 2.523885e+11 3.067238e+11 2.770065e-01 -2.663272e-01 -9.232211e-01 0.000000e+00 1
-2.547517e+11 7.407176e+11 -1.157273e+11 6.850482e-01 5.465878e-02 -7.264444e-01 0.000000e+00 1
2.812268e+11 2.574922e+11 7.519490e+11 -6.187273e-01 -3.538537e-03 7.855979e-01 0.000000e+00 1
5.198057e+11 1.198467e+12 1.060281e+12 4.284343e-01 5.085921e-01 7.468455e-01 0.000000e+00 1
9.644662e+11 9.715332e+10 -1.268043e+12 6.466826e-01 -2.532992e-01 7.194728e-01 0.000000e+00 1
2.798933e+11 -1.616967e+12 4.038465e+11 -4.108163e-02 -1.020049e-01 -9.939353e-01 0.000000e+00 1
-5.271570e+11 -1.045731e+12 -5.644241e+10 3.071895e-01 9.454013e-01 1.088626e-01 0.000000e+00 1
1.091149e+12 -3.317930e+11 -9.355048e+10 7.433251e-01 4.578713e-01 4.876697e-01 0.000000e+00 1
8.378586e+11 8.975031e+11 7.605731e+11 -2.132162e-01 -6.492270e-01 7.300981e-01 0.000000e+00 1
8.889905e+10 -1.342784e+12 1.067621e+10 -4.527894e-01 -6.341847e-01 -6.267308e-01 0.000000e+00 1
-1.353854e+11 -6.593882e+11 -5.562436e+11 -9.098032e-01 4.079879e-01 -7.618402e-02 0.000000e+00 1
1.054574e+12 2.524874e+11 -9.152384e+11 9.113793e-02 2.165847e-02 -9.956027e-01 0.000000e+00 1
9.396651e+11 -1.353567e+12 2.592914e+11 -9.207834e-01 -3.126053e-01 2.333150e-01 0.000000e+00 1
5.450886e+11 -4.243848e+11 5.071784e+11 8.921538e-01 3.243936e-01 3.143729e-01 0.000000e+00 1
6.767448e+11 1.419972e+12 -4.480242e+11 -9.560909e-01 -6.327050e-02 2.861591e-01 0.000000e+00 1
1.339123e+11 2.630475e+10 -9.836047e+11 9.633000e-01 1.194475e-01 -2.403859e-01 0.000000e+00 1
-2.406401e+11 6.448554e+10 -1.331816e+12 1.691917e-01 -2.155878e-01 9.617152e-01 0.000000e+00 1
-4.830882e+11 1.565656e+11 3.277053e+11 2.400700e-01 -4.753165e-01 8.464281e-01 0.000000e+00 1
6.917060e+11 6.207852e+11 3.419605e+11 -5.158770e-01 4.096443e-01 7.523713e-01 0.000000e+00 1
1.429196e+12 -6.359051e+11 1.387739e+11 8.951416e-01 1.508842e-01 -4.194704e-01 0.000000e+00 1
-4.833104e+11 -1.033605e+12 -5.366473e+11 2.167642e-01 7.836618e-01 -5.821404e-01 0.000000e+00 1
8.221326e+11 -6.773231e+09 1.105577e+12 -1.036632e-01 -8.924435e-01 -4.390882e-01 0.000000e+00 1
7.711677e+10 -9.159269e+11 4.193473e+11 -5.650831e-01 -4.854241e-01 6.671166e-01 0.000000e+00 1
-3.964683e+11 8.867869e+11 -1.370076e+12 4.663919e-02 -9.662070e-01 -2.535131e-01 0.000000e+00 1
-7.348651e+11 8.161560e+11 5.079199e+11 8.504517e-01 -3.858627e-02 5.246361e-01 0.000000e+00 1
-6.348777e+11 -7.377886e+11 4.247003e+11 7.847149e-01 5.046897e-01 3.598761e-01 0.000000e+00 1
1.285446e+11 -1.431606e+12 -7.166565e+11 5.413945e-01 6.507106e-01 -5.324168e-01 0.000000e+00 1
-3.007378e+11 2.338208e+11 -1.555003e+12 -3.170612e-01 9.186783e-01 2.355894e-01 0.000000e+00 1
9.875122e+11 2.012843e+11 5.338606e+09 -5.111822e-01 -4.265599e-02 -8.584132e-01 0.000000e+00 1
6.429216e+10 5.666071e+11 -1.128642e+12 2.648650e-01 -4.360183e-01 8.600782e-01 0.000000e+00 1
5.886253e+11 -9.351194e+11 9.525288e+11 3.579066e-01 6.675855e-01 6.528648e-01 0.000000e+00 1
1.336687e+12 -4.509013e+11 1.877326e+11 -2.997402e-01 -7.195909e-01 -6.263743e-01 0.000000e+00 1
1.145300e+11 4.917053e+11 3.476926e+11 -1.689269e-01 -3.235789e-01 9.309997e-01 0.000000e+00 1
1.985529e+11 -6.632081e+11 -4.194306e+11 -6.043577e-01 4.267789e-01 6.727642e-01 0.000000e+00 1
-1.172349e+12 -1.788385e+11 -8.295356e+11 -8.448752e-01 -4.428069e-01 3.001797e-01 0.000000e+00 1
-4.947385e+11 -6.304239e+10 -1.199839e+12 -9.292269e-01 -6.183356e-02 -3.642992e-01 0.000000e+00 1
1.171040e+12 -6.561641e+10 6.549667e+11 -3.184116e-01 1.394953e-01 -9.376327e-01 0.000000e+00 1
3.774123e+11 2.614667e+11 9.864977e+11 9.561113e-01 -2.004244e-01 -2.137317e-01 0.000000e+00 1
-9.117233e+11 -9.305228e+11 5.505639e+11 -3.636530e-01 5.957591e-01 -7.161198e-01 0.000000e+00 1
8.506421e+11 2.408038e+10 -1.336066e+12 -6.138259e-01 -6.043822e-02 -7.871245e-01 0.000000e+00 1
6.123731e+10 -2.934096e+11 1.290966e+12 -2.870600e-01 9.334107e-01 -2.152696e-01 0.000000e+00 1
7.573036e+11 8.611526e+11 6.646153e+11 -5.102264e-01 6.187567e-01 -5.973351e-01 0.000000e+00 1
-1.000535e+12 -5.528515e+11 -8.259296e+11 3.385487e-02 -4.524312e-03 -9.994165e-01 0.000000e+00 1
-4.989950e+10 -9.308138e+11 -7.681729e+11 6.778164e-01 -3.957184e-01 6.196546e-01 0.000000e+00 1
2.379399e+11 -3.072998e+10 -1.001920e+12 -7.753086e-01 3.253869e-02 6.307439e-01 0.000000e+00 1
-7.614073e+11 4.097343e+11 6.239432e+11 -9.857469e-01 -1.679026e-01 -1.057459e-02 0.000000e+00 1
-5.732494e+10 1.225328e+11 -1.921011e+11 -4.005801e-01 -8.974583e-01 -1.846733e-01 0.000000e+00 1
5.539058e+11 -5.244769e+11 1.333803e+12 -8.665699e-01 -4.618026e-01 -1.891956e-01 0.000000e+00 1
1.352457e+12 2.672927e+11 -5.101423e+10 -6.163679e-01 2.143164e-01 -7.577328e-01 0.000000e+00 1
5.242242e+11 -4.491944e+11 8.066959e+11 -6.440507e-01 -6.763481e-01 -3.574240e-01 0.000000e+00 1
3.899595e+11 -5.001193e+11 2.791572e+11 -7.694894e-02 9.899012e-01 -1.190562e-01 0.000000e+00 1
-1.216820e+12 -9.589189e+11 6.402250e+11 6.823691e-01 -7.105911e-01 -1.715598e-01 0.000000e+00 1
1.415810e+12 -2.301772e+11 -3.189721e+11 1.693457e-01 -7.683314e-01 6.172430e-01 0.000000e+00 1
2.677161e+11 1.277458e+11 1.366623e+12 -4.898234e-01 1.191930e-01 -8.636354e-01 0.000000e+00 1
-4.187700e+11 8.716648e+11 3.666952e+11 5.496968e-01 7.953242e-01 2.555247e-01 0.000000e+00 1
2.805455e+11 -3.582768e+11 -1.505703e+12 -3.935490e-01 7.377991e-01 5.484266e-01 0.000000e+00 1
3.329493e+11 6.924490e+10 -2.989113e+09 3.181212e-01 -6.694917e-01 6.712523e-01 0.000000e+00 1
1.455944e+11 2.858688e+11 6.239244e+11 8.739568e-02 6.617886e-01 7.445790e-01 0.000000e+00 1
-2.451579e+11 -8.261630e+11 -1.414412e+12 6.771905e-01 -2.736877e-01 6.830140e-01 0.000000e+00 1
2.437049e+11 -1.444966e+12 5.947033e+11 7.881657e-01 -5.466425e-01 2.828019e-01 0.000000e+00 1
-6.949475e+11 2.777458e+11 5.373854e+11 9.034197e-01 -4.284964e-01 -1.495317e-02 0.000000e+00 1
4.597267e+10 -5.698650e+11 -5.282654e+10 2.141344e-01 7.779372e-01 -5.907286e-01 0.000000e+00 1
8.407793e+10 -1.531303e+11 9.356934e+11 -4.793717e-01 1.203182e-01 -8.693252e-01 0.000000e+00 1
1.054800e+12 5.699969e+11 1.182194e+12 -5.689054e-01 7.123710e-01 -4.109431e-01 0.000000e+00 1
3.199050e+11 -1.243807e+10 -2.418388e+11 -9.385618e-01 -9.463948e-02 3.318812e-01 0.000000e+00 1
-4.863174e+11 -1.128073e+12 5.953716e+11 7.529991e-01 3.234495e-02 -6.572261e-01 0.000000e+00 1
-8.148035e+11 9.668091e+11 6.118549e+11 -1.923914e-01 -6.616224e-01 -7.247354e-01 0.000000e+00 1
-2.449380e+11 -1.116032e+11 -1.347706e+12 5.818279e-01 4.299661e-01 -6.903662e-01 0.000000e+00 1
-1.523727e+11 8.067898e+11 1.025064e+12 3.392335e-02 5.280687e-01 -8.485238e-01 0.000000e+00 1
-4.677960e+10 8.545164e+11 -9.659693e+11 -8.646829e-02 -9.266919e-01 3.657394e-01 0.000000e+00 1
-3.007499e+11 9.386692e+11 -5.763193e+11 -4.188745e-01 3.121289e-01 -8.527131e-01 0.000000e+00 1
8.707055e+11 -4.445773e+11 1.349343e+12 -9.881498e-02 5.148008e-01 -8.515960e-01 0.000000e+00 1
5.195526e+11 7.807072e+11 -3.919012e+11 -1.941741e-04 5.924197e-01 8.056295e-01 0.000000e+00 1
-4.919524e+11 -8.028675e+11 -5.134486e+11 5.198280e-02 8.759959e-01 4.795090e-01 0.000000e+00 1
9.675704e+11 -4.939361e+11 5.883246e+11 -4.910994e-01 -7.084892e-01 5.068178e-01 0.000000e+00 1
-8.900664e+09 1.249755e+12 7.617032e+11 -8.356213e-01 -4.675147e-01 2.883871e-01 0.000000e+00 1
4.257989e+11 9.043177e+11 2.991191e+10 8.261448e-01 5.197165e-01 2.176682e-01 0.000000e+00 1
-7.185292e+11 1.320631e+12 -7.322442e+11 4.408388e-01 -3.357403e-01 -8.324300e-01 0.000000e+00 1
-8.407053e+11 2.269668e+11 -1.781662e+11 -3.856935e-01 -4.170738e-01 8.229763e-01 0.000000e+00 1
-1.035990e+12 -3.441980e+11 9.863363e+11 -1.336191e-01 9.570282e-01 2.573772e-01 0.000000e+00 1
-6.215810e+11 1.275379e+11 5.492923e+11 -3.729607e-01 2.143488e-01 -9.027485e-01 0.000000e+00 1
-7.566170e+11 3.145023e+11 1.313394e+12 7.595108e-01 5.660943e-01 3.204382e-01 0.000000e+00 1
6.179543e+11 -6.461621e+11 -1.134826e+12 5.436310e-01 -5.664993e-01 -6.193092e-01 0.000000e+00 1
-5.090640e+11 -2.280395e+11 2.659309e+11 4.215817e-02 -6.257671e-01 7.788699e-01 0.000000e+00 1
-6.804249e+11 5.084065e+11 6.533508e+11 8.783603e-01 -4.716444e-01 -7.768381e-02 0.000000e+00 1
4.145385e+11 -6.269946e+11 -4.173087e+10 -8.946208e-01 -3.819339e-01 2.319053e-01 0.000000e+00 1
-7.615892e+11 3.241411e+11 -1.621608e+11 -9.193136e-01 -1.469189e-01 3.650716e-01 0.000000e+00 1
7.558548e+11 -3.180114e+11 -1.384053e+12 1.111961e-02 -8.376204e-01 -5.461396e-01 0.000000e+00 1
-9.559417e+11 1.129927e+12 7.660749e+11 5.921956e-01 -3.436540e-01 7.288390e-01 0.000000e+00 1
2.252042e+11 -3.073178e+11 -5.357610e+11 -5.200811e-01 2.201160e-01 8.252664e-01 0.000000e+00 1
-1.246446e+12 2.417688e+11 4.180291e+11 3.564476e-01 -7.734600e-01 5.241228e-01 0.000000e+00 1
-2.759306e+10 1.490672e+12 -4.291256e+11 5.441587e-01 7.077456e-01 4.505413e-01 0.000000e+00 1
-1.472272e+12 4.885634e+11 3.984080e+10 1.666094e-01 3.540492e-01 -9.202665e-01 0.000000e+00 1
3.518768e+11 7.816384e+11 6.561961e+11 -1.611405e-01 3.225204e-03 -9.869262e-01 0.000000e+00 1
1.170785e+12 -5.647942e+11 8.549983e+11 -8.271671e-01 -3.520680e-01 4.379985e-01 0.000000e+00 1
-1.028068e+12 -9.365841e+11 -2.430293e+11 2.891927e-01 9.292512e-01 2.299125e-01 0.000000e+00 1
-5.004917e+11 -2.809301e+11 6.245906e+11 8.932479e-01 -4.133633e-01 1.767454e-01 0.000000e+00 1
9.269246e+11 -6.168355e+11 -5.457632e+11 9.386384e-01 -2.582418e-01 -2.286242e-01 0.000000e+00 1
-6.095851e+11 -5.125771e+11 9.373381e+11 -8.655383e-01 -9.882509e-02 4.909960e-01 0.000000e+00 1
1.212512e+12 -1.921251e+11 5.336111e+11 -6.892235e-01 2.713190e-01 6.718310e-01 0.000000e+00 1
-9.459532e+11 -4.295910e+11 1.126132e+12 -8.090132e-01 -4.743163e-02 -5.858736e-01 0.000000e+00 1
-7.537042e+11 -9.733110e+11 3.338229e+11 7.040986e-01 -1.154740e-01 7.006504e-01 0.000000e+00 1
5.676606e+11 9.549880e+11 -7.909777e+11 -6.063108e-01 6.460865e-01 4.636372e-01 0.000000e+00 1
-5.558363e+11 -8.087584e+10 -1.061564e+12 1.249430e-01 -1.030948e-01 -9.867931e-01 0.000000e+00 1
-1.104146e+12 2.797431e+11 1.106020e+12 9.422440e-01 3.341204e-01 2.323316e-02 0.000000e+00 1
-8.910095e+11 -9.470216e+11 6.435431e+11 -3.311268e-01 5.065983e-01 -7.960610e-01 0.000000e+00 1
-7.029178e+11 1.257601e+12 -6.390482e+11 -8.204458e-01 5.197817e-01 2.381084e-01 0.000000e+00 1
-2.909675e+11 5.554884e+11 -1.518865e+12 -9.734629e-01 1.346028e-01 -1.850733e-01 0.000000e+00 1
2.700858e+11 -1.479182e+12 -7.050615e+11 6.284666e-01 -5.463022e-01 -5.537000e-01 0.000000e+00 1
-1.009483e+12 9.754108e+11 -6.884273e+10 9.222822e-01 3.577808e-01 1.462479e-01 0.000000e+00 1
1.226563e+12 -8.079006e+11 -5.713682e+11 -6.310875e-01 -2.608237e-01 7.305475e-01 0.000000e+00 1
3.538259e+11 -1.280861e+12 -2.391074e+11 -1.009607e-02 1.208095e-01 9.926244e-01 0.000000e+00 1
-4.947917e+11 3.866843e+11 -3.905635e+11 -5.159930e-01 6.246514e-01 5.861416e-01 0.000000e+00 1
1.476556e+12 -6.954167e+11 -3.735320e+11 -9.804413e-02 7.587158e-01 6.440013e-01 0.000000e+00 1
8.555069e+11 1.104456e+12 7.956405e+11 5.885737e-01 -4.350178e-01 -6.814253e-01 0.000000e+00 1
8.521411e+11 -8.547905e+11 -8.285597e+11 -4.032728e-01 -1.452236e-01 9.034828e-01 0.000000e+00 1
-1.828788e+11 9.026053e+10 -8.560748e+11 2.477765e-01 -5.008436e-01 8.293145e-01 0.000000e+00 1
4.406312e+11 -3.587616e+11 1.347852e+12 -7.842499e-01 5.000513e-01 -3.672884e-01 0.000000e+00 1
2.654856e+11 6.427151e+11 1.508489e+12 3.336348e-01 5.724509e-01 7.489911e-01 0.000000e+00 1
1.393299e+12 -6.340606e+11 -1.729690e+11 -7.850467e-01 2.347931e-01 5.732137e-01 0.000000e+00 1
7.500505e+11 3.311629e+11 1.347559e+12 6.242122e-01 7.495293e-01 2.203747e-01 0.000000e+00 1
4.839209e+11 5.593605e+11 -1.230274e+12 -2.762885e-01 6.665964e-01 -6.923250e-01 0.000000e+00 1
1.275565e+12 2.877877e+11 -8.508268e+11 -6.659269e-01 2.053181e-01 7.172070e-01 0.000000e+00 1
1.505713e+12 5.887633e+10 -3.793367e+11 -4.293354e-01 -8.909437e-01 1.479539e-01 0.000000e+00 1
-1.005199e+12 1.144007e+12 -6.394387e+11 -7.352995e-01 6.030748e-01 3.092499e-01 0.000000e+00 1
-3.419113e+11 -1.056713e+12 -8.284569e+11 -9.082553e-01 -3.008226e-01 2.908233e-01 0.000000e+00 1
3.981139e+11 1.547126e+12 -5.389667e+10 -9.585458e-02 8.769620e-01 4.709029e-01 0.000000e+00 1
-1.333489e+12 -3.809712e+11 -5.182552e+11 -3.788676e-02 -3.060137e-01 9.512730e-01 0.000000e+00 1
2.665708e+11 6.333355e+11 -1.996862e+11 -1.233891e-01 -5.305464e-01 -8.386272e-01 0.000000e+00 1
1.119672e+12 6.736559e+11 -2.955429e+11 -4.171952e-01 -8.665876e-01 2.738140e-01 0.000000e+00 1
2.817336e+11 -9.850680e+11 6.730176e+11 4.047629e-01 3.846981e-01 8.295627e-01 0.000000e+00 1
-5.900847e+11 -4.052322e+11 -1.093189e+12 7.371178e-01 -6.226465e-01 -2.626188e-01 0.000000e+00 1
1.445863e+12 -7.146745e+11 4.617244e+11 -7.302962e-01 -5.923309e-01 3.403109e-01 0.000000e+00 1
-2.551400e+11 1.406341e+12 6.350052e+11 -9.354402e-01 -7.767162e-02 -3.448461e-01 0.000000e+00 1
4.493909e+11 4.582905e+11 1.231282e+10 2.804918e-01 -7.511084e-01 5.976291e-01 0.000000e+00 1
8.633859e+11 7.954692e+11 1.043902e+12 -6.494206e-01 1.153391e-01 7.516314e-01 0.000000e+00 1
-1.427517e+12 7.639045e+11 4.328813e+11 1.508593e-01 8.874854e-01 4.354436e-01 0.000000e+00 1
-5.292057e+11 -4.249231e+11 -7.406429e+11 -1.667578e-01 -5.097038e-01 -8.440343e-01 0.000000e+00 1
-1.622701e+11 -1.006658e+12 -3.521814e+11 -8.672670e-01 4.055544e-01 2.887448e-01 0.000000e+00 1
8.889568e+11 7.730611e+11 -6.417773e+11 -6.359290e-01 -7.065234e-01 3.105139e-01 0.000000e+00 1
9.792737e+11 7.679193e+11 -4.328374e+11 2.647796e-01 1.971661e-01 -9.439371e-01 0.000000e+00 1
-1.709673e+11 -7.855058e+10 -5.909501e+11 9.613997e-01 2.319027e-01 -1.480938e-01 0.000000e+00 1
3.037042e+11 1.291484e+12 -3.722204e+11 -3.839995e-01 -9.160782e-01 1.155209e-01 0.000000e+00 1
-1.853752e+11 -1.038687e+12 -7.841636e+11 -3.199963e-03 -7.085731e-01 7.056301e-01 0.000000e+00 1
9.808542e+11 -8.185113e+10 2.409696e+11 9.855544e-01 1.479472e-01 -8.242617e-02 0.000000e+00 1
-1.274200e+12 6.284538e+11 4.650896e+11 2.309656e-01 9.704878e-01 -6.934243e-02 0.000000e+00 1
-1.941399e+11 -6.378972e+11 6.263044e+11 3.857147e-01 1.105143e-01 9.159753e-01 0.000000e+00 1
9.864699e+11 9.612744e+10 -7.343729e+11 -1.252087e-01 7.942035e-02 -9.889465e-01 0.000000e+00 1
-1.027635e+12 1.461851e+11 -6.491222e+11 9.839581e-01 -1.766167e-01 -2.516117e-02 0.000000e+00 1
-5.561629e+10 -3.156671e+11 -3.383163e+10 -8.768035e-01 -6.483615e-02 -4.764576e-01 0.000000e+00 1
-4.132655e+11 1.976269e+10 -9.319938e+11 3.118290e-01 -6.000646e-01 -7.366716e-01 0.000000e+00 1
2.194679e+11 -1.023379e+12 6.258801e+11 6.766008e-01 -5.263658e-01 5.149276e-01 0.000000e+00 1
6.228870e+10 -1.397258e+12 -5.636319e+11 -8.034065e-01 5.935882e-01 -4.680893e-02 0.000000e+00 1
7.112214e+11 -1.118343e+12 4.657462e+11 8.222098e-01 -5.569163e-01 -1.175386e-01 0.000000e+00 1
8.174289e+11 -1.015148e+12 5.800427e+11 8.343580e-01 2.975237e-01 4.640326e-01 0.000000e+00 1
-1.438457e+12 -1.809417e+11 4.114662e+11 2.048860e-01 2.759148e-01 9.390914e-01 0.000000e+00 1
-3.513204e+11 -4.712108e+11 -8.448203e+11 -6.179681e-01 -1.142365e-01 7.778595e-01 0.000000e+00 1
1.147605e+12 6.688782e+11 -3.314601e+11 5.133286e-02 2.738479e-01 9.604021e-01 0.000000e+00 1
-1.328593e+12 1.979395e+11 -3.469246e+10 2.975383e-01 5.257171e-01 7.969269e-01 0.000000e+00 1
-4.435221e+11 -7.194882e+11 -6.021155e+11 -8.719121e-01 -2.416233e-01 4.258962e-01 0.000000e+00 1
-8.463055e+11 -9.817857e+11 -6.548766e+11 9.051768e-01 -3.946932e-01 -1.577095e-01 0.000000e+00 1
7.669756e+11 -6.592478e+10 -1.219912e+12 2.370252e-01 -2.732004e-01 -9.322986e-01 0.000000e+00 1
-1.616173e+12 2.632071e+11 4.353200e+11 -7.416321e-02 2.429327e-01 -9.672040e-01 0.000000e+00 1
1.497545e+11 -7.219013e+11 6.283952e+11 2.615640e-01 3.416686e-01 9.026887e-01 0.000000e+00 1
-1.346639e+12 5.269933e+11 -5.733560e+11 -5.716781e-01 -5.638120e-02 -8.185386e-01 0.000000e+00 1
-3.562489e+11 -1.158503e+12 3.970322e+11 9.284196e-01 -3.498287e-01 -1.251276e-01 0.000000e+00 1
1.337633e+12 3.457385e+11 8.452552e+11 -1.915976e-01 8.737878e-01 -4.469734e-01 0.000000e+00 1
7.247237e+11 -5.420351e+11 -1.025813e+12 -2.713285e-01 -7.873537e-01 5.535838e-01 0.000000e+00 1
-7.352576e+11 -1.048545e+11 6.410331e+11 8.047475e-01 -5.862959e-01 -9.294458e-02 0.000000e+00 1
-4.221391e+10 6.891363e+11 -1.494538e+12 -1.259334e-01 7.567329e-01 6.414796e-01 0.000000e+00 1
8.920352e+11 1.432360e+11 6.588203e+11 4.947358e-02 6.834669e-01 -7.283031e-01 0.000000e+00 1
1.080069e+12 -4.304770e+11 4.500800e+11 1.888692e-01 -3.951301e-01 -8.989998e-01 0.000000e+00 1
5.055894e+11 -1.026591e+12 1.176201e+12 9.319132e-01 3.597655e-01 -4.589762e-02 0.000000e+00 1
1.455847e+11 1.024501e+12 1.348036e+11 8.325350e-02 -8.416813e-01 5.335180e-01 0.000000e+00 1
3.869960e+11 -1.285607e+12 -5.796018e+11 8.232520e-02 4.498708e-02 9.955896e-01 0.000000e+00 1
-1.058101e+12 9.659256e+11 -1.773392e+11 9.167814e-02 4.512829e-01 8.876592e-01 0.000000e+00 1
9.590097e+11 -9.693645e+11 5.412254e+10 -5.980293e-01 -3.799488e-01 7.056911e-01 0.000000e+00 1
-1.029323e+12 -1.281530e+12 -1.082094e+11 6.343985e-01 -6.903400e-01 -3.478062e-01 0.000000e+00 1
-6.429411e+11 8.204622e+10 -1.049851e+12 4.806217e-01 -7.901571e-01 3.803347e-01 0.000000e+00 1
-2.279029e+11 -8.346266e+11 1.923845e+10 1.109132e-01 9.529972e-01 2.819477e-01 0.000000e+00 1
6.650389e+11 1.496796e+12 1.648672e+11 -5.632389e-01 7.691833e-01 -3.018591e-01 0.000000e+00 1
8.787386e+11 7.438843e+11 -4.793796e+11 -2.172988e-01 -9.420090e-01 -2.557347e-01 0.000000e+00 1
-4.981782e+11 1.496808e+12 3.661021e+11 4.079450e-01 -7.534366e-01 5.156687e-01 0.000000e+00 1
1.707560e+11 -6.609025e+10 1.069779e+12 -6.257447e-02 2.999627e-01 9.518964e-01 0.000000e+00 1
1.068525e+12 -4.906393e+11 -1.015558e+12 4.378449e-01 -1.469378e-01 -8.869618e-01 0.000000e+00 1
-1.276608e+12 7.217852e+11 -2.405089e+11 8.082448e-01 5.325723e-01 -2.512112e-01 0.000000e+00 1
-4.258973e+11 4.761511e+11 1.033223e+12 -3.172573e-01 -7.759935e-01 5.451438e-01 0.000000e+00 1
5.843397e+11 -3.647206e+11 -8.415356e+11 -3.961134e-01 9.177789e-01 2.785815e-02 0.000000e+00 1
-1.315799e+12 -3.858872e+11 -4.694962e+10 -4.233963e-01 6.622789e-01 -6.181604e-01 0.000000e+00 1
-9.809650e+11 5.977142e+10 3.764194e+11 4.130599e-01 -7.706905e-01 -4.851986e-01 0.000000e+00 1
-1.069417e+12 -5.540886e+11 -6.877824e+11 3.466967e-01 -9.352527e-01 -7.144053e-02 0.000000e+00 1
-3.053885e+11 2.764595e+11 -1.263453e+12 -5.128458e-01 -5.856840e-01 6.276651e-01 0.000000e+00 1
6.244791e+11 -8.879764e+11 -4.961506e+11 -1.939027e-01 -6.944650e-01 -6.929070e-01 0.000000e+00 1
7.849354e+11 3.371290e+11 5.826207e+11 -1.686953e-01 -1.662500e-01 9.715466e-01 0.000000e+00 1
-5.598516e+11 -6.370101e+11 3.547610e+10 9.791703e-01 1.222581e-01 1.621065e-01 0.000000e+00 1
-1.079556e+12 -1.257798e+11 7.808526e+11 -6.557549e-01 1.950594e-02 7.547218e-01 0.000000e+00 1
7.920205e+11 8.202066e+11 7.873035e+11 -7.060722e-02 6.160897e-01 7.845050e-01 0.000000e+00 1
-6.231069e+10 -6.044222e+11 1.469221e+12 4.330863e-01 8.989952e-01 6.514570e-02 0.000000e+00 1
1.540144e+11 1.036437e+12 2.218741e+11 -6.465310e-01 -4.913997e-01 -5.835443e-01 0.000000e+00 1
-1.548653e+12 -1.951826e+11 4.590499e+11 2.124584e-01 7.470290e-01 6.299278e-01 0.000000e+00 1
3.248415e+11 3.863204e+11 -1.101807e+12 3.868370e-01 4.792978e-01 7.878012e-01 0.000000e+00 1
-5.435175e+11 -3.940415e+11 8.494886e+11 -6.635684e-01 -5.667370e-01 -4.883504e-01 0.000000e+00 1
1.061297e+12 -6.201190e+10 1.104840e+12 -5.441216e-01 -5.501699e-01 -6.334389e-01 0.000000e+00 1
2.221018e+11 1.323568e+11 7.472180e+11 5.178111e-01 5.928383e-01 -6.167775e-01 0.000000e+00 1
6.844117e+11 6.102649e+11 7.978755e+09 -3.580761e-01 -3.409796e-01 8.692034e-01 0.000000e+00 1
-2.908050e+11 2.785565e+11 1.240116e+12 -3.419327e-01 -9.314216e-01 -1.246426e-01 0.000000e+00 1
-1.190417e+12 8.089861e+10 -1.916917e+11 8.904744e-01 1.475333e-01 4.304524e-01 0.000000e+00 1
-3.576636e+11 -1.169119e+12 9.055712e+11 -3.089212e-02 7.803037e-01 6.246374e-01 0.000000e+00 1
3.133695e+11 -1.860193e+10 -6.859807e+10 3.867185e-01 -4.410800e-01 8.098748e-01 0.000000e+00 1
-2.459208e+11 -6.051555e+11 -2.490090e+11 -4.546692e-01 8.905936e-01 1.090705e-02 0.000000e+00 1
-8.859915e+11 -2.271206e+11 -1.390170e+12 8.872900e-01 -4.518563e-01 -9.242516e-02 0.000000e+00 1
1.068597e+12 -3.706601e+11 -5.825518e+11 1.775214e-01 6.960809e-01 -6.956706e-01 0.000000e+00 1
2.836123e+11 -1.136607e+12 9.215080e+11 -4.735643e-01 -3.956985e-01 7.868669e-01 0.000000e+00 1
-1.205514e+12 2.265571e+10 8.697654e+11 -8.266305e-01 1.401774e-01 5.450068e-01 0.000000e+00 1
2.864071e+11 8.570332e+11 4.111275e+11 1.786580e-01 9.834474e-01 3.020839e-02 0.000000e+00 1
-4.371547e+10 -9.461281e+11 6.817582e+11 -1.687106e-01 9.180086e-01 -3.588830e-01 0.000000e+00 1
3.516088e+11 1.487234e+12 5.929602e+11 9.663831e-01 -2.528668e-01 -4.649910e-02 0.000000e+00 1
-1.150386e+12 -1.174436e+11 5.483191e+11 7.245901e-01 -3.919518e-01 5.668712e-01 0.000000e+00 1
7.862292e+11 -8.683085e+11 -9.519298e+11 7.422683e-01 -6.242115e-01 2.437167e-01 0.000000e+00 1
2.764503e+11 -6.011137e+11 1.579851e+11 3.814335e-01 4.803168e-01 -7.898128e-01 0.000000e+00 1
-2.216251e+11 -4.882426e+10 -1.606545e+12 -5.031022e-01 -3.881703e-01 -7.721477e-01 0.000000e+00 1
-1.094868e+12 6.753786e+11 -8.633698e+11 9.013507e-02 9.181890e-01 3.857519e-01 0.000000e+00 1
6.183041e+11 8.702349e+11 3.548011e+11 -4.395670e-01 -6.827026e-01 5.836934e-01 0.000000e+00 1
1.473138e+12 1.424794e+11 5.879350e+10 6.338010e-01 -8.377699e-02 7.689458e-01 0.000000e+00 1
-8.936439e+11 -3.775390e+11 -1.680916e+11 5.329840e-02 -9.080794e-01 4.153927e-01 0.000000e+00 1
-8.476032e+11 1.003693e+12 -2.881046e+11 3.474845e-01 5.221707e-02 -9.362307e-01 0.000000e+00 1
-1.565221e+12 -1.529093e+11 -9.737406e+10 -9.890003e-01 9.770050e-02 1.110542e-01 0.000000e+00 1
-4.284518e+11 -9.287480e+11 -1.074908e+11 -9.783010e-01 -1.632812e-01 1.275402e-01 0.000000e+00 1
-6.138535e+11 1.361582e+12 -4.938429e+11 -2.046087e-01 -2.542668e-01 -9.452427e-01 0.000000e+00 1
3.747936e+11 3.617440e+11 6.078318e+11 -1.747367e-01 5.307763e-02 -9.831835e-01 0.000000e+00 1
-1.347709e+12 -9.572595e+11 2.073889e+11 -6.804691e-02 -9.642522e-01 -2.561000e-01 0.000000e+00 1
-6.794788e+11 -1.490303e+12 1.810772e+11 -8.235934e-01 -9.439887e-02 5.592699e-01 0.000000e+00 1
-7.615851e+11 -1.003429e+12 -1.586576e+11 4.662062e-01 4.035171e-01 -7.872901e-01 0.000000e+00 1
-5.804056e+11 -9.659383e+11 7.840280e+11 -9.792924e-01 -7.799599e-02 -1.868234e-01 0.000000e+00 1
-2.391147e+11 7.190531e+11 7.425488e+11 5.065306e-01 -8.161299e-01 -2.781343e-01 0.000000e+00 1
9.952680e+11 8.641233e+11 8.711045e+11 -5.875048e-01 -8.092207e-01 -6.938073e-05 0.000000e+00 1
-6.781376e+11 -6.500897e+11 1.135767e+12 -9.295209e-01 3.596012e-01 8.171851e-02 0.000000e+00 1
-1.350324e+12 -6.676042e+11 -2.476294e+11 4.247084e-01 3.155241e-01 8.485678e-01 0.000000e+00 1
-9.134849e+11 8.765615e+11 -2.436232e+10 9.958564e-01 1.562699e-02 -8.958648e-02 0.000000e+00 1
-1.067398e+11 -2.042515e+11 -8.280536e+11 8.456957e-01 1.435469e-02 5.334724e-01 0.000000e+00 1
5.168647e+11 8.877955e+11 -1.052103e+12 9.816880e-01 3.856006e-02 -1.865522e-01 0.000000e+00 1
3.023626e+11 -1.959152e+11 4.886277e+11 2.011647e-01 -8.711989e-01 -4.478227e-01 0.000000e+00 1
-4.949663e+11 -1.504249e+12 5.883000e+11 -4.081841e-01 4.834987e-01 7.743480e-01 0.000000e+00 1
-1.223310e+12 1.435416e+11 -8.694449e+11 6.280043e-01 -7.675060e-01 -1.286280e-01 0.000000e+00 1
2.960640e+11 1.935506e+10 1.226793e+12 2.172444e-01 -8.832541e-01 -4.155323e-01 0.000000e+00 1
-1.215348e+12 8.704367e+11 6.854728e+11 -1.393458e-01 9.539184e-01 -2.657488e-01 0.000000e+00 1
1.525451e+12 -6.713836e+11 2.357616e+10 -8.274022e-02 -9.485631e-01 -3.055849e-01 0.000000e+00 1
-3.981294e+11 -7.965262e+11 -4.382612e+11 -1.575998e-01 7.759767e-01 6.107557e-01 0.000000e+00 1
9.190482e+11 1.260911e+11 -1.232395e+12 -9.802004e-01 1.958140e-01 2.939361e-02 0.000000e+00 1
4.489266e+11 4.250097e+11 -7.793980e+11 -4.280679e-01 5.125343e-01 7.443564e-01 0.000000e+00 1
5.185225e+11 -2.364429e+11 2.159433e+11 -2.204942e-01 -6.985734e-01 -6.807183e-01 0.000000e+00 1
-8.589749e+11 -2.561844e+11 5.097868e+11 -9.999357e-01 -1.507042e-03 1.124104e-02 0.000000e+00 1
-1.271058e+12 -9.790154e+10 -1.007801e+12 5.111364e-01 1.050915e-02 8.594354e-01 0.000000e+00 1
-2.616081e+11 9.930215e+11 8.941236e+11 2.284568e-01 -7.949662e-01 -5.619930e-01 0.000000e+00 1
-3.448816e+11 1.222384e+12 -6.950746e+11 -4.962929e-01 -7.328587e-01 4.654154e-01 0.000000e+00 1
-7.368599e+11 4.653238e+11 1.299763e+12 -9.496197e-01 1.387253e-01 -2.810299e-01 0.000000e+00 1
-7.020786e+11 1.008152e+12 -8.884798e+11 -9.008335e-01 -1.371118e-01 -4.119459e-01 0.000000e+00 1
4.250595e+11 6.579059e+11 9.836212e+11 2.201603e-01 8.199774e-01 5.283621e-01 0.000000e+00 1
7.155297e+10 -4.079319e+11 1.388835e+12 7.309074e-01 6.692410e-01 -1.337564e-01 0.000000e+00 1
-6.010262e+11 -4.878447e+11 -1.369709e+11 -3.872575e-02 2.608012e-01 -9.646155e-01 0.000000e+00 1
5.068598e+11 6.164048e+11 -1.581540e+11 -3.699442e-01 -1.002923e-01 -9.236248e-01 0.000000e+00 1
1.561611e+11 1.123486e+12 2.149894e+11 8.294730e-02 7.897636e-01 6.077773e-01 0.000000e+00 1
-1.390536e+12 1.511449e+10 5.842047e+11 -5.746762e-01 -8.181846e-01 -1.792137e-02 0.000000e+00 1
8.341367e+11 4.943951e+11 5.337889e+11 4.113453e-01 -8.954592e-01 1.701408e-01 0.000000e+00 1
9.094835e+11 8.927144e+11 -9.559368e+11 -6.021429e-02 7.761638e-01 6.276496e-01 0.000000e+00 1
4.453872e+10 1.080349e+12 -4.228932e+11 2.601934e-01 -7.667778e-01 5.868145e-01 0.000000e+00 1
5.303297e+10 3.400084e+11 1.184981e+12 9.254842e-01 3.214432e-01 2.003830e-01 0.000000e+00 1
2.150051e+11 1.230610e+12 1.189956e+11 -9.244902e-02 -6.099761e-01 7.870085e-01 0.000000e+00 1
9.936730e+11 6.441237e+11 -2.756610e+11 7.619561e-01 5.090822e-01 -4.003228e-01 0.000000e+00 1
-6.415139e+11 1.033581e+12 1.995861e+11 6.086061e-01 1.846073e-01 7.716986e-01 0.000000e+00 1
-8.018703e+11 -4.433937e+10 -2.597510e+11 6.056887e-01 1.496605e-01 -7.815004e-01 0.000000e+00 1
-4.924746e+11 2.012386e+09 2.045451e+10 3.112355e-01 9.386811e-01 -1.483585e-01 0.000000e+00 1
-5.303886e+11 8.075043e+11 -1.379567e+12 -1.520141e-01 -6.600765e-01 7.356567e-01 0.000000e+00 1
-1.061688e+12 3.965921e+10 -5.778085e+11 -2.352907e-01 8.402996e-01 4.884002e-01 0.000000e+00 1
-3.887744e+10 -1.244493e+12 1.294731e+11 2.937625e-01 9.010589e-01 -3.190556e-01 0.000000e+00 1
7.216170e+11 4.427320e+11 9.243343e+11 1.896483e-01 -9.816913e-01 1.776920e-02 0.000000e+00 1
-1.369036e+12 3.390677e+11 8.798655e+11 3.606797e-03 9.684647e-01 -2.491246e-01 0.000000e+00 1
9.651929e+11 4.971778e+11 4.888665e+11 5.973638e-01 -7.978515e-01 8.117585e-02 0.000000e+00 1
-1.052767e+12 -4.765316e+11 -3.302004e+11 -5.831553e-01 3.892772e-01 7.130169e-01 0.000000e+00 1
5.891733e+11 -8.155852e+11 -2.623318e+11 7.499798e-01 -6.496678e-01 1.243462e-01 0.000000e+00 1
4.686761e+11 -1.471513e+12 1.008902e+11 3.387581e-01 6.188344e-01 -7.087221e-01 0.000000e+00 1
-7.271970e+11 1.461378e+12 2.291381e+11 5.023925e-01 -7.587783e-01 -4.145566e-01 0.000000e+00 1
2.442607e+11 -9.995819e+11 -7.377555e+11 -3.740429e-01 6.629329e-01 6.485459e-01 0.000000e+00 1
3.158278e+11 1.400753e+12 -7.484574e+11 4.587885e-01 8.824102e-01 -1.042367e-01 0.000000e+00 1
1.165966e+12 2.328349e+11 3.835342e+10 6.630001e-01 -5.941082e-01 -4.554847e-01 0.000000e+00 1
-1.405335e+11 -3.853857e+11 3.159145e+09 2.936707e-01 6.686345e-01 -6.831438e-01 0.000000e+00 1
8.924178e+11 5.511808e+11 1.249848e+12 -5.388124e-01 4.005612e-01 7.411018e-01 0.000000e+00 1
1.377423e+12 -3.971639e+11 -8.888947e+11 -3.114061e-01 -7.185718e-01 6.218366e-01 0.000000e+00 1
-3.123142e+11 2.386736e+11 -1.684340e+10 -1.866812e-01 9.383381e-01 -2.909840e-01 0.000000e+00 1
-1.558020e+12 4.104498e+11 -2.213980e+11 -7.053217e-01 -6.077860e-01 -3.648527e-01 0.000000e+00 1
-9.095333e+11 6.735245e+11 -8.061548e+11 -7.077621e-01 -7.061696e-01 1.993305e-02 0.000000e+00 1
-9.829745e+11 -7.797334e+11 -6.197221e+11 -9.197869e-01 -2.046248e-01 3.348445e-01 0.000000e+00 1
-2.551516e+11 -9.550313e+11 -2.834432e+11 -5.083329e-01 -8.545624e-01 1.063992e-01 0.000000e+00 1
2.395691e+11 1.035064e+11 -9.277618e+11 -6.480225e-01 4.201609e-01 -6.352414e-01 0.000000e+00 1
-9.259175e+11 -3.266709e+11 1.494883e+11 -1.263946e-01 9.213730e-01 3.675544e-01 0.000000e+00 1
9.607076e+11 -3.795687e+11 -6.126172e+11 6.499974e-01 7.595067e-01 2.555073e-02 0.000000e+00 1
5.566235e+11 1.099142e+12 -7.037189e+11 6.937454e-02 -3.675480e-01 9.274134e-01 0.000000e+00 1
7.300742e+11 -9.922291e+10 -5.939643e+11 1.615348e-01 8.436167e-01 -5.120716e-01 0.000000e+00 1
3.920541e+11 5.657272e+11 -1.172366e+12 -4.061280e-01 -1.793032e-01 8.960527e-01 0.000000e+00 1
2.696240e+11 6.380238e+11 1.039126e+12 -2.689937e-01 -5.661665e-02 -9.614765e-01 0.000000e+00 1
5.733798e+11 -2.024814e+11 1.560362e+12 3.359460e-01 7.011058e-01 -6.289602e-01 0.000000e+00 1
-2.846831e+11 -2.029459e+11 1.041572e+12 -5.484936e-01 -6.979029e-01 4.605282e-01 0.000000e+00 1
-1.268783e+12 -1.075037e+11 -7.831576e+11 -2.867455e-01 9.365357e-01 -2.016876e-01 0.000000e+00 1
1.378911e+11 -6.672155e+11 6.433553e+11 -2.756387e-01 -6.172995e-01 7.368613e-01 0.000000e+00 1
-1.487941e+12 2.304027e+11 2.076993e+11 5.972394e-01 6.290998e-01 4.975325e-01 0.000000e+00 1
-3.508778e+11 -1.040016e+11 1.783661e+11 7.476465e-01 3.383263e-01 5.714543e-01 0.000000e+00 1
1.769447e+11 2.578825e+11 1.306536e+12 -7.811384e-01 -4.777745e-01 -4.019381e-01 0.000000e+00 1
-7.239555e+10 -1.540817e+12 6.208324e+11 -5.807860e-01 -4.226006e-01 6.957703e-01 0.000000e+00 1
6.167541e+11 -7.386087e+11 3.978494e+10 -9.419637e-01 -1.191256e-01 3.138686e-01 0.000000e+00 1
-1.257713e+11 -1.886756e+11 1.485925e+12 -1.421549e-01 -7.862618e-01 6.013188e-01 0.000000e+00 1
8.269448e+11 -1.153237e+11 1.401024e+12 -1.528569e-01 -1.707488e-01 -9.733857e-01 0.000000e+00 1
-1.555341e+12 1.887632e+11 2.211381e+11 -9.592527e-01 1.854066e-01 -2.132103e-01 0.000000e+00 1
-7.259928e+11 9.435736e+10 7.329493e+10 2.206639e-01 -4.945057e-01 -8.406970e-01 0.000000e+00 1
6.777964e+11 2.712409e+11 3.116520e+11 9.030214e-01 2.861009e-01 -3.204661e-01 0.000000e+00 1
9.444718e+11 7.072566e+11 9.908306e+11 -5.757900e-01 -8.079990e-01 -1.249141e-01 0.000000e+00 1
-8.545937e+11 -1.038909e+12 -1.087149e+11 -5.918638e-01 -7.956960e-01 1.287058e-01 0.000000e+00 1
-7.204832e+11 -2.864169e+11 -1.118373e+12 3.718013e-01 4.854682e-01 -7.912550e-01 0.000000e+00 1
1.440700e+12 -2.696779e+11 -1.153385e+11 3.336244e-01 6.116754e-01 -7.173200e-01 0.000000e+00 1
4.917954e+11 -1.079435e+12 6.181120e+11 2.727012e-01 8.237546e-01 4.970538e-01 0.000000e+00 1
-1.108036e+12 -1.011414e+12 7.034619e+10 -4.606605e-01 6.978575e-01 5.484404e-01 0.000000e+00 1
5.152386e+11 1.498107e+12 3.188160e+11 -9.895296e-01 7.577366e-02 1.228391e-01 0.000000e+00 1
-5.597795e+10 -1.589477e+11 1.275476e+12 3.433832e-01 -1.765620e-01 9.224499e-01 0.000000e+00 1
1.194185e+12 -2.247243e+11 9.592971e+11 5.852384e-01 -4.446047e-01 6.781022e-01 0.000000e+00 1
-2.081987e+11 1.491674e+12 -4.489654e+11 9.517352e-01 -1.324085e-01 -2.768902e-01 0.000000e+00 1
-1.158003e+12 -2.269917e+11 -1.641843e+11 4.751722e-01 -9.391825e-02 -8.748661e-01 0.000000e+00 1
7.096369e+11 5.929952e+11 3.332000e+10 4.260194e-01 -6.215380e-01 6.574176e-01 0.000000e+00 1
-4.272955e+11 -1.474253e+12 -1.968511e+11 -5.630489e-01 2.581151e-01 7.850812e-01 0.000000e+00 1
7.221167e+11 9.280175e+09 -1.250658e+12 -2.875995e-01 9.081476e-01 -3.042277e-01 0.000000e+00 1
1.236940e+12 7.149498e+11 -2.753934e+11 7.658689e-01 6.276517e-01 -1.396358e-01 0.000000e+00 1
-6.419916e+11 -3.641813e+11 8.920675e+11 -1.520678e-01 9.860105e-01 -6.825482e-02 0.000000e+00 1
1.040115e+12 -1.251128e+12 -2.523811e+11 -4.175109e-01 8.913773e-01 1.764402e-01 0.000000e+00 1
4.870857e+10 -1.302704e+12 -4.972604e+11 -6.274070e-01 -2.473600e-01 7.383586e-01 0.000000e+00 1
2.414149e+11 -7.489591e+11 -1.489644e+12 -4.181498e-01 7.381667e-01 -5.293964e-01 0.000000e+00 1
7.296632e+11 -1.354586e+12 -5.780098e+10 2.115762e-01 5.941848e-01 -7.760025e-01 0.000000e+00 1
-3.103729e+11 -4.649984e+11 -1.211583e+12 -2.172876e-01 9.137811e-01 3.432057e-01 0.000000e+00 1
-8.254303e+11 -4.315778e+11 6.947255e+11 8.829035e-01 1.768300e-01 4.349858e-01 0.000000e+00 1
3.274060e+11 -4.563130e+11 1.156986e+12 -2.043583e-01 7.956403e-01 5.702580e-01 0.000000e+00 1
-2.617910e+11 4.931030e+11 1.401510e+12 -1.515234e-02 -7.075453e-01 -7.065055e-01 0.000000e+00 1
8.713696e+11 6.657892e+11 8.836698e+10 8.079747e-01 5.726435e-01 -1.387674e-01 0.000000e+00 1
1.530998e+12 -1.006360e+11 5.344244e+11 -2.374357e-01 -5.828369e-02 -9.696532e-01 0.000000e+00 1
-7.157032e+11 -7.520000e+11 -1.017764e+12 -9.769730e-02 9.626254e-01 2.526014e-01 0.000000e+00 1
-6.728133e+11 5.106962e+11 -7.958726e+11 -1.693726e-01 9.546254e-01 2.449555e-01 0.000000e+00 1
-6.489180e+11 1.794498e+11 -1.371024e+12 6.177978e-01 7.771193e-01 1.200479e-01 0.000000e+00 1
1.292312e+12 -5.865570e+11 6.682071e+11 7.821735e-01 5.744740e-01 2.412140e-01 0.000000e+00 1
-7.190302e+11 -1.403726e+12 9.228638e+10 -1.595148e-01 -3.355857e-01 -9.284058e-01 0.000000e+00 1
3.659700e+11 3.932026e+11 1.604499e+12 -6.956435e-01 -7.085199e-01 1.186576e-01 0.000000e+00 1
-1.289469e+12 8.565076e+11 -4.432693e+11 -3.305492e-01 -1.824714e-01 -9.259813e-01 0.000000e+00 1
-1.672152e+11 1.004628e+11 8.341228e+11 5.612525e-01 7.262925e-01 3.968563e-01 0.000000e+00 1
2.952957e+11 3.813386e+11 1.381360e+12 3.924675e-01 2.311184e-02 -9.194755e-01 0.000000e+00 1
2.385600e+11 -1.341983e+12 -2.862227e+11 -8.612128e-01 -6.236331e-02 -5.044039e-01 0.000000e+00 1
-1.016530e+12 -1.044269e+11 3.902582e+11 -9.272927e-01 3.741345e-01 1.231570e-02 0.000000e+00 1
-4.183455e+11 -9.205295e+11 -2.604191e+11 -4.853577e-01 -6.775179e-01 -5.526277e-01 0.000000e+00 1
2.441018e+11 2.146086e+11 4.619604e+11 7.697397e-01 -6.264870e-01 -1.225347e-01 0.000000e+00 1
-5.597959e+11 1.480388e+10 -1.636447e+10 7.959365e-01 -5.109886e-01 3.246165e-01 0.000000e+00 1
-1.409127e+12 1.512379e+11 -8.758117e+11 8.274257e-01 -5.614153e-01 1.340005e-02 0.000000e+00 1
1.351611e+12 7.926628e+11 1.020795e+11 -6.337914e-01 -1.115788e-01 7.654140e-01 0.000000e+00 1
-4.396533e+11 -3.235885e+11 1.217493e+12 1.691127e-02 -8.479009e-01 -5.298849e-01 0.000000e+00 1
-1.085188e+12 3.000159e+11 -9.563262e+11 6.608349e-01 -7.458833e-01 -8.339883e-02 0.000000e+00 1
-4.516789e+11 -4.846863e+11 1.146419e+12 -7.058724e-01 -6.771755e-01 -2.077917e-01 0.000000e+00 1
-8.361035e+11 1.920912e+11 2.537782e+10 -8.028579e-01 1.086959e-01 -5.861777e-01 0.000000e+00 1
-1.620636e+11 4.229614e+11 -3.481690e+11 -3.078643e-02 8.742385e-01 -4.845196e-01 0.000000e+00 1
-2.800402e+11 -1.633071e+12 9.131077e+09 3.679675e-01 8.245094e-01 4.298652e-01 0.000000e+00 1
-4.192863e+10 -5.542799e+11 8.024400e+11 8.225750e-01 2.709178e-01 -4.999739e-01 0.000000e+00 1
6.444681e+10 1.336468e+12 4.674448e+11 4.674804e-02 7.150578e-01 6.975005e-01 0.000000e+00 1
-7.565842e+11 1.881310e+11 6.431973e+11 9.362041e-01 -1.927994e-01 -2.938542e-01 0.000000e+00 1
3.110271e+11 2.760001e+11 6.506275e+11 5.213104e-02 6.181867e-02 -9.967250e-01 0.000000e+00 1
-6.468407e+11 -1.020335e+12 -9.808270e+11 9.731488e-01 -2.281925e-01 3.015910e-02 0.000000e+00 1
6.824908e+09 2.136311e+11 -7.766471e+11 -3.287816e-01 -8.555643e-01 3.998905e-01 0.000000e+00 1
3.774962e+11 -7.487002e+09 -1.137481e+12 1.070525e-01 -9.031340e-01 -4.157989e-01 0.000000e+00 1
2.720332e+11 8.538691e+11 -1.286829e+12 -6.831937e-01 -6.444480e-01 3.434140e-01 0.000000e+00 1
-2.247084e+11 -7.081666e+11 -9.700072e+11 -7.067525e-01 -6.989123e-01 1.096475e-01 0.000000e+00 1
6.566278e+11 -1.254538e+12 4.167888e+11 -2.170985e-01 9.719829e-01 9.009665e-02 0.000000e+00 1
-4.896771e+11 1.275638e+12 -8.607216e+11 9.623075e-01 -2.592430e-01 -8.220280e-02 0.000000e+00 1
-2.796386e+10 7.488544e+11 4.208054e+11 -9.395665e-01 1.938140e-01 2.822251e-01 0.000000e+00 1
-9.192370e+11 -9.874227e+11 1.022135e+12 -6.114372e-02 8.257708e-01 5.606817e-01 0.000000e+00 1
-4.993221e+11 -5.349581e+11 -5.338913e+11 9.452698e-01 1.397049e-01 -2.948688e-01 0.000000e+00 1
-7.471812e+11 3.237534e+11 4.292592e+09 8.530831e-01 -4.929035e-01 1.711591e-01 0.000000e+00 1
-1.072079e+11 4.733395e+10 -1.563660e+12 -2.139846e-01 -5.489500e-01 -8.080003e-01 0.000000e+00 1
-7.990733e+11 1.240893e+12 -3.994820e+11 -6.857378e-01 -7.159193e-01 1.312373e-01 0.000000e+00 1
-7.005422e+11 1.712373e+11 -9.912009e+11 4.761672e-01 -8.793547e-01 -2.391964e-04 0.000000e+00 1
-5.970110e+11 2.590278e+11 -1.631337e+11 1.331534e-01 -6.638605e-01 -7.359072e-01 0.000000e+00 1
-2.062399e+11 -5.674186e+11 -1.216915e+12 -3.377801e-01 -3.969649e-01 -8.534187e-01 0.000000e+00 1
-1.004740e+12 -2.419708e+11 -1.025570e+12 7.970891e-01 4.781906e-01 -3.687582e-01 0.000000e+00 1
6.154223e+11 7.657478e+11 -1.040276e+12 3.071056e-01 -7.537258e-01 5.810194e-01 0.000000e+00 1
-5.012254e+11 6.834851e+11 -2.244982e+11 9.774749e-01 -6.970450e-02 -1.992085e-01 0.000000e+00 1
-6.628593e+11 -1.058626e+12 9.968178e+11 8.600613e-01 4.911317e-01 -1.381455e-01 0.000000e+00 1
3.075520e+11 -1.059655e+12 9.447372e+11 8.538244e-01 -2.091818e-01 -4.766833e-01 0.000000e+00 1
4.540134e+11 1.770896e+11 2.175499e+11 5.881610e-01 -1.238697e-01 -7.992014e-01 0.000000e+00 1
-1.073089e+11 -1.415907e+12 9.065510e+11 3.897802e-01 -5.579771e-01 7.326206e-01 0.000000e+00 1
5.330583e+11 2.717147e+11 8.417415e+11 7.816498e-01 5.962588e-01 1.830274e-01 0.000000e+00 1
4.097688e+11 -3.455760e+11 1.099869e+12 -3.101236e-01 7.479951e-01 5.867936e-01 0.000000e+00 1
-7.172712e+09 9.484734e+11 -4.046971e+11 8.775953e-01 4.223908e-01 2.267432e-01 0.000000e+00 1
-1.031752e+12 1.029926e+11 -1.222540e+12 9.271092e-01 -9.098608e-02 -3.635795e-01 0.000000e+00 1
9.199570e+11 -7.569952e+11 4.406515e+11 -1.006354e-01 3.916717e-01 -9.145851e-01 0.000000e+00 1
6.416804e+11 -5.359093e+11 1.096952e+12 -8.142757e-01 4.678363e-02 -5.785900e-01 0.000000e+00 1
1.058697e+12 3.394928e+11 1.048426e+12 -1.502684e-01 5.300601e-01 8.345392e-01 0.000000e+00 1
1.078677e+12 -3.687586e+11 1.584818e+11 -5.963491e-01 7.672177e-01 2.361031e-01 0.000000e+00 1
1.310261e+12 1.858927e+10 -7.417216e+11 5.854282e-01 3.242015e-01 7.430795e-01 0.000000e+00 1
-1.114637e+12 8.081626e+11 -3.260006e+11 5.447549e-01 5.173067e-01 -6.600272e-01 0.000000e+00 1
7.818341e+11 -1.128009e+12 5.599667e+11 7.151482e-01 -3.979745e-01 -5.746124e-01 0.000000e+00 1
5.280383e+11 -4.656149e+11 -2.341795e+11 -4.406440e-01 6.387871e-01 -6.307012e-01 0.000000e+00 1
-7.019211e+11 1.043090e+12 -5.056470e+11 6.333142e-01 -6.840207e-01 3.619789e-01 0.000000e+00 1
-1.062725e+12 6.491380e+11 8.844295e+11 8.818186e-01 -2.660418e-01 -3.893812e-01 0.000000e+00 1
1.321288e+12 2.190645e+10 5.328896e+11 -1.899891e-01 -8.171909e-02 9.783793e-01 0.000000e+00 1
6.487149e+11 3.164745e+11 -1.191545e+12 -7.052929e-01 3.076583e-01 -6.386770e-01 0.000000e+00 1
-1.638857e+11 -9.369090e+11 9.968668e+11 -1.601093e-01 4.773863e-01 -8.639834e-01 0.000000e+00 1
9.306547e+11 -4.860183e+11 -1.382869e+11 -5.606380e-02 1.423673e-01 9.882249e-01 0.000000e+00 1
2.657015e+11 -9.175324e+11 -4.244320e+11 -4.975967e-01 3.274728e-01 -8.032179e-01 0.000000e+00 1
4.543749e+11 2.931722e+11 3.729111e+11 3.843610e-01 7.024433e-02 -9.205066e-01 0.000000e+00 1
-1.492206e+12 -5.244052e+11 2.916489e+11 1.393529e-01 -7.335511e-01 6.651944e-01 0.000000e+00 1
1.088077e+12 -1.689705e+11 5.661960e+11 -1.357656e-01 -1.297078e-02 -9.906561e-01 0.000000e+00 1
4.797353e+11 4.928807e+10 1.105245e+12 -8.870894e-02 -7.443418e-01 6.618806e-01 0.000000e+00 1
2.532285e+11 2.368672e+11 -6.810512e+11 2.962298e-02 -3.373154e-01 9.409255e-01 0.000000e+00 1
-8.035747e+11 2.966068e+11 1.642474e+11 -1.683033e-01 -9.531650e-01 2.512974e-01 0.000000e+00 1
2.749606e+11 -1.340119e+12 1.639708e+11 4.358050e-01 -3.866460e-01 8.127600e-01 0.000000e+00 1
1.118299e+12 2.792381e+11 1.097915e+12 -2.096638e-01 4.873412e-01 8.476672e-01 0.000000e+00 1
1.707532e+11 -4.162169e+11 1.618774e+11 2.808338e-02 1.239021e-01 -9.918970e-01 0.000000e+00 1
1.166297e+12 7.722511e+11 -2.041987e+11 -3.440613e-01 7.601183e-01 5.512187e-01 0.000000e+00 1
-1.896313e+11 2.519693e+11 -1.319605e+12 -4.845221e-01 7.350752e-01 -4.742391e-01 0.000000e+00 1
1.396894e+10 7.508378e+11 2.990739e+11 -7.760359e-01 -5.681097e-01 2.738970e-01 0.000000e+00 1
3.592459e+11 -5.142587e+10 -1.054594e+12 5.267085e-01 -5.763926e-01 -6.247797e-01 0.000000e+00 1
-1.337794e+12 9.642814e+11 3.014453e+11 -9.235624e-01 1.388591e-01 3.574222e-01 0.000000e+00 1
-4.410655e+11 -6.796697e+11 1.914390e+11 -6.270542e-01 -6.844340e-01 -3.719586e-01 0.000000e+00 1
1.676442e+11 -3.753705e+11 -1.158045e+12 8.935116e-01 3.848084e-01 -2.314295e-01 0.000000e+00 1
1.512141e+12 -5.524280e+11 -4.201882e+11 8.517885e-01 -2.568224e-01 4.566165e-01 0.000000e+00 1
8.645778e+11 -3.909272e+11 2.741323e+11 -8.581387e-01 4.535234e-01 -2.406543e-01 0.000000e+00 1
-1.176940e+12 -6.583122e+10 7.439814e+11 7.139361e-01 -3.400894e-01 6.120739e-01 0.000000e+00 1
5.191576e+11 -2.545193e+11 4.828470e+11 2.343700e-01 -7.986595e-01 5.542686e-01 0.000000e+00 1
2.824785e+11 -2.520667e+11 5.626517e+11 1.175789e-01 -1.561928e-01 9.807033e-01 0.000000e+00 1
6.026315e+11 6.231440e+10 9.965653e+11 1.889728e-01 6.694283e-01 -7.184393e-01 0.000000e+00 1
2.163418e+11 -7.859388e+10 9.781651e+11 -1.908994e-01 -9.453131e-01 -2.644629e-01 0.000000e+00 1
-8.738740e+11 2.771729e+11 -1.426535e+12 -6.398925e-01 -3.661301e-03 -7.684557e-01 0.000000e+00 1
-1.071442e+12 2.859430e+11 2.311185e+11 -1.380381e-02 -9.658202e-01 2.588451e-01 0.000000e+00 1
-5.152820e+11 3.962487e+11 1.261262e+12 2.883578e-01 -8.226929e-01 -4.899246e-01 0.000000e+00 1
-6.933898e+11 -1.184835e+12 -3.849282e+11 9.139243e-01 3.901539e-01 1.119031e-01 0.000000e+00 1
-1.045142e+12 1.191439e+11 6.817498e+11 -4.333111e-01 4.192292e-01 7.978022e-01 0.000000e+00 1
1.048433e+12 7.602823e+11 -3.038955e+11 4.555759e-01 -4.779843e-03 8.901841e-01 0.000000e+00 1
-8.782074e+11 -7.074887e+11 -6.622098e+11 -9.737825e-01 1.582208e-01 1.634436e-01 0.000000e+00 1
-5.898250e+10 -1.421115e+12 -6.037412e+11 -7.291109e-02 -7.523793e-01 6.546827e-01 0.000000e+00 1
-1.317530e+11 -9.281576e+11 1.066966e+12 -2.149663e-01 5.146808e-01 8.299959e-01 0.000000e+00 1
7.858367e+11 -9.163623e+11 1.183499e+12 8.561001e-01 4.620915e-03 5.167893e-01 0.000000e+00 1
5.346242e+11 -7.972823e+11 1.396095e+12 4.627554e-01 -4.411801e-01 -7.689067e-01 0.000000e+00 1
-8.340476e+11 7.216233e+11 -1.046900e+12 9.133847e-02 -7.706169e-01 6.307193e-01 0.000000e+00 1
2.312717e+11 1.546281e+12 -3.624471e+11 -7.396863e-01 -2.469862e-01 6.259889e-01 0.000000e+00 1
-4.688372e+11 -2.488957e+11 -1.001527e+12 7.113639e-01 -6.991709e-01 -7.156486e-02 0.000000e+00 1
6.321730e+11 -1.119426e+12 -4.080131e+11 -9.002031e-01 -1.411734e-01 4.119521e-01 0.000000e+00 1
2.473343e+11 1.614238e+12 3.966592e+11 -8.610761e-01 -4.846797e-01 -1.537317e-01 0.000000e+00 1
-7.843089e+11 -1.129232e+12 -9.021219e+11 -3.458770e-01 -7.967780e-01 -4.954935e-01 0.000000e+00 1
1.148934e+12 -2.980662e+11 -3.631975e+11 5.642529e-01 -8.186522e-01 -1.068980e-01 0.000000e+00 1
2.043184e+10 1.401992e+11 3.786479e+11 -3.078927e-01 1.434026e-01 -9.405518e-01 0.000000e+00 1
-1.016242e+12 2.666257e+11 1.166912e+12 -6.609546e-01 -3.742273e-01 6.504559e-01 0.000000e+00 1
5.731503e+11 1.035913e+12 4.377334e+11 -9.924698e-01 1.180099e-01 3.282349e-02 0.000000e+00 1
-6.254254e+11 1.565060e+11 2.456535e+11 -3.821196e-01 -3.602135e-01 8.510175e-01 0.000000e+00 1
1.078534e+12 -9.373796e+11 -2.456880e+11 -8.514230e-01 7.605770e-02 5.189355e-01 0.000000e+00 1
-8.596742e+11 6.309617e+11 3.731869e+11 4.970828e-01 -8.665350e-01 4.500873e-02 0.000000e+00 1
8.108571e+11 4.364659e+11 1.408938e+12 -7.558001e-01 -2.892459e-02 6.541633e-01 0.000000e+00 1
6.857982e+11 9.610890e+11 3.454380e+11 4.930565e-01 5.748187e-01 -6.530534e-01 0.000000e+00 1
1.018876e+12 -4.648925e+11 2.137000e+11 4.722784e-01 4.609894e-01 7.512934e-01 0.000000e+00 1
-9.084427e+11 -4.335441e+11 4.705633e+11 4.657610e-01 7.978988e-01 3.826540e-01 0.000000e+00 1
1.102126e+12 6.472589e+11 -7.120970e+11 -4.308963e-01 -6.204495e-01 6.552639e-01 0.000000e+00 1
5.460908e+11 -2.665368e+11 4.435639e+11 1.622475e-01 6.127389e-01 7.734512e-01 0.000000e+00 1
9.229590e+11 -3.395625e+11 -1.360850e+12 2.075012e-01 9.750048e-01 -7.942895e-02 0.000000e+00 1
5.665645e+11 -2.058356e+11 -1.571725e+12 -5.020805e-01 -8.795021e-02 8.603371e-01 0.000000e+00 1
-8.284109e+11 6.058652e+11 5.152376e+11 2.939740e-01 -9.324199e-01 -2.101723e-01 0.000000e+00 1
3.000290e+11 -7.237412e+11 7.307217e+09 -7.739514e-01 -5.054612e-01 3.814555e-01 0.000000e+00 1
-8.654913e+11 7.642466e+11 -5.320398e+11 -5.151340e-01 3.617389e-02 8.563460e-01 0.000000e+00 1
-2.889934e+11 8.366040e+11 -1.790780e+11 -6.933934e-01 -2.877380e-01 6.606152e-01 0.000000e+00 1
-1.301608e+12 -3.905636e+11 -7.775052e+11 1.817885e-01 -6.125827e-01 -7.692174e-01 0.000000e+00 1
1.767175e+11 5.658703e+10 -1.217240e+12 5.120676e-01 -3.356774e-01 7.906374e-01 0.000000e+00 1
2.860029e+11 -7.494963e+11 -8.050273e+11 -3.079213e-01 -8.755854e-01 3.722024e-01 0.000000e+00 1
-3.598396e+11 8.502155e+09 6.120843e+10 2.512581e-01 -4.494688e-01 8.572323e-01 0.000000e+00 1
-8.982121e+11 8.707964e+11 5.698624e+11 -1.153273e-01 -7.443479e-01 6.577582e-01 0.000000e+00 1
-5.710385e+11 -9.005702e+11 2.497321e+11 -9.086612e-02 9.350634e-01 3.426365e-01 0.000000e+00 1
2.270574e+11 -1.978665e+11 -1.350853e+12 2.958735e-01 6.764109e-01 -6.744829e-01 0.000000e+00 1
5.351089e+11 -5.029475e+11 -1.818513e+11 -1.371120e-01 -9.794861e-01 1.476731e-01 0.000000e+00 1
3.723989e+11 -7.224811e+11 -1.260444e+12 -6.615811e-01 8.467148e-02 7.450780e-01 0.000000e+00 1
7.077202e+11 1.379834e+12 2.358895e+11 6.427713e-01 -3.366337e-01 -6.881300e-01 0.000000e+00 1
-1.790475e+11 -8.432401e+11 7.892447e+10 6.649581e-01 6.672118e-01 3.356474e-01 0.000000e+00 1
-5.046206e+11 -1.382801e+12 -4.875033e+11 -9.250880e-01 2.170315e-01 -3.116239e-01 0.000000e+00 1
8.077823e+10 5.374502e+11 1.562309e+12 -2.196081e-01 -9.754025e-01 1.903135e-02 0.000000e+00 1
-1.006131e+10 -1.575556e+11 8.199741e+11 -6.776855e-01 -2.560280e-01 -6.893417e-01 0.000000e+00 1
3.893519e+11 6.244913e+10 2.551709e+11 2.692596e-01 -8.720381e-01 4.087160e-01 0.000000e+00 1
6.814776e+10 9.520474e+11 1.067725e+12 5.577317e-01 -5.287144e-01 6.398410e-01 0.000000e+00 1
-6.302721e+11 4.465917e+11 1.041075e+12 -5.185816e-01 -1.843744e-01 -8.349127e-01 0.000000e+00 1
4.001692e+08 -5.634505e+11 -4.466990e+11 2.213695e-01 2.956003e-01 -9.293094e-01 0.000000e+00 1
-5.063088e+11 9.042698e+10 -6.219934e+11 -5.702821e-01 7.007104e-01 -4.286995e-01 0.000000e+00 1
-1.115282e+12 1.256731e+12 -7.224191e+10 2.271443e-01 3.114395e-01 -9.227193e-01 0.000000e+00 1
9.906139e+11 2.616736e+11 6.056632e+11 -7.949197e-01 2.530981e-01 5.514019e-01 0.000000e+00 1
1.295590e+12 -4.316438e+11 -7.478111e+11 2.130787e-01 -4.843068e-01 8.485543e-01 0.000000e+00 1
-1.635837e+12 1.363929e+11 2.872320e+11 2.684961e-01 -9.621242e-01 4.718900e-02 0.000000e+00 1
-1.078272e+12 4.108868e+11 1.090629e+12 -8.645604e-01 -3.240316e-01 3.841079e-01 0.000000e+00 1
-5.370726e+11 4.064972e+11 -8.475771e+11 8.157533e-01 -5.255899e-01 -2.414574e-01 0.000000e+00 1
-7.177930e+11 -8.959930e+11 -1.443661e+11 -9.337910e-01 2.707808e-01 2.339062e-01 0.000000e+00 1
5.789847e+11 -1.274761e+12 -2.284094e+11 3.265496e-02 9.792219e-01 2.001453e-01 0.000000e+00 1
-1.225887e+12 -9.848005e+10 4.470609e+11 -2.075818e-01 -8.880040e-01 -4.103153e-01 0.000000e+00 1
-1.318776e+12 6.453982e+11 -2.169721e+10 -4.900540e-01 1.742947e-01 -8.540892e-01 0.000000e+00 1
4.140229e+11 -1.315593e+11 -9.514201e+10 -7.154613e-01 7.106599e-02 -6.950286e-01 0.000000e+00 1
6.984838e+11 -7.033910e+11 -1.084510e+11 -3.352631e-01 -7.120464e-01 -6.169187e-01 0.000000e+00 1
6.671727e+10 -1.098540e+12 -1.089793e+12 3.927949e-01 -7.985335e-01 4.561321e-01 0.000000e+00 1
-3.565655e+09 1.587126e+12 -2.937993e+11 7.556584e-01 6.395431e-01 -1.412977e-01 0.000000e+00 1
3.079606e+11 -5.581617e+11 1.051092e+12 -1.701484e-01 -9.485969e-01 -2.668587e-01 0.000000e+00 1
5.531340e+11 -9.812252e+10 -9.651182e+10 -6.169947e-01 -7.652433e-01 -1.836310e-01 0.000000e+00 1
5.170340e+11 -1.068952e+12 -1.755031e+11 -9.267200e-02 9.524831e-01 -2.901513e-01 0.000000e+00 1
1.065164e+12 1.367566e+11 1.015490e+12 5.227747e-01 -7.197688e-01 4.567707e-01 0.000000e+00 1
-7.572747e+10 -9.846138e+11 6.447820e+11 -7.613420e-01 -6.468747e-01 -4.371971e-02 0.000000e+00 1
-8.145200e+11 3.555978e+11 1.404487e+12 -6.542850e-01 -6.391904e-01 4.041618e-01 0.000000e+00 1
-1.005381e+12 4.471628e+11 -3.022572e+11 -1.424083e-01 9.433039e-01 -2.998293e-01 0.000000e+00 1
2.127818e+11 -8.847338e+11 2.635619e+11 2.049897e-01 1.567187e-01 -9.661358e-01 0.000000e+00 1
-5.021556e+11 -1.362977e+12 3.764748e+11 8.939779e-01 -8.564848e-02 -4.398497e-01 0.000000e+00 1
5.124746e+11 -1.309401e+11 -1.485286e+12 2.573668e-01 8.928679e-01 -3.695258e-01 0.000000e+00 1
-5.412289e+11 1.814092e+11 -2.306860e+11 -6.951591e-01 -1.672748e-01 6.991230e-01 0.000000e+00 1
8.555865e+11 -1.322517e+12 -2.214128e+11 4.202579e-01 -5.586234e-01 -7.150686e-01 0.000000e+00 1
8.710302e+11 1.304789e+12 -1.391448e+11 7.930866e-01 -2.684174e-01 -5.467777e-01 0.000000e+00 1
-1.049162e+12 6.710561e+11 -6.004797e+11 -5.203097e-02 -6.968342e-01 -7.153425e-01 0.000000e+00 1
-4.056584e+11 1.241492e+12 -5.932102e+11 2.860010e-01 7.206343e-01 6.315771e-01 0.000000e+00 1
-1.947071e+11 -3.207437e+10 -1.186019e+12 9.845573e-01 -1.731959e-01 -2.549841e-02 0.000000e+00 1
-6.938761e+11 -1.154173e+12 -2.503896e+11 -9.386104e-01 3.347992e-01 8.318643e-02 0.000000e+00 1
6.452101e+10 5.718659e+11 -1.491321e+12 -2.904499e-01 9.513120e-01 -1.031716e-01 0.000000e+00 1
-7.318364e+11 -2.253879e+11 8.999085e+11 8.760852e-01 1.839201e-01 -4.456996e-01 0.000000e+00 1
1.368559e+12 1.815383e+11 1.875763e+11 -6.400884e-01 5.808377e-01 -5.029059e-01 0.000000e+00 1
4.795781e+11 -1.334183e+12 -8.845838e+11 5.696490e-01 5.457330e-01 6.145531e-01 0.000000e+00 1
1.693151e+11 -3.775303e+10 -5.286062e+11 -5.853991e-01 7.126749e-01 3.865261e-01 0.000000e+00 1
-2.326824e+11 -1.045701e+11 -1.575614e+12 -9.038125e-01 -3.722932e-01 2.109993e-01 0.000000e+00 1
-4.173636e+11 7.125593e+11 9.954403e+11 -4.117396e-01 -7.153214e-01 5.646112e-01 0.000000e+00 1
8.984006e+11 3.582882e+10 -1.030402e+12 1.483867e-01 9.645030e-01 2.184386e-01 0.000000e+00 1
-2.512283e+11 -1.502251e+12 1.485288e+11 -9.211492e-01 -3.534879e-01 -1.628819e-01 0.000000e+00 1
1.591679e+12 4.990153e+11 -1.350483e+11 8.466339e-01 1.969023e-01 -4.944092e-01 0.000000e+00 1
-5.357261e+11 6.077553e+11 1.406675e+12 -8.678876e-01 -1.123877e-01 -4.838802e-01 0.000000e+00 1
-8.653659e+11 -4.024553e+11 -5.555663e+11 1.209449e-01 1.749971e-01 -9.771122e-01 0.000000e+00 1
3.937639e+11 -4.865846e+10 1.158578e+12 2.347329e-01 8.505991e-01 4.705121e-01 0.000000e+00 1
1.695259e+11 -1.545796e+12 -4.407188e+11 -6.450878e-01 -6.909647e-01 -3.262354e-01 0.000000e+00 1
-1.022607e+12 1.747443e+11 -1.317642e+11 1.252876e-01 -4.931562e-01 -8.608717e-01 0.000000e+00 1
-1.155291e+12 -2.740099e+11 3.954440e+11 -1.552551e-01 5.061585e-01 8.483510e-01 0.000000e+00 1
-3.225128e+11 4.169895e+10 5.448623e+11 -9.345577e-01 1.399557e-01 3.271303e-01 0.000000e+00 1
6.689640e+11 -1.401457e+12 -3.698739e+11 9.310882e-01 -1.867045e-01 3.133945e-01 0.000000e+00 1
-9.163608e+11 3.959092e+11 -2.038386e+11 5.404396e-01 -4.099703e-01 -7.347445e-01 0.000000e+00 1
3.156238e+11 5.789798e+11 3.281066e+11 -8.991971e-01 -4.084064e-01 1.569993e-01 0.000000e+00 1
2.548506e+11 -8.335375e+11 5.116343e+11 9.554710e-01 -2.945853e-01 -1.716742e-02 0.000000e+00 1
-1.319642e+11 4.919735e+11 8.002449e+11 5.705962e-01 7.437376e-01 3.482447e-01 0.000000e+00 1
7.158500e+10 6.251973e+11 -1.186173e+12 1.468285e-01 8.729591e-01 -4.651706e-01 0.000000e+00 1
-6.736600e+11 1.171716e+12 -7.807677e+11 -4.397882e-01 6.507399e-01 -6.189700e-01 0.000000e+00 1
-4.884539e+11 -7.032245e+11 -5.410517e+10 -9.405461e-01 -5.080940e-02 3.358443e-01 0.000000e+00 1
9.189462e+10 -3.819168e+11 -1.558076e+12 -7.133697e-01 6.424110e-01 -2.800212e-01 0.000000e+00 1
2.767140e+11 4.208974e+11 -6.823280e+11 8.141515e-01 3.970736e-01 -4.236625e-01 0.000000e+00 1
1.702125e+11 1.038974e+12 -3.853097e+11 -2.813990e-01 -6.179415e-01 7.341410e-01 0.000000e+00 1
-6.933877e+10 5.802718e+11 -1.249332e+12 1.723558e-01 -9.248616e-01 -3.390053e-01 0.000000e+00 1
-1.275922e+12 -1.024490e+12 -1.812070e+11 -1.980802e-01 -9.675018e-01 1.571767e-01 0.000000e+00 1
1.429420e+11 8.894310e+11 -2.631626e+11 -9.352601e-01 1.708805e-01 -3.099812e-01 0.000000e+00 1
1.098922e+12 3.702552e+11 8.995340e+11 -8.890396e-01 2.853752e-01 3.580079e-01 0.000000e+00 1
1.156265e+12 3.392756e+11 -1.159940e+12 -1.851323e-01 -2.182494e-01 -9.581718e-01 0.000000e+00 1
1.814671e+11 3.295197e+11 -1.489786e+12 -1.418473e-01 8.861785e-01 4.410975e-01 0.000000e+00 1
1.306672e+11 7.056049e+11 -7.191228e+10 4.862118e-01 -4.269436e-01 -7.624417e-01 0.000000e+00 1
-1.273740e+12 -5.238240e+11 1.041467e+11 8.040001e-01 4.704076e-01 -3.637314e-01 0.000000e+00 1
7.450880e+11 -9.672803e+11 5.151605e+11 -6.600441e-01 -2.996431e-01 -6.888801e-01 0.000000e+00 1
1.202452e+12 1.188837e+12 3.581629e+10 -6.553205e-01 7.402622e-01 -1.502228e-01 0.000000e+00 1
-7.247385e+11 -7.281112e+11 1.310282e+11 5.835677e-01 5.986637e-01 -5.486807e-01 0.000000e+00 1
7.840297e+11 -2.117109e+10 -1.125258e+12 7.079095e-01 6.750386e-01 -2.078147e-01 0.000000e+00 1
-4.436109e+11 1.257757e+12 8.679185e+11 -6.411488e-01 7.121368e-01 2.859883e-01 0.000000e+00 1
-4.127881e+11 1.440671e+12 -7.395166e+11 7.975997e-01 3.317009e-02 -6.022744e-01 0.000000e+00 1
3.417633e+11 -1.870955e+11 5.904651e+11 2.496438e-01 -9.167686e-01 -3.117904e-01 0.000000e+00 1
1.812270e+11 7.993929e+11 1.116118e+12 3.756985e-01 2.561500e-01 8.906390e-01 0.000000e+00 1
7.986997e+11 -1.086672e+12 8.235538e+11 -5.339954e-01 -4.956560e-02 8.440333e-01 0.000000e+00 1
1.324376e+12 5.336284e+11 -6.221808e+11 -9.191261e-01 -3.892339e-01 6.086159e-02 0.000000e+00 1
2.742779e+11 -1.112151e+12 3.489856e+11 -5.916754e-01 2.186029e-01 -7.759723e-01 0.000000e+00 1
-1.085072e+12 3.796550e+11 -5.977354e+11 9.965521e-01 -1.161402e-02 -8.215303e-02 0.000000e+00 1
-9.865099e+11 2.572174e+11 -1.135328e+12 -5.105912e-01 -7.350579e-01 -4.460791e-01 0.000000e+00 1
1.515520e+11 -1.645011e+12 -3.139896e+11 -9.941210e-01 5.182556e-02 -9.506634e-02 0.000000e+00 1
7.643848e+11 1.347992e+12 1.218892e+10 -3.959660e-01 3.446573e-01 -8.511300e-01 0.000000e+00 1
-1.048853e+12 -1.753524e+11 -8.494715e+11 -5.704225e-02 -9.333521e-01 3.544009e-01 0.000000e+00 1
1.233364e+12 4.069016e+10 4.834216e+11 2.941776e-01 -1.418227e-01 9.451697e-01 0.000000e+00 1
-6.033668e+11 7.255137e+11 4.535475e+11 -6.216331e-01 -2.546788e-02 -7.828944e-01 0.000000e+00 1
4.772264e+11 8.029654e+11 1.396556e+12 -8.494077e-01 -2.161842e-01 4.814259e-01 0.000000e+00 1
1.395909e+12 6.117898e+11 3.312752e+11 5.992922e-01 -3.161123e-01 -7.354739e-01 0.000000e+00 1
3.754926e+11 -2.150840e+11 -1.235386e+12 -2.428587e-01 -1.731245e-01 -9.544881e-01 0.000000e+00 1
1.249993e+12 -1.687785e+11 -6.860336e+11 -1.396993e-01 -9.696387e-01 -2.007111e-01 0.000000e+00 1
1.461577e+12 6.866808e+11 -1.818483e+11 1.925799e-01 -8.014266e-01 5.662406e-01 0.000000e+00 1
-8.385508e+11 4.604119e+11 -5.706250e+11 9.823554e-01 -4.561497e-02 1.813759e-01 0.000000e+00 1
-3.044020e+11 1.184041e+12 -8.053616e+11 -6.843909e-02 -9.208231e-01 3.839283e-01 0.000000e+00 1
2.950073e+11 -1.456400e+12 -5.421906e+11 -7.559020e-01 2.195325e-01 -6.167801e-01 0.000000e+00 1
4.303261e+11 6.891695e+11 -5.958186e+10 2.703692e-01 -9.528193e-01 -1.379703e-01 0.000000e+00 1
5.532184e+11 5.404536e+11 -6.332972e+11 3.895939e-02 -8.146225e-01 -5.786816e-01 0.000000e+00 1
-5.701565e+11 2.317171e+11 -1.551418e+12 -4.102368e-01 -9.112783e-01 -3.574532e-02 0.000000e+00 1
1.022627e+12 -9.190305e+11 -2.603238e+09 -6.198776e-01 7.831642e-01 4.904747e-02 0.000000e+00 1
-4.481817e+11 5.837748e+11 -9.225007e+11 -5.626261e-01 -6.381393e-01 5.255761e-01 0.000000e+00 1
-2.888084e+11 3.462810e+11 -6.845640e+11 -4.699143e-01 -4.462194e-01 -7.616225e-01 0.000000e+00 1
-1.090980e+12 -3.306459e+11 8.456408e+11 -4.030826e-02 -3.659934e-01 -9.297441e-01 0.000000e+00 1
2.585846e+11 1.594371e+12 -2.344297e+11 5.522622e-02 -2.611371e-01 -9.637206e-01 0.000000e+00 1
1.247039e+12 3.357483e+11 5.739303e+11 -8.161072e-01 2.881162e-01 5.009572e-01 0.000000e+00 1
5.862069e+11 -4.630358e+11 -7.856978e+11 -3.015537e-01 5.604013e-01 -7.713726e-01 0.000000e+00 1
-2.743411e+11 -9.864119e+11 -1.546257e+11 -6.878328e-01 -6.688762e-01 -2.819408e-01 0.000000e+00 1
-2.517731e+11 2.357161e+11 1.545591e+12 4.504396e-01 -6.738838e-01 -5.856490e-01 0.000000e+00 1
3.387339e+11 5.310635e+11 -5.055688e+11 2.420249e-01 -4.063383e-01 -8.810863e-01 0.000000e+00 1
-1.477093e+12 7.999188e+10 2.162949e+11 -4.595765e-02 -9.737070e-01 -2.231199e-01 0.000000e+00 1
-4.910742e+10 -1.502295e+12 -8.819545e+10 6.977084e-01 7.109786e-01 -8.782082e-02 0.000000e+00 1
1.190589e+12 -2.009460e+11 -5.974513e+11 6.350790e-01 6.231955e-01 4.564012e-01 0.000000e+00 1
-1.856448e+11 -1.024557e+12 1.190099e+12 2.094697e-01 5.847485e-01 7.837038e-01 0.000000e+00 1
-1.468171e+12 2.369058e+11 2.172581e+11 9.633981e-01 9.457195e-02 2.508389e-01 0.000000e+00 1
-6.264452e+11 -1.401975e+12 4.480314e+10 1.265743e-01 -4.870668e-01 8.641440e-01 0.000000e+00 1
1.233959e+12 7.700334e+11 -8.415793e+10 8.161857e-01 4.101483e-01 -4.069634e-01 0.000000e+00 1
-7.240367e+10 7.755643e+11 7.995211e+10 -4.931920e-01 4.070186e-01 -7.688286e-01 0.000000e+00 1
1.508746e+12 -3.236564e+11 -2.538941e+11 4.284900e-01 8.500671e-01 3.062390e-01 0.000000e+00 1
3.183713e+11 7.220396e+11 8.847943e+11 -1.440363e-01 9.484886e-01 -2.821755e-01 0.000000e+00 1
-2.778849e+11 -1.639325e+12 3.088390e+11 3.693325e-01 -8.508579e-01 3.736768e-01 0.000000e+00 1
-4.808591e+11 -1.379033e+12 -1.764112e+11 -3.086676e-01 1.306752e-01 9.421509e-01 0.000000e+00 1
-8.501639e+11 -9.332738e+11 -2.489491e+11 5.214764e-01 3.692361e-01 -7.692380e-01 0.000000e+00 1
7.401317e+11 1.125898e+12 9.644096e+11 1.714310e-02 2.328438e-01 9.723630e-01 0.000000e+00 1
1.176978e+11 3.007753e+10 1.410315e+12 -6.018015e-01 -7.253045e-01 3.343177e-01 0.000000e+00 1
7.663951e+11 9.516292e+11 -9.757288e+11 8.398020e-01 -4.506659e-01 3.027092e-01 0.000000e+00 1
1.700192e+11 5.598519e+11 -1.106843e+12 4.132826e-01 -5.343069e-01 -7.373694e-01 0.000000e+00 1
1.283594e+12 1.094025e+12 2.593332e+10 -3.303795e-01 9.231358e-01 1.966462e-01 0.000000e+00 1
-7.677196e+11 -1.313618e+11 1.761610e+11 3.792177e-01 6.069344e-01 6.984444e-01 0.000000e+00 1
-1.109159e+12 5.888913e+11 5.407551e+11 -5.553598e-01 -3.804963e-01 7.394580e-01 0.000000e+00 1
-5.601700e+11 1.178233e+12 -4.603419e+11 -6.852730e-01 6.054895e-01 4.047017e-01 0.000000e+00 1
5.698585e+11 6.033939e+09 -4.346924e+11 4.593027e-02 1.789034e-01 -9.827940e-01 0.000000e+00 1
-2.626528e+11 -3.184194e+11 -1.408218e+12 9.807568e-01 -1.060383e-01 1.639268e-01 0.000000e+00 1
-9.052921e+11 -7.736764e+10 9.980963e+11 3.952312e-01 9.109374e-01 -1.182598e-01 0.000000e+00 1
-2.399972e+10 9.169249e+11 1.255566e+12 -3.977248e-01 -9.135318e-01 8.529088e-02 0.000000e+00 1
2.290072e+11 4.467804e+11 1.173116e+12 -9.751014e-01 -1.705505e-01 1.417384e-01 0.000000e+00 1
8.226213e+11 -1.268300e+12 -7.009572e+11 1.536664e-01 -7.919561e-01 -5.909249e-01 0.000000e+00 1
1.107624e+12 -5.700286e+11 -9.484240e+11 4.257733e-01 3.238371e-01 8.448945e-01 0.000000e+00 1
6.292380e+10 7.337678e+11 -1.083746e+12 -4.598329e-01 6.148172e-01 6.407445e-01 0.000000e+00 1
7.064104e+10 -5.448737e+11 4.116552e+11 4.276279e-01 -7.263322e-01 5.381226e-01 0.000000e+00 1
8.801858e+11 -8.574447e+11 -9.387075e+11 9.824335e-01 1.592743e-01 -9.724254e-02 0.000000e+00 1
-7.700800e+11 2.586280e+11 -4.490692e+11 -4.560603e-01 -3.473220e-01 8.193756e-01 0.000000e+00 1
-1.030418e+12 5.886659e+11 -1.072272e+12 -9.251298e-01 -3.340313e-01 1.804384e-01 0.000000e+00 1
-3.843965e+11 -4.349837e+11 -1.517951e+12 -1.039149e-01 4.471325e-01 -8.884111e-01 0.000000e+00 1
9.632195e+10 1.376038e+12 -7.499139e+11 8.398106e-01 -4.135521e-01 -3.516998e-01 0.000000e+00 1
1.000278e+12 -6.229162e+11 -1.955111e+11 2.518743e-01 -9.130749e-01 -3.207079e-01 0.000000e+00 1
-7.021993e+11 1.008446e+12 8.940150e+11 2.053627e-02 -3.215250e-01 -9.466784e-01 0.000000e+00 1
-6.206662e+11 -4.357675e+11 6.626547e+11 -3.215970e-01 -2.768597e-01 9.054966e-01 0.000000e+00 1
1.120944e+12 9.920456e+11 -2.548634e+11 2.328644e-01 7.739116e-01 -5.889270e-01 0.000000e+00 1
-4.986861e+11 2.072607e+11 1.584273e+12 6.432816e-01 -8.502034e-02 7.608945e-01 0.000000e+00 1
8.572384e+11 3.569110e+11 6.316879e+10 2.767808e-01 -8.872855e-01 3.689402e-01 0.000000e+00 1
8.008038e+11 -5.058874e+11 9.971874e+11 -7.539340e-02 9.875098e-01 -1.383480e-01 0.000000e+00 1
-1.388365e+12 4.315435e+11 2.154015e+11 -8.854037e-01 -2.147993e-01 -4.122155e-01 0.000000e+00 1
3.879241e+11 -6.613827e+11 -5.429862e+11 -3.766422e-02 -9.573599e-01 -2.864322e-01 0.000000e+00 1
3.223875e+11 -9.103684e+11 -8.980175e+11 -5.687880e-01 -8.117511e-01 -1.324402e-01 0.000000e+00 1
-7.192893e+11 1.063769e+12 9.437906e+11 8.263657e-01 -5.630280e-01 1.092224e-02 0.000000e+00 1
2.126673e+11 -3.335511e+10 5.102049e+11 -9.183089e-01 -2.749253e-01 -2.848242e-01 0.000000e+00 1
5.176987e+11 -8.636874e+11 1.193856e+12 -4.471188e-01 -8.917138e-01 -7.022349e-02 0.000000e+00 1
-7.719996e+11 -7.738500e+11 -7.729507e+11 5.329148e-01 -6.483911e-02 8.436810e-01 0.000000e+00 1
-4.500368e+11 5.758252e+11 6.229788e+11 1.162512e-01 8.639193e-01 4.900298e-01 0.000000e+00 1
-3.315953e+11 2.978798e+11 8.219387e+11 1.605809e-03 5.055534e-02 -9.987200e-01 0.000000e+00 1
3.388287e+11 1.107136e+12 6.147326e+11 1.547053e-01 7.034274e-02 -9.854533e-01 0.000000e+00 1
1.485123e+12 -3.632994e+11 -3.185853e+11 4.434826e-01 7.632009e-02 -8.930277e-01 0.000000e+00 1
-9.168161e+11 -9.218637e+11 -4.203813e+11 -1.540070e-01 4.529123e-01 -8.781528e-01 0.000000e+00 1
4.268593e+11 6.818592e+11 4.348111e+11 -5.739452e-01 -7.947850e-01 -1.972399e-01 0.000000e+00 1
8.537345e+11 1.446268e+11 -5.196579e+11 -6.958821e-01 6.984432e-02 -7.147516e-01 0.000000e+00 1
1.699987e+11 -5.198188e+11 -9.730848e+11 -7.028121e-01 -6.364051e-01 -3.178737e-01 0.000000e+00 1
6.349488e+11 -5.332743e+11 -1.001032e+12 -3.347660e-02 3.873533e-01 -9.213234e-01 0.000000e+00 1
2.864211e+11 -1.032424e+12 9.673796e+11 1.104099e-01 -1.596254e-01 9.809839e-01 0.000000e+00 1
4.923960e+10 -4.847533e+11 -4.606701e+11 8.216645e-01 9.077564e-02 5.626964e-01 0.000000e+00 1
-5.784283e+10 1.204942e+10 -1.199856e+12 8.541724e-01 2.245236e-01 4.690189e-01 0.000000e+00 1
-2.882786e+11 -3.005486e+10 -1.415265e+12 9.991581e-01 -4.701692e-03 -4.075440e-02 0.000000e+00 1
6.639148e+11 -8.725558e+11 1.027242e+12 4.887046e-01 7.493793e-01 -4.467644e-01 0.000000e+00 1
2.574752e+10 -8.030607e+11 3.079243e+11 4.268139e-01 7.879035e-01 -4.438897e-01 0.000000e+00 1
-1.487061e+12 2.046304e+11 -7.493659e+11 7.315752e-01 4.745845e-01 -4.894561e-01 0.000000e+00 1
-6.350230e+11 8.738881e+11 -3.749091e+10 -5.814877e-02 -9.094326e-01 -4.117659e-01 0.000000e+00 1
-4.898893e+11 7.683384e+11 1.229592e+12 -7.452149e-01 4.413904e-01 -4.998293e-01 0.000000e+00 1
1.539345e+11 8.336345e+11 6.415230e+11 -3.182194e-01 8.313873e-01 -4.555564e-01 0.000000e+00 1
-1.031338e+12 1.483497e+11 1.336089e+12 7.904218e-01 -5.171599e-01 3.282972e-01 0.000000e+00 1
-1.322052e+12 -1.012802e+12 1.828640e+11 -5.007407e-01 -1.490827e-01 8.526624e-01 0.000000e+00 1
-2.510658e+11 9.010414e+09 -1.380792e+12 -2.148978e-01 4.876225e-01 -8.461934e-01 0.000000e+00 1
-2.792806e+11 -8.552595e+10 1.040986e+12 -2.671805e-01 3.564623e-01 -8.952928e-01 0.000000e+00 1
-2.899140e+11 5.984957e+11 4.509370e+11 -1.148566e-01 5.536127e-01 -8.248157e-01 0.000000e+00 1
5.735332e+11 -1.363108e+12 7.153997e+10 5.802163e-01 7.499520e-01 3.176807e-01 0.000000e+00 1
-9.297927e+11 -1.298912e+11 1.311402e+11 8.940704e-01 -4.154633e-01 -1.674166e-01 0.000000e+00 1
1.223532e+12 8.538352e+11 5.587734e+10 9.462783e-02 6.318054e-01 -7.693293e-01 0.000000e+00 1
-2.621650e+11 1.381443e+12 1.160795e+11 2.298986e-01 2.135988e-01 -9.494852e-01 0.000000e+00 1
-1.386452e+12 5.031398e+11 -4.168739e+11 -6.444688e-01 3.806164e-01 -6.631675e-01 0.000000e+00 1
-1.318515e+11 6.097796e+11 -5.122034e+11 5.956229e-01 4.855398e-01 -6.399097e-01 0.000000e+00 1
1.532672e+12 -6.289852e+11 -1.763551e+11 5.904998e-01 3.885546e-01 -7.073439e-01 0.000000e+00 1
1.058398e+12 2.713831e+11 9.636768e+10 8.164856e-01 -5.603530e-01 -1.391247e-01 0.000000e+00 1
-6.545579e+11 1.284300e+12 -8.292529e+11 -3.859421e-01 8.622273e-01 -3.280440e-01 0.000000e+00 1
-2.046569e+11 8.876197e+11 3.504507e+10 -7.649595e-01 -2.855453e-01 -5.773222e-01 0.000000e+00 1
-2.079224e+11 -1.430914e+12 -8.137942e+10 -9.808770e-01 1.703571e-01 9.412137e-02 0.000000e+00 1
9.273628e+11 1.084640e+12 -7.125682e+11 -1.282233e-01 -5.422900e-01 8.303495e-01 0.000000e+00 1
5.915344e+11 2.583152e+11 1.214285e+12 2.621788e-01 8.228976e-01 -5.040852e-01 0.000000e+00 1
-1.396926e+12 5.534623e+11 5.599090e+11 -3.447845e-02 7.591994e-01 -6.499443e-01 0.000000e+00 1
-6.009345e+11 -2.152987e+11 9.394237e+11 -3.764126e-01 -6.589952e-01 6.511827e-01 0.000000e+00 1
9.514607e+11 1.277801e+12 3.278344e+11 1.347551e-01 -9.892800e-01 5.626807e-02 0.000000e+00 1
1.447140e+12 -2.599880e+10 4.485636e+11 -8.419302e-01 1.576593e-01 5.160398e-01 0.000000e+00 1
8.659363e+11 1.108168e+11 -8.640333e+11 7.839441e-01 -4.536062e-01 4.238786e-01 0.000000e+00 1
4.306937e+11 1.156556e+12 6.860335e+10 8.754570e-01 -2.078291e-01 4.363280e-01 0.000000e+00 1
-1.838304e+10 7.820411e+11 -2.742913e+11 7.832804e-01 4.367518e-01 4.424022e-01 0.000000e+00 1
6.495220e+11 -7.127044e+11 1.385840e+12 7.258275e-01 -4.083338e-01 5.535683e-01 0.000000e+00 1
-1.335023e+12 -5.190848e+11 5.650202e+11 -5.674741e-01 -8.217090e-01 -5.260625e-02 0.000000e+00 1
-9.968108e+11 -7.605657e+11 -5.958079e+11 -6.289952e-01 -6.936573e-01 -3.510052e-01 0.000000e+00 1
-8.933035e+11 6.414754e+11 1.056946e+12 -9.006840e-01 -3.503744e-01 -2.569164e-01 0.000000e+00 1
-9.283774e+11 -1.184183e+12 -3.181205e+10 -8.151731e-01 -5.674493e-01 -1.161641e-01 0.000000e+00 1
5.748724e+11 -4.368487e+11 6.049133e+11 2.349550e-02 -1.463634e-01 -9.889518e-01 0.000000e+00 1
3.556843e+11 -1.024260e+12 -1.521755e+11 9.919728e-01 1.940089e-02 1.249540e-01 0.000000e+00 1
-1.665361e+11 -1.738785e+11 6.731112e+11 -4.265770e-01 -3.878680e-01 -8.170621e-01 0.000000e+00 1
9.324359e+11 -2.916723e+11 6.613470e+10 -9.314277e-01 -3.614591e-01 -4.230542e-02 0.000000e+00 1
1.355447e+12 6.285200e+11 -6.615207e+11 5.236950e-01 -4.170909e-01 7.428181e-01 0.000000e+00 1
-4.231677e+11 -1.072868e+12 8.473290e+11 4.996449e-01 -8.287736e-01 2.519707e-01 0.000000e+00 1
8.480981e+11 -2.500687e+11 -3.195040e+11 3.965278e-01 4.756507e-01 7.851892e-01 0.000000e+00 1
1.347730e+12 -6.718289e+11 5.116872e+11 -9.964022e-01 -3.035946e-02 7.912675e-02 0.000000e+00 1
2.339597e+11 3.439873e+11 5.140196e+11 -6.892701e-01 6.315107e-01 -3.551069e-01 0.000000e+00 1
-1.266496e+12 -6.083943e+10 5.594871e+11 6.257485e-01 -4.090790e-01 -6.641485e-01 0.000000e+00 1
1.005962e+12 -4.023513e+11 4.051017e+11 4.077381e-01 -1.023853e-01 9.073405e-01 0.000000e+00 1
-4.769680e+11 1.998656e+11 -7.601608e+11 -7.123755e-01 7.014103e-01 2.333885e-02 0.000000e+00 1
8.645581e+11 7.477610e+11 6.408128e+11 5.943425e-01 7.798270e-01 -1.965369e-01 0.000000e+00 1
-5.004517e+11 1.660305e+11 8.599504e+11 -4.939983e-02 -5.228357e-01 8.510009e-01 0.000000e+00 1
-6.168179e+10 2.645446e+11 9.663079e+11 -6.095665e-01 2.351051e-01 7.570696e-01 0.000000e+00 1
3.212713e+10 6.062155e+11 -1.392931e+11 -4.414767e-01 -6.409672e-01 -6.279008e-01 0.000000e+00 1
-4.598507e+11 -2.862534e+10 1.184441e+12 5.754300e-01 -8.086868e-01 -1.220901e-01 0.000000e+00 1
-5.228971e+10 -7.399367e+11 -1.118139e+12 5.326208e-01 -2.906914e-01 7.948670e-01 0.000000e+00 1
-1.540640e+11 -4.423114e+11 -2.248203e+11 7.980982e-01 -2.785234e-01 5.342883e-01 0.000000e+00 1
-8.179150e+10 6.502271e+11 -1.194207e+12 -9.617086e-02 -5.518546e-01 -8.283765e-01 0.000000e+00 1
1.943152e+11 5.734476e+11 -6.076952e+11 6.985640e-01 -6.811846e-01 2.190797e-01 0.000000e+00 1
4.417270e+11 -4.328277e+11 1.555141e+12 2.757835e-01 -4.025943e-02 9.603763e-01 0.000000e+00 1
-7.642347e+10 -1.449497e+12 5.978764e+11 8.505198e-01 5.128022e-01 1.168331e-01 0.000000e+00 1
-1.367762e+12 -8.205286e+10 -5.779282e+11 -2.763605e-01 8.172615e-01 5.056763e-01 0.000000e+00 1
-1.756541e+11 1.300085e+12 1.089595e+11 -9.475862e-01 1.387598e-01 2.877954e-01 0.000000e+00 1
-5.703625e+09 5.176198e+11 -5.333796e+11 -6.759497e-01 -1.513391e-01 7.212409e-01 0.000000e+00 1
4.169351e+10 -2.788879e+10 -9.002514e+11 -7.915906e-01 -5.663700e-01 2.293673e-01 0.000000e+00 1
-6.435749e+11 3.245409e+11 8.287896e+11 -6.275651e-01 1.849919e-02 7.783443e-01 0.000000e+00 1
-1.039793e+12 -4.848141e+11 -5.541215e+11 -6.473939e-01 2.104562e-01 7.325226e-01 0.000000e+00 1
-1.449832e+11 1.346751e+12 -7.790981e+11 2.667787e-02 3.608787e-01 -9.322311e-01 0.000000e+00 1
-1.399169e+12 8.856852e+11 1.493520e+11 -5.176379e-01 -2.306752e-01 8.239175e-01 0.000000e+00 1
-1.314670e+12 9.444461e+11 2.187684e+11 -5.866545e-02 2.101788e-01 -9.759012e-01 0.000000e+00 1
7.479719e+10 -2.264784e+11 1.576665e+12 -7.020136e-01 -5.442370e-01 4.593289e-01 0.000000e+00 1
1.131798e+11 1.108231e+12 6.892500e+11 -1.264721e-01 -9.601443e-01 -2.492544e-01 0.000000e+00 1
-9.888288e+11 -6.442949e+11 -1.048618e+12 6.415560e-01 5.821604e-01 -4.994948e-01 0.000000e+00 1
1.031678e+12 2.706667e+11 4.593185e+11 -8.835280e-01 -4.388993e-01 -1.635410e-01 0.000000e+00 1
6.016946e+11 -3.169617e+11 -6.282083e+11 3.261512e-01 -6.431568e-01 6.928021e-01 0.000000e+00 1
4.442859e+11 -1.534692e+12 -6.846197e+10 3.222985e-01 7.545633e-01 -5.716275e-01 0.000000e+00 1
-3.570351e+11 6.734202e+11 1.210315e+12 7.481357e-01 6.620596e-01 -4.438463e-02 0.000000e+00 1
-3.984554e+11 4.312899e+11 -5.602705e+11 -7.520605e-01 -5.865193e-01 -3.006662e-01 0.000000e+00 1
-1.843001e+11 9.156276e+11 4.542152e+11 -6.853989e-01 -6.667561e-01 -2.926852e-01 0.000000e+00 1
8.025685e+11 1.331415e+12 -2.446363e+11 5.277440e-01 -3.809425e-01 -7.591897e-01 0.000000e+00 1
-6.948896e+11 -4.293415e+11 2.607207e+11 -1.689434e-01 7.931777e-01 -5.850874e-01 0.000000e+00 1
1.533389e+12 1.250796e+10 -8.449941e+10 -3.248794e-01 1.419470e-01 9.350425e-01 0.000000e+00 1
3.973430e+11 -1.597122e+11 1.439067e+12 -8.236307e-01 8.897235e-02 5.601039e-01 0.000000e+00 1
-9.506024e+11 5.984270e+11 -1.062137e+12 -7.549273e-02 2.563198e-01 -9.636395e-01 0.000000e+00 1
-8.117709e+11 -7.382911e+11 -5.965841e+11 3.255151e-01 4.915739e-01 8.077097e-01 0.000000e+00 1
5.036895e+11 1.666188e+11 -1.571081e+12 8.347839e-01 -5.192507e-01 -1.830699e-01 0.000000e+00 1
7.789734e+11 -8.818894e+11 3.172920e+11 -8.534331e-03 1.383027e-01 -9.903532e-01 0.000000e+00 1
-1.548328e+11 6.303399e+11 4.758312e+11 -4.312115e-01 -7.920137e-01 4.321700e-01 0.000000e+00 1
-4.147712e+11 -2.123267e+11 9.159931e+11 -1.366496e-01 5.680834e-01 -8.115468e-01 0.000000e+00 1
-7.709137e+11 1.960341e+11 -7.133348e+11 9.146085e-01 3.734948e-01 1.548965e-01 0.000000e+00 1
-7.049446e+11 -7.335717e+11 -2.789918e+11 6.624480e-01 -7.336544e-01 1.513734e-01 0.000000e+00 1
3.181192e+11 -1.306405e+12 -7.703816e+11 -8.609917e-01 5.082562e-01 1.920448e-02 0.000000e+00 1
1.350323e+12 -5.397103e+10 -2.291890e+11 8.915055e-01 -3.677742e-01 -2.644996e-01 0.000000e+00 1
-1.081628e+12 1.023071e+12 2.284599e+11 2.551105e-01 -4.890246e-01 -8.341304e-01 0.000000e+00 1
-6.368176e+11 -1.248253e+12 -4.396302e+11 3.905127e-01 5.202548e-01 7.594964e-01 0.000000e+00 1
-4.736855e+11 1.188435e+12 -8.381193e+10 -3.669687e-01 -5.095729e-01 7.782477e-01 0.000000e+00 1
1.530060e+12 -4.050115e+11 -3.064250e+11 9.825609e-01 -1.414304e-01 -1.207126e-01 0.000000e+00 1
-6.467844e+11 3.852090e+11 8.020013e+11 -2.109575e-01 4.568588e-01 -8.641626e-01 0.000000e+00 1
1.046365e+12 8.485778e+11 1.844660e+11 -3.852267e-01 6.136490e-01 -6.892280e-01 0.000000e+00 1
-1.028375e+12 -5.741123e+11 -1.135621e+12 4.197113e-01 8.337874e-01 3.586655e-01 0.000000e+00 1
-9.009060e+11 9.067529e+11 -3.474744e+11 4.878160e-01 4.994811e-01 -7.159289e-01 0.000000e+00 1
-3.351624e+11 -7.839749e+11 -1.007688e+12 -6.520885e-01 8.286422e-03 7.580976e-01 0.000000e+00 1
2.117644e+11 -3.907654e+11 -3.493968e+11 5.806887e-01 7.602130e-01 -2.913363e-01 0.000000e+00 1
1.051637e+11 -6.927796e+11 9.396287e+11 -4.139132e-01 7.427020e-01 -5.263740e-01 0.000000e+00 1
-4.247874e+11 7.309558e+11 -2.491182e+11 7.303146e-01 -4.744522e-01 -4.914629e-01 0.000000e+00 1
-4.312930e+11 1.532548e+11 1.238209e+12 8.247864e-01 -5.096751e-01 -2.448648e-01 0.000000e+00 1
-4.513098e+11 2.784261e+11 -1.544667e+12 -3.480061e-01 -9.374520e-01 -8.686745e-03 0.000000e+00 1
-1.166694e+12 -8.078663e+11 -1.669659e+11 7.792309e-01 5.678715e-01 -2.651814e-01 0.000000e+00 1
1.131560e+12 -7.147946e+11 6.465752e+11 -4.137941e-02 3.922891e-01 -9.189108e-01 0.000000e+00 1
1.247414e+11 5.496333e+11 -1.475582e+12 6.275575e-01 -3.384074e-01 -7.011791e-01 0.000000e+00 1
-6.045795e+11 -8.924848e+10 4.254630e+11 -1.039838e-01 -5.914686e-01 -7.995951e-01 0.000000e+00 1
1.718698e+11 -1.538161e+12 -3.252367e+11 -3.368030e-02 1.024602e-01 9.941668e-01 0.000000e+00 1
5.807269e+11 1.428542e+11 9.954110e+11 -6.600628e-01 5.311502e-01 5.312218e-01 0.000000e+00 1
-3.739990e+11 1.384487e+12 -1.492673e+11 3.490154e-01 -7.734757e-01 -5.290781e-01 0.000000e+00 1
