# 781 1.000000e+05 1.000000e+04 0.000000e+00 1.000000e+00 5.000000e-01
-1.124808e+12 3.225890e+12 -3.188655e+11 -3.092536e-01 9.479970e-01 -7.525893e-02 -5.341657e+00 0 352607
-3.132211e+11 5.399459e+11 -1.615786e+12 3.071994e-01 -1.206069e-01 -9.439717e-01 -5.161000e+00 0 12657
-2.026574e+12 -1.150832e+12 -1.583046e+11 -9.507471e-01 -3.010149e-01 7.395899e-02 -7.945212e-01 0 231825
1.751372e+12 -9.217431e+11 -2.112957e+11 4.374216e-01 -7.832978e-01 -4.417091e-01 -1.459858e+01 0 1
-1.547478e+12 1.544391e+12 1.350173e+12 -6.994160e-01 5.874462e-01 4.070925e-01 -3.070794e+00 0 6
7.512960e+11 -1.418759e+12 -6.248026e+11 -1.182937e-01 1.068226e-02 -9.929212e-01 3.135728e+00 0 1
-1.159984e+12 -7.532009e+11 1.069845e+12 -9.887467e-01 1.280554e-01 7.734215e-02 -5.397454e+00 0 83200
1.708841e+12 -1.564022e+12 9.127637e+11 7.081510e-01 -1.986886e-01 6.775286e-01 9.978578e+00 0 30509
1.652360e+12 2.648206e+12 1.411801e+12 6.884321e-01 6.264583e-01 3.655287e-01 -1.153752e+00 0 1
2.331439e+12 1.632940e+12 1.931305e+12 5.196233e-01 3.540375e-01 7.775918e-01 3.415340e+00 0 1
-1.557829e+12 -2.341066e+12 -1.629497e+11 -2.676474e-01 -9.194028e-01 2.882070e-01 -5.138198e-01 0 1
1.352375e+12 -1.495957e+12 3.675930e+11 9.854531e-01 -1.574614e-01 6.393772e-02 7.471324e+00 0 8498
-2.380926e+12 -3.357583e+12 4.654064e+11 -7.048020e-01 -7.093141e-01 1.129792e-02 -4.589915e-01 0 1
-2.029048e+11 -1.568617e+12 7.761861e+11 -6.924527e-01 -6.788478e-02 7.182625e-01 -1.363433e+01 0 1
2.979690e+12 4.781208e+12 6.747832e+12 3.275580e-01 6.310474e-01 7.031963e-01 1.077194e+01 0 1
-1.183680e+12 5.078109e+12 -1.417582e+12 -3.807776e-01 8.396806e-01 -3.872271e-01 -1.805760e+00 0 1
-9.844373e+11 -2.832444e+10 1.925186e+12 1.366318e-01 -6.107970e-01 7.799095e-01 -4.594228e+00 0 1
-1.031194e+12 -1.619237e+11 -3.066441e+12 -6.231017e-01 -2.734846e-01 -7.327691e-01 -4.029504e+00 0 1
1.171752e+12 -1.218848e+12 -2.739910e+11 -3.877365e-01 -9.206218e-01 -4.599897e-02 -1.040668e+01 0 60993
-7.653361e+12 5.278012e+12 -8.380520e+12 -6.198191e-01 4.914515e-01 -6.118004e-01 4.036068e+00 0 1
4.863167e+11 -9.398501e+11 1.326256e+12 8.203163e-01 -1.995961e-01 5.359502e-01 1.168990e+01 0 4
-1.687550e+11 -7.542324e+11 -2.480588e+12 4.682093e-01 -1.135642e-01 -8.762894e-01 6.563702e+00 0 1
-7.505473e+11 -1.489498e+12 3.708270e+11 -2.680265e-01 -3.672868e-01 8.906527e-01 -1.654425e+00 0 361587
-8.275784e+11 7.309858e+11 -3.358123e+12 -2.877294e-01 -8.962506e-02 -9.535089e-01 -6.064031e+00 0 1
-6.064225e+12 -1.177252e+12 -7.817045e+12 -5.325654e-01 -2.019020e-01 -8.219548e-01 -2.297511e+00 0 1
-6.681220e+11 -1.170108e+12 1.197583e+12 -7.366177e-01 -6.464765e-01 -1.986519e-01 -3.971939e+00 0 31553
8.963788e+11 -2.631057e+12 1.534671e+10 8.200855e-01 -5.684779e-01 6.551741e-02 3.254781e+01 0 1
5.133254e+11 -1.347216e+12 -1.016419e+12 5.100233e-02 -2.413647e-01 -9.690933e-01 1.049459e+00 0 241054
3.336701e+13 -1.823475e+13 -1.135810e+13 8.219814e-01 -4.909189e-01 -2.886957e-01 -2.533883e+01 0 1
-1.594408e+12 -1.663838e+12 2.161749e+12 -4.069090e-01 -8.401390e-02 9.095970e-01 3.678710e+00 0 1
7.836062e+11 -1.355972e+12 -6.806007e+11 8.504293e-01 -4.734747e-01 2.293289e-01 1.084822e+01 0 93202
5.945033e+10 4.237944e+11 -1.676992e+12 -1.633966e-02 -1.595636e-01 -9.870524e-01 2.602011e+00 0 227351
1.178911e+12 -1.572802e+12 3.765684e+12 4.222243e-01 -3.784695e-01 8.237035e-01 1.109827e+01 0 1
-1.026958e+12 1.574419e+12 -1.939213e+11 -5.605197e-01 7.595787e-01 -3.299362e-01 5.114919e+00 0 46073
1.240557e+12 1.449825e+12 4.269007e+10 4.504335e-01 5.238635e-01 7.229638e-01 -1.907397e+00 0 412372
-2.855329e+12 -2.135526e+12 -7.817606e+11 -8.765098e-01 -3.552379e-01 -3.248640e-01 -1.299424e+00 0 1
1.068159e+12 -1.057966e+12 1.147499e+12 -6.005163e-02 -6.578911e-01 7.507150e-01 -1.754257e+01 0 1
-1.934005e+12 -1.134416e+12 -4.007690e+11 -7.018712e-01 -2.348295e-01 -6.724819e-01 -1.067535e+01 0 1
7.092288e+12 -1.157529e+13 -7.382479e+12 4.909114e-01 -7.450600e-01 -4.515435e-01 9.065076e+00 0 1
-7.744452e+11 -1.262630e+12 8.393053e+11 -1.485816e-01 -8.351707e-01 5.295407e-01 4.262964e-01 0 170064
1.508256e+12 -1.354021e+12 -1.372881e+11 9.764438e-01 -1.424023e-01 -1.621084e-01 1.266031e+01 0 6
-1.352277e+12 -3.866029e+12 4.372487e+11 -1.274339e-01 -9.764181e-01 -1.742649e-01 2.961294e+00 0 1
-1.820268e+12 -2.525530e+11 1.949436e+12 -2.558503e-01 -1.335715e-01 9.574442e-01 9.373922e+00 0 124116
1.450945e+12 -2.566450e+11 2.774202e+12 5.517830e-01 -5.266122e-01 6.466955e-01 1.583218e+00 0 6
5.549716e+11 1.100844e+12 -1.212664e+12 1.060381e-01 9.651101e-01 -2.394128e-01 -1.359967e+00 0 34306
1.859752e+10 1.572023e+12 -6.688257e+11 -2.012475e-01 9.568847e-01 2.094543e-01 5.825873e+00 0 12963
-7.890672e+11 -6.298805e+11 -1.958540e+12 -5.856028e-01 -4.217613e-01 -6.922332e-01 -5.045214e+00 0 128741
-1.793845e+12 2.567017e+11 1.802912e+12 -8.012158e-01 -1.197328e-01 5.862741e-01 9.610670e+00 0 37500
-1.546525e+12 -1.875626e+12 7.494946e+11 -6.964450e-01 -5.985048e-01 3.959247e-01 3.017708e+00 0 2
2.405900e+11 -7.019794e+11 -2.348574e+12 -1.977402e-01 -4.835843e-01 -8.526693e-01 -5.668617e+00 0 32204
-2.146430e+12 -2.179655e+12 1.108728e+12 -5.220997e-01 -6.926606e-01 4.976276e-01 7.953943e+00 0 184723
-1.533470e+12 5.652407e+11 -1.297018e+12 -6.546294e-01 3.841433e-01 -6.510717e-01 -8.322638e+00 0 1
1.718184e+11 2.290987e+11 -3.094925e+12 -8.366363e-02 2.992932e-01 -9.504862e-01 -5.918999e+00 0 34623
-9.054959e+11 7.340031e+11 -1.273945e+12 -7.615881e-01 5.275933e-01 -3.763361e-01 -1.386129e+00 0 58177
-2.076086e+12 2.966350e+12 -9.756758e+11 -5.756081e-01 6.453392e-01 -5.022078e-01 -4.288795e+00 0 214009
-1.005218e+12 -3.751042e+11 1.630069e+12 -2.329831e-01 5.637373e-01 7.924135e-01 -9.820147e+00 0 18024
-1.806206e+12 -6.710076e+11 -2.997546e+12 -2.506113e-01 -3.421157e-01 -9.056218e-01 1.272628e+01 0 2
2.728819e+11 8.920020e+11 1.449797e+12 -2.131586e-01 9.304008e-01 2.981908e-01 1.019838e+00 0 435386
-1.795824e+12 -4.260237e+11 4.140430e+11 -7.328636e-01 6.490140e-01 2.041857e-01 -1.885729e+01 0 1
3.721884e+11 1.422241e+12 -8.665431e+11 4.341249e-01 8.820868e-01 1.829168e-01 -5.543902e+00 0 3
6.701738e+11 -1.876504e+12 5.710603e+11 3.435676e-01 -8.605918e-01 -3.759563e-01 -2.194161e+00 0 30000
5.038421e+11 1.568289e+12 -6.603193e+11 -1.646071e-01 9.425285e-01 2.907653e-01 1.017085e+01 0 140465
-2.140943e+12 1.318345e+12 4.952450e+11 -9.768512e-01 1.190999e-01 1.776989e-01 1.687799e+01 0 1
5.244598e+11 1.678264e+12 -8.453335e+11 3.873320e-02 9.331600e-01 3.573683e-01 8.183793e+00 0 95580
-2.071438e+11 -3.212088e+12 -1.597849e+12 -2.176358e-01 -9.644318e-01 -1.500197e-01 -1.003514e+01 0 168747
2.358582e+12 -2.105858e+12 -2.516927e+12 3.577745e-01 -5.028406e-01 -7.868601e-01 -1.087993e+01 0 52803
1.509809e+12 -2.385971e+11 1.227123e+12 2.378688e-01 -8.665864e-02 9.674238e-01 2.386075e+00 0 16622
1.904380e+11 2.384968e+12 -7.406696e+11 -1.353983e-01 8.701064e-01 -4.739010e-01 1.187785e+01 0 1
-7.039443e+12 -2.661216e+12 -5.594871e+10 -9.503466e-01 -3.061049e-01 5.604584e-02 -1.184236e+01 0 1
1.008214e+12 1.695667e+11 -1.957176e+12 1.935100e-01 -1.988794e-01 -9.607293e-01 4.724807e+00 0 1
-1.572432e+12 -8.315440e+11 7.729021e+11 -8.315241e-01 -4.854458e-02 5.533635e-01 -1.301283e+01 0 1
-2.043807e+12 -1.363201e+12 3.751214e+12 -3.618290e-01 -4.880189e-01 7.943030e-01 2.490045e-02 0 3
-3.335914e+12 -1.408569e+12 4.578349e+11 -9.811651e-01 -1.439651e-01 -1.287984e-01 3.314509e+00 0 1
1.808930e+12 1.409886e+11 1.632548e+12 8.204362e-01 4.895413e-01 2.953536e-01 1.239016e+01 0 123023
4.037320e+12 -7.738152e+12 6.017233e+12 4.918760e-01 -6.495196e-01 5.798123e-01 4.194244e-01 0 1
1.477660e+12 9.488080e+11 -5.525547e+11 4.835025e-01 8.153805e-01 -3.184023e-01 9.887586e+00 0 11934
3.074282e+11 7.690610e+11 1.485743e+12 -4.265492e-01 8.118712e-01 3.986490e-01 8.041574e+00 0 86439
-2.619425e+12 -1.721444e+12 -2.845413e+12 -4.581253e-01 -3.456593e-01 -8.189266e-01 8.241179e+00 0 1
1.409543e+11 -1.360266e+11 -4.365693e+12 -2.114886e-01 -6.214949e-02 -9.754025e-01 -8.347239e+00 0 1
9.012483e+11 1.533354e+12 -1.327998e+11 5.863462e-01 8.074877e-01 -6.451190e-02 4.610157e-01 0 225254
-3.668181e+12 3.447899e+12 3.703469e+12 -5.874623e-01 4.392568e-01 6.796628e-01 -6.432383e+00 0 1
-1.030719e+12 -1.669351e+12 -3.118014e+11 -9.690199e-01 -2.365456e-01 7.104004e-02 -6.370366e-01 0 1
1.819887e+12 6.062158e+11 -4.250427e+11 6.315313e-01 7.730745e-01 5.936300e-02 1.382463e+01 0 1
-1.699820e+12 3.210049e+11 -8.546894e+11 -2.011653e-01 -3.245658e-01 -9.242238e-01 1.341408e+01 0 1
-7.343466e+12 -2.377668e+12 9.643633e+11 -9.842212e-01 -1.608794e-01 7.366451e-02 -6.068547e-01 0 1
-7.270487e+11 1.360949e+11 1.960687e+12 -1.980108e-02 -3.744464e-02 9.991025e-01 -3.748505e+00 0 1
-2.154320e+12 -1.327995e+12 8.268370e+12 -2.083414e-01 -3.056084e-01 9.290841e-01 -7.501708e+00 0 1
-5.457237e+12 -2.556093e+12 9.692755e+12 -5.468763e-01 -2.037384e-01 8.120449e-01 -1.326585e+01 0 1
1.715909e+12 -1.160611e+12 2.431673e+12 2.691994e-01 -5.972912e-01 7.554965e-01 2.901644e+00 0 1
-1.479584e+12 -1.515848e+12 -6.139178e+11 -6.146879e-01 -6.841835e-01 -3.924942e-01 -1.065536e+01 0 1
1.488675e+12 -3.461605e+11 1.593085e+12 2.197664e-01 -3.337355e-01 9.166915e-01 -1.212477e+01 0 1
-1.147315e+12 -1.088723e+12 2.681680e+12 -5.101184e-01 -2.846686e-01 8.116298e-01 -8.905535e+00 0 2
-7.942539e+11 1.245955e+12 -1.826921e+12 -5.062401e-01 3.309358e-01 -7.963683e-01 8.491346e+00 0 99284
-9.362235e+11 1.627781e+12 -2.640420e+12 1.500340e-01 7.135315e-01 -6.843703e-01 -3.970266e+00 0 1
3.500095e+11 1.700417e+12 5.100756e+11 4.571033e-01 3.403564e-01 8.217142e-01 2.494127e+00 0 1
7.293699e+12 6.101661e+12 4.462476e+12 6.068941e-01 6.622209e-01 4.394803e-01 2.178862e+01 0 1
1.680383e+12 1.950610e+12 1.283384e+12 5.468006e-01 3.720339e-01 7.500666e-01 5.384642e-01 0 3
-9.664300e+11 -6.040393e+11 -1.256515e+12 3.499915e-01 -6.377146e-01 -6.861677e-01 6.634989e+00 0 387180
-2.353083e+11 -7.974899e+11 1.488246e+12 4.966055e-01 -7.784574e-01 3.839103e-01 6.461722e+00 0 19185
-2.060366e+12 -1.150895e+12 2.188219e+12 -3.260521e-01 -1.756253e-01 9.288949e-01 -5.405285e+00 0 10780
-7.557172e+11 1.398293e+12 -9.413906e+11 -7.520758e-02 9.394880e-01 -3.342247e-01 -1.177758e+01 0 1
-1.730752e+12 2.266895e+12 3.153087e+12 -2.705833e-01 4.406892e-01 8.559075e-01 7.339915e+00 0 1
-1.374777e+12 1.825830e+12 8.531708e+10 -7.611304e-01 6.330279e-01 1.412665e-01 1.181065e+01 0 1
1.704179e+12 3.513383e+12 7.945633e+11 5.281317e-01 8.475647e-01 5.206696e-02 -8.740968e+00 0 2
2.208087e+12 5.675003e+11 1.020052e+12 9.894582e-01 -6.422930e-02 1.297966e-01 4.751407e-01 0 115061
-4.835949e+12 4.909487e+12 1.107182e+12 -7.102069e-01 6.994476e-01 7.987026e-02 6.023484e+00 0 3
1.661298e+12 5.850464e+12 -2.829796e+11 3.315461e-01 9.423431e-01 -4.546017e-02 1.187165e+00 0 6
8.709191e+11 2.913053e+11 -1.581495e+12 4.311574e-01 5.804518e-01 -6.907815e-01 -2.983455e-01 0 278903
-1.279605e+12 -1.191503e+12 -2.932371e+10 -8.414602e-01 -2.743166e-01 -4.655053e-01 -8.550089e+00 0 373862
-2.770727e+12 -3.925750e+11 -2.039763e+12 -7.708086e-01 -7.884724e-02 -6.321686e-01 1.057397e+01 0 1
-7.324696e+11 -6.935317e+11 -1.666771e+12 -4.308181e-01 -3.803446e-01 -8.183726e-01 3.745266e+00 0 280230
4.794715e+10 -1.639871e+12 5.196103e+11 3.479922e-01 -6.524275e-01 6.732309e-01 1.240852e+01 0 1
1.064204e+12 2.157632e+12 1.964784e+10 6.492052e-01 7.606083e-01 2.761005e-03 -9.151104e+00 0 1
1.033031e+12 7.458737e+11 1.742755e+12 1.197433e-01 8.711814e-01 4.761351e-01 1.572088e+00 0 1
-2.146409e+11 -3.525492e+12 -4.878822e+12 -1.730435e-01 -3.762032e-01 -9.102346e-01 -1.712649e+01 0 1
2.492204e+12 8.767338e+11 3.549145e+11 9.858703e-01 1.671031e-01 -1.167590e-02 1.097356e+00 0 65071
8.936394e+11 1.529603e+12 -1.514029e+11 5.623454e-01 6.265773e-01 -5.396004e-01 -5.821005e+00 0 14596
-9.001376e+11 1.305902e+12 -1.433934e+12 -1.222665e-01 8.884467e-01 -4.423951e-01 -1.090176e+01 0 1
-2.927985e+12 -7.394428e+12 -1.906986e+11 -4.338674e-01 -8.953007e-01 1.009737e-01 3.835177e+00 0 1
-3.853992e+12 -1.971078e+12 -1.583570e+12 -8.401832e-01 -2.722346e-01 -4.690208e-01 -1.245624e+01 0 1
9.865182e+11 1.370297e+11 1.386739e+12 9.738359e-01 8.698330e-03 2.270857e-01 7.587149e-01 0 5436
-5.722417e+11 -2.569629e+12 1.858153e+12 6.753318e-02 -8.947111e-01 4.415103e-01 -4.980597e-01 0 1
-1.846930e+12 -5.798739e+11 3.947846e+11 -9.009821e-01 -3.930885e-01 1.836102e-01 -8.674188e+00 0 1
-1.530853e+12 -3.266379e+11 -1.111980e+12 -8.046274e-02 1.040562e-01 -9.913113e-01 1.678265e+00 0 5
2.130241e+12 1.263918e+12 6.526102e+11 6.393028e-01 7.476147e-01 1.799007e-01 2.060369e+00 0 2
7.306682e+11 -1.519383e+12 -4.036493e+11 -3.369809e-01 -8.163234e-01 -4.691054e-01 -8.788382e+00 0 22963
-2.189449e+11 -8.295863e+11 3.113399e+12 1.678408e-01 -3.868027e-02 9.850550e-01 5.654918e+00 0 1
2.446433e+12 7.460505e+11 -7.049302e+11 8.203348e-01 3.987501e-01 -4.099381e-01 -2.441966e-01 0 1
3.620312e+12 2.281206e+12 -3.215260e+12 6.866234e-01 4.323901e-01 -5.844545e-01 8.189298e+00 0 1
8.344165e+11 -1.493384e+12 1.095605e+11 5.476497e-01 -5.279418e-01 6.491204e-01 1.790166e+00 0 92836
1.886139e+13 -1.604135e+13 2.216607e+13 5.426451e-01 -4.805108e-01 6.889454e-01 6.888408e+00 0 1
-1.448936e+12 9.206059e+10 9.116298e+11 -6.988517e-01 -1.793929e-01 6.924048e-01 4.189664e+00 0 43849
1.470768e+12 2.219318e+12 3.212317e+12 5.320106e-01 5.799605e-01 6.169365e-01 5.437075e+00 0 2
-1.012259e+10 -1.843147e+12 -4.732725e+12 2.883196e-01 -2.930760e-01 -9.115801e-01 -1.280146e+00 0 1
-3.233251e+12 1.864719e+13 5.677557e+11 -1.705478e-01 9.853479e-01 1.717558e-03 -7.925752e+00 0 1
-3.530751e+12 -1.799434e+12 9.467184e+11 -8.856999e-01 -4.562727e-01 -8.573732e-02 7.044195e+00 0 2
6.324069e+11 8.342464e+11 -1.700570e+12 4.305603e-01 -5.264526e-01 -7.331204e-01 -1.737214e+01 0 1
2.457972e+12 2.237431e+12 -4.791383e+11 8.753899e-01 4.113899e-01 2.538719e-01 -1.408258e+01 0 1
-1.865578e+12 2.061589e+12 -5.316141e+12 -5.016883e-01 3.246139e-01 -8.018321e-01 -6.605065e+00 0 1
-1.045327e+12 1.296948e+12 -9.886291e+11 -4.256678e-01 9.045959e-01 2.265515e-02 -1.021821e+01 0 2
2.357170e+12 -5.302992e+11 2.610028e+11 9.521545e-01 -1.598095e-01 2.605048e-01 7.212142e+00 0 102290
-3.174795e+12 1.694714e+11 1.908049e+12 -6.650023e-01 1.800966e-01 7.248014e-01 -1.106218e+01 0 49051
-1.959806e+12 -8.773662e+11 2.704598e+12 -6.524960e-01 -1.668475e-01 7.391961e-01 -5.840762e+00 0 2339
-7.224483e+10 2.044086e+12 -3.282374e+11 1.126635e-01 9.445110e-01 3.085547e-01 -9.006056e+00 0 2
-3.071386e+10 1.061232e+12 1.547336e+12 -3.835330e-01 1.031685e-01 9.177465e-01 8.730943e+00 0 2
3.831476e+12 -5.592851e+11 -8.544356e+11 9.875054e-01 -1.063355e-01 -1.163003e-01 -1.238326e+00 0 2
-6.439057e+11 1.453976e+12 6.208613e+11 -6.439044e-01 7.349088e-01 2.128290e-01 6.369256e+00 0 174230
-1.288330e+12 -7.747506e+11 8.370418e+11 -9.463870e-01 -2.666224e-01 1.823849e-01 -5.096109e+00 0 38164
-2.339154e+12 7.119072e+11 -6.405373e+12 -4.539902e-01 2.317337e-01 -8.603443e-01 -1.202337e+01 0 1
3.002065e+12 2.912535e+12 3.274093e+12 6.324013e-01 5.891496e-01 5.029625e-01 -6.738719e+00 0 60804
-1.263675e+12 -8.392217e+11 1.702223e+12 -9.074363e-01 -3.069008e-01 2.870040e-01 -9.984462e-01 0 21845
-9.027597e+11 3.960727e+12 1.318505e+12 -4.643725e-01 8.673334e-01 1.791394e-01 2.331817e+01 0 1
1.266010e+12 -3.256536e+12 6.868278e+12 1.705611e-01 -5.944754e-01 7.858167e-01 6.685081e+00 0 1
1.383512e+12 2.605853e+12 -2.409627e+11 3.682260e-01 7.860327e-01 -4.965504e-01 -3.621358e+00 0 2
-2.643760e+11 1.391716e+12 1.019021e+12 -2.492892e-01 1.443309e-01 9.576134e-01 -5.230370e-01 0 49533
-1.806569e+11 1.434763e+12 2.654589e+12 3.031260e-01 5.977119e-01 7.421962e-01 -1.024402e+01 0 10279
-2.041914e+12 -4.205807e+11 -1.473229e+11 -5.758421e-01 -8.038137e-01 1.492962e-01 8.011609e+00 0 97199
-1.402918e+12 -1.282745e+12 1.855838e+11 -9.373269e-01 1.094664e-02 3.482792e-01 -2.249070e+01 0 1
3.707341e+11 5.490151e+11 -1.756690e+12 -3.586506e-01 3.172529e-01 -8.779068e-01 -2.513469e+00 0 1
1.372384e+12 -1.070132e+12 1.092848e+12 1.807474e-01 -5.239467e-01 8.323522e-01 -5.804779e-03 0 4053
7.670940e+11 -2.588332e+12 1.422148e+10 3.865664e-01 -9.005041e-01 -1.991451e-01 -5.981853e-01 0 15462
4.488532e+11 -4.446214e+12 1.418345e+12 -1.057797e-01 -9.565804e-01 2.715965e-01 -1.766094e+01 0 1
1.529964e+12 2.884824e+11 6.775394e+11 7.482793e-01 -1.156368e-01 6.532276e-01 -5.640304e+00 0 191611
-1.793933e+12 -1.386401e+12 7.495212e+11 -5.063386e-01 -8.584621e-01 -8.163330e-02 2.510340e-01 0 1
-6.547836e+11 3.063294e+11 -1.588279e+12 -2.398811e-01 7.418412e-01 -6.262018e-01 -5.338594e+00 0 71311
6.363603e+11 5.144228e+11 1.701983e+12 2.433923e-01 7.608063e-01 6.016095e-01 7.527254e+00 0 169004
-2.374055e+12 -1.864029e+12 3.136586e+12 -5.537798e-01 -5.944632e-01 5.830450e-01 1.113780e+01 0 3
6.661593e+11 1.304721e+12 -8.547818e+11 3.997595e-02 9.123657e-01 4.074196e-01 5.075666e+00 0 9817
-4.233619e+11 6.284289e+10 1.643442e+12 -5.625760e-01 8.144836e-01 1.418614e-01 -2.249858e+00 0 107658
2.930653e+12 1.108416e+13 -7.962982e+12 2.778415e-01 7.342120e-01 -6.194649e-01 3.539362e+00 0 1
1.249812e+12 1.406653e+12 5.263403e+11 1.988599e-01 9.238254e-01 3.271106e-01 7.298183e+00 0 245591
1.961293e+11 1.931800e+12 -2.096359e+12 1.095978e-01 3.795255e-01 -9.186668e-01 -9.893891e+00 0 1
5.653597e+11 -2.436732e+12 -5.349261e+11 4.487250e-01 -7.263899e-01 -5.205800e-01 3.021956e+00 0 18366
-7.676605e+11 1.411944e+12 2.214610e+12 9.889449e-02 5.353840e-01 8.387991e-01 -1.313873e+01 0 1
3.575853e+11 1.989553e+12 4.404235e+11 -3.185754e-02 9.921763e-01 1.207116e-01 1.156323e+01 0 1
3.910250e+11 -1.027471e+12 -1.301135e+12 -1.091974e-01 4.074827e-01 -9.066608e-01 1.864886e-01 0 172721
-2.016955e+12 -2.788413e+11 9.145619e+10 -9.822464e-01 1.726867e-02 -1.867991e-01 1.708832e+00 0 1
1.862916e+12 -3.025985e+11 -3.086103e+11 6.685738e-01 -6.199496e-01 4.106965e-01 -5.352006e+00 0 3
2.861792e+12 -4.550436e+12 2.108298e+12 4.409924e-01 -7.536474e-01 4.873822e-01 -7.056863e+00 0 129277
-7.436776e+11 4.554024e+12 -3.033295e+12 4.770185e-02 8.403192e-01 -5.399890e-01 -1.511532e+01 0 1
3.226791e+11 -1.123108e+12 3.627343e+12 3.942345e-01 -3.721180e-01 8.403020e-01 1.056988e+01 0 1
2.377710e+12 2.295371e+12 -1.161523e+12 7.123897e-01 6.303457e-01 -3.084886e-01 4.087581e+00 0 1
-1.683475e+12 2.013897e+13 -3.029174e+13 -4.490477e-02 5.187615e-01 -8.537389e-01 -1.228463e+01 0 1
-1.220107e+12 -2.660563e+12 8.659555e+11 -2.669347e-01 -9.038811e-01 3.342825e-01 -3.213657e+00 0 2
-1.470629e+12 2.000023e+12 4.482134e+11 -8.327350e-01 5.435726e-01 1.052678e-01 -1.129189e+00 0 1
-1.881631e+11 1.055289e+12 1.853336e+12 -6.459705e-02 5.997257e-01 7.975941e-01 -5.745352e+00 0 2949
6.499198e+11 1.822460e+11 2.458797e+12 6.727294e-01 -1.100899e-01 7.316525e-01 -6.928663e-01 0 31834
-1.451687e+11 2.135426e+12 1.459155e+11 -4.794636e-02 9.958929e-01 7.680108e-02 -4.557615e+00 0 395534
9.541076e+11 7.189330e+11 2.707139e+12 3.765166e-01 -1.859077e-01 9.075647e-01 -1.017501e+00 0 63920
-1.951372e+11 2.072889e+12 -5.193684e+11 4.651680e-01 7.905646e-01 -3.982792e-01 -1.349915e+01 0 22097
-5.664826e+11 2.668723e+12 -1.187046e+12 1.993716e-01 9.758362e-01 -8.941255e-02 -1.159236e+01 0 1
1.150753e+12 -1.016859e+12 -1.315289e+12 4.416859e-01 -5.693159e-01 -6.933924e-01 -7.157676e+00 0 2
8.237204e+11 -2.721973e+10 -1.621691e+12 8.537405e-01 -4.780024e-01 -2.064969e-01 -3.105303e+00 0 11898
-4.602756e+11 -9.541043e+10 -2.697057e+12 -5.846830e-02 4.636927e-01 -8.840648e-01 -7.041396e+00 0 1
1.766493e+12 3.211587e+11 -6.494541e+11 3.326184e-01 8.897606e-01 -3.125557e-01 1.541800e+01 0 648
1.784347e+12 1.198217e+12 -3.269729e+11 6.984543e-01 3.671898e-01 -6.142746e-01 3.611248e+00 0 19835
1.341944e+12 -2.001536e+12 7.820238e+11 4.406263e-01 -5.645055e-01 6.979843e-01 9.625972e+00 0 2
7.974873e+11 6.961666e+11 -1.325739e+12 -1.570715e-01 8.227626e-01 -5.462511e-01 1.051462e+01 0 1
-2.971304e+12 -5.598542e+11 1.307157e+12 -8.965769e-01 -8.138008e-02 4.353472e-01 -7.332530e+00 0 93372
1.197684e+12 -1.064899e+12 5.796184e+11 1.115331e-01 -6.889986e-01 -7.161294e-01 -5.961556e+00 0 412591
4.349188e+12 -8.906936e+12 -4.200334e+12 4.788936e-01 -8.244341e-01 -3.016114e-01 -1.990050e+00 0 78420
-4.356775e+12 -3.308864e+12 -4.675110e+11 -8.584821e-01 -5.120909e-01 -2.777570e-02 -1.265802e+01 0 4
-9.787237e+11 -1.458893e+11 2.148618e+12 -3.630927e-01 -1.559454e-01 9.186102e-01 2.772309e+00 0 80288
3.973199e+12 2.208587e+12 -1.706881e+11 7.805769e-01 6.250439e-01 -4.449055e-03 1.150633e+01 0 59507
-1.013629e+12 -1.136146e+12 1.175547e+12 -5.575256e-01 -2.951006e-01 7.759387e-01 -6.327060e+00 0 80622
5.860817e+12 -5.177060e+11 -8.774709e+11 9.859901e-01 5.208780e-02 -1.584624e-01 1.422154e+01 0 3
2.077455e+12 -6.843303e+11 -1.590530e+12 6.382146e-01 -4.511841e-01 -6.237909e-01 -1.107688e+01 0 52351
-1.279069e+12 5.550741e+11 2.446310e+12 -4.814231e-01 2.961898e-01 8.249263e-01 -6.288639e+00 0 2493
6.804533e+11 -2.775589e+12 4.321608e+12 -1.099717e-01 -6.692188e-01 7.348826e-01 -1.418291e+01 0 1
-1.782251e+12 -1.489836e+12 -6.876260e+11 -2.908056e-01 -9.539959e-01 -7.296479e-02 1.998313e+01 0 1
-2.624185e+12 -3.751647e+12 9.627958e+11 -7.105700e-01 -6.992738e-01 -7.814391e-02 2.248022e+00 0 1
1.166702e+12 1.844420e+12 -2.562515e+12 4.740600e-01 5.110180e-01 -7.170270e-01 -7.947307e+00 0 3
-4.414080e+11 4.992221e+11 1.687290e+12 -8.229447e-01 1.247679e-01 5.542517e-01 9.079374e+00 0 1
1.649777e+12 1.840657e+11 7.681771e+11 9.974956e-01 -5.062841e-02 -4.939018e-02 -8.008679e+00 0 9563
1.050714e+12 -1.712510e+12 2.702221e+11 7.625790e-01 -5.955548e-01 2.525625e-01 -6.999242e+00 0 1
-1.157557e+13 7.423890e+12 -5.961415e+12 -7.198367e-01 5.496263e-01 -4.239648e-01 3.996111e+00 0 1
-3.300133e+11 -5.126503e+11 -1.588765e+12 6.091670e-01 9.443596e-02 -7.873992e-01 3.861475e+00 0 35720
1.279316e+12 -4.128299e+11 -2.474825e+12 1.069867e-01 -3.772360e-01 -9.199168e-01 -8.498108e+00 0 1
-2.807056e+11 -8.835529e+11 1.958207e+12 -1.970970e-01 1.647796e-01 9.664370e-01 -6.621922e+00 0 1
1.214594e+12 -6.552932e+11 1.166322e+12 4.365362e-01 -4.759193e-01 7.635031e-01 2.274145e+00 0 1
-9.191217e+11 -2.344656e+12 6.969048e+12 -1.067182e-01 -4.004062e-01 9.101022e-01 -8.289127e+00 0 2
1.209065e+13 6.994133e+12 4.622486e+12 8.542941e-01 3.821205e-01 3.523713e-01 -1.011079e-01 0 1
-8.311468e+11 9.145878e+11 1.168581e+12 -2.814225e-01 6.915787e-01 6.652220e-01 -5.818529e+00 0 32962
-2.238066e+10 1.643787e+12 -5.976222e+11 2.403384e-01 9.210861e-01 -3.063295e-01 3.102464e-01 0 197997
-1.029526e+12 -7.517092e+11 1.244010e+12 -2.937468e-01 -5.817934e-02 9.541111e-01 2.303219e+00 0 62974
2.732763e+12 -1.266591e+12 -5.136733e+11 9.882871e-01 -7.089479e-02 1.351388e-01 1.453935e+01 0 1
6.748703e+11 9.149088e+11 -1.264001e+12 6.147306e-01 7.173743e-01 -3.278421e-01 9.276465e-01 0 185819
1.014597e+11 1.209118e+12 -3.296984e+12 8.518560e-02 8.283604e-02 -9.929157e-01 -8.139375e+00 0 32438
6.383756e+11 -1.322772e+12 -9.719429e+11 4.253540e-01 -9.049671e-01 1.041945e-02 -4.916714e+00 0 3
1.753447e+12 4.721530e+11 -6.954038e+11 4.396744e-01 8.253899e-01 -3.541440e-01 1.773246e+01 0 1
1.868774e+12 -6.562790e+11 -2.105142e+12 6.510478e-01 -1.721537e-01 -7.392563e-01 4.210775e+00 0 145341
3.611984e+11 -1.502641e+12 -6.989530e+11 8.503215e-02 -8.312210e-01 5.494007e-01 -2.659713e+00 0 139741
-1.574423e+12 -9.075030e+10 -8.272826e+11 -4.530309e-01 -1.113884e-01 -8.845087e-01 -3.857922e+00 0 30292
-3.243065e+12 -2.375640e+12 3.945869e+12 -4.799150e-01 -3.299671e-01 8.128981e-01 6.689612e+00 0 1
4.462739e+12 2.429094e+11 -2.421425e+12 8.514907e-01 2.744610e-01 -4.468050e-01 7.912344e-01 0 1
1.085762e+12 1.838647e+11 -1.657868e+12 9.687878e-01 1.916487e-01 -1.572291e-01 -3.897066e+00 0 1
-2.657859e+11 3.726480e+12 8.652296e+12 -5.345371e-03 3.059934e-01 9.520186e-01 -5.078931e+00 0 3
-3.411809e+11 7.944459e+11 -1.720721e+12 2.281026e-01 5.413745e-01 -8.092483e-01 3.100088e+00 0 2
-7.471733e+11 1.697892e+12 3.834330e+11 -7.193490e-01 5.553747e-01 -4.172481e-01 1.105289e+01 0 2
6.429678e+12 9.332446e+12 -3.072473e+12 5.260867e-01 8.122755e-01 -2.518755e-01 1.063508e+01 0 4
-5.515672e+11 8.624206e+09 -1.628695e+12 -2.402789e-01 2.712706e-01 -9.320291e-01 8.430817e-01 0 5505
-3.197185e+12 1.802501e+12 1.710624e+12 -6.596893e-01 6.512842e-01 3.750186e-01 -6.208787e+00 0 97860
-6.862155e+11 -4.816128e+11 2.192904e+12 -3.841934e-01 5.181155e-02 9.217977e-01 1.394470e-01 0 68044
-2.229851e+11 2.257580e+12 1.199872e+12 2.413923e-01 8.543952e-01 4.601506e-01 2.936570e-01 0 1
1.509891e+12 4.939517e+11 6.426313e+11 8.114033e-01 -1.029866e-01 5.753420e-01 -3.616826e+00 0 20689
2.895158e+11 1.994132e+12 8.687940e+10 6.910973e-03 9.558688e-01 -2.937124e-01 7.670322e+00 0 253556
1.921874e+12 1.767232e+12 3.789209e+11 3.091670e-01 9.310439e-01 1.938377e-01 1.694114e+01 0 2
-3.625188e+12 -2.316382e+12 -3.654873e+12 -6.107314e-01 -5.056056e-01 -6.094014e-01 7.452266e+00 0 8852
1.130565e+13 9.759190e+12 -5.234733e+12 7.219455e-01 6.164918e-01 -3.142174e-01 1.091284e+01 0 1
-1.364337e+11 -1.797776e+12 -9.982628e+11 5.486661e-01 -6.365699e-01 -5.419817e-01 2.941526e+00 0 2
-1.490431e+12 -6.075861e+11 -5.565966e+11 -8.791451e-02 -9.483971e-01 -3.046539e-01 9.844514e+00 0 39865
-6.158214e+11 6.665427e+12 -1.751989e+12 -1.761439e-01 9.748193e-01 -1.367503e-01 1.263835e+01 0 3
-2.230536e+12 -3.392373e+12 -6.706597e+11 -4.943001e-01 -8.005182e-01 -3.388775e-01 -4.971152e+00 0 1
4.828831e+12 4.033876e+12 -2.904969e+12 5.985825e-01 6.485951e-01 -4.701313e-01 1.260741e+01 0 1
1.661523e+12 2.408534e+12 6.782274e+11 1.948180e-01 8.845880e-01 4.237335e-01 1.517006e+01 0 2
-5.024661e+10 2.128547e+12 -2.557949e+12 2.567259e-01 5.341849e-01 -8.054429e-01 1.887377e+00 0 1
5.511754e+12 -5.680226e+10 6.310529e+12 5.149274e-01 -8.177589e-02 8.533244e-01 -9.430500e+00 0 1
-1.881974e+12 -1.073410e+12 -8.730153e+11 -4.226898e-01 -8.536133e-01 -3.044301e-01 1.790195e+01 0 119355
1.412062e+12 -5.386282e+11 1.691192e+12 5.124667e-01 -6.735913e-01 5.325906e-01 -9.900557e-01 0 134731
-2.004002e+12 -3.417283e+12 -9.059127e+11 -4.594480e-01 -8.825250e-01 1.002852e-01 -1.968312e+00 0 1
-1.871198e+12 1.325235e+12 -9.431102e+11 -8.554227e-01 5.024983e-01 -1.254888e-01 5.531294e+00 0 13376
-2.618179e+11 -4.338182e+12 2.991897e+12 6.591804e-02 -7.809582e-01 6.210951e-01 1.013115e+01 0 10249
-7.616082e+11 -8.478039e+12 -3.431646e+12 -1.003529e-02 -9.467197e-01 -3.219024e-01 9.553426e-01 0 23109
-1.469844e+12 1.675552e+12 4.644155e+12 -1.603581e-01 4.654754e-01 8.704125e-01 -7.242544e+00 0 2
1.043455e+12 2.562066e+12 -7.545909e+12 2.200602e-01 2.334882e-01 -9.471308e-01 1.397219e+00 0 2
-3.100752e+11 1.952773e+12 -1.445045e+12 -6.422331e-01 7.133417e-01 -2.804999e-01 1.384963e+01 0 2
-7.742387e+11 -8.947369e+11 2.429380e+12 2.326459e-02 -5.717993e-01 8.200636e-01 -1.804392e+00 0 1
-6.830571e+12 2.199525e+12 -7.893348e+12 -5.353049e-01 2.429490e-01 -8.089651e-01 4.510491e+00 0 1
6.810172e+12 1.364501e+12 -1.969711e+12 8.743061e-01 3.192629e-01 -3.655955e-01 -4.578486e-01 0 1
-3.548026e+12 -1.580356e+12 3.477384e+12 -5.452177e-01 -3.333985e-01 7.691444e-01 5.094617e+00 0 312553
2.151652e+11 -1.674266e+12 1.652707e+11 6.092890e-01 -6.879213e-01 3.943746e-01 8.793976e+00 0 147708
1.653911e+12 6.269509e+11 -2.194753e+11 2.930625e-01 8.504086e-01 -4.369435e-01 8.838527e+00 0 194698
1.191163e+12 8.958227e+11 -1.277016e+12 6.705659e-01 -2.455881e-01 -7.000199e-01 -1.635762e+01 0 1
-8.301281e+11 1.472879e+12 5.482943e+11 -2.721107e-01 9.380480e-01 -2.145267e-01 1.052952e+00 0 137687
-1.110914e+13 -1.565116e+13 8.806843e+12 -5.726382e-01 -7.285204e-01 3.759567e-01 -2.076752e+01 0 1
-2.411315e+12 1.792499e+12 -2.374684e+12 -6.743805e-01 6.736513e-01 -3.023323e-01 2.630222e+00 0 3
3.321845e+11 4.126201e+11 3.058780e+12 -1.265750e-01 -3.481606e-01 9.288504e-01 -4.592939e+00 0 1
-1.909902e+12 1.602394e+11 -1.803459e+12 -8.020762e-01 -1.547630e-01 -5.768208e-01 6.752874e+00 0 3
-1.732103e+12 5.089092e+11 -1.678852e+11 -8.862335e-01 2.387429e-01 3.969786e-01 2.547190e+00 0 114053
1.304235e+12 -1.970120e+12 -8.522415e+11 1.015245e-01 -7.989166e-01 -5.928112e-01 -3.331423e+00 0 324556
-2.033630e+12 9.582329e+11 1.198657e+12 -5.945909e-01 4.443938e-01 6.700566e-01 1.925095e+00 0 7935
2.312421e+11 -1.399813e+12 -2.155451e+12 1.377193e-01 -5.947961e-01 -7.919918e-01 5.864821e+00 0 3
1.274184e+12 -1.930202e+12 -1.803594e+11 6.301723e-01 -5.953047e-01 -4.984929e-01 1.040121e+01 0 1
-7.272126e+10 3.016023e+11 1.945566e+12 -6.577712e-02 -4.106552e-01 9.094150e-01 8.589188e+00 0 1
-4.519101e+11 2.906139e+11 -1.950325e+12 -3.624849e-01 1.651364e-01 -9.172430e-01 -2.433934e+00 0 53494
1.383140e+11 1.125445e+12 -2.484300e+12 2.335040e-01 -2.133262e-01 -9.486663e-01 3.350787e+00 0 1
1.643267e+12 7.348806e+10 -6.902897e+11 4.710734e-01 6.520259e-01 -5.940977e-01 3.680144e-01 0 1
-2.090698e+12 4.309590e+11 1.025197e+12 -9.705933e-01 -2.403688e-01 -1.309209e-02 1.280453e+01 0 1
-5.669673e+11 1.535651e+12 3.973708e+12 -3.901223e-01 3.605174e-01 8.472495e-01 7.436445e+00 0 2
-1.919902e+12 5.913531e+11 1.727228e+10 -7.107894e-01 5.800336e-01 -3.979188e-01 -1.201637e+01 0 1
8.960119e+11 -3.048876e+12 3.296668e+12 2.955008e-01 -5.069561e-01 8.097375e-01 -3.999987e-01 0 25148
1.608925e+12 -1.651994e+12 -1.163429e+12 7.725322e-01 -3.866534e-01 -5.036797e-01 -6.701515e-01 0 1
-1.075509e+12 1.425537e+12 2.248840e+12 -6.940625e-01 4.985572e-01 5.193438e-01 1.393473e+01 0 1
-8.753770e+11 -1.178839e+12 1.031324e+12 -7.616132e-01 -6.352316e-01 -1.281644e-01 -6.783875e-01 0 45030
1.063781e+12 -8.297174e+11 -1.660240e+12 3.214536e-01 -8.159780e-01 -4.804659e-01 -1.815715e+00 0 111128
-3.801215e+12 2.575690e+12 1.364514e+12 -7.872886e-01 3.618410e-01 4.992472e-01 -8.117227e-01 0 150560
-3.015750e+11 -8.242635e+11 -1.480468e+12 7.416166e-01 -9.021602e-02 -6.647300e-01 8.350237e+00 0 2632
4.820188e+12 -6.741597e+12 -6.004743e+12 3.624366e-01 -7.422825e-01 -5.636102e-01 -2.192882e+01 0 1
-8.771025e+12 -2.338623e+12 -3.999209e+13 -2.436517e-01 -2.989757e-02 -9.694019e-01 -1.402957e+01 0 1
3.894814e+12 9.575000e+12 -2.504509e+12 4.996976e-01 8.347128e-01 -2.314236e-01 -2.500574e+01 0 1
-2.189182e+12 -3.112665e+10 -5.126011e+11 -9.318136e-01 2.246017e-01 -2.850922e-01 -8.503630e+00 0 207843
-1.898715e+12 -3.238671e+11 -1.380001e+12 -8.188981e-01 2.489375e-01 -5.171422e-01 2.092500e+00 0 2
1.393344e+12 9.667334e+11 3.282005e+11 8.700693e-01 -5.709241e-02 4.896120e-01 -9.323005e+00 0 31837
1.045791e+12 1.408541e+11 -1.361294e+12 9.777202e-01 -1.760405e-01 1.143369e-01 -1.247323e+00 0 246
-2.052266e+12 8.775214e+11 -5.324233e+11 -4.759814e-01 7.355988e-01 -4.820126e-01 1.306501e+00 0 1
3.043656e+09 -1.635775e+12 -1.119580e+12 3.925309e-01 -9.004497e-01 -1.873762e-01 9.802454e+00 0 4
-6.600410e+11 7.959184e+11 1.371121e+12 -6.861508e-01 7.031631e-01 -1.864370e-01 -7.157889e-01 0 113743
-3.828812e+11 -1.703349e+12 -1.728102e+11 3.110804e-01 -9.029289e-01 2.965610e-01 1.009653e+01 0 489079
-2.442571e+12 -1.340035e+12 6.313757e+11 -7.915005e-01 -6.048271e-01 8.781322e-02 -2.067548e+00 0 7027
-4.376621e+10 2.140083e+12 -4.642334e+11 -2.811613e-01 9.155460e-01 2.876177e-01 1.210017e+00 0 217451
9.758946e+12 -4.933256e+12 -4.004317e+11 8.438361e-01 -5.365710e-01 5.665994e-03 -2.840258e+00 0 1
1.704766e+10 -3.197267e+10 -1.703071e+12 -8.257538e-02 -4.247923e-02 -9.956791e-01 -1.764917e+00 0 4492
-2.940745e+11 1.863172e+12 6.000056e+10 7.823256e-02 9.065070e-01 4.148793e-01 2.066864e-01 0 149587
-1.409906e+12 2.479764e+12 8.383762e+11 -8.423758e-01 5.071859e-01 1.821137e-01 -7.154506e-01 0 1
1.898763e+11 1.348027e+12 1.937188e+12 1.734505e-01 5.133174e-01 8.404881e-01 3.338402e+00 0 1
-2.631002e+11 -8.671323e+11 -1.692757e+12 -8.363717e-01 -5.265067e-01 -1.525554e-01 -5.211359e+00 0 33176
1.745615e+11 5.144531e+12 -7.410259e+11 -1.442004e-01 9.369554e-01 -3.183093e-01 2.906509e+00 0 1
5.077026e+11 1.811857e+12 -1.185524e+11 3.554168e-02 7.440856e-01 -6.671382e-01 3.589786e-01 0 92185
9.691244e+11 5.121851e+11 -1.910380e+12 8.243232e-01 3.415703e-01 -4.514654e-01 3.780087e-01 0 18248
-2.575595e+11 -2.414693e+12 -3.202253e+12 1.415713e-01 -7.443035e-01 -6.526636e-01 -1.439662e+00 0 2
-7.773357e+10 2.597897e+12 2.101819e+12 1.552492e-02 8.437064e-01 5.365803e-01 -4.972882e+00 0 242808
-1.762109e+12 -8.321945e+11 -2.749988e+11 -4.781255e-01 -6.127707e-01 -6.292123e-01 6.401531e-01 0 17635
3.878733e+11 -2.535183e+12 -1.613491e+10 1.306525e-01 -8.764076e-01 4.635080e-01 -3.786569e+00 0 72560
1.792671e+12 -7.781842e+10 -7.314729e+10 6.655383e-01 -7.221691e-01 1.884955e-01 -1.723911e+01 0 3
5.506307e+11 -2.906400e+12 -3.638911e+12 -1.349654e-01 -6.775996e-01 -7.229406e-01 -2.974740e+00 0 1
1.166184e+12 2.410290e+12 -1.106640e+11 2.049685e-01 8.559289e-01 -4.747354e-01 9.225782e+00 0 36829
-1.362404e+12 -3.412348e+11 -1.571127e+12 -8.031829e-01 5.097357e-01 -3.083292e-01 -3.941264e+00 0 1
1.718920e+12 -2.894030e+12 -9.423669e+11 7.250302e-01 -6.842824e-01 -7.803120e-02 1.356772e+01 0 2
3.463924e+12 3.343756e+12 -4.062637e+12 4.253393e-01 4.424523e-01 -7.895077e-01 -9.498307e+00 0 1
1.070006e+12 -4.302196e+12 -3.237904e+12 3.436604e-01 -6.824108e-01 -6.451457e-01 1.284450e+01 0 1
5.343565e+12 6.121608e+11 -3.870949e+12 7.575590e-01 4.042230e-02 -6.515139e-01 -1.142160e+01 0 7505
1.145316e+12 -1.533221e+12 8.443376e+11 2.674707e-02 -9.996357e-01 -3.609292e-03 -1.512761e+01 0 2
-1.221932e+12 -5.427056e+12 -1.992310e+11 -2.059046e-01 -9.665538e-01 -1.528959e-01 1.087293e+01 0 2
-8.434684e+11 -2.741897e+12 -1.083987e+12 -2.944171e-01 -8.668874e-01 -4.022745e-01 1.968415e+00 0 148723
-9.216547e+10 -6.258964e+11 -1.602584e+12 -2.238842e-01 -8.973740e-02 -9.704757e-01 -8.971030e-01 0 763
1.016381e+12 8.959712e+11 2.170770e+12 4.534408e-01 6.085677e-01 6.511810e-01 2.937053e+00 0 17082
-5.350829e+12 2.715867e+12 -3.392788e+11 -9.462276e-01 3.121030e-01 -8.511836e-02 1.705062e+01 0 1
-1.246442e+12 3.962912e+11 1.522860e+12 -6.510651e-01 3.485632e-01 6.742537e-01 -1.283169e+00 0 112622
4.712344e+11 -1.127758e+11 -1.652513e+12 3.118480e-01 3.851742e-02 -9.493509e-01 2.690042e+00 0 50875
-9.212328e+11 2.220382e+12 3.407014e+09 -3.253955e-01 9.260544e-01 -1.911572e-01 -5.203451e+00 0 234298
1.029370e+12 -2.209885e+12 2.140225e+12 3.859146e-01 -5.833611e-01 7.146746e-01 7.009855e+00 0 21507
1.675691e+12 -1.968239e+12 -3.368115e+11 6.812027e-01 -5.597356e-01 -4.718676e-01 6.526891e+00 0 33941
1.616375e+12 5.449927e+11 8.267798e+11 6.123781e-01 3.665978e-01 7.004278e-01 5.265915e+00 0 191408
2.769969e+12 6.030931e+10 -2.138767e+12 5.912294e-01 3.844384e-01 -7.089816e-01 -7.318158e-02 0 1
8.340720e+11 -1.513602e+12 -1.851274e+11 -1.995995e-01 -9.621275e-01 -1.856627e-01 -8.444535e+00 0 16287
-2.516112e+12 2.043057e+11 1.686783e+12 -9.542037e-01 -2.511061e-01 1.626073e-01 1.506399e+01 0 1
7.252538e+12 -1.383776e+12 -3.331700e+12 8.737505e-01 -5.859746e-02 -4.828317e-01 1.698793e+01 0 1
1.946619e+12 1.739620e+12 1.260246e+10 3.068371e-01 9.149706e-01 -2.620682e-01 3.744340e-01 0 1
-1.023487e+12 -1.600786e+12 -2.710367e+11 -6.724332e-01 -6.055216e-01 -4.256492e-01 -3.238996e+00 0 58431
3.155274e+12 2.895745e+12 -1.014100e+12 7.276705e-01 6.853761e-01 2.748321e-02 -5.267574e+00 0 9871
1.290563e+12 -1.770369e+12 -3.469667e+12 -4.820282e-02 -3.310135e-01 -9.423941e-01 4.133104e+00 0 1
-2.003317e+12 7.722124e+11 -3.301726e+11 -8.478443e-01 1.798590e-01 -4.988093e-01 -1.183091e+00 0 467895
4.058607e+12 -1.303209e+12 -1.086228e+12 9.914128e-01 -1.257174e-01 -3.599752e-02 1.291768e+01 0 4
6.439174e+11 1.872829e+12 6.713348e+09 -5.164627e-02 9.301277e-01 -3.635865e-01 1.288740e+01 0 162449
6.641769e+11 -6.304506e+11 -1.649353e+12 9.522381e-01 7.499308e-02 -2.960046e-01 2.828884e+00 0 17961
2.063217e+12 -8.591833e+11 5.813581e+11 9.996698e-01 1.247031e-02 2.246855e-02 1.214670e+00 0 1
1.482764e+12 7.248658e+11 -7.644764e+11 7.486876e-01 1.816085e-01 -6.375620e-01 -6.072005e+00 0 197019
4.558188e+12 2.912809e+12 8.605441e+11 7.402038e-01 6.717364e-01 2.947223e-02 -3.458919e+00 0 1
-3.233948e+11 6.432934e+11 -1.857808e+12 -5.658664e-01 -1.332790e-02 -8.243892e-01 7.475141e+00 0 134621
-1.720443e+12 -1.310441e+12 -1.449708e+11 -7.439981e-01 -6.679005e-01 -1.938453e-02 -1.460224e+00 0 29402
-2.140064e+12 -3.654455e+12 -4.866102e+11 -3.298952e-01 -8.743950e-01 -3.558124e-01 1.408928e+01 0 2
2.131525e+12 -2.020557e+12 -1.751329e+12 7.535181e-01 -3.052627e-01 -5.822587e-01 -4.220032e+00 0 1
1.164081e+12 1.341308e+12 2.282077e+11 9.190733e-01 1.308669e-01 3.717232e-01 -6.378550e+00 0 50739
1.646005e+12 2.422463e+11 -5.636314e+11 9.958366e-01 8.868468e-02 -2.108393e-02 3.697137e+00 0 57757
-1.717083e+12 -9.855677e+11 -1.093895e+12 -9.812324e-01 -1.828599e-01 -6.119868e-02 -1.131289e+01 0 48036
-1.635428e+12 2.856746e+11 4.810575e+11 -9.770345e-01 1.955730e-01 8.458614e-02 -3.306798e+00 0 12001
4.390612e+12 -8.964812e+11 -7.068403e+11 9.154697e-01 -3.395941e-01 -2.158494e-01 2.386932e+00 0 1
-2.905675e+12 1.432870e+13 -3.892270e+12 -1.081374e-01 9.690469e-01 -2.219334e-01 -2.692461e+01 0 1
3.113863e+11 -7.163346e+11 1.903474e+12 -6.010321e-02 2.409093e-01 9.686848e-01 -3.321210e+00 0 2
8.662736e+12 1.062002e+13 -3.296506e+12 5.901423e-01 7.661645e-01 -2.544092e-01 1.466060e+01 0 1
3.395800e+12 -4.983912e+12 -5.255426e+11 6.689997e-01 -7.044731e-01 -2.369748e-01 3.049405e+00 0 1
7.323012e+11 1.199025e+12 -2.041310e+12 -2.509049e-01 6.059944e-01 -7.548626e-01 1.586217e+01 0 1
3.844606e+11 1.746437e+12 -2.482105e+12 4.593374e-01 4.395893e-01 -7.718617e-01 -8.976586e-01 0 1
6.193473e+11 -2.383616e+12 -3.360664e+12 2.275460e-01 -5.861722e-01 -7.775763e-01 -3.451592e+00 0 2545
-1.728427e+12 4.358618e+12 -4.140771e+12 -3.638899e-01 6.259565e-01 -6.897555e-01 9.220293e+00 0 257832
-2.883124e+12 -1.267308e+12 -4.028887e+12 -7.596851e-01 -4.094770e-02 -6.490006e-01 2.025080e+00 0 1
5.934678e+11 -1.443201e+11 -2.303093e+12 -1.418849e-01 -3.122428e-01 -9.393472e-01 2.047405e+00 0 114947
-1.315934e+12 -9.898310e+11 6.979723e+11 -6.996996e-01 -5.315515e-01 -4.773610e-01 -4.274133e+00 0 109424
-1.412161e+12 -1.452727e+12 2.224274e+12 -4.673253e-01 -5.274187e-01 7.095326e-01 -3.541647e+00 0 66380
-5.129700e+10 -5.328323e+11 -2.154802e+12 2.266676e-01 -6.135446e-02 -9.720378e-01 -2.970134e+00 0 45461
-5.136204e+12 4.596576e+12 3.108349e+12 -7.038216e-01 4.880489e-01 5.161817e-01 1.355511e+01 0 1
6.395702e+11 2.506043e+12 -2.121350e+11 1.124741e-01 9.268158e-01 -3.582764e-01 -2.371960e+00 0 176649
1.712159e+12 -3.059868e+09 4.119148e+09 9.655942e-01 2.719426e-02 2.586277e-01 -5.617732e+00 0 29005
1.469999e+12 9.429820e+11 -5.298422e+10 9.520250e-01 2.450993e-01 -1.832343e-01 -3.549622e+00 0 220025
-4.229743e+10 -1.248375e+11 -2.208124e+12 2.610159e-01 -2.276381e-01 -9.381106e-01 5.029293e+00 0 242
2.149685e+12 1.026532e+13 4.213707e+12 5.592457e-02 9.391459e-01 3.389356e-01 5.605297e+00 0 1
7.404428e+11 -2.676480e+12 -2.815091e+12 -8.772160e-02 -6.979910e-01 -7.107134e-01 -1.327686e+01 0 1
-9.291840e+11 8.568500e+11 1.262786e+12 -5.461941e-01 6.878392e-01 4.780683e-01 -4.947276e+00 0 132542
7.502002e+11 -3.365556e+11 -1.608159e+12 -2.000761e-01 5.989285e-02 -9.779481e-01 1.570634e+00 0 72778
-2.138767e+12 8.213374e+11 9.294227e+10 -9.310644e-01 2.342717e-01 -2.797066e-01 7.716591e+00 0 2
2.929925e+12 -1.772607e+11 1.794509e+12 8.696974e-01 5.930868e-02 4.900091e-01 7.776675e+00 0 2570
1.873797e+12 1.885770e+12 -5.379498e+11 4.954192e-01 8.678584e-01 -3.716927e-02 6.466665e-01 0 1
3.110525e+12 -3.488383e+12 -3.698307e+12 3.234771e-01 -5.701438e-01 -7.551812e-01 -1.415254e+01 0 1
-3.697955e+11 1.531947e+12 -5.273491e+12 1.047281e-01 1.339335e-01 -9.854409e-01 -6.480184e+00 0 133556
1.536251e+12 -8.172038e+11 -8.360527e+11 2.047465e-01 -9.301304e-01 -3.048545e-01 -1.545869e+01 0 35503
-1.709692e+12 2.765491e+11 7.087634e+11 -9.495936e-01 -2.407497e-01 -2.007775e-01 1.490907e+01 0 1
1.791872e+12 3.974134e+12 -4.171628e+12 2.813963e-01 6.556459e-01 -7.006744e-01 -5.156384e+00 0 2
2.819376e+12 7.703412e+11 -6.978014e+11 9.537472e-01 2.067018e-01 2.182672e-01 1.579524e+00 0 3
1.507701e+12 -7.683760e+11 -8.108479e+11 6.312102e-01 5.949941e-02 -7.733263e-01 8.350011e+00 0 3345
4.528660e+11 2.825549e+12 1.288861e+12 -1.311037e-01 7.458436e-01 6.530920e-01 3.598543e+00 0 89135
-8.039067e+11 7.125009e+10 -2.029592e+12 -5.116111e-01 4.486624e-01 -7.327729e-01 -3.770157e+00 0 30686
-6.096482e+11 7.922680e+11 1.377313e+12 -3.577152e-01 6.191658e-01 6.990519e-01 3.070511e+00 0 159593
5.000601e+11 1.400315e+12 -1.124969e+12 3.239039e-02 3.783490e-01 -9.250961e-01 4.661715e+00 0 1
-1.181887e+12 -1.402205e+12 -5.529067e+11 -6.022759e-01 -7.982761e-01 -4.361258e-03 3.362215e+00 0 387967
-1.688718e+12 -2.301077e+11 8.683051e+11 -4.999250e-01 1.570907e-01 8.517027e-01 2.931874e+00 0 1
-1.779886e+12 -6.745207e+11 6.992428e+10 -7.705779e-01 -5.120377e-01 3.795089e-01 -2.921852e-01 0 2378
1.483035e+12 -3.080541e+11 1.454803e+12 8.494659e-02 -2.008336e-01 9.759354e-01 3.801379e+00 0 1
-4.273325e+11 -1.134642e+12 1.218430e+12 6.766772e-01 -7.148246e-01 1.764474e-01 1.406039e+00 0 1
6.972865e+10 -6.086887e+11 -2.589551e+12 3.696407e-01 2.438614e-01 -8.966032e-01 8.472163e+00 0 2
-7.873140e+11 -2.286406e+12 1.145350e+12 -3.526982e-01 -7.709955e-01 5.302546e-01 3.936023e+00 0 1797
-1.865007e+12 1.482302e+11 2.312326e+11 -9.909077e-01 -5.095533e-02 1.245213e-01 -2.135566e+00 0 259976
-4.227885e+11 -1.193147e+12 1.353918e+12 -6.354275e-01 -7.348032e-01 2.372681e-01 1.115054e-01 0 100223
6.534737e+11 -1.070532e+12 1.214712e+12 2.961494e-01 -7.997005e-01 5.222783e-01 9.235344e-01 0 17918
1.163899e+12 1.700317e+12 9.170005e+11 7.756360e-01 3.930254e-01 4.938824e-01 -1.858370e+00 0 1
1.315508e+11 -1.805846e+12 3.121017e+11 -2.188156e-04 -9.763423e-01 2.162307e-01 -1.094401e+00 0 174399
3.813977e+12 6.529117e+12 -3.307283e+11 4.619704e-01 8.785452e-01 -1.214151e-01 -2.565013e+00 0 1
6.324052e+12 -2.805161e+12 -5.436523e+12 7.311800e-01 -3.127556e-01 -6.062671e-01 -5.141786e+00 0 1
5.463412e+11 -8.383550e+12 -4.982551e+12 8.602476e-02 -9.306095e-01 -3.557607e-01 -6.588530e+00 0 135810
-1.494052e+13 9.800774e+12 1.249390e+13 -6.617167e-01 4.373206e-01 6.090006e-01 1.073577e+01 0 1
-1.147623e+12 9.649672e+09 -1.306608e+12 1.557982e-01 6.355082e-01 -7.562118e-01 -7.858355e+00 0 57812
-9.577172e+11 -4.038219e+12 1.124203e+12 -8.853653e-02 -9.957945e-01 2.354807e-02 -1.843244e+00 0 1
-1.970437e+12 -2.247728e+12 -5.071877e+11 -7.357659e-01 -6.543599e-01 1.745325e-01 -4.875137e+00 0 358238
2.327519e+12 1.257454e+12 -4.614443e+11 9.628936e-01 2.560872e-01 -8.517826e-02 -8.284888e+00 0 107208
-8.613305e+09 1.139548e+12 1.316323e+12 1.385047e-01 1.706823e-01 9.755429e-01 -8.582137e+00 0 1
7.881749e+11 -7.887670e+11 -2.151323e+12 -3.851982e-01 -2.413337e-01 -8.907190e-01 2.313106e+00 0 2
-1.011425e+12 2.357440e+12 -6.301010e+11 -3.278502e-01 9.429911e-01 -5.728927e-02 2.732143e+00 0 2
3.127420e+12 6.369877e+11 -2.356070e+12 8.706918e-01 3.110507e-01 -3.809767e-01 6.684271e-02 0 157518
4.460851e+12 6.412873e+12 -1.748566e+12 4.566256e-01 8.565092e-01 -2.405932e-01 1.415166e+00 0 1
6.563729e+11 -1.390107e+12 -7.694787e+11 -2.096760e-01 6.732881e-02 -9.754501e-01 -1.238363e+01 0 1
7.728540e+11 2.055105e+12 1.334577e+12 -1.185705e-01 7.485515e-01 6.523892e-01 9.553342e-02 0 1
1.205398e+12 1.196825e+11 1.660170e+12 8.535597e-01 2.827663e-01 4.375832e-01 5.102577e+00 0 72868
1.085360e+11 1.253601e+12 -1.308714e+12 6.078243e-01 1.994824e-01 -7.686068e-01 -7.745812e+00 0 5315
3.753161e+12 3.028629e+12 6.931382e+11 6.006570e-01 7.950139e-01 8.464070e-02 2.123109e+01 0 1
-7.290489e+11 -3.558170e+10 3.385283e+12 -5.223508e-01 2.796244e-01 8.055805e-01 -6.459915e+00 0 541413
4.640139e+12 -8.534584e+12 1.128898e+12 5.345033e-01 -8.343327e-01 1.348896e-01 1.160938e+01 0 1
-1.820865e+12 6.785132e+11 6.135805e+11 -6.027785e-01 1.460103e-01 7.844355e-01 5.024665e+00 0 163963
2.464678e+12 -7.065767e+12 1.173366e+13 2.354751e-01 -4.198931e-01 8.764938e-01 -5.437548e+00 0 1
-8.449160e+11 -3.093955e+12 9.459123e+11 -6.262147e-01 -7.531855e-01 2.014119e-01 -2.873050e+00 0 1
-4.215738e+11 9.364816e+11 1.860227e+12 -2.637260e-01 4.485167e-01 8.539797e-01 4.656601e+00 0 68723
-2.502968e+12 -1.007800e+12 1.376127e+11 -6.710275e-01 -7.302980e-01 1.280116e-01 6.582175e+00 0 2
5.304102e+11 2.009258e+12 1.109682e+12 5.252854e-01 8.387047e-01 1.437001e-01 -1.023664e+01 0 280058
-2.935547e+12 -8.294797e+11 8.532709e+12 -2.925293e-01 -2.409365e-01 9.254060e-01 1.273030e+01 0 1
-1.731381e+12 -3.196855e+12 7.241268e+11 -2.938385e-01 -9.504301e-01 1.016931e-01 1.245204e+01 0 1
3.619291e+11 -1.639164e+12 5.298832e+11 9.291111e-01 -3.621599e-01 -7.478525e-02 6.647327e+00 0 2
1.231945e+11 -2.130120e+12 -5.078375e+12 7.924585e-02 -6.151444e-01 -7.844217e-01 8.568721e+00 0 1
-2.350865e+12 1.955618e+12 1.731390e+12 -7.943736e-01 4.842850e-01 3.666588e-01 5.962222e+00 0 43016
8.354587e+11 6.263057e+11 1.357933e+12 -5.537718e-02 -3.283121e-01 9.429446e-01 -7.169308e+00 0 1714
3.077435e+12 -4.881516e+12 -5.109316e+12 4.022468e-01 -5.096194e-01 -7.605824e-01 -3.157879e+00 0 2
-9.625390e+11 8.727619e+11 -2.047575e+12 -9.450634e-02 7.869397e-01 -6.097495e-01 -9.995572e+00 0 1
-1.029049e+12 -1.614416e+12 2.823161e+12 -5.585670e-01 -5.488086e-01 6.219422e-01 3.724221e-01 0 32185
-1.627079e+12 5.924984e+11 -6.025693e+12 -2.795276e-01 3.173401e-01 -9.061785e-01 2.307258e+00 0 1
-1.696418e+12 -1.965439e+11 -8.563861e+11 -6.934586e-01 5.992274e-01 -4.000520e-01 -6.025929e+00 0 1
4.798864e+11 -3.529872e+11 1.760826e+12 7.433709e-01 -4.144823e-01 5.249801e-01 4.335590e-01 0 968
1.585885e+12 -2.561033e+12 1.119362e+12 8.362004e-01 -5.475650e-01 3.068255e-02 1.833628e+01 0 1
-5.838585e+11 1.345363e+12 -1.064236e+12 -6.646982e-01 -7.033995e-02 -7.437934e-01 4.489143e+00 0 12529
-8.750285e+11 -1.252906e+12 -8.809251e+11 -5.201314e-01 1.326876e-01 -8.437163e-01 -9.664137e+00 0 22109
1.610656e+12 7.664688e+11 4.091321e+11 7.246254e-01 5.865200e-01 -3.618182e-01 9.654743e+00 0 166809
-2.211308e+12 -1.396009e+12 3.623298e+10 -5.949905e-01 -7.994727e-01 -8.264156e-02 4.298210e+00 0 3
-2.719086e+12 2.768729e+12 -1.752758e+12 -3.568691e-01 7.941063e-01 -4.919753e-01 -3.669774e+00 0 1
1.153126e+12 1.094819e+12 1.141996e+12 2.985008e-01 2.241207e-01 9.277215e-01 -8.601813e+00 0 1
3.672135e+12 -4.776627e+12 4.256020e+12 5.663690e-01 -6.134217e-01 5.503999e-01 1.122403e+01 0 2
-6.809037e+11 -1.776499e+12 -1.132689e+12 -7.181224e-01 -2.608284e-01 -6.451889e-01 -2.200221e+01 0 1
2.016505e+12 2.635635e+12 3.091550e+12 5.241354e-01 2.762340e-01 8.055910e-01 -3.578300e+00 0 1
-1.603607e+12 -3.768640e+12 -4.274139e+11 -3.378069e-01 -9.214757e-01 -1.917524e-01 6.698102e+00 0 80654
-9.982869e+11 1.638059e+12 8.231813e+11 -8.445025e-01 5.077269e-01 -1.703786e-01 1.008264e+01 0 53027
2.686079e+12 1.486545e+12 3.167510e+11 6.522292e-01 7.553713e-01 6.333462e-02 2.060756e+01 0 2
-1.912850e+12 -5.528961e+11 1.254546e+12 -7.246647e-01 -6.890708e-01 6.522502e-03 1.531233e+01 0 1
8.375128e+11 -1.611273e+12 1.598970e+12 5.166245e-01 -3.089753e-01 7.985195e-01 9.943150e+00 0 1
6.995968e+10 -7.860245e+11 -3.313609e+12 6.322898e-02 -6.110363e-02 -9.961267e-01 5.099932e+00 0 134043
2.042512e+12 9.274084e+11 -6.766354e+11 8.599668e-01 2.852193e-01 -4.232105e-01 -5.795276e+00 0 28313
2.319354e+10 2.024735e+12 -8.840218e+11 3.179044e-01 8.286202e-01 -4.607879e-01 -1.007126e+00 0 5
9.351721e+11 1.166101e+11 1.441109e+12 5.346757e-01 -5.765991e-01 6.177827e-01 -5.256734e+00 0 150881
7.348535e+11 1.394960e+12 1.577772e+12 5.202600e-01 5.876388e-01 6.196856e-01 2.147108e+00 0 58056
-6.835619e+11 1.569180e+12 -3.814877e+12 4.392205e-02 4.563935e-01 -8.886933e-01 -9.478441e+00 0 1
-1.198168e+10 -8.609089e+11 1.604047e+12 4.272974e-01 -7.619287e-01 4.867048e-01 1.264676e+01 0 1
1.791519e+11 -1.442115e+12 9.382919e+11 3.254272e-01 -8.980598e-01 2.959488e-01 -9.190887e-01 0 24029
1.009578e+11 -6.097928e+11 1.594727e+12 -1.433512e-01 -7.973390e-01 5.862601e-01 -2.536565e+00 0 3518
-1.617206e+12 4.008095e+12 -3.821048e+12 -4.519790e-01 6.274862e-01 -6.340158e-01 -1.735543e+00 0 1
-5.279470e+12 -1.359919e+13 -8.393601e+12 -3.486666e-01 -7.959533e-01 -4.948635e-01 -1.303526e+01 0 1
-1.278975e+12 4.529336e+12 -2.161528e+12 -3.186983e-01 8.339816e-01 -4.504510e-01 1.491597e+01 0 2
-1.438061e+12 -8.153865e+11 1.426020e+12 -1.334831e-01 -3.954192e-01 9.087496e-01 8.862771e+00 0 201292
2.796805e+12 5.464186e+12 8.329057e+12 2.883534e-01 4.264246e-01 8.573298e-01 2.052135e+00 0 35100
9.304724e+11 -2.204154e+12 1.115855e+12 2.168393e-01 -9.054445e-01 3.648987e-01 -1.262985e+01 0 2
1.469459e+12 -9.410795e+11 -5.372976e+11 -8.660792e-02 -6.190132e-01 -7.805906e-01 -7.830403e+00 0 175511
-4.357375e+11 -2.872868e+11 1.665546e+12 -3.767862e-01 -4.853945e-01 7.889388e-01 5.912256e-01 0 2831
1.724988e+12 1.689330e+12 -2.420482e+11 7.712754e-01 6.337695e-01 -5.891125e-02 5.515789e+00 0 1
1.375246e+12 -4.038019e+12 3.244020e+12 -3.815155e-02 -7.688006e-01 6.383495e-01 -7.414419e+00 0 55192
1.416532e+12 -8.091626e+11 -1.025473e+12 5.507395e-01 2.838206e-01 -7.849407e-01 1.511502e+01 0 1
-8.451432e+11 -2.005546e+12 1.829018e+12 1.923426e-02 -3.642980e-01 9.310838e-01 -3.983155e+00 0 1
-8.828926e+11 1.005126e+12 -1.843564e+12 -4.164424e-01 3.957514e-01 -8.185087e-01 4.172579e+00 0 221919
8.805443e+11 1.045187e+12 2.060567e+12 1.651747e-01 -9.290129e-02 9.818791e-01 -5.870357e+00 0 156616
5.020345e+12 -4.203157e+12 -2.630166e+12 6.552990e-01 -6.751580e-01 -3.387403e-01 -1.355054e+01 0 4
-7.283173e+11 -1.553621e+12 3.549282e+11 6.423027e-01 -7.478161e-01 1.679832e-01 1.794004e+01 0 143286
7.924277e+11 -1.734551e+11 2.012549e+12 7.821585e-01 -3.601178e-01 5.084714e-01 -8.359230e+00 0 426323
-1.117417e+12 -8.907274e+11 -1.853781e+12 -6.490426e-01 -3.317263e-03 -7.607448e-01 -1.085037e+01 0 1
-1.580716e+12 2.436993e+11 -2.075799e+12 -7.380026e-01 3.190423e-01 -5.946126e-01 -7.386707e+00 0 68176
-2.960074e+12 -2.008432e+12 -1.775290e+12 -8.739835e-01 -4.551422e-01 -1.702890e-01 3.037950e-01 0 3
7.801680e+11 -2.690038e+11 1.836239e+12 2.147480e-01 -6.691222e-01 7.114483e-01 -7.444084e+00 0 1
2.838531e+12 -1.597365e+12 -3.186907e+12 7.190276e-01 -3.106544e-01 -6.216858e-01 -9.974370e-02 0 24774
1.960692e+12 6.390771e+11 1.317956e+11 9.816846e-01 1.887966e-01 -2.551755e-02 -4.797853e+00 0 26179
-1.808534e+12 -7.121621e+11 1.452246e+11 -7.630243e-01 -5.289268e-01 3.715245e-01 8.508398e+00 0 19200
-2.198058e+12 -7.233010e+10 1.289680e+12 -8.513555e-01 -3.275144e-01 4.097904e-01 3.218690e+00 0 1
-2.044031e+11 -3.344483e+12 -2.080744e+11 -1.281293e-01 -9.574087e-01 2.587499e-01 -5.864963e+00 0 294993
-4.550408e+11 3.538574e+12 -6.368269e+11 -3.689198e-02 9.407370e-01 -3.371245e-01 2.069345e+00 0 168988
-7.427757e+11 4.945342e+12 -2.279505e+12 -1.950767e-01 9.699351e-01 -1.455022e-01 -1.905236e+00 0 11754
-4.494824e+11 -1.816553e+12 1.648949e+12 -7.706456e-02 -9.967149e-01 2.490746e-02 -1.080394e+00 0 114318
2.117319e+12 -9.194607e+11 1.791383e+11 5.841889e-01 -8.034690e-01 1.147207e-01 -7.801805e+00 0 4
-2.330913e+12 -1.073419e+12 -8.491576e+11 -8.112598e-01 -4.485622e-01 -3.750326e-01 3.238235e+00 0 3
1.263512e+12 -4.206559e+11 -1.566566e+12 4.056122e-01 -7.752098e-01 -4.842815e-01 -3.954726e+00 0 166142
-4.428587e+12 -3.117575e+11 -5.093101e+12 -6.096274e-01 -1.976281e-01 -7.676572e-01 -1.018221e+00 0 3
-5.305056e+11 -6.871882e+11 -1.657234e+12 -4.368021e-01 -7.636963e-02 -8.963100e-01 -9.476834e+00 0 1
-7.491316e+11 -1.825373e+12 1.014019e+11 -8.102549e-01 -3.114521e-01 -4.964722e-01 -7.665720e+00 0 53457
2.459515e+12 -1.236002e+11 -2.171845e+11 7.215003e-01 -6.349154e-01 -2.762601e-01 -3.543033e+00 0 1
-1.248745e+11 2.275376e+12 1.043192e+12 1.393468e-01 9.105869e-01 3.891195e-01 -6.645924e+00 0 415918
1.769719e+12 4.968059e+11 -3.942706e+11 7.575570e-01 5.509999e-01 -3.500093e-01 6.263458e+00 0 11917
3.576200e+11 1.690344e+12 -7.322222e+09 9.747807e-01 1.052228e-01 -1.968014e-01 -1.074540e+01 0 3
-4.917695e+11 -7.323903e+11 1.624936e+12 4.669388e-02 -1.515611e-01 9.873444e-01 -9.999570e-01 0 597140
1.877502e+12 -8.106972e+11 -4.073341e+11 9.325904e-01 -6.653735e-03 -3.608752e-01 1.769974e+01 0 1
-2.692987e+12 -3.028630e+11 -2.598987e+12 -8.142763e-01 -1.769100e-01 -5.528625e-01 6.694795e+00 0 3
-4.249658e+11 -1.297042e+12 -1.284712e+12 3.416173e-01 -9.121322e-01 -2.265228e-01 1.579509e+00 0 2
4.733981e+11 2.635005e+12 3.471264e+11 -1.273903e-01 9.637693e-01 2.343510e-01 3.924641e+00 0 6273
4.767617e+11 -2.221423e+12 -3.423251e+11 -8.959832e-02 -9.794188e-01 -1.808616e-01 -1.271277e+01 0 125954
4.347680e+12 -1.906802e+13 1.929304e+13 1.594984e-01 -7.169166e-01 6.786684e-01 1.156602e+01 0 2
-1.687298e+12 2.892484e+12 -1.886100e+12 -5.024665e-01 8.389340e-01 -2.090864e-01 -7.740550e+00 0 64766
-1.149069e+12 1.200817e+12 -4.301408e+11 -5.152094e-01 2.053346e-01 -8.321039e-01 5.346725e+00 0 4
-2.438840e+12 -1.755118e+12 1.993625e+11 -8.732157e-01 -3.797100e-01 3.054746e-01 3.961407e+00 0 1
-3.403652e+12 1.399607e+10 5.612778e+11 -9.133622e-01 2.999192e-01 2.753506e-01 -3.914428e+00 0 1
1.941548e+12 9.440996e+11 1.629280e+12 7.891101e-01 5.990449e-01 1.358323e-01 1.286391e+00 0 91241
-1.387389e+12 4.276356e+11 1.323337e+12 -6.332618e-02 1.096962e-01 9.919458e-01 5.611530e+00 0 1
4.373112e+11 1.713849e+12 -3.447565e+11 4.466185e-01 5.599809e-01 -6.978204e-01 -1.420253e+01 0 2
-3.732182e+11 -3.340080e+11 -3.667287e+12 5.246727e-02 7.682627e-02 -9.956631e-01 -5.552808e+00 0 1
1.397412e+12 2.257810e+12 -9.616628e+11 3.948868e-01 6.758994e-01 -6.222736e-01 -3.996628e+00 0 92193
-9.990511e+11 1.526635e+12 3.516529e+12 -5.504130e-01 2.938848e-01 7.814584e-01 1.485601e+01 0 1
2.167007e+12 1.797302e+11 1.131704e+12 9.790561e-01 -5.179145e-02 1.968928e-01 -6.323625e+00 0 316411
-4.098384e+11 5.868430e+11 -1.865187e+12 9.494700e-02 2.044664e-01 -9.742580e-01 -2.277637e+00 0 528
3.313691e+12 -2.457866e+12 -4.482656e+12 4.882637e-01 -5.129460e-01 -7.060347e-01 -1.188019e+01 0 1
-3.768560e+12 1.926618e+12 -4.158332e+12 -6.973431e-01 3.028015e-01 -6.496337e-01 -3.380669e+00 0 103140
-5.502589e+12 -2.945326e+12 -4.155608e+11 -9.163746e-01 -3.717118e-01 -1.486200e-01 -1.350044e+01 0 1
1.970572e+12 5.133985e+11 -1.434979e+12 5.008967e-01 -9.569188e-02 -8.602009e-01 1.213812e+00 0 54819
3.754528e+12 5.548586e+12 3.130760e+10 3.823019e-01 9.125708e-01 1.451200e-01 2.424585e+00 0 1
-3.044481e+11 2.842022e+11 -2.241255e+12 -3.070752e-02 -1.198245e-01 -9.923201e-01 5.115002e+00 0 255288
-1.192312e+13 1.959492e+12 -3.048480e+12 -9.677063e-01 1.787860e-01 -1.777080e-01 -1.202290e+01 0 2
2.438781e+12 -4.527237e+12 4.499272e+12 5.387173e-01 -6.124430e-01 5.785302e-01 2.554186e-01 0 1
-2.168282e+11 1.603631e+12 -7.282399e+11 1.652049e-01 9.799323e-01 -1.115352e-01 -2.263903e+00 0 180443
-2.056672e+11 -1.708297e+12 -5.333632e+11 4.156408e-01 -8.901854e-01 -1.865814e-01 9.513809e+00 0 3
-2.786572e+11 -3.950355e+11 -2.849700e+12 1.829336e-01 -5.481851e-01 -8.161056e-01 -2.364767e+00 0 65166
-1.476718e+12 -3.887495e+12 -1.896164e+12 -2.319125e-01 -7.948523e-01 -5.607374e-01 5.671528e+00 0 249081
-7.447068e+12 -5.791832e+12 -6.076979e+12 -6.758795e-01 -5.074755e-01 -5.344675e-01 9.388920e+00 0 1
-5.476345e+11 -4.032507e+12 -1.229635e+12 -2.700199e-01 -9.609897e-01 5.989977e-02 -1.015415e+01 0 203316
-1.463376e+11 5.494877e+11 1.871486e+12 -2.770361e-01 6.730072e-01 6.857932e-01 4.075346e+00 0 5949
-1.430251e+12 1.010328e+12 -2.380831e+11 -7.526015e-01 -1.142731e-01 -6.484849e-01 7.831361e-02 0 1
1.995106e+11 -1.684496e+12 1.976013e+12 2.498844e-01 -3.974810e-01 8.829307e-01 -4.210359e+00 0 72271
-1.219561e+13 4.796532e+12 4.273444e+12 -9.101742e-01 3.060699e-01 2.791133e-01 1.139796e+01 0 2
1.731481e+12 -3.304631e+11 9.222279e+11 8.077086e-01 -6.004674e-02 5.865162e-01 6.192796e+00 0 106453
-2.081037e+12 1.420535e+12 6.320866e+12 -4.495922e-01 2.981965e-01 8.419891e-01 -1.306243e+01 0 1
-5.655287e+12 -5.215963e+11 -1.815805e+12 -9.545775e-01 -2.660964e-01 -1.340691e-01 -5.131043e-01 0 1
3.552155e+11 -1.021430e+12 1.553855e+12 -5.833646e-01 -5.866048e-01 5.617655e-01 -5.853662e+00 0 34909
-1.423629e+11 -4.746903e+12 2.161820e+12 1.398833e-01 -7.944917e-01 5.909447e-01 -3.814832e+00 0 1
4.073019e+11 -1.154170e+12 1.634091e+12 -7.296234e-03 -7.917932e-01 6.107457e-01 -1.982676e-03 0 47500
-2.046319e+12 -1.712693e+12 -3.910179e+11 -9.077686e-01 -4.069807e-01 1.016017e-01 -1.391261e+01 0 1
2.684362e+12 1.613112e+12 -1.379337e+12 4.660673e-01 7.068955e-01 -5.320527e-01 2.584175e+00 0 1
-1.556507e+12 -6.648517e+11 8.133343e+11 -5.585140e-01 -8.954600e-02 8.246476e-01 6.197731e-01 0 153472
1.447939e+12 3.455161e+11 -1.069970e+12 7.621604e-01 9.542739e-02 -6.403164e-01 -5.520237e+00 0 58856
-2.239215e+12 -2.478369e+11 -4.204161e+12 -3.942414e-01 -2.881591e-01 -8.726615e-01 -1.051063e+00 0 2
-7.835433e+11 -2.184033e+12 1.766138e+12 -3.231630e-02 -6.475191e-01 7.613637e-01 -1.878428e-01 0 1
-4.444014e+12 2.304532e+12 3.830827e+12 -6.560589e-01 3.574650e-01 6.646845e-01 3.626387e+00 0 1
-1.507613e+12 1.247069e+12 -6.837439e+11 -4.859180e-01 5.651015e-01 -6.667413e-01 -4.386338e+00 0 1
9.083319e+11 -2.843256e+11 1.912127e+12 9.451689e-01 -1.238926e-01 3.021694e-01 -3.196451e+00 0 310300
-8.151580e+12 8.498232e+12 -3.728910e+11 -7.000388e-01 7.140405e-01 9.587481e-03 -8.368952e+00 0 2
6.272223e+11 2.007318e+12 7.649858e+11 4.004204e-01 9.153525e-01 4.234658e-02 -6.447352e+00 0 1
1.414738e+12 7.751977e+11 -5.260676e+11 8.471993e-01 4.236243e-01 -3.206179e-01 -3.563313e+00 0 311576
-6.920189e+11 3.684240e+11 2.130469e+12 -2.982558e-01 -3.208890e-01 8.989292e-01 8.298830e+00 0 126939
-1.640473e+12 -6.382933e+11 -1.436080e+12 -2.625435e-01 -3.477421e-01 -9.000813e-01 -3.812304e+00 0 2
-9.026869e+11 -4.455496e+11 1.656476e+12 -2.079373e-01 -3.888315e-02 9.773690e-01 6.227112e+00 0 79156
1.205158e+12 2.836101e+12 5.683270e+10 7.121210e-01 6.931366e-01 1.115585e-01 -2.331895e+01 0 1
4.243695e+10 -1.633121e+12 -1.306951e+12 2.823884e-01 -8.731360e-01 -3.973542e-01 -1.578239e-01 0 106642
-4.290655e+11 -4.590280e+12 -3.106260e+12 1.339130e-01 -7.788208e-01 -6.127850e-01 1.987664e+01 0 1
-4.446788e+11 2.413020e+12 -2.967515e+12 2.336631e-01 5.512674e-01 -8.009406e-01 4.442185e+00 0 1
2.854147e+12 2.299169e+12 -6.661698e+12 3.721906e-01 3.319457e-01 -8.667677e-01 6.470769e+00 0 1
-7.930351e+11 1.360416e+12 6.846024e+11 -6.123770e-01 2.769266e-01 7.404769e-01 6.773873e+00 0 416746
6.131971e+11 -6.299491e+11 1.598870e+12 -3.914386e-01 1.968798e-02 9.199936e-01 -6.469824e+00 0 367676
1.060029e+12 1.035212e+12 1.391901e+12 8.690135e-01 4.625446e-01 1.756929e-01 1.346352e+00 0 144251
-5.637297e+11 1.322548e+12 1.005479e+12 -2.639683e-01 7.632604e-01 5.897070e-01 5.489919e-01 0 58221
-1.316884e+11 3.470723e+12 -2.056025e+12 -3.180097e-01 9.238235e-01 -2.131195e-01 1.941729e+01 0 1
4.764326e+11 1.584520e+12 -1.586127e+12 6.287495e-01 2.509500e-01 -7.360014e-01 -1.394798e+01 0 1
1.601784e+12 -4.500283e+11 1.570628e+12 3.060293e-01 -7.955011e-01 5.229954e-01 -1.893736e+01 0 1
7.702817e+11 1.936940e+12 -5.158345e+11 8.179046e-01 5.752068e-01 1.300710e-02 -1.361431e+01 0 9331
-1.559143e+12 9.986332e+11 8.202102e+11 -5.107210e-01 8.217209e-01 2.528614e-01 -1.653833e+00 0 1
2.457307e+12 -1.562347e+12 -1.298467e+12 4.027996e-01 -8.365325e-01 -3.714377e-01 -4.942292e+00 0 1
-1.393854e+12 -1.639869e+12 -1.354824e+12 -7.727124e-01 -4.738402e-01 -4.223637e-01 -8.539924e+00 0 1
3.263053e+12 -6.264898e+12 -2.329876e+12 2.864914e-01 -9.234412e-01 -2.553018e-01 -4.223706e-01 0 1
8.699041e+12 1.360536e+13 6.493056e+12 5.468008e-01 7.501006e-01 3.719651e-01 -2.200972e+01 0 1
-4.600569e+11 2.920338e+11 1.616146e+12 -9.118504e-01 4.040305e-01 7.272021e-02 5.411896e+00 0 175024
-6.920415e+11 -2.519066e+12 -5.254312e+12 -1.161805e-01 -5.667427e-01 -8.156622e-01 -8.469630e+00 0 1
-5.304200e+11 2.367766e+11 -1.923780e+12 -7.312927e-01 -3.579483e-01 -5.805894e-01 7.267059e+00 0 15268
-5.993295e+12 -5.462903e+11 -4.440544e+12 -7.694018e-01 5.474202e-02 -6.364151e-01 4.421857e-01 0 3
-2.483691e+12 -1.709139e+12 2.077348e+12 -7.769092e-01 -5.770709e-01 2.517962e-01 -3.152956e+00 0 1
3.470992e+12 3.313130e+11 1.118561e+12 9.538811e-01 5.291243e-02 2.954844e-01 -9.171891e+00 0 1
-1.114698e+12 1.339769e+12 8.209038e+11 5.684628e-02 7.231677e-01 6.883292e-01 -9.262070e+00 0 43992
-1.291708e+12 -1.434107e+12 -1.931630e+11 -6.554880e-01 -6.223246e-01 4.278405e-01 -6.355436e+00 0 1
-1.075188e+12 -3.387861e+11 1.313665e+12 -7.296906e-01 1.242182e-01 6.723998e-01 -8.678722e+00 0 212533
-1.304760e+12 3.044979e+12 -1.557544e+12 -1.299200e-01 9.192099e-01 -3.717175e-01 2.279922e+00 0 1
1.580289e+12 -2.349931e+11 -7.461867e+11 9.082949e-01 -4.118653e-01 -7.326241e-02 -3.777350e+00 0 421137
-9.713605e+11 3.037269e+12 -3.457850e+12 -5.179657e-01 5.202448e-01 -6.790117e-01 2.040990e+01 0 1
3.684197e+11 -1.031571e+12 1.558407e+12 5.696374e-01 2.261882e-02 8.215848e-01 2.304970e+00 0 36531
2.725556e+12 7.945821e+11 -1.947661e+10 9.841636e-01 -1.759874e-01 -2.122550e-02 -7.592624e+00 0 1
2.872217e+12 -2.892656e+12 3.036629e+11 7.564415e-01 -6.523459e-01 4.734091e-02 -1.178053e+00 0 64445
9.517947e+11 -9.740661e+11 1.938088e+12 1.827938e-01 1.494543e-01 9.717252e-01 1.293384e+01 0 1
-5.370061e+11 -3.107347e+11 2.738835e+12 2.834100e-01 -1.199894e-01 9.514627e-01 9.226354e+00 0 1
8.319042e+11 7.214153e+11 -1.560579e+12 7.974219e-01 4.219603e-01 -4.313558e-01 -6.636302e+00 0 25787
3.784419e+11 -1.630521e+12 3.549437e+11 9.353166e-01 -3.131412e-01 -1.646982e-01 1.843392e+01 0 78007
1.160402e+11 -8.091822e+11 -1.846749e+12 -2.477209e-01 -6.762019e-01 -6.938194e-01 1.358219e-01 0 6088
-7.326470e+10 1.535591e+12 1.748022e+12 -2.943504e-01 3.130306e-01 9.029782e-01 6.994261e+00 0 31141
2.045385e+12 6.024240e+11 -1.807317e+11 9.829406e-01 -4.651170e-02 -1.779448e-01 -1.148542e+01 0 1
-1.178692e+12 -2.563549e+12 3.900016e+12 -1.500586e-01 -6.948608e-01 7.033142e-01 -3.148733e+00 0 1
5.956881e+11 -1.061494e+12 -1.369654e+12 6.058694e-01 -7.891776e-01 1.006031e-01 -4.990680e+00 0 1
1.987471e+12 -8.227535e+12 8.725257e+11 3.536859e-01 -9.202763e-01 1.673253e-01 1.585650e+00 0 1
-5.590008e+12 2.894162e+12 -9.096409e+11 -8.181610e-01 5.651029e-01 -1.061669e-01 -2.284330e+00 0 362378
-1.969657e+13 -4.318913e+12 7.756351e+12 -9.241743e-01 -1.907655e-01 3.309237e-01 -1.136388e+01 0 1
2.175857e+12 -1.247306e+12 -1.034465e+11 7.904005e-01 -6.108484e-01 4.616555e-02 -8.216623e+00 0 1
2.082481e+12 1.520834e+10 -3.385515e+12 3.120356e-01 -3.250442e-01 -8.927374e-01 -8.410601e-01 0 1
-9.830193e+11 -2.428352e+12 -2.385773e+12 -1.300547e-01 -7.531925e-01 -6.448153e-01 -1.983731e+00 0 147360
-1.925545e+11 -3.862223e+11 -1.678348e+12 -8.957716e-01 -1.915446e-01 -4.011284e-01 -4.697129e+00 0 192874
7.105303e+11 -1.129135e+12 1.983329e+12 -3.147772e-01 -6.558015e-01 6.861776e-01 2.085793e+00 0 1
1.694039e+12 -3.769922e+11 -4.992214e+09 5.599320e-01 -7.133773e-01 4.213893e-01 -2.911762e+00 0 1
-1.140103e+12 -7.096982e+11 1.833262e+12 -3.436699e-01 -8.787099e-01 3.313003e-01 1.246498e+01 0 1
9.320019e+10 -1.863332e+12 -3.840299e+11 2.654317e-01 -7.454546e-01 -6.114274e-01 8.046690e+00 0 21901
-7.847016e+11 6.519637e+11 -1.839742e+12 -6.067884e-01 4.735375e-01 -6.384122e-01 -1.485536e+00 0 1
2.400872e+11 4.473523e+11 2.883422e+12 -1.524395e-02 4.527850e-01 8.914894e-01 9.742636e+00 0 2
1.431864e+12 1.015388e+12 -5.415391e+11 9.947688e-01 1.963880e-02 1.002466e-01 -9.129771e+00 0 35474
1.644987e+12 -1.137022e+12 -2.098402e+12 4.301591e-01 -3.725623e-01 -8.222898e-01 -5.074626e+00 0 1
-1.563872e+12 9.112485e+11 4.971683e+12 -3.777864e-01 1.511925e-02 9.257693e-01 -3.710530e+00 0 2
4.707517e+12 -5.734939e+11 2.524076e+12 8.573047e-01 -2.904505e-01 4.250495e-01 -1.597249e+01 0 1
5.652306e+12 2.070784e+12 3.792652e+12 8.360998e-01 1.033861e-01 5.387472e-01 -2.420546e+01 0 1
-1.075941e+11 1.324308e+12 1.241419e+12 4.459649e-01 8.192494e-01 3.604799e-01 -8.943115e+00 0 18715
9.614298e+11 -1.668563e+12 -5.360622e+11 7.241468e-01 -6.049267e-01 3.311723e-01 1.076177e+01 0 76443
1.082278e+12 3.351291e+12 -1.459298e+12 1.026957e-01 9.548735e-01 -2.786938e-01 1.491178e+01 0 1
-1.850036e+12 -1.481585e+12 -6.822392e+11 -9.795932e-01 -1.228220e-01 -1.590970e-01 -1.907846e+00 0 1
-3.745167e+12 -1.734157e+12 1.494351e+12 -7.235792e-01 -5.307279e-01 4.413174e-01 1.571119e+01 0 1
-1.118520e+13 -6.273306e+11 2.846634e+12 -9.621824e-01 6.383494e-02 2.648211e-01 -6.858718e-01 0 1
-1.913667e+12 -7.041772e+11 4.494782e+11 -9.118565e-01 -1.217857e-01 -3.920281e-01 2.001149e+00 0 129998
1.663768e+12 4.092638e+11 -4.171018e+11 9.224961e-01 3.746285e-01 -9.302895e-02 7.929063e+00 0 47923
5.916049e+11 2.279315e+12 -1.221405e+12 3.563354e-01 8.242957e-01 -4.399564e-01 -8.364234e+00 0 51073
-1.011712e+12 1.130751e+12 9.189128e+11 -1.209669e-01 1.167792e-02 9.925878e-01 5.027442e+00 0 158723
9.215990e+11 -1.409967e+12 -8.323192e+11 -3.699844e-01 -8.961295e-01 -2.450785e-01 -1.664267e+01 0 2
6.269839e+11 1.396907e+12 -9.142370e+11 7.665371e-01 6.101874e-01 -2.002307e-01 -1.080055e+01 0 1
-1.092582e+12 1.145738e+12 7.504459e+11 -7.320591e-01 5.005349e-01 -4.621193e-01 1.297244e+00 0 77952
-3.372062e+12 4.878141e+12 -3.125550e+12 -5.843541e-01 6.836380e-01 -4.372291e-01 -7.477259e+00 0 1
-4.738046e+12 4.287282e+11 -2.096812e+12 -8.841741e-01 1.290405e-02 -4.669793e-01 7.998979e+00 0 174862
2.387894e+12 1.197644e+13 -9.883606e+12 1.801539e-01 6.946550e-01 -6.964187e-01 3.798592e+00 0 1
-1.381810e+12 -1.887184e+12 -2.685739e+12 -5.153815e-01 -5.857002e-01 -6.255695e-01 -7.756685e+00 0 1
2.167722e+12 -4.240225e+11 1.967555e+12 6.632519e-01 2.413318e-01 7.084179e-01 3.051027e+00 0 3
-3.349994e+11 1.763194e+12 -1.868815e+12 -3.818044e-01 8.940346e-01 -2.343663e-01 -1.223013e+00 0 2139
-4.768768e+11 -7.791467e+12 7.408794e+12 -1.517040e-01 -7.566517e-01 6.359749e-01 -1.307813e+01 0 1
-1.782259e+12 -1.395589e+12 2.264341e+12 -6.059145e-01 -5.962658e-01 5.266258e-01 3.451395e+00 0 813
4.094057e+12 1.989278e+13 1.201961e+13 2.155808e-01 8.299217e-01 5.145433e-01 1.956908e+00 0 1
9.382541e+10 3.299043e+12 4.373386e+12 -5.591192e-02 7.284067e-01 6.828598e-01 1.427991e+01 0 1
-6.570753e+11 -3.892128e+12 -3.213514e+11 -1.053806e-01 -9.721233e-01 -2.094548e-01 -6.338349e+00 0 1
-1.320721e+12 1.083839e+12 2.127969e+12 -6.604168e-01 2.520413e-01 7.073364e-01 1.294177e+01 0 1
2.180420e+12 3.830905e+12 -1.517582e+12 5.939996e-01 8.017924e-01 -6.552385e-02 3.653835e+00 0 1
-2.999106e+12 8.748336e+11 1.772721e+12 -5.763496e-01 8.810362e-02 8.124401e-01 -2.751102e+00 0 1
3.398922e+11 3.119168e+12 6.983070e+11 6.345065e-02 9.838615e-01 1.673040e-01 9.932304e+00 0 1
-1.966895e+11 2.631327e+12 1.408050e+12 1.084751e-01 9.801887e-01 1.657205e-01 -1.364568e+00 0 213568
2.664230e+12 -6.141692e+11 -2.765667e+11 9.868273e-01 6.973983e-02 -1.459736e-01 3.175769e-01 0 2
7.171723e+12 -1.169234e+12 -8.574601e+12 6.289841e-01 2.521955e-02 -7.770090e-01 1.790034e+01 0 1
-1.190958e+12 -4.999622e+12 1.917350e+12 1.187911e-02 -8.990445e-01 4.376961e-01 1.098553e+00 0 1
-4.218937e+11 1.246290e+12 -1.422064e+12 5.890199e-01 3.589460e-01 -7.240258e-01 -3.479988e+00 0 2
3.650361e+11 1.443498e+12 3.656851e+12 2.094501e-01 2.751273e-01 9.383153e-01 -6.256152e+00 0 4
1.896075e+12 -9.172203e+11 1.423934e+11 9.632556e-01 5.934382e-02 2.619484e-01 1.425280e+01 0 69363
-3.101024e+11 -2.410506e+12 -1.424809e+12 -2.315638e-01 -8.726720e-01 -4.299091e-01 -7.406609e+00 0 49237
1.107327e+12 1.101932e+12 -1.840034e+12 8.467155e-01 4.636519e-01 -2.609593e-01 -8.013105e+00 0 18091
2.175291e+12 -2.872310e+12 1.077905e+12 7.024361e-01 -5.954553e-01 3.898930e-01 2.415904e+00 0 3
-1.498907e+11 -1.264080e+12 1.465377e+12 -4.335991e-01 -2.172189e-01 8.745329e-01 -9.046276e+00 0 6060
-4.469527e+11 -1.094745e+10 -1.644715e+12 2.595312e-01 4.776134e-01 -8.393623e-01 -4.823269e+00 0 70827
2.208244e+12 1.376634e+12 2.720491e+12 6.693274e-01 6.260294e-01 4.001099e-01 1.486836e+01 0 2
-1.677376e+12 -2.398460e+12 2.825038e+12 -5.327023e-01 -5.832766e-01 6.132019e-01 1.614409e+00 0 1
-6.328537e+11 -1.440021e+12 -1.065346e+12 9.963800e-02 -8.149921e-01 -5.708416e-01 1.118171e+01 0 171655
1.566395e+12 1.586145e+12 1.063704e+12 4.923760e-01 3.615259e-01 7.917480e-01 4.396039e+00 0 207958
1.382228e+12 2.892329e+12 -8.301566e+11 5.126496e-01 7.144320e-01 -4.762114e-01 -1.129752e+01 0 1
-5.828834e+12 -1.694206e+12 1.990092e+12 -9.265619e-01 -2.404245e-01 2.892733e-01 -1.093774e+01 0 2
1.135978e+12 -2.224093e+12 9.429231e+11 6.745991e-01 -7.375211e-01 -3.128317e-02 -5.632385e-01 0 1
-7.487442e+11 4.761049e+12 -3.980371e+12 -2.006524e-01 7.827873e-01 -5.890523e-01 -3.506844e+00 0 2
1.405984e+12 2.120748e+12 -1.009962e+12 2.903421e-01 9.548203e-01 -6.340072e-02 1.559959e+00 0 1
2.427957e+12 -2.126464e+12 8.622850e+11 3.706666e-01 -7.925584e-01 4.842081e-01 -1.758681e+01 0 1
6.638095e+12 -8.151442e+12 -1.152346e+13 4.215318e-01 -4.878690e-01 -7.643918e-01 1.149108e+01 0 197520
-1.642638e+12 6.149678e+11 -5.627007e+11 -7.896423e-01 -2.628245e-01 -5.544261e-01 3.904748e+00 0 1
1.131284e+12 1.010206e+12 8.911964e+11 3.941564e-01 4.262035e-01 8.142428e-01 -1.171817e+00 0 859
-1.282124e+12 -8.863048e+12 7.408111e+12 -1.624357e-01 -7.450821e-01 6.468904e-01 -1.448308e+01 0 1
-4.517947e+12 1.383951e+12 6.401781e+12 -5.977973e-01 2.954709e-01 7.452083e-01 -1.187820e+01 0 1
-1.361819e+13 -2.281729e+12 -8.543319e+12 -8.471200e-01 -6.426077e-02 -5.275020e-01 -1.880459e+01 0 2
-7.642508e+11 -9.708372e+11 1.711175e+12 -7.566581e-01 -2.002366e-01 6.223936e-01 -1.220054e+01 0 1
1.422178e+12 2.165855e+11 -9.419996e+11 8.572153e-01 -5.141322e-01 2.915640e-02 -8.632335e+00 0 1
-1.146981e+12 2.993937e+12 2.474380e+12 -1.471052e-01 7.436555e-01 6.521783e-01 -8.701983e+00 0 2
2.543126e+12 2.873517e+11 2.050166e+12 6.103233e-01 3.317654e-01 7.193311e-01 2.455760e+00 0 5
-1.370284e+12 1.685037e+12 -1.361199e+12 -6.048308e-01 7.169248e-01 -3.466968e-01 6.148984e+00 0 1
5.176055e+12 -7.108183e+12 3.939695e+12 6.616155e-01 -6.558919e-01 3.634155e-01 2.435030e+01 0 1
5.432563e+11 -1.171736e+12 -1.654597e+12 4.649358e-01 -8.273757e-01 -3.150938e-01 4.842029e+00 0 6554
3.479654e+11 -3.388250e+12 1.014432e+12 2.209489e-03 -9.931981e-01 1.164159e-01 -1.080801e+01 0 1
-1.145138e+12 7.731072e+12 -2.148507e+12 -2.391730e-01 9.521307e-01 -1.903771e-01 1.753793e+01 0 1
1.981467e+12 -7.031288e+10 7.468811e+11 6.069428e-01 -5.346038e-01 5.880639e-01 -6.450761e+00 0 15332
-1.696926e+12 -8.170422e+11 1.144341e+11 -9.699366e-01 9.603413e-02 -2.236078e-01 -6.236992e+00 0 40885
2.095124e+11 1.093481e+12 -1.783050e+12 2.527972e-02 6.509400e-01 -7.587081e-01 -5.317455e+00 0 1
-4.783731e+11 1.340872e+12 1.588641e+12 -2.397144e-01 4.302662e-01 8.702919e-01 -3.033860e+00 0 141685
-1.442604e+12 -8.258617e+11 6.475043e+12 -1.948097e-01 -2.260793e-01 9.544304e-01 6.897759e+00 0 1
-1.851356e+12 -4.383006e+11 6.141609e+11 -9.142198e-01 2.042922e-01 3.499526e-01 -1.044604e+01 0 2754
7.660358e+10 -5.052992e+11 1.623469e+12 -3.970810e-01 -7.390906e-01 5.441247e-01 -6.576492e+00 0 31640
1.663822e+12 2.422752e+12 -1.468197e+12 2.490523e-01 9.190650e-01 -3.054381e-01 1.202860e+01 0 4
-3.072495e+12 -5.183621e+11 -1.555987e+12 -8.973743e-01 -5.194529e-03 -4.412396e-01 3.235285e+00 0 1
3.124584e+12 -1.368259e+13 -8.118301e+11 2.115350e-01 -9.657137e-01 -1.504992e-01 8.016472e+00 0 1
-3.214509e+12 -1.176792e+12 6.605163e+11 -9.779701e-01 -2.085378e-01 9.297024e-03 1.402942e+00 0 217653
-3.751415e+10 -2.948296e+11 1.725983e+12 4.446141e-01 -1.818932e-02 8.955375e-01 -2.925747e-01 0 48408
-4.328213e+11 1.287213e+12 1.051004e+12 -9.535417e-01 2.304497e-01 1.940393e-01 2.216511e+01 0 1
1.843599e+12 -3.020112e+11 6.239586e+11 9.353891e-01 -1.426553e-01 -3.235688e-01 -8.793638e-01 0 9714
2.286071e+12 2.436451e+12 -3.246432e+12 2.962461e-01 3.998221e-01 -8.673987e-01 7.090000e+00 0 1
-8.559333e+11 -8.460212e+11 1.353752e+12 -8.305375e-01 1.567539e-01 5.344489e-01 -1.347279e+01 0 309811
2.014260e+12 1.870121e+12 8.105760e+11 8.366969e-01 3.925530e-01 3.818907e-01 -1.567455e+01 0 1
1.541582e+12 2.312917e+11 2.464724e+12 1.829220e-01 -1.823454e-01 9.660692e-01 -1.252012e+01 0 1
-1.489804e+12 1.864189e+11 -7.894992e+11 -7.929455e-01 -3.021779e-01 -5.290802e-01 8.337353e+00 0 36470
1.573964e+12 -9.842335e+11 -3.690707e+11 7.183553e-01 -1.371703e-02 -6.955412e-01 1.182431e+01 0 1
1.018244e+11 1.549970e+12 -1.458871e+12 -4.095310e-01 8.757085e-01 -2.557712e-01 -1.928810e+00 0 2
1.603468e+12 1.893203e+12 1.095029e+12 6.169707e-01 7.858130e-01 4.295404e-02 6.554857e+00 0 331773
-1.126771e+12 7.524110e+11 1.791130e+12 -1.504496e-01 4.626300e-01 8.736924e-01 -7.023469e-01 0 69349
-2.545518e+12 -3.550807e+11 -4.022836e+11 -8.058875e-01 9.611897e-02 -5.842144e-01 3.819776e+00 0 1
3.071001e+12 5.863138e+11 -1.696554e+12 9.395555e-01 -1.552151e-01 -3.051946e-01 -1.641937e+01 0 1
-7.976780e+11 9.136867e+11 1.594744e+12 -3.105419e-01 4.068077e-01 8.591107e-01 -1.926320e+00 0 17234
-5.855247e+11 -1.634599e+12 -9.994992e+11 4.762377e-01 -8.556162e-01 -2.027773e-01 2.053243e+01 0 1
-2.370834e+12 1.214059e+12 -1.885012e+12 -6.904591e-01 2.253323e-01 -6.873802e-01 7.197475e+00 0 142899
1.383521e+12 -1.103258e+12 -8.148624e+11 7.086445e-01 3.560366e-02 -7.046669e-01 1.285934e+01 0 3627
-1.691459e+11 -1.435307e+12 2.625116e+12 -4.062465e-01 -1.869780e-01 8.944289e-01 -9.202724e+00 0 351188
2.144915e+12 -1.201864e+12 7.785941e+11 6.615370e-01 -7.494238e-01 -2.706868e-02 -1.046163e+00 0 4
-2.420156e+12 -1.265144e+12 7.823064e+11 -8.863193e-01 -3.160928e-01 3.384130e-01 -7.758927e+00 0 17211
1.473121e+12 7.913053e+11 4.423198e+11 4.079496e-01 5.004921e-01 7.635999e-01 1.861977e+00 0 131741
-3.888730e+11 -1.835748e+12 1.959739e+11 -4.374808e-01 -8.220317e-01 -3.645195e-01 -1.252125e+00 0 125169
-3.661069e+11 -1.208897e+12 -3.841056e+12 -3.610773e-01 -9.945882e-02 -9.272169e-01 7.692993e+00 0 1
1.478691e+12 -1.992622e+11 -2.676991e+12 3.897488e-01 -2.866645e-01 -8.751681e-01 3.243292e-01 0 26638
-1.262137e+12 1.087853e+12 -1.136970e+12 4.720478e-03 5.205493e-01 -8.538185e-01 4.550862e+00 0 1
2.299834e+11 -2.094500e+12 7.032059e+11 -2.433872e-01 -9.238619e-01 2.953675e-01 -4.290150e+00 0 38131
1.264324e+12 1.018158e+12 -1.459363e+12 7.217170e-01 6.016211e-01 -3.423105e-01 -7.962007e-01 0 9690
3.075930e+12 -2.181277e+12 -2.986396e+12 4.484884e-01 -4.850511e-01 -7.507220e-01 4.774254e-01 0 6282
-3.457685e+11 1.359652e+11 1.756699e+12 6.283717e-01 -9.034890e-02 7.726488e-01 -2.033792e+00 0 43680
2.419249e+12 -3.734433e+12 -4.449591e+11 2.713371e-01 -9.469624e-01 -1.721579e-01 -4.480144e+00 0 4
-2.328043e+12 3.886040e+11 -1.421932e+11 -7.288830e-01 -1.664564e-01 -6.640947e-01 1.299224e-01 0 1
8.362264e+11 -1.651199e+12 2.056057e+09 7.681896e-01 -5.977633e-01 -2.292678e-01 2.867620e+00 0 111771
-3.691610e+12 -3.658911e+12 4.883742e+12 -5.823228e-01 -5.203812e-01 6.245827e-01 -1.309251e+01 0 2
2.981936e+12 4.766877e+12 1.559873e+11 4.253876e-01 8.891331e-01 1.687827e-01 1.428492e+01 0 1
1.541169e+12 -1.100642e+11 -7.471962e+11 7.169681e-01 2.353619e-01 -6.561719e-01 1.582639e-01 0 168637
-2.871461e+12 1.742128e+12 -1.575131e+12 -7.710553e-01 5.396924e-01 -3.379434e-01 -1.109705e+01 0 2
1.036116e+12 -1.338363e+12 -5.736036e+11 2.517944e-01 -8.510823e-01 4.607153e-01 -8.969013e+00 0 33277
1.972714e+12 -7.127697e+12 8.853263e+12 1.094762e-01 -6.574967e-01 7.454616e-01 2.316779e+00 0 205557
1.439147e+12 5.906437e+11 6.783016e+11 7.293045e-01 -2.307210e-01 6.441140e-01 -6.414157e+00 0 173589
4.015095e+11 2.035350e+12 -7.742695e+11 1.993229e-01 9.486565e-01 -2.456038e-01 2.434975e+00 0 1
-6.649604e+11 9.654675e+11 -1.371036e+12 -8.947623e-02 9.755942e-01 -2.005241e-01 -1.336074e+00 0 28571
-2.851895e+12 1.301417e+12 -2.011294e+12 -8.289639e-01 1.446110e-01 -5.402837e-01 1.356924e+01 0 1
-1.717056e+12 -2.638939e+12 -2.245989e+12 -1.896918e-01 -8.977243e-01 -3.976282e-01 1.906547e+01 0 1
5.663042e+11 1.993659e+12 3.003100e+12 3.600388e-01 4.923228e-01 7.924584e-01 -7.252874e-01 0 61834
1.315568e+13 -2.287739e+12 -7.494871e+12 8.863718e-01 -1.229293e-01 -4.463557e-01 1.388625e+01 0 1
-8.695883e+11 -2.043872e+12 -1.635545e+11 -8.300272e-01 -5.489301e-01 -9.864378e-02 -2.099882e+01 0 1
1.468141e+12 -2.007876e+12 2.419533e+12 2.676943e-01 -1.789098e-01 9.467476e-01 1.477767e+01 0 1
6.707077e+12 -1.805990e+12 3.237766e+12 8.907675e-01 -2.626517e-01 3.708738e-01 -8.956276e+00 0 460464
1.108980e+12 -7.880037e+11 3.147829e+12 1.876478e-01 5.146165e-02 9.808874e-01 -4.318081e+00 0 1
1.591570e+12 2.575912e+11 6.972682e+11 8.550236e-01 -4.728208e-01 -2.130142e-01 -4.561711e+00 0 112059
-3.333071e+12 8.482690e+12 1.303277e+13 -1.467615e-01 5.812769e-01 8.003613e-01 4.280829e+00 0 1
2.096795e+11 2.376262e+12 -1.474900e+12 -2.987460e-01 9.350065e-01 -1.910857e-01 6.049305e+00 0 103797
4.999336e+10 1.399667e+12 9.839882e+11 7.779356e-01 3.947788e-01 4.888414e-01 -1.481541e+01 0 2
3.591978e+11 -2.416287e+12 2.002448e+11 8.896862e-02 -9.383192e-01 -3.341283e-01 -4.425584e+00 0 1
-1.109251e+12 -2.528664e+12 -2.032782e+12 -1.986318e-01 -4.784605e-01 -8.553484e-01 3.903241e+00 0 26083
1.108203e+12 -1.697385e+12 -1.374213e+12 7.803366e-02 -2.950455e-01 -9.522914e-01 -6.390811e+00 0 334412
-7.300186e+11 -5.676656e+11 -1.878896e+12 -6.584965e-01 -3.979559e-01 -6.387592e-01 1.567065e+00 0 238023
-1.439546e+12 6.183060e+10 -1.003226e+12 -8.770241e-01 -4.728601e-01 8.504093e-02 1.076074e+01 0 114866
1.622792e+12 5.491992e+11 -4.736528e+11 7.758487e-01 -6.299881e-01 -3.425972e-02 -1.607669e+01 0 111111
-7.905946e+12 1.023855e+13 9.027652e+12 -4.764394e-01 6.935239e-01 5.403981e-01 -1.543694e+01 0 1
-1.832467e+12 3.387801e+12 -5.230842e+11 -3.445063e-01 9.256834e-01 -1.562870e-01 -1.223147e+01 0 1
-9.171016e+11 -1.762551e+12 -1.942368e+11 -5.510012e-01 -8.287427e-01 -9.789366e-02 4.501233e+00 0 2
-3.824100e+11 -1.314176e+12 1.052641e+12 5.841076e-01 -7.794838e-01 2.263257e-01 1.113944e+01 0 1
-3.854084e+12 2.637259e+12 1.729790e+12 -7.560036e-01 6.471079e-01 9.853892e-02 1.705776e+00 0 1
-7.435476e+11 -1.182552e+13 6.147168e+12 3.911783e-02 -8.839753e-01 4.658942e-01 1.740045e+01 0 1
-5.467910e+12 -4.065380e+12 6.015209e+12 -6.825789e-01 -4.023985e-01 6.100504e-01 1.916264e+00 0 2
1.641364e+12 5.890364e+11 6.657833e+11 7.662472e-01 -1.809174e-01 6.165501e-01 -1.042778e+01 0 29719
-1.336489e+12 7.279407e+11 -1.257983e+12 -7.088297e-01 -2.109078e-01 -6.731110e-01 4.996639e+00 0 38836
-1.258001e+12 3.559779e+12 1.240920e+12 -4.854011e-01 7.086197e-01 5.120976e-01 3.455774e+00 0 32868
1.080094e+12 7.968017e+11 1.482356e+12 -2.116505e-02 9.286502e-01 3.703524e-01 1.528027e+01 0 1
