# 781 1.000000e+07 1.000000e+04 0.000000e+00 1.000000e+00 5.000000e-01
-1.853747e+13 -1.337359e+14 -1.026858e+14 -8.167767e-01 -4.784653e-01 -3.224078e-01 -1.138801e+00 0 509411
-7.203549e+12 -1.088258e+14 1.322110e+14 5.254675e-01 -4.288755e-01 7.348127e-01 1.968756e+01 0 9519150
1.439911e+14 -8.221401e+13 5.048389e+13 3.869610e-01 -6.385215e-01 6.652454e-01 1.511378e+00 0 2242672
1.060803e+14 -1.132665e+14 -6.952702e+13 7.770740e-01 -3.558585e-01 -5.191539e-01 1.328487e+01 0 14684019
5.223592e+13 1.603394e+14 -1.878392e+13 9.011466e-01 1.313278e-01 -4.131437e-01 -1.225035e+01 0 10108455
-1.123771e+14 4.341017e+13 -1.212700e+14 -9.870473e-01 9.347010e-02 1.303874e-01 -8.101638e+00 0 144691
4.268472e+13 -1.269401e+14 1.046251e+14 -5.544949e-01 2.273623e-01 8.005259e-01 -1.969070e+01 0 7014341
-4.026048e+12 1.591881e+13 1.748796e+14 4.317474e-01 -4.975716e-01 7.523408e-01 -9.770487e+00 0 8152351
3.601819e+13 1.612729e+14 5.096451e+13 4.643365e-01 7.803070e-01 4.189423e-01 3.469970e+00 0 2087929
-5.105279e+13 -8.468953e+13 1.396417e+14 -5.802662e-02 -9.982830e-01 -7.996850e-03 -2.005688e+00 0 3844311
5.541884e+13 -1.776960e+14 4.527044e+13 3.165244e-02 -9.117214e-01 4.095878e-01 9.609039e+00 0 8
-6.232056e+12 2.110508e+14 -5.229462e+13 -2.725743e-01 8.486449e-01 -4.533266e-01 2.795809e+01 0 2
9.143205e+13 1.459005e+14 1.643849e+13 7.715833e-02 9.052896e-01 4.177287e-01 3.455866e+01 0 8
-1.019225e+14 1.101387e+14 -8.832237e+13 -4.306626e-01 1.476251e-01 -8.903575e-01 -4.002252e+00 0 11
-1.021474e+14 8.378005e+13 1.181057e+14 -9.610698e-01 -2.762890e-01 -3.023667e-03 2.664868e+01 0 3530577
-1.192534e+14 9.106312e+13 9.183046e+13 -1.800432e-01 5.040168e-01 8.447197e-01 -1.298738e+01 0 4
-2.285771e+13 7.795465e+13 -1.504466e+14 -9.251161e-01 -1.603969e-01 -3.441410e-01 1.886586e+01 0 3
1.740426e+14 -1.389047e+14 -9.997310e+13 6.497027e-01 -2.494211e-01 -7.181055e-01 -1.266187e+01 0 19849284
1.143598e+14 9.090533e+13 8.694423e+13 -6.426143e-01 4.329803e-01 6.321194e-01 1.034038e+01 0 553208
-2.001744e+14 -2.707276e+13 -1.143950e+13 -8.996597e-01 2.198884e-01 3.771756e-01 -2.694086e+01 0 1
-1.550617e+14 4.225576e+13 -7.792786e+13 -3.335046e-01 8.120163e-01 -4.789615e-01 -1.106997e+00 0 16499070
6.937373e+13 -6.164143e+12 1.593192e+14 3.964035e-01 -4.276214e-01 8.124064e-01 6.119016e+00 0 8872735
-1.620686e+14 2.812516e+13 -5.521290e+13 -2.780045e-01 -1.048164e-01 -9.548440e-01 2.020631e+01 0 65
-9.476410e+13 1.289286e+14 -5.795352e+13 4.380916e-01 8.752863e-01 -2.048160e-01 -2.999474e+01 0 626845
-1.180083e+14 3.053095e+13 -1.185161e+14 -9.447554e-01 1.773216e-01 -2.756705e-01 -4.113784e+00 0 1070
-1.466285e+14 -7.758880e+13 -6.982318e+13 -5.490890e-01 -8.276604e-01 -1.161017e-01 2.078705e+01 0 53
4.352176e+13 1.365079e+14 -9.340815e+13 -1.842999e-03 -1.619777e-01 -9.867927e-01 -1.604353e+01 0 7667124
-1.319690e+14 -1.061926e+14 -4.310870e+13 -8.758398e-01 -4.207066e-01 -2.364540e-01 7.599687e+00 0 1971873
-4.653389e+13 5.610768e+13 1.588479e+14 -2.139916e-01 8.156298e-01 5.375460e-01 -2.137077e+01 0 4675624
-4.450824e+13 6.051675e+13 -1.520714e+14 2.992882e-01 1.149603e-01 -9.472121e-01 -3.175070e+00 0 1514267
-1.599687e+14 -4.758165e+13 -3.325341e+13 -7.091209e-01 -5.849856e-01 3.936234e-01 -1.149918e+01 0 604333
1.700168e+14 -1.085679e+13 -1.101714e+13 1.345534e-01 1.534159e-01 -9.789581e-01 1.573594e+01 0 14227284
2.230234e+14 -9.865831e+12 -9.731161e+13 7.854174e-01 4.264097e-01 -4.486583e-01 -4.102962e+00 0 6084259
1.001930e+14 1.291396e+14 -4.808898e+13 2.345957e-01 9.707071e-01 5.188955e-02 1.015613e+00 0 241287
-1.299373e+14 -1.063812e+14 -4.801428e+13 -5.119416e-01 -8.488349e-01 1.318901e-01 2.027464e+01 0 238560
-9.143092e+13 -6.800661e+13 1.298661e+14 6.642658e-02 -7.060550e-01 7.050347e-01 1.452777e+01 0 571856
-6.379974e+12 9.580143e+13 1.407984e+14 -1.374785e-01 9.071060e-01 3.978169e-01 -6.682236e+00 0 19896174
1.258498e+13 -6.154504e+13 2.048688e+14 4.362471e-01 -3.998019e-01 8.061308e-01 2.462129e+01 0 42
6.889337e+13 -1.519584e+14 3.141236e+13 -5.149785e-01 -5.722673e-01 6.382062e-01 -2.642977e+01 0 13950135
2.048904e+13 1.249797e+13 -1.700268e+14 6.690135e-01 2.297111e-01 -7.068619e-01 -1.075284e+01 0 803901
-9.814050e+13 -1.334849e+14 3.741104e+13 2.494740e-01 -5.657816e-01 7.859096e-01 5.465165e+00 0 5290970
8.883513e+13 1.490921e+14 -4.800274e+13 8.399439e-02 9.722307e-01 2.184318e-01 -4.791455e+00 0 14349836
1.611833e+14 2.390193e+13 5.749291e+13 3.752186e-01 8.773788e-01 2.990274e-01 3.131892e+01 0 5
1.038036e+14 -1.184355e+14 6.414238e+13 3.626473e-01 -5.163043e-01 7.758330e-01 -1.718710e+01 0 19500928
-1.654917e+14 3.668105e+13 -1.570898e+13 -6.022423e-01 4.931921e-01 6.277466e-01 -2.217399e+01 0 2510119
5.556983e+13 3.505536e+13 -1.657507e+14 5.349033e-01 7.418663e-02 -8.416500e-01 -1.683130e+01 0 2463592
3.963229e+13 -1.708806e+14 -3.615520e+13 -1.627363e-01 -7.748749e-01 6.108075e-01 6.547052e+00 0 6
1.624069e+13 1.973798e+14 -4.906697e+13 7.034307e-01 5.672850e-01 -4.282207e-01 -3.999265e+01 0 80993
-4.498381e+12 -1.714382e+14 2.956513e+13 -1.234719e-01 -6.382915e-01 7.598280e-01 1.479243e+01 0 14252532
2.667060e+12 -9.191985e+13 -1.428572e+14 7.154923e-01 2.622290e-02 -6.981283e-01 1.451229e+01 0 210361
-8.122768e+13 -5.120210e+13 -1.592732e+14 -6.015529e-01 -2.942881e-01 -7.426497e-01 1.007509e+01 0 190887
-1.298149e+14 1.302225e+14 -1.239526e+13 -8.735092e-01 4.569550e-01 1.678509e-01 -1.336909e+01 0 4060297
-1.116044e+14 -8.583654e+13 1.016838e+14 -7.146272e-01 -6.366911e-01 2.897110e-01 2.091487e+01 0 71
-8.898688e+13 -1.599894e+14 -1.147981e+13 -3.241572e-01 -9.301181e-01 -1.726340e-01 -7.498032e+00 0 1653140
3.377012e+10 1.529962e+14 9.838004e+13 -2.339899e-01 7.108254e-01 6.633069e-01 -4.923876e+00 0 39
7.847557e+13 1.378653e+14 -6.177125e+13 2.333531e-02 9.944413e-01 1.026741e-01 2.447502e+01 0 3763338
-1.173891e+14 1.190470e+14 3.010643e+13 2.129437e-01 8.889103e-01 4.055778e-01 -4.009100e+00 0 2164843
6.602509e+13 1.365071e+14 7.735944e+13 1.970731e-01 9.757359e-01 9.540256e-02 -2.648537e+00 0 5090325
-6.015375e+13 1.506338e+14 -6.564604e+13 -7.168975e-02 9.972533e-01 1.861533e-02 1.343090e+01 0 1
1.145923e+14 7.461050e+13 1.015953e+14 6.089990e-01 -3.561019e-01 7.087395e-01 -1.795122e+01 0 8331167
6.593379e+13 -1.018332e+14 -1.210898e+14 5.012836e-01 3.617343e-01 -7.860426e-01 2.511772e+01 0 6626988
5.639389e+12 1.067209e+14 -1.746537e+14 3.361136e-01 6.734057e-01 -6.584470e-01 -2.022833e+01 0 2674483
-8.656835e+13 4.515245e+13 -1.403897e+14 -3.128669e-01 -4.067822e-01 -8.582788e-01 -4.723095e+00 0 5296606
-7.737223e+13 1.417719e+14 6.395687e+13 1.901482e-01 9.688284e-01 1.587930e-01 -2.057858e+00 0 410824
4.802076e+13 1.460970e+14 9.154899e+13 3.169488e-01 -1.787890e-02 9.482741e-01 -2.209164e+01 0 2620712
-1.692846e+14 -3.250951e+13 5.170834e+12 -9.693864e-01 -2.336948e-01 -7.534441e-02 -1.161469e+01 0 10219477
-1.233148e+14 1.164456e+14 -3.651114e+13 -1.899183e-01 7.604321e-02 -9.788506e-01 -9.776740e+00 0 10631608
-1.211233e+13 4.249701e+13 1.687056e+14 8.239045e-01 7.045513e-02 5.623321e-01 1.127205e+01 0 13663467
1.368367e+14 1.723413e+14 4.456469e+13 4.749770e-01 5.172796e-01 7.119120e-01 1.584140e+01 0 3
-1.191717e+14 -9.588439e+13 7.529069e+13 -1.552814e-01 -8.258034e-01 5.421590e-01 7.275521e+00 0 2857561
9.067887e+13 -1.443604e+14 -4.466138e+13 3.378171e-01 -6.206424e-01 7.075893e-01 1.561869e+01 0 2
-1.744678e+14 -8.667708e+13 8.592117e+12 -5.373834e-01 -7.536211e-01 3.785160e-01 2.794715e+01 0 4964521
-6.178204e+13 -1.585336e+14 -2.600488e+13 -9.137562e-01 -8.598166e-02 3.970601e-01 -3.576313e+01 0 31
9.856404e+13 -6.472862e+13 -1.219618e+14 8.645205e-01 4.861857e-01 -1.273881e-01 5.774326e+00 0 2489307
-1.588074e+14 6.187324e+13 -3.580017e+12 -1.298197e-02 9.986795e-01 4.970690e-02 -3.655067e+01 0 54
1.449779e+13 5.085099e+13 1.674688e+14 -6.519535e-01 1.982920e-02 7.579996e-01 1.846625e+01 0 2772993
2.489935e+13 -7.639696e+13 -1.574216e+14 6.886460e-01 -7.185199e-01 -9.744700e-02 -1.423544e+01 0 1134559
-2.100575e+14 4.672400e+13 3.086741e+13 -9.397274e-01 2.852788e-01 1.884897e-01 1.578970e+01 0 83
8.600604e+13 1.278774e+14 -1.561097e+14 -2.255526e-01 3.118964e-01 -9.229554e-01 -1.233790e+01 0 47
1.323337e+14 1.074835e+14 8.817099e+12 9.771638e-01 -8.939358e-02 1.927687e-01 -2.092570e+01 0 305185
-1.826946e+14 5.488957e+13 6.797487e+13 -8.065023e-01 4.873620e-01 3.347123e-01 1.150893e+01 0 1
-3.468826e+13 1.435534e+14 -8.608246e+13 5.073078e-01 1.968847e-01 -8.389727e-01 -3.073547e+00 0 3962933
1.142105e+14 1.018445e+14 -7.690872e+13 2.201565e-01 8.038294e-02 -9.721470e-01 -1.702312e+01 0 1732635
1.292822e+14 -6.900804e+13 -9.027920e+13 -1.308633e-01 -5.278611e-01 -8.391885e-01 8.048866e-01 0 13669284
-5.445181e+13 1.447179e+14 8.211536e+13 1.491441e-02 5.848798e-01 8.109828e-01 -2.392466e+01 0 9972447
1.609579e+14 8.398166e+13 7.207513e+13 9.182840e-01 -3.218876e-01 2.305273e-01 1.732621e+00 0 11
6.695020e+13 6.061076e+13 -1.486097e+14 2.106184e-01 3.037684e-01 -9.291742e-01 -7.239214e+00 0 3921559
6.642717e+13 -1.873388e+13 -1.568362e+14 2.922089e-01 -4.594031e-01 -8.387865e-01 6.466148e+00 0 13172394
-8.073378e+13 -1.539907e+14 5.077034e+13 -4.893743e-01 -5.791667e-01 6.519806e-01 -2.228188e+01 0 113203
1.419373e+14 -8.740804e+13 6.082846e+13 6.466959e-02 -9.044388e-01 4.216732e-01 -3.341001e+01 0 2
1.070709e+14 6.640135e+13 -1.354359e+14 8.630753e-01 1.098586e-01 -4.929828e-01 -2.036341e+01 0 8029892
-2.890930e+13 -1.687111e+14 1.674177e+13 -1.318361e-01 -6.898841e-01 7.118140e-01 -7.441840e+00 0 272200
2.225316e+13 2.152849e+14 -5.052282e+13 4.106983e-01 7.957633e-01 -4.450705e-01 6.092899e+00 0 81520
-5.823872e+13 -1.098657e+14 1.156402e+14 2.497829e-01 2.592964e-02 9.679546e-01 -2.906227e+00 0 1021074
-1.303743e+14 1.091241e+14 2.192975e+13 -6.423653e-01 7.222432e-02 7.629879e-01 3.050014e+01 0 2
1.406043e+14 9.372959e+13 3.009875e+13 7.805896e-01 3.580420e-01 -5.123337e-01 -1.285086e+01 0 4405724
-1.229554e+13 9.514902e+12 2.624507e+14 2.677227e-01 2.015432e-02 9.632852e-01 1.735851e+01 0 21
8.871431e+13 -1.149237e+13 1.453374e+14 5.404748e-01 5.614089e-01 6.266634e-01 1.184773e+01 0 643650
-9.723173e+13 -2.163036e+13 -1.379253e+14 -2.063918e-01 -6.541806e-01 -7.276332e-01 1.448472e+01 0 2302650
-5.098897e+13 -2.557650e+13 -1.668497e+14 8.974538e-02 -4.747947e-01 -8.755089e-01 -1.150244e+01 0 1326232
-4.091340e+13 1.518751e+14 7.314688e+13 -7.698317e-01 6.366260e-01 4.545838e-02 -1.028110e+01 0 801523
-4.736359e+13 -6.510310e+13 1.558701e+14 2.825307e-01 -4.543614e-01 8.448267e-01 -1.711770e+01 0 641171
7.639299e+13 -1.626196e+14 8.533533e+12 9.576797e-01 -2.580645e-01 -1.274849e-01 3.466961e+00 0 4
-1.378239e+14 -2.705352e+12 1.069629e+14 1.711549e-01 -3.726508e-01 9.120512e-01 2.484653e+01 0 1
-9.777655e+12 -1.903585e+14 -5.497134e+13 4.100006e-01 -8.545984e-01 -3.186865e-01 3.345696e+01 0 1225686
-3.024628e+13 6.672859e+13 -1.595957e+14 -6.815516e-01 2.076140e-01 -7.017007e-01 -5.036029e+00 0 28
2.114333e+13 1.747053e+14 3.558634e+13 4.091589e-01 6.344272e-01 6.558133e-01 9.423530e+00 0 1
9.609660e+13 2.008874e+12 -1.398845e+14 6.264721e-01 -3.720788e-01 -6.849015e-01 -1.801654e+01 0 7542872
-7.063178e+13 9.879033e+13 -1.278088e+14 1.969765e-02 5.372312e-01 -8.432050e-01 -1.974046e+01 0 35600212
-2.805156e+13 -4.133418e+13 -1.627405e+14 -7.177829e-01 -3.261115e-01 -6.151740e-01 1.973152e+01 0 19
-1.041034e+14 -1.360559e+14 2.757083e+12 -2.805257e-01 -8.125789e-01 -5.109020e-01 -1.762788e+00 0 527967
-1.256370e+14 5.114256e+13 1.088697e+14 -6.566612e-02 5.824195e-01 8.102318e-01 7.276856e+00 0 49
-1.236511e+14 8.164587e+13 -8.327902e+13 -2.289915e-01 -7.522087e-01 -6.178551e-01 2.634462e+01 0 9032433
7.427236e+13 6.686212e+12 1.542237e+14 4.130313e-01 2.060747e-02 9.104836e-01 1.701544e+01 0 4917995
-1.827235e+14 -3.622510e+13 9.552614e+13 -7.057678e-01 -4.606672e-01 5.382170e-01 2.808020e+01 0 1813110
6.790887e+13 -1.568684e+13 1.576406e+14 4.704730e-01 -3.082943e-01 8.268070e-01 6.947776e+00 0 9919551
1.785299e+13 2.214746e+13 -1.675710e+14 -7.024323e-01 9.862963e-02 -7.048837e-01 8.890390e+00 0 636994
-8.611116e+13 4.149291e+13 1.468741e+14 -5.248085e-01 -4.646834e-01 7.131938e-01 1.549783e+01 0 1770749
-1.452771e+14 7.824883e+13 -5.160033e+13 -9.211965e-01 -8.976375e-02 -3.786019e-01 1.747147e+01 0 9248776
1.395445e+14 9.266707e+13 3.619934e+13 2.314875e-01 8.416250e-01 -4.879353e-01 -1.564054e+00 0 325667
7.289297e+13 1.125347e+14 -1.059740e+14 -7.238037e-01 3.381760e-01 -6.014525e-01 9.974944e+00 0 14647273
-7.723106e+13 -6.771582e+13 -1.358794e+14 -5.438356e-01 -8.202101e-01 1.774774e-01 1.359753e-01 0 987426
1.307610e+14 1.067121e+14 -2.823417e+13 5.068546e-01 5.538308e-01 6.605830e-01 1.670139e+01 0 26
1.428654e+14 6.227312e+13 7.506858e+13 6.416595e-01 -1.070200e-01 7.594866e-01 -2.000612e+01 0 11028717
-1.391733e+12 -1.903146e+13 -1.719961e+14 1.220320e-01 5.263245e-01 -8.414813e-01 9.187079e+00 0 1857828
1.607402e+14 4.608918e+13 -3.322970e+13 8.583099e-01 -4.278933e-01 2.832163e-01 5.169124e+00 0 500542
-3.588800e+13 1.220462e+14 1.470651e+14 -8.012950e-02 4.259655e-01 9.011841e-01 2.134771e+01 0 6896517
4.933933e+13 2.084115e+13 1.676675e+14 -7.329973e-02 6.272561e-01 7.753560e-01 -4.504002e+00 0 69040
1.464544e+14 -2.444019e+13 -1.068946e+14 9.788513e-01 1.937512e-01 -6.565498e-02 -8.464044e+00 0 1059985
2.115031e+13 6.771284e+13 1.544132e+14 -1.453732e-01 6.486494e-01 7.470747e-01 3.890532e+00 0 4672329
-1.976285e+13 -1.577883e+14 -6.791557e+13 -3.033340e-01 -5.418244e-01 -7.838462e-01 -1.899315e+01 0 9301268
-1.676333e+14 2.518451e+13 -2.786582e+13 -9.397798e-01 -2.257613e-01 -2.566043e-01 1.364581e+01 0 2350980
-4.838565e+13 1.017421e+13 -1.668071e+14 2.582482e-01 -2.163635e-02 -9.658363e-01 -2.286847e+01 0 200878
-1.356587e+13 -7.283521e+13 1.544756e+14 -3.128026e-01 -8.069133e-01 5.010443e-01 -7.878827e+00 0 13981
8.347367e+13 1.501730e+14 1.949517e+12 7.069537e-01 6.634477e-01 2.450583e-01 -1.287085e+01 0 187354
-1.271630e+14 5.924367e+12 1.136155e+14 -9.070482e-01 2.373222e-01 -3.477667e-01 4.435049e+00 0 1826529
1.123491e+14 1.238922e+14 3.216024e+13 9.947956e-01 7.136644e-02 7.272191e-02 -2.132092e+01 0 11313474
3.895521e+13 -3.736246e+13 -1.630836e+14 9.624935e-01 -2.707296e-01 -1.765404e-02 -5.076749e+00 0 668037
-9.680158e+13 1.550535e+14 -2.252202e+13 1.100624e-01 9.677143e-01 -2.267496e-01 4.005979e+00 0 1
1.556867e+14 1.107591e+14 4.898873e+12 8.618128e-01 4.956129e-01 1.079193e-01 1.281232e+01 0 2521688
-1.660157e+14 -3.358636e+13 -1.215838e+13 -5.356127e-01 8.141033e-01 2.243991e-01 -1.926808e+01 0 3025330
1.276051e+14 -6.521462e+13 1.004626e+14 5.431578e-01 -7.292508e-01 -4.161405e-01 4.969045e-01 0 24767414
-1.285622e+14 -7.785490e+13 8.021836e+13 3.979797e-01 -7.473691e-01 5.320260e-01 -3.231795e-02 0 5167564
-1.101044e+14 1.247622e+14 6.008780e+13 -7.122365e-01 6.838728e-01 1.582312e-01 8.880139e+00 0 2653676
1.015320e+14 -7.557889e+13 -1.150712e+14 6.425443e-01 -7.003171e-01 -3.109544e-01 1.457568e+01 0 674095
4.950522e+13 1.463128e+13 1.805356e+14 2.905352e-01 2.434486e-01 9.253767e-01 -1.356287e+01 0 11223813
1.118755e+14 -1.116918e+14 -1.072198e+14 6.045833e-01 -5.284778e-01 -5.959783e-01 1.517527e+01 0 3351039
-2.989128e+13 1.723331e+14 -8.882720e+12 3.742538e-01 6.009926e-01 -7.062167e-01 3.626343e+00 0 87611
1.047151e+14 -9.160765e+13 1.053231e+14 7.302501e-01 -6.056798e-01 -3.160486e-01 -1.518813e+01 0 4814392
1.663694e+14 -6.148046e+13 8.566450e+13 7.692245e-01 1.120230e-01 6.290823e-01 -7.826549e+00 0 585710
-1.362465e+12 -8.377999e+13 -1.632152e+14 -8.258610e-02 4.473983e-02 -9.955792e-01 1.330324e+01 0 5
7.429483e+12 -1.685532e+14 -7.415367e+13 3.172837e-01 -7.144375e-01 -6.236266e-01 -5.801146e+00 0 30
-1.671687e+14 3.474258e+13 1.449001e+13 -9.089271e-01 1.116265e-01 -4.017349e-01 1.419972e+01 0 12931491
1.229904e+14 6.484945e+13 -1.000563e+14 7.872966e-01 5.708556e-01 2.329977e-01 -9.985148e+00 0 6710939
1.174953e+13 -1.505490e+14 -8.777946e+13 -3.187256e-01 -9.458776e-01 -6.106955e-02 9.046533e+00 0 2810270
3.281549e+13 -1.897108e+14 3.177703e+13 1.334313e-01 -6.909107e-01 -7.105199e-01 1.547559e+01 0 4254399
-1.258313e+13 -1.048305e+14 -1.593403e+14 5.354698e-02 -8.413522e-01 -5.378282e-01 1.440179e+01 0 229546
9.264672e+13 1.166306e+14 9.355769e+13 8.001977e-02 4.317458e-01 8.984389e-01 1.498332e+01 0 417653
-1.707920e+14 1.642047e+13 -3.625274e+11 -6.721116e-01 -2.523630e-02 -7.400197e-01 1.643363e+01 0 1191919
-5.205545e+13 1.462367e+14 6.982164e+13 2.858691e-01 4.884598e-01 8.244306e-01 5.734630e+00 0 6
3.761629e+13 -6.628137e+13 1.534131e+14 7.806270e-01 2.604337e-01 5.681512e-01 -3.141142e-01 0 1289756
1.269294e+14 -1.486602e+14 6.081249e+12 5.941391e-01 -5.787701e-01 -5.585911e-01 -1.023134e+01 0 8198930
1.140920e+14 1.208553e+14 1.014374e+14 7.390704e-01 6.630766e-01 1.187615e-01 -2.152843e+01 0 47
-9.024852e+13 -5.772531e+13 -1.535639e+14 -2.172795e-01 -4.020388e-01 -8.894686e-01 -9.572453e+00 0 2
1.366350e+14 -6.668223e+13 7.579189e+13 7.572836e-01 -2.814585e-01 5.893239e-01 -1.157975e+01 0 18
1.597311e+14 -9.568477e+13 1.036261e+14 4.841591e-01 -8.341582e-01 2.641403e-01 5.350185e+00 0 2664207
9.862419e+13 -1.194769e+14 7.058142e+13 2.530984e-01 -6.916948e-01 -6.763871e-01 5.936519e+00 0 2517959
1.036343e+14 -5.006234e+13 1.282570e+14 6.300422e-01 5.065012e-01 5.886454e-01 2.589289e+01 0 15
6.026749e+13 6.892922e+13 -1.456940e+14 6.938062e-01 -8.342021e-02 -7.153139e-01 2.470400e+00 0 8416902
2.262071e+13 -1.301873e+14 1.064196e+14 -8.690316e-01 -3.165309e-01 3.802530e-01 -1.176662e+01 0 7651521
-6.350570e+13 1.552594e+14 -4.898019e+13 -1.531686e-01 1.659076e-01 -9.741735e-01 1.669667e+01 0 3506620
-1.285720e+14 8.417224e+12 -1.111211e+14 -7.956853e-01 -6.056148e-01 -1.075211e-02 4.799693e-01 0 437997
-2.694474e+13 -9.378513e+13 -1.406061e+14 7.803661e-02 -6.226690e-01 -7.785844e-01 1.635648e+01 0 2012382
-1.253225e+14 1.190825e+14 -2.954717e+13 -8.781269e-01 -3.011791e-01 -3.717314e-01 3.117236e+01 0 1796340
7.235064e+13 1.620658e+14 8.552122e+12 7.366711e-01 5.838504e-01 -3.412248e-01 -2.924447e-01 0 18
1.379340e+14 1.564035e+14 -1.167879e+14 8.867116e-01 4.330138e-01 1.619927e-01 1.241469e+01 0 10609344
1.032774e+14 1.384899e+14 -1.100248e+14 3.166955e-02 8.042407e-01 -5.934593e-01 -7.229453e+00 0 1
-6.045427e+11 -1.866373e+13 1.753691e+14 3.123102e-02 -4.821322e-01 8.755416e-01 1.021840e+01 0 6931100
-1.115624e+14 1.144905e+14 -6.069721e+13 3.547334e-01 9.328242e-01 6.327127e-02 -3.475077e+01 0 6498126
5.736737e+13 -1.612027e+14 -1.184678e+13 3.526701e-01 -4.960354e-01 7.934562e-01 -6.243966e+00 0 5
-1.030923e+12 1.735262e+14 -1.230284e+13 -5.150990e-01 7.671328e-01 -3.823352e-01 -2.350765e-01 0 12111065
-3.611741e+13 -4.977496e+13 -1.636239e+14 1.186395e-01 -7.477993e-01 -6.532387e-01 -2.553343e+00 0 1124909
-4.956731e+13 1.439762e+14 -8.652567e+13 -8.315067e-01 4.318735e-01 -3.494022e-01 2.242158e+00 0 81
8.208050e+12 5.866516e+13 -1.591234e+14 5.596277e-01 5.620094e-01 -6.090668e-01 -8.786056e+00 0 2923855
-1.581649e+14 8.885023e+13 1.135298e+13 -8.185680e-01 4.390360e-01 3.703969e-01 9.475595e+00 0 4
-2.287498e+13 -1.656647e+14 6.445399e+13 -1.977551e-01 -3.503193e-01 9.155159e-01 -1.842207e+01 0 10402650
9.081606e+13 -6.725388e+13 1.355616e+14 -1.781148e-01 -8.857819e-01 4.285621e-01 -2.337841e+01 0 11
4.588181e+13 -9.845222e+13 1.360727e+14 -4.881604e-01 -5.193182e-01 7.014329e-01 1.837440e+00 0 6886321
-1.688883e+14 -4.658249e+12 1.932734e+13 -1.233847e-02 -4.017648e-01 9.156598e-01 1.682004e+01 0 75357
1.189594e+14 8.975601e+13 -9.084628e+13 1.999268e-02 7.878506e-01 -6.155419e-01 2.394955e+01 0 13
-1.538137e+14 -1.139088e+13 7.128192e+13 3.310373e-02 -6.675548e-01 7.438244e-01 2.949802e+01 0 3
1.083075e+14 9.556198e+13 1.342256e+14 3.273398e-01 8.799441e-01 3.443065e-01 2.749040e+01 0 14795656
5.289689e+13 -1.400526e+14 -9.229038e+13 -2.873378e-02 -5.726575e-01 -8.192910e-01 1.055714e+01 0 3790035
1.376095e+14 -2.780721e+13 9.662143e+13 3.959808e-01 4.433301e-01 8.041503e-01 1.816761e+01 0 4226651
-5.552978e+13 8.680092e+13 -1.348716e+14 -4.466023e-01 5.696600e-01 -6.899521e-01 -1.978226e+00 0 4002298
-2.458768e+13 1.143409e+14 1.272237e+14 -6.061666e-01 3.747095e-01 7.015375e-01 2.456130e+00 0 482077
8.375500e+12 1.940767e+14 9.103655e+13 -3.356146e-01 8.431280e-01 4.201166e-01 -1.035884e+01 0 26737169
9.176860e+13 -1.180613e+14 8.038027e+13 -4.630976e-01 -8.737319e-01 -1.487721e-01 -1.011289e+01 0 1335802
4.438016e+13 1.544553e+14 5.471009e+13 7.708502e-01 3.170105e-01 5.525345e-01 -7.655608e+00 0 13
-6.246141e+13 1.577908e+14 1.001676e+13 6.268021e-01 7.025331e-01 3.369961e-01 -2.828284e+01 0 761795
1.141011e+13 6.073602e+13 -1.581240e+14 -3.260897e-01 9.428259e-01 -6.888341e-02 7.648337e-01 0 1633885
-3.827074e+13 -4.537341e+13 1.932148e+14 1.828931e-01 -2.553856e-01 9.493831e-01 -1.223791e+01 0 1078787
-1.486917e+14 1.500958e+14 -9.267635e+12 -9.153174e-01 3.589679e-01 1.825816e-01 -1.035156e+01 0 6152994
8.156615e+13 1.480377e+14 -3.555128e+13 5.172615e-01 8.553934e-01 2.725318e-02 6.008758e+00 0 3625178
1.499965e+14 -3.647146e+12 9.192065e+13 6.345806e-01 -2.357619e-01 7.360189e-01 5.637716e+00 0 6362545
-2.934445e+12 -6.291008e+13 1.669418e+14 3.003577e-01 -5.980747e-01 7.430289e-01 -1.063425e+01 0 2712711
1.672790e+14 2.557339e+13 -1.514473e+13 6.840611e-01 5.909925e-01 4.275375e-01 -3.797669e+00 0 19659230
-4.052796e+13 -1.281475e+14 -1.159230e+14 -2.057887e-01 8.884361e-02 -9.745552e-01 -2.002226e+01 0 3
-1.547719e+14 4.287056e+13 6.960913e+13 -8.496434e-01 1.450765e-01 5.070097e-01 1.039816e+01 0 1916692
-1.523146e+13 1.563712e+14 6.520606e+13 3.538345e-01 8.542547e-01 3.808544e-01 -1.447525e+01 0 14509538
1.065004e+14 7.446190e+13 1.125340e+14 -4.510120e-01 8.573171e-02 8.883908e-01 -2.354196e+00 0 6
-1.362573e+14 1.816191e+14 6.777646e+13 -6.848094e-01 7.261439e-01 6.124541e-02 -1.254901e+01 0 14217343
-1.150972e+14 -3.150376e+13 1.213968e+14 -1.621568e-01 -7.159411e-01 6.790681e-01 1.551791e+01 0 10866602
1.711647e+14 -1.969413e+13 -4.010118e+13 9.295157e-01 -2.475918e-01 2.733109e-01 1.186184e+01 0 1
-1.307286e+14 -1.252644e+13 -1.143865e+14 -5.229147e-01 -7.763552e-01 -3.518988e-01 2.703786e+01 0 2320024
-4.495460e+13 6.807692e+13 -1.557295e+14 2.718392e-01 -2.307838e-01 -9.342603e-01 -1.342680e+01 0 4645305
9.906969e+13 2.277361e+12 1.451691e+14 7.184316e-01 2.195042e-02 6.952511e-01 1.222123e+01 0 6449277
-2.697263e+13 1.626735e+14 4.124096e+13 5.890970e-01 7.916841e-01 -1.618673e-01 -4.277746e+00 0 788276
7.452038e+13 -1.453406e+14 6.280959e+13 -5.291944e-01 -8.291344e-01 1.802479e-01 -4.191149e+00 0 1
1.481112e+14 7.594009e+13 7.424590e+13 5.831188e-01 2.607330e-01 7.694093e-01 -1.741477e+01 0 461583
-8.763917e+13 1.621157e+14 7.648549e+12 1.547840e-01 9.677507e-01 1.987473e-01 3.965370e-01 0 11987418
5.176481e+13 -1.125420e+14 -1.199030e+14 7.465119e-01 -6.125894e-01 -2.597195e-01 -2.024409e+00 0 2104889
-9.543476e+13 9.118088e+13 -1.084231e+14 -9.520193e-01 -1.338900e-01 2.751958e-01 -2.128599e+00 0 3414495
-1.566616e+14 -5.318255e+13 -5.938977e+13 -6.144042e-01 -2.784020e-02 -7.885001e-01 -1.058683e+01 0 4366524
-1.215273e+14 5.730814e+13 -1.145142e+14 -4.514993e-01 4.422350e-01 -7.749687e-01 -1.206007e+01 0 13
1.193004e+14 -7.660807e+13 -1.103190e+14 1.291929e-02 -7.284637e-01 -6.849626e-01 -3.285560e+01 0 18
-1.626353e+14 8.100982e+12 -6.474002e+13 -5.978699e-01 -6.810018e-01 -4.228334e-01 2.739067e+01 0 398561
1.015050e+14 1.046529e+14 9.416272e+13 1.190237e-01 2.024493e-02 9.926850e-01 -8.648570e+00 0 831690
4.009042e+13 -8.855017e+13 -1.406553e+14 6.267829e-01 -3.752527e-01 -6.828826e-01 -6.902296e+00 0 15640576
1.454064e+14 8.331553e+13 -3.535186e+13 7.689472e-01 2.162214e-01 -6.016382e-01 -1.376085e+01 0 18
-3.741408e+13 -1.634097e+14 4.712904e+13 -4.560389e-01 -8.882539e-01 5.507691e-02 -2.059053e+01 0 7
5.395854e+12 -1.039477e+14 1.340868e+14 -1.710837e-01 -8.643566e-01 4.728827e-01 -9.736125e+00 0 6328331
4.705502e+13 -9.277413e+13 1.346865e+14 5.760196e-01 -5.601029e-01 5.953874e-01 -1.317340e+01 0 2765059
9.168931e+13 1.529445e+14 3.953369e+13 5.263721e-01 6.852200e-01 5.033945e-01 -1.186624e+01 0 60
-1.383537e+14 -9.325667e+13 5.297262e+13 -6.490736e-01 -7.607256e-01 -1.767157e-04 1.473820e+01 0 210784
1.619684e+13 1.119280e+14 -1.314550e+14 3.739735e-01 -3.523116e-02 -9.267700e-01 5.931503e+00 0 7
-1.486634e+14 -3.101891e+13 1.471829e+14 -5.547847e-01 5.611257e-01 6.142898e-01 5.467683e+00 0 1895750
1.060364e+14 -6.250504e+13 -1.182674e+14 9.053927e-01 -4.039452e-01 1.307375e-01 -1.011995e+01 0 6030619
-1.699521e+14 6.099223e+13 5.914256e+13 -8.492103e-01 1.498989e-01 5.063320e-01 1.373935e+01 0 414888
-6.537634e+13 -7.682250e+13 -1.579827e+14 -4.811792e-01 -4.887798e-01 -7.277094e-01 -1.994965e+01 0 2971938
-5.934555e+13 1.166932e+14 -1.080517e+14 -6.934877e-01 3.472714e-01 -6.312506e-01 -4.428284e+00 0 1600581
1.452406e+14 -5.757087e+13 -8.292515e+13 2.003797e-01 4.107606e-01 -8.894514e-01 2.055081e+01 0 11876818
-1.178580e+12 7.713257e+13 1.545192e+14 6.998419e-01 2.583309e-02 7.138305e-01 -1.863427e+01 0 4798918
1.439020e+14 9.525030e+13 -1.015748e+13 9.250530e-01 1.318384e-01 -3.562240e-01 -2.573508e+01 0 69
-1.095253e+14 1.030247e+14 -8.161191e+13 -8.800823e-01 3.433812e-01 3.279399e-01 2.980259e+00 0 1902569
-1.275669e+14 -1.169800e+14 -1.767753e+13 -5.630660e-01 -5.894561e-01 -5.792221e-01 2.090364e+01 0 6375926
-5.196577e+13 1.223554e+14 -1.415661e+14 -5.425678e-01 7.291873e-01 -4.170206e-01 -1.291865e+01 0 10768172
1.686376e+14 -2.220806e+13 2.312708e+12 8.179741e-01 -2.319876e-01 -5.264031e-01 1.213006e+01 0 2642377
1.644592e+14 -5.053192e+13 -8.911758e+11 6.167627e-01 -1.932236e-01 -7.630652e-01 5.673379e+00 0 843315
5.300658e+13 -1.578908e+14 6.157186e+13 2.201741e-02 -9.952370e-01 9.496581e-02 -2.019967e+01 0 8760706
-3.408948e+12 -1.600095e+14 5.676159e+13 2.671443e-01 -9.581632e-01 -1.027482e-01 -3.222879e+00 0 8911237
2.970736e+13 1.556022e+14 8.309617e+13 5.720504e-01 8.079754e-01 1.411884e-01 -2.490363e+01 0 28
1.403947e+13 1.820483e+14 2.270187e+11 -7.680030e-01 6.085463e-01 -1.996066e-01 3.449746e+01 0 2526293
4.125765e+12 -2.440668e+14 -2.258533e+13 3.409846e-01 -9.171168e-01 -2.064613e-01 2.876295e+01 0 13679241
5.299521e+13 -3.889382e+13 -1.644803e+14 5.633710e-01 -1.281217e-01 -8.162095e-01 -5.814696e+00 0 1799580
-1.188527e+14 -2.400896e+13 -1.781114e+14 -1.565377e-01 -7.417390e-01 -6.521650e-01 -7.319422e+00 0 2622080
4.344297e+13 8.168168e+13 1.530221e+14 6.775783e-02 4.570894e-01 8.868360e-01 1.336135e+01 0 12701664
-1.590456e+14 1.524708e+13 -6.482071e+13 -9.735841e-01 -1.103604e-01 -1.998866e-01 -6.529851e+00 0 2
-5.200998e+13 6.627568e+13 1.778289e+14 -4.896398e-01 4.408908e-01 7.522421e-01 1.339442e+01 0 119219
-1.092063e+14 -7.981665e+12 -1.330975e+14 -4.460780e-01 6.044177e-01 -6.600709e-01 -1.869318e+01 0 1043371
5.182216e+13 -5.615436e+13 -1.528868e+14 -5.265806e-01 -6.195601e-01 -5.821153e-01 -2.289291e+01 0 121
-8.489103e+12 1.735959e+14 5.548673e+13 -5.741266e-01 7.161471e-01 3.968779e-01 2.081465e+01 0 10432373
1.069610e+14 -1.335372e+14 -2.785458e+12 5.116393e-02 -9.823557e-01 1.798877e-01 -3.327507e+01 0 2960120
1.106386e+13 -2.394475e+13 -1.736122e+14 7.175652e-01 5.667333e-01 -4.048624e-01 1.877988e+01 0 3569629
1.601533e+14 -1.101604e+13 6.585453e+13 8.844825e-01 1.910501e-02 -4.661820e-01 9.735306e+00 0 19
1.341082e+14 4.864779e+13 -9.181488e+13 3.597210e-01 9.310091e-01 6.182985e-02 1.673316e+01 0 478565
-2.775907e+13 -1.020000e+13 -1.710668e+14 -2.323120e-01 6.210684e-01 -7.485354e-01 -1.471629e+01 0 6891465
-9.575604e+12 -8.985598e+13 1.538890e+14 3.815132e-01 -3.437316e-01 8.580771e-01 1.876696e+01 0 15
1.733858e+14 8.235055e+13 8.894586e+13 9.582543e-01 -1.253232e-02 2.856425e-01 4.634314e+00 0 6286326
-1.591110e+14 -8.731793e+13 6.155944e+13 -4.424018e-01 -8.356726e-01 3.254720e-01 3.038651e+01 0 3
1.452562e+13 -1.640477e+14 5.661352e+13 -3.834755e-01 -7.628060e-01 5.206473e-01 -2.406973e+01 0 10652495
2.867893e+13 9.949931e+13 -1.350933e+14 7.583700e-01 7.223458e-02 -6.478095e-01 -1.570433e+01 0 178945
4.601463e+13 1.150743e+13 -1.767077e+14 4.073374e-01 1.959903e-01 -8.920000e-01 -1.410002e+01 0 3812016
2.135663e+13 3.028701e+13 -1.687257e+14 1.059564e-01 -8.762527e-01 -4.700580e-01 1.108394e+01 0 6964469
9.407447e+13 -1.123350e+14 -8.962180e+13 4.757485e-01 -7.633457e-01 4.369973e-01 -1.693920e+01 0 6476246
1.721115e+14 -3.645974e+13 -4.316875e+12 7.292255e-01 -4.262160e-01 -5.353224e-01 -1.466355e+01 0 492159
-1.180963e+14 -1.144901e+14 -4.156260e+13 -2.382634e-01 -9.037576e-01 -3.556020e-01 2.377633e+01 0 3982041
1.529773e+14 -6.525983e+13 -3.593509e+13 4.756744e-01 -2.017592e-02 -8.793900e-01 -1.377138e+00 0 19574963
-1.119894e+14 8.810402e+13 1.016222e+14 2.862430e-02 1.953431e-01 9.803172e-01 1.832353e+01 0 1698558
-1.863726e+14 -1.009629e+14 6.614786e+13 -8.043098e-01 -5.239279e-01 2.803305e-01 -1.903853e+01 0 2526816
1.327221e+14 -1.064160e+14 1.505519e+13 5.756139e-01 -7.424969e-01 3.425887e-01 4.490219e+00 0 21
2.418330e+13 1.719048e+14 3.512985e+13 7.366714e-01 5.960033e-01 3.195235e-01 -2.441724e+01 0 3428060
4.972955e+13 1.542874e+14 5.104749e+13 4.462205e-01 5.979297e-01 -6.658583e-01 8.503321e+00 0 4
3.898561e+13 -2.001931e+14 -5.927514e+12 1.933407e-01 -9.517677e-01 2.382385e-01 -2.196617e+01 0 1585163
1.561088e+13 -6.340328e+12 -1.708561e+14 -3.818958e-01 3.378009e-01 -8.602593e-01 1.310608e+01 0 6224662
-1.326292e+14 9.103754e+13 -5.864961e+13 -7.505913e-01 6.188060e-01 -2.317149e-01 5.083124e+00 0 5366850
-1.156582e+14 -1.336911e+14 3.963510e+13 -6.563792e-01 -7.268663e-01 -2.020686e-01 -1.256282e+01 0 18
-1.546113e+14 -8.661906e+13 -3.778908e+12 -2.695225e-01 -7.059015e-01 -6.550272e-01 -9.770883e-01 0 54
-1.173972e+14 -7.016884e+13 1.873510e+14 -8.138366e-01 -3.767712e-01 4.423952e-01 1.532122e+01 0 205073
-2.340460e+13 1.028424e+13 -1.677235e+14 -9.647972e-02 -2.226428e-01 -9.701143e-01 -7.642654e+00 0 15148857
-1.298575e+13 -1.398295e+14 -9.622282e+13 -5.534334e-01 -4.953525e-01 -6.695800e-01 2.100075e+00 0 687201
-1.368312e+14 -2.962437e+13 9.898922e+13 -9.102032e-01 1.551013e-01 3.840230e-01 -1.275663e+01 0 21519
-1.626577e+14 2.552504e+13 4.883104e+13 -7.497148e-01 3.107941e-01 -5.842386e-01 -9.248174e+00 0 1562167
-4.357088e+13 1.557009e+14 -7.853832e+13 -9.145998e-01 3.573144e-01 -1.892976e-01 3.265193e+01 0 5
-9.510147e+12 5.283703e+13 -1.694185e+14 -4.947773e-01 8.282095e-02 -8.650642e-01 -8.675289e+00 0 731568
-1.236643e+14 -1.826663e+13 -1.177503e+14 -5.181526e-01 -2.911991e-01 -8.041896e-01 -9.351731e+00 0 69974
-6.250883e+13 -1.224222e+14 9.976104e+13 -7.134642e-02 -7.997307e-01 5.961044e-01 -2.274169e+00 0 7071365
-3.929006e+13 6.766997e+13 1.504873e+14 2.771568e-01 -9.509389e-02 9.561074e-01 -7.244539e-01 0 5985529
-7.496016e+13 8.769632e+10 1.523037e+14 -2.993788e-01 8.372691e-01 4.575508e-01 -4.039646e+00 0 4714976
4.258167e+13 -1.119961e+14 -1.210772e+14 3.082066e-01 7.402311e-02 -9.484352e-01 -9.943071e-01 0 375533
1.106629e+14 1.055625e+12 1.294490e+14 7.882839e-01 1.590669e-01 5.943956e-01 -7.515615e+00 0 1448725
-5.058348e+13 2.392931e+13 1.733424e+14 6.808669e-01 8.063650e-02 7.279547e-01 -1.725249e+01 0 26749159
3.095018e+13 -3.211547e+13 -1.661375e+14 6.269629e-01 -3.650589e-02 -7.781933e-01 -7.235390e+00 0 861743
1.266672e+14 -1.248291e+14 1.872251e+13 8.040512e-01 -5.151360e-01 -2.968781e-01 1.818837e+01 0 5606340
9.136592e+13 3.034608e+13 -1.398406e+14 9.715048e-01 -1.055265e-01 -2.122322e-01 -1.286789e+01 0 11574061
4.616946e+13 1.703984e+14 1.359975e+14 5.551220e-02 8.398433e-01 5.399830e-01 1.924362e+01 0 12638827
-1.091483e+14 -1.509015e+14 6.405525e+13 -5.649446e-01 -7.641545e-01 3.112963e-01 1.324946e+01 0 629783
1.283344e+14 -9.845847e+13 -6.597347e+13 8.598449e-02 -8.877730e-01 4.521788e-01 -3.300482e+01 0 635155
-2.168234e+13 -1.630655e+14 4.538089e+13 -1.291330e-01 -9.569708e-01 2.598683e-01 1.950551e+01 0 1
-7.423895e+13 -1.342362e+14 -7.554047e+13 1.021244e-01 -8.000258e-01 -5.912101e-01 2.255460e+01 0 14113748
-2.309773e+13 4.271987e+13 1.626552e+14 -6.212420e-01 -6.374996e-01 4.556892e-01 3.805672e+00 0 3872430
-9.327163e+13 9.062924e+13 1.149914e+14 -2.529501e-01 6.631001e-01 7.044959e-01 1.870123e+00 0 495464
-2.780006e+13 -8.600298e+13 1.441263e+14 4.215785e-01 -8.931539e-01 -1.566770e-01 1.458573e+01 0 24407992
5.046853e+13 1.569451e+14 4.048289e+13 -7.257919e-01 2.472666e-01 6.419388e-01 1.406924e+01 0 177455
1.215038e+14 -1.310890e+14 3.551358e+13 8.992264e-01 1.638752e-01 -4.056313e-01 5.916874e+00 0 2336729
-1.169966e+12 5.589089e+13 -1.648229e+14 -1.447545e-01 -1.663153e-01 -9.753898e-01 1.126252e+01 0 11635
9.820597e+12 -1.024165e+14 1.401187e+14 -1.432142e-01 1.873613e-01 9.717950e-01 7.175364e+00 0 2992647
5.111454e+13 -1.622757e+14 9.125869e+12 1.981456e-01 -9.105556e-01 3.628040e-01 -7.009960e+00 0 2986670
7.800148e+11 1.144641e+14 1.267843e+14 -6.786875e-01 6.667747e-01 3.078876e-01 -7.209661e+00 0 34
3.196616e+13 -5.317253e+13 1.582009e+14 9.087770e-01 -4.097191e-01 -7.908635e-02 -5.439263e+00 0 15469651
3.130690e+13 7.058705e+13 -1.580038e+14 6.498016e-01 -3.570813e-01 -6.710073e-01 -1.585037e+01 0 4651403
-1.450218e+14 1.050061e+14 -1.736726e+11 -8.838064e-01 3.860389e-01 2.643108e-01 -1.213338e+01 0 7095890
8.456187e+13 -1.153537e+14 9.830696e+13 4.108048e-01 -8.735856e-01 -2.609362e-01 -1.931625e+01 0 29
6.220292e+13 -5.479528e+13 -1.551642e+14 3.472699e-01 -4.981381e-01 -7.945200e-01 -1.351693e+01 0 5911417
-3.418201e+13 -2.910312e+13 1.699783e+14 -4.578804e-02 6.294975e-01 7.756522e-01 -1.787874e+01 0 14167601
-1.396255e+14 1.306687e+14 4.821336e+13 -3.537604e-01 8.714546e-01 -3.397358e-01 -2.776602e+01 0 1837952
-8.212156e+13 1.399544e+14 1.790644e+14 -5.296929e-01 6.153401e-01 5.837654e-01 -1.642623e+01 0 18892981
-1.363807e+12 9.050936e+13 1.446732e+14 -4.341247e-01 2.956865e-02 9.003674e-01 1.950929e+01 0 6477333
8.348037e+13 1.243606e+14 8.881932e+13 1.078723e-01 7.922168e-01 6.006298e-01 -2.967313e+00 0 50
5.272466e+13 -4.077354e+13 1.667822e+14 -2.799568e-01 -3.830290e-01 8.802914e-01 1.633498e+01 0 10798187
-1.085814e+14 1.139423e+14 -6.504266e+13 2.731585e-01 9.113843e-01 -3.078362e-01 -2.589865e+01 0 12951238
1.228754e+13 -1.830180e+14 2.638158e+13 3.196084e-01 -8.535953e-01 4.113704e-01 2.643506e+01 0 6308027
9.349006e+13 -1.369228e+14 4.643753e+13 5.619783e-02 -9.543728e-01 -2.932821e-01 2.990874e+00 0 13
3.548891e+13 1.741968e+14 1.797148e+13 6.442988e-01 5.553023e-01 -5.258502e-01 -3.142613e+01 0 7
-1.254758e+14 -1.100171e+14 4.102001e+13 -5.363458e-01 -5.454760e-01 6.440412e-01 1.574952e+01 0 49
-1.069706e+14 1.028018e+14 1.073874e+14 -8.897678e-02 -2.682698e-01 9.592260e-01 2.847508e+01 0 9190669
3.946057e+13 -6.525148e+13 1.522045e+14 6.962264e-01 -4.419992e-01 5.656019e-01 7.899659e+00 0 2740008
-4.262115e+13 1.558290e+14 6.648681e+13 6.747497e-02 9.973104e-01 2.862076e-02 1.007079e+01 0 2652258
-1.492909e+14 8.050142e+13 -1.107235e+12 -9.558253e-01 2.412542e-01 1.679121e-01 9.860608e+00 0 3216729
1.751998e+14 1.017271e+14 9.448182e+13 4.576569e-01 5.048034e-01 7.319315e-01 -1.130145e+01 0 29270573
-1.255772e+14 -8.965419e+13 -8.190523e+13 -5.246625e-01 -7.679852e-01 3.673255e-01 -6.052501e+00 0 7300142
2.390205e+13 -1.787245e+14 -1.087953e+14 -2.007397e-01 -2.916223e-01 -9.352326e-01 1.525710e+01 0 1
-1.607496e+14 9.523407e+13 1.680246e+13 -9.786183e-01 7.557851e-02 -1.912961e-01 3.429706e-01 0 2
-1.674254e+14 -7.057908e+13 6.466449e+13 -7.812794e-01 -5.125247e-01 3.562597e-01 2.141365e+01 0 28
-5.643262e+13 9.512500e+13 1.294227e+14 -6.922925e-01 6.353351e-01 3.421700e-01 1.564188e+01 0 7786101
-2.206382e+13 7.702231e+13 1.529496e+14 -4.972738e-01 3.894279e-01 7.752836e-01 1.419477e+01 0 1358635
6.642673e+12 -1.086367e+14 1.302221e+14 -5.623491e-01 -6.500823e-01 5.110347e-01 -5.897198e-01 0 8
-1.631729e+14 -9.223516e+12 -6.520723e+13 -8.823792e-01 4.625222e-01 8.648792e-02 -2.745712e+01 0 3532114
-8.070527e+13 -1.510354e+14 -3.894619e+13 -9.489367e-01 -1.151586e-01 -2.936966e-01 -3.387155e+01 0 5
-6.158654e+13 1.109067e+14 -1.130595e+14 -2.949092e-01 9.360876e-01 1.917515e-01 -1.410332e+01 0 13
-2.015989e+14 -1.779316e+13 -6.027722e+13 -7.378803e-01 -2.406392e-01 -6.305754e-01 2.891597e+01 0 40
-7.374472e+13 1.067889e+14 -1.113185e+14 3.853136e-02 4.180123e-01 -9.076239e-01 -9.395292e+00 0 1995039
7.581609e+13 1.309943e+14 8.988260e+13 3.890823e-01 5.529609e-01 7.367830e-01 -6.735825e+00 0 7651788
1.525398e+13 -7.317941e+13 -1.540771e+14 6.710929e-01 -7.333240e-01 -1.089504e-01 1.640734e+01 0 23094463
-1.110418e+14 8.312885e+13 9.835273e+13 -4.774205e-01 -7.553205e-01 4.489551e-01 2.302388e+01 0 2775192
6.994290e+13 1.575768e+14 2.408121e+13 -4.047622e-01 7.890380e-01 -4.621544e-01 3.102480e+01 0 16758066
1.451704e+14 -7.804762e+13 9.029704e+13 6.139394e-01 -7.044028e-01 3.562235e-01 -2.340924e+01 0 3
1.326213e+14 -2.497055e+13 1.093460e+14 5.888132e-01 -5.750154e-01 5.680284e-01 -4.188878e+00 0 8
1.321685e+14 4.328947e+13 -9.795734e+13 2.792191e-01 9.442407e-01 -1.744887e-01 4.118133e+00 0 1093310
5.634803e+12 -1.097010e+14 -1.296201e+14 2.322076e-01 -2.619827e-01 -9.367202e-01 -4.269394e+00 0 6069931
-1.632880e+14 4.007754e+13 -3.382001e+13 -5.288217e-01 -9.527314e-02 -8.433686e-01 -7.288999e+00 0 1919707
5.738051e+13 6.272896e+13 -1.554724e+14 5.708925e-01 1.721268e-01 -8.027790e-01 -1.191115e+01 0 95249
-4.041024e+13 5.372497e+13 1.580673e+14 -3.605552e-01 -5.670143e-02 9.310129e-01 1.428671e+01 0 37
-1.686393e+14 1.456970e+13 -9.445308e+13 -4.112365e-01 -3.627222e-01 -8.362518e-01 -2.513758e+00 0 3
-1.678720e+14 4.159378e+13 1.457045e+13 -7.414046e-01 4.064981e-01 5.339275e-01 8.747292e+00 0 4
9.217187e+13 7.807261e+13 1.258159e+14 3.567275e-01 8.634992e-01 3.565314e-01 -6.282924e+00 0 5526373
4.769089e+13 1.630716e+14 -2.857701e+12 3.652721e-01 8.185514e-01 -4.433396e-01 9.910127e+00 0 11699773
8.213350e+13 -1.505630e+14 4.354858e+13 8.591396e-01 -5.018042e-01 1.003578e-01 2.590777e+01 0 1518468
-8.004984e+13 -1.050607e+14 1.110238e+14 -5.520196e-01 -3.674925e-01 7.484809e-01 3.987373e+00 0 16879086
1.713487e+14 -3.494987e+13 -9.700616e+12 7.094875e-01 -2.936335e-01 -6.406300e-01 -1.437313e+01 0 3065396
7.272556e+13 1.494034e+14 7.699912e+13 -2.829171e-01 9.290838e-01 -2.382459e-01 3.739460e+01 0 8
6.276286e+13 -2.493039e+14 -1.048083e+14 4.417380e-01 -6.429747e-01 -6.256604e-01 2.675091e+01 0 5442133
-7.713718e+13 1.498861e+14 5.515900e+13 -7.563523e-01 4.311184e-01 4.920042e-01 1.850896e+01 0 22268806
1.177520e+14 -1.270924e+14 6.436502e+12 1.870685e-01 -8.402485e-01 5.089085e-01 -2.132130e+01 0 2083915
1.603791e+14 -4.815592e+12 -6.856820e+13 7.027421e-01 -1.696777e-01 -6.909146e-01 -1.196096e+01 0 5393848
-1.473065e+12 6.611304e+13 1.639661e+14 -7.077553e-01 1.172160e-01 6.966655e-01 -8.106854e+00 0 145222
1.404232e+14 9.965329e+13 -2.698716e+12 6.810142e-01 5.706779e-01 4.588534e-01 -6.556159e+00 0 6718906
1.808292e+14 8.511220e+13 -1.213176e+13 6.820172e-01 3.680533e-01 6.319726e-01 -1.106271e+01 0 1814945
-8.994687e+13 5.609055e+13 -1.331351e+14 4.416791e-01 -2.341128e-02 -8.968676e-01 -1.371778e+01 0 9
1.185629e+14 -1.133719e+14 -4.461584e+13 7.733986e-01 4.951442e-01 -3.958369e-01 4.420833e+01 0 1
-2.975968e+13 7.720239e+13 1.501307e+14 -1.583148e-01 1.425224e-01 9.770485e-01 7.604127e+00 0 1368428
1.030378e+14 -2.884823e+13 -1.453082e+14 7.740289e-01 5.975062e-01 -2.094414e-01 2.413104e+01 0 355503
-4.056438e+13 1.528805e+14 -6.965949e+13 3.668489e-01 8.087986e-01 4.596376e-01 -1.134570e+00 0 4929014
8.681422e+13 1.472403e+14 2.949055e+13 6.084985e-01 7.876828e-01 9.636111e-02 6.242781e+00 0 5674586
-1.226789e+13 -3.429140e+13 -1.667976e+14 -9.461330e-01 1.587434e-01 -2.821930e-01 2.521351e+00 0 6588443
-1.513806e+14 7.374350e+13 -2.411818e+13 -5.411191e-01 7.927247e-01 2.806736e-01 -1.750376e+01 0 4176749
1.642814e+14 6.039275e+13 2.476607e+13 6.713083e-01 -2.505451e-01 6.975473e-01 3.384844e+00 0 1008729
1.464692e+14 5.702113e+13 6.410760e+13 4.102479e-01 -2.288813e-01 8.827854e-01 -1.761396e+01 0 6960488
-8.881643e+13 -1.545003e+14 -3.288244e+13 -7.485719e-01 -5.790233e-01 -3.230666e-01 7.032214e+00 0 2357294
2.081965e+13 7.609524e+13 -1.588428e+14 1.680596e-01 3.542017e-01 -9.199441e-01 1.245465e+01 0 4158707
-8.070353e+13 4.897838e+13 1.420492e+14 -6.496348e-01 -4.166962e-01 6.358765e-01 -6.172250e-01 0 13038243
1.487801e+14 -8.518313e+13 -3.424479e+13 7.436571e-01 -6.549818e-01 1.340630e-01 -2.050528e+01 0 10
-1.185289e+14 -1.231076e+14 -2.275691e+13 -1.020626e-02 -9.990506e-01 -4.235340e-02 7.393338e+00 0 2
3.084939e+13 1.120247e+13 -1.668131e+14 -6.045151e-01 1.980251e-01 -7.715877e-01 -4.157812e+00 0 3174189
-1.137058e+13 1.566589e+14 -7.119687e+13 -7.410038e-01 6.632806e-01 -1.047484e-01 -3.563027e+00 0 19552526
-1.815619e+13 6.802196e+13 -1.549909e+14 -3.457711e-01 -2.578845e-01 -9.021851e-01 -4.630730e+00 0 312852
1.612979e+14 -4.032238e+13 -3.824323e+13 4.301946e-01 4.425016e-01 -7.868449e-01 2.824766e+01 0 11327490
-3.915077e+13 -1.644077e+14 1.509206e+13 -8.509975e-01 -3.025950e-01 -4.292314e-01 -2.855777e+01 0 22561068
8.856679e+13 7.597529e+13 1.555028e+14 -2.437962e-03 2.728393e-01 9.620565e-01 -9.987058e+00 0 1956996
7.064267e+13 -1.111222e+14 -1.208484e+14 2.795702e-01 -1.032851e-01 -9.545537e-01 -6.766768e+00 0 1043006
-8.409771e+13 1.385045e+14 5.416641e+13 -9.096712e-01 2.829218e-01 3.040618e-01 -4.300722e-01 0 3677864
-4.434709e+13 -1.410686e+14 -9.129093e+13 -2.321551e-01 -9.261071e-01 -2.973713e-01 -6.419903e+00 0 3274141
2.835119e+13 2.460620e+13 -1.730351e+14 -3.972630e-01 8.324024e-01 -3.863784e-01 2.711150e+01 0 2650169
9.254283e+13 -1.407466e+14 -2.381825e+13 6.150702e-02 -7.679905e-01 6.375009e-01 -1.262797e+01 0 26
3.768570e+13 -1.591374e+14 4.512395e+13 -3.236261e-01 -5.748265e-01 7.515588e-01 -1.227851e+01 0 8638555
9.164104e+13 -6.295758e+13 1.349879e+14 1.475400e-02 -7.386864e-01 6.738877e-01 8.172734e+00 0 14965722
3.769745e+13 -1.628817e+14 -3.638501e+13 -1.857938e-01 -6.589960e-01 -7.288381e-01 5.287113e+00 0 11779616
2.336724e+13 6.719949e+13 1.653026e+14 -1.159408e-01 6.135897e-01 7.810668e-01 -1.867603e+01 0 4498992
3.749743e+13 1.619474e+14 5.376668e+13 6.750350e-01 1.003602e-02 7.377175e-01 -7.202443e+00 0 110511
-1.052150e+13 1.062038e+14 1.414227e+14 -4.908885e-01 1.744557e-01 8.535770e-01 -4.972042e+00 0 6263988
8.831274e+13 1.420797e+14 -5.584883e+13 4.179404e-02 9.169949e-01 -3.967034e-01 2.386322e+01 0 1362094
2.687271e+13 5.191880e+13 -1.592323e+14 8.546517e-01 3.616830e-01 -3.724996e-01 4.229715e+00 0 3504852
1.256494e+13 1.754508e+14 1.487226e+13 -4.432997e-01 5.344132e-01 7.196443e-01 2.175539e+01 0 8
-7.890737e+13 -1.226890e+14 -9.913036e+13 -6.396566e-01 -3.635289e-01 -6.772638e-01 1.826087e+00 0 589109
-1.608490e+14 -8.304571e+13 9.730920e+13 -6.119049e-01 -5.784538e-01 5.394104e-01 -1.058392e+01 0 1924600
-1.380148e+13 1.661234e+14 -4.873315e+13 -7.132373e-01 3.566890e-01 -6.033784e-01 2.423638e+01 0 1229133
1.896664e+13 9.777834e+13 -1.396572e+14 -6.874093e-01 4.653791e-01 -5.575758e-01 -8.618861e+00 0 24526807
1.149869e+14 -2.369007e+13 -1.497446e+14 2.053109e-01 -6.467236e-01 -7.345720e-01 7.701823e+00 0 16
-7.139856e+13 2.178692e+14 -4.945346e+13 -7.395566e-01 6.557556e-01 -1.517916e-01 -9.802511e-01 0 12
1.489089e+14 -9.495022e+13 7.023270e+13 8.956748e-01 -4.428657e-01 4.045598e-02 -1.018941e+01 0 4652005
-5.754824e+13 1.851155e+14 1.302615e+14 1.711118e-01 8.658330e-01 4.701638e-01 5.437228e+00 0 888126
-1.054407e+14 4.830027e+13 -1.297884e+14 -2.845308e-01 -2.369333e-01 -9.289267e-01 1.815727e+01 0 8
-1.695989e+14 -1.868588e+13 -1.979061e+13 -6.861976e-01 -1.316430e-01 -7.154041e-01 1.181102e+01 0 2
1.000652e+14 -5.965734e+13 1.238689e+14 -2.709145e-01 -4.685982e-01 8.408454e-01 -1.786729e+01 0 6248884
-1.674459e+14 -2.045867e+13 2.732116e+13 -9.992849e-01 1.169987e-02 -3.595454e-02 -9.836753e+00 0 3868029
-5.954579e+13 -3.159692e+13 1.562820e+14 -5.335250e-01 -5.280304e-02 8.441344e-01 4.153182e+00 0 767071
1.719312e+14 6.118187e+13 -2.247624e+13 8.618364e-01 5.049912e-01 4.713713e-02 2.302221e+01 0 12
-8.530206e+13 7.336397e+13 1.275115e+14 1.914221e-01 9.554162e-01 2.248053e-01 -2.736754e+01 0 14489669
-1.357981e+14 1.405168e+14 -2.513082e+13 -6.088505e-01 7.924545e-01 -3.628925e-02 -1.734754e+01 0 2653428
-5.445070e+12 -1.682019e+14 4.668973e+13 5.119550e-01 -6.430544e-01 -5.695464e-01 3.511612e-01 0 11134284
1.372321e+14 6.171319e+13 9.870977e+13 9.600215e-01 -9.428997e-03 2.797675e-01 -2.619773e+01 0 5322166
-6.753082e+13 -1.618013e+14 1.447546e+13 4.198154e-01 -5.273686e-01 7.386728e-01 2.844326e+01 0 14730890
3.411689e+13 8.362306e+13 1.622821e+14 -1.779840e-01 8.320643e-02 9.805092e-01 -1.556809e+01 0 13781805
7.522201e+13 -1.425181e+14 -5.846563e+13 3.760949e-03 -8.472483e-01 -5.311838e-01 -3.017917e+00 0 1419600
-1.634568e+14 4.295363e+13 -2.516479e+13 -8.637432e-01 -2.801398e-01 -4.188907e-01 3.007689e+01 0 899120
7.820976e+13 1.397241e+14 -5.633726e+13 3.363268e-01 8.617768e-01 -3.797698e-01 5.247521e+00 0 4677157
5.532722e+13 -1.494481e+14 -6.605330e+13 3.779452e-01 -9.227735e-01 7.514303e-02 1.214177e+01 0 10
1.474793e+14 -6.285488e+13 -8.298076e+13 4.662995e-01 -7.105422e-01 -5.269673e-01 9.975295e+00 0 1846227
-3.664967e+13 -1.183247e+14 1.159985e+14 4.634553e-01 -8.198450e-01 3.362489e-01 1.726268e+01 0 8429408
6.937258e+13 1.099421e+14 1.111609e+14 6.749786e-01 7.210944e-01 1.562906e-01 5.645380e+00 0 3794409
-7.202736e+13 -1.106613e+14 -1.119032e+14 -7.952763e-01 -5.155172e-01 3.190261e-01 6.589655e+00 0 9329438
-1.969036e+12 1.457031e+14 -8.838330e+13 8.287583e-02 8.661606e-01 4.928462e-01 1.460274e+01 0 13166247
1.278124e+14 1.168643e+14 -4.966664e+13 5.621803e-01 7.294764e-01 -3.896376e-01 2.017125e+01 0 5369664
-8.853720e+13 1.753306e+13 -1.460227e+14 -5.323455e-01 7.587193e-01 -3.754375e-01 -2.588306e+01 0 17
-1.243367e+14 -3.433868e+13 -1.106444e+14 -2.892544e-02 -4.984536e-01 -8.664337e-01 2.465799e+01 0 3857010
-6.797810e+13 1.318600e+14 8.654046e+13 -9.494760e-01 2.241672e-01 2.196459e-01 3.193657e+01 0 2
5.073356e+13 5.900304e+13 1.507496e+14 2.476979e-01 9.681286e-01 -3.705107e-02 -1.349481e+00 0 2
-8.486160e+13 -1.369096e+14 -5.747683e+13 -7.828630e-02 -7.365468e-01 -6.718408e-01 -1.756438e-01 0 10385414
1.560585e+14 6.891298e+13 2.196549e+13 7.236337e-01 5.933969e-01 3.524690e-01 -1.003753e+01 0 16
-6.472901e+13 1.610525e+14 3.536839e+13 -7.038553e-01 6.931709e-01 1.552476e-01 -6.181826e+00 0 984878
3.879506e+13 -1.500779e+14 -7.914028e+13 8.893459e-01 -4.358170e-01 -1.383022e-01 3.437728e+01 0 13
-1.452299e+14 -6.704832e+13 -8.921664e+13 -4.865041e-01 -7.146877e-01 -5.025289e-01 2.147323e+01 0 10425391
-7.221374e+13 7.878993e+13 1.731825e+14 -3.815135e-01 5.804493e-01 7.193928e-01 -1.516703e+01 0 7890384
-4.399401e+13 -1.560644e+14 -8.376632e+13 -9.178240e-01 -2.004768e-01 -3.426486e-01 -3.161502e+01 0 7
-7.559979e+11 1.691661e+14 3.983839e+13 3.220608e-01 8.128989e-01 4.852547e-01 5.307963e+00 0 6
1.285563e+14 -5.758066e+12 -1.209370e+14 8.350785e-01 -2.167452e-01 -5.056336e-01 5.371835e+00 0 331990
1.208065e+14 1.060784e+14 6.600641e+13 8.174176e-01 5.508298e-01 1.685674e-01 1.805159e+01 0 64
-1.292812e+13 3.507978e+13 -1.660334e+14 -5.242532e-01 3.971447e-01 -7.532826e-01 1.070137e+01 0 25210
-1.247098e+14 7.147578e+13 1.080517e+14 -8.673107e-01 4.700945e-01 1.636560e-01 6.199717e+00 0 6138347
1.302288e+14 -6.465629e+13 -8.830563e+13 8.147880e-01 -5.059304e-01 -2.831165e-01 -7.266610e+00 0 1324612
1.334989e+14 3.098873e+13 1.306664e+14 3.074696e-01 1.045514e-01 9.457967e-01 -1.056566e+01 0 8986607
1.156162e+14 -2.588809e+13 -1.219119e+14 4.035444e-01 -3.734155e-01 -8.352920e-01 -1.146540e+01 0 156952
-2.255497e+14 1.314405e+14 4.591228e+13 -8.515643e-01 5.026177e-01 1.490424e-01 -3.399646e+01 0 7738684
3.828488e+13 -6.319685e+13 -1.560972e+14 3.363450e-01 -9.127046e-01 -2.320396e-01 -1.129309e+01 0 5777794
1.072198e+14 -3.546845e+13 1.299823e+14 6.694397e-01 -5.520520e-01 4.970805e-01 2.451615e+00 0 4197271
-1.621462e+13 3.305114e+13 1.684877e+14 2.611917e-01 1.208128e-01 9.576968e-01 4.145654e+00 0 496586
1.036224e+14 -5.960893e+13 1.233138e+14 6.874465e-01 -1.790023e-01 7.038291e-01 -9.800833e+00 0 2030944
1.187279e+14 -1.990388e+13 -1.311884e+14 8.608220e-01 -4.183460e-01 2.897795e-01 -1.251663e+01 0 2
-7.124142e+12 -1.361008e+14 1.024716e+14 3.336258e-01 -8.496529e-01 -4.083917e-01 -6.496339e+00 0 14
1.472399e+14 4.306189e+13 -9.115469e+13 -5.596080e-02 5.844996e-01 -8.094619e-01 -5.359112e+00 0 5
1.628572e+14 1.721116e+13 -5.356521e+13 3.486616e-01 8.602151e-01 -3.721088e-01 3.495068e+01 0 32
7.151036e+12 2.406934e+13 1.718694e+14 4.967994e-02 -7.016831e-01 7.107550e-01 9.099523e+00 0 3557660
-1.634506e+14 -7.622730e+13 -4.469291e+13 -2.028061e-01 -8.717545e-01 4.459975e-01 3.819219e+01 0 1
-9.938499e+13 -1.201570e+14 9.235325e+13 -9.873877e-01 -7.640382e-02 -1.386648e-01 2.486075e+00 0 11818270
-3.308894e+13 -7.631671e+12 -1.672698e+14 -3.852111e-01 2.741843e-01 -8.811557e-01 5.367766e+00 0 92063
1.402697e+14 7.426229e+13 -6.068631e+13 6.538412e-01 -2.048732e-01 -7.283671e-01 -1.344702e+00 0 622524
-2.408301e+13 4.082927e+13 -1.815601e+14 -2.448442e-01 3.988023e-01 -8.837466e-01 -1.290939e+01 0 10803041
-7.292891e+13 -1.410908e+14 -6.046705e+13 -7.291021e-01 -5.186981e-01 -4.465002e-01 -2.309983e+01 0 3574480
1.250891e+14 3.889998e+13 -1.088441e+14 3.400004e-01 1.399432e-01 -9.299546e-01 1.798150e+01 0 2
-3.383938e+13 1.409456e+14 -1.335664e+14 -5.273333e-01 3.347000e-01 -7.809581e-01 1.718175e+01 0 723945
6.268240e+13 1.250535e+14 -9.625156e+13 4.083690e-01 7.442349e-01 -5.285350e-01 -1.004604e+01 0 251109
8.791096e+13 1.593678e+14 4.384649e+13 1.294049e-01 7.701286e-01 6.246249e-01 -1.544207e+01 0 5771035
-1.014243e+14 -9.093997e+13 1.013287e+14 3.591545e-01 2.032696e-01 9.108729e-01 8.900798e+00 0 1730394
2.429687e+13 -1.462855e+14 -8.486210e+13 6.647888e-01 -5.808537e-01 4.697497e-01 1.972786e+01 0 12208608
-2.114405e+14 1.332080e+13 6.375038e+13 -8.213793e-01 -2.202810e-01 5.261296e-01 2.473693e+01 0 10338682
1.185958e+14 -7.958047e+13 1.255055e+14 5.297277e-01 5.500439e-01 6.456317e-01 -1.485163e+00 0 6850241
-1.051574e+14 -4.888764e+13 1.500168e+14 -8.899893e-01 -6.593946e-02 4.511885e-01 1.921007e+01 0 4630099
-9.157100e+13 -9.388940e+13 1.185191e+14 2.055357e-01 -1.362136e-01 9.691238e-01 -1.124827e+01 0 18
8.361920e+13 4.354727e+13 1.550192e+14 4.684287e-01 5.075638e-01 7.231553e-01 -8.236604e+00 0 160639
-1.347918e+14 -2.567187e+13 -1.100590e+14 -2.416641e-01 -7.187683e-01 -6.518977e-01 -4.334016e+00 0 7217172
3.334818e+13 -6.266062e+13 -1.569471e+14 3.731864e-01 -2.689252e-01 -8.879252e-01 -7.153676e+00 0 24632663
-2.894211e+13 -6.235539e+13 1.684415e+14 -2.605034e-01 -8.192203e-03 9.654382e-01 8.867579e+00 0 18701623
-8.740375e+13 -2.382726e+13 1.537051e+14 1.341598e-03 1.697397e-01 9.854880e-01 8.491582e+00 0 4127482
-7.756393e+13 3.351469e+13 1.743807e+14 -9.015465e-01 -2.942712e-01 3.172040e-01 2.587089e+01 0 3136166
1.381003e+13 1.778540e+14 -6.682364e+13 2.869504e-01 5.750637e-01 -7.661340e-01 1.645951e+01 0 25
1.491890e+14 9.671655e+13 -1.983839e+13 6.420025e-01 4.902127e-01 -5.895120e-01 1.524933e+01 0 13548108
-2.523522e+13 1.512116e+14 7.306328e+13 3.341264e-01 6.573803e-01 -6.754337e-01 1.300095e+00 0 979952
-1.891650e+13 1.326295e+14 1.213217e+14 1.156491e-01 9.923020e-01 4.429443e-02 -1.669635e+01 0 41
-1.640629e+14 9.207106e+12 5.488848e+13 -8.171088e-01 -2.281191e-02 5.760320e-01 1.114359e+01 0 393585
5.580979e+13 8.316187e+13 1.375053e+14 8.338141e-01 -1.313547e-01 5.361902e-01 3.804033e+00 0 4157067
7.457074e+13 1.583251e+14 -1.779973e+13 2.700398e-01 3.409051e-01 -9.004789e-01 1.874832e+01 0 1336381
-7.351481e+13 -1.270362e+14 -9.311532e+13 7.112000e-01 -6.028925e-01 -3.615456e-01 3.105136e+01 0 46638
-5.923034e+13 6.329790e+13 1.472581e+14 -2.055027e-01 3.274157e-01 9.222622e-01 1.038260e+01 0 648176
-7.137116e+13 -1.387045e+14 7.109350e+13 -5.345573e-01 -8.167930e-01 -2.170201e-01 -1.597226e+01 0 12073924
-1.786572e+14 3.370105e+13 2.873846e+13 -7.699540e-01 6.311042e-01 -9.422498e-02 1.472033e+00 0 14
-8.670774e+13 7.638123e+13 -1.255613e+14 -1.076273e-01 -4.489716e-02 -9.931770e-01 1.143045e+01 0 20406923
-1.511956e+14 -7.629472e+13 1.956075e+13 -9.865520e-02 -9.753201e-01 1.975292e-01 2.439857e+01 0 2485990
9.755588e+13 1.966248e+14 3.582152e+13 6.978878e-01 7.158730e-01 -2.187449e-02 6.524999e+00 0 3986816
-1.161450e+14 4.862464e+13 1.159303e+14 -2.044630e-01 3.071742e-01 9.294293e-01 1.023925e+01 0 1054118
2.431166e+13 1.525957e+14 8.142111e+13 3.068132e-02 7.837580e-01 6.203080e-01 -5.544228e+00 0 2646836
1.528703e+14 2.439573e+13 7.806614e+13 6.121591e-02 5.221547e-01 8.506509e-01 2.803378e+01 0 11
-7.929559e+13 2.635093e+13 -1.554606e+14 -1.075111e-01 5.338509e-01 -8.387160e-01 4.509108e+00 0 2381880
-1.007284e+13 -6.131992e+12 1.750827e+14 -3.214026e-01 1.331224e-01 9.375387e-01 -1.508057e+01 0 11585493
1.492867e+14 2.673217e+13 8.630202e+13 1.874179e-01 4.332059e-02 9.813245e-01 7.054492e+00 0 14
4.997668e+13 6.962376e+13 1.750114e+14 6.086337e-01 2.217040e-01 7.618480e-01 1.318370e+01 0 3248004
1.408812e+14 -9.154792e+13 -3.360989e+13 5.420339e-01 6.478101e-01 -5.352956e-01 3.556637e+01 0 16336746
-2.235591e+14 3.481809e+12 9.315667e+13 -6.625205e-01 3.356274e-02 7.482915e-01 2.412354e+01 0 1144523
1.891581e+14 -1.852234e+13 6.236834e+12 6.881145e-01 1.692866e-01 7.055781e-01 -7.249258e+00 0 2053895
1.703757e+14 -4.808239e+13 -5.632784e+12 8.715217e-01 4.484962e-01 -1.982451e-01 3.823122e+01 0 1
9.118234e+13 9.081010e+13 1.248565e+14 8.205440e-01 5.709868e-01 2.610864e-02 -1.316149e+01 0 5881841
7.364100e+13 -8.788202e+13 -1.301530e+14 2.410286e-01 2.536065e-02 -9.701866e-01 2.319366e+01 0 2097341
1.596913e+14 -4.535610e+13 4.471176e+13 6.049142e-01 -5.234906e-01 -6.000303e-01 1.056657e+00 0 801196
-9.373306e+13 1.362870e+14 -6.540874e+13 -8.978303e-01 -5.631301e-02 -4.367260e-01 -1.223487e+00 0 645716
-7.412327e+13 -1.092099e+14 -1.137232e+14 -2.347183e-01 -3.662933e-01 -9.004091e-01 -9.368763e+00 0 9837206
-1.285610e+14 -5.638874e+13 -9.706934e+13 -5.221231e-01 -3.753073e-01 -7.658537e-01 9.364386e+00 0 484634
-1.297829e+14 -6.838138e+13 -9.513085e+13 1.328315e-01 -3.122262e-01 -9.406756e-01 2.862624e+01 0 5
-4.501498e+13 7.082735e+13 -1.509062e+14 2.789488e-01 7.580629e-01 -5.895152e-01 -2.341293e+01 0 11637553
-6.630968e+12 1.806240e+14 -5.497450e+13 4.262323e-01 9.045314e-01 1.220795e-02 -3.041494e+01 0 2410611
1.404144e+14 1.305892e+13 -9.510931e+13 7.006684e-01 -4.035021e-01 -5.884299e-01 -1.727715e+01 0 13476970
-5.460953e+12 8.145278e+13 -1.697183e+14 3.932924e-02 6.918586e-02 -9.968282e-01 1.146458e+01 0 4243954
1.634060e+14 -2.884626e+13 -4.784192e+13 9.854317e-01 1.699617e-01 6.105850e-03 -1.364437e+00 0 27
4.350232e+13 1.168106e+13 1.738526e+14 -2.014186e-01 -8.054053e-01 5.574522e-01 1.751589e+01 0 29
-4.081893e+12 -5.540734e+13 -1.678577e+14 9.102847e-02 3.341740e-01 -9.381053e-01 -5.760425e+00 0 115747
-8.488682e+13 -1.453047e+14 2.316368e+13 -5.838521e-02 -9.056573e-01 -4.199715e-01 3.614233e+00 0 9641155
1.040965e+14 -7.418784e+13 1.148528e+14 -3.028548e-01 -4.700423e-01 8.290592e-01 2.931330e+00 0 2655225
-1.637912e+14 2.486059e+13 5.289437e+13 -9.717543e-01 -1.453394e-01 1.859304e-01 -1.331531e+00 0 5733785
8.396082e+13 8.392488e+13 1.257049e+14 5.094394e-01 -1.416873e-01 8.487616e-01 -2.066207e+01 0 14098408
3.632655e+13 -1.082710e+14 1.448210e+14 3.241249e-01 -5.165678e-01 7.925281e-01 -1.022709e+01 0 4956314
-9.874234e+13 -5.339324e+13 -1.441592e+14 -7.081829e-01 6.347078e-01 -3.092297e-01 4.893031e+00 0 748113
1.150605e+12 1.080952e+14 1.313772e+14 2.306925e-01 9.588396e-01 -1.655522e-01 7.405936e+00 0 8929204
-6.386425e+13 1.154311e+14 -1.066516e+14 -6.823699e-01 6.113638e-01 -4.007563e-01 1.995921e+01 0 2436355
-1.509385e+13 1.503359e+14 -8.324913e+13 3.471779e-01 4.388471e-01 -8.287827e-01 -1.580374e+01 0 51202
1.080140e+14 -1.240607e+14 4.583572e+13 -2.928676e-01 -8.385659e-01 -4.593864e-01 -3.262179e+01 0 228466
-6.269868e+13 -1.559463e+14 -2.412454e+13 -8.749213e-01 -4.822127e-01 -4.453786e-02 5.920515e-01 0 7921834
1.199926e+14 -2.737246e+13 -1.200624e+14 3.808079e-01 2.244606e-01 -8.969965e-01 1.606598e+01 0 9
-1.234584e+13 1.711920e+14 3.280241e+13 -2.707008e-01 9.315583e-01 2.427350e-01 -2.999061e+00 0 1911676
-4.723220e+13 -1.168603e+14 1.230563e+14 -1.449352e-01 -8.923246e-01 4.274933e-01 -6.288128e+00 0 2
-1.018253e+14 -9.413842e+13 9.850306e+13 -6.209796e-01 -5.807481e-01 -5.264182e-01 1.622181e+01 0 4726026
-2.020234e+14 1.539125e+13 -2.265709e+13 -9.166796e-01 1.563632e-01 3.677621e-01 1.588458e+01 0 9626605
4.202843e+13 -7.028577e+13 -1.569410e+14 3.149244e-01 -7.037807e-01 -6.368009e-01 -1.057891e+01 0 621978
-8.933611e+13 -1.559528e+14 1.091290e+13 3.848827e-01 -6.372706e-01 6.676462e-01 6.902593e+00 0 3762035
-1.374592e+12 -1.084938e+14 1.346490e+14 -6.584745e-01 -6.267523e-01 4.166448e-01 7.296479e+00 0 762993
-6.149484e+13 -8.756345e+13 -1.332713e+14 4.855517e-02 6.523115e-01 -7.563941e-01 1.025180e+01 0 3
9.098206e+13 -1.385771e+14 4.250358e+13 9.569964e-01 -5.483212e-03 2.900481e-01 2.974323e+01 0 7882508
-8.880708e+13 1.414020e+14 3.215679e+13 -4.208639e-01 8.002064e-01 4.272509e-01 1.284952e+01 0 5633566
-9.218253e+13 -2.447289e+13 1.459474e+14 -7.002713e-01 -6.646221e-01 2.605718e-01 2.053302e+01 0 4429427
2.166015e+14 -9.299743e+13 5.845036e+13 8.500229e-01 -4.407511e-01 2.884434e-01 -2.421447e+01 0 29542662
1.461688e+14 -5.822635e+13 7.253392e+13 6.494138e-01 -2.891031e-01 7.033357e-01 -9.181148e+00 0 4989551
1.448042e+14 2.061440e+13 -9.957959e+13 9.440232e-01 -1.955093e-01 2.656995e-01 -1.975683e+01 0 10529854
1.105457e+14 -6.142320e+13 1.147275e+14 -3.322151e-01 -2.366773e-01 9.130263e-01 1.735959e+00 0 510978
-2.839422e+13 2.227573e+13 1.729033e+14 7.092342e-04 -1.323687e-01 9.912003e-01 1.897634e+01 0 500443
6.721964e+13 4.064247e+13 1.526860e+14 -5.760866e-01 -1.757778e-01 7.982646e-01 -5.181821e+00 0 1460214
-1.577900e+14 2.639884e+13 7.023009e+13 -9.251615e-01 -3.612920e-01 1.163799e-01 -3.353209e-01 0 1
-2.391581e+13 1.705888e+14 -2.454966e+13 -8.302771e-01 3.325884e-01 -4.472414e-01 3.598435e+01 0 5792590
9.664488e+13 1.399822e+14 1.744532e+13 7.350377e-02 9.362078e-01 -3.436744e-01 3.022848e+00 0 14
-1.302601e+14 -1.256244e+14 1.176123e+13 -6.725503e-01 -5.145497e-01 5.318973e-01 -2.256012e+01 0 7
-7.211029e+13 -1.328308e+14 9.352348e+13 -1.634057e-01 -5.358753e-01 8.283334e-01 -7.505995e+00 0 6550749
-3.750117e+13 1.265543e+14 1.077110e+14 -7.580950e-01 6.237285e-01 1.904067e-01 1.934501e-02 0 2033203
-2.119419e+13 -1.408320e+13 1.743740e+14 4.309749e-01 -6.641182e-01 6.109073e-01 -1.033715e+01 0 5599943
9.465329e+13 -1.391423e+14 -7.226421e+13 -3.559411e-01 -7.604521e-01 -5.431560e-01 -3.182048e+01 0 11097232
-1.058571e+14 1.149545e+14 -1.140938e+14 -9.377772e-01 3.129119e-01 -1.505326e-01 2.806053e+01 0 52
-8.544226e+13 3.955856e+13 1.700208e+14 -6.264101e-01 7.167538e-01 3.063894e-01 9.024077e+00 0 2014590
-1.662541e+14 8.956091e+13 1.199339e+13 -8.492540e-01 7.131775e-02 -5.231458e-01 -8.826120e+00 0 9384575
1.304780e+14 9.023663e+13 7.033792e+13 2.476386e-01 7.657646e-01 5.935316e-01 2.420620e+01 0 26
-1.946942e+13 8.019780e+13 1.620556e+14 -7.332256e-01 3.247231e-02 6.792097e-01 1.816262e+01 0 32
-2.631231e+13 2.662460e+13 1.662457e+14 6.690941e-01 2.590513e-02 7.427261e-01 -7.244074e+00 0 202316
4.035898e+12 2.767387e+13 1.710952e+14 1.905537e-01 -8.647452e-02 9.778606e-01 1.809176e+01 0 2291499
6.310233e+13 -2.750265e+13 1.558036e+14 2.816335e-02 3.193049e-01 9.472335e-01 9.714226e+00 0 1651332
-8.742090e+12 -1.127980e+14 -1.298500e+14 -1.000358e-01 -9.872194e-01 1.240591e-01 -1.616570e+01 0 11357316
-8.633778e+12 -1.702604e+14 2.832455e+13 9.504551e-02 -9.511255e-01 2.938139e-01 -1.446027e+01 0 12
-2.309333e+14 -3.876796e+13 -1.096191e+14 -9.081755e-01 -2.853332e-01 -3.062715e-01 2.342878e+01 0 20607792
1.463927e+14 9.070242e+13 -2.913071e+13 9.073591e-01 4.013321e-01 1.250278e-01 -1.515075e+01 0 4619665
6.574218e+13 -2.016800e+13 -1.552573e+14 8.667419e-01 4.704145e-01 -1.657368e-01 1.040042e+01 0 653741
1.694008e+13 -1.880418e+14 -1.207419e+13 -5.153036e-01 -7.847678e-01 -3.443860e-01 -2.835193e+01 0 49
1.519460e+14 -3.207593e+13 -7.555490e+13 3.971338e-01 -9.177572e-01 2.542684e-03 -2.787390e+01 0 2
-1.296441e+14 1.110535e+14 1.499183e+12 -2.776833e-01 3.155364e-03 -9.606675e-01 -1.595500e+01 0 3
-5.981278e+13 6.772723e+13 1.488024e+14 -9.961345e-01 -8.766326e-02 -5.593791e-03 -4.913133e+00 0 875419
7.344841e+13 1.067420e+14 1.123725e+14 9.450274e-01 2.518891e-01 2.085067e-01 -2.699611e+01 0 9641242
-1.473997e+14 4.106892e+13 -7.508595e+13 -6.659711e-01 -4.372796e-01 -6.043750e-01 1.910378e+01 0 5454164
5.575801e+13 1.299270e+14 9.682842e+13 1.316779e-01 4.078831e-01 9.034889e-01 -2.382331e+01 0 2610288
1.209069e+14 7.009711e+13 -1.002960e+14 5.788653e-01 -1.796657e-01 -7.953837e-01 -1.980417e+01 0 67
-1.714559e+14 3.113627e+13 9.971222e+13 -7.886838e-01 5.589445e-01 2.560449e-01 -2.893247e+01 0 8
9.698223e+13 -3.187766e+13 -1.589176e+14 7.101005e-01 -6.638396e-01 -2.346793e-01 9.644314e+00 0 8218185
9.040552e+13 -1.443368e+14 -6.143051e+13 3.355669e-01 -6.445396e-01 6.869961e-01 1.094465e+01 0 1597780
-1.187154e+14 -1.264812e+14 -5.034258e+13 -7.670432e-01 1.024800e-01 -6.333582e-01 -3.370286e+01 0 31
6.836920e+13 -1.608843e+14 4.401263e+13 -3.037676e-01 -3.515267e-01 8.855249e-01 1.280108e+01 0 1
1.263186e+14 1.239215e+14 1.100277e+13 4.876987e-01 3.089058e-01 8.165337e-01 -1.453521e+01 0 8443752
-2.649615e+13 3.791369e+12 -1.729116e+14 1.563080e-01 -9.184056e-01 -3.634542e-01 1.789321e+01 0 3269278
3.103800e+13 -1.069157e+14 1.382418e+14 8.374942e-01 -3.917122e-01 3.810054e-01 2.887669e+01 0 9135848
-3.162972e+13 7.222326e+13 1.534242e+14 -4.840162e-01 -2.656585e-02 8.746557e-01 -1.393732e+00 0 1591599
-3.604209e+13 -4.752558e+13 1.772532e+14 4.432986e-01 -5.734764e-01 6.889203e-01 2.607086e+01 0 5624826
-1.411445e+14 -5.489087e+13 -8.398096e+13 -3.270193e-01 -8.119866e-01 -4.834627e-01 7.180546e+00 0 1780915
-8.390044e+13 -1.460936e+14 5.345206e+13 3.533983e-01 -8.385307e-01 4.146998e-01 2.844398e+01 0 2578202
-2.901558e+13 6.597241e+13 -1.623927e+14 1.413209e-02 -2.861158e-01 -9.580908e-01 -1.633422e+01 0 2109282
-1.588345e+14 -3.186625e+13 -8.009983e+13 -6.041183e-01 2.488051e-01 -7.570582e-01 1.510358e+00 0 20456453
1.004280e+14 1.987226e+14 1.223101e+13 5.169736e-01 8.019110e-01 -2.994613e-01 -2.723994e+01 0 3231287
7.604464e+12 7.280415e+13 1.532497e+14 -2.524093e-01 9.676148e-01 -3.323381e-03 7.262898e+00 0 346730
-2.255965e+13 -1.823830e+13 1.671352e+14 -8.937342e-01 4.302477e-01 1.269886e-01 -1.718234e+01 0 2109331
-3.269607e+13 1.119211e+14 -1.478314e+14 -7.308631e-02 7.916179e-01 -6.066297e-01 1.500002e+01 0 415989
-1.293536e+14 7.938998e+13 -7.761407e+13 -7.571076e-01 5.965176e-01 2.663735e-01 1.275063e+01 0 1477379
5.655370e+13 1.014539e+14 -1.245857e+14 4.651092e-01 8.707550e-01 -1.595593e-01 -1.024986e+01 0 870129
3.155698e+13 1.601649e+14 4.701353e+13 -7.141294e-01 6.938009e-01 9.305637e-02 2.352917e+01 0 7410237
-1.015542e+13 7.253385e+13 -1.562192e+14 4.802214e-01 2.939964e-01 -8.264100e-01 1.088266e+01 0 252582
-9.118027e+13 -1.722526e+14 5.140965e+13 8.640515e-02 -9.086703e-01 4.084757e-01 3.846309e+01 0 135716
1.510163e+14 -1.802596e+13 7.927777e+13 -1.817808e-01 -1.167400e-01 9.763849e-01 -1.741277e+01 0 52
1.542218e+13 1.134247e+14 1.275638e+14 -5.272770e-01 2.289543e-01 8.182658e-01 2.387592e+00 0 152152
9.059713e+13 1.002176e+14 1.097660e+14 -2.948701e-01 7.219680e-01 6.259503e-01 6.234152e+00 0 5320434
1.150913e+13 3.067468e+13 1.664894e+14 -3.700201e-01 -3.159936e-01 8.736322e-01 -6.792373e+00 0 1015704
4.530571e+13 1.531849e+14 -7.456513e+13 2.508225e-01 8.052766e-01 -5.372315e-01 1.277718e+01 0 1879016
1.414066e+14 -2.219521e+13 -1.223997e+14 9.249931e-01 2.831390e-01 -2.534168e-01 1.923407e+01 0 8532447
8.223360e+13 7.719328e+13 -1.307036e+14 9.176523e-01 3.827044e-01 1.070124e-01 1.987623e+00 0 6800128
8.337292e+13 -5.016187e+13 1.403491e+14 -5.348230e-02 5.056364e-01 8.610874e-01 1.748254e+01 0 2
7.628634e+13 1.441721e+14 6.983960e+13 3.413737e-01 1.899700e-01 9.205300e-01 8.009282e+00 0 32
-1.199936e+14 -3.415701e+13 1.179331e+14 -3.738595e-01 4.221688e-01 8.258345e-01 -1.358371e+01 0 30
-1.575573e+14 -2.349016e+13 8.235293e+13 -9.298320e-01 3.300085e-01 -1.628092e-01 -1.747128e+01 0 7559427
-1.650572e+13 1.272092e+13 -1.736750e+14 -8.422271e-01 -4.023996e-01 -3.587869e-01 -8.282293e+00 0 298647
-3.279175e+13 -4.736336e+13 1.620647e+14 4.186547e-02 2.957946e-01 9.543337e-01 -1.608455e+01 0 1087661
-1.143464e+14 -6.883538e+12 -1.276104e+14 -2.410373e-01 -8.828657e-01 -4.030499e-01 2.366433e+01 0 19280483
-4.884356e+13 1.440048e+14 9.157303e+13 3.285632e-01 8.603027e-01 3.897762e-01 -3.647576e+00 0 4796946
1.706438e+14 -1.921608e+12 -1.647554e+13 3.663668e-01 -1.599164e-01 9.166254e-01 1.107242e+01 0 8
-5.005195e+13 -2.555689e+13 -1.601027e+14 2.439075e-01 -2.642536e-01 -9.331019e-01 6.245171e+00 0 815143
-1.624998e+14 3.742549e+12 -5.108040e+13 -5.401985e-01 -3.792158e-01 -7.512529e-01 1.934783e+01 0 1534164
7.510382e+13 -1.407571e+14 5.846000e+13 5.787823e-01 -4.511476e-02 8.142332e-01 6.285637e+00 0 894448
-1.215226e+14 6.349342e+13 1.020006e+14 -9.424182e-01 8.918817e-02 3.223249e-01 1.203468e+01 0 216004
-1.137661e+14 -1.387769e+14 6.088316e+13 1.306955e-01 -9.370894e-01 3.237006e-01 -3.043708e+00 0 11965765
-1.500188e+14 1.018098e+14 2.990830e+13 -8.679741e-01 1.524531e-01 -4.726299e-01 2.244939e+01 0 14
-4.203988e+13 1.393446e+14 -1.093762e+14 6.099941e-01 4.321859e-01 -6.641706e-01 3.543675e+00 0 1
1.423817e+14 -5.336605e+13 -7.788073e+13 6.128776e-01 4.126023e-01 -6.738994e-01 2.910361e+01 0 1861038
-1.219080e+14 -1.082121e+14 -5.208756e+13 -3.854625e-01 -8.885588e-01 -2.487605e-01 2.969853e+01 0 72
9.600123e+13 -1.355738e+14 -7.285509e+13 5.424480e-01 -7.745299e-01 3.253516e-01 1.253379e+01 0 9231492
-8.761839e+13 -1.566245e+14 1.965903e+13 -7.048372e-01 -7.010606e-01 -1.082525e-01 8.943278e+00 0 43
1.109160e+14 -5.668119e+13 -1.214156e+14 1.626958e-01 -5.532387e-01 -8.169804e-01 3.986649e+00 0 1582171
4.543879e+13 1.386497e+14 -9.031951e+13 2.780166e-01 9.335788e-01 -2.261359e-01 1.378510e+01 0 40
-2.738847e+13 2.946032e+13 -1.748289e+14 -1.622198e-01 1.272742e-01 -9.785121e-01 9.169719e+00 0 5139780
-1.531461e+14 7.728434e+13 5.201943e+12 -9.364331e-02 9.069952e-01 -4.105980e-01 3.246946e+00 0 12940542
1.135909e+14 1.344021e+14 -2.933834e+13 -5.128444e-02 9.523306e-01 -3.007263e-01 3.362255e+00 0 5040664
-3.413745e+13 -5.988420e+13 -1.584683e+14 -3.969745e-01 -2.401092e-01 -8.858661e-01 -1.103789e+01 0 1403895
-1.905029e+14 1.004286e+13 -4.278790e+13 -6.495174e-01 6.171651e-01 -4.441108e-01 1.622132e+00 0 3725259
1.212992e+14 -1.246586e+14 2.772655e+13 9.878136e-01 -1.449404e-01 5.671446e-02 2.498699e+01 0 11
-1.420825e+13 7.515044e+13 -1.586279e+14 4.966220e-01 4.596016e-01 -7.362967e-01 5.258403e+00 0 6011430
2.089056e+14 7.116089e+13 -1.615097e+14 7.864737e-01 8.524713e-02 -6.117124e-01 1.478334e+01 0 14
-4.412041e+13 -1.082390e+14 1.404405e+14 -1.253964e-01 -9.071742e-01 4.016351e-01 -5.445438e+00 0 2
-4.573691e+13 1.778383e+14 3.296474e+13 -2.051510e-01 9.636392e-01 1.712089e-01 -1.594132e+01 0 4
-1.571231e+14 4.892529e+13 5.397714e+13 -8.185263e-01 -6.379482e-02 -5.709158e-01 1.725329e+01 0 23682656
1.120411e+14 9.344568e+13 9.154227e+13 8.053049e-01 -2.573180e-01 5.341081e-01 -2.533982e+01 0 5
7.350914e+13 4.025678e+13 1.488802e+14 -6.120919e-01 -2.148946e-01 7.610281e-01 1.070817e+01 0 34
5.314737e+13 -4.871250e+13 1.840346e+14 1.117400e-02 -5.127627e-01 8.584577e-01 -2.359662e+01 0 2404034
1.800048e+14 -5.346406e+13 -6.295106e+13 9.080128e-01 1.960397e-01 -3.702447e-01 -6.719640e+00 0 3
-6.102969e+12 1.728953e+14 -1.126935e+14 4.230361e-01 4.604395e-01 -7.804075e-01 5.505487e+00 0 11461357
6.309557e+12 -1.848200e+14 -4.418131e+12 -1.648691e-01 -9.123327e-01 -3.747896e-01 1.435463e+01 0 8519439
-1.750930e+14 2.099268e+13 4.422251e+12 -9.661047e-01 -5.789907e-02 -2.515739e-01 -2.656561e+00 0 2
-1.529234e+13 -1.559979e+14 -7.064264e+13 -5.661233e-01 -5.538603e-01 -6.105270e-01 -2.745068e+00 0 11581795
-1.515759e+14 -7.494531e+13 1.624041e+13 -5.316490e-01 -8.061060e-01 -2.598894e-01 3.669150e+00 0 6047760
1.068200e+14 -1.506343e+14 4.851582e+13 1.329127e-01 -6.765519e-01 7.243009e-01 1.304366e+01 0 13326616
1.537284e+14 -8.018198e+13 3.666792e+12 7.259669e-01 -5.162647e-01 -4.543597e-01 6.484615e+00 0 218673
8.279257e+13 4.563410e+12 -1.557855e+14 -4.472819e-01 -5.272901e-01 -7.224293e-01 7.701973e+00 0 8239074
-1.005505e+14 1.309897e+13 -1.398177e+14 -4.046462e-01 -8.311421e-02 -9.106885e-01 -3.566321e+00 0 2813380
-9.273914e+13 -9.998580e+13 1.120435e+14 -1.237857e-01 -4.681993e-01 8.749094e-01 1.511838e+01 0 1
-3.363540e+13 -5.065583e+13 -1.613128e+14 -4.988192e-01 2.849171e-01 -8.185363e-01 2.067836e+00 0 405328
1.455652e+14 -9.378238e+13 9.380363e+13 8.533802e-01 -4.729768e-01 -2.191691e-01 -1.185153e+01 0 2650239
-7.270999e+11 -5.027507e+13 -1.678904e+14 3.663738e-01 -3.737347e-01 -8.521107e-01 8.951666e+00 0 1117608
8.255781e+13 -1.411085e+14 -5.462449e+13 9.688411e-01 5.093877e-02 -2.423884e-01 1.277293e+01 0 279247
1.323462e+14 1.137471e+14 2.422047e+13 4.353078e-01 8.927134e-01 1.164898e-01 -8.556918e+00 0 2
9.893624e+13 -3.288774e+13 1.389703e+14 5.622883e-01 -2.407839e-01 7.911100e-01 1.930302e+01 0 42
1.361282e+14 -1.317365e+14 -2.857788e+13 5.688815e-01 -4.798691e-01 6.679067e-01 -1.446698e+01 0 22254502
-1.313370e+14 1.013104e+14 -4.564189e+13 -3.797460e-01 3.965866e-01 -8.357703e-01 1.522495e+01 0 11911677
-1.109888e+14 1.318567e+12 1.502733e+14 -8.028067e-02 -1.561702e-01 9.844622e-01 1.680681e+01 0 12735228
-2.096606e+13 1.142557e+14 -1.353147e+14 2.165055e-02 7.877230e-01 -6.156491e-01 -1.267205e+01 0 9488473
4.594688e+13 -5.329451e+13 1.554068e+14 3.996582e-02 -8.596015e-01 5.093996e-01 3.542238e+00 0 11361559
3.885540e+13 7.981101e+13 -1.450809e+14 6.208625e-01 4.547053e-01 -6.385709e-01 -6.585378e-01 0 2737047
1.868056e+13 9.139965e+13 -1.433396e+14 -5.246712e-01 1.893314e-01 -8.299842e-01 2.194538e+01 0 2
7.323593e+13 -8.768653e+13 1.324702e+14 6.068973e-01 -6.780549e-01 4.146290e-01 -6.385395e+00 0 58650
-6.674697e+13 -9.605736e+13 1.272414e+14 8.115954e-02 -6.621228e-01 7.449876e-01 2.052165e+01 0 9705868
1.231963e+14 5.441177e+13 1.338959e+14 9.541915e-01 1.244494e-01 2.720862e-01 -1.723454e+01 0 6974721
3.973224e+13 1.297771e+14 1.026455e+14 -3.102647e-01 8.641145e-01 3.962851e-01 8.014401e+00 0 156102
7.523280e+13 4.298341e+13 -1.483439e+14 9.513928e-01 -2.932641e-01 -9.406290e-02 9.520743e+00 0 2389111
1.351255e+14 -1.261830e+14 1.193183e+12 7.371506e-01 -6.122627e-01 2.859079e-01 2.392033e+01 0 1
-1.632772e+13 8.961841e+13 -1.462234e+14 3.408889e-01 8.429894e-02 -9.363164e-01 -2.759862e+01 0 43
1.149138e+14 3.046515e+13 1.357627e+14 2.117048e-01 -4.719608e-01 8.558236e-01 8.170348e-01 0 1768885
1.419067e+14 -5.766939e+13 8.646771e+13 9.344282e-01 -1.079480e-01 3.393982e-01 2.535701e+01 0 10242946
9.350990e+13 -1.408163e+14 1.408404e+13 -3.004828e-02 -3.367208e-01 9.411250e-01 1.000210e+01 0 6270428
4.343562e+13 -1.338059e+14 -9.913680e+13 9.419406e-01 1.643650e-01 -2.928002e-01 2.880964e+01 0 11089676
-1.255924e+14 -5.979716e+12 -1.161412e+14 -4.621375e-01 2.653373e-01 -8.461826e-01 -1.843609e+01 0 3128443
1.264804e+14 8.118212e+13 9.370495e+13 4.144943e-01 -3.416183e-01 8.434995e-01 -2.078669e+00 0 1628134
-2.209237e+12 -6.837386e+12 -1.736901e+14 2.847644e-01 -5.663265e-01 -7.734233e-01 -1.463639e+01 0 3062644
1.049578e+14 -1.428863e+14 1.695157e+13 2.109622e-01 -9.763347e-01 4.759623e-02 -2.628015e+01 0 3610786
-1.005432e+14 1.206380e+14 6.432069e+13 -2.865726e-01 4.511907e-01 8.451646e-01 -8.175877e+00 0 10
-1.695413e+14 7.555294e+13 -1.887207e+13 -7.576523e-01 5.944808e-01 -2.693616e-01 6.759233e+00 0 3834786
1.074779e+14 1.316157e+14 2.356511e+13 5.126818e-02 7.207833e-01 -6.912619e-01 1.975203e+01 0 1893328
-1.067937e+14 6.849720e+12 1.467489e+14 -7.903201e-01 1.369992e-01 5.971811e-01 1.569249e+01 0 1647383
-1.526856e+14 -2.899790e+13 -7.253294e+13 -2.474636e-01 -3.207399e-01 -9.142689e-01 1.511002e+01 0 3
2.108282e+13 -1.497358e+14 -8.068014e+13 -6.604343e-01 -7.370427e-01 -1.435082e-01 -5.888072e+00 0 34857974
2.115931e+13 -5.682336e+13 1.629774e+14 -6.629977e-01 -5.224775e-01 5.361449e-01 3.750246e+00 0 6548682
3.720859e+13 -1.700926e+13 1.696804e+14 -2.749336e-01 -6.945064e-01 6.648852e-01 3.262549e+00 0 248815
1.215981e+14 1.185780e+14 -4.513966e+13 2.321692e-01 7.824709e-01 -5.777860e-01 -1.699502e+00 0 18
-1.242624e+14 5.511441e+13 1.235602e+14 -5.021960e-01 7.388181e-01 4.493852e-01 -2.720146e+01 0 505794
7.662148e+12 -6.909998e+13 1.619355e+14 1.472024e-01 -1.055651e-01 9.834569e-01 1.532059e+01 0 3620735
1.645484e+14 4.534808e+13 -1.164276e+14 8.769383e-01 2.108183e-01 -4.318969e-01 -1.523808e+01 0 1
1.110266e+14 9.947833e+12 1.350827e+14 1.106073e-01 -3.985883e-01 9.104358e-01 3.995883e+00 0 13126912
6.140469e+13 -1.427576e+14 -6.820509e+13 8.746733e-01 -4.846984e-01 -3.752252e-03 1.808146e+01 0 7676455
-1.431451e+14 -6.927383e+13 -8.898970e+13 -9.571569e-01 -2.288209e-01 -1.774590e-01 8.446920e+00 0 24
-3.289901e+13 -6.561793e+13 1.531455e+14 7.547108e-01 4.047461e-02 6.548079e-01 1.011874e+01 0 2456332
1.360195e+14 1.101655e+14 -1.002125e+13 7.845259e-02 8.667304e-01 4.925683e-01 4.818705e+00 0 13487487
-2.910503e+12 1.665545e+14 -3.392615e+13 -3.919472e-01 4.124606e-02 -9.190627e-01 2.081635e+01 0 10701075
7.389400e+13 -9.672681e+13 1.186277e+14 -5.388056e-01 -5.611390e-01 6.283403e-01 -2.776793e+01 0 8
4.809116e+13 -9.882560e+13 1.295337e+14 7.062720e-01 4.244603e-01 5.665804e-01 1.139704e+00 0 5922894
1.452664e+12 1.839481e+13 -1.791223e+14 -1.182874e-01 3.412766e-01 -9.324904e-01 -1.668006e+01 0 7528540
8.398082e+13 -2.317456e+13 1.458896e+14 -8.477080e-02 -6.986639e-01 7.104102e-01 -3.750730e+00 0 6363623
-7.971719e+13 -7.908847e+13 1.363041e+14 2.597263e-02 -8.298136e-01 5.574359e-01 2.137618e+01 0 11
1.594952e+14 -3.878989e+13 6.150159e+13 4.361644e-01 -2.625743e-01 8.607063e-01 -1.357175e+01 0 6811583
3.463906e+12 1.047032e+14 -1.379454e+14 -3.661205e-01 -2.582633e-01 -8.940111e-01 -6.443602e+00 0 3370575
1.074381e+14 -5.176837e+13 1.237554e+14 8.354140e-01 -4.563891e-01 -3.062556e-01 -1.736884e+01 0 1213774
9.718208e+13 3.168900e+12 1.416005e+14 2.864095e-01 -6.652027e-01 6.895470e-01 -1.345311e+01 0 1219606
7.439346e+13 -1.240902e+14 -1.492711e+14 9.303210e-01 -3.438817e-01 -1.274682e-01 -5.728900e+00 0 33021205
3.158192e+13 4.615187e+13 1.718871e+14 5.625850e-01 2.518707e-02 8.263557e-01 -1.624738e+01 0 369986
9.846952e+13 1.290890e+14 5.047130e+13 6.655429e-01 6.749059e-01 3.186765e-01 -1.347639e+01 0 4955860
-5.250736e+13 -1.585938e+14 3.179581e+13 -6.092527e-01 -5.199288e-01 -5.987363e-01 -3.644581e+00 0 12695606
-1.253054e+13 1.725149e+14 1.105752e+14 -7.350457e-02 7.113581e-01 6.989755e-01 -1.155076e+01 0 8
1.248544e+14 1.014993e+14 6.015979e+13 8.862638e-01 4.597247e-01 5.647635e-02 2.872537e+00 0 8699388
-2.667975e+13 -3.138881e+13 -1.662437e+14 -2.424906e-01 -8.601963e-01 -4.486208e-01 2.267985e+01 0 10960543
1.248806e+14 7.600615e+13 -1.049145e+14 6.895902e-01 7.240308e-01 -1.564524e-02 -9.955134e+00 0 1914210
-1.763533e+14 6.383413e+12 1.209871e+13 -6.894334e-01 -7.072090e-01 -1.566427e-01 1.816274e+00 0 7232677
1.366440e+14 4.986952e+13 1.030360e+14 -5.119709e-02 3.646011e-01 9.297553e-01 -1.042987e+01 0 3
-2.256008e+13 -1.380616e+14 1.150520e+14 -2.528709e-01 -3.482333e-01 9.026571e-01 1.174800e+01 0 11284730
4.295617e+13 -1.387125e+14 -8.868700e+13 3.406390e-01 -9.297994e-01 1.394210e-01 1.477825e+01 0 18671301
-4.507012e+13 1.289271e+14 1.155705e+14 -2.596441e-01 9.346719e-01 2.428445e-01 1.514539e+01 0 1
8.662772e+13 -8.318201e+12 -1.555545e+14 -5.341299e-02 2.344054e-02 -9.982973e-01 1.271689e+01 0 4007767
-1.538841e+14 -8.456986e+13 3.338716e+13 -9.993569e-01 -3.460213e-02 9.405599e-03 -1.689236e+01 0 924986
8.368655e+13 5.790121e+13 -1.388303e+14 4.660970e-01 4.510258e-01 -7.611368e-01 -4.413918e+00 0 5191779
4.811858e+13 -1.447973e+14 -8.075109e+13 -7.081492e-01 -6.304018e-01 -3.179909e-01 -2.512395e-01 0 2
7.079487e+13 -1.631164e+14 4.573584e+13 -1.350413e-01 -9.722741e-01 1.909109e-01 -2.199125e+01 0 5229978
-3.890450e+13 7.450381e+13 2.138361e+14 2.562620e-01 5.789876e-01 7.740175e-01 1.319242e+01 0 6166764
5.060083e+13 -6.512603e+13 -1.521729e+14 -6.951625e-01 -9.853439e-02 -7.120675e-01 9.929481e+00 0 2616043
6.691340e+13 1.508951e+14 3.955391e+13 -6.952730e-01 6.809822e-01 2.299104e-01 2.596471e+01 0 446064
2.998215e+13 6.296755e+13 1.648403e+14 -1.374329e-01 3.687739e-01 9.193030e-01 -7.381808e+00 0 1872752
-2.859485e+13 1.420781e+14 -9.768065e+13 3.201663e-01 8.254382e-01 -4.649143e-01 7.409597e+00 0 36
-1.584546e+14 2.385026e+13 -5.998171e+13 -9.743320e-01 -5.717968e-02 2.177331e-01 -1.676554e-01 0 2
3.682755e+13 -8.287670e+13 -1.437075e+14 6.539635e-01 -3.719059e-01 -6.588003e-01 4.522304e-01 0 1207707
1.771259e+14 2.928106e+13 -1.816630e+13 8.289781e-01 2.891529e-01 4.787336e-01 -1.612415e+01 0 468207
-2.918014e+13 -2.452935e+13 1.745810e+14 2.909982e-01 -6.940025e-01 6.585443e-01 1.926016e+01 0 5519064
5.948861e+13 2.087203e+13 -1.579704e+14 8.490254e-01 2.972993e-02 -5.275149e-01 1.892314e+00 0 2488206
-1.451607e+13 -1.518338e+14 -7.905397e+13 2.792046e-01 -8.514068e-01 -4.440172e-01 1.797923e+01 0 3791890
-2.075718e+13 3.023519e+13 1.656598e+14 3.805341e-01 -7.318501e-01 5.653222e-01 -8.101097e+00 0 4297736
2.014048e+14 -1.709289e+14 1.434036e+14 8.692215e-01 -4.494420e-01 2.060480e-01 2.277369e+01 0 2885269
1.007756e+14 3.010346e+13 -1.361095e+14 5.050189e-01 -1.243096e-01 -8.541095e-01 -1.503030e+01 0 2782455
1.760110e+14 -3.195349e+13 -2.383247e+13 6.453439e-01 -7.620079e-01 5.362022e-02 -2.208317e+00 0 14121172
3.131501e+13 -1.915888e+14 -2.675337e+13 1.645565e-01 -9.616660e-01 -2.193621e-01 -1.714578e+01 0 15071436
-1.534446e+13 1.533976e+14 -8.373959e+13 -8.761877e-01 4.731972e-01 9.153936e-02 3.540207e+01 0 16
1.019395e+14 1.354827e+14 3.964684e+13 7.651452e-01 6.389133e-01 -7.964063e-02 2.261577e-01 0 1088992
1.169605e+14 -6.070713e+13 -1.116559e+14 7.539180e-01 1.401279e-01 -6.418503e-01 1.911639e+01 0 15
1.487340e+14 7.785022e+13 1.045571e+14 3.948054e-01 1.404719e-01 9.079628e-01 -1.939882e+01 0 8926783
9.232700e+12 -2.361821e+14 -1.424258e+14 2.757142e-01 -8.615891e-01 -4.261994e-01 3.507092e+01 0 367098
-1.055851e+13 8.355470e+13 -1.477967e+14 7.323005e-01 6.688943e-01 -1.277352e-01 -5.124015e+00 0 276876
-7.742707e+13 -8.820014e+13 -1.302153e+14 -2.776541e-01 -7.670920e-01 -5.783408e-01 -2.410422e+00 0 115816
-6.692939e+12 1.231563e+14 1.176322e+14 1.475737e-01 2.697445e-01 9.515566e-01 -1.945303e+01 0 7752155
-8.765305e+13 -9.572450e+13 -1.092207e+14 -2.533261e-01 -9.673215e-01 1.072477e-02 3.383571e+00 0 3
-1.420009e+14 8.599176e+13 4.034216e+13 -5.150210e-01 4.220271e-01 7.460875e-01 -6.384710e+00 0 180624
-1.848773e+13 1.630249e+14 8.289193e+13 2.083474e-01 6.142648e-01 7.610980e-01 1.219897e+01 0 6
-3.926705e+13 1.645874e+14 -2.150120e+13 -2.599079e-01 9.514310e-01 -1.650061e-01 7.270125e+00 0 186569
-8.470240e+13 1.366623e+14 -9.777730e+13 -4.258543e-02 9.385641e-01 -3.424674e-01 -2.315374e+01 0 3521860
1.897036e+13 1.603393e+14 -7.925137e+13 6.009762e-01 5.059739e-01 -6.187229e-01 -2.108498e+01 0 1
1.613735e+13 -1.695113e+14 7.793856e+12 9.426161e-02 -8.697589e-01 -4.843906e-01 2.698430e+01 0 33
1.617900e+14 -7.141415e+13 -1.651330e+13 8.847818e-01 -3.737552e-01 2.783312e-01 -5.755558e+00 0 25
4.913474e+13 1.323871e+14 9.685564e+13 9.135070e-01 3.709095e-01 -1.671257e-01 -3.210957e+00 0 3853222
-8.304822e+13 1.563426e+14 7.367708e+12 -5.525520e-01 8.128073e-01 -1.844736e-01 -8.673616e+00 0 4897910
1.233492e+14 1.014516e+14 -6.089239e+13 -7.764108e-02 2.246968e-01 -9.713306e-01 7.432549e-01 0 11841075
1.308398e+14 -1.673425e+13 1.340199e+14 7.940083e-01 2.348164e-01 5.607246e-01 2.148228e+01 0 2668106
3.250792e+13 1.011778e+14 -1.347995e+14 5.649241e-01 7.655276e-01 -3.079419e-01 1.648626e+00 0 1993736
8.726357e+13 1.351101e+14 7.299047e+13 9.532520e-01 2.671440e-01 1.412253e-01 -2.679733e+01 0 7187909
4.762081e+13 9.099284e+13 -1.984449e+14 3.772528e-01 1.114615e-02 -9.260432e-01 -2.421113e+01 0 7746512
-7.601299e+13 4.282674e+13 -1.475032e+14 -3.203637e-01 6.007018e-01 -7.324783e-01 2.841718e+00 0 3450812
