# 781 1.000000e+06 1.000000e+04 0.000000e+00 1.000000e+00 5.000000e-01
-1.463134e+13 1.057464e+11 -9.469249e+12 -1.578379e-01 -2.277925e-01 -9.608318e-01 8.059067e+00 0 4
-8.011208e+12 -1.187470e+13 9.617133e+12 -5.736264e-01 -1.073937e-01 8.120464e-01 -1.589124e+01 0 1
-8.851814e+12 -9.682375e+12 -1.102068e+13 -9.530409e-01 -3.020587e-01 -2.176203e-02 3.470434e+00 0 4
2.423817e+12 -1.242652e+13 -1.969263e+13 -2.609195e-01 -1.106928e-01 -9.589933e-01 5.336980e+00 0 20
-6.192298e+12 4.143666e+12 -1.524573e+13 7.584440e-01 -3.100985e-02 -6.510001e-01 -4.207126e+00 0 15362
-9.629760e+12 -1.481580e+13 -6.076932e+12 -2.620089e-01 -7.039379e-01 -6.601687e-01 -2.634285e+00 0 757968
-1.713049e+13 3.659147e+12 2.140212e+10 -5.736430e-01 -5.479934e-01 -6.087996e-01 1.877841e+01 0 539047
1.406157e+13 9.663352e+12 -6.019934e+10 5.380369e-01 7.360174e-01 -4.108464e-01 9.589788e+00 0 3
-8.348409e+12 1.470008e+13 -4.640067e+12 -5.241837e-01 8.229773e-01 2.189517e-01 -4.619371e+00 0 1310980
7.053231e+12 1.170700e+13 -1.090605e+13 3.043077e-01 4.881583e-01 -8.179843e-01 6.585216e+00 0 19081
-2.060620e+13 6.772999e+12 -5.869880e+12 -8.098200e-01 5.849805e-01 -4.460168e-02 -1.554396e+01 0 1
-8.329047e+12 -1.787317e+13 -1.502042e+12 -6.897607e-01 -7.043280e-01 -1.677866e-01 -7.511324e-02 0 240806
1.344346e+13 -1.151306e+13 2.187750e+12 -9.762353e-02 -6.714371e-01 7.346032e-01 -2.071276e+01 0 3
-1.072387e+13 5.953317e+12 -1.699337e+13 -5.905065e-01 7.197018e-01 -3.651457e-01 3.081015e+00 0 6
1.511351e+13 -1.047812e+13 -2.328272e+12 1.904650e-01 -7.946271e-01 -5.764468e-01 -5.014326e-01 0 5
9.146085e+12 1.251744e+13 9.962848e+12 1.487972e-02 9.019583e-01 4.315668e-01 2.855751e+00 0 214415
1.797746e+13 5.388423e+12 5.363466e+12 8.991412e-01 1.324802e-01 -4.171260e-01 6.930626e+00 0 1
1.071848e+13 1.332604e+13 4.962376e+12 6.942186e-01 6.425777e-01 -3.242752e-01 -1.022510e+01 0 6
6.832268e+12 6.846432e+12 -1.453372e+13 6.101941e-01 -2.496451e-01 -7.518913e-01 -1.222510e+01 0 18
-6.112409e+12 -9.139953e+12 1.367222e+13 -6.631054e-01 -5.947799e-01 4.544536e-01 5.595090e+00 0 6
-1.031674e+13 1.223366e+13 5.941804e+12 -9.909579e-01 -2.895162e-02 1.310127e-01 1.893410e+01 0 8
7.714387e+12 2.813186e+13 6.291367e+11 3.585715e-01 8.931132e-01 2.716159e-01 -1.113209e+01 0 106359
1.092842e+13 -1.314387e+13 -4.193331e+12 8.006998e-01 -4.819189e-01 3.558566e-01 9.430941e+00 0 66863
1.112837e+12 -6.382368e+12 -1.735099e+13 5.804548e-02 -9.301178e-02 -9.939716e-01 -5.533805e+00 0 57477
1.897338e+13 -6.998284e+12 3.158415e+12 8.940652e-01 1.244709e-01 -4.302958e-01 4.664756e-01 0 486191
1.542745e+13 -6.056084e+12 6.848779e+12 8.601246e-01 -5.088478e-01 -3.549139e-02 -1.116454e+01 0 1762396
8.293295e+12 6.326756e+12 -2.193621e+13 4.591200e-01 4.711566e-01 -7.531403e-01 -8.408923e+00 0 34370
-6.415171e+12 1.238135e+13 1.255047e+13 -8.376860e-01 2.801057e-01 4.688528e-01 5.249228e+00 0 1008643
1.931684e+13 -8.016247e+12 1.462823e+13 7.463418e-01 2.981657e-02 6.648946e-01 -1.053234e+00 0 72406
3.806113e+12 -1.555956e+13 8.489156e+12 -6.340096e-01 -6.872703e-01 3.545298e-01 -4.207313e+00 0 1
-2.121277e+13 6.497586e+12 8.854917e+12 -7.563552e-01 4.157217e-01 5.050764e-01 -1.165731e+01 0 1058180
-1.297008e+13 -1.301961e+12 1.126073e+13 -4.618222e-01 5.588806e-02 8.852100e-01 5.639349e+00 0 2
-1.729509e+13 1.759626e+12 -3.025401e+12 -7.655544e-01 6.431213e-01 1.792931e-02 -1.493508e+01 0 172462
9.384127e+12 1.180036e+13 -8.543387e+12 1.298037e-01 3.281193e-01 -9.356755e-01 4.971034e+00 0 1128435
1.863883e+12 2.451337e+12 1.670746e+13 2.789841e-01 9.494121e-01 1.441688e-01 -3.617490e+00 0 455709
-1.588188e+12 -1.746083e+13 2.713864e+11 5.348538e-01 -8.358534e-01 -1.236141e-01 1.530938e+01 0 420172
-2.051280e+12 -8.993620e+12 -1.467638e+13 -5.174946e-02 -9.976781e-01 4.427662e-02 -6.088643e+00 0 546345
2.683563e+12 1.127828e+13 -1.252256e+13 1.514246e-01 1.356489e-01 -9.791169e-01 4.769563e+00 0 10
1.195522e+13 6.856833e+12 -9.928588e+12 7.455348e-01 5.183133e-01 4.189620e-01 -2.140202e+00 0 605945
-1.586908e+13 8.621635e+12 -1.733826e+13 -7.619641e-01 1.106666e-01 -6.380937e-01 -4.350166e+00 0 1115923
1.380202e+12 -8.796657e+12 2.669334e+13 1.370461e-01 -2.389567e-01 9.613106e-01 -8.682396e+00 0 3
-4.382789e+12 -2.480343e+12 -1.625647e+13 6.793626e-01 5.482077e-01 -4.877857e-01 -7.631408e+00 0 14
1.394117e+13 6.420779e+12 -7.568118e+12 1.558625e-01 9.581803e-01 -2.399947e-01 3.013787e+00 0 4
3.698401e+13 -5.680045e+12 1.149713e+13 9.604820e-01 -2.553765e-01 1.107119e-01 -1.548305e+01 0 3070403
1.594404e+13 -5.537304e+12 3.889581e+12 5.626064e-01 -7.507247e-01 3.462463e-01 -1.162440e+00 0 2
2.798964e+13 1.090596e+13 1.224273e+13 6.459260e-01 4.028476e-01 6.484546e-01 1.529243e+01 0 3
2.105588e+12 5.540293e+12 1.767514e+13 -2.087483e-01 -6.674593e-01 7.147883e-01 -1.159542e+01 0 2
1.419912e+13 6.447674e+12 1.220670e+13 8.419477e-01 1.974978e-01 5.021142e-01 4.915931e+00 0 604757
1.320424e+13 7.666848e+12 7.744430e+12 6.234516e-01 -5.690626e-01 5.361677e-01 -8.712717e+00 0 495117
5.867450e+12 1.196741e+13 -1.963987e+13 3.715377e-01 4.456807e-01 -8.144498e-01 -9.436671e+00 0 7
-1.314848e+13 -1.234151e+12 1.095896e+13 -4.307890e-01 -6.212553e-01 6.545706e-01 -1.566227e+00 0 200326
7.633723e+12 -1.593752e+13 -4.931437e+12 3.764053e-01 -6.735509e-01 6.361196e-01 -4.471939e+00 0 1817137
1.372661e+13 1.087752e+13 -2.779016e+12 6.315804e-01 7.725958e-01 6.482263e-02 8.953394e+00 0 179821
5.252189e+12 1.453921e+12 2.034556e+13 -3.355215e-01 4.532589e-01 8.258218e-01 6.810395e+00 0 62650
-4.988736e+12 1.529776e+13 5.362815e+12 7.667171e-01 6.415165e-01 -2.452625e-02 -1.219541e+01 0 547865
8.281621e+12 -1.494467e+13 -1.553046e+12 7.048718e-01 -6.277034e-01 -3.303699e-01 -3.287556e+00 0 1074330
-1.302055e+13 1.287894e+13 -8.109937e+12 -7.760895e-01 2.322396e-01 -5.863019e-01 1.137268e+01 0 1204012
1.118144e+13 -1.337033e+13 -5.767492e+12 2.509761e-02 -9.743041e-01 -2.238341e-01 -2.186259e+01 0 3
-1.311059e+12 -1.337372e+13 -1.065399e+13 5.050748e-01 -6.115319e-01 -6.090388e-01 1.651817e+01 0 13
1.421096e+13 -1.044595e+13 7.054207e+12 -8.582431e-02 -9.962323e-01 1.246319e-02 -7.072992e+00 0 1637940
1.258316e+13 7.207843e+12 -9.643402e+12 4.041399e-01 -7.092101e-01 -5.776608e-01 -1.921504e+01 0 415513
1.556118e+13 -5.220099e+12 -6.052372e+12 6.115120e-01 4.882556e-03 -7.912201e-01 9.272295e+00 0 159042
-6.166110e+12 1.837604e+12 1.707351e+13 -5.430965e-02 6.029815e-01 7.959044e-01 4.576389e+00 0 275995
-1.777097e+12 -2.250875e+13 -5.224765e+12 -1.257243e-01 -9.328625e-01 -3.375809e-01 -7.037736e+00 0 1203260
1.487596e+13 1.023508e+13 1.252732e+13 6.790270e-01 3.342172e-01 6.536216e-01 4.745266e+00 0 1542469
-1.317638e+13 1.139327e+13 2.575183e+12 -8.596297e-01 -4.901828e-02 5.085606e-01 3.404171e+00 0 541520
-1.617539e+13 1.353624e+13 5.840180e+12 -5.547179e-01 5.573211e-01 6.178036e-01 4.301462e+00 0 732789
1.636246e+13 4.285894e+12 1.038969e+13 6.361709e-01 4.102061e-01 6.534659e-01 -4.574347e+00 0 1639471
-7.887645e+12 -1.079613e+13 1.993836e+13 -3.111231e-01 8.853568e-02 9.462367e-01 -1.571512e+01 0 1
-9.516553e+12 6.380907e+12 -1.284233e+13 -9.256289e-01 3.231176e-01 1.969927e-01 7.858809e+00 0 894299
-1.161358e+13 -1.954805e+13 7.803187e+12 -5.777401e-01 -7.900935e-01 -2.048622e-01 8.039818e+00 0 2
1.663460e+13 4.356560e+12 4.511283e+12 8.573309e-01 -3.037071e-02 5.138689e-01 -1.038438e-01 0 406093
-5.364703e+12 -1.695146e+12 -1.836647e+13 -2.180696e-01 -8.695245e-01 -4.431397e-01 -4.288661e+00 0 15
7.497129e+12 3.853130e+12 2.044242e+13 -1.492600e-01 -1.972788e-01 9.689182e-01 9.172879e+00 0 525289
-5.071125e+12 9.456443e+12 -1.327159e+13 -6.275952e-01 6.669339e-01 4.016509e-01 1.277109e+00 0 947742
9.526435e+12 -8.441593e+12 1.137014e+13 -1.818487e-01 -7.656831e-01 6.169768e-01 -1.954063e+01 0 6
1.799241e+13 3.393996e+12 -2.079618e+13 8.935653e-01 -2.890304e-01 -3.435148e-01 -1.976787e+01 0 5
-1.227270e+13 -1.707323e+13 -2.441580e+13 -3.427579e-01 -5.876241e-01 -7.329494e-01 -8.441987e+00 0 1037351
6.420688e+11 7.435736e+12 1.766659e+13 -2.487342e-01 8.426166e-01 4.776281e-01 6.900147e+00 0 243691
7.470807e+11 -1.191625e+13 1.310319e+13 -1.055186e-02 -2.428422e-02 9.996494e-01 -2.153542e+00 0 1871456
6.008429e+11 1.322282e+13 1.315558e+13 1.039396e-01 4.238678e-01 8.997403e-01 -6.319913e+00 0 464450
1.155329e+13 -8.754075e+12 -1.273651e+13 5.961650e-02 3.427774e-01 -9.375231e-01 1.186998e+01 0 1
-1.226311e+13 7.713007e+12 1.037028e+13 -5.171494e-01 8.554700e-01 2.697497e-02 2.377094e+00 0 2609522
1.221385e+13 1.115068e+13 5.814503e+12 9.428889e-01 1.235169e-02 3.328783e-01 1.360970e+00 0 3
7.339350e+12 1.224955e+13 -1.374049e+13 1.968333e-03 4.791345e-01 -8.777393e-01 -4.985552e+00 0 9
1.322194e+13 1.128914e+13 -4.136719e+12 9.063983e-01 7.905384e-02 4.149611e-01 -1.571977e+01 0 11
-2.848706e+12 2.094358e+13 9.003976e+12 -2.023376e-01 8.991110e-01 3.881479e-01 -6.195089e+00 0 1
6.856652e+12 1.541117e+12 1.597106e+13 9.048343e-01 -6.307001e-02 4.210665e-01 2.600281e+00 0 875367
-7.128636e+12 -1.499514e+12 -1.696382e+13 3.217428e-01 1.413377e-02 -9.467216e-01 5.841621e+00 0 81179
2.218655e+12 3.973011e+12 1.689650e+13 -4.578202e-01 7.483714e-01 4.799385e-01 3.837173e-01 0 620743
1.052725e+13 -7.311284e+12 1.328766e+13 -3.767305e-01 -4.707361e-01 7.977980e-01 -1.704842e+01 0 1
-6.292818e+12 1.494969e+12 -1.633323e+13 -5.820114e-01 7.878934e-01 -2.012131e-01 -1.114730e+01 0 515219
-4.330591e+12 1.911585e+13 1.191673e+13 -2.106197e-01 7.545296e-01 6.215501e-01 7.750801e+00 0 1638318
-3.613330e+12 -1.421462e+13 -1.060710e+13 -3.466793e-01 -6.712936e-01 -6.551171e-01 -7.111991e+00 0 803724
1.521633e+13 2.017354e+12 -1.017706e+13 4.560310e-01 5.467497e-01 -7.022111e-01 1.831873e+00 0 222004
-1.457160e+13 1.090022e+13 -4.770923e+12 -4.899281e-01 8.581555e-01 -1.534261e-01 -1.049586e+01 0 1065941
3.546971e+12 3.710821e+12 1.616892e+13 -4.465350e-01 1.117133e-01 8.877650e-01 -1.306933e+00 0 180567
1.413411e+13 7.569080e+12 -8.136283e+12 9.251665e-01 -3.503100e-01 1.461160e-01 -2.941599e+00 0 852356
-1.335479e+13 5.693148e+12 -9.595049e+12 -6.871207e-01 -6.584623e-01 -3.070709e-01 1.553622e+01 0 160995
-2.157179e+12 -1.843685e+13 9.398875e+11 5.408641e-01 -6.066427e-01 5.826240e-01 9.487966e-01 0 16
3.097003e+12 5.157807e+12 -1.697678e+13 2.538525e-01 5.633011e-01 -7.862892e-01 -4.398656e+00 0 206786
5.556733e+12 -1.860351e+13 7.191279e+12 7.245686e-02 -8.898545e-01 4.504541e-01 2.339817e+00 0 99955
1.219786e+13 -1.194389e+13 -1.428070e+12 6.700327e-01 -5.737317e-01 4.710500e-01 -4.962786e+00 0 396271
1.512837e+13 -4.619163e+12 1.553039e+13 9.359511e-01 -3.049212e-01 1.761211e-01 9.365697e+00 0 1221440
-1.570595e+13 8.998732e+12 5.395194e+11 -2.836173e-01 9.480179e-01 -1.443027e-01 -5.472423e+00 0 130274
-6.461231e+12 7.560714e+12 -1.481559e+13 -2.180133e-01 -3.419173e-03 -9.759398e-01 -1.826396e+00 0 14879
1.691619e+13 4.975825e+11 1.914766e+12 3.589861e-01 2.915053e-01 8.866530e-01 1.278783e+01 0 799134
9.048271e+12 -1.308021e+13 5.971290e+12 1.088505e-03 -9.937324e-01 -1.117797e-01 2.491287e+00 0 1
3.242163e+12 -1.771923e+13 2.580138e+12 -2.544724e-01 -8.419200e-01 4.758303e-01 -1.664553e+01 0 51287
-1.561425e+13 2.065831e+12 -6.743278e+12 -8.220128e-01 -1.999387e-01 -5.332162e-01 -1.014903e-01 0 2351248
-1.182589e+13 -1.699813e+13 3.358217e+12 -6.086152e-01 -7.921138e-01 -4.629590e-02 -9.139327e+00 0 1873060
1.121684e+13 -1.381127e+13 -6.373456e+12 5.649486e-01 -6.211262e-01 5.431716e-01 1.287062e+01 0 698401
-5.250228e+12 8.772161e+12 1.405355e+13 -3.525494e-01 4.094190e-01 8.414779e-01 6.885718e+00 0 223171
-4.611363e+12 1.204184e+13 1.334771e+13 1.484760e-01 6.853578e-01 7.129092e-01 5.120002e-01 0 204575
-1.127024e+13 1.190827e+13 6.340778e+12 3.632089e-01 9.146062e-01 1.776929e-01 -1.064309e+01 0 228188
-1.068038e+12 -1.827495e+13 -2.041166e+12 2.700555e-01 -9.600203e-01 7.369534e-02 -1.603119e+00 0 171997
-7.749153e+12 2.875525e+13 6.064304e+12 -3.524016e-01 9.312813e-01 9.234870e-02 -4.231402e+00 0 1
-5.538415e+12 -1.738847e+13 5.644427e+12 -3.253298e-03 -9.083071e-01 -4.182913e-01 -3.805594e+00 0 84289
4.446602e+12 1.700756e+13 5.292079e+12 7.862750e-01 6.147293e-01 -6.228564e-02 -1.774167e+01 0 346168
7.220874e+12 -1.824188e+13 1.454266e+13 4.687252e-01 -4.067602e-01 7.841192e-01 1.326021e+01 0 2
-8.348127e+12 8.695997e+12 -1.448670e+13 -9.286487e-01 1.543775e-01 -3.373118e-01 1.974853e+00 0 2841587
1.583856e+13 -9.301543e+11 -8.663931e+12 5.157565e-01 -8.486226e-01 1.176217e-01 -2.035588e+01 0 3
-4.797581e+12 -1.360869e+13 -1.034463e+13 -4.655253e-01 -8.290138e-01 -3.098746e-01 -6.640104e+00 0 698063
8.910466e+12 -7.329678e+12 -1.294799e+13 6.151400e-01 2.831157e-01 -7.358317e-01 1.747073e+01 0 9
-1.068725e+13 1.265761e+13 4.442671e+12 2.719009e-01 9.371892e-01 -2.185092e-01 -7.053477e+00 0 8
-9.565207e+12 1.469822e+13 -4.366657e+12 -6.247291e-01 7.717393e-01 -1.188785e-01 -4.173783e+00 0 1045637
-3.575509e+12 -1.754625e+13 3.936545e+12 -3.204020e-01 -3.188183e-01 8.920188e-01 6.870321e+00 0 402724
1.156120e+13 -1.256482e+13 1.956242e+12 -4.615196e-02 -7.489926e-01 6.609690e-01 -1.536394e+01 0 2523449
8.349565e+12 1.985342e+12 1.499947e+13 -5.923453e-01 -2.839042e-02 8.051838e-01 -5.492775e+00 0 50040
9.279955e+12 6.017299e+12 -1.417147e+13 1.081080e-01 8.199979e-01 -5.620641e-01 2.138991e+00 0 690299
1.500591e+13 3.404558e+12 8.839143e+12 6.799228e-01 1.657038e-01 7.143159e-01 2.973507e+00 0 6472
-3.447032e+12 1.877739e+13 -9.489422e+12 4.471296e-01 6.073415e-01 -6.566668e-01 -1.603571e-01 0 1
-1.359123e+13 -2.296218e+13 -2.214099e+13 5.253324e-02 -8.170039e-01 -5.742341e-01 2.212555e+01 0 2
-5.586655e+12 -2.465906e+12 1.717999e+13 -6.227873e-01 -3.668762e-01 6.910411e-01 4.780510e+00 0 10248
4.385951e+11 2.975771e+12 1.724513e+13 -4.975853e-01 -4.036277e-02 8.664754e-01 -9.063269e+00 0 464288
-1.183446e+13 5.501232e+12 1.337347e+13 -2.833814e-01 9.584509e-01 3.266428e-02 -1.850391e+01 0 1
-3.943469e+12 -1.855030e+13 9.227128e+12 -3.283894e-01 -3.734223e-01 8.675922e-01 -1.507808e+01 0 5
4.596992e+11 4.590741e+12 2.203099e+13 -1.178779e-01 -4.783857e-01 8.702023e-01 7.204985e+00 0 1365089
1.091404e+13 -6.661658e+12 -1.120600e+13 4.098452e-01 -7.835131e-01 -4.670483e-01 -8.326669e+00 0 43348
5.914373e+12 1.036874e+13 -1.455027e+13 5.335788e-01 2.728266e-01 -8.005369e-01 -1.295555e+01 0 1074524
-1.441548e+13 8.271644e+12 -1.192801e+13 -8.754111e-01 4.666418e-01 1.260985e-01 -6.133278e+00 0 444585
-2.327403e+12 6.103840e+12 1.778473e+13 -9.312259e-02 5.388015e-01 8.372700e-01 8.299882e+00 0 8
1.488834e+13 -6.961884e+12 9.221867e+12 9.904058e-01 -1.379515e-01 -8.109550e-03 7.578258e+00 0 392972
1.817627e+13 -1.952451e+13 -2.156879e+13 5.725871e-01 -4.891624e-01 -6.579241e-01 -7.097054e+00 0 356427
-6.047776e+12 -7.254114e+12 1.443823e+13 -3.732197e-01 -1.754044e-01 9.110106e-01 -8.094382e+00 0 608131
-2.594226e+13 3.664683e+11 3.868668e+11 -9.537687e-01 -1.461236e-01 2.626276e-01 -2.778915e+00 0 935296
4.175273e+12 -1.045842e+13 1.505583e+13 2.608760e-01 -5.123228e-01 8.182109e-01 -4.547621e+00 0 165491
5.743115e+12 8.727857e+12 -1.579903e+13 -1.991398e-01 5.709456e-01 -7.964700e-01 1.154614e+01 0 523626
-8.034897e+11 1.420156e+13 1.036506e+13 7.802776e-01 5.093038e-01 3.630104e-01 -1.486223e+01 0 229155
2.589899e+12 1.635627e+13 6.693902e+12 -5.569412e-01 7.566201e-01 3.425531e-01 -4.397437e+00 0 555248
-6.005082e+12 4.434749e+12 1.598367e+13 -5.835591e-02 -7.933117e-01 6.060125e-01 -1.605364e+00 0 1615646
-7.076238e+12 1.037516e+13 -1.270155e+13 -3.969350e-01 6.089171e-01 -6.867769e-01 -7.944051e+00 0 39488
4.349266e+12 7.344607e+12 -1.466587e+13 3.525263e-01 9.326990e-01 -7.614271e-02 -5.725737e+00 0 846760
-9.693103e+12 1.004759e+13 -1.186503e+13 -2.578271e-01 9.603541e-01 1.060430e-01 -2.544690e+00 0 161200
-1.594708e+13 5.140325e+12 -4.054313e+12 -9.448907e-01 2.443895e-01 2.178425e-01 -3.206049e+00 0 3
4.228846e+12 -3.085476e+13 7.262034e+11 3.555767e-01 -9.156594e-01 1.874382e-01 -1.292047e+00 0 806936
9.521713e+12 -2.071066e+13 -1.145091e+13 -5.113476e-02 -8.872275e-01 -4.584895e-01 -2.038986e+01 0 1
1.058994e+13 3.954749e+12 1.301146e+13 -6.310424e-02 4.768366e-01 8.767238e-01 2.590354e-01 0 1
-1.010068e+13 -1.320973e+13 7.334374e+12 -7.302834e-01 -3.511229e-01 5.860024e-01 -1.093827e+01 0 495234
2.119159e+13 3.745914e+12 -4.482644e+12 8.969794e-01 -2.239914e-01 -3.811243e-01 -2.178463e+01 0 1
1.418661e+13 -5.646193e+12 -8.406925e+12 3.933138e-01 -2.740594e-01 -8.776080e-01 2.134018e+00 0 163726
-8.256418e+12 5.990313e+12 -1.526304e+13 -9.983413e-01 -4.233145e-02 3.902137e-02 -3.027870e+00 0 6
9.474852e+11 1.665458e+13 -3.891501e+13 -4.653721e-02 1.658078e-01 -9.850594e-01 -6.758117e+00 0 109795
1.368316e+13 -4.056681e+12 -1.472706e+13 9.574390e-01 -2.223569e-03 -2.886271e-01 1.657588e+01 0 4
1.017037e+13 -1.404991e+13 -4.094434e+12 8.860379e-01 -2.258011e-01 -4.049083e-01 3.480031e+00 0 662733
7.914236e+12 1.018660e+13 -1.160565e+13 6.865005e-03 9.978917e-01 6.453714e-02 1.283979e+01 0 7
-9.583629e+12 -3.773572e+12 -1.404278e+13 -5.697091e-01 1.810323e-01 -8.016600e-01 -1.206511e+01 0 8
5.595945e+12 -5.538702e+12 -1.550138e+13 -4.361313e-01 -6.313987e-01 -6.411904e-01 -8.927753e+00 0 821678
4.566079e+11 1.726230e+13 -6.207040e+12 -1.214756e-01 9.822820e-01 1.427086e-01 -2.416251e+00 0 818577
-1.622943e+13 1.241825e+13 -1.004523e+12 -6.447584e-01 7.643769e-01 3.809909e-03 -1.238962e+01 0 45005
-2.151528e+12 1.405079e+13 -1.088929e+13 7.296360e-01 6.809608e-01 6.264026e-02 -4.252802e+00 0 485877
2.225840e+12 -5.565998e+12 1.790656e+13 8.416573e-01 -1.510482e-01 5.184568e-01 1.100968e+01 0 5
1.559505e+13 -6.598149e+12 5.845469e+12 9.265697e-01 3.736722e-01 4.286793e-02 1.702351e+01 0 4
4.300103e+12 -1.657389e+13 -5.326891e+11 5.750404e-01 -5.385263e-01 -6.158880e-01 1.572490e+01 0 235566
-7.180283e+12 1.509390e+13 5.837425e+12 -1.003373e-01 1.848423e-01 9.776327e-01 6.594325e+00 0 165181
-2.005205e+13 -2.395960e+13 1.515374e+13 -2.557193e-01 -7.868637e-01 5.616522e-01 5.356332e-01 0 2
3.775290e+12 9.246643e+11 1.752064e+13 2.063118e-01 7.273206e-01 6.545534e-01 -3.565226e+00 0 36127
-2.302603e+12 -5.517001e+12 -2.200968e+13 -3.706527e-01 -3.052732e-01 -8.771687e-01 6.595875e+00 0 584550
-1.440325e+12 3.656465e+12 1.797349e+13 -2.340780e-01 -2.164337e-01 9.478206e-01 8.929077e+00 0 232978
-1.769391e+13 -9.534040e+11 1.650706e+12 -7.353167e-01 -3.697744e-02 -6.767141e-01 4.076087e+00 0 598691
-4.371627e+12 -1.135374e+13 1.389073e+13 -5.700469e-01 -2.197390e-01 7.916826e-01 -1.253998e+01 0 1537
-4.311169e+12 1.682165e+13 3.948662e+12 -4.622740e-01 5.423619e-01 7.015314e-01 8.952508e+00 0 3011810
-1.740133e+13 -7.020999e+12 2.051240e+12 -5.331791e-01 -8.175190e-01 2.176758e-01 5.029072e+00 0 1596575
-1.139249e+13 7.041651e+12 -1.133395e+13 -8.071978e-02 -4.512232e-01 -8.887530e-01 1.188110e+00 0 81947
1.785691e+13 4.557981e+12 4.184971e+12 7.744559e-01 -3.824197e-01 5.039575e-01 -2.982449e+00 0 1
1.642591e+12 -8.659258e+12 -1.509553e+13 -7.301521e-01 -5.590256e-01 -3.928972e-01 -1.592943e+01 0 290791
-9.448014e+12 1.072598e+13 1.147567e+13 -3.150940e-01 9.488218e-01 2.128114e-02 -1.270324e+01 0 4
-1.370482e+13 -1.516886e+13 -8.829636e+12 -8.682019e-01 -3.553874e-01 -3.463022e-01 -1.479750e+01 0 484378
1.313061e+12 1.333625e+13 -1.640566e+13 6.261947e-01 2.070107e-01 -7.516826e-01 8.910304e-01 0 4
-9.282426e+12 -1.799616e+13 1.183510e+13 -6.128337e-01 -7.723507e-01 1.670605e-01 4.582389e+00 0 129749
1.707333e+12 1.274819e+13 -1.116104e+13 4.480930e-01 8.455131e-01 2.903795e-01 3.195926e+00 0 79418
1.672759e+13 -1.444241e+12 -1.363904e+13 9.099828e-01 3.780924e-01 -1.702276e-01 2.053615e+00 0 5
1.013412e+13 1.474174e+13 -7.653307e+12 7.899101e-01 3.237062e-01 -5.208228e-01 -1.582498e+01 0 27115
1.379303e+13 -9.099731e+12 -5.522364e+12 2.228722e-01 2.451214e-01 -9.435271e-01 -9.402460e+00 0 1
1.883264e+13 -2.959954e+12 -6.287560e+12 5.800503e-01 2.693837e-01 -7.687483e-01 -2.095248e+00 0 8
-2.327332e+13 -1.813062e+12 -2.149477e+13 -9.009494e-01 1.885764e-02 -4.335143e-01 -1.303011e+01 0 1727403
-1.232371e+13 -1.470623e+13 -6.777659e+12 -8.290444e-01 -1.476250e-01 -5.393443e-01 -3.224370e+00 0 970026
-1.217105e+13 -1.442529e+13 -2.562996e+12 -4.059771e-01 -5.412843e-01 -7.363381e-01 9.025195e+00 0 3
-4.374189e+12 -1.729834e+13 5.776374e+12 -5.205213e-01 -7.846401e-01 3.367453e-01 -1.238499e+00 0 110426
1.716743e+13 -7.407164e+11 2.240316e+11 9.746002e-01 -4.629686e-02 2.191141e-01 -8.250685e+00 0 32236
3.068585e+13 -1.285931e+13 -3.147628e+13 7.228208e-01 6.328273e-02 -6.881318e-01 2.263769e+01 0 1
-1.689588e+13 4.319397e+12 6.855935e+12 -5.533044e-01 8.324458e-01 2.980330e-02 -2.489904e-01 0 2
-7.520356e+10 -1.323998e+13 -1.066926e+13 1.022844e-01 -5.528849e-01 -8.269560e-01 -2.124953e+00 0 532992
-4.814935e+12 1.142458e+13 -1.461768e+13 -6.440961e-01 1.924036e-01 -7.403520e-01 -4.650908e+00 0 3
-7.248317e+12 1.096463e+13 1.143768e+13 -1.923020e-01 9.808175e-01 -3.188935e-02 2.504807e+00 0 208411
4.611787e+12 -1.710719e+13 8.830990e+12 3.231258e-01 -7.337225e-01 5.976964e-01 8.304277e+00 0 5608
6.505647e+12 1.221758e+13 1.223902e+13 -1.880073e-02 9.955498e-01 9.234270e-02 1.080665e+01 0 5
-7.783237e+12 -1.252588e+13 -9.161022e+12 -4.469691e-01 -7.027120e-01 -5.535471e-01 4.968551e+00 0 16531
3.251878e+12 -1.789531e+13 2.168725e+12 2.338994e-02 -8.544639e-01 -5.189839e-01 8.174479e+00 0 7
-4.943405e+12 -1.569712e+13 -4.139504e+12 -8.362109e-01 7.400871e-02 -5.433913e-01 -9.541400e+00 0 17336
2.313012e+12 -1.364276e+13 -9.965576e+12 -2.205685e-01 -4.603768e-01 -8.598853e-01 -8.364781e+00 0 2
2.226464e+12 -2.151527e+12 -1.861132e+13 -2.482769e-01 -2.069892e-01 -9.463160e-01 -9.719248e+00 0 23
-1.517665e+13 1.209993e+13 -4.312700e+12 -9.960581e-01 -5.422779e-02 7.019743e-02 3.826378e+00 0 1
1.771740e+13 5.022431e+12 1.383079e+13 2.876279e-01 5.334111e-01 7.954513e-01 1.642832e+01 0 4
7.482446e+11 -1.328091e+13 1.055522e+13 8.450639e-02 -9.904437e-01 1.089947e-01 3.965882e+00 0 699266
1.191188e+13 -3.235448e+12 1.196389e+13 7.891065e-01 4.971616e-01 3.607510e-01 -1.060369e+00 0 4
1.627146e+13 6.080636e+12 -3.497689e+12 6.847954e-01 3.489912e-01 -6.397346e-01 -5.986964e+00 0 15
-3.166864e+12 -1.240174e+13 -1.170530e+13 -3.047512e-01 -2.424852e-01 -9.210470e-01 -6.465033e+00 0 849436
1.193731e+13 2.796239e+12 1.385737e+13 7.417088e-01 3.307382e-01 5.835069e-01 -4.430320e+00 0 5
1.412721e+13 1.647973e+13 -1.156797e+13 3.267732e-02 8.111294e-01 -5.839532e-01 1.624185e+01 0 1
-1.081196e+13 2.901117e+12 1.355629e+13 -5.879595e-01 -1.308216e-02 8.087845e-01 -3.056541e+00 0 540669
1.219964e+13 -3.038077e+12 -1.151535e+13 -1.993302e-01 -9.397647e-01 -2.776865e-01 -1.754339e+01 0 1
8.850277e+12 -1.004368e+13 -1.528849e+13 6.656544e-01 -6.598582e-01 -3.485561e-01 -9.727921e+00 0 6
1.846239e+13 8.824335e+11 -2.667354e+12 7.434212e-01 -5.115659e-02 -6.668642e-01 4.508939e+00 0 319831
1.702165e+13 -3.958520e+12 -4.522984e+12 9.791184e-01 -2.017424e-01 2.504371e-02 -1.046397e+01 0 2
-1.593992e+13 7.270817e+12 -5.575021e+12 -8.774644e-01 -4.534668e-01 1.562825e-01 2.141005e+01 0 2
-2.781365e+12 1.480150e+13 1.239881e+13 6.843627e-01 6.251652e-01 3.752549e-01 -1.937686e+01 0 4
-6.656203e+12 6.892648e+12 -1.413347e+13 -8.507370e-01 -4.100761e-01 -3.287616e-01 4.179513e+00 0 50034
-1.559526e+13 2.107730e+11 1.736396e+13 -6.064302e-01 4.159048e-01 6.776914e-01 3.022765e+00 0 978065
4.764027e+12 -7.942455e+12 -1.483002e+13 7.639284e-01 -5.535624e-01 -3.316355e-01 -4.111281e+00 0 441907
1.624612e+13 -5.012404e+12 8.479950e+12 9.410176e-01 2.625856e-01 2.133888e-01 2.836107e+00 0 112622
3.128340e+12 -3.918403e+12 -1.634780e+13 5.044302e-01 4.204615e-01 -7.541633e-01 -5.383651e-01 0 208632
-1.323572e+13 8.788322e+11 -1.387480e+13 -3.767024e-01 5.002469e-01 -7.796463e-01 -1.705666e+01 0 14
1.345798e+12 1.884491e+13 -8.468534e+12 4.925831e-01 4.631881e-01 -7.367622e-01 -1.328328e+01 0 455746
-1.180560e+13 -1.862552e+13 3.035194e+11 -2.851803e-01 -9.409712e-01 -1.823330e-01 -2.137155e+00 0 670837
-2.155018e+12 1.522783e+12 -1.689472e+13 4.055111e-01 -2.675557e-01 -8.740565e-01 -1.630773e+00 0 453845
1.616569e+13 9.049950e+12 -1.340104e+12 6.167380e-01 7.730096e-01 -1.486283e-01 1.528721e+00 0 251888
6.426740e+12 -1.333916e+13 1.257532e+13 3.853539e-01 -1.943028e-01 9.020803e-01 1.409285e+01 0 4
-1.238209e+13 -2.048203e+12 1.311931e+13 -9.294927e-01 3.541485e-01 1.030640e-01 -6.058774e-01 0 12
2.654926e+12 3.423653e+12 -1.685976e+13 -5.793471e-02 6.762999e-01 -7.343447e-01 -3.793947e+00 0 180181
-5.158849e+12 -1.667603e+13 3.569963e+12 4.076473e-01 -8.684938e-01 -2.820322e-01 2.651972e+00 0 973281
-8.785357e+11 -3.845807e+12 1.749983e+13 -7.609385e-01 5.029373e-02 6.468718e-01 -1.053763e+01 0 70807
5.773312e+12 3.035278e+12 -1.633462e+13 4.757568e-01 -2.462289e-01 -8.444091e-01 -1.181380e+01 0 1226725
-5.340185e+12 -1.826869e+13 -2.213827e+12 2.003907e-01 -9.366036e-01 -2.874321e-01 -5.942078e-01 0 367133
-2.036411e+13 -2.567787e+09 -5.527253e+12 -5.461302e-01 -4.262544e-01 -7.211442e-01 2.932830e+00 0 2
-1.674488e+13 -6.467926e+11 2.618937e+12 -5.177103e-01 -7.589674e-02 8.521829e-01 1.611443e+00 0 9747
9.689470e+12 1.406421e+13 -1.925201e+12 2.023782e-01 9.466261e-01 -2.508826e-01 -4.958899e+00 0 8
-6.750867e+11 -1.279078e+13 -1.333882e+13 -5.738780e-01 -6.712667e-01 -4.691109e-01 -1.225931e+01 0 586552
-1.094450e+13 -1.316128e+13 -8.959576e+12 -5.975740e-01 -2.935852e-01 -7.461321e-01 -8.279203e+00 0 1074763
-7.777700e+12 9.948234e+12 -1.181352e+13 -2.460746e-03 9.519769e-01 -3.061599e-01 -3.250361e+00 0 192255
-1.369195e+13 1.884668e+12 1.090311e+13 -5.368299e-01 2.924578e-01 7.913799e-01 3.137631e+00 0 5
-2.812047e+12 1.616907e+13 -5.818649e+12 2.445015e-01 9.467069e-01 2.096783e-01 -1.326697e+01 0 250219
-5.476182e+12 -1.637856e+13 2.842024e+12 -8.288751e-01 -4.639523e-01 3.125929e-01 -6.475599e+00 0 354520
-1.597754e+13 1.306075e+13 -3.303322e+12 -3.653858e-01 9.078108e-01 -2.058467e-01 -1.467651e+01 0 2
1.192283e+13 -1.263444e+13 -8.342988e+11 3.046390e-01 -6.250106e-01 7.187189e-01 4.164728e+00 0 2
1.154951e+13 -1.476855e+12 1.243285e+13 4.258929e-01 -6.906760e-01 5.844500e-01 -9.020696e+00 0 5
1.353418e+13 -1.145999e+12 -1.079425e+13 7.025697e-01 -6.317453e-01 -3.275573e-01 -1.450262e+01 0 1
8.996385e+12 -5.346300e+11 -1.746876e+13 6.229201e-01 6.857648e-01 -3.764269e-01 -1.002640e+00 0 1
6.217006e+12 -1.733267e+13 5.441163e+12 -2.763205e-01 -6.424613e-01 7.147660e-01 1.874025e+00 0 1
1.707008e+13 6.951224e+12 -6.028320e+11 5.535345e-01 3.650952e-01 -7.485352e-01 8.358397e+00 0 412655
4.291200e+12 9.378650e+12 -1.782788e+13 2.483454e-01 -7.541009e-02 -9.657318e-01 9.040795e+00 0 679648
-4.847396e+12 1.109190e+13 -1.309477e+13 5.216148e-01 7.191390e-01 -4.590829e-01 -2.011920e+00 0 1311390
1.268498e+13 4.815962e+12 -1.091073e+13 7.067868e-01 4.017916e-01 -5.822508e-01 -2.775154e+00 0 553202
1.282911e+13 1.179298e+13 -7.861540e+12 9.578062e-01 2.811801e-01 -5.954077e-02 3.202009e+00 0 6
-1.448638e+13 1.183611e+13 -4.233339e+12 -6.807750e-01 6.525623e-01 3.327280e-01 -1.044690e+01 0 3
5.060521e+11 -1.697200e+13 -2.157141e+12 3.849496e-01 -8.836298e-01 -2.664811e-01 1.010386e+01 0 1147577
4.239169e+12 -6.017755e+12 -1.595753e+13 3.550664e-01 3.907301e-01 -8.492690e-01 6.908517e+00 0 284827
-2.303082e+13 1.302891e+13 1.221190e+13 -3.921652e-01 7.788195e-01 4.895371e-01 -2.507715e+01 0 2
3.014240e+12 -8.934749e+12 -1.854349e+13 -1.985249e-01 -9.167605e-02 -9.757988e-01 -1.073750e+01 0 2064811
-1.339028e+13 -9.970937e+12 -4.395666e+12 -2.053051e-01 -8.114471e-01 -5.471777e-01 1.634320e+00 0 3
1.966768e+13 -8.060306e+12 -8.404293e+12 6.886087e-01 -6.328228e-01 -3.540528e-01 3.173325e+00 0 406221
1.147887e+13 -4.738554e+12 -1.265894e+13 2.152384e-01 -4.299349e-01 -8.768286e-01 4.502853e+00 0 1
1.314799e+13 -7.381124e+12 -1.456845e+13 5.931675e-01 -5.399351e-01 -5.971787e-01 2.854929e+00 0 267541
1.308469e+12 1.332137e+13 1.078286e+13 -3.417048e-01 -2.550893e-01 9.045260e-01 8.707064e+00 0 279228
-1.637985e+13 9.387957e+12 -4.207824e+12 -7.457640e-01 3.682430e-01 -5.551875e-01 7.846839e+00 0 118184
6.014303e+12 -1.748454e+13 6.325817e+12 6.205241e-01 -3.244557e-01 7.139176e-01 1.889293e+01 0 1
2.444287e+13 -5.290649e+12 -1.193554e+13 6.245668e-01 -8.804558e-03 -7.809217e-01 -5.108226e+00 0 198415
7.010722e+12 -1.533699e+13 6.358664e+12 1.725496e-01 -6.132209e-01 7.708351e-01 -6.681597e+00 0 1670971
-1.111899e+13 -1.177012e+13 -6.021462e+12 -9.615883e-01 -1.786477e-01 2.084059e-01 -1.566692e+01 0 119607
-2.968911e+12 3.277146e+12 -1.715535e+13 7.917682e-01 3.140237e-01 -5.239201e-01 -9.103101e+00 0 632531
1.019923e+13 -9.177485e+12 -1.059383e+13 -2.777715e-01 -8.832828e-01 -3.776963e-01 -5.476987e+00 0 1297701
-1.293458e+12 1.691101e+13 -9.614331e+11 8.661539e-01 4.340118e-01 -2.478128e-01 -4.223624e+00 0 7
4.739802e+12 4.456972e+12 -1.644012e+13 3.333138e-01 -6.031591e-01 -7.246385e-01 -8.409684e+00 0 2645494
-7.644313e+12 -1.220631e+13 -9.562683e+12 5.684466e-01 -3.832469e-01 -7.280043e-01 8.350360e+00 0 2
1.055491e+13 -4.827465e+12 1.890250e+13 3.185945e-01 -2.492531e-01 9.145329e-01 5.255108e+00 0 2457807
4.347758e+12 9.876600e+12 1.402641e+13 3.009305e-02 2.217296e-02 9.993011e-01 -3.926358e+00 0 2098790
3.339865e+12 1.513701e+13 -1.140936e+13 6.011008e-03 9.481442e-01 -3.177837e-01 -1.879073e+00 0 838026
-1.965308e+13 -5.880698e+11 8.546755e+12 -8.768297e-01 5.650859e-03 4.807679e-01 -7.366282e+00 0 477402
-1.859193e+13 3.544407e+12 -4.753419e+12 -7.958688e-01 3.997189e-01 -4.547720e-01 1.605884e+00 0 7
-8.405006e+12 -1.570103e+12 1.495981e+13 -8.986434e-01 6.558446e-02 4.337496e-01 1.318889e+00 0 491294
1.305568e+13 -1.081419e+13 6.074046e+11 -2.549460e-01 -8.967018e-01 -3.618404e-01 -1.323512e+01 0 73618
-1.445469e+13 -8.973792e+12 -1.992125e+12 -8.772777e-01 3.351418e-01 3.436042e-01 -1.724362e+01 0 473229
-3.107635e+12 1.577743e+13 5.399382e+12 7.540623e-02 7.072646e-01 7.029158e-01 -8.948662e-01 0 23095
-1.323910e+13 -2.138853e+13 -1.083595e+13 -3.824369e-01 -8.798431e-01 -2.821669e-01 -5.004630e+00 0 9
-1.790892e+12 4.948360e+12 -1.623045e+13 1.539698e-02 3.617096e-01 -9.321637e-01 -6.389130e+00 0 1405789
1.237257e+12 -1.518616e+13 -7.560948e+12 -3.168321e-01 -8.713522e-01 3.746502e-01 -9.394303e+00 0 422738
7.565602e+12 6.473929e+12 1.424691e+13 3.742533e-01 7.943759e-01 4.784364e-01 8.879694e+00 0 64108
-1.159113e+13 3.721595e+11 -1.243239e+13 -8.340007e-01 -5.336899e-01 1.400643e-01 1.272247e+01 0 258612
1.624045e+13 3.533316e+12 1.283928e+13 9.911958e-01 1.262131e-01 4.001544e-02 8.723061e+00 0 926880
-1.556845e+13 2.877389e+12 -8.593692e+12 -9.930188e-01 -9.656237e-02 -6.774537e-02 1.200452e+01 0 904564
-9.502143e+12 -3.294358e+12 1.426757e+13 -5.758679e-01 -5.361092e-01 6.172221e-01 -7.824685e-01 0 117936
1.338610e+13 1.041429e+13 4.511924e+12 9.200214e-01 3.905054e-01 3.265274e-02 -1.197307e+01 0 6
-6.101241e+11 -4.345615e+12 -2.081857e+13 3.863908e-01 -5.895958e-01 -7.092806e-01 9.852790e+00 0 16189
1.564697e+13 6.980863e+12 1.013197e+12 1.400547e-01 8.487843e-02 9.864990e-01 8.297440e+00 0 8
-4.901695e+12 -1.654362e+13 7.726878e+12 -1.637623e-01 -7.883148e-01 5.930782e-01 6.178833e+00 0 197744
1.541625e+13 7.940078e+12 2.669797e+13 1.232648e-02 3.361949e-01 9.417117e-01 1.546415e+01 0 11
-1.436122e+13 -1.213731e+13 -7.494716e+12 -6.854137e-01 -4.827028e-03 -7.281379e-01 -1.410980e+01 0 6006675
-7.891916e+12 1.452127e+13 1.066571e+13 -1.603488e-01 9.780224e-01 -1.332683e-01 -1.425171e+01 0 425858
-8.569151e+12 2.717968e+13 8.404903e+12 -2.666737e-01 9.466178e-01 1.811076e-01 -1.351176e+01 0 4
1.751069e+13 1.725513e+12 -2.052018e+12 5.831623e-01 5.034306e-01 6.375573e-01 8.843639e-01 0 2114498
1.666133e+13 -3.573561e+12 2.767807e+12 5.685665e-01 -3.126711e-01 -7.609001e-01 3.465674e+00 0 1078159
-3.764750e+12 -1.736463e+13 -5.907102e+12 9.378109e-03 -7.984973e-01 -6.019253e-01 8.115492e+00 0 712426
6.353957e+12 5.730394e+12 1.533716e+13 4.504841e-01 -2.626914e-02 8.923979e-01 2.103397e+00 0 256880
-9.083578e+12 1.222451e+13 -8.715760e+12 -4.966971e-01 7.243231e-01 4.781715e-01 9.750395e+00 0 222345
1.457262e+13 -6.595377e+12 5.643395e+12 7.294950e-01 6.809115e-02 -6.805885e-01 7.372250e-01 0 3
2.323035e+12 1.674944e+13 3.224074e+12 -8.270866e-01 5.430586e-01 1.449658e-01 8.351708e+00 0 246113
6.108921e+12 -4.422537e+12 1.629179e+13 2.353394e-04 4.877861e-01 8.729631e-01 -1.992497e+00 0 2
6.808240e+12 -1.762222e+13 -9.564376e+12 -1.907492e-01 -9.814342e-01 2.004164e-02 -1.853318e+00 0 2
-5.860785e+12 -2.010496e+12 1.629873e+13 -9.703109e-01 -1.237858e-01 2.077829e-01 -1.032807e+01 0 7
-1.231331e+13 -6.578729e+12 -1.024533e+13 -8.265588e-01 -2.117842e-01 -5.214864e-01 1.358772e+00 0 1626545
2.062704e+13 5.056484e+12 4.872024e+11 7.853458e-01 3.541759e-01 -5.077317e-01 -6.311460e+00 0 1870691
2.955304e+12 4.920080e+12 1.627104e+13 1.890495e-01 4.128733e-01 8.909522e-01 -4.971353e+00 0 703052
2.178292e+13 4.072967e+12 5.954823e+12 9.183798e-01 -2.616553e-01 2.968418e-01 -1.596173e+01 0 82513
1.203329e+13 -4.575679e+12 -1.111617e+13 9.308337e-01 -9.779443e-02 -3.521149e-01 -6.544363e-02 0 75860
-1.059615e+12 2.145415e+12 -1.736519e+13 -6.239555e-01 4.825925e-02 -7.799683e-01 -8.507414e+00 0 1902934
-6.713576e+12 1.279227e+12 -1.608766e+13 1.091040e-03 1.612379e-01 -9.869150e-01 -1.115041e+01 0 456
-3.268696e+12 1.054227e+12 1.917425e+13 5.415063e-01 -4.916223e-01 6.819666e-01 7.746186e+00 0 571177
-9.152608e+12 8.910812e+12 -1.162076e+13 -1.592787e-01 -4.974903e-01 -8.527213e-01 1.254222e+01 0 58946
1.002658e+13 -7.069196e+10 1.482943e+13 8.998782e-01 -4.312828e-01 -6.491829e-02 1.229712e+00 0 7
-2.982769e+11 -1.654405e+13 -1.117722e+13 -7.767774e-01 -6.228602e-01 -9.306942e-02 -1.795997e+01 0 1
1.610319e+13 9.919547e+12 2.286030e+12 8.272634e-01 -9.804093e-02 5.531937e-01 -1.754849e+01 0 23
-5.484802e+12 1.351318e+12 -1.675652e+13 4.208212e-01 -4.288995e-02 -9.061291e-01 6.606138e+00 0 634108
-4.299520e+12 1.661696e+13 1.760470e+12 -7.628078e-01 1.513968e-02 6.464480e-01 1.498658e+00 0 1
1.834072e+13 6.659601e+12 -1.131663e+12 5.398942e-01 9.817269e-02 -8.359883e-01 -1.343347e+01 0 5
3.337965e+12 -2.956160e+12 1.706300e+13 -9.366643e-02 1.714374e-01 9.807323e-01 3.736775e+00 0 897269
8.320549e+11 7.404088e+12 1.619737e+13 -5.031739e-01 6.906034e-01 5.195027e-01 -7.556829e-01 0 189807
1.637836e+13 8.877917e+12 -6.624699e+12 8.331206e-01 5.464272e-01 -8.559957e-02 9.175494e+00 0 1119940
-7.999486e+11 6.815448e+12 -1.560749e+13 2.067046e-01 2.901333e-01 -9.343960e-01 -5.114503e+00 0 348983
-1.683710e+13 7.832020e+12 -3.147068e+11 -8.950205e-01 -2.169933e-01 -3.896823e-01 7.589046e+00 0 2530981
-5.851480e+12 -1.592895e+13 1.261995e+11 2.330337e-01 -6.732702e-01 -7.017140e-01 1.020808e+01 0 3054000
-1.068790e+13 1.036718e+13 2.152574e+13 -3.859133e-01 7.647242e-01 5.160115e-01 2.010400e+00 0 285121
6.112367e+12 1.313613e+13 8.951358e+12 5.957969e-01 6.452054e-01 -4.782636e-01 -7.730596e+00 0 1321654
-5.815432e+12 1.284966e+13 9.614291e+12 -9.628031e-01 2.674103e-01 3.875429e-02 1.953979e+01 0 1
-2.235891e+12 -1.510733e+13 8.970209e+12 -4.191226e-01 -3.999268e-01 8.151041e-01 -7.864293e+00 0 790295
1.439671e+13 8.533305e+12 6.752814e+12 9.447107e-01 2.563069e-01 2.045200e-01 -9.648672e+00 0 533608
6.427893e+12 -1.143687e+13 -1.400856e+13 8.088221e-01 -4.849815e-01 -3.325653e-01 1.251766e+01 0 246820
-2.625212e+12 -1.244331e+13 1.192030e+13 1.206102e-01 -6.478033e-01 7.521995e-01 8.661917e+00 0 157865
-3.294150e+12 -1.635133e+13 3.836957e+12 1.854823e-01 -8.760388e-01 4.451430e-01 4.369054e-01 0 5
-1.267318e+13 9.161135e+12 -1.528350e+13 -4.419962e-01 5.934208e-01 -6.726746e-01 -8.465924e+00 0 8
6.411209e+11 6.454389e+12 2.088170e+13 1.935192e-02 -3.638363e-02 9.991505e-01 -4.892618e+00 0 580095
1.237002e+13 -1.250939e+13 -1.499713e+13 6.814108e-01 2.703250e-02 -7.314018e-01 -1.569017e+00 0 6
-3.782885e+11 1.860191e+13 -3.440141e+12 -2.248243e-01 8.746731e-01 -4.294195e-01 1.258750e+01 0 1495654
7.439986e+12 1.057683e+13 -1.824121e+13 -5.745020e-02 1.055094e-01 -9.927574e-01 7.998781e+00 0 4
-9.165683e+12 1.492554e+13 -7.498266e+12 -5.550302e-01 6.601658e-01 5.060855e-01 8.377458e+00 0 20461
-2.097050e+12 1.469305e+13 8.668617e+12 -2.159492e-01 3.418249e-01 9.146156e-01 -4.371689e+00 0 888368
8.196058e+12 -1.393606e+13 -5.397467e+12 8.590479e-01 2.043789e-01 -4.693250e-01 1.714096e+01 0 484904
8.810771e+12 6.328817e+12 -1.966502e+13 7.171082e-01 4.068094e-01 -5.659169e-01 9.438561e+00 0 106699
-1.631550e+13 -4.900478e+11 -5.299986e+12 -6.162920e-01 -1.566467e-01 -7.717810e-01 -3.327996e+00 0 1486546
1.594185e+13 -7.039266e+12 -1.999964e+12 3.852307e-01 -4.904970e-01 -7.816712e-01 -1.876640e+01 0 2
-8.371179e+12 1.759310e+13 1.174654e+13 -4.128647e-01 3.418719e-01 8.441957e-01 1.415215e+01 0 1
5.003337e+12 -1.715858e+13 -8.558261e+12 2.073112e-01 -3.635356e-01 -9.082202e-01 6.267073e+00 0 316994
-6.212844e+12 8.942712e+12 -1.322963e+13 -5.318306e-02 8.336902e-01 -5.496656e-01 -3.681458e+00 0 157569
1.193391e+13 1.386706e+13 5.215811e+11 6.510599e-01 6.902138e-01 -3.157941e-01 -4.293472e+00 0 149293
1.625848e+13 -6.402168e+12 4.919559e+11 8.769740e-01 -3.607966e-01 3.173994e-01 -1.081797e+01 0 4
1.096598e+13 -2.046561e+12 1.325514e+13 8.223899e-01 4.565129e-01 3.395157e-01 1.104400e+01 0 1687019
1.691691e+13 4.740250e+12 1.322502e+12 8.252590e-01 -4.399506e-01 3.541059e-01 -1.323295e+01 0 954944
1.182484e+13 -2.257902e+12 1.220716e+13 8.529947e-01 3.681954e-01 3.699084e-01 1.029771e+01 0 497938
2.024342e+13 -1.873536e+12 2.413783e+12 8.027323e-01 4.894086e-01 3.407347e-01 -7.076655e-01 0 1
-3.090258e+11 -1.793120e+13 -8.112119e+11 1.316887e-01 -8.295433e-01 -5.426932e-01 7.115983e+00 0 1622359
-9.102067e+12 -6.549644e+12 1.531351e+13 -3.095640e-01 -8.867586e-01 3.432628e-01 9.204433e+00 0 143960
4.521131e+12 -9.657645e+12 1.410113e+13 -3.363677e-01 -1.877249e-01 9.228305e-01 -9.239267e+00 0 1088287
7.377748e+12 1.660328e+13 -2.142798e+12 3.370070e-01 6.699102e-01 6.615486e-01 -6.954361e+00 0 758938
1.432188e+12 -1.474516e+13 -1.162814e+13 3.599032e-01 -4.461263e-01 -8.194150e-01 1.228192e+01 0 993714
4.653016e+12 -1.634250e+13 -1.646051e+12 7.430402e-01 -3.480218e-01 5.716398e-01 1.407348e+01 0 1433726
3.545408e+13 1.254966e+13 -2.582678e+13 7.876241e-01 -4.615785e-02 -6.144248e-01 2.583918e+00 0 1
-1.263442e+13 1.095673e+13 5.281056e+12 -7.345791e-01 -2.965303e-01 6.102977e-01 2.366211e+00 0 197826
2.159389e+12 1.460475e+13 1.101528e+13 -1.481420e-01 7.676048e-01 6.235678e-01 1.044347e+01 0 3
5.416886e+12 -1.905154e+12 -1.727184e+13 -5.922383e-01 -5.788535e-01 -5.605198e-01 1.774509e+00 0 2275597
-1.202981e+12 1.656670e+12 -1.696765e+13 -5.748046e-01 2.545092e-01 -7.777048e-01 2.397615e+00 0 995333
-1.612034e+13 3.363714e+12 4.880392e+12 -4.855850e-01 8.351408e-01 -2.583546e-01 3.870452e-01 0 1
1.158122e+13 -2.204618e+12 -1.339620e+13 1.610649e-01 -8.635540e-01 -4.778417e-01 -1.613990e+01 0 12
1.084574e+13 6.597626e+12 1.721840e+13 2.481945e-01 5.112361e-01 8.228227e-01 9.628071e+00 0 731048
-5.040621e+12 1.511777e+13 -9.647347e+12 2.312755e-01 8.980263e-01 -3.742466e-01 -6.117814e-01 0 406632
4.209287e+12 1.637408e+13 -8.529827e+12 3.746448e-02 9.575929e-01 -2.856785e-01 -1.050440e-01 0 1893846
1.175814e+13 7.204836e+12 -1.136327e+13 7.951703e-01 3.949149e-01 -4.601591e-01 -5.681771e+00 0 871374
5.397075e+12 -1.647315e+13 -2.150393e+12 9.600844e-01 -2.774370e-01 3.559048e-02 1.663209e+01 0 816928
3.319699e+11 1.341740e+12 1.723036e+13 -4.237206e-01 -4.256689e-01 7.995416e-01 -6.159567e+00 0 9885
-4.946870e+12 1.139457e+13 1.257157e+13 -1.531320e-01 9.497752e-01 -2.729061e-01 -1.003795e+01 0 69246
-1.408555e+13 -1.008122e+13 4.642246e+12 -9.601030e-01 -1.516384e-01 2.349639e-01 -1.223558e+01 0 1972043
1.049381e+13 1.278528e+13 -5.849331e+12 1.433676e-01 8.755632e-01 4.613403e-01 1.407702e+01 0 139398
-9.485591e+12 1.751716e+12 -1.395225e+13 -8.508306e-01 -5.052139e-02 -5.230057e-01 -3.835474e+00 0 3
1.173379e+13 8.309743e+12 -1.009542e+13 8.707425e-01 -2.901041e-01 -3.970479e-01 -4.056096e+00 0 1478319
-1.222727e+13 5.197772e+12 -1.283926e+13 -2.838868e-01 2.031501e-01 -9.370904e-01 8.215694e+00 0 4200380
1.739166e+13 1.348652e+12 6.625251e+12 1.441236e-01 8.946588e-03 9.895193e-01 -5.247419e+00 0 845631
-1.158401e+13 1.256986e+13 -2.588718e+12 -9.013754e-01 1.867030e-01 -3.907229e-01 1.045625e+01 0 582523
-1.919216e+13 5.396286e+12 -4.804262e+12 -8.239598e-01 -7.525342e-02 -5.616291e-01 1.241718e+01 0 1211269
-1.294947e+13 9.664368e+12 5.462480e+12 -5.192087e-01 -2.107511e-01 8.282550e-01 1.391819e+01 0 619575
-1.419689e+11 -1.036793e+13 -1.617375e+13 -4.404878e-02 -9.358934e-01 -3.495187e-01 6.043899e+00 0 940885
1.010029e+12 2.377940e+11 2.209760e+13 3.670826e-01 -5.951045e-02 9.282827e-01 -7.213550e+00 0 2808328
-8.294378e+12 5.237437e+12 1.436727e+13 -4.306280e-01 7.022159e-01 5.669677e-01 -4.842209e-01 0 491143
1.398617e+13 6.450202e+12 -8.602335e+12 8.451741e-01 5.128897e-01 -1.504157e-01 8.681268e+00 0 3
1.735579e+13 -1.278333e+12 3.828845e+12 2.605327e-01 -2.177464e-01 9.405898e-01 -1.393273e+01 0 2
1.385396e+13 -1.254354e+13 1.835403e+12 3.678077e-01 -8.549828e-01 -3.656801e-01 -1.232247e+01 0 536214
-1.368722e+13 -6.237612e+12 7.989986e+12 -7.730801e-01 -4.235330e-01 4.721938e-01 6.744014e+00 0 129738
5.749556e+11 2.322007e+12 1.821988e+13 -2.881256e-01 -9.103774e-02 9.532553e-01 9.069524e+00 0 3
1.334173e+13 -8.470668e+12 -6.234827e+12 8.098308e-01 -6.809357e-02 -5.826983e-01 1.470505e+01 0 548626
1.522633e+13 8.240928e+11 -8.163669e+12 7.654637e-01 -5.906163e-01 2.554169e-01 -1.415696e+01 0 1278675
-1.470983e+13 -1.254297e+13 -5.885924e+11 -8.830200e-01 -1.623739e-01 -4.403526e-01 -1.461170e+01 0 851688
1.831751e+13 3.307735e+12 5.419316e+12 4.015707e-01 4.601776e-01 7.918192e-01 1.763521e+01 0 3
-1.075422e+13 -1.692542e+13 -1.588190e+13 -3.447439e-01 -3.495242e-01 -8.711972e-01 9.171420e+00 0 3
4.106263e+12 -2.085033e+13 -1.705304e+13 3.245815e-01 -7.271794e-01 -6.048611e-01 1.126767e+01 0 136233
-1.228781e+13 -4.732449e+12 2.484510e+13 -4.260110e-01 -2.096436e-01 8.800933e-01 7.558442e+00 0 122631
-1.701421e+13 5.602860e+11 -5.821646e+12 -9.873301e-01 -8.421700e-02 1.344874e-01 5.959542e+00 0 564015
-1.661400e+13 4.268743e+12 2.916946e+11 -9.020046e-01 3.877147e-01 -1.899080e-01 1.440861e+00 0 1064892
-5.844372e+12 3.302539e+12 1.762175e+13 5.312622e-01 -1.932435e-01 8.248741e-01 5.624262e+00 0 1
-2.176688e+12 1.242083e+13 -1.931487e+13 2.219255e-01 9.184107e-01 -3.275224e-01 5.616262e+00 0 1292962
-1.682063e+13 -7.799817e+12 -3.078317e+12 -8.324425e-01 5.461147e-01 9.379866e-02 -8.683642e+00 0 11
-5.293426e+11 6.930359e+12 -2.050288e+13 -5.450749e-01 4.759037e-02 -8.370356e-01 -2.656072e+00 0 423165
-5.331364e+12 -9.144827e+12 -1.348210e+13 -9.821594e-02 -1.434177e-01 -9.847766e-01 3.401210e+00 0 1143815
-7.927364e+12 -1.117439e+13 1.266869e+13 -5.998986e-01 -7.830084e-01 -1.643758e-01 1.182116e+01 0 775833
6.133856e+11 1.881662e+13 5.971567e+12 6.078448e-02 6.736609e-01 7.365367e-01 -9.338236e+00 0 967498
1.244240e+13 -1.129597e+13 2.347816e+12 8.463336e-01 -3.740244e-01 -3.792428e-01 9.788948e+00 0 845161
-1.125082e+13 -8.132441e+12 -1.109164e+13 -4.436417e-01 3.259696e-01 -8.348208e-01 -2.692259e+00 0 3
5.996404e+12 -1.668182e+13 -1.122895e+13 7.383773e-01 -5.857651e-01 -3.341828e-01 1.478360e+01 0 2
1.566309e+13 -4.164831e+12 5.549732e+12 9.706209e-01 -1.746112e-01 -1.655475e-01 8.499564e+00 0 10
-3.749132e+12 1.375415e+13 1.278539e+13 -3.973978e-01 6.399240e-01 6.577022e-01 -5.306379e+00 0 1099627
-4.453558e+10 -1.822341e+13 6.623640e+11 -4.453601e-01 -8.489729e-01 -2.844283e-01 -1.381616e+01 0 1616774
-8.205492e+12 -1.775258e+13 2.041022e+12 -1.089780e-01 -5.740456e-01 8.115389e-01 6.170180e+00 0 519009
-9.780175e+12 1.025442e+12 1.706831e+13 -7.420770e-01 -5.512126e-01 3.814267e-01 1.157216e+01 0 1
-6.659358e+12 -4.693068e+11 1.562281e+13 -6.218526e-01 1.482069e-01 7.689825e-01 5.128880e+00 0 577194
-1.639546e+13 2.578138e+13 -6.921540e+12 -5.336712e-01 8.454126e-01 2.173930e-02 1.024982e+01 0 1
1.683061e+13 9.370514e+12 1.100389e+13 4.833994e-01 6.487446e-01 5.877545e-01 -8.480937e-01 0 3
7.260454e+12 -1.330610e+13 7.773248e+12 7.055103e-01 3.198518e-01 6.324161e-01 6.140693e+00 0 970678
1.175708e+13 7.466401e+12 -1.015809e+13 9.256277e-01 8.296795e-02 -3.692284e-01 -1.199048e+01 0 186699
4.739684e+12 -1.740291e+13 -3.833728e+11 9.810187e-01 -1.592874e-01 1.105890e-01 2.486704e+01 0 3
4.982348e+12 1.787415e+13 1.287877e+13 2.883802e-01 1.845009e-01 9.395724e-01 -2.134643e+01 0 3
-3.071542e+12 1.467987e+13 -8.027290e+12 5.142602e-01 6.815727e-01 -5.205719e-01 -2.661693e+00 0 412450
1.521260e+13 4.622114e+12 -7.366740e+12 9.508938e-01 2.487819e-01 -1.841425e-01 -5.959472e+00 0 731687
2.414239e+12 9.232716e+12 1.434548e+13 -3.649769e-01 9.190462e-01 1.488152e-01 1.121615e+01 0 7
5.097445e+11 -6.413779e+12 1.638257e+13 3.145216e-01 2.922757e-01 9.031340e-01 -2.983886e+00 0 1619222
8.835545e+12 -1.399719e+13 6.411187e+12 8.977803e-01 -3.390787e-01 -2.810983e-01 1.542428e+01 0 401688
1.030416e+12 1.691773e+13 1.267468e+12 5.499426e-01 2.425557e-01 7.992058e-01 -1.037085e+01 0 1178000
2.929053e+13 5.435013e+12 -8.728194e+12 9.999865e-01 4.846691e-03 -1.862534e-03 -1.519044e+01 0 16
7.934347e+12 -4.601555e+12 -1.474928e+13 5.349199e-01 6.745212e-02 -8.422060e-01 7.636562e+00 0 176026
1.378775e+12 -2.011913e+13 3.116342e+12 9.935781e-02 -9.940481e-01 -4.468073e-02 -5.434730e+00 0 1000561
-1.371293e+13 -2.143536e+13 1.211212e+13 -3.157678e-01 -7.762737e-01 5.456096e-01 -4.827761e+00 0 497223
-7.922759e+12 1.827114e+13 6.721615e+12 -4.155815e-01 9.055281e-01 8.550383e-02 -8.218054e+00 0 861358
-1.096864e+13 1.223348e+13 9.964037e+12 -9.890190e-02 9.690032e-01 2.263874e-01 1.836244e-01 0 1939901
7.102777e+12 -1.239849e+13 -1.297875e+13 5.000166e-01 -8.183370e-01 2.833868e-01 -6.161459e+00 0 1
-6.419034e+11 7.826656e+12 1.733273e+13 -1.927140e-01 3.324086e-01 9.232366e-01 6.892364e+00 0 65102
-1.819197e+13 5.422048e+12 9.638455e+12 -7.819007e-01 2.331328e-02 6.229670e-01 1.310667e+01 0 78204
-1.001872e+12 -1.792055e+13 -1.196056e+13 4.500101e-01 -5.658923e-01 -6.908377e-01 1.713228e+01 0 16
-6.591898e+12 -1.001116e+13 2.356302e+13 -4.330297e-01 -3.021850e-01 8.492170e-01 4.725730e+00 0 383533
8.212999e+12 -1.708531e+13 8.119720e+10 -2.765465e-02 -9.437264e-01 -3.295691e-01 7.620561e-01 0 1
2.204038e+12 -4.330885e+12 2.627094e+13 1.175772e-02 -4.514914e-01 8.921980e-01 7.321205e+00 0 69595
4.704649e+12 -1.713291e+13 1.164647e+13 7.652490e-01 -6.259591e-01 1.502302e-01 -3.234601e+00 0 1
-1.032068e+13 1.497049e+13 -4.464689e+11 -7.973121e-01 5.670743e-01 2.066886e-01 1.096406e+01 0 193524
9.099149e+12 -1.634262e+12 1.500878e+13 6.518428e-02 -9.084493e-01 4.128813e-01 -1.322752e+01 0 226363
-1.707453e+13 2.736556e+12 2.216320e+12 -9.467197e-01 -9.781972e-02 -3.068437e-01 -3.011303e+00 0 1240200
1.678081e+13 -4.944132e+12 5.521854e+12 9.274645e-01 -2.164264e-01 3.049084e-01 -8.085162e+00 0 505090
-1.035701e+13 1.173214e+13 1.761152e+13 -5.439495e-01 5.254135e-01 6.542626e-01 1.110563e+01 0 19
-1.362287e+13 -9.763778e+12 6.901166e+12 -9.353509e-01 -3.407128e-01 9.504488e-02 -1.054982e+01 0 222517
-2.149538e+12 -1.438488e+13 9.410099e+12 5.481176e-01 -2.127431e-01 8.088928e-01 1.766534e+01 0 2
1.671028e+13 -1.298421e+13 4.544453e+12 6.996238e-01 -5.887778e-01 4.048052e-01 -4.451893e+00 0 504480
2.229741e+13 -6.177451e+12 -5.895223e+12 5.665745e-01 -7.915222e-01 -2.290981e-01 7.655120e-01 0 1
-1.114120e+13 1.554436e+12 -1.280685e+13 -9.468770e-01 2.034805e-01 -2.490373e-01 -4.072624e+00 0 3372
-5.572889e+12 -1.562335e+13 -1.765099e+13 -1.151193e-01 -7.415848e-01 -6.609082e-01 -5.731208e+00 0 834596
-1.619333e+13 8.553771e+12 -1.162967e+12 -7.145171e-01 6.837702e-01 1.480666e-01 -8.884435e+00 0 83905
-8.863886e+12 -1.911443e+13 1.542800e+12 -4.286790e-01 -5.648881e-01 -7.050785e-01 5.574174e+00 0 23056
5.285955e+12 1.596224e+13 2.617242e+12 -7.787761e-01 4.932465e-01 3.875767e-01 1.288182e+01 0 1854909
-1.918633e+12 8.794283e+12 -1.452047e+13 5.127953e-01 8.340341e-01 2.035390e-01 -9.427633e-01 0 3
8.423018e+12 -3.106471e+12 -1.505129e+13 2.224143e-01 -9.552681e-01 -1.949223e-01 -1.175425e+01 0 1
-1.945736e+13 -2.054235e+12 2.520119e+12 -8.359462e-01 -5.351397e-01 -1.217354e-01 2.749349e+00 0 771570
-3.946049e+12 1.333422e+12 -1.662385e+13 -7.997483e-02 -4.691209e-01 -8.795053e-01 -6.670638e-01 0 388068
-1.342371e+13 -5.267218e+12 9.442673e+12 -3.811057e-01 -1.260036e-01 9.159048e-01 -5.464890e+00 0 47549
-7.203122e+12 -1.156281e+13 -1.186389e+13 1.798682e-01 -9.796383e-01 -8.919740e-02 3.171262e+00 0 1
-1.702770e+13 5.252276e+12 8.023689e+12 -8.415662e-01 5.293168e-01 1.076572e-01 2.157679e+00 0 232061
-2.626621e+12 1.000162e+13 1.378178e+13 -1.478780e-01 4.943214e-01 8.566087e-01 -6.056089e+00 0 1540495
-1.134736e+13 -1.720173e+13 -3.151968e+12 1.661423e-01 -9.071414e-01 -3.866408e-01 1.970749e+01 0 195112
-1.109603e+13 -1.005775e+13 1.234382e+13 -4.721991e-01 -4.523742e-01 7.565617e-01 -4.991075e+00 0 834190
6.417869e+12 3.119037e+12 2.362749e+13 -2.157571e-01 -2.777609e-01 9.361078e-01 -9.944419e+00 0 6
-3.110432e+11 6.753143e+12 -2.574693e+13 -2.236271e-01 2.662014e-01 -9.376181e-01 9.985675e+00 0 9
-7.308415e+12 9.953462e+12 -1.221935e+13 2.318796e-01 9.724771e-01 -2.280871e-02 -3.106280e+00 0 6
2.485763e+12 -1.188176e+13 1.372360e+13 -4.984318e-01 1.268032e-01 8.576052e-01 -1.471921e+01 0 373649
1.692761e+13 3.969704e+12 -2.713010e+12 7.701834e-01 -3.313828e-01 -5.449798e-01 -1.955094e+00 0 2
1.901175e+12 -1.531523e+12 -1.715181e+13 -1.875964e-01 -3.546488e-01 -9.159868e-01 2.537422e+00 0 1539744
2.908500e+13 -1.902880e+13 8.596754e+12 8.061477e-01 -5.748996e-01 1.400585e-01 -1.260030e+01 0 3
4.513809e+12 1.598806e+12 1.970198e+13 7.624463e-01 -2.600985e-01 5.924731e-01 -1.072878e+01 0 47856
1.616821e+13 9.845620e+12 -9.446754e+12 9.391489e-01 1.791867e-01 -2.930726e-01 6.449215e-01 0 142935
1.613515e+12 9.265418e+12 -1.563292e+13 4.097429e-01 8.640024e-01 -2.925930e-01 -7.954741e+00 0 55606
5.118138e+12 1.655369e+13 6.889498e+12 -3.901816e-03 9.553590e-01 2.954216e-01 -2.261811e+00 0 1625526
-1.061169e+13 5.101017e+12 -1.255456e+13 -6.781658e-02 5.605422e-01 -8.253444e-01 -8.070919e-01 0 314270
-7.789963e+12 -1.507561e+13 -8.621818e+11 -8.656307e-01 -4.093056e-01 -2.883616e-01 -4.166508e+00 0 100139
-4.237376e+12 4.589498e+12 1.653597e+13 -6.441039e-01 -4.431002e-01 6.235321e-01 9.801611e+00 0 41359
1.389144e+13 8.166113e+11 1.408005e+13 7.578535e-01 3.524432e-01 5.490373e-01 -1.628009e+00 0 1191163
-2.170550e+13 7.087213e+12 -4.525285e+11 -8.661825e-01 3.224161e-01 3.818059e-01 -1.430696e+01 0 3
1.391335e+13 6.712317e+12 -9.090596e+12 8.747269e-01 4.845991e-01 -4.074062e-03 -6.235300e+00 0 208604
7.865925e+12 1.587007e+13 -1.580419e+12 6.487678e-01 6.460373e-01 -4.021643e-01 1.968231e+00 0 3
5.780937e+12 1.687177e+13 -7.850170e+12 7.721330e-02 8.642149e-01 -4.971626e-01 6.381374e+00 0 1281900
-8.965344e+12 1.437778e+13 -5.375269e+12 -6.405241e-01 5.257594e-01 -5.597373e-01 -5.562665e+00 0 11
3.686427e+12 -1.704096e+12 1.987016e+13 4.333325e-01 -5.396539e-01 7.218009e-01 -8.211298e+00 0 427635
-5.303353e+12 6.789824e+12 -2.756802e+13 1.194076e-01 -5.866253e-02 -9.911108e-01 -7.977952e+00 0 1
1.666921e+13 8.631348e+12 2.331700e+12 9.862876e-01 7.266435e-02 1.481778e-01 -1.558949e+00 0 2551
-1.844742e+13 -4.011053e+12 7.684079e+12 -9.275435e-01 -1.635414e-02 3.733572e-01 -1.226660e+01 0 5
-8.211137e+12 1.288820e+12 -2.433640e+13 1.608584e-01 1.707180e-01 -9.721008e-01 7.862321e+00 0 280708
-1.950541e+13 -2.052296e+13 6.752053e+12 -7.020771e-01 -6.630603e-01 2.596897e-01 -1.823066e+01 0 6
-4.609655e+12 -4.095197e+11 1.644106e+13 -7.861487e-01 -3.363132e-01 5.185207e-01 -3.299163e+00 0 581702
-1.842667e+13 6.769790e+12 1.666886e+12 -8.876733e-01 3.180652e-01 -3.329724e-01 -9.505550e+00 0 185413
-1.922768e+13 5.283124e+12 2.986625e+12 -8.742663e-01 3.602356e-01 -3.254054e-01 1.077820e+01 0 71140
1.025941e+13 -8.949197e+12 -1.130297e+13 9.342469e-01 -2.782506e-01 -2.230679e-01 1.678845e+00 0 842285
-2.053947e+13 9.548820e+11 6.608766e+12 -7.869478e-01 5.914679e-01 1.757238e-01 -3.403583e+00 0 2797383
-1.210065e+13 -1.290051e+13 4.522283e+11 -3.544973e-02 -9.398510e-01 -3.397402e-01 1.924018e+01 0 11
-1.210874e+13 -5.937923e+12 1.107648e+13 -4.808409e-01 -5.959716e-01 6.431251e-01 9.540646e+00 0 638402
-8.400089e+12 7.786212e+11 -1.530510e+13 -2.376615e-01 -2.174219e-01 -9.467020e-01 6.071268e+00 0 432410
8.619460e+12 -1.832941e+12 1.454111e+13 4.038235e-02 2.926946e-01 9.553529e-01 -6.664367e+00 0 1670593
1.361927e+13 -1.969153e+12 1.213070e+13 6.564982e-01 -4.141517e-01 6.304668e-01 -1.068435e+01 0 365530
-1.534180e+13 3.506310e+12 -7.941851e+12 -9.666107e-01 -2.561294e-01 7.838456e-03 1.685486e+01 0 12
2.335463e+12 -1.727831e+13 6.373199e+12 -1.137151e-01 -9.866467e-01 1.166073e-01 -1.582889e+01 0 11
7.814912e+12 -1.437527e+13 6.083379e+12 4.125692e-01 -1.972741e-01 8.893085e-01 7.156415e-01 0 81904
-1.470429e+12 -8.300410e+12 -1.867699e+13 4.439174e-01 9.803654e-02 -8.906886e-01 -6.608765e+00 0 146760
8.082705e+12 -1.014688e+13 1.179274e+13 4.861862e-01 4.484633e-01 7.500024e-01 1.449336e+01 0 123268
1.085018e+13 -5.398045e+12 1.405329e+13 7.568894e-01 -1.326862e-01 6.399319e-01 -3.912191e+00 0 158570
-7.679037e+12 -1.477715e+13 7.212504e+12 -6.158180e-01 -5.321307e-01 5.810380e-01 -1.310193e+01 0 3
-1.100352e+12 -1.759771e+13 -3.014185e+12 -8.735764e-01 -4.779338e-01 9.188863e-02 -1.899129e+01 0 10
-1.619299e+13 3.112306e+12 -7.502461e+12 -5.231695e-01 -1.518027e-01 -8.385998e-01 -6.665470e+00 0 4789
-5.812185e+12 9.809123e+11 1.829638e+13 -4.449387e-02 4.874936e-01 8.719922e-01 -8.866627e+00 0 3075060
7.602412e+12 -8.973636e+12 -1.565742e+13 3.285282e-01 -6.579239e-01 -6.776469e-01 -7.576791e+00 0 50078
-6.266305e+12 -1.766066e+13 -2.954344e+12 1.661560e-01 -7.040323e-01 -6.904569e-01 -5.831176e+00 0 1
8.478364e+12 -1.211052e+13 2.305094e+13 6.149817e-01 -2.477162e-01 7.486215e-01 1.259638e+01 0 623475
-1.472115e+13 -9.740944e+12 -1.857661e+12 -4.796827e-01 -6.771099e-01 5.580561e-01 5.806585e-01 0 985149
1.147677e+13 1.428519e+13 -6.335603e+12 8.051073e-01 5.830152e-01 1.090665e-01 5.311733e+00 0 1
1.368761e+13 -8.490749e+12 9.374243e+12 8.678372e-01 -7.307190e-03 4.967949e-01 -1.086960e+00 0 3
1.079806e+13 3.365867e+12 1.324924e+13 4.951726e-01 -7.932511e-01 3.543400e-01 -1.383143e+01 0 359614
-2.439540e+13 3.316811e+12 -7.178557e+12 -7.856725e-01 -4.969787e-02 -6.166433e-01 -8.284596e+00 0 1
6.295272e+12 6.070544e+12 1.561594e+13 -4.764284e-01 3.883675e-02 8.783551e-01 8.549486e+00 0 2
-1.689902e+13 7.013829e+12 -8.330461e+12 -7.307402e-01 5.229044e-01 4.388504e-01 7.421068e+00 0 168781
1.276217e+13 -5.365869e+12 1.097715e+13 7.589580e-01 4.839144e-01 4.356714e-01 1.382140e+01 0 339861
-1.310507e+13 1.843144e+13 2.453282e+12 -7.668641e-01 6.055723e-01 -2.126067e-01 1.613342e+01 0 833371
-1.063208e+13 6.878638e+12 2.301866e+13 6.265609e-02 5.066790e-01 8.598550e-01 -1.909562e+01 0 2
-6.364450e+12 -1.424497e+13 6.788893e+12 -5.665029e-01 -6.791747e-01 4.666864e-01 4.916403e+00 0 3
-9.504536e+12 -1.344660e+13 1.364364e+13 -2.433577e-01 -3.585862e-01 9.012175e-01 -8.866310e+00 0 238951
-6.222241e+12 8.672533e+12 -1.345266e+13 -3.000921e-01 3.528291e-01 -8.862598e-01 -3.247097e+00 0 178585
-1.237484e+13 -6.566982e+12 1.267074e+13 -9.347161e-01 -8.990823e-02 3.438348e-01 -1.109999e+01 0 285525
-1.078491e+12 -1.524693e+13 -8.978233e+12 -4.622338e-01 -8.748582e-01 -1.447859e-01 1.828767e+00 0 302768
3.216878e+12 1.709038e+13 4.682691e+11 7.216350e-01 4.080756e-01 5.592113e-01 -7.133653e+00 0 85865
-4.720435e+12 4.049354e+11 1.719561e+13 6.554907e-03 -3.921228e-01 9.198895e-01 -3.755963e+00 0 93422
-7.542177e+12 -4.091889e+12 1.463283e+13 -1.542075e-02 -8.541956e-01 5.197231e-01 8.952495e+00 0 546093
1.475117e+12 -1.702666e+13 -2.674473e+12 -1.172314e-02 -8.262965e-01 5.631133e-01 -5.462620e+00 0 21218
1.143702e+13 4.068989e+12 1.194035e+13 5.352338e-01 4.998092e-01 6.809666e-01 2.703922e+00 0 72638
8.898873e+12 1.183748e+13 8.557359e+12 8.965866e-01 -3.635928e-01 2.528494e-01 -7.754463e+00 0 25140
-2.873606e+12 1.836643e+13 -1.370093e+13 -3.794309e-01 6.084911e-01 -6.969726e-01 -6.210145e+00 0 7
8.492883e+11 1.727342e+13 2.616231e+12 -4.543716e-01 8.825384e-01 -1.211295e-01 1.354165e+01 0 4
1.903212e+13 -1.063329e+12 -2.736549e+12 9.284493e-01 3.046930e-01 -2.124712e-01 1.290009e+01 0 1101800
-1.369815e+13 2.048728e+13 1.918275e+12 -3.285965e-01 9.359739e-01 -1.264011e-01 -1.466264e+01 0 1201114
-9.398916e+12 1.366625e+13 -4.287682e+12 -9.481998e-01 -7.784828e-02 -3.079883e-01 1.979383e+01 0 391840
1.140487e+13 2.030666e+13 4.751183e+12 5.279936e-01 7.899099e-01 3.118734e-01 -1.280007e+01 0 2
1.259429e+13 5.002966e+12 -1.040041e+13 8.572507e-01 -2.959371e-01 4.213578e-01 -1.909104e+00 0 319469
-4.883158e+12 2.361767e+13 -5.896012e+12 -1.139363e-01 7.799863e-01 -6.153373e-01 -9.226927e+00 0 3
1.339659e+13 1.577906e+13 -1.163106e+13 3.196253e-01 8.735622e-01 -3.670543e-01 1.854847e+00 0 990761
-1.421121e+13 -4.068853e+12 1.169626e+13 -6.532001e-01 1.956358e-01 7.314754e-01 1.276956e+00 0 2589198
1.325806e+13 -1.748869e+13 1.403519e+13 3.939135e-01 -3.600514e-01 8.456921e-01 -6.332503e+00 0 6
4.038823e+12 -1.391864e+13 -9.145047e+12 4.810346e-01 -2.538140e-01 -8.391568e-01 1.033885e+01 0 175556
-2.003863e+13 1.007857e+13 -1.120123e+13 -7.192395e-01 5.579218e-01 -4.140264e-01 -1.063160e+01 0 53558
-1.643499e+13 4.836016e+12 8.386808e+11 -8.620627e-01 2.400071e-01 -4.463681e-01 7.865823e+00 0 14
-1.562016e+13 6.469760e+12 -2.695070e+12 -9.434674e-01 3.190998e-01 8.969188e-02 6.792725e+00 0 613102
1.028358e+13 7.652703e+12 -1.127264e+13 1.393902e-01 4.256132e-01 -8.941050e-01 -3.750387e+00 0 895395
1.622524e+13 8.006394e+12 1.912374e+12 3.710434e-01 5.925338e-01 -7.150039e-01 -8.297116e-01 0 2015203
-7.786440e+12 1.486292e+13 1.259787e+13 2.456562e-01 9.466927e-01 2.083890e-01 -3.652080e+00 0 183778
8.749503e+12 1.954100e+13 -2.088184e+12 4.689298e-01 8.662839e-01 1.722122e-01 2.645713e+00 0 289896
-2.214488e+13 1.682980e+13 5.782868e+12 -8.723158e-01 4.696083e-01 1.361362e-01 1.202378e+01 0 62929
9.308737e+12 1.369237e+13 -9.075026e+12 7.653806e-01 1.789770e-01 -6.181907e-01 -1.452859e+01 0 429309
6.177014e+12 1.402608e+13 7.763353e+12 7.377653e-01 6.170483e-01 2.737766e-01 -3.897046e+00 0 61175
-2.592217e+12 7.070860e+12 -1.522023e+13 6.376264e-01 6.741474e-01 -3.727705e-01 -3.670501e+00 0 4806
-1.414842e+13 -4.847460e+12 8.421415e+12 -6.785554e-01 -3.605245e-01 6.399881e-01 -2.148966e+00 0 3
-1.222167e+13 1.106668e+13 8.056295e+12 -5.372412e-01 3.618160e-02 8.426523e-01 -2.297836e+00 0 4
1.902043e+13 1.569153e+12 3.557628e+12 9.258481e-01 3.747694e-01 4.850880e-02 6.631556e-01 0 545751
1.171989e+13 -1.919983e+13 -6.046341e+12 5.570281e-01 -8.192349e-01 -1.362857e-01 -8.683754e+00 0 1
1.358371e+13 1.064170e+13 2.149251e+13 5.687538e-01 1.794637e-01 8.026904e-01 3.649009e+00 0 663749
1.509475e+13 9.803131e+12 -4.309515e+11 6.806728e-01 5.250815e-01 -5.108561e-01 6.562498e+00 0 464030
-9.207084e+12 -1.169646e+13 -8.596567e+12 -9.122957e-01 2.023853e-02 -4.090317e-01 -3.369919e+00 0 1
1.714578e+13 5.683485e+12 3.803093e+12 9.471409e-01 -1.408685e-01 2.882363e-01 -1.249379e+01 0 1136230
-2.545309e+12 -4.085329e+12 -1.737116e+13 -4.024575e-01 -4.308176e-01 -8.077278e-01 -5.946906e+00 0 188387
5.656270e+12 -1.673383e+12 1.607226e+13 2.380202e-01 -5.545014e-01 7.974174e-01 2.189718e+00 0 4
-1.026329e+13 -1.474154e+13 -9.889717e+11 -5.898731e-01 -4.728491e-01 -6.545712e-01 5.591664e+00 0 744025
1.030245e+13 1.298983e+12 -1.385715e+13 7.972746e-01 -4.919644e-01 -3.497489e-01 -9.049964e+00 0 442995
1.590823e+13 -5.419465e+12 3.775934e+12 8.652640e-01 -3.398828e-01 -3.685076e-01 4.320762e+00 0 845262
-2.231529e+11 -3.672429e+13 -1.086947e+13 -1.451719e-01 -9.058052e-01 -3.980478e-01 -1.065806e+01 0 1
-1.061911e+13 8.182874e+12 1.272554e+13 -2.074626e-01 1.979960e-01 9.579963e-01 4.662545e+00 0 408434
-1.316140e+13 -5.312473e+12 -1.323674e+13 -2.971496e-01 8.184239e-02 -9.513169e-01 -9.068439e+00 0 526834
-1.280312e+13 1.348619e+11 1.309070e+13 -2.356766e-01 5.455690e-01 8.042456e-01 -4.406059e-01 0 355054
7.105624e+12 1.970113e+13 -6.940521e+12 -1.001897e-01 9.927464e-01 6.645743e-02 1.205376e+01 0 228846
-2.356275e+12 -3.322579e+12 1.772896e+13 -5.783811e-01 4.118589e-01 7.041644e-01 1.443447e+00 0 45456
-4.155308e+12 9.853687e+12 -1.345661e+13 -9.164250e-01 4.001996e-01 -2.355458e-03 1.562893e+01 0 1574246
2.775970e+11 -3.860006e+12 1.677051e+13 8.808207e-01 -3.158203e-01 3.527215e-01 5.080254e+00 0 74791
-1.233585e+13 -2.762198e+12 1.298199e+13 -8.099517e-01 5.782577e-01 9.796126e-02 -3.359231e+00 0 216789
-1.952752e+13 -1.986817e+13 1.352553e+13 -6.964356e-01 -6.474933e-01 3.094024e-01 1.102565e+01 0 271243
-2.304999e+13 -3.372731e+12 -2.347361e+12 -9.713038e-01 1.427011e-01 -1.902767e-01 -1.409078e+01 0 2
2.849374e+13 7.430830e+12 6.399024e+12 6.446932e-01 4.903005e-01 5.864948e-01 1.933806e+01 0 1
-1.124609e+13 4.956834e+12 1.321727e+13 1.558494e-01 5.755902e-01 8.027496e-01 -1.268525e+01 0 555260
-1.432473e+13 -4.880638e+12 7.863483e+12 -1.076417e-01 2.105830e-01 9.716316e-01 6.873444e-01 0 163496
2.286940e+12 -8.024503e+12 1.484842e+13 -1.264318e-01 -2.785582e-01 9.520611e-01 1.779233e+00 0 228633
-9.332027e+12 -1.336154e+13 -1.413973e+13 -5.618699e-01 -3.832187e-02 -8.263375e-01 -1.472052e+01 0 3
7.863535e+12 1.011006e+13 -1.281337e+13 6.889938e-01 -5.038887e-01 -5.209451e-01 -1.525745e+01 0 490923
1.393161e+13 1.127441e+13 4.902089e+12 8.211105e-01 5.171419e-01 -2.415407e-01 -9.191354e+00 0 391403
-1.181203e+13 -1.631184e+13 1.309807e+13 -9.275745e-01 -1.733169e-01 3.310087e-01 -2.064904e+01 0 902766
8.480880e+12 -1.244463e+13 7.954228e+12 2.878130e-01 -8.121381e-01 5.075386e-01 4.378425e-01 0 1089915
-1.860928e+13 -6.684935e+12 -1.069643e+12 -4.871075e-01 -6.992316e-01 -5.232605e-01 3.699256e+00 0 187456
-1.063645e+13 -4.261051e+12 -1.809515e+13 4.927524e-02 -5.654174e-01 -8.233317e-01 1.222183e+01 0 2
-1.623729e+13 1.040480e+13 4.790215e+11 -9.816981e-01 1.712935e-01 -8.323087e-02 1.516640e+01 0 575985
-6.133324e+12 -1.330594e+13 8.654054e+12 -1.334929e-01 -9.897799e-01 5.015346e-02 7.573054e-01 0 461161
-1.250835e+13 1.610520e+13 1.294652e+12 -1.922222e-02 8.617325e-01 -5.069987e-01 -1.634946e+01 0 1
1.056918e+13 3.215520e+12 1.488767e+13 8.760716e-01 1.996803e-01 4.388922e-01 -5.130143e+00 0 480252
1.748398e+13 -6.805152e+12 2.433836e+12 9.000348e-01 9.782291e-02 4.246977e-01 1.530926e+01 0 243193
-8.959473e+12 -9.951884e+12 -1.311056e+13 -2.495310e-01 -2.464365e-01 -9.364846e-01 -6.957100e+00 0 280492
6.962782e+12 -1.609512e+13 -6.758415e+12 4.499084e-01 -8.895021e-01 -7.980224e-02 7.963520e+00 0 17
5.981085e+12 -8.644871e+12 -1.496491e+13 6.249011e-01 3.565282e-01 -6.945403e-01 1.270634e+01 0 640709
7.726199e+11 -2.233520e+13 1.578248e+13 -2.374876e-01 -9.306881e-01 2.782433e-01 -1.916760e+01 0 12
-7.372859e+12 3.009119e+12 1.533922e+13 -9.899749e-01 1.362013e-01 3.740227e-02 6.970398e+00 0 285641
-7.437349e+11 -1.984150e+13 -1.847444e+12 -4.042376e-02 -7.889497e-01 6.131266e-01 4.671110e+00 0 112544
1.824898e+13 1.290327e+13 -3.724482e+12 8.687211e-01 4.718990e-01 -1.504490e-01 -1.142465e+01 0 600020
2.956269e+12 -1.237208e+13 -1.244363e+13 2.715247e-01 -3.438580e-01 -8.989082e-01 -5.548366e+00 0 587689
1.394294e+13 7.680998e+12 6.850093e+12 -3.472481e-02 9.889523e-01 1.441094e-01 6.743474e+00 0 481079
-3.136458e+12 9.723533e+12 1.520925e+13 -6.775763e-01 6.108641e-01 4.095550e-01 1.422833e+01 0 7
-7.435272e+12 -1.523973e+13 -7.952811e+12 -2.782669e-01 -9.432988e-01 -1.809833e-01 -4.468030e+00 0 12
1.626728e+13 -3.353959e+12 7.594835e+12 9.883529e-01 8.523389e-03 1.519402e-01 -1.653925e+00 0 332503
-9.628443e+12 -1.495908e+13 -2.088541e+12 -4.272484e-01 -9.041070e-01 7.031110e-03 5.320087e+00 0 1578673
-1.211219e+13 -2.332062e+12 -1.194593e+13 3.013677e-02 -2.227771e-01 -9.744035e-01 -2.297877e-01 0 138259
-3.002761e+12 1.281852e+13 1.104237e+13 5.993880e-03 9.988266e-01 -4.805815e-02 -4.135842e+00 0 24158
-1.833793e+13 8.049795e+12 1.422255e+12 -2.366137e-01 9.699098e-01 -5.734998e-02 -3.476642e+00 0 3
-5.832790e+12 -1.696065e+13 -3.333201e+12 -1.429356e-01 -9.756463e-01 -1.663845e-01 1.362983e+01 0 1
-2.239422e+13 -8.263975e+12 9.432528e+11 -7.333616e-01 -6.795546e-01 -1.965688e-02 2.019779e+01 0 1
-3.870739e+12 -1.082893e+13 1.468777e+13 -4.123276e-01 -5.604433e-01 7.182543e-01 4.189352e+00 0 2
1.358646e+13 1.391159e+13 -1.521528e+12 8.559228e-01 3.146535e-01 4.103526e-01 1.024724e-01 0 577435
9.131949e+12 1.323904e+13 -7.026107e+12 3.869783e-01 -8.688925e-02 -9.179859e-01 -6.909044e-02 0 60632
1.351567e+13 1.367959e+13 7.112255e+12 3.641065e-01 7.858122e-01 4.999256e-01 1.146308e+01 0 3985137
-2.644208e+12 -1.206981e+13 -1.260218e+13 2.197288e-01 -8.088299e-01 -5.454479e-01 -2.014067e+00 0 475157
-1.720315e+13 6.942035e+12 8.270650e+12 -6.340462e-01 1.646550e-01 7.555622e-01 -9.412449e+00 0 2297566
-9.006283e+12 -6.374897e+12 1.398790e+13 -6.744950e-01 -1.188633e-01 7.286481e-01 -7.721865e+00 0 366086
3.412484e+13 1.134502e+13 1.326356e+13 8.553398e-01 1.749811e-01 4.876223e-01 -1.608701e+01 0 982277
-9.253413e+12 1.496506e+13 1.497330e+12 -1.210897e-01 8.882427e-01 4.431277e-01 7.071959e-02 0 1845156
-1.493213e+13 -1.263915e+13 -3.167412e+10 -8.425582e-01 -2.146370e-01 -4.939905e-01 7.570747e+00 0 4
-1.380609e+13 5.183169e+12 8.395062e+12 -7.797608e-01 6.228744e-01 -6.325028e-02 -9.487784e+00 0 3
8.568222e+12 1.462648e+13 -5.373335e+12 5.890636e-01 8.079982e-01 -1.195551e-02 -7.869952e+00 0 132010
-2.485489e+12 8.271508e+12 1.476479e+13 -9.463114e-01 -1.565054e-01 2.828442e-01 1.271648e+01 0 22661
-1.070648e+13 -5.027399e+12 1.263489e+13 -7.257867e-02 6.657210e-01 7.426627e-01 -1.893282e+00 0 53857
-4.187739e+12 -1.267369e+13 1.105936e+13 -7.731248e-01 -6.312689e-01 6.146197e-02 -1.205795e+01 0 201950
1.618708e+13 -9.388615e+11 1.200829e+13 7.674661e-01 3.344581e-02 6.402165e-01 7.402188e+00 0 1081233
8.422896e+12 -1.176524e+13 -9.476146e+12 -7.050973e-01 -6.823330e-01 -1.930272e-01 -1.966071e+01 0 3
1.654217e+13 2.197833e+12 -4.817718e+12 8.858325e-01 2.940537e-01 3.589333e-01 8.054126e+00 0 978401
-2.441429e+12 9.302282e+12 -1.976498e+13 -4.171438e-01 5.219635e-01 -7.440062e-01 1.190724e+01 0 525796
-3.332576e+12 7.017398e+12 -1.554547e+13 3.442298e-01 4.847062e-01 -8.040932e-01 -9.928624e+00 0 153902
1.327984e+13 1.035077e+13 2.056798e+12 7.714337e-01 -5.068398e-01 -3.847122e-01 -1.272443e+01 0 82417
1.363902e+13 1.126934e+13 -1.896156e+12 8.634073e-01 1.980435e-02 5.041187e-01 -3.181160e+00 0 211973
1.430885e+13 -7.740386e+12 -4.839399e+12 8.880473e-01 4.595598e-01 1.329979e-02 1.656981e+01 0 5
4.124521e+12 -1.041887e+13 -1.351987e+13 7.032332e-01 -6.002495e-01 -3.810034e-01 1.151105e+01 0 1525829
1.745534e+13 -1.807886e+12 -2.799257e+12 6.865072e-01 -3.786086e-01 -6.207764e-01 4.505277e+00 0 418002
-5.007512e+12 1.740623e+13 9.916149e+12 -2.521288e-01 4.600162e-01 8.513614e-01 1.009037e+01 0 499258
1.494718e+13 -7.815934e+12 2.868730e+12 9.615316e-01 -2.102339e-01 1.768011e-01 8.134596e+00 0 75901
-3.899010e+12 -1.796218e+13 -2.852513e+12 -5.813416e-04 -7.101683e-01 -7.040317e-01 -6.567005e-01 0 2
-1.735753e+13 -1.057071e+13 -7.352019e+12 -7.149289e-01 -6.989692e-01 1.785307e-02 1.642988e+01 0 5
3.368064e+12 1.150462e+13 1.310503e+13 -8.763524e-02 2.495687e-01 9.643835e-01 8.498764e+00 0 147879
-4.497661e+12 8.042946e+12 1.427986e+13 -9.339050e-01 3.162834e-01 1.666920e-01 9.412546e+00 0 295143
2.965629e+12 1.454392e+13 1.030006e+13 -3.704683e-01 9.235767e-01 9.878914e-02 1.903259e+01 0 1
1.685464e+13 2.843468e+12 -3.445520e+12 3.751946e-01 3.353448e-01 -8.641602e-01 8.343330e+00 0 1963541
1.396165e+13 -1.346727e+13 6.264494e+12 6.888291e-01 -6.931391e-01 2.123030e-01 -9.071682e+00 0 281180
1.052408e+13 5.198915e+12 1.248979e+13 6.257322e-01 6.488816e-01 4.329109e-01 -5.179927e+00 0 2469114
1.646813e+13 4.345503e+12 -5.549816e+12 7.663103e-01 6.251642e-01 -1.481156e-01 1.017134e+01 0 6
7.502478e+12 2.095511e+13 -7.806942e+12 8.668323e-01 4.594500e-01 -1.936686e-01 -3.629358e+00 0 2
2.177986e+13 -1.111860e+13 1.699548e+12 9.974602e-01 -7.112807e-02 3.725041e-03 3.312278e+00 0 16
-1.249028e+13 9.880807e+12 -9.559264e+12 -2.830242e-01 -3.172986e-01 -9.051071e-01 1.451743e+01 0 4
-7.166433e+12 1.316753e+13 2.232237e+13 -6.228903e-01 2.633626e-01 7.366463e-01 -3.754552e+00 0 603177
1.819200e+13 -3.636428e+12 3.331366e+12 8.580862e-01 8.095764e-02 -5.070837e-01 -4.723102e-01 0 10
1.096471e+13 -5.309701e+12 -1.384621e+13 9.411641e-01 -3.245431e-01 9.424387e-02 -4.513168e+00 0 959156
8.898993e+12 -1.566330e+13 1.332115e+12 -1.272515e-01 -8.508508e-01 -5.097646e-01 -1.447205e+01 0 968819
9.099848e+12 -1.352325e+13 6.056458e+12 -9.847450e-02 -8.698716e-01 -4.833489e-01 -1.604650e+01 0 362732
1.421051e+12 1.314863e+13 -1.547352e+13 2.543980e-01 -1.130067e-01 -9.604744e-01 -1.401048e+01 0 5
-7.054949e+12 3.165921e+12 2.166407e+13 -2.134934e-01 -5.717201e-01 7.921847e-01 1.078669e+01 0 926386
-9.838609e+12 1.463375e+13 5.199194e+12 -9.859599e-01 -1.793722e-02 1.660158e-01 4.737620e+00 0 2
2.641118e+12 -1.707249e+13 3.461101e+12 2.247131e-01 -9.387738e-01 2.611661e-01 5.567267e+00 0 20034
-7.244554e+12 1.862325e+13 -1.008263e+12 -7.686412e-01 3.664858e-01 -5.242889e-01 2.332536e+01 0 2
4.713909e+12 1.388156e+13 1.759592e+13 1.218913e-01 8.815507e-01 4.560821e-01 1.188370e+01 0 1157152
7.935835e+11 2.200833e+13 -1.957157e+12 -6.116235e-01 7.217160e-01 -3.241030e-01 4.973713e+00 0 937282
-8.461033e+12 9.804786e+12 1.669927e+13 -7.825620e-01 3.033712e-01 5.436568e-01 -5.057258e+00 0 60235
9.281553e+12 -1.017170e+13 1.004561e+13 7.602298e-01 -3.245416e-01 5.627819e-01 4.342649e+00 0 11
-1.134918e+13 5.575088e+12 1.250876e+13 -4.192510e-01 5.964190e-03 9.078508e-01 -3.059557e+00 0 455780
-5.303653e+12 -1.957114e+13 -6.112384e+12 -6.919654e-01 -4.678609e-01 -5.498091e-01 -2.002696e+01 0 2
1.476779e+13 1.904078e+12 1.245367e+13 9.522060e-01 1.495471e-01 2.663445e-01 5.162179e+00 0 145496
2.881731e+13 -2.737158e+13 3.953817e+12 7.919835e-01 -5.146613e-01 3.284599e-01 -5.978916e+00 0 2
-7.565851e+11 -2.613573e+12 -1.694679e+13 6.826523e-01 -4.228499e-01 -5.959730e-01 3.041266e-01 0 54854
-7.589064e+12 1.331105e+12 1.535923e+13 -9.096936e-01 4.070912e-02 4.132800e-01 -4.236568e+00 0 139952
-1.163620e+13 1.033510e+13 8.282947e+12 2.034114e-01 9.035803e-01 3.770497e-01 -1.769754e+01 0 953182
-1.144675e+13 2.488531e+12 1.489815e+13 -4.980629e-01 7.572198e-01 4.225537e-01 -2.103649e+00 0 14263
-1.703061e+13 4.946495e+12 -2.847559e+12 -8.157542e-01 4.842121e-01 -3.163601e-01 4.473832e+00 0 85027
5.936475e+12 -1.421939e+13 -8.393011e+12 -2.456376e-02 -9.020618e-01 -4.309072e-01 -1.357932e+01 0 16
-2.584245e+12 -1.714687e+13 3.612736e+12 1.963507e-01 -8.267503e-01 -5.271911e-01 1.082873e+01 0 1
-1.399168e+13 -1.074073e+13 4.455548e+12 -5.619829e-01 -8.038660e-01 1.948707e-01 9.015825e+00 0 1063432
1.386671e+13 -4.595082e+12 1.439533e+13 9.169624e-01 -3.195976e-01 2.388249e-01 5.449994e+00 0 208954
-1.530937e+13 7.348941e+12 6.941675e+11 -2.460604e-01 7.469756e-01 6.176420e-01 -1.574996e+01 0 291012
8.987076e+12 -1.023661e+13 1.682166e+13 -2.745388e-01 -8.349088e-01 4.770281e-01 2.487707e+00 0 2
-1.694944e+13 -2.724713e+12 3.580537e+12 -5.250477e-01 1.544027e-02 8.509327e-01 3.198618e+00 0 27337
1.085056e+13 8.458259e+12 1.420854e+13 9.031442e-01 2.220535e-01 3.674545e-01 1.609882e+00 0 2
1.352656e+13 -9.983326e+12 4.678710e+12 1.943000e-01 -8.201792e-01 5.381018e-01 -1.300529e+01 0 417722
-1.175624e+13 1.630421e+13 -8.521145e+12 -5.367841e-01 8.233152e-01 1.844315e-01 -6.894652e+00 0 292383
5.589040e+12 -1.704593e+13 -6.264223e+12 4.699951e-01 -8.822279e-01 2.790311e-02 7.579518e+00 0 232767
6.768009e+12 1.229950e+13 -9.771983e+12 -2.459173e-01 8.452374e-01 -4.744454e-01 1.381412e+01 0 415119
5.140499e+13 2.583054e+13 -2.448415e+13 7.275979e-01 5.569689e-01 -4.004833e-01 -9.824563e-02 0 38108
-1.244966e+13 -9.248188e+12 -6.955881e+12 -8.076109e-01 2.094063e-02 -5.893438e-01 -9.789749e+00 0 41346
5.750828e+12 6.243667e+12 -1.553064e+13 3.198798e-01 3.875612e-01 -8.645654e-01 -9.311966e+00 0 1673868
-1.197591e+13 1.006370e+13 6.969857e+12 -7.825550e-01 -7.009089e-03 6.225420e-01 2.435351e+00 0 340396
1.373357e+13 2.798276e+12 -9.977027e+12 4.662828e-01 8.756227e-01 -1.259575e-01 1.273543e+01 0 856416
-1.389931e+13 1.985880e+11 1.037368e+13 -4.019567e-01 1.305098e-01 9.063101e-01 1.901744e+00 0 214448
2.374182e+12 -4.979960e+12 1.681517e+13 -1.516588e-01 -6.400595e-01 7.532088e-01 -1.108929e+01 0 9
-1.013023e+13 1.412616e+13 -4.358763e+12 -7.105111e-01 -2.512891e-02 -7.032371e-01 1.956121e+00 0 1
2.731594e+12 -1.025530e+13 1.638479e+13 -3.847373e-01 -7.908912e-01 4.758870e-01 -1.053537e+01 0 672588
7.407610e+12 -1.504913e+13 -3.006585e+12 -1.869598e-01 -9.587665e-01 2.140391e-01 -5.818113e+00 0 78509
1.640345e+13 -4.867747e+12 -4.979923e+12 6.827211e-01 -7.262841e-01 -8.002032e-02 -2.572952e+00 0 699697
-5.187459e+12 1.068245e+13 1.402774e+13 -6.549209e-01 7.001931e-01 2.842678e-01 -1.981337e+00 0 323575
2.167401e+13 -3.087776e+13 1.957045e+13 6.785892e-01 -4.690410e-01 5.652586e-01 -2.972101e+00 0 2038477
7.498376e+12 1.487779e+13 -4.989445e+12 -1.397497e-01 8.872051e-01 -4.397013e-01 -2.724607e-01 0 249581
-1.396522e+13 9.727642e+12 5.674816e+11 -8.232814e-01 5.355073e-01 1.882546e-01 -3.019751e+00 0 39396
-6.106702e+12 1.568375e+13 -3.804995e+12 4.183724e-01 8.169806e-01 3.968719e-01 -1.715369e+01 0 91988
1.160593e+12 -2.115099e+12 -1.900647e+13 -4.787885e-01 -3.424616e-02 -8.772621e-01 9.473143e+00 0 4173589
1.704800e+13 3.785190e+12 -9.624182e+12 7.262116e-01 2.331244e-01 -6.467377e-01 -6.503523e+00 0 8
-1.392568e+13 -1.139310e+13 -5.141467e+12 -7.187949e-01 -6.513391e-01 -2.430869e-01 -6.686189e+00 0 3
9.911820e+12 -4.024658e+12 -1.618542e+13 5.772975e-01 -2.437714e-01 -7.792966e-01 5.582556e+00 0 1368115
1.116492e+13 -4.471129e+12 -1.308716e+13 4.098292e-01 -2.828999e-01 -8.671837e-01 -4.423345e+00 0 1953922
1.450690e+13 -1.682694e+12 1.110808e+13 7.735379e-01 -6.253645e-01 -1.027540e-01 -1.897360e+01 0 2202274
-4.354029e+12 -1.319472e+13 -1.139471e+13 3.503442e-01 -5.522638e-01 -7.564811e-01 -9.948901e-01 0 254959
1.203271e+13 9.568669e+12 -9.865602e+12 8.527976e-01 2.957523e-02 -5.214035e-01 -1.211130e+01 0 392158
3.990693e+12 -1.293869e+13 -1.021428e+13 2.554967e-01 -6.199360e-01 -7.418900e-01 1.420424e+00 0 40331
4.695756e+12 6.677471e+12 1.515571e+13 2.959805e-01 -1.107479e-01 9.487520e-01 -1.005117e+01 0 962983
-9.801467e+11 1.273944e+13 -1.127161e+13 -4.827403e-01 8.748778e-01 3.937666e-02 4.979510e+00 0 109380
8.623230e+12 -1.426298e+13 6.776944e+12 6.486299e-01 -6.685517e-01 -3.637552e-01 8.018035e+00 0 1
-1.106151e+13 1.554200e+13 -1.758450e+12 -2.146990e-01 5.738876e-01 7.902894e-01 -7.792331e+00 0 56055
-1.470817e+13 1.761858e+13 -1.658111e+13 -6.257823e-01 4.024400e-01 -6.681606e-01 -5.241400e+00 0 2
1.111028e+13 -2.276509e+12 -1.394080e+13 4.804556e-02 5.130010e-02 -9.975269e-01 5.158597e+00 0 787866
-1.213127e+13 1.013763e+13 -1.498772e+13 -6.386617e-01 7.303884e-01 -2.421651e-01 -5.725327e+00 0 514639
-3.075174e+12 -2.341996e+13 -2.812455e+12 -1.389147e-01 -8.498878e-01 -5.083242e-01 -1.112712e+01 0 9
-1.007675e+13 8.238319e+12 1.214135e+13 -2.363021e-01 4.987403e-01 8.339181e-01 -9.552837e+00 0 1164837
-8.643659e+12 -1.382017e+13 -9.670411e+12 -4.195999e-01 -9.074812e-01 -2.033972e-02 -3.130151e+00 0 259014
1.599755e+13 1.030845e+12 -1.194142e+13 9.598683e-01 -2.088353e-01 -1.871913e-01 3.181544e+00 0 919791
5.889071e+12 2.612885e+12 1.601874e+13 4.358603e-01 -7.472005e-01 5.017143e-01 -8.900826e+00 0 69512
1.533844e+13 -8.612942e+12 -1.074565e+13 8.988721e-01 -4.237434e-01 -1.116717e-01 8.190291e+00 0 331523
-1.300167e+11 -1.422290e+13 -2.134097e+13 -2.217470e-02 -5.999388e-01 -7.997385e-01 -9.417687e+00 0 4
6.685281e+12 1.474873e+13 7.695290e+12 3.831768e-02 9.913181e-01 1.257784e-01 1.625836e+01 0 66439
2.171562e+13 1.612843e+13 2.102956e+12 9.455622e-01 8.040995e-02 3.153511e-01 -2.277596e+01 0 94859
2.771591e+11 1.746609e+13 -1.226751e+13 5.148181e-02 2.484955e-01 -9.672640e-01 7.996823e+00 0 11
-1.811511e+13 2.045025e+13 7.829131e+12 -5.955077e-01 7.273133e-01 3.411537e-01 -1.060545e+01 0 299440
1.563850e+13 1.677671e+12 6.822833e+12 3.322842e-01 -6.577093e-01 6.760219e-01 -5.940044e+00 0 130113
-1.649282e+13 -2.612984e+13 -1.188484e+13 -5.890162e-01 -6.305512e-01 -5.054355e-01 -1.284448e+01 0 7
8.570300e+12 -1.714915e+13 8.910884e+12 5.530592e-01 -3.948660e-01 7.336255e-01 1.322294e+01 0 5
-1.591951e+13 -9.689022e+12 1.598171e+12 -8.156577e-01 -5.773624e-01 3.681248e-02 -2.903598e+00 0 2
-8.015755e+12 1.208626e+13 -8.848157e+12 -5.360982e-01 -8.203279e-03 -8.441157e-01 4.788508e-02 0 588264
-8.904804e+12 -2.176854e+13 -2.220486e+12 -4.359054e-01 -8.762435e-01 -2.053872e-01 -8.063012e+00 0 263829
-1.536343e+13 4.978132e+12 -1.173853e+13 -6.610075e-01 5.943748e-01 -4.580259e-01 6.560647e-01 0 1
-1.385539e+13 -8.595417e+12 -6.197355e+12 -9.849978e-01 -1.849324e-02 -1.715733e-01 -1.368736e+01 0 7
-1.046644e+13 1.426850e+13 -3.747967e+13 -1.440819e-01 4.310349e-01 -8.907577e-01 -1.239053e+01 0 26
-1.702575e+13 2.893356e+12 1.422280e+12 -8.049326e-01 -1.579994e-01 -5.719438e-01 9.783346e+00 0 1404897
3.463360e+12 -1.240194e+13 1.317892e+13 -5.028470e-01 -1.922305e-01 8.427291e-01 -1.617282e+01 0 2
2.957718e+12 -2.441566e+12 -1.673119e+13 6.576723e-02 -6.786656e-01 -7.314969e-01 8.106411e+00 0 262147
-8.651799e+12 1.420962e+13 -5.056341e+12 6.633340e-01 6.350339e-01 -3.958787e-01 -2.087976e+01 0 381545
-1.636717e+13 8.339412e+12 -3.171366e+12 -4.502465e-01 3.493498e-01 -8.217255e-01 -1.180778e+01 0 2
-1.678123e+13 9.505852e+12 -6.951886e+12 -4.016700e-01 1.991648e-01 -8.938650e-01 -1.015748e+01 0 1
-1.359188e+13 6.121139e+12 1.678535e+13 -1.713742e-01 7.396154e-01 6.508455e-01 -1.551435e+01 0 2
1.104371e+13 -1.123534e+13 -1.445869e+13 1.905388e-01 -8.021878e-01 -5.658531e-01 -1.424068e+01 0 2
8.867374e+12 1.315212e+13 -6.097577e+12 8.773700e-01 9.050898e-03 -4.797290e-01 -1.719030e+01 0 8
-2.731369e+12 2.012242e+13 -1.955434e+13 7.171606e-02 4.299127e-01 -9.000177e-01 6.579503e+00 0 5
2.707035e+12 1.769706e+13 -8.845988e+11 4.185227e-01 8.923806e-01 1.688062e-01 3.467740e+00 0 2
-8.911003e+12 -1.276325e+13 -8.465560e+12 -1.329584e-01 -9.882263e-01 7.570237e-02 1.312419e+01 0 56149
-4.674637e+12 1.083307e+13 1.387010e+13 6.206188e-01 5.106621e-01 5.950264e-01 1.004944e+00 0 5
1.032872e+13 -1.457374e+13 -3.554113e+12 3.810333e-01 -6.513716e-01 6.561469e-01 -5.117667e+00 0 1420767
-1.730049e+13 -1.514399e+12 -3.016582e+12 -6.808487e-01 1.151142e-01 -7.233213e-01 5.818662e+00 0 1
5.353962e+12 1.808415e+13 1.005874e+13 -2.232986e-01 8.861137e-01 4.061284e-01 1.746838e+01 0 10
1.235397e+13 -1.353701e+13 2.888584e+12 5.086583e-01 -8.558438e-01 -9.379771e-02 3.554830e-01 0 37941
-1.574526e+13 -1.666906e+13 5.432349e+12 -7.276648e-01 -6.393749e-01 -2.484022e-01 8.288280e+00 0 5
-7.162626e+12 -6.453150e+12 -1.403405e+13 -3.638070e-02 3.503012e-01 -9.359303e-01 -7.329322e+00 0 1257837
1.024573e+13 -1.492957e+13 -6.182460e+11 3.677703e-01 -8.957681e-01 2.496890e-01 -1.193498e+01 0 1
-9.459414e+12 6.353121e+12 -1.283722e+13 -7.469853e-01 4.968860e-01 -4.417207e-01 2.475606e+00 0 91222
-1.145977e+13 1.033619e+13 -8.402885e+12 -5.878553e-01 5.773772e-01 -5.666231e-01 -8.932472e+00 0 179866
1.374694e+13 -2.251850e+13 -4.589558e+12 4.150486e-01 -9.057910e-01 -8.530675e-02 7.482399e+00 0 293396
1.137127e+13 -4.551721e+12 1.214618e+13 2.459503e-01 5.347386e-02 9.678063e-01 6.527553e+00 0 36313
