# 781 1.000000e+05 1.000000e+04 0.000000e+00 1.000000e+00 5.000000e-01
2.436041e+12 1.964684e+12 -6.707148e+11 8.213537e-01 4.608182e-01 -3.361913e-01 -9.130089e+00 0 263555
-7.802139e+11 1.527267e+12 4.295610e+11 -8.052877e-01 3.557238e-01 4.743125e-01 1.201709e+01 0 106132
3.190655e+12 -3.689383e+12 -3.942054e+12 3.151800e-01 -6.504678e-01 -6.910523e-01 -4.637524e+00 0 2
-1.481542e+12 2.342186e+12 4.255234e+11 -5.397491e-01 7.477978e-01 3.866127e-01 -8.240753e+00 0 1
3.578449e+12 1.611068e+12 -3.734652e+12 5.096992e-01 3.001222e-01 -8.063085e-01 -4.616890e+00 0 4
-2.743177e+11 -2.911095e+12 8.467642e+11 1.691391e-01 -9.559114e-01 2.400529e-01 9.685563e+00 0 278546
-1.556687e+11 4.670954e+11 1.628561e+12 8.864105e-01 3.388098e-01 3.154113e-01 -6.078982e+00 0 1
9.372801e+11 6.737398e+11 -2.331522e+12 1.373412e-01 -1.996317e-01 -9.701982e-01 -1.383786e+01 0 1
-3.706954e+12 1.004175e+12 -8.841676e+11 -9.121360e-01 4.092258e-01 -2.328445e-02 -1.200933e+01 0 2
1.223435e+12 -1.056103e+12 9.566087e+11 8.294531e-01 1.199723e-01 5.455403e-01 4.454972e+00 0 28604
1.527672e+12 7.817747e+11 3.895650e+11 8.799571e-01 -7.023185e-02 4.698330e-01 -9.528913e+00 0 438538
-4.178458e+12 -6.455544e+11 2.361650e+12 -9.363182e-01 -5.597283e-02 3.466630e-01 1.357365e+00 0 1
-3.610902e+11 -1.902156e+11 3.333228e+12 -3.299767e-02 -3.165273e-01 9.480093e-01 7.318847e+00 0 1
1.503644e+12 -9.784215e+11 -6.721048e+10 7.305946e-01 -4.046346e-01 5.500021e-01 -5.301012e+00 0 1
6.781353e+11 -2.625544e+12 -1.732675e+11 5.166893e-01 -8.493539e-01 1.078431e-01 1.094972e+01 0 3
-6.820514e+11 -3.529794e+12 1.640830e+12 -4.116246e-01 -9.072197e-01 8.670401e-02 -1.946738e+00 0 1
1.663826e+12 2.061223e+12 1.177850e+12 6.211529e-01 7.199436e-01 3.095969e-01 6.650688e+00 0 1
1.217052e+11 2.942754e+11 -4.234570e+12 1.724312e-01 -7.535201e-02 -9.821352e-01 -7.243905e+00 0 4
2.352932e+12 7.552957e+11 2.649341e+12 8.623827e-01 -9.183265e-02 4.978583e-01 -4.603733e+00 0 2
4.166427e+12 -6.243160e+12 -5.433142e+12 5.660080e-01 -6.269318e-01 -5.353424e-01 -1.479913e+00 0 1
6.280718e+11 3.661526e+12 2.745781e+12 1.067971e-01 7.479039e-01 6.551596e-01 -1.076352e+01 0 5
2.158515e+12 -1.476942e+12 4.899250e+11 9.301386e-01 -1.494041e-01 3.354410e-01 1.470496e+01 0 24168
-1.078111e+12 -1.188025e+12 -8.910720e+11 -5.613383e-02 1.059927e-01 -9.927812e-01 3.663139e+00 0 16018
2.913252e+11 6.293440e+11 2.718085e+12 5.527461e-01 3.569823e-01 7.530175e-01 2.883272e+00 0 1
-3.687811e+12 1.530960e+12 -1.058030e+12 -9.638625e-01 4.307413e-02 -2.628950e-01 8.688123e+00 0 14941
2.080177e+11 -4.313049e+11 1.995941e+12 2.306340e-02 2.609321e-01 9.650816e-01 7.197751e+00 0 129469
6.576726e+11 2.524227e+12 1.794679e+10 4.534144e-02 9.955787e-01 -8.226303e-02 -9.009264e-01 0 443405
2.204267e+12 1.278544e+12 1.844685e+12 7.661222e-01 3.380927e-01 5.465804e-01 6.501045e+00 0 2
-4.247053e+11 -8.028992e+10 -2.322459e+12 -4.987067e-01 7.438403e-02 -8.635732e-01 -4.990543e+00 0 1
-1.935331e+12 1.641293e+12 -1.528438e+12 -7.872167e-01 3.290814e-01 -5.215316e-01 1.063464e+01 0 2
2.236278e+12 -3.361741e+11 1.238643e+12 9.944575e-01 2.825353e-02 -1.012720e-01 5.112230e+00 0 2
1.849411e+12 2.379361e+11 5.245645e+11 9.756341e-01 1.409854e-01 1.681106e-01 1.177682e+01 0 2
-2.300178e+11 2.439272e+11 -2.844384e+12 -3.334588e-01 1.373488e-01 -9.327060e-01 -3.114841e+00 0 34913
-2.576816e+13 4.829444e+12 7.505232e+12 -9.398658e-01 2.073244e-01 2.714203e-01 2.563269e+00 0 1
-1.587019e+12 -5.527584e+11 -5.860124e+11 -5.974423e-01 -3.515783e-01 -7.207326e-01 -1.041624e+00 0 2
-4.772747e+11 -9.134089e+11 1.479342e+12 6.512243e-01 -2.534999e-01 7.152935e-01 6.516069e+00 0 144271
-1.013286e+11 9.089784e+11 3.998575e+12 -2.255145e-01 1.064641e-01 9.684052e-01 7.238020e+00 0 1
1.262122e+12 1.669952e+12 8.970085e+10 9.110357e-01 3.028257e-01 2.798402e-01 -6.275296e+00 0 75238
-3.073294e+11 -2.233333e+12 -1.134916e+12 4.507082e-01 -6.822032e-01 -5.757264e-01 7.362312e+00 0 2
2.406302e+12 -7.060992e+11 -1.664713e+12 7.290074e-01 -2.231494e-02 -6.841420e-01 -2.897168e-01 0 123986
1.300025e+11 8.031630e+11 2.740677e+12 4.982069e-01 2.793056e-01 8.208400e-01 -9.906570e+00 0 100978
-2.035273e+12 2.038739e+12 8.582254e+11 -6.303845e-01 7.307165e-01 2.620471e-01 4.463798e+00 0 15271
-2.979725e+11 1.435630e+12 -1.659402e+12 -3.323938e-01 9.081068e-01 -2.546692e-01 2.698308e+00 0 27528
2.078527e+12 6.703965e+11 -9.185125e+11 9.927872e-01 -1.179792e-01 -2.132057e-02 -1.059257e+00 0 1
3.566675e+11 3.457953e+11 1.761284e+12 5.673414e-01 1.048352e-01 8.167823e-01 -5.010858e+00 0 40886
7.516842e+11 2.065524e+12 -1.812554e+11 -9.595939e-02 9.952672e-01 -1.533027e-02 1.390125e+01 0 3
4.703918e+11 -1.285723e+12 -2.655304e+12 2.399537e-01 -4.038108e-01 -8.828132e-01 -1.690763e+00 0 20355
1.148020e+12 -1.264518e+12 -2.661416e+11 -3.213258e-01 -9.463119e-01 3.526246e-02 -9.984774e+00 0 171166
-2.105847e+12 -1.196180e+12 -9.859330e+11 -8.045898e-01 -4.632011e-01 -3.715911e-01 3.453541e+00 0 241491
3.857953e+11 1.421547e+12 -8.408496e+11 -4.796574e-01 5.733300e-01 -6.642450e-01 8.182489e+00 0 72444
-3.209155e+11 1.596979e+12 -5.718041e+11 -6.648935e-01 -1.995034e-02 -7.466717e-01 1.060421e+01 0 77211
1.971393e+11 -7.661556e+11 -1.507356e+12 -3.246807e-01 5.166834e-02 -9.444114e-01 -3.545184e-01 0 3961
1.945006e+12 -1.280945e+11 -2.648016e+11 8.651878e-01 -2.705875e-01 4.221759e-01 -7.025565e+00 0 49104
-9.186086e+11 1.047701e+12 1.977959e+12 -6.731752e-02 7.351556e-01 6.745477e-01 -4.154072e+00 0 23821
-8.117476e+11 1.682800e+12 -1.042575e+12 2.011921e-01 6.471251e-01 -7.353577e-01 -1.586881e+01 0 1
-9.395698e+09 1.906968e+12 -2.988219e+12 3.027203e-01 5.111292e-01 -8.044299e-01 -2.431166e-01 0 2
1.695675e+12 -6.347945e+10 2.494103e+10 7.769134e-01 -4.318183e-02 6.281249e-01 -2.895883e+00 0 764361
3.413449e+11 9.543400e+12 9.026801e+12 5.612830e-02 7.435313e-01 6.663414e-01 5.737877e+00 0 1
-3.212843e+11 1.527720e+12 -6.889870e+11 -3.030970e-01 6.158528e-01 -7.272259e-01 4.705708e+00 0 126746
2.460259e+12 -1.211880e+12 1.085291e+12 7.527396e-01 -6.000185e-01 2.708522e-01 -9.812800e+00 0 1
-1.152391e+12 9.544944e+11 9.754156e+11 -4.841501e-01 2.367900e-01 8.423355e-01 3.418509e+00 0 27279
1.269560e+12 1.086909e+12 -3.724351e+12 2.775048e-01 1.378439e-01 -9.507840e-01 -9.857906e+00 0 2
-2.915006e+12 -2.743965e+12 5.446876e+12 -4.420670e-01 -2.981403e-01 8.459841e-01 3.003999e+00 0 1
-2.964448e+11 1.640837e+12 -6.254089e+11 -5.942771e-01 6.210585e-01 -5.110000e-01 7.835251e-01 0 1
-1.506272e+12 9.315343e+11 1.389072e+11 -9.407583e-01 2.172326e-01 2.603533e-01 8.948996e+00 0 39690
1.763998e+12 9.314499e+11 4.178704e+10 6.240151e-01 7.045439e-01 -3.379691e-01 1.718166e+00 0 66933
-8.205207e+10 -1.585149e+11 1.741163e+12 7.496837e-01 -2.648490e-01 6.064894e-01 -3.041067e-01 0 35866
-1.301618e+12 1.089096e+12 7.338527e+10 -4.554606e-01 8.475093e-02 8.862127e-01 4.727635e+00 0 9428
-9.007247e+12 -2.979191e+12 9.446149e+12 -6.540947e-01 -1.873391e-01 7.328466e-01 7.950998e+00 0 2
-2.649789e+12 8.059332e+11 4.107370e+12 -5.850119e-01 -6.971131e-02 8.080232e-01 1.476623e+01 0 1
7.403312e+11 7.552802e+11 1.516839e+12 3.299951e-01 4.772170e-02 9.427756e-01 1.694924e+00 0 1
5.361412e+11 -2.919495e+12 2.871311e+12 9.551765e-02 -7.051400e-01 7.026052e-01 -6.401356e+00 0 263285
-5.877101e+10 2.182313e+12 -4.742558e+11 3.109514e-01 8.616396e-01 4.011065e-01 -1.069775e+01 0 143917
-3.350422e+12 9.294153e+11 1.137714e+12 -7.994964e-01 4.717408e-01 3.718416e-01 -1.159732e+00 0 1
-1.602702e+12 -2.013841e+12 1.878688e+11 -8.704798e-01 -4.433452e-01 -2.137990e-01 -2.535993e+00 0 1
4.266858e+11 -1.478034e+12 1.055676e+12 -5.164710e-01 -7.474165e-01 4.178830e-01 -5.929500e+00 0 1
6.120180e+11 -2.606831e+11 -1.878324e+12 6.232418e-02 -5.102365e-01 -8.577729e-01 1.715164e+00 0 48107
-1.364389e+12 -1.997426e+12 1.674169e+12 -5.044718e-01 -4.978245e-01 7.054637e-01 2.272971e+00 0 157771
-2.810681e+12 1.036431e+12 7.880249e+11 -9.313554e-01 1.468719e-01 3.331753e-01 -7.754990e+00 0 1
3.652366e+11 2.211512e+12 -2.274945e+12 2.930872e-01 6.505195e-01 -7.006598e-01 -8.605078e+00 0 7918
1.526072e+12 -4.749318e+12 2.779779e+12 1.784229e-01 -9.137524e-01 3.649957e-01 9.310382e-01 0 1
-9.126375e+11 4.581367e+10 -1.513152e+12 -5.092024e-01 -8.174625e-01 -2.691987e-01 1.168946e+01 0 3
-3.261872e+12 5.828056e+12 -1.118781e+12 -3.372367e-01 9.314878e-01 -1.363889e-01 -1.527882e+01 0 2
-4.213188e+11 -2.555529e+12 8.950000e+11 4.058892e-01 -7.972917e-01 4.467437e-01 2.677072e+01 0 1
-1.293807e+12 1.122324e+12 2.316931e+11 -1.457989e-01 9.008927e-01 -4.088215e-01 1.004025e+00 0 1
2.460049e+12 1.551623e+12 1.525220e+12 7.293896e-01 6.738741e-01 1.178325e-01 -1.400504e+00 0 1
3.856160e+11 2.351226e+11 2.732088e+12 -2.011786e-01 -1.218536e-01 9.719459e-01 5.926919e+00 0 1
-1.489633e+12 -1.688187e+12 1.268618e+12 -3.323062e-01 -9.155412e-01 2.266205e-01 3.420113e+00 0 28515
4.646005e+11 -1.678300e+12 3.453941e+11 9.618763e-01 -1.867999e-01 1.997494e-01 1.768041e+01 0 90792
-3.983401e+12 -9.009493e+11 -1.817013e+12 -9.375965e-01 -2.809142e-01 -2.049391e-01 9.372286e+00 0 1
-2.439638e+12 1.141954e+12 -1.542483e+12 -5.424023e-01 2.857057e-01 -7.900455e-01 2.712163e+00 0 2
-1.042690e+12 3.081964e+11 -1.774896e+12 -6.123388e-01 -3.282744e-01 -7.192198e-01 1.100837e+01 0 1
2.645390e+12 -3.533976e+12 1.515137e+12 6.287011e-01 -7.532576e-01 1.932302e-01 -9.055887e+00 0 2
2.425225e+12 -5.408272e+11 1.388407e+12 6.587082e-01 -5.487980e-02 7.503944e-01 -6.212001e+00 0 1
-3.550439e+12 4.319556e+12 -4.363790e+11 -7.598217e-01 6.431087e-01 9.530048e-02 1.439990e+01 0 1
-3.416641e+12 -1.103063e+11 1.852964e+12 -9.141407e-01 1.989858e-01 3.532018e-01 -3.410289e+00 0 7
-4.550024e+12 -1.230356e+11 3.685805e+11 -9.610194e-01 1.248096e-01 2.467068e-01 3.886333e+00 0 1
-9.070836e+10 2.591892e+12 9.762438e+11 -1.979689e-01 9.281477e-01 3.151987e-01 9.425072e+00 0 82484
8.232896e+11 6.439627e+11 -1.379991e+12 -5.277567e-01 -1.248939e-01 -8.401633e-01 4.815382e+00 0 14725
3.240986e+11 9.111657e+11 1.743000e+12 3.450007e-02 9.844336e-01 1.723377e-01 -5.326048e+00 0 1
-1.098703e+12 -6.549704e+11 3.083108e+12 -2.932497e-01 -2.313615e-01 9.276187e-01 5.008139e+00 0 331665
8.948933e+11 -1.311185e+12 9.254200e+11 7.800753e-01 -4.731311e-01 4.094258e-01 7.015584e+00 0 172477
1.519466e+12 -5.529151e+10 7.528346e+11 9.715849e-01 -3.672854e-02 -2.338244e-01 -2.785774e-01 0 58
-1.244266e+12 2.193017e+12 -1.511673e+12 -1.769261e-01 9.609507e-01 -2.127697e-01 -1.665652e+01 0 1
8.223284e+08 -1.437617e+12 -1.193341e+12 8.541023e-01 -1.810758e-01 -4.875662e-01 1.948178e+01 0 1
1.326038e+12 -4.874591e+11 -9.536833e+11 7.636892e-01 -1.997111e-01 -6.139171e-01 1.276074e+00 0 6933
-1.118033e+11 -1.632212e+12 1.285688e+12 -5.868268e-01 -6.763916e-01 4.451167e-01 -1.716777e+01 0 1
1.667429e+11 1.611455e+11 -1.698479e+12 6.303188e-01 -3.720362e-01 -6.813863e-01 1.128961e+00 0 3084
-7.311436e+11 1.584350e+12 -3.983976e+11 -8.760746e-01 3.891987e-01 2.846361e-01 8.346589e+00 0 186634
2.643834e+11 2.321807e+12 -2.950406e+12 1.843124e-01 2.502640e-01 -9.504719e-01 7.305795e-01 0 1
7.220078e+11 1.212642e+12 -1.223136e+12 2.359916e-01 7.195025e-01 -6.531647e-01 8.366425e+00 0 1
1.660271e+12 1.242088e+12 8.359028e+11 3.726098e-01 7.880564e-01 4.900296e-01 1.240850e+01 0 30336
1.373597e+12 2.688859e+12 -4.066409e+12 3.150316e-01 5.025937e-01 -8.050805e-01 3.884601e+00 0 18923
1.399693e+12 -2.332382e+12 1.532385e+12 6.254848e-02 -8.830765e-01 4.650415e-01 -7.009187e+00 0 178685
-3.978945e+12 3.313043e+12 -3.071925e+11 -7.301468e-01 6.832743e-01 -4.670795e-03 1.099680e+00 0 31769
8.370552e+12 -3.097407e+12 1.526213e+12 9.483789e-01 -2.617823e-01 1.790181e-01 1.431613e+01 0 1
1.059204e+12 -1.676321e+11 1.315425e+12 8.520266e-01 -4.807861e-01 2.071122e-01 -1.661079e+00 0 30
1.137639e+12 1.368751e+11 1.507668e+12 5.166460e-01 7.865721e-01 3.382029e-01 1.350320e+00 0 1
3.780369e+11 -1.604269e+11 1.670347e+12 -4.193969e-04 -7.884260e-01 6.151295e-01 1.186809e+01 0 1
4.757540e+12 8.795634e+12 -1.873197e+13 2.205190e-01 4.425664e-01 -8.691987e-01 1.302075e+01 0 1
-1.677040e+12 2.278631e+12 3.264842e+11 -5.295529e-01 8.216433e-01 -2.108934e-01 -5.784424e+00 0 90126
-4.211214e+11 1.448974e+12 2.340260e+12 -1.393927e-01 4.613199e-01 8.762155e-01 1.339507e+00 0 5171
-2.655575e+12 -7.100232e+12 5.910195e+12 -3.037883e-01 -8.202574e-01 4.846551e-01 -5.194872e+00 0 1
-7.524402e+11 1.372498e+12 7.260467e+11 -4.593920e-01 8.737965e-01 -1.594953e-01 2.677313e+00 0 129818
-2.424699e+12 2.266433e+12 -1.165210e+12 -6.719113e-01 7.125138e-01 -2.021370e-01 1.468922e+00 0 139360
2.074018e+12 -1.201361e+12 5.428342e+11 9.418501e-01 -1.669991e-01 2.915985e-01 1.313841e+00 0 2
2.321096e+12 -1.909681e+12 1.135308e+11 8.721363e-01 -4.474751e-01 1.978493e-01 2.466873e+00 0 50455
-1.092198e+12 1.174646e+12 -5.514121e+11 -6.207309e-01 5.205731e-01 -5.862566e-01 1.063466e+00 0 112457
-2.846466e+12 6.670370e+11 -1.925287e+12 -8.417374e-01 -9.400877e-02 -5.316394e-01 -2.191477e+00 0 1
7.475626e+10 8.148196e+11 -1.490660e+12 9.818474e-01 1.048720e-01 -1.580431e-01 -7.966311e+00 0 13602
-4.127238e+11 3.732569e+12 1.829010e+11 2.407802e-01 9.361519e-01 2.562119e-01 -1.966840e+01 0 1
-1.513542e+12 3.274812e+11 -1.837781e+12 -2.453372e-01 -9.006247e-03 -9.693960e-01 -3.667137e+00 0 17591
2.046063e+12 -1.785447e+12 3.841000e+11 8.833670e-01 -4.152319e-01 2.173597e-01 1.189917e+01 0 1
-4.106451e+12 -2.713843e+11 -2.158193e+12 -9.654278e-01 -2.200840e-02 -2.597397e-01 -6.387414e+00 0 151
-1.288010e+12 -2.010770e+12 -1.837435e+11 -1.808396e-01 -9.788104e-01 9.605803e-02 5.188446e+00 0 34250
-1.460290e+12 -9.452986e+11 9.492253e+10 -5.605332e-01 -6.932011e-01 -4.530726e-01 4.019539e+00 0 54765
-1.747789e+12 1.121937e+12 -1.599223e+12 -6.802325e-01 5.478833e-01 -4.869371e-01 2.188954e+00 0 1
1.244265e+12 5.836376e+12 4.123832e+12 2.790077e-01 8.610967e-01 4.250496e-01 -3.761663e-02 0 2
1.221283e+12 -8.651802e+11 1.261810e+12 7.855264e-01 -5.951371e-01 1.695879e-01 -5.721827e+00 0 11142
1.385791e+12 -7.517483e+11 -4.047582e+12 4.529559e-01 -8.386753e-02 -8.875794e-01 1.111661e+01 0 3
-9.687603e+11 1.782319e+12 3.123668e+11 -4.627626e-01 8.213144e-01 3.336067e-01 4.017289e+00 0 2
-9.589919e+11 -2.554451e+12 7.427285e+12 -6.333655e-02 -4.402262e-01 8.956503e-01 -5.055206e+00 0 36882
1.390437e+12 1.339282e+12 -8.386177e+10 6.418508e-01 7.668289e-01 -1.040561e-03 -6.199947e+00 0 318602
2.610254e+12 -2.175308e+11 -2.347387e+12 8.394683e-01 -4.963166e-02 -5.411375e-01 7.175388e+00 0 211115
1.275137e+12 -8.665004e+11 7.506025e+11 7.574352e-01 -5.660255e-01 3.254338e-01 -3.232973e+00 0 21259
5.591143e+11 -2.725331e+12 -1.580682e+11 2.755739e-01 -9.497776e-01 -1.482620e-01 -1.924855e+00 0 1
-1.584382e+12 4.176807e+11 -1.131345e+12 -9.010202e-01 -1.254817e-02 -4.335955e-01 4.232168e-01 0 361557
2.152729e+11 -8.939128e+11 -1.451204e+12 5.323353e-02 -9.387253e-01 -3.405305e-01 1.702364e+00 0 100397
6.305429e+11 2.606957e+11 -1.881455e+12 5.936092e-02 -4.446127e-01 -8.937538e-01 -4.985170e+00 0 1
3.636937e+11 1.926104e+12 2.354977e+12 -9.779953e-02 8.041980e-01 5.862600e-01 -9.773858e-01 0 1
8.385265e+11 1.447048e+12 -5.338290e+11 6.732752e-01 5.462730e-01 -4.982834e-01 -1.979876e+00 0 147042
-2.039647e+12 5.578608e+11 -1.072772e+12 -7.481228e-01 4.956343e-02 -6.617067e-01 9.114037e+00 0 3
-1.383704e+12 2.054293e+12 -6.295300e+11 -9.440599e-01 3.294292e-01 1.508044e-02 2.995380e+01 0 1
-1.003245e+12 1.529802e+12 1.141543e+11 -5.124277e-01 8.564441e-01 6.262117e-02 2.687174e+00 0 72730
7.578699e+11 7.996601e+11 -1.634111e+12 5.030707e-01 -7.915388e-02 -8.606129e-01 1.757372e+00 0 1
-3.872183e+12 -3.447239e+12 -1.672578e+12 -8.232315e-01 -5.187954e-01 -2.305237e-01 -1.499917e+00 0 1
6.983737e+10 -2.090138e+12 5.025102e+11 -6.373968e-01 -7.677817e-01 6.508906e-02 -3.796201e+00 0 2
-1.438035e+12 -1.320146e+12 1.615415e+11 -5.491802e-01 -8.348646e-01 3.744601e-02 2.935343e-01 0 2
-4.009834e+12 5.349084e+11 1.416330e+13 -2.507313e-01 -5.751854e-02 9.663464e-01 -7.006378e+00 0 1
4.541807e+11 -1.587060e+12 4.680516e+11 -7.767489e-01 -5.068673e-01 3.738271e-01 -6.970641e+00 0 1
2.790605e+11 1.959711e+12 -2.753862e+11 7.390319e-02 9.081121e-01 -4.121537e-01 -3.089430e+00 0 33905
-9.093711e+11 1.421406e+12 2.061083e+11 -9.684719e-01 -3.518502e-03 2.490979e-01 9.896992e+00 0 51893
4.327405e+11 1.145286e+12 1.667018e+12 3.935978e-01 6.267195e-01 6.725351e-01 -5.244783e+00 0 64456
-1.876335e+12 -4.516808e+12 1.648318e+12 -2.623032e-01 -9.002036e-01 3.476068e-01 1.206751e+01 0 302549
1.629995e+12 -5.976023e+11 -4.077665e+11 8.881626e-01 1.165051e-01 -4.445152e-01 1.131785e+01 0 20484
-1.996394e+12 1.031583e+12 9.375330e+11 -9.996190e-01 2.539209e-02 -1.081910e-02 5.170094e+00 0 5362
5.459007e+11 2.852422e+12 -1.146340e+11 4.040357e-01 9.135924e-01 4.587114e-02 -1.263032e+01 0 1
8.239527e+12 7.017758e+12 1.790764e+12 7.599779e-01 6.141406e-01 2.127553e-01 -9.742324e+00 0 1
-1.426541e+12 -1.469739e+12 5.196731e+10 -5.944073e-01 -3.440469e-01 -7.268505e-01 -8.213806e+00 0 1
8.527260e+11 -3.883570e+11 1.936181e+12 5.438439e-01 -1.876354e-01 8.179406e-01 5.256111e+00 0 1
1.119155e+12 -1.012053e+11 -1.474594e+12 7.904450e-01 1.090918e-01 -6.027401e-01 1.535797e+00 0 2
7.078560e+11 4.620053e+11 -1.563198e+12 -8.697935e-02 9.291813e-01 -3.592447e-01 1.240050e+01 0 4
-2.977799e+12 3.346088e+12 2.147806e+12 -8.193455e-01 4.942978e-01 2.904181e-01 6.165164e+00 0 1
-3.489710e+12 -2.848510e+11 -2.808518e+12 -6.821506e-01 2.040501e-01 -7.021639e-01 -1.524864e+01 0 2
3.612857e+11 -5.584643e+11 -3.220771e+12 1.547963e-01 -2.020687e-01 -9.670607e-01 3.986129e+00 0 56910
-4.965123e+11 9.964685e+11 1.636162e+12 -4.586804e-01 5.438645e-01 7.027259e-01 8.447854e+00 0 2
-7.053711e+11 1.228340e+12 2.008982e+12 -8.376518e-02 5.896635e-01 8.032934e-01 8.400858e-01 0 71918
1.006824e+12 8.502755e+11 -1.244583e+12 6.493028e-01 7.520802e-01 1.130543e-01 -2.310853e+00 0 1
-1.424162e+12 1.796312e+12 -4.065457e+10 -3.091039e-01 8.887857e-01 -3.384002e-01 -3.082824e+00 0 292165
1.694703e+12 -1.502501e+12 6.203020e+11 8.506818e-01 -5.064381e-01 1.409288e-01 7.442129e+00 0 20281
4.100297e+11 -5.921402e+11 -1.576476e+12 1.842551e-01 -4.593280e-01 -8.689464e-01 -3.883646e-01 0 44604
1.710205e+12 -1.324771e+12 -9.116866e+11 7.929442e-01 -2.937914e-01 -5.337847e-01 -4.974312e+00 0 2
-2.378418e+11 1.946651e+12 4.331954e+11 2.750423e-02 8.697129e-01 -4.927910e-01 -5.087553e-01 0 256403
4.667982e+11 1.505727e+12 1.097064e+12 9.585399e-02 9.546845e-01 2.817613e-01 8.287185e+00 0 238458
1.673880e+12 -1.079063e+12 3.003729e+10 6.665015e-01 -5.565775e-01 4.959812e-01 -6.804297e+00 0 337400
-5.091609e+11 7.225381e+12 -4.000387e+12 5.581342e-02 8.714673e-01 -4.872674e-01 -1.661507e+01 0 1
-1.810107e+12 -1.667004e+12 3.967601e+12 -5.229813e-01 -2.283513e-01 8.211859e-01 -1.314057e+01 0 1
-2.510801e+12 -8.621343e+11 1.171006e+12 -9.802038e-01 -1.719459e-01 -9.815810e-02 2.327549e+00 0 1
1.712418e+12 1.641546e+11 2.557985e+10 8.529524e-01 -2.201488e-01 -4.732936e-01 -2.532997e+00 0 67488
1.047639e+12 1.506302e+11 -1.399259e+12 3.162675e-01 7.575595e-01 -5.710328e-01 1.343522e+01 0 2
-3.394423e+11 1.531435e+12 1.048191e+12 -7.179346e-01 6.769510e-01 1.621953e-01 7.668961e+00 0 48009
5.374984e+12 -1.210859e+12 -1.225657e+12 9.202167e-01 -2.713569e-01 -2.820756e-01 -1.436476e+01 0 1
1.618904e+11 -8.960752e+11 1.442437e+12 5.486735e-01 -3.282012e-01 7.689222e-01 4.904432e+00 0 11136
1.663135e+12 -4.234721e+12 -1.263748e+12 3.041090e-01 -9.448381e-01 -1.216499e-01 7.057206e+00 0 1
-3.402918e+12 1.667916e+12 1.540586e+12 -8.606614e-01 4.303039e-01 2.722141e-01 3.508269e+00 0 49445
7.132161e+11 1.358188e+12 7.665101e+11 8.649541e-01 4.291204e-01 2.602116e-01 -5.188341e+00 0 3834
7.140692e+10 -1.410615e+12 -1.208009e+12 1.445112e-01 -6.190355e-01 -7.719531e-01 -2.949909e+00 0 1
-7.829534e+11 1.571204e+12 4.266514e+11 4.067274e-01 8.408911e-01 -3.570364e-01 -1.642319e+01 0 2
-1.500630e+12 -1.472693e+12 5.472448e+11 -7.555731e-01 -6.192348e-01 2.136761e-01 -3.961994e+00 0 121416
-5.585787e+12 7.879577e+12 -3.315045e+12 -6.485760e-01 6.924452e-01 -3.160203e-01 -2.422459e+00 0 1
-9.498916e+11 -2.177848e+12 1.877077e+12 -5.391667e-01 -6.554742e-01 5.288221e-01 -1.523730e+01 0 1
1.624493e+11 1.524883e+12 -1.713356e+12 -1.572951e-02 4.430669e-01 -8.963506e-01 6.244208e+00 0 104063
-3.371124e+12 1.777156e+12 1.038477e+12 -9.304015e-01 3.633010e-01 -4.863655e-02 2.332012e-01 0 1
2.013887e+12 -6.706151e+11 3.668696e+11 9.622872e-01 -4.375188e-02 -2.684941e-01 -1.262066e+00 0 9953
-2.629482e+12 1.031760e+12 -7.091056e+11 -5.889227e-01 5.157490e-01 -6.222322e-01 -1.150296e+01 0 2
-1.764500e+12 4.123009e+12 2.656475e+12 -3.909523e-01 8.602439e-01 3.273176e-01 1.011996e+01 0 1
-4.470809e+12 2.945170e+12 -1.155444e+12 -6.729467e-01 6.729510e-01 -3.070501e-01 1.039466e+00 0 1
-1.510734e+12 1.105642e+12 -2.380584e+10 -7.490622e-01 2.290149e-01 6.216575e-01 8.909285e+00 0 1
-1.089374e+12 8.972736e+11 -1.211541e+12 -7.942487e-01 5.994395e-01 9.920291e-02 4.940856e+00 0 21670
2.357077e+11 -2.953812e+12 1.470825e+12 1.447028e-01 -6.211324e-01 7.702309e-01 3.426367e+00 0 268108
-1.098258e+12 -9.977232e+11 2.449469e+12 -2.988007e-01 -6.699257e-02 9.519612e-01 2.062681e+00 0 271339
1.388580e+12 -1.299356e+12 1.577787e+12 7.563935e-01 -5.972902e-01 2.666707e-01 4.934143e+00 0 1
-2.405926e+12 -6.879832e+11 4.600525e+12 -4.262709e-01 -1.315687e-01 8.949764e-01 -2.257353e+00 0 242857
-4.430100e+12 1.019460e+12 -1.638499e+12 -9.931872e-01 1.125664e-02 -1.159848e-01 1.255794e+01 0 1
-1.368286e+12 1.400122e+12 -1.832864e+11 1.115315e-01 9.937093e-01 -1.012681e-02 -7.821383e+00 0 1
-4.219010e+12 -3.948196e+12 -2.090761e+12 -6.980724e-01 -6.457872e-01 -3.092795e-01 3.200800e+00 0 7682
-6.769564e+11 3.845487e+10 -1.571018e+12 -5.561090e-01 2.874174e-01 -7.798295e-01 -4.498209e+00 0 56586
2.677118e+11 -1.182597e+12 1.597447e+12 -1.900916e-01 -8.365003e-01 5.139381e-01 -7.540489e+00 0 50928
-1.364537e+12 9.729398e+11 -4.374080e+12 -2.443096e-01 5.032227e-01 -8.289027e-01 -1.294163e+01 0 1
-2.509420e+12 -2.072362e+12 -4.817458e+12 -4.388505e-01 -3.071256e-01 -8.444431e-01 3.582407e+00 0 42270
2.636976e+11 8.877340e+11 -1.553554e+12 4.437647e-01 7.324514e-01 -5.163214e-01 4.760940e+00 0 1
4.707861e+12 -1.231294e+12 1.248971e+12 9.734372e-01 -2.287095e-01 -1.058440e-02 -5.058545e+00 0 77089
-2.465031e+11 -1.730668e+12 5.171863e+11 6.275725e-01 -7.759458e-01 6.372475e-02 9.357946e+00 0 3
4.396658e+11 1.040435e+12 -2.123564e+12 6.801763e-01 1.008304e-01 -7.260809e-01 -1.344679e+01 0 1
-7.083502e+11 2.962501e+12 -3.877015e+12 -1.232371e-01 8.086063e-01 -5.752986e-01 2.859050e+00 0 1
-5.564843e+11 1.348770e+12 8.663865e+11 2.894255e-01 9.567171e-01 -3.041702e-02 -6.841628e+00 0 124392
1.897391e+11 1.754134e+12 -2.354353e+12 6.250859e-03 5.129584e-01 -8.583907e-01 2.917143e+00 0 231646
7.639894e+11 -1.446137e+12 -5.268127e+11 8.898783e-01 -3.615788e-01 2.781679e-01 8.477501e+00 0 51279
-3.744143e+11 -2.245072e+12 1.324140e+12 3.847489e-02 -9.992580e-01 -1.791986e-03 -3.991811e-01 0 98816
-8.139237e+11 -3.871728e+11 -1.439876e+12 -8.955740e-01 3.867871e-01 -2.198704e-01 -8.144391e+00 0 67400
1.205738e+12 1.419820e+12 5.633949e+11 6.938818e-01 7.135937e-01 -9.649908e-02 2.514611e+00 0 39206
6.715023e+11 -1.513844e+12 -2.605714e+12 2.192407e-01 -6.362767e-01 -7.396522e-01 -4.487430e+00 0 53519
1.130660e+12 4.015569e+12 -1.683437e+12 -2.628361e-02 8.983067e-01 -4.385821e-01 2.696168e+00 0 6
4.600857e+12 8.054402e+10 -3.520688e+12 8.965129e-01 2.327137e-03 -4.430116e-01 -4.925713e+00 0 75824
-5.679012e+11 -1.804309e+12 1.770678e+11 -9.427896e-01 -3.289057e-01 5.448697e-02 -9.746345e+00 0 1
-5.464007e+11 9.900385e+11 -1.615123e+12 -4.100295e-01 8.100823e-01 -4.190971e-01 -3.906250e+00 0 262641
1.227023e+12 1.042986e+12 -2.257053e+12 3.964899e-01 5.527128e-01 -7.330104e-01 1.380559e+01 0 1
-3.014601e+12 1.830519e+12 -3.928547e+12 -4.140892e-01 2.545654e-01 -8.739145e-01 4.390881e+00 0 2
-2.077227e+12 -1.745043e+12 5.221457e+11 -6.716700e-01 -7.382799e-01 6.166233e-02 -3.304957e+00 0 1
-1.159261e+12 -1.624129e+12 -1.782802e+11 -9.758392e-01 -6.518181e-02 2.085405e-01 -1.676342e+01 0 667562
-9.775665e+11 -7.364815e+11 1.592191e+12 -1.557675e-01 2.256523e-01 9.616743e-01 -7.331146e+00 0 153894
-2.908516e+12 -1.703099e+11 1.277919e+12 -7.355573e-01 -1.301144e-01 6.648501e-01 -3.999043e+00 0 1
-3.732091e+12 2.150154e+12 -1.144906e+12 -8.435194e-01 3.903315e-01 -3.689394e-01 9.399566e+00 0 2
2.918315e+11 -1.718914e+12 3.517912e+11 2.346256e-01 -5.501808e-01 8.014062e-01 5.505096e+00 0 96031
-3.248408e+11 -7.508679e+12 7.872882e+12 -5.705447e-02 -6.752325e-01 7.353950e-01 8.297606e+00 0 2
4.729576e+11 -3.318163e+11 -1.752863e+12 3.844941e-01 1.880679e-01 -9.037670e-01 5.791480e+00 0 269406
6.818841e+11 -8.166457e+10 -2.459155e+12 3.207425e-01 -4.052698e-01 -8.560845e-01 1.704778e+00 0 1
2.040114e+12 1.389613e+12 -1.404923e+12 8.743827e-01 4.753083e-01 -9.765691e-02 -5.864117e+00 0 1
1.016636e+13 -2.196204e+12 3.552055e+12 9.123218e-01 -9.531708e-02 3.982255e-01 -3.947414e+00 0 1
1.657870e+12 8.708097e+11 -7.985604e+11 7.442560e-01 2.153764e-01 -6.322152e-01 6.939328e-01 0 1
-1.578282e+11 2.353580e+12 -2.671516e+12 6.675330e-05 4.326284e-01 -9.015723e-01 -6.088396e+00 0 2
-1.963158e+12 -3.527591e+12 6.611446e+11 -4.503960e-01 -8.656669e-01 -2.185502e-01 -4.264885e+00 0 1
-1.373535e+12 1.827927e+11 1.240801e+12 -3.771390e-01 -1.914855e-02 9.259587e-01 -1.230663e+00 0 27793
1.886520e+12 1.556112e+12 -7.061203e+11 7.728000e-01 3.905074e-01 -5.002841e-01 -1.484189e+01 0 1
-1.090054e+12 1.850564e+12 1.363955e+12 -1.974547e-02 3.495535e-01 9.367083e-01 8.016384e+00 0 1
4.675177e+11 -7.229948e+11 1.775791e+12 3.711866e-01 -4.492161e-01 8.126656e-01 4.914831e+00 0 77894
-1.221799e+12 1.177814e+12 -4.567920e+10 -2.927964e-01 3.399132e-01 -8.937166e-01 1.198146e+00 0 63421
3.155631e+11 -1.400231e+12 -1.635949e+12 7.130256e-01 -6.540515e-01 -2.526086e-01 1.191128e+01 0 3
-4.996745e+11 9.476625e+11 -1.422427e+12 -1.071500e-01 9.852319e-01 1.335554e-01 -9.585787e+00 0 2
1.528552e+12 -6.895917e+11 3.373300e+11 4.562250e-01 -5.405545e-01 7.068660e-01 -3.230469e+00 0 53617
-1.659646e+12 1.605213e+11 1.754016e+12 -6.254882e-01 5.289674e-02 7.784385e-01 8.164627e+00 0 1
-2.506483e+12 -1.662870e+12 -1.314005e+12 -4.522865e-01 -6.035372e-01 -6.566428e-01 1.196661e+01 0 2
2.491371e+11 -9.542240e+11 -1.939546e+12 1.493733e-01 3.002663e-02 -9.883249e-01 2.114878e+00 0 14806
8.851108e+12 7.386677e+12 -4.661490e+12 6.798296e-01 6.127864e-01 -4.028953e-01 6.871957e+00 0 92842
1.182847e+12 1.475657e+12 5.377138e+11 2.408814e-01 8.866270e-01 3.948022e-01 1.433804e+01 0 1
-1.302493e+12 8.334605e+11 1.145869e+12 -2.259068e-01 8.938436e-01 3.873109e-01 -4.828540e+00 0 36769
4.850179e+11 1.582322e+12 3.712184e+11 4.181516e-01 8.334085e-01 -3.613579e-01 -1.448059e+00 0 9095
-4.751367e+11 2.198315e+12 -2.674696e+11 3.697607e-02 9.820989e-01 1.847012e-01 2.091316e+00 0 2
-2.358875e+12 -5.148589e+11 1.634330e+12 -6.196455e-01 -5.748021e-01 5.344549e-01 4.719110e+00 0 40382
1.509624e+12 -9.703439e+11 -2.745109e+12 1.401829e-01 -5.611040e-02 -9.885345e-01 -5.289929e+00 0 1
-1.444776e+12 1.486584e+12 6.462855e+10 -4.574576e-01 8.430652e-01 2.827959e-01 -9.719427e+00 0 33315
6.720725e+11 1.780855e+12 5.838737e+11 -4.136659e-02 9.987731e-01 2.722235e-02 -2.593647e-01 0 2
-2.997246e+12 -4.223496e+12 -3.317165e+12 -4.468170e-01 -5.383276e-01 -7.145334e-01 3.878005e+00 0 1
7.873031e+11 5.441404e+11 -2.038542e+12 -1.095268e-01 1.836189e-01 -9.768766e-01 -3.144261e+00 0 106419
-3.105898e+11 5.855086e+11 -2.884159e+12 6.743625e-02 7.378166e-02 -9.949918e-01 -6.221382e+00 0 104541
-4.469429e+12 -2.049738e+12 -5.732797e+12 -5.424671e-01 -2.485229e-01 -8.024748e-01 8.617511e+00 0 1
-1.383602e+12 4.865266e+11 8.702755e+11 -5.536612e-01 -4.985588e-01 6.670070e-01 6.213402e+00 0 304197
-4.948832e+10 3.320778e+11 2.318267e+12 -4.810386e-02 1.778841e-01 9.828750e-01 -3.927540e+00 0 34708
-1.127872e+12 3.102684e+11 -1.365705e+12 -4.287757e-01 6.248363e-01 -6.524807e-01 -8.551204e+00 0 2
-3.210978e+11 -1.321857e+12 -1.849796e+12 -2.906228e-01 -7.182273e-01 -6.322088e-01 5.530079e+00 0 93790
-5.166479e+11 9.409790e+11 -1.370972e+12 -7.997156e-01 5.527067e-01 -2.344574e-01 8.443464e+00 0 110167
4.658243e+11 -2.409022e+12 -6.752152e+11 -4.883169e-02 -8.952235e-01 -4.429338e-01 -6.980709e+00 0 524212
-1.178995e+12 2.523310e+12 -6.245044e+11 -4.736778e-02 9.941487e-01 9.708037e-02 -1.503137e+01 0 1
-8.625899e+11 9.435990e+11 -1.352767e+12 -5.247081e-01 3.390274e-01 -7.808597e-01 3.475028e+00 0 9
9.571553e+11 1.596278e+12 2.388289e+11 4.108508e-01 9.047826e-01 1.121160e-01 -2.673131e+00 0 75523
-2.578110e+12 2.262532e+12 -8.199996e+11 -6.635111e-01 7.410432e-01 -1.029955e-01 1.440806e+00 0 1
2.188457e+11 -3.527443e+11 1.798000e+12 2.141999e-01 -5.735034e-01 7.907037e-01 -2.412051e+00 0 6709
-1.191691e+12 -2.844674e+11 1.255931e+12 6.295402e-02 1.251060e-01 9.901441e-01 3.639029e+00 0 66608
1.407465e+13 -1.432536e+13 -8.185280e+11 7.546322e-01 -6.555540e-01 -2.791249e-02 2.494868e+01 0 1
-1.669335e+12 1.570415e+12 -1.002905e+12 -3.279298e-01 9.429989e-01 -5.670230e-02 -5.079655e+00 0 2297
6.322579e+12 3.958316e+11 2.436993e+12 9.476713e-01 -9.700666e-02 3.041528e-01 -2.274251e+01 0 1
1.272568e+12 7.327841e+12 3.517017e+12 -9.678410e-03 8.533375e-01 5.212690e-01 2.000659e+01 0 2
-8.867208e+11 -3.472098e+12 3.104650e+12 -3.077030e-01 -8.283002e-01 4.682283e-01 -1.161161e+01 0 1
-6.985786e+12 -1.365501e+12 -1.104683e+12 -9.774412e-01 -3.667856e-02 -2.079984e-01 1.647621e+00 0 1
2.253751e+12 -8.126192e+11 -1.317827e+12 9.319207e-01 -3.471296e-01 1.049994e-01 4.058525e+00 0 1
-1.545692e+12 1.427975e+11 6.927862e+11 -3.445080e-01 2.907546e-01 8.926231e-01 -6.305734e+00 0 117926
-2.583562e+11 5.943728e+11 -1.776089e+12 -5.559922e-01 8.080894e-01 -1.945873e-01 3.420625e+00 0 2517
-6.171882e+10 -2.234632e+11 3.011132e+12 2.410964e-01 -3.408619e-01 9.086725e-01 6.979202e+00 0 1
-2.915465e+11 -3.387299e+11 1.650079e+12 -2.513755e-01 -3.551316e-01 9.003843e-01 7.532463e-01 0 48163
6.398468e+11 1.224132e+11 -1.603595e+12 1.787400e-02 8.248493e-01 -5.650701e-01 1.145626e+01 0 97626
4.058200e+11 3.541629e+12 1.660029e+12 1.544153e-01 9.347217e-01 3.200802e-01 6.181197e-01 0 2
1.181223e+12 1.881223e+12 7.329575e+11 2.712790e-01 9.625006e-01 4.486836e-04 1.053238e+01 0 73913
-1.525651e+12 8.613388e+11 -4.301057e+11 -8.541331e-01 -3.312249e-01 -4.009323e-01 1.707072e+01 0 1
-1.232388e+12 -8.314049e+11 1.371584e+12 -7.783889e-01 -5.718955e-01 2.589328e-01 5.225186e+00 0 2
-1.295509e+12 -6.424343e+12 9.851081e+12 -1.560524e-01 -4.936002e-01 8.555738e-01 3.360181e+00 0 2
1.501965e+12 2.835967e+12 -5.375496e+11 7.716017e-01 5.943617e-01 -2.266385e-01 -4.267631e+00 0 1
1.669809e+12 -2.338514e+12 2.379936e+09 8.377929e-01 -4.865095e-01 2.478134e-01 3.955176e+00 0 1
1.594330e+12 -5.440961e+12 2.846717e+12 4.154333e-01 -8.160138e-01 4.019162e-01 1.661099e+01 0 2
-3.389101e+11 3.388074e+11 -2.681465e+12 2.403040e-01 5.305678e-01 -8.128664e-01 -6.561466e+00 0 2904
-2.712505e+12 -1.600482e+12 3.549764e+12 -5.554407e-01 -3.980964e-01 7.300719e-01 -3.713148e+00 0 1
-1.521699e+12 1.961320e+12 -7.836501e+11 -3.992809e-01 9.047574e-01 -1.482862e-01 -4.880545e-01 0 119510
8.585492e+11 -8.226079e+11 -2.505338e+12 -3.840058e-02 -2.373227e-01 -9.706716e-01 1.535476e+00 0 267809
6.852983e+11 2.349114e+12 4.909530e+11 1.582359e-01 8.780218e-01 4.517069e-01 4.938881e+00 0 2
-3.167824e+11 2.585511e+12 2.427585e+11 -5.925573e-01 7.963478e-01 1.212682e-01 2.254233e-01 0 1
-1.321553e+12 -4.210081e+11 -1.218213e+12 -7.122505e-01 -2.105575e-01 -6.696004e-01 4.912154e+00 0 1
1.712984e+12 -2.118645e+12 5.879126e+11 8.715215e-01 -4.877313e-01 -5.068045e-02 1.151961e+01 0 3
-9.224520e+11 -1.030291e+12 1.026977e+12 -5.344975e-01 -8.396539e-01 -9.640399e-02 4.420512e+00 0 297773
3.692330e+12 3.079370e+11 4.594507e+12 6.260124e-01 2.369967e-01 7.429274e-01 1.018734e+01 0 2
-2.973075e+11 1.678662e+12 -1.689828e+12 -3.033077e-01 9.252234e-01 -2.279608e-01 1.147740e-01 0 274857
-9.259973e+11 1.073910e+12 1.471836e+12 -3.610927e-02 6.859310e-01 7.267701e-01 -9.501203e+00 0 1
-6.676074e+11 -3.479983e+12 -1.314607e+12 -1.355681e-01 -8.941948e-01 -4.266579e-01 4.680422e+00 0 58643
-6.269033e+11 1.101232e+11 -1.572954e+12 -6.821763e-01 3.244972e-01 -6.552381e-01 -2.557999e+00 0 56573
-2.969655e+12 -3.654899e+12 1.828510e+12 -4.791693e-01 -8.516960e-01 2.121573e-01 2.640411e+00 0 3198
9.669633e+11 1.622848e+12 1.759978e+12 3.709268e-01 8.468529e-01 3.811214e-01 -3.946462e+00 0 2
1.138897e+11 -1.425315e+12 -1.208066e+12 -3.610770e-01 -9.269557e-01 -1.018654e-01 -9.864858e+00 0 124227
-8.820923e+11 2.198588e+12 -3.829106e+11 -6.332594e-01 7.058773e-01 3.173637e-01 1.058853e+01 0 55114
-1.041244e+12 -2.436222e+12 -7.970662e+10 -3.648003e-01 -9.302224e-01 4.008849e-02 -4.033603e+00 0 98751
4.629513e+11 -9.842107e+11 1.470916e+12 7.818497e-01 -4.815256e-01 3.960355e-01 8.611531e+00 0 3
1.070901e+13 1.114816e+13 -9.077863e+12 5.503633e-01 6.677642e-01 -5.011898e-01 -1.336872e+00 0 1
2.756034e+11 -2.797151e+12 -2.492965e+12 3.767126e-01 -5.114111e-01 -7.723641e-01 1.527788e+01 0 2
1.225562e+12 -1.569099e+12 -2.267947e+12 4.983709e-01 -5.969210e-01 -6.287382e-01 4.709699e+00 0 20653
-1.435624e+13 -6.977232e+12 1.021317e+13 -7.615784e-01 -3.458364e-01 5.480835e-01 8.684697e+00 0 2
-1.175458e+12 -7.225995e+10 1.359719e+12 -4.867051e-01 -1.775188e-03 8.735645e-01 7.443265e+00 0 1
-1.118300e+12 -1.494709e+12 1.163394e+12 -2.649084e-01 -9.578260e-01 -1.113238e-01 2.509275e+00 0 2
-5.641418e+11 -1.495187e+12 1.407939e+12 -1.122140e-01 -3.008922e-01 9.470332e-01 -6.213569e+00 0 4
2.513517e+12 -1.795961e+12 1.222057e+12 8.039720e-01 -5.805016e-01 1.290232e-01 -3.874733e+00 0 2
-1.799923e+12 -1.037796e+12 1.644570e+12 -9.731292e-01 -1.793612e-01 1.443919e-01 -3.574399e+00 0 2
-8.541617e+11 -2.833992e+12 -3.297321e+11 -4.885887e-01 -7.601236e-01 -4.283611e-01 -1.381859e+01 0 1
5.521616e+11 1.664220e+11 -1.804094e+12 3.524836e-02 4.531218e-01 -8.907515e-01 1.686401e-01 0 21658
-1.266243e+11 1.593538e+11 1.994065e+12 -4.300668e-02 -4.932062e-01 8.688487e-01 -2.367900e+00 0 8932
-1.667224e+12 5.020402e+11 -5.894955e+11 -8.227763e-01 3.041243e-01 4.801537e-01 4.153753e+00 0 55395
-1.866969e+11 -1.273853e+12 -1.404402e+12 -3.669726e-01 -7.216634e-01 -5.869694e-01 -4.546181e+00 0 1
-1.626839e+12 3.879923e+11 -1.794512e+12 -7.463348e-01 4.567114e-01 -4.841478e-01 -1.434596e+00 0 70588
1.996735e+12 -4.079414e+12 -3.929317e+12 5.200733e-01 -7.061337e-01 -4.805194e-01 -9.875166e-01 0 1
9.303563e+11 1.294487e+12 6.660949e+11 -4.930168e-03 9.754069e-01 2.203565e-01 6.429319e+00 0 185478
2.204487e+12 -1.269021e+12 -1.213915e+12 9.818648e-01 -1.053126e-01 -1.576415e-01 1.540652e+01 0 1
-6.514158e+11 -2.943559e+11 1.548688e+12 -9.558329e-01 1.041129e-01 2.748528e-01 -2.188241e+00 0 21746
-1.749015e+12 -9.491507e+11 -5.604765e+11 -9.047476e-01 -3.782000e-01 -1.959501e-01 -5.609598e+00 0 25563
-2.409265e+12 2.969368e+12 3.459102e+12 -3.169328e-01 7.616761e-01 5.651576e-01 -5.097243e+00 0 46648
8.591051e+11 6.273718e+11 -1.353518e+12 6.942543e-01 6.847070e-01 2.217819e-01 5.234680e+00 0 233167
2.612440e+12 -6.620558e+11 1.036031e+12 8.153920e-01 -8.035031e-02 5.733059e-01 -4.258191e-01 0 83036
6.447277e+12 -1.532782e+12 1.258380e+12 9.320459e-01 -2.714780e-01 2.399794e-01 -6.646241e+00 0 358438
2.196771e+11 -1.146275e+12 -1.696664e+12 -3.779456e-01 -5.568555e-01 -7.396412e-01 1.059626e-03 0 13800
-2.567353e+11 -1.271097e+12 1.369223e+12 1.764148e-01 -3.240980e-01 9.294290e-01 -5.173762e+00 0 1
2.553693e+12 -2.998388e+12 5.105257e+12 3.303675e-01 -5.537554e-01 7.643378e-01 -7.460868e+00 0 1
-2.672942e+11 -1.521103e+12 1.077108e+12 3.116916e-01 -9.501630e-01 -6.211871e-03 1.415011e+00 0 1
2.637958e+11 -1.948836e+12 -3.159387e+11 4.521598e-01 -8.658507e-01 -2.141356e-01 9.352416e+00 0 158517
-2.192715e+12 1.117559e+13 -6.995497e+12 -1.205213e-01 7.836039e-01 -6.094584e-01 9.118981e+00 0 1
-9.466757e+11 1.824636e+12 1.094606e+12 -7.293088e-01 2.012455e-01 6.539182e-01 2.305417e+01 0 1
3.760019e+11 1.654041e+12 -4.614276e+11 -7.965167e-02 8.648725e-01 -4.956321e-01 3.827254e+00 0 1
1.649588e+12 -4.365561e+11 5.445537e+11 5.238968e-01 7.389502e-01 4.236563e-01 5.902597e+00 0 2
-1.646556e+11 -9.696183e+11 1.650432e+12 3.538401e-01 -4.367550e-01 8.270685e-01 8.648624e+00 0 125270
1.382430e+12 8.718628e+11 -1.441529e+12 8.261429e-01 2.167077e-01 -5.201209e-01 3.527746e-01 0 77613
-5.458802e+11 1.125790e+12 1.397881e+12 -5.282781e-01 2.001996e-01 8.251317e-01 -3.739909e+00 0 1
1.866271e+12 1.860934e+10 -1.121703e+12 5.963060e-01 -1.717607e-01 -7.841667e-01 3.999610e-01 0 3
-6.517025e+12 -1.035532e+11 -4.446470e+11 -9.802600e-01 1.009190e-01 -1.700169e-01 2.556676e+00 0 1
-5.537336e+12 7.676609e+12 7.510484e+12 -5.360002e-01 5.354012e-01 6.527245e-01 4.659794e+00 0 2
-1.701592e+11 3.975808e+12 -1.930248e+11 1.915468e-01 9.139879e-01 -3.576814e-01 -1.306605e+01 0 1
1.269355e+12 5.975939e+11 -1.749619e+12 8.788215e-01 2.313306e-01 -4.173235e-01 -5.682646e+00 0 43938
1.772605e+11 2.132175e+12 -5.835710e+11 -1.678702e-01 9.784630e-01 -1.201237e-01 -4.727662e-02 0 2
1.133858e+12 1.141610e+12 -3.200059e+12 5.735030e-01 1.586529e-02 -8.190498e-01 -1.679990e+01 0 1
7.106073e+11 -1.029862e+12 -1.249660e+12 -3.097514e-01 -3.330506e-01 -8.905792e-01 -4.287726e+00 0 100490
-1.503234e+12 -7.327786e+11 -5.309844e+11 9.205844e-04 -6.612967e-01 -7.501239e-01 1.078143e+01 0 2568
-9.627546e+11 5.712801e+11 1.319552e+12 -9.019815e-01 -2.472314e-01 3.539858e-01 5.771666e+00 0 39419
5.319945e+12 3.427290e+09 -3.020487e+12 8.777747e-01 -2.127082e-01 -4.292631e-01 -5.178412e+00 0 1
2.514989e+12 -2.013124e+10 -1.140375e+12 8.678831e-01 1.435856e-01 -4.755651e-01 -3.694873e+00 0 125007
-1.461487e+12 -2.330318e+12 3.306027e+11 -7.622077e-01 -6.290728e-01 1.526655e-01 -4.423368e+00 0 2815
1.785471e+12 -3.530847e+11 2.504325e+11 4.311562e-01 3.237508e-01 8.421934e-01 1.934886e+01 0 1
3.614433e+11 -8.830655e+11 -1.405415e+12 6.530436e-01 -7.568475e-01 2.675663e-02 5.094484e+00 0 40502
-5.765138e+11 2.180110e+12 -4.590416e+10 -6.552274e-01 7.059656e-01 -2.688674e-01 1.584966e+01 0 2
-1.439830e+12 -6.366736e+11 7.358896e+11 -5.817213e-01 -8.038813e-01 1.239962e-01 6.794870e+00 0 2
1.687977e+12 -1.642842e+12 9.599439e+11 6.140953e-01 -7.721145e-01 1.634813e-01 -6.365264e+00 0 470683
5.393831e+12 -8.929836e+12 -1.147708e+13 2.766372e-01 -5.854246e-01 -7.620694e-01 -1.997933e+01 0 1
-2.188515e+12 5.535001e+11 2.032404e+10 -8.253575e-01 5.582923e-01 -8.422983e-02 -1.085679e+01 0 107801
4.131954e+11 3.236569e+12 1.557831e+12 2.104762e-01 9.323694e-01 2.939168e-01 4.917911e+00 0 3
-1.480983e+12 8.274758e+09 -1.049616e+12 -1.583536e-01 2.370422e-01 -9.585067e-01 -1.781651e+00 0 5578
5.502471e+11 -1.561257e+12 -1.133237e+12 8.180864e-01 -4.281098e-01 -3.840009e-01 9.064129e+00 0 156053
-1.557477e+12 -6.157215e+11 4.021520e+11 -6.766722e-01 7.029086e-02 7.329215e-01 -6.513096e-01 0 1
2.568989e+12 -4.678607e+11 8.584333e+11 9.860436e-01 2.718286e-02 1.642533e-01 8.403491e+00 0 1
6.681731e+11 1.702817e+12 7.996806e+10 4.875286e-01 8.580056e-01 1.616858e-01 1.058115e+00 0 2
6.529270e+11 6.049986e+11 1.767527e+12 2.935805e-01 7.874498e-01 5.419717e-01 6.656027e+00 0 2
-8.531284e+12 -1.523199e+12 -6.698602e+12 -7.958165e-01 -1.161954e-01 -5.942850e-01 -7.589264e+00 0 102182
1.988280e+12 -1.642206e+12 6.468258e+11 5.187336e-01 -7.666013e-01 3.784679e-01 -8.007188e-02 0 108146
9.425472e+10 -2.816213e+11 1.946821e+12 -2.255832e-01 -6.952069e-01 6.824951e-01 6.722515e-01 0 2745
-1.707755e+12 4.260293e+11 -9.942317e+10 -9.860839e-01 1.593530e-01 4.738347e-02 4.565110e+00 0 133005
7.319523e+11 -3.391189e+11 1.498205e+12 -6.884096e-02 -5.817242e-01 8.104677e-01 -4.169641e+00 0 120576
-4.584431e+11 -4.303308e+11 1.822770e+12 -6.468506e-01 -1.035274e-02 7.625465e-01 -6.430890e+00 0 382178
1.292852e+12 1.923685e+11 -1.295975e+12 7.791390e-02 5.287205e-01 -8.452124e-01 1.068187e+01 0 1
3.934333e+11 -1.836895e+12 -3.102226e+12 2.086663e-01 -5.030424e-01 -8.386935e-01 6.229940e+00 0 41680
-6.263166e+11 1.688680e+12 1.791307e+12 -1.747506e-01 8.005597e-01 5.732071e-01 -8.367480e+00 0 94235
7.257703e+11 4.212884e+12 -2.310571e+12 -4.425499e-02 7.021380e-01 -7.106643e-01 1.168513e+01 0 1
1.816038e+12 1.544434e+12 -8.250893e+11 7.810600e-01 6.240818e-01 2.161417e-02 -4.708778e+00 0 111564
7.333869e+11 -1.049306e+12 1.178567e+12 1.501614e-01 -7.931989e-01 5.901584e-01 4.286350e-01 0 1
-6.078106e+11 -2.841445e+12 3.576562e+12 -3.847505e-01 -4.524356e-01 8.045303e-01 -2.586654e+00 0 27895
-4.550077e+12 1.922674e+12 -2.318851e+12 -9.336486e-01 1.477885e-01 -3.262804e-01 5.994675e-01 0 1
6.008873e+10 1.374897e+12 2.091827e+12 -1.434099e-01 3.931128e-01 9.082378e-01 3.828731e+00 0 7979
1.603763e+12 7.672247e+11 8.528372e+11 1.370831e-01 9.162146e-01 3.765090e-01 6.774471e+00 0 1
1.114161e+13 1.188819e+13 1.304165e+13 5.104548e-01 5.844966e-01 6.307136e-01 -7.823529e+00 0 1
2.153655e+12 -4.968991e+11 -2.949522e+11 8.759565e-01 -2.141118e-01 4.322688e-01 -2.002962e+00 0 1
-6.529610e+11 -9.844487e+11 -1.223702e+12 -8.823144e-02 -9.957033e-01 -2.811129e-02 -1.383539e+00 0 1
-1.173223e+11 -2.302716e+12 -5.967596e+11 -1.338538e-01 -8.934262e-01 4.288039e-01 -4.259354e+00 0 1
1.427438e+12 -1.021326e+12 4.887698e+10 -7.249077e-03 -8.822515e-01 -4.707226e-01 -1.803487e+01 0 1
-1.313713e+12 2.069085e+12 -2.685137e+12 -3.437103e-02 7.620516e-01 -6.466034e-01 -1.454762e+01 0 2
-4.355242e+11 -8.367358e+11 -1.424072e+12 1.209301e-01 -9.848876e-01 -1.239853e-01 7.349657e+00 0 89028
-1.055602e+12 1.204833e+12 5.720885e+11 -7.444497e-01 8.245971e-02 6.625671e-01 8.799366e+00 0 19054
9.328183e+11 2.178051e+12 4.115587e+11 8.157402e-01 5.303856e-01 2.307791e-01 -7.983258e+00 0 130588
-1.811061e+11 -8.723832e+11 1.454450e+12 -3.109574e-01 3.570114e-02 9.497531e-01 -3.268968e-01 0 115126
9.639927e+12 -9.487122e+12 -1.638885e+12 7.721062e-01 -6.344202e-01 -3.691865e-02 1.980762e+01 0 1
-6.203374e+11 8.713487e+11 -1.383241e+12 -3.741791e-01 9.047839e-01 2.033622e-01 -2.606949e+00 0 1
3.403752e+12 9.285505e+12 1.240675e+12 3.518864e-01 9.358564e-01 1.867707e-02 3.209550e+00 0 1
1.109568e+11 1.743257e+12 8.200471e+10 5.021522e-01 5.302249e-01 -6.831579e-01 -1.014999e+01 0 6993
-8.037445e+11 -1.347585e+12 6.865941e+11 -4.635268e-01 -5.700644e-01 6.783579e-01 -6.569510e+00 0 2
-1.636290e+12 1.021464e+12 -8.629203e+10 -7.701510e-01 1.628058e-01 6.167348e-01 3.771690e+00 0 33258
-7.168394e+11 -1.395127e+12 7.472389e+11 -2.937266e-01 -9.481926e-01 -1.210600e-01 3.339704e-01 0 166295
8.221420e+11 1.535248e+12 9.694578e+11 -1.054972e-01 9.634416e-01 -2.462733e-01 5.887521e+00 0 181332
1.497529e+12 1.062186e+12 9.346140e+11 4.375245e-01 5.019167e-01 7.460911e-01 8.836283e+00 0 1
4.782297e+12 8.742221e+11 1.204164e+12 9.499858e-01 3.105874e-01 -3.259514e-02 1.249323e+01 0 170521
-8.033174e+11 -8.741541e+11 1.687871e+12 -4.868625e-01 -7.066203e-01 5.134712e-01 -2.552312e+00 0 614065
2.435313e+11 8.387023e+11 1.944307e+12 -1.799955e-01 2.407484e-01 9.537515e-01 5.885444e+00 0 2
-1.729958e+12 -1.101494e+12 -7.828063e+11 -9.328742e-01 -2.042938e-01 -2.966645e-01 -1.057727e+01 0 160681
-8.231843e+11 -8.947930e+11 -2.176948e+12 -4.847812e-01 -7.167661e-01 -5.012321e-01 -7.315816e+00 0 2
6.332752e+11 -1.430382e+12 6.598329e+11 -3.630775e-01 -8.176447e-01 4.468019e-01 -9.372003e+00 0 79199
-2.605420e+12 -6.598602e+10 6.584980e+12 -3.049035e-01 -7.598342e-02 9.493474e-01 8.075088e+00 0 97582
-1.828731e+12 -7.681733e+11 2.666776e+12 -6.728209e-01 -5.026790e-02 7.380956e-01 1.791989e+00 0 386292
6.993226e+11 2.136041e+12 -1.177716e+12 2.189282e-02 8.842496e-01 -4.665012e-01 7.222492e+00 0 49816
-1.859913e+12 -4.799781e+11 5.181565e+10 -9.158553e-01 1.939730e-01 -3.515445e-01 -3.785883e+00 0 3
-2.795873e+12 4.495638e+12 4.048242e+12 -4.789959e-01 5.490964e-01 6.848767e-01 -5.761811e+00 0 1
1.541138e+12 1.389127e+12 -6.069622e+11 8.010087e-01 5.260169e-01 -2.858170e-01 -6.538852e+00 0 33843
9.622461e+11 1.259301e+12 -6.112640e+11 2.817661e-01 5.475894e-01 7.878792e-01 -3.250357e-01 0 46046
-4.971405e+11 2.562296e+11 1.612260e+12 -3.223193e-01 3.134885e-02 9.461118e-01 3.211865e-01 0 320289
-7.026630e+11 -2.822149e+12 -7.511559e+11 -9.262175e-02 -8.517260e-01 -5.157363e-01 7.164812e+00 0 1
-7.060091e+11 -1.563498e+12 1.439170e+12 -5.441330e-01 -4.948752e-01 6.775085e-01 -8.969765e+00 0 74321
9.318556e+11 2.539901e+12 -4.188306e+12 2.584570e-01 5.814454e-01 -7.714410e-01 -9.920939e+00 0 1
1.563605e+12 -7.061029e+11 -1.363932e+12 7.931412e-01 -5.066132e-01 -3.380387e-01 1.481993e+00 0 194289
-1.425899e+12 -2.523510e+12 3.980912e+12 -2.817972e-01 -4.047209e-01 8.699376e-01 -9.622850e+00 0 1
-5.330316e+12 8.074206e+12 1.118272e+13 -2.555580e-01 5.719835e-01 7.794389e-01 -1.868172e+01 0 1
4.475762e+12 -2.346489e+12 2.126416e+12 7.143060e-01 -6.246564e-01 3.155491e-01 -1.971171e+01 0 1
1.528547e+12 -1.955312e+12 -7.520884e+11 3.973178e-01 -8.925024e-01 2.134899e-01 -9.659045e+00 0 2806
-2.749877e+12 1.793269e+12 -2.272384e+12 -8.417875e-01 2.913403e-01 -4.544388e-01 -3.402586e+00 0 2
-8.121777e+11 -1.455794e+12 -1.115954e+12 -9.865778e-03 -1.733276e-01 -9.848148e-01 3.363428e+00 0 3
-1.563057e+12 4.915296e+11 1.716160e+12 -7.903098e-01 5.638889e-01 2.396656e-01 -9.323451e+00 0 2
-7.697394e+11 9.581929e+11 2.726180e+12 -1.591869e-01 3.272122e-01 9.314460e-01 2.381421e+00 0 13606
1.944958e+13 -1.657623e+13 3.684369e+12 7.456061e-01 -6.494709e-01 1.491946e-01 1.193644e+01 0 1
9.368688e+11 1.425990e+12 1.900593e+12 5.560099e-01 1.244012e-01 8.218135e-01 -2.458330e-01 0 1
1.326979e+12 -9.188907e+11 5.744565e+11 5.542902e-01 -5.435833e-01 6.303012e-01 -4.012911e+00 0 103442
1.415308e+12 -2.534190e+12 1.782996e+11 4.905159e-01 -8.550161e-01 1.683500e-01 1.712717e+00 0 36789
1.776010e+11 4.333680e+12 -8.438456e+11 1.983125e-01 9.066502e-01 -3.723674e-01 8.930975e-01 0 1
-2.075030e+12 3.079088e+12 1.383663e+12 -4.334667e-01 8.251029e-01 3.623696e-01 3.893742e+00 0 1
1.161692e+12 7.395915e+12 1.822110e+13 2.083614e-02 4.185039e-01 9.079759e-01 1.605816e+01 0 1
-8.660917e+11 -8.066192e+11 1.425085e+12 -7.099110e-02 -8.340579e-01 5.470903e-01 8.857517e+00 0 2458
-2.771212e+12 7.086822e+12 -2.456640e+12 -1.839188e-01 9.592973e-01 -2.142955e-01 -1.783905e+01 0 2
1.888775e+12 3.620134e+11 -8.088941e+10 9.394995e-01 -9.287703e-02 -3.297190e-01 -7.929536e+00 0 205849
1.817183e+12 1.370913e+11 1.872161e+11 8.191968e-01 5.058378e-01 2.702679e-01 9.155497e+00 0 68484
-1.904156e+12 2.726823e+12 2.329356e+11 -3.109093e-01 9.332497e-01 -1.799456e-01 -4.621984e+00 0 2043
1.041900e+12 8.497941e+11 -2.071335e+12 2.198167e-01 5.477137e-01 -8.072733e-01 9.238297e+00 0 136363
1.114429e+12 -1.438247e+12 2.747792e+10 4.905948e-01 -4.892686e-01 -7.210638e-01 -9.619075e+00 0 1
-2.759106e+12 -5.515774e+11 -3.361346e+12 -7.702482e-01 1.865848e-01 -6.098391e-01 -1.880554e+01 0 2
-5.981549e+11 -2.001004e+12 -2.014761e+11 -6.543589e-01 -7.523135e-01 7.641212e-02 -2.686998e+00 0 2
-3.119731e+11 1.099502e+12 1.262947e+12 -9.477519e-01 2.632625e-02 3.179203e-01 1.179986e+01 0 52141
6.646300e+11 1.291071e+12 -9.579396e+11 -6.060381e-01 4.773703e-01 -6.362668e-01 8.890603e+00 0 168330
-1.575193e+12 7.407859e+11 1.799401e+11 -8.610756e-01 3.998302e-01 -3.141413e-01 -4.271733e+00 0 162302
-9.409918e+11 1.021099e+12 -1.109603e+12 -8.436655e-01 5.351602e-01 -4.280229e-02 3.894280e-02 0 90517
-2.442398e+11 -8.984093e+11 1.637713e+12 3.440593e-01 -5.634375e-01 7.511068e-01 -7.396874e-01 0 2
-5.452924e+11 2.411152e+12 -7.196377e+12 -1.701412e-02 1.270159e-01 -9.917547e-01 -9.148633e+00 0 1
-2.765297e+12 5.985144e+12 2.706811e+12 -2.346476e-01 9.231126e-01 3.046369e-01 1.702205e+00 0 2
-3.344219e+12 1.712831e+12 -1.726004e+12 -8.647684e-01 2.736145e-01 -4.210828e-01 -7.340900e-02 0 27157
-3.419932e+12 2.878421e+12 4.584249e+12 -4.273695e-01 6.467007e-01 6.317702e-01 -7.915526e-01 0 1
-5.711954e+11 -1.002971e+12 -5.455663e+12 -1.775481e-01 -3.216807e-01 -9.300528e-01 5.631772e+00 0 1
-9.026413e+11 -2.661356e+12 -1.099881e+10 -1.581167e-05 -9.942543e-01 -1.070443e-01 1.696640e+01 0 2
3.117046e+11 4.864989e+10 1.688818e+12 -6.151684e-01 -4.884532e-01 6.188548e-01 -4.156855e-01 0 24801
8.277393e+11 -1.273785e+12 1.420163e+12 6.977210e-01 -5.366589e-01 4.745342e-01 5.874873e-01 0 42229
3.639627e+11 -1.327859e+12 -1.341867e+12 2.323630e-01 -9.704166e-01 -6.556673e-02 1.078128e+00 0 1
-1.957007e+12 1.513219e+12 -1.724048e+12 -8.416336e-01 4.797710e-01 -2.479368e-01 -1.466158e+00 0 317691
5.056914e+11 -1.409024e+12 -1.013774e+12 4.844268e-01 -1.583384e-01 -8.603834e-01 1.250525e+01 0 1
-7.047192e+11 -1.741666e+12 -1.279776e+11 -3.575654e-02 -8.631765e-01 -5.036347e-01 6.058225e+00 0 24822
5.314319e+11 -1.559710e+12 5.328060e+11 8.843244e-01 -3.548844e-01 -3.033602e-01 6.187419e+00 0 1
3.903603e+11 -2.161428e+12 2.670616e+11 -3.820996e-01 -9.095540e-01 1.634363e-01 -1.670507e+01 0 39466
6.060170e+12 -2.149853e+12 4.661747e+12 8.094168e-01 -8.874737e-02 5.804897e-01 3.165264e+00 0 2
4.280892e+11 -1.519709e+12 8.377546e+11 5.969728e-01 -6.243190e-01 5.038345e-01 4.247951e+00 0 299105
-6.144579e+11 -6.426840e+11 1.520134e+12 -4.724889e-01 4.129291e-01 7.786166e-01 -7.618275e+00 0 201625
-3.427951e+12 -8.488239e+11 6.216820e+11 -9.959371e-01 -3.498356e-03 8.998392e-02 -1.574793e+01 0 1
1.422873e+12 6.274697e+11 -1.533123e+12 6.312494e-01 -2.610156e-02 -7.751405e-01 1.990065e+00 0 1
-1.426978e+12 5.098950e+12 5.196267e+12 -8.430588e-02 7.432562e-01 6.636736e-01 -9.023441e+00 0 202385
4.526444e+11 3.580240e+12 -3.520548e+10 1.101593e-01 9.827308e-01 -1.486781e-01 -7.307527e+00 0 3
-8.338029e+11 1.582221e+12 -1.030276e+12 -5.037705e-01 6.377756e-01 -5.826299e-01 5.087988e+00 0 2
1.266543e+12 -2.597887e+12 -5.852829e+11 5.229528e-01 -8.439895e-01 -1.191727e-01 6.185921e+00 0 46739
-6.684864e+11 4.904893e+11 -1.846008e+12 -7.971840e-01 -9.661261e-02 -5.959561e-01 -1.109473e+00 0 36736
-1.236460e+12 8.676735e+11 -2.887702e+12 -7.116226e-01 8.213725e-02 -6.977440e-01 1.036555e+01 0 1
3.996150e+12 7.656883e+11 5.702423e+11 8.272777e-01 4.598978e-01 3.226539e-01 1.114143e+00 0 1
-7.563328e+11 1.014293e+13 -4.804305e+11 -4.335941e-02 9.971983e-01 -6.095495e-02 -1.290634e+01 0 1
1.793149e+12 -2.017858e+12 -5.030008e+11 5.160959e-01 -7.486134e-01 -4.162006e-01 4.925652e+00 0 1
1.291822e+12 -1.829001e+11 -1.703892e+12 4.414492e-01 5.431516e-01 -7.142191e-01 1.597088e+01 0 1
1.057973e+11 -1.910636e+12 2.427512e+12 5.328383e-01 -4.640109e-01 7.076562e-01 1.562916e+01 0 1
1.386699e+12 -7.383957e+11 -7.180453e+11 8.974832e-01 2.755609e-01 -3.443690e-01 4.840412e+00 0 2
1.005249e+12 -3.257945e+12 1.218441e+12 1.915410e-01 -9.751467e-01 1.113593e-01 1.587271e+00 0 3
-1.672312e+12 3.710479e+11 -5.854176e+09 -7.925351e-01 -5.714368e-01 -2.129506e-01 1.115243e+01 0 96972
-9.966959e+11 1.112685e+12 9.851268e+11 -1.350327e-01 -2.273063e-01 9.644159e-01 -2.066826e-01 0 14872
1.431447e+12 1.983103e+12 -7.581441e+11 6.207684e-01 7.839357e-01 -9.566204e-03 -6.406864e+00 0 246655
7.315192e+11 1.094904e+12 2.180362e+12 1.130440e-01 6.408450e-01 7.593015e-01 1.352573e+01 0 1
-1.951703e+12 2.058763e+12 1.885949e+12 -7.383269e-01 6.082539e-01 2.913771e-01 2.379492e-01 0 115749
-7.089172e+11 1.338080e+12 3.357921e+12 -4.775161e-02 6.740124e-01 7.371750e-01 3.120006e+00 0 2
1.894320e+11 -5.646001e+12 -2.656236e+11 -1.118561e-01 -9.765958e-01 -1.837086e-01 -1.265855e+01 0 194408
-5.437229e+11 2.981936e+11 -2.363248e+12 2.861613e-01 -2.787743e-01 -9.167315e-01 1.122766e+01 0 1
7.718795e+11 1.499154e+12 1.827640e+12 -3.676320e-02 2.775532e-01 9.600066e-01 8.528119e+00 0 1
-3.038885e+11 -1.382231e+12 1.377431e+12 6.360189e-01 -5.145024e-01 5.751237e-01 3.955439e+00 0 1
-2.356337e+12 9.178022e+11 -3.326138e+12 -6.945172e-01 -3.801449e-03 -7.194660e-01 1.203268e+01 0 1
1.756983e+12 -2.314748e+12 -8.154830e+11 2.767177e-01 -8.162519e-01 -5.071097e-01 -1.729888e+00 0 2
-2.909948e+12 9.207650e+11 -5.541167e+11 -9.978363e-01 -6.535340e-02 7.183436e-03 1.506867e+01 0 2
-1.348263e+12 -3.319754e+12 -1.546463e+11 -3.882606e-01 -8.762313e-01 2.854337e-01 -6.751465e+00 0 1
-3.093607e+12 8.794899e+12 -2.582519e+12 -4.053908e-01 8.290332e-01 -3.851783e-01 1.540870e+01 0 2
-1.757326e+11 3.351303e+12 -1.318982e+12 -2.668025e-01 7.305535e-01 -6.285761e-01 -8.054302e-01 0 270195
3.576277e+11 1.488914e+11 -1.677051e+12 5.259210e-01 5.773803e-01 -6.245311e-01 2.465612e+00 0 12560
3.279830e+12 7.472897e+11 4.162820e+11 9.373443e-01 2.035955e-01 -2.827270e-01 -2.578850e+00 0 2
4.511594e+11 1.473195e+12 1.558637e+12 -2.463457e-03 9.557114e-01 2.942953e-01 -8.272450e-01 0 1
-4.798605e+11 -1.066945e+12 1.808859e+12 -3.913214e-01 -5.636233e-01 7.274588e-01 -6.156562e+00 0 27397
9.140063e+11 6.207580e+11 1.333950e+12 8.021765e-01 2.781948e-01 5.283186e-01 -1.059217e+01 0 4
1.649520e+10 -2.265146e+12 1.380112e+12 1.776306e-01 -8.406268e-01 5.116580e-01 -1.113498e+00 0 68832
-1.272469e+12 8.381070e+12 7.575528e+11 2.535448e-02 9.942792e-01 1.037595e-01 -2.614364e+01 0 1
1.091170e+12 1.216672e+12 1.511486e+12 7.052187e-01 2.506001e-01 6.632241e-01 -1.445038e+01 0 1
-8.630365e+12 -2.945254e+12 1.138735e+12 -9.614290e-01 -2.444479e-01 1.260930e-01 3.302792e+00 0 1
7.380570e+11 2.038597e+12 -7.374764e+11 6.266081e-01 7.761786e-01 -7.006484e-02 -1.099076e+01 0 1
-6.820228e+11 1.971163e+12 6.158043e+11 3.849517e-01 9.169081e-01 1.053174e-01 -1.515927e+01 0 107181
-5.840672e+12 1.787019e+11 -6.343354e+12 -6.189820e-01 1.687431e-01 -7.670639e-01 -1.761361e+01 0 2
-1.215596e+11 -9.104125e+11 1.777482e+12 -3.505563e-01 -3.036823e-01 8.859387e-01 9.523005e-01 0 90773
-1.156178e+12 -2.088240e+11 -1.879626e+12 -4.381792e-01 3.523666e-01 -8.269442e-01 -1.296762e+01 0 1
-8.941550e+10 4.951915e+11 -2.883465e+12 -2.465766e-01 4.703064e-02 -9.679815e-01 7.772208e+00 0 3
-9.059355e+11 1.097024e+12 3.347043e+12 -1.896036e-01 1.365769e-01 9.723154e-01 -4.422120e+00 0 1
-2.311105e+11 -4.629301e+11 1.633719e+12 4.907283e-01 2.483318e-01 8.351748e-01 2.076900e+00 0 310710
-1.565623e+12 4.112135e+11 -5.913529e+11 -9.216752e-01 3.670122e-01 -1.257652e-01 6.236434e+00 0 1
-8.770114e+11 1.850668e+12 -7.226031e+11 -5.825734e-02 9.767484e-01 -2.063216e-01 -1.855525e+00 0 1
2.064404e+12 1.011525e+12 -2.593500e+11 9.729174e-01 -9.298293e-02 2.116270e-01 -3.636612e+00 0 2
3.470017e+12 8.643542e+11 7.638352e+12 3.293509e-01 2.356895e-01 9.143185e-01 1.537057e+01 0 1
-1.165069e+12 1.162921e+12 9.589923e+11 -4.985429e-01 8.441587e-01 1.971068e-01 2.875014e+00 0 1
-7.343837e+11 -1.284329e+12 2.145277e+12 3.616964e-01 -5.974327e-01 7.157164e-01 1.905501e+01 0 1
-7.373347e+11 3.999232e+11 -2.038048e+12 -3.662914e-01 5.364486e-01 -7.602983e-01 -8.354773e+00 0 1
1.019558e+12 8.752604e+11 1.241499e+12 9.424383e-01 3.248845e-01 -7.912046e-02 -3.369083e+00 0 247992
-7.866802e+11 2.213730e+12 6.767777e+11 2.541895e-01 8.456512e-01 4.693205e-01 -1.571782e+00 0 1
-4.215953e+12 -1.617539e+12 -1.656386e+12 -8.270784e-01 -5.137449e-01 -2.280516e-01 -3.419699e+00 0 1
1.071800e+13 -6.241333e+12 8.091442e+12 6.470380e-01 -4.897083e-01 5.844036e-01 -2.294853e+01 0 1
-1.134575e+11 -1.665381e+12 7.324895e+11 1.417109e-01 -9.881053e-01 5.971547e-02 -2.227304e+00 0 1
1.815524e+12 -8.371195e+11 6.368699e+11 7.947841e-01 -5.216493e-01 3.101618e-01 -4.628201e+00 0 6068
-7.100649e+11 -9.250375e+11 -1.272098e+12 5.421963e-01 1.432339e-01 -8.279536e-01 1.236073e+01 0 1
-9.003389e+11 -1.188207e+12 -8.353606e+11 5.540818e-01 -4.840904e-01 -6.772369e-01 1.357439e+01 0 18832
-3.848618e+12 9.399520e+11 2.316930e+12 -9.097809e-01 3.298838e-01 2.519431e-01 3.910224e+00 0 2
1.669499e+11 -2.770563e+12 -1.883068e+11 1.557717e-01 -9.448163e-01 -2.881968e-01 -1.543666e+00 0 95563
8.891830e+11 -3.616690e+11 1.456625e+12 9.357817e-01 -1.365431e-01 3.250671e-01 4.024581e+00 0 1
-5.078406e+11 -1.298157e+12 -9.670302e+11 7.572824e-01 -2.594615e-01 -5.993356e-01 1.598417e+01 0 346344
8.891601e+11 1.666669e+12 -3.215853e+11 4.021999e-01 2.797908e-01 -8.717524e-01 -3.456872e-01 0 219905
5.831076e+11 -1.010979e+12 -1.697263e+12 3.530132e-01 -2.161671e-02 -9.353686e-01 -2.848140e-02 0 1
2.290336e+13 7.274024e+12 2.887845e+12 9.555633e-01 2.647124e-01 1.297160e-01 -2.147291e+01 0 1
1.037657e+12 1.493921e+12 -1.130704e+12 8.337982e-01 4.533755e-01 -3.150097e-01 -3.139135e+00 0 41767
-4.188552e+11 1.919313e+12 -1.402880e+11 -1.808132e-01 8.733141e-01 -4.523594e-01 -3.555437e+00 0 7982
-1.649021e+12 -2.309959e+12 9.355289e+11 -7.884189e-01 -4.002307e-01 4.671307e-01 -8.133644e+00 0 217025
2.623239e+12 7.474863e+12 -6.985797e+12 2.330514e-01 7.461840e-01 -6.236157e-01 -6.611180e+00 0 1
8.016911e+12 5.625150e+12 -9.720910e+12 6.402003e-01 3.947175e-01 -6.590460e-01 8.190382e+00 0 1
-2.258760e+12 2.100159e+12 1.445091e+12 -3.923867e-01 5.416534e-01 7.434005e-01 -1.074678e+01 0 1
-1.360759e+12 -6.576126e+10 6.167977e+12 -4.025332e-01 1.335634e-01 9.056091e-01 -9.442805e+00 0 1
1.087817e+12 7.642890e+11 -1.129090e+12 7.757415e-01 3.571153e-01 -5.202825e-01 2.170152e+00 0 1
8.959353e+11 1.024859e+12 -1.011735e+12 1.583314e-01 9.328364e-01 3.236469e-01 6.303411e+00 0 10039
8.494821e+11 2.408911e+12 1.848470e+12 9.513686e-02 7.966464e-01 5.969116e-01 1.254118e+01 0 1
7.275994e+11 -1.505476e+12 6.958101e+11 4.785768e-02 -8.437428e-01 5.346099e-01 -8.943751e+00 0 260084
-1.153080e+12 5.453070e+11 -1.204065e+12 -7.025806e-01 -4.644849e-01 -5.391051e-01 1.009442e+01 0 62726
6.851980e+11 -1.130591e+12 2.302066e+12 3.072865e-01 -1.866537e-01 9.331320e-01 9.662855e+00 0 1423
-4.109722e+12 -2.293654e+12 -3.759646e+12 -6.248909e-01 -4.977695e-01 -6.014457e-01 -5.498129e-02 0 1
7.088635e+11 -1.574788e+12 3.323559e+11 -2.060079e-01 -7.400013e-01 -6.402802e-01 -9.088071e+00 0 128894
-6.652770e+11 -2.862701e+11 -1.700868e+12 -1.257831e-01 3.213797e-01 -9.385594e-01 -7.089956e+00 0 1
-3.545958e+12 1.388624e+12 -2.667318e+12 -5.941744e-01 3.959537e-01 -7.001268e-01 -1.165711e+01 0 1
-5.424530e+12 1.020513e+11 4.638187e+11 -9.790473e-01 1.780147e-01 -9.887992e-02 -1.324979e+01 0 1
-1.623051e+12 4.549622e+11 -5.419984e+11 -2.720669e-01 -8.692899e-02 -9.583439e-01 4.107802e+00 0 217566
-2.848615e+12 6.287748e+10 -1.164783e+12 -7.959083e-01 2.118223e-01 -5.671519e-01 -1.000690e+01 0 1
-3.555964e+11 1.384365e+12 9.149098e+11 -9.463507e-01 3.188553e-01 5.245655e-02 1.018590e+01 0 51330
1.510867e+12 -8.226886e+11 9.349362e+11 3.846986e-01 -6.013882e-01 7.002423e-01 -1.656199e+01 0 2
8.070406e+12 3.299871e+12 -3.747605e+12 8.829844e-01 3.395857e-01 -3.240680e-01 8.445529e+00 0 3
3.942257e+11 -7.430813e+11 -1.577286e+12 1.358501e-01 -2.387406e-01 -9.615340e-01 -9.793606e-01 0 2499
-2.377835e+12 -2.246977e+12 1.168619e+11 -7.571626e-01 -6.081629e-01 -2.384168e-01 -1.273843e+01 0 1
4.490643e+11 1.948713e+12 -9.349495e+11 6.741488e-01 5.946037e-01 -4.381435e-01 -4.752256e+00 0 150292
-7.973971e+11 -1.900430e+12 -5.776020e+11 -5.727901e-01 -8.196407e-01 1.003107e-02 -9.819810e+00 0 107141
-3.552074e+11 -7.488954e+11 1.567715e+12 -5.374825e-01 -6.482306e-01 5.393604e-01 -5.423714e+00 0 113335
8.862679e+11 -1.366262e+12 2.785103e+12 4.917464e-01 -1.813721e-01 8.516394e-01 -2.936519e+00 0 2
1.678689e+12 1.393182e+11 -2.707347e+12 4.784372e-01 4.053585e-01 -7.789623e-01 -1.634430e-01 0 1
-2.383783e+11 -4.971312e+11 3.949538e+12 -2.462599e-01 6.205740e-03 9.691840e-01 3.142579e+00 0 195224
2.610667e+12 -9.412393e+11 -1.239667e+12 7.867934e-01 -3.708771e-01 -4.933623e-01 -5.414837e+00 0 25206
-1.940428e+12 -8.604516e+11 -1.791187e+11 -9.788439e-01 -2.009276e-01 -3.863439e-02 -7.293581e+00 0 265641
1.338522e+12 -1.155077e+12 1.588801e+11 8.142432e-01 2.245945e-01 5.353179e-01 1.342975e+01 0 50925
-9.441032e+11 5.339695e+11 1.329451e+12 -9.595944e-01 2.813710e-01 2.990784e-03 4.180076e+00 0 10633
-3.922715e+11 -1.240748e+12 2.577953e+12 1.606594e-01 -1.253536e-01 9.790174e-01 -7.912295e-01 0 1
6.157638e+11 -3.827781e+11 -2.948283e+12 -1.200510e-01 -1.632112e-01 -9.792599e-01 1.621318e+00 0 25677
-3.558914e+12 -1.177555e+12 -1.807215e+12 -9.446620e-01 -3.133937e-01 -9.694416e-02 -4.116061e+00 0 2476
1.837243e+12 1.646078e+12 1.654222e+12 5.168795e-01 5.409106e-01 6.635144e-01 4.876553e+00 0 34152
-9.814017e+11 -1.326275e+12 2.209126e+12 -6.419411e-01 -1.885391e-01 7.432124e-01 -1.079664e+01 0 1
-1.178468e+12 1.287319e+12 9.092963e+11 -6.088814e-01 7.350942e-01 2.981609e-01 3.878913e+00 0 45910
1.148836e+12 5.615523e+11 1.358520e+12 2.629244e-01 -6.813164e-01 6.831389e-01 -1.151206e+01 0 7909
-1.050819e+12 1.439496e+12 -3.614235e+12 -1.106427e-01 5.979925e-01 -7.938281e-01 -1.024131e+01 0 1
-5.981402e+11 -4.468358e+12 3.064935e+12 1.393534e-01 -8.749240e-01 4.637764e-01 2.697163e+00 0 1
-2.477687e+12 1.174726e+12 2.930131e+12 -3.269494e-01 1.962500e-01 9.244404e-01 -7.502187e+00 0 1
-3.943551e+11 -1.808551e+12 4.805354e+12 9.025082e-02 -2.691098e-01 9.588716e-01 -3.826412e+00 0 2
-2.340751e+11 -1.608501e+12 -1.598146e+12 -5.457316e-01 -5.983549e-01 -5.866417e-01 -1.325339e+01 0 2
-2.081964e+11 1.327190e+12 1.839548e+12 3.581465e-01 6.238049e-01 6.946931e-01 -9.500554e+00 0 4
-2.047026e+11 -4.878193e+11 -2.354149e+12 2.478530e-01 1.111328e-01 -9.624024e-01 -2.903845e+00 0 70901
-7.110345e+11 -5.247626e+11 1.691018e+12 2.210961e-01 -9.963994e-02 9.701486e-01 1.095412e+01 0 1
9.578232e+10 1.244887e+12 1.577072e+12 -1.902303e-01 5.429154e-01 8.179580e-01 8.423950e-01 0 63132
-1.258563e+13 4.951941e+12 -2.454095e+12 -9.522876e-01 2.549215e-01 -1.678196e-01 1.738870e+00 0 1
-1.932074e+12 1.304390e+12 2.386601e+12 -3.170781e-01 5.348025e-01 7.832291e-01 -9.842467e+00 0 2
-1.779512e+12 -9.738684e+11 1.139873e+11 -6.627317e-01 -6.805171e-01 -3.125431e-01 8.936076e+00 0 37632
-5.427970e+11 6.023881e+11 1.665285e+12 -3.814448e-01 -1.456821e-01 9.128399e-01 5.516716e+00 0 1
2.443635e+12 1.916176e+12 9.253805e+11 8.676814e-01 4.969524e-01 1.293775e-02 -1.048695e+01 0 1
1.770906e+12 6.101547e+11 -1.920841e+12 3.707169e-01 -1.654843e-01 -9.138840e-01 -1.072246e+01 0 3847
3.012278e+12 1.506150e+13 4.489983e+12 1.207300e-01 9.574935e-01 2.619743e-01 2.152590e+01 0 1
1.763170e+11 -1.670541e+12 -6.106142e+11 -6.945591e-02 -9.965396e-01 -4.565819e-02 -7.740900e+00 0 107532
1.593236e+12 5.788718e+10 1.169524e+12 2.805009e-01 1.469426e-01 9.485395e-01 -2.963415e+00 0 1
-4.251145e+12 -3.125881e+11 8.329449e+12 -5.646121e-01 -6.291681e-02 8.229548e-01 1.307298e+01 0 1
9.728827e+11 -1.438995e+12 -1.446019e+12 7.532669e-01 -6.375186e-01 -1.617377e-01 2.191778e+00 0 71447
-9.841914e+11 -1.543860e+12 2.912350e+11 -5.859108e-01 -1.972608e-01 7.860004e-01 -2.208589e+00 0 2
1.242678e+12 1.986752e+12 -1.091692e+12 3.843039e-01 9.196589e-01 8.085809e-02 5.471565e+00 0 54566
1.703650e+12 4.912981e+11 8.713143e+11 8.238227e-01 -5.157041e-01 2.352986e-01 -1.891203e+01 0 1
-1.521004e+12 5.844891e+10 2.951663e+12 -6.973503e-01 2.487557e-01 6.721779e-01 -6.902076e+00 0 24978
2.089952e+12 5.770044e+11 4.300766e+12 4.432185e-01 3.661516e-02 8.956655e-01 -8.110634e+00 0 3
-4.894539e+12 1.615768e+12 4.039026e+11 -9.614167e-01 2.749590e-01 -8.684666e-03 -8.467559e+00 0 1
-1.337450e+12 2.037212e+13 -1.382403e+13 -1.009155e-01 8.220730e-01 -5.603678e-01 1.819680e+01 0 1
1.237393e+12 -1.525470e+12 -2.517333e+12 1.915666e-01 -5.707059e-01 -7.984967e-01 -6.054180e+00 0 24021
-7.158669e+11 2.831165e+12 -2.188893e+11 -3.157370e-01 9.334633e-01 1.701658e-01 6.238039e+00 0 1
3.377834e+12 -2.724640e+12 3.368663e+12 6.465686e-01 -6.125492e-01 4.546784e-01 7.950751e-01 0 20584
6.463506e+11 -1.304680e+12 -9.260637e+11 4.894225e-01 -7.018323e-01 5.175877e-01 7.992995e+00 0 1
-4.964387e+12 -2.224428e+12 -1.206735e+12 -9.742868e-01 -1.719704e-01 -1.455729e-01 -7.228415e+00 0 320565
1.777614e+12 1.393582e+12 6.872180e+11 6.226843e-01 7.585483e-01 1.920124e-01 7.670971e+00 0 18153
9.396095e+11 -1.765861e+12 6.091038e+11 3.731265e-01 -8.893200e-01 2.643605e-01 -5.610946e+00 0 27333
3.102940e+10 -3.070205e+12 -4.609398e+10 2.862326e-01 -8.347384e-01 -4.704069e-01 3.583109e+00 0 5948
9.235466e+11 -3.074240e+11 -2.572069e+12 -9.612473e-02 -3.751588e-01 -9.219631e-01 -7.803694e+00 0 62868
-4.850362e+11 5.342919e+11 -3.220146e+12 2.879999e-01 4.400678e-02 -9.566188e-01 1.799891e+00 0 104001
-1.373886e+12 -1.453916e+12 7.586843e+11 -7.853290e-01 -2.068345e-01 5.835049e-01 -1.162847e+01 0 321534
1.565268e+12 -6.780566e+11 1.898468e+11 6.567339e-01 -1.690058e-01 7.349406e-01 5.004371e+00 0 63168
6.767886e+11 -3.249966e+11 2.674775e+12 -1.143602e-01 -5.636862e-02 9.918389e-01 -2.375617e+00 0 3
1.910008e+12 7.586570e+11 2.636953e+12 4.853236e-01 6.634033e-01 5.695236e-01 3.184120e-01 0 1
-3.145878e+12 -6.261381e+12 -1.830857e+11 -2.956471e-01 -9.492016e-01 1.077461e-01 5.169857e+00 0 222024
-2.754533e+12 3.755557e+12 2.687107e+12 -4.130372e-01 7.242318e-01 5.521672e-01 -9.789225e+00 0 1
1.116173e+12 -3.033202e+11 1.295961e+12 6.870574e-01 -2.202288e-01 6.924243e-01 -3.438985e+00 0 484848
1.240485e+12 -9.865209e+11 -1.389347e+12 9.015598e-01 -4.326374e-01 -3.838397e-03 4.254799e+00 0 71671
1.674595e+12 -1.216984e+12 3.075356e+12 4.833895e-01 -8.162157e-02 8.715919e-01 -6.429120e+00 0 1
1.218766e+12 -4.991470e+12 -1.879704e+12 2.952991e-01 -8.495655e-01 -4.370777e-01 -3.951200e+00 0 2
-5.259453e+09 8.438324e+12 4.965913e+12 -1.118643e-01 8.388961e-01 5.326723e-01 1.633968e+01 0 1
3.973240e+11 1.660950e+12 3.951684e+11 -2.842046e-01 7.141496e-01 6.397016e-01 1.036056e+01 0 205471
-9.238613e+10 -1.232443e+12 -1.232319e+12 -6.775899e-01 -7.344879e-01 3.740784e-02 -3.634689e+00 0 85564
8.123191e+11 -1.836341e+12 -1.274348e+12 1.233186e-01 -8.840919e-01 -4.507484e-01 5.121831e-01 0 31606
5.728871e+11 -4.087876e+12 3.667465e+12 -6.121514e-02 -7.055688e-01 7.059925e-01 -5.933261e-01 0 2
-6.620295e+11 -4.672675e+11 2.347386e+12 -1.629017e-01 1.013400e-02 9.865903e-01 -7.144014e+00 0 89702
-1.278731e+12 3.020143e+12 -1.619900e+12 -4.196069e-01 8.105904e-01 -4.085013e-01 9.167786e+00 0 1
-8.411103e+11 -7.612187e+11 -1.498373e+12 -9.844911e-01 4.226660e-02 -1.702667e-01 -1.693890e+01 0 1
1.718140e+12 -2.644112e+11 -1.279456e+12 6.649338e-01 -3.017502e-02 -7.462925e-01 -1.922672e+00 0 149087
-1.010840e+11 -1.692176e+12 -7.914831e+11 3.119866e-01 -9.465008e-01 8.246623e-02 2.932239e+00 0 155367
-2.956557e+12 3.883016e+12 6.768939e+12 -3.903886e-01 5.425898e-01 7.437695e-01 -1.376456e+01 0 3
2.371689e+12 -5.616687e+11 1.202495e+12 9.715820e-01 -2.095920e-01 1.099987e-01 -1.675207e+00 0 704685
-5.402938e+10 -3.738269e+11 -1.736697e+12 -4.573261e-01 -5.672281e-01 -6.849125e-01 6.486375e+00 0 3
1.634808e+12 3.556206e+11 -3.854852e+12 1.559544e-01 1.200117e-02 -9.876913e-01 4.406233e+00 0 2
2.233313e+11 -3.254496e+11 -1.777106e+12 -3.622518e-01 -3.315173e-01 -8.711314e-01 -1.203310e+00 0 119276
2.053994e+12 -1.555836e+12 3.243125e+12 5.675775e-01 -4.072675e-01 7.155340e-01 6.036656e+00 0 325425
-4.330280e+12 -1.658091e+12 4.057036e+12 -6.416396e-01 -5.035757e-01 5.785413e-01 1.251147e+01 0 1
6.456083e+12 2.571322e+12 1.300853e+12 8.665888e-01 4.958019e-01 5.660627e-02 1.410224e+01 0 1
-1.627688e+13 1.549506e+12 -5.568470e+12 -9.430839e-01 1.723082e-02 -3.321081e-01 5.022904e-01 0 1
6.798325e+11 1.314152e+12 8.412122e+11 -2.550675e-01 9.652710e-01 -5.650235e-02 9.843030e+00 0 5710
1.732691e+12 5.800631e+11 1.313912e+12 9.615195e-01 -2.646516e-01 7.375477e-02 -2.942327e+00 0 1
-1.960800e+13 -7.326794e+12 -7.023955e+12 -8.660881e-01 -3.811819e-01 -3.234064e-01 -3.233991e+00 0 1
1.202081e+12 -4.516950e+12 4.633761e+11 1.614821e-01 -9.243031e-01 3.458141e-01 -7.259427e+00 0 1
-7.284481e+11 -7.781954e+11 -1.329428e+12 -6.657568e-01 9.798261e-02 -7.397075e-01 -1.294663e+00 0 12847
-2.951234e+11 -2.921742e+12 1.660261e+12 1.117712e-01 -7.519431e-01 6.496836e-01 -4.777416e-01 0 13829
9.877444e+11 -1.533823e+12 -1.484825e+12 5.087854e-01 -2.516644e-01 -8.232876e-01 -2.807071e-01 0 21817
9.111150e+10 -3.101999e+11 1.670146e+12 6.687751e-01 -2.538104e-01 6.987991e-01 2.533456e+00 0 10103
7.377518e+11 1.468585e+12 -8.378041e+11 -2.796454e-01 9.571076e-01 7.578534e-02 -7.458931e-02 0 1
1.063608e+12 -4.322353e+11 -1.301019e+12 -3.134769e-01 2.222824e-01 -9.232133e-01 4.191578e+00 0 26503
1.770993e+12 -3.773435e+11 2.271371e+12 3.688372e-01 8.743099e-02 9.253729e-01 1.069188e+01 0 1
-3.168956e+11 -2.060364e+12 8.771894e+11 1.114749e-01 -9.920537e-01 -5.833319e-02 3.074389e+00 0 48356
-2.673609e+11 4.964939e+11 -1.599685e+12 9.024239e-01 1.303831e-01 -4.106474e-01 -2.647111e+00 0 16666
1.359904e+12 -3.409973e+11 1.364442e+12 6.537943e-01 -2.763053e-01 7.044206e-01 2.483869e+00 0 4
-2.880753e+12 -1.810484e+12 -2.308269e+12 -6.677674e-01 -4.879406e-01 -5.621394e-01 8.737557e+00 0 53702
1.367300e+12 2.223320e+12 1.218210e+11 8.792751e-01 3.812843e-01 2.854778e-01 -5.357147e-01 0 1
8.570880e+11 -2.482440e+12 -1.972388e+11 6.230989e-01 -7.775857e-01 8.431037e-02 1.299603e+01 0 1
-1.382313e+12 -4.661477e+11 1.265152e+12 -3.934567e-02 7.189355e-02 9.966360e-01 4.068033e+00 0 93189
7.103686e+12 -1.143051e+13 -2.834655e+12 5.191131e-01 -8.044651e-01 -2.887169e-01 -7.849140e+00 0 2
-2.239692e+11 7.864989e+11 -1.496337e+12 -8.007825e-01 1.474522e-01 -5.805216e-01 -5.059673e-01 0 2
-1.277235e+12 -1.891344e+12 9.811449e+11 -1.824497e-01 -9.756559e-01 1.216869e-01 1.098202e+01 0 84584
-1.228521e+12 9.405392e+11 -6.952010e+11 -7.234404e-01 -1.637109e-01 -6.706958e-01 7.401047e+00 0 8711
-9.715116e+10 1.674795e+12 -1.492492e+12 1.739537e-01 5.506204e-01 -8.164296e-01 -7.406242e+00 0 37701
2.949616e+10 -1.582391e+12 1.385896e+12 -8.892649e-03 -4.259196e-01 9.047173e-01 3.210346e+00 0 22169
6.460307e+11 -1.897315e+12 -2.089604e+11 1.670658e-01 -9.671802e-01 -1.914456e-01 1.210950e+00 0 194218
1.313088e+12 1.535449e+12 -5.436153e+11 5.110542e-01 7.036246e-01 4.936963e-01 -3.493786e+00 0 180301
6.754164e+12 1.247975e+13 -8.196804e+12 4.671129e-01 7.528011e-01 -4.637845e-01 1.897159e-01 0 1
2.037003e+12 8.009205e+11 2.952104e+10 6.484292e-01 6.234650e-01 4.368419e-01 3.273962e+00 0 233206
-3.810740e+12 1.760354e+12 2.032598e+10 -8.917406e-01 3.312003e-01 -3.083911e-01 -6.085113e+00 0 1
2.404884e+12 -5.053396e+11 1.405891e+12 9.954792e-01 -8.113988e-02 4.937169e-02 -1.752884e+00 0 36422
-9.497235e+11 1.655637e+12 -9.974772e+11 -6.371252e-01 7.275090e-01 2.545627e-01 6.695888e+00 0 14135
-7.583598e+12 -6.454744e+11 -6.395772e+12 -7.187956e-01 -2.791545e-02 -6.946607e-01 6.835171e+00 0 1
-9.523933e+11 -5.044374e+12 9.344180e+09 -2.713063e-01 -9.460011e-01 1.774116e-01 -1.052500e+01 0 1
3.622217e+12 -3.168431e+10 1.910516e+11 9.156110e-01 2.875421e-01 2.810268e-01 1.320008e+01 0 2
-2.344891e+12 -6.197424e+11 -1.283505e+12 -9.225400e-01 -2.304470e-01 -3.095385e-01 3.904400e+00 0 146222
-1.324197e+11 -1.597455e+12 -5.618944e+11 -7.079113e-01 -1.482981e-01 -6.905573e-01 -1.409246e+01 0 105462
1.637292e+12 2.960543e+12 -5.769366e+11 6.502450e-01 7.030810e-01 -2.878517e-01 -1.269500e+01 0 278343
-1.397511e+12 2.340134e+11 1.038444e+12 -8.858107e-01 5.810028e-02 -4.603952e-01 7.705954e+00 0 1
1.974844e+12 4.703687e+12 4.181891e+11 3.091767e-01 9.092702e-01 2.786351e-01 1.117536e+01 0 1
1.224594e+12 5.261709e+11 3.264430e+12 -3.706776e-02 -2.003499e-02 9.991119e-01 3.736509e+00 0 1
-1.415613e+12 -9.744411e+11 4.761691e+11 -8.875782e-01 -3.260818e-01 -3.253852e-01 -3.626774e+00 0 250569
-1.499612e+12 1.833603e+12 1.561414e+12 -1.101806e-01 3.966081e-01 9.113519e-01 3.383822e+00 0 1
9.086211e+11 -1.286177e+12 -6.335283e+11 3.471099e-01 -2.952419e-01 8.901387e-01 3.040002e+00 0 108057
6.513375e+11 1.658855e+12 -3.060899e+12 3.091455e-01 4.512010e-01 -8.371658e-01 -8.270592e+00 0 1
1.497213e+12 1.501549e+12 8.155597e+11 8.353254e-01 5.345332e-01 1.284744e-01 2.245863e+00 0 3
-1.501793e+12 9.160002e+11 -2.657001e+12 -3.187111e-01 2.903828e-01 -9.022755e-01 2.424900e+00 0 6994
2.789568e+12 2.923145e+12 -3.328662e+12 5.912011e-01 6.929869e-01 -4.126142e-01 7.011326e+00 0 80818
2.240177e+12 7.250349e+11 -1.495447e+12 7.226035e-01 -3.520151e-01 -5.949198e-01 -1.668776e+01 0 1
1.247856e+12 -6.997966e+11 -9.162594e+11 5.548983e-01 -1.962225e-01 -8.084458e-01 1.839142e+00 0 78774
1.311886e+12 9.988949e+11 -9.418584e+11 7.137618e-01 3.532075e-01 -6.048045e-01 1.449561e+00 0 10
5.245218e+10 -1.551331e+12 -7.480269e+11 7.949243e-03 -9.622080e-01 2.721997e-01 -1.439794e+00 0 78013
1.663255e+12 1.346048e+11 -6.931464e+11 9.447803e-01 2.713308e-01 -1.837655e-01 -8.922737e-01 0 18963
-3.472183e+12 5.492611e+12 1.036959e+13 -1.762374e-01 5.085661e-01 8.427935e-01 -8.969857e-01 0 3
5.190195e+11 -1.648028e+12 -9.573012e+11 -5.441747e-01 -6.932082e-01 -4.725846e-01 -6.013443e+00 0 1
-2.747797e+12 8.644548e+12 -1.397845e+12 -4.156130e-01 8.831621e-01 -2.174637e-01 1.949651e+01 0 1
-2.222985e+12 -1.510381e+12 2.734537e+12 -7.549455e-01 -1.361016e-01 6.415089e-01 -3.317606e+00 0 6
-4.821070e+12 1.066222e+13 1.258619e+11 -4.163701e-01 9.075020e-01 5.546207e-02 1.270629e+01 0 3
-2.564196e+12 2.653035e+12 1.867559e+12 -8.230634e-01 5.044882e-01 2.608798e-01 4.474809e+00 0 2
-2.344097e+12 3.572701e+12 -5.888161e+11 -6.464504e-01 7.590341e-01 7.725926e-02 1.233080e+01 0 1
2.601048e+12 2.608699e+12 -6.302520e+11 4.868713e-01 8.710246e-01 -6.536361e-02 5.839488e+00 0 222880
-2.118663e+12 3.088852e+12 2.302045e+11 -7.289855e-01 6.845057e-01 -5.657136e-03 1.240912e+01 0 113646
-2.210211e+11 1.130001e+12 -1.280237e+12 -2.373922e-01 5.725663e-01 -7.847374e-01 -2.030408e+00 0 24498
1.615271e+12 -1.266080e+12 2.299873e+11 9.764939e-01 4.809699e-02 -2.101105e-01 1.677034e+01 0 1
-4.055256e+11 1.596351e+10 1.648839e+12 -2.242890e-01 -2.690038e-01 9.366597e-01 2.203061e+00 0 2691
-2.757177e+12 1.535704e+12 3.784385e+12 -5.615831e-01 1.832821e-01 8.068656e-01 6.771779e+00 0 4
-4.442848e+10 -9.579460e+10 -1.878848e+12 -2.657359e-01 1.250394e-02 -9.639648e-01 4.947274e+00 0 55314
-7.600966e+08 2.184151e+12 2.529245e+11 -3.467999e-01 9.341448e-01 -8.428061e-02 1.193724e+01 0 4
1.334202e+12 -1.269192e+12 -6.061724e+11 8.119601e-01 -5.747943e-01 1.016480e-01 5.622086e+00 0 91384
2.066030e+12 -6.610650e+11 1.009739e+12 8.683245e-01 1.718885e-01 4.652600e-01 1.429442e+01 0 2
1.487459e+12 -5.369116e+11 -6.168537e+11 5.283557e-01 3.115829e-01 -7.897825e-01 5.743314e+00 0 39746
8.885092e+10 1.905647e+12 -4.033846e+11 -6.347699e-01 6.657774e-01 3.921831e-01 1.527542e+01 0 46004
7.924829e+10 1.691149e+12 -1.706904e+11 -6.663984e-01 4.343059e-01 6.060458e-01 8.059070e+00 0 18928
-3.088765e+12 -7.522663e+11 -4.319196e+12 -6.641340e-01 8.047817e-02 -7.432693e-01 -1.884748e+01 0 1
1.270919e+11 4.973582e+11 -1.626977e+12 -6.607806e-01 2.981272e-01 -6.888317e-01 7.567414e-02 0 211828
-4.726063e+11 3.170962e+12 -8.679164e+11 -2.506425e-01 9.011229e-01 -3.537738e-01 -4.685796e+00 0 9748
-1.704251e+12 5.472394e+11 -1.484609e+12 -9.571595e-01 1.286058e-01 -2.594346e-01 -2.121899e+00 0 4
-4.522924e+12 3.719472e+12 -6.701810e+12 -6.035689e-01 3.839912e-01 -6.987527e-01 -2.073174e+00 0 3
-1.602983e+12 -7.509650e+11 -8.957219e+11 -6.195175e-01 -5.412705e-01 -5.685282e-01 7.698473e+00 0 1
1.240586e+12 3.360526e+12 1.301663e+11 2.276534e-01 9.729541e-01 3.917043e-02 -1.287203e+00 0 1
-3.305163e+12 4.332625e+12 4.286381e+12 -4.439826e-01 7.173251e-01 5.369582e-01 -1.129860e+01 0 2
-6.214545e+11 -1.755196e+12 -3.862998e+12 1.176166e-01 -4.592268e-01 -8.804982e-01 1.311100e+01 0 1
2.535773e+12 -5.699547e+11 7.943138e+11 6.691802e-01 -7.132286e-02 7.396695e-01 -3.968141e+00 0 109257
-5.111371e+10 7.327959e+11 3.269242e+12 2.637742e-01 5.494204e-01 7.928180e-01 -1.134555e+01 0 1
1.727915e+12 1.001452e+12 1.437519e+12 1.733805e-01 8.581636e-01 4.832126e-01 2.200571e+01 0 1
6.150855e+10 2.103665e+12 -1.009794e+12 -8.148997e-02 5.246139e-01 -8.474312e-01 4.264908e+00 0 154771
1.155916e+12 1.233708e+12 -7.943426e+11 3.917915e-01 -1.383490e-01 -9.095927e-01 -3.784323e+00 0 135470
2.909322e+12 5.367271e+12 1.968939e+12 5.680438e-01 7.970394e-01 2.050717e-01 4.643886e+00 0 3
2.101466e+12 4.474881e+11 -5.495795e+12 3.929331e-01 1.689964e-01 -9.039047e-01 -6.932396e+00 0 1
2.385977e+12 -3.151476e+12 2.569387e+11 5.123085e-01 -8.497022e-01 -1.246844e-01 -9.329371e+00 0 190337
-9.141483e+11 -2.505709e+12 6.882392e+12 -4.658338e-02 -4.746442e-01 8.789442e-01 -1.831675e+00 0 30885
-3.197830e+11 -1.994769e+12 -9.278196e+11 -4.931637e-01 -8.488110e-01 -1.905502e-01 -5.328613e+00 0 10
1.363198e+12 2.023463e+12 -1.661976e+11 7.489651e-01 4.876731e-01 4.485824e-01 -1.035180e+01 0 46395
-3.702632e+12 1.523780e+12 -8.919145e+11 -8.594452e-01 5.091023e-01 4.656975e-02 -1.011520e+01 0 3
-3.621091e+12 -4.044080e+12 -2.221187e+12 -7.962293e-01 -5.042199e-01 -3.343371e-01 -5.749531e+00 0 1
-2.013766e+12 -2.934752e+11 -1.714738e+12 -9.459651e-01 2.656100e-02 -3.231787e-01 -8.376544e+00 0 43785
6.320050e+11 1.127742e+12 -1.655232e+12 1.750298e-01 -2.379688e-02 -9.842755e-01 5.397929e+00 0 1
-3.885968e+11 -1.157433e+11 1.807081e+12 5.255853e-03 1.573756e-01 9.875248e-01 -4.371571e+00 0 99291
-1.309293e+13 4.321236e+12 -9.822219e+12 -7.294161e-01 2.893435e-01 -6.198649e-01 4.684267e+00 0 1
1.733145e+12 7.356804e+11 -6.671997e+11 4.845818e-01 8.674821e-01 1.124956e-01 7.509314e+00 0 3
9.349294e+11 -1.434960e+12 -9.471578e+11 9.479162e-01 -2.311498e-01 2.191453e-01 1.351671e+01 0 16392
4.675757e+11 -1.601285e+12 1.845415e+12 1.765495e-01 -9.532680e-01 2.451741e-01 5.381187e+00 0 1
-9.438710e+11 -3.012643e+11 1.977867e+12 -2.091192e-01 3.450354e-01 9.149971e-01 -7.306133e+00 0 105546
2.923296e+12 6.858965e+11 -1.095551e+12 8.602300e-01 5.070081e-01 5.428776e-02 1.055432e+01 0 1
1.929697e+12 7.657688e+11 -1.979022e+11 6.668145e-01 2.466458e-01 -7.032242e-01 6.776370e+00 0 3
-1.494433e+12 -5.574708e+11 1.203896e+12 -4.240226e-01 -6.444630e-01 6.362957e-01 1.169015e+01 0 2
2.527008e+11 2.169257e+12 -3.008183e+12 -4.449938e-02 3.180518e-01 -9.470284e-01 7.022756e+00 0 1
1.044366e+12 2.599592e+11 2.708172e+12 7.944242e-02 -8.548584e-02 9.931672e-01 8.318030e+00 0 1
-3.822689e+12 -6.650185e+11 1.392799e+12 -8.001555e-01 -3.387990e-01 4.949408e-01 -1.593811e-01 0 1
-6.032820e+12 -2.636617e+11 -3.225788e+10 -9.998190e-01 7.502260e-03 1.748295e-02 4.121487e+00 0 3
5.588016e+10 9.046458e+11 -1.450820e+12 5.741998e-01 1.010963e-01 -8.124495e-01 -7.890973e+00 0 15849
-5.120620e+12 2.421011e+12 -2.799588e+12 -7.938720e-01 4.922432e-01 -3.570209e-01 1.676461e+00 0 2
-9.265483e+12 -1.029702e+13 1.121615e+12 -6.708014e-01 -7.374871e-01 7.834717e-02 8.523279e+00 0 3
4.941991e+11 2.079554e+11 1.892114e+12 6.996831e-01 6.108859e-01 3.704888e-01 3.425169e+00 0 141450
