# 781
-6.864061e+12 -1.241412e+13 3.241874e+12 -7.141214e-01 5.146573e-01 4.745087e-01 0.000000e+00 1
-1.368250e+12 2.519589e+12 1.107682e+13 2.499953e-01 4.370302e-01 -8.640063e-01 0.000000e+00 1
8.893417e+12 3.929114e+12 -1.165213e+13 -8.583283e-01 1.847271e-01 -4.786946e-01 0.000000e+00 1
5.211434e+12 6.949925e+12 5.937639e+12 -4.210802e-01 9.061517e-01 -3.975651e-02 0.000000e+00 1
4.260811e+12 -4.015289e+12 1.146383e+13 2.174513e-01 -4.349275e-01 8.738152e-01 0.000000e+00 1
-1.984159e+12 -5.333516e+12 9.847689e+12 -2.128505e-01 5.446747e-01 8.111869e-01 0.000000e+00 1
5.233477e+12 -3.839784e+12 1.068211e+13 5.941459e-01 -4.924927e-01 -6.359573e-01 0.000000e+00 1
-7.164171e+12 -6.985041e+12 -5.964195e+12 -1.018871e-01 8.792520e-01 -4.653331e-01 0.000000e+00 1
1.611217e+12 -2.040246e+12 -2.287093e+12 -5.687344e-01 7.654297e-01 -3.010955e-01 0.000000e+00 1
-1.229975e+13 -6.790474e+12 2.696975e+12 8.734645e-01 7.879712e-02 -4.804693e-01 0.000000e+00 1
-2.469947e+11 -9.624349e+12 1.334054e+13 -9.302245e-01 -2.070916e-01 3.029776e-01 0.000000e+00 1
4.348644e+11 9.490840e+12 -8.662240e+12 2.769068e-01 -2.595145e-01 9.251891e-01 0.000000e+00 1
1.088566e+13 1.106806e+13 1.017887e+12 -7.354491e-01 5.878779e-01 -3.369187e-01 0.000000e+00 1
-6.408204e+12 -3.219141e+12 -9.398802e+12 2.427945e-01 -9.663827e-01 8.458903e-02 0.000000e+00 1
1.355360e+13 9.847674e+11 -9.061554e+12 3.904927e-02 9.838630e-01 -1.746101e-01 0.000000e+00 1
-4.426323e+11 1.154988e+12 -5.069174e+11 7.947124e-01 2.363425e-01 5.590836e-01 0.000000e+00 1
1.086656e+13 4.079577e+12 -1.191909e+13 5.527364e-01 -7.514875e-01 3.602070e-01 0.000000e+00 1
-5.438051e+12 3.807348e+12 3.917927e+12 3.030094e-01 -8.474891e-01 -4.358297e-01 0.000000e+00 1
-6.387843e+11 5.296883e+12 -1.338901e+13 -4.251197e-01 7.560535e-01 4.976508e-01 0.000000e+00 1
-1.209596e+13 3.138117e+12 -3.063492e+11 -7.167310e-01 2.530162e-01 -6.498304e-01 0.000000e+00 1
6.132930e+12 -1.786253e+10 1.387980e+13 8.220954e-01 4.331156e-02 -5.677000e-01 0.000000e+00 1
3.748789e+12 -8.394454e+12 4.289091e+12 -9.278867e-02 -2.003012e-01 9.753306e-01 0.000000e+00 1
-1.239793e+13 3.755877e+12 -8.817179e+12 -1.297425e-01 -9.557574e-01 -2.639976e-01 0.000000e+00 1
-5.024286e+12 6.290349e+12 8.725767e+12 7.380440e-01 -4.549174e-01 4.983385e-01 0.000000e+00 1
-1.590755e+13 -1.747821e+12 -3.433545e+12 9.085193e-01 3.376488e-02 -4.164764e-01 0.000000e+00 1
-9.496744e+12 7.983842e+12 -3.372409e+12 2.392640e-01 1.894535e-02 9.707697e-01 0.000000e+00 1
-1.290991e+12 3.488585e+11 -5.594402e+12 5.624326e-01 2.746899e-01 7.798814e-01 0.000000e+00 1
5.984139e+12 1.876679e+12 -1.130353e+13 -2.353831e-01 7.326666e-01 6.385878e-01 0.000000e+00 1
-1.179045e+13 -3.992071e+12 1.029804e+13 -7.084837e-01 -6.712953e-01 -2.177462e-01 0.000000e+00 1
-4.933947e+12 -6.492813e+12 -7.268825e+12 -4.188363e-01 -7.502451e-01 5.115745e-01 0.000000e+00 1
-2.617768e+12 9.655088e+12 -1.003812e+13 -5.779830e-01 -8.054020e-01 1.313897e-01 0.000000e+00 1
8.970538e+10 -5.923600e+12 -7.499921e+12 9.190950e-01 -5.333053e-02 3.904104e-01 0.000000e+00 1
-6.081069e+12 -1.371909e+13 7.411319e+12 5.949348e-01 -8.031559e-01 -3.151474e-02 0.000000e+00 1
3.118413e+11 1.390715e+11 6.046446e+12 -8.737473e-01 3.239955e-01 3.627570e-01 0.000000e+00 1
9.610589e+12 7.482371e+12 -4.119970e+12 1.236674e-01 -5.754604e-01 8.084254e-01 0.000000e+00 1
1.007914e+13 -1.067022e+13 -3.340336e+12 4.722816e-01 7.099911e-01 5.223626e-01 0.000000e+00 1
-1.554253e+13 6.363162e+10 1.713336e+10 7.344490e-01 3.149756e-01 -6.011447e-01 0.000000e+00 1
3.919415e+12 1.259476e+13 -6.135439e+12 -6.206102e-02 -6.583945e-01 -7.501101e-01 0.000000e+00 1
-5.881719e+12 -3.884933e+12 2.211939e+12 6.546964e-02 -9.960361e-01 -6.021509e-02 0.000000e+00 1
7.213380e+12 3.096449e+12 1.003272e+13 8.526798e-01 -2.979977e-02 -5.215833e-01 0.000000e+00 1
-3.212131e+11 -1.119864e+13 -8.263739e+11 -6.182803e-01 -7.854579e-01 2.802486e-02 0.000000e+00 1
1.628552e+13 -1.691553e+12 -3.234070e+12 2.423402e-01 3.530091e-01 9.036901e-01 0.000000e+00 1
2.446837e+12 -2.176991e+12 1.016619e+13 8.985506e-01 -3.153926e-01 -3.051792e-01 0.000000e+00 1
5.341604e+12 5.294683e+12 -3.549872e+12 9.325354e-01 -1.434100e-01 3.313778e-01 0.000000e+00 1
-5.359008e+12 4.774595e+11 -1.901664e+12 6.859428e-01 5.757938e-01 -4.449090e-01 0.000000e+00 1
3.853432e+12 -7.962262e+12 1.115548e+12 -6.948279e-02 -9.837844e-02 9.927204e-01 0.000000e+00 1
-7.319240e+12 9.084536e+12 -2.169455e+12 8.502032e-01 5.133710e-01 -1.166392e-01 0.000000e+00 1
5.201169e+12 1.075483e+13 5.192761e+12 -4.330421e-01 -7.925595e-01 -4.293296e-01 0.000000e+00 1
4.039112e+12 -8.910293e+12 5.401720e+12 -4.177817e-01 -8.306256e-01 3.681299e-01 0.000000e+00 1
1.055599e+12 -3.549321e+12 3.185159e+12 -8.807608e-01 -3.566356e-01 3.115629e-01 0.000000e+00 1
2.515463e+12 1.375154e+13 -8.692548e+12 1.380279e-01 -8.328425e-01 -5.360240e-01 0.000000e+00 1
-1.119847e+13 9.920641e+12 1.102197e+11 2.980401e-01 7.466441e-01 5.947224e-01 0.000000e+00 1
1.703444e+12 4.358455e+12 -1.343598e+13 2.580150e-01 6.847453e-02 -9.637113e-01 0.000000e+00 1
-7.203218e+12 -1.031264e+13 8.914783e+12 -3.312087e-01 -9.409179e-01 -7.052933e-02 0.000000e+00 1
-4.423507e+12 6.633477e+11 1.526731e+12 -9.406905e-01 3.204210e-01 1.114975e-01 0.000000e+00 1
-1.179147e+13 3.330067e+12 4.677143e+12 -4.108728e-01 9.115571e-01 -1.572451e-02 0.000000e+00 1
-7.494408e+12 -1.300812e+13 1.633612e+12 -6.411160e-01 -2.324432e-01 -7.313963e-01 0.000000e+00 1
2.862616e+12 -1.200128e+13 3.104274e+12 -8.172112e-02 -5.121181e-01 8.550185e-01 0.000000e+00 1
-7.937237e+12 -2.240364e+12 3.130432e+12 -9.890341e-01 1.120648e-01 9.619295e-02 0.000000e+00 1
1.377356e+13 4.703972e+12 -5.947890e+12 -2.670587e-01 -6.953719e-01 6.671863e-01 0.000000e+00 1
9.309939e+12 -1.184521e+13 5.974476e+12 -5.555691e-01 -8.080769e-01 1.958434e-01 0.000000e+00 1
-9.263927e+12 1.484699e+12 1.236504e+13 -6.416173e-01 -4.750798e-01 -6.021847e-01 0.000000e+00 1
5.688767e+11 5.297491e+12 -2.251725e+12 6.393043e-01 2.304411e-01 7.336122e-01 0.000000e+00 1
2.389951e+12 4.916339e+12 1.244768e+13 -9.313124e-01 -1.565455e-01 3.288629e-01 0.000000e+00 1
-4.395323e+12 1.929818e+12 -8.633403e+12 -3.413375e-01 8.573119e-01 3.853634e-01 0.000000e+00 1
1.027270e+13 2.953108e+12 9.156853e+12 -5.016213e-01 5.113904e-01 -6.977506e-01 0.000000e+00 1
3.550840e+12 -8.028212e+12 1.279406e+13 1.315796e-01 -9.901080e-01 -4.871367e-02 0.000000e+00 1
5.023387e+12 6.952731e+12 -9.620095e+12 -2.587770e-01 8.695629e-01 4.205886e-01 0.000000e+00 1
1.091169e+13 3.598161e+12 3.733141e+12 6.264103e-01 4.348152e-01 -6.469512e-01 0.000000e+00 1
-4.482203e+12 -1.518280e+12 7.391683e+12 -8.852648e-01 -3.348732e-01 3.227477e-01 0.000000e+00 1
-3.612801e+12 1.109141e+13 -1.168788e+13 4.179868e-01 4.758033e-01 -7.738851e-01 0.000000e+00 1
8.274404e+12 4.934140e+12 3.979134e+12 4.623528e-01 -6.229876e-01 6.309646e-01 0.000000e+00 1
-3.948076e+12 1.204577e+13 9.166965e+11 -3.821443e-02 -9.461914e-01 3.213431e-01 0.000000e+00 1
2.388779e+12 6.128423e+12 -8.979277e+12 -5.767755e-02 -1.869013e-01 9.806841e-01 0.000000e+00 1
-3.122022e+12 1.291887e+13 1.254603e+12 -4.356684e-01 5.718530e-01 6.951095e-01 0.000000e+00 1
4.755141e+12 8.357576e+12 8.702809e+12 8.097869e-01 1.389523e-01 5.700329e-01 0.000000e+00 1
-6.134626e+12 -1.209614e+13 2.675023e+12 -9.369557e-01 3.485634e-01 -2.485224e-02 0.000000e+00 1
8.273499e+12 2.343248e+12 -9.724430e+12 7.512187e-02 -3.411665e-01 -9.369963e-01 0.000000e+00 1
1.063617e+13 1.230706e+12 -6.684547e+12 -5.163744e-01 -3.981413e-01 7.581827e-01 0.000000e+00 1
4.212158e+11 -1.378325e+13 6.232408e+12 4.836544e-01 7.925861e-01 3.713298e-01 0.000000e+00 1
2.609209e+12 3.330379e+12 3.683218e+12 -1.012738e-01 -3.057372e-01 9.467145e-01 0.000000e+00 1
-9.146215e+12 1.281815e+13 2.094249e+12 -4.258216e-01 -8.813775e-01 -2.045721e-01 0.000000e+00 1
2.892712e+12 -5.267871e+12 1.234132e+13 1.064168e-01 9.778802e-01 -1.800716e-01 0.000000e+00 1
-1.259369e+13 1.198807e+12 9.381461e+12 4.477495e-01 7.727982e-01 -4.497813e-01 0.000000e+00 1
1.159076e+13 -7.402864e+12 2.749701e+12 -3.789801e-01 -6.266551e-01 6.809387e-01 0.000000e+00 1
8.895237e+12 -4.881028e+12 -1.101040e+13 5.200230e-01 -7.262606e-01 -4.495793e-01 0.000000e+00 1
6.390046e+12 1.438674e+13 3.603676e+11 5.030916e-01 -6.661059e-01 5.506377e-01 0.000000e+00 1
1.135440e+13 -2.480197e+12 -7.069121e+12 3.898747e-01 -1.653510e-03 9.208664e-01 0.000000e+00 1
-2.252800e+12 3.558832e+12 2.641028e+12 -5.311535e-01 8.387313e-01 1.200240e-01 0.000000e+00 1
-1.144897e+13 -6.332355e+12 -2.952511e+12 -8.813029e-02 -6.193350e-01 7.801649e-01 0.000000e+00 1
-6.128445e+12 -4.397467e+12 1.067377e+13 -6.283340e-01 -3.043500e-01 -7.159382e-01 0.000000e+00 1
-5.009267e+12 -1.107056e+13 3.648565e+12 -1.495523e-01 3.057109e-01 9.403058e-01 0.000000e+00 1
4.346589e+12 1.145756e+13 8.466859e+12 4.391342e-01 -8.955008e-01 -7.238404e-02 0.000000e+00 1
1.589865e+12 -1.778302e+12 7.422880e+12 7.809573e-01 -6.695135e-02 6.209856e-01 0.000000e+00 1
-8.673992e+12 -4.166797e+12 8.172090e+12 -1.882770e-01 8.559524e-01 4.815570e-01 0.000000e+00 1
5.319328e+12 -2.334608e+12 -6.000959e+11 4.587356e-01 -7.097018e-03 -8.885445e-01 0.000000e+00 1
5.316594e+12 1.346855e+13 -6.002291e+12 -9.901012e-01 1.362067e-01 3.387304e-02 0.000000e+00 1
-1.657902e+12 5.299240e+12 -4.162691e+12 -5.629355e-01 2.189617e-02 8.262107e-01 0.000000e+00 1
8.691248e+12 2.099961e+12 -2.660882e+12 -1.001270e-01 2.940814e-01 -9.505213e-01 0.000000e+00 1
-3.793373e+12 7.780925e+12 -4.367779e+12 -7.168990e-01 6.819506e-01 -1.449110e-01 0.000000e+00 1
9.253110e+12 9.773722e+12 8.781431e+12 9.865831e-01 1.620522e-01 -1.981825e-02 0.000000e+00 1
-6.207426e+12 -5.526136e+12 -5.105019e+12 1.541840e-01 -7.116262e-01 -6.854309e-01 0.000000e+00 1
4.552536e+12 -5.187787e+12 -1.185734e+13 -1.756091e-03 -9.561300e-01 2.929375e-01 0.000000e+00 1
-4.431315e+12 -1.135990e+13 7.016260e+11 5.965159e-01 -8.448764e-02 -7.981420e-01 0.000000e+00 1
1.097054e+13 -4.536256e+12 -8.831968e+12 -2.269164e-02 -5.253327e-02 9.983613e-01 0.000000e+00 1
-2.264548e+12 -7.057146e+12 1.519548e+13 9.935943e-01 -9.001551e-02 -6.831930e-02 0.000000e+00 1
-7.513969e+12 4.963857e+12 -6.281014e+12 4.508573e-01 3.053503e-01 -8.387424e-01 0.000000e+00 1
1.396401e+13 -2.470427e+12 -8.939971e+12 -8.201262e-03 7.907349e-01 -6.121038e-01 0.000000e+00 1
3.155857e+12 -1.269946e+13 2.176049e+12 -6.652847e-01 -6.600131e-01 -3.489683e-01 0.000000e+00 1
6.099583e+12 -2.627489e+12 -1.093102e+13 -4.569241e-01 -3.168051e-02 -8.889413e-01 0.000000e+00 1
2.628851e+12 1.125457e+13 -1.683503e+12 -6.802937e-01 -2.850833e-01 6.752244e-01 0.000000e+00 1
-3.193841e+12 8.453938e+12 -7.966819e+12 1.108270e-01 7.820385e-01 6.132969e-01 0.000000e+00 1
-6.024033e+12 8.892026e+12 -1.047272e+13 -8.374154e-01 -2.583942e-01 4.816304e-01 0.000000e+00 1
6.004186e+12 7.231588e+12 9.174697e+12 -8.336406e-01 -1.347801e-01 -5.356097e-01 0.000000e+00 1
-1.019047e+13 -9.115872e+12 1.771447e+12 3.096178e-01 -3.815899e-01 -8.709339e-01 0.000000e+00 1
5.588644e+12 1.073825e+13 1.983705e+12 5.931857e-02 3.016166e-01 9.515822e-01 0.000000e+00 1
3.038025e+12 1.222189e+13 3.445561e+12 -1.544501e-01 5.114260e-01 -8.453334e-01 0.000000e+00 1
9.174580e+12 6.665137e+12 2.386991e+12 -7.003162e-01 -3.475395e-01 6.235170e-01 0.000000e+00 1
-9.070636e+12 2.177572e+12 -1.059964e+13 -8.738417e-01 4.833945e-01 5.225398e-02 0.000000e+00 1
4.681072e+12 1.104327e+13 -2.486151e+12 6.228201e-01 2.458324e-01 -7.427392e-01 0.000000e+00 1
2.680189e+12 7.867344e+12 -7.766289e+12 7.420480e-01 -6.406985e-01 -1.971551e-01 0.000000e+00 1
-4.366032e+12 -1.154278e+13 8.376757e+12 -1.308473e-01 -9.222814e-01 -3.636977e-01 0.000000e+00 1
-5.583257e+12 4.212633e+12 6.770684e+12 -3.850091e-01 -4.849317e-01 -7.852447e-01 0.000000e+00 1
2.030280e+12 1.201287e+13 -1.164136e+13 2.574854e-01 5.721054e-01 -7.787148e-01 0.000000e+00 1
-6.991916e+12 -1.009475e+13 1.774769e+12 9.104610e-01 3.931199e-01 1.285204e-01 0.000000e+00 1
6.826010e+12 1.885137e+12 -8.910673e+12 3.957079e-01 -5.704874e-01 -7.196939e-01 0.000000e+00 1
3.154249e+12 -1.516414e+13 -5.827347e+12 5.462186e-01 -5.887241e-02 -8.355712e-01 0.000000e+00 1
9.432992e+12 -6.547500e+12 1.403972e+12 -6.489766e-01 7.087724e-01 -2.765339e-01 0.000000e+00 1
2.665157e+12 6.115081e+12 -4.094761e+12 4.134707e-01 -6.094244e-01 6.764939e-01 0.000000e+00 1
-2.184674e+12 2.189630e+12 7.755072e+12 3.934541e-01 -3.941465e-01 -8.305675e-01 0.000000e+00 1
2.827051e+11 -2.518932e+11 9.617184e+11 4.673728e-02 -1.620400e-01 -9.856768e-01 0.000000e+00 1
-1.279260e+13 -7.367471e+12 4.638622e+11 -7.391045e-01 1.827613e-01 6.483231e-01 0.000000e+00 1
-6.468038e+12 7.426058e+12 -6.639204e+12 6.369137e-01 3.903194e-01 -6.648246e-01 0.000000e+00 1
2.387267e+12 7.759949e+12 8.287094e+12 9.023895e-01 1.227872e-01 4.130575e-01 0.000000e+00 1
4.801977e+12 -1.005869e+12 1.074721e+13 1.533175e-01 -7.873635e-01 5.971201e-01 0.000000e+00 1
-5.092030e+12 3.114900e+12 -3.881607e+12 -5.143272e-01 -3.853569e-01 -7.661381e-01 0.000000e+00 1
1.186459e+13 7.493979e+12 3.330175e+12 -5.193853e-02 -8.199328e-01 -5.700988e-01 0.000000e+00 1
-1.096845e+13 -4.664059e+12 -9.030261e+12 -9.068562e-01 -3.752840e-01 1.917647e-01 0.000000e+00 1
-1.014763e+12 -1.067153e+13 6.804636e+12 6.829020e-01 -4.123501e-01 -6.030026e-01 0.000000e+00 1
1.278472e+13 -3.011575e+11 2.974157e+12 -8.279298e-01 -1.556443e-01 5.388016e-01 0.000000e+00 1
-5.460416e+12 -6.130588e+12 3.987996e+12 5.354923e-01 -2.208684e-01 -8.151473e-01 0.000000e+00 1
-5.147672e+12 -1.229444e+13 7.213561e+12 4.056372e-01 -6.168931e-01 -6.744638e-01 0.000000e+00 1
-3.420739e+12 -6.764527e+12 -8.326465e+11 -9.151230e-02 3.492822e-01 9.325382e-01 0.000000e+00 1
-8.033011e+12 -8.647598e+12 -2.540362e+12 8.829164e-01 -8.235475e-02 -4.622513e-01 0.000000e+00 1
5.441255e+12 1.777693e+12 -7.362114e+12 7.180916e-01 -4.857552e-01 4.983837e-01 0.000000e+00 1
-6.762623e+12 -4.456690e+12 -1.340748e+13 -3.524475e-01 8.673471e-01 -3.514110e-01 0.000000e+00 1
-6.670011e+12 -7.461405e+12 -6.608923e+12 -5.364387e-01 -4.458544e-01 7.165524e-01 0.000000e+00 1
1.080435e+13 7.540867e+12 2.745430e+12 6.955335e-01 2.171842e-01 -6.848826e-01 0.000000e+00 1
7.124021e+12 -4.053607e+12 3.759044e+12 7.394072e-01 -6.731937e-01 9.336540e-03 0.000000e+00 1
1.144121e+13 4.718650e+12 2.484739e+12 -5.438442e-01 8.348141e-01 -8.555085e-02 0.000000e+00 1
4.547688e+12 8.737819e+12 9.743973e+11 -9.727526e-01 -2.297447e-01 -3.114089e-02 0.000000e+00 1
8.784041e+12 -1.087959e+13 6.253130e+12 -5.533510e-01 6.885243e-01 4.687611e-01 0.000000e+00 1
-8.413287e+12 -7.807418e+12 -1.191915e+13 -2.215384e-01 3.440843e-01 -9.124290e-01 0.000000e+00 1
-1.043405e+13 4.540899e+12 -6.842661e+12 -6.116035e-02 -6.877495e-01 -7.233672e-01 0.000000e+00 1
-1.654097e+13 2.944792e+12 1.257532e+12 -2.691917e-01 1.547994e-01 9.505646e-01 0.000000e+00 1
6.597809e+12 -6.634416e+12 -4.192907e+12 -1.969681e-01 4.424051e-01 8.749179e-01 0.000000e+00 1
-6.732143e+12 7.257681e+11 8.867554e+12 -7.121858e-02 -7.382518e-01 6.707549e-01 0.000000e+00 1
8.743205e+12 -7.542977e+12 5.644955e+12 -8.534874e-01 4.473455e-01 2.672850e-01 0.000000e+00 1
6.790821e+12 6.146399e+12 -5.221148e+12 1.599452e-01 1.521269e-01 -9.753332e-01 0.000000e+00 1
2.621246e+12 8.409598e+11 1.747230e+12 -6.883518e-01 7.246149e-01 3.324211e-02 0.000000e+00 1
-9.208026e+12 -8.910048e+12 -1.722046e+12 -2.880054e-01 3.517979e-01 8.906689e-01 0.000000e+00 1
-1.070987e+13 -2.010052e+12 7.803772e+11 -5.713380e-01 5.709449e-01 -5.895717e-01 0.000000e+00 1
-1.039990e+13 1.178025e+13 3.566288e+12 -2.184287e-01 -6.006837e-01 7.690696e-01 0.000000e+00 1
8.783603e+12 -1.259716e+12 5.824673e+12 8.359609e-01 -4.097947e-01 3.650174e-01 0.000000e+00 1
-6.088004e+12 1.337334e+13 -3.370479e+12 3.270948e-01 -3.122649e-01 8.919079e-01 0.000000e+00 1
-1.025607e+12 -1.358297e+13 3.384163e+12 9.633245e-01 -2.495105e-01 9.874389e-02 0.000000e+00 1
-7.640451e+11 1.092252e+13 9.892035e+12 -7.936249e-01 4.345913e-01 4.257816e-01 0.000000e+00 1
-1.502182e+13 -1.208067e+12 -3.983873e+12 -1.802145e-01 9.834222e-01 -2.008894e-02 0.000000e+00 1
5.844247e+12 1.302417e+12 -1.419048e+13 -3.801717e-01 9.234858e-01 5.141524e-02 0.000000e+00 1
-7.626133e+12 -5.106073e+11 -5.178826e+12 6.549357e-01 7.527488e-01 6.654678e-02 0.000000e+00 1
-4.208408e+12 6.006080e+12 -8.612201e+12 -5.509336e-01 -8.008864e-01 2.346341e-01 0.000000e+00 1
-5.385827e+12 1.153941e+13 2.199306e+12 2.120758e-01 -9.245276e-01 3.166583e-01 0.000000e+00 1
-3.068094e+12 -1.445900e+12 6.934743e+12 -2.159222e-01 -2.172899e-01 -9.519258e-01 0.000000e+00 1
8.341288e+12 1.447000e+13 8.259812e+11 -1.242261e-01 -9.113452e-01 -3.924510e-01 0.000000e+00 1
-1.298649e+13 -2.391341e+12 9.152205e+12 -4.046219e-01 -6.485058e-04 -9.144838e-01 0.000000e+00 1
-9.181272e+12 5.850470e+12 3.936425e+12 -9.049117e-01 -4.245304e-01 3.014674e-02 0.000000e+00 1
-6.400798e+12 6.692135e+11 -1.497482e+13 -6.656017e-01 -4.403538e-01 6.025470e-01 0.000000e+00 1
-6.416011e+12 2.529681e+12 -7.171700e+12 -6.595261e-01 -5.827830e-01 -4.747519e-01 0.000000e+00 1
-2.307719e+10 -9.933172e+12 -3.944456e+12 -2.596372e-01 6.290250e-01 -7.327455e-01 0.000000e+00 1
-5.688347e+11 -6.692050e+12 6.845660e+12 -5.663276e-01 -8.092857e-01 1.559800e-01 0.000000e+00 1
-5.431942e+12 -1.566795e+13 1.617066e+12 -5.695059e-01 -1.586698e-01 -8.065277e-01 0.000000e+00 1
9.777599e+12 1.065330e+13 -2.136009e+12 -5.859169e-02 8.533945e-01 -5.179622e-01 0.000000e+00 1
2.852384e+11 5.191819e+12 1.413703e+13 -2.471142e-01 4.828809e-01 -8.400956e-01 0.000000e+00 1
2.638512e+12 8.994958e+12 1.145795e+13 -7.434339e-02 -8.153163e-01 -5.742233e-01 0.000000e+00 1
1.271724e+12 -1.103821e+13 6.651526e+12 9.402868e-01 -1.467476e-01 3.071252e-01 0.000000e+00 1
-5.848183e+12 -5.878621e+12 -9.336221e+12 4.037562e-01 -5.461842e-01 7.339371e-01 0.000000e+00 1
1.105043e+13 -3.636273e+12 1.069694e+13 -6.415278e-01 -7.670980e-01 -1.682530e-03 0.000000e+00 1
-7.592260e+12 -8.256945e+12 -6.263001e+12 -2.676713e-01 -9.147835e-01 -3.025281e-01 0.000000e+00 1
1.407726e+13 2.140524e+12 -4.240834e+11 3.886164e-01 9.123954e-01 1.284985e-01 0.000000e+00 1
-1.227798e+13 -2.214070e+12 -8.868967e+12 9.368333e-01 2.108183e-01 2.791039e-01 0.000000e+00 1
2.523582e+12 5.100365e+12 6.594292e+12 -4.980915e-01 -8.632392e-01 -8.199336e-02 0.000000e+00 1
-8.426162e+12 -1.230798e+11 -3.731538e+12 1.138443e-01 1.261112e-01 9.854620e-01 0.000000e+00 1
2.465655e+12 -7.749232e+12 1.174146e+13 7.168226e-01 -6.815984e-01 1.469319e-01 0.000000e+00 1
-6.556368e+12 8.723278e+12 -1.041540e+13 -4.901739e-01 8.312794e-01 -2.621146e-01 0.000000e+00 1
6.778467e+12 3.231941e+12 4.509293e+12 1.430587e-02 5.019965e-01 8.647513e-01 0.000000e+00 1
8.702500e+12 -7.103271e+12 2.365967e+12 8.738140e-01 4.010775e-01 2.749291e-01 0.000000e+00 1
3.999739e+12 6.987819e+12 5.826984e+12 -6.066602e-01 6.034970e-01 5.174503e-01 0.000000e+00 1
6.669415e+12 1.106353e+13 5.250212e+12 5.481799e-01 -7.155243e-01 -4.330401e-01 0.000000e+00 1
-1.137152e+13 8.714079e+11 -8.938718e+11 -6.125150e-01 -6.336594e-01 4.725475e-01 0.000000e+00 1
8.554843e+11 -2.810578e+12 -3.571913e+11 -2.835593e-01 -7.554128e-01 5.907162e-01 0.000000e+00 1
-8.284522e+12 7.527230e+12 -6.258629e+12 -5.953179e-01 3.812897e-01 7.072587e-01 0.000000e+00 1
1.262595e+13 3.602523e+12 -6.083809e+12 -4.734433e-01 6.913633e-01 5.457731e-01 0.000000e+00 1
-5.145945e+12 3.336958e+12 -1.482261e+12 -5.141530e-01 -8.562120e-01 5.047464e-02 0.000000e+00 1
4.485151e+12 3.651783e+12 9.194563e+12 4.627215e-01 6.875346e-01 -5.596294e-01 0.000000e+00 1
2.765378e+12 -3.204914e+12 -1.605460e+13 7.970589e-01 1.721786e-01 5.788364e-01 0.000000e+00 1
-4.290278e+12 -9.046182e+12 6.988102e+12 9.367602e-01 -3.051392e-01 1.713778e-01 0.000000e+00 1
-4.605964e+12 -1.794161e+12 9.003341e+12 1.195115e-01 4.976164e-01 -8.591245e-01 0.000000e+00 1
-1.167744e+13 1.036877e+13 5.506983e+12 -7.976620e-01 1.469849e-01 -5.849194e-01 0.000000e+00 1
6.440613e+12 1.461656e+13 -2.297852e+12 6.464909e-01 -2.267603e-01 -7.284430e-01 0.000000e+00 1
-1.030917e+13 -4.427280e+12 7.961997e+12 -9.333619e-01 -2.879064e-02 -3.577801e-01 0.000000e+00 1
7.579390e+12 4.190627e+12 1.723351e+12 -6.992673e-01 5.338866e-01 -4.753843e-01 0.000000e+00 1
9.978805e+12 6.560222e+12 -2.058297e+12 -4.639137e-01 -8.858804e-01 -3.187613e-05 0.000000e+00 1
1.098547e+12 -8.548890e+12 1.383597e+13 -2.084607e-01 6.202551e-01 7.561930e-01 0.000000e+00 1
-4.310762e+12 1.014252e+13 1.161754e+13 1.154131e-01 9.778717e-01 -1.744898e-01 0.000000e+00 1
5.444201e+12 7.022653e+12 7.047482e+12 -2.761725e-01 5.519010e-01 7.868507e-01 0.000000e+00 1
2.422723e+12 1.887331e+12 -1.500988e+13 -1.471348e-02 -1.050077e-01 -9.943626e-01 0.000000e+00 1
-4.012136e+12 6.752366e+12 -1.181684e+13 -8.928547e-01 1.325769e-01 4.303880e-01 0.000000e+00 1
-6.316505e+12 4.728311e+12 -6.874472e+12 -4.613362e-01 -8.829376e-01 8.712084e-02 0.000000e+00 1
-5.262298e+12 -6.201395e+12 9.769429e+11 5.059299e-01 -5.234055e-01 -6.856250e-01 0.000000e+00 1
-6.183175e+11 -3.627115e+12 -4.555303e+12 7.958411e-01 4.172072e-01 -4.388338e-01 0.000000e+00 1
7.753487e+12 2.259735e+12 -4.206300e+12 3.312955e-01 -7.344484e-01 5.923081e-01 0.000000e+00 1
-6.680945e+12 1.010232e+13 8.044396e+12 1.922840e-01 -3.237294e-01 -9.264050e-01 0.000000e+00 1
4.907639e+12 8.013888e+12 -1.889630e+12 -8.405840e-01 -5.406248e-01 -3.381416e-02 0.000000e+00 1
-7.583533e+12 2.394710e+12 -1.452654e+13 1.829306e-01 3.266164e-01 -9.272853e-01 0.000000e+00 1
4.944695e+12 -4.488211e+12 -9.217073e+12 3.697071e-01 4.057672e-01 -8.358646e-01 0.000000e+00 1
-6.755336e+12 -5.058285e+11 1.676502e+12 6.176851e-01 -6.768998e-01 -4.003395e-01 0.000000e+00 1
-1.238801e+12 -8.671156e+12 5.964374e+12 -8.754644e-01 3.167217e-01 -3.650335e-01 0.000000e+00 1
4.447395e+12 1.244457e+12 -1.472308e+13 1.101307e-01 6.229282e-01 -7.744880e-01 0.000000e+00 1
6.878722e+12 -1.512090e+12 6.837706e+12 2.567569e-01 4.360556e-01 8.625146e-01 0.000000e+00 1
-6.941578e+12 -3.339496e+12 -3.391906e+12 6.785729e-01 -2.772670e-01 -6.801925e-01 0.000000e+00 1
1.066772e+13 -1.838476e+12 9.220400e+12 7.915101e-01 3.517399e-01 -4.997908e-01 0.000000e+00 1
-9.250032e+12 -1.025770e+12 -4.708783e+12 -7.909060e-01 -2.466270e-03 -6.119327e-01 0.000000e+00 1
-9.858727e+12 -1.017185e+13 -2.496414e+12 -1.551496e-01 8.492653e-01 -5.046554e-01 0.000000e+00 1
1.775555e+12 3.339101e+12 -1.413026e+13 1.370185e-01 6.735063e-01 -7.263712e-01 0.000000e+00 1
-3.167320e+12 9.648671e+12 -7.850732e+12 -1.205056e-01 -3.192613e-02 9.921991e-01 0.000000e+00 1
6.336402e+12 -2.312607e+12 1.532149e+12 -1.164265e-01 4.177345e-01 9.010786e-01 0.000000e+00 1
7.809578e+12 -5.532915e+12 -9.723978e+12 9.201850e-01 1.968824e-01 3.383739e-01 0.000000e+00 1
-7.993576e+12 9.491444e+12 -3.202875e+12 -2.070705e-01 -8.706893e-01 -4.461188e-01 0.000000e+00 1
7.306609e+12 4.611409e+12 1.262602e+13 6.676794e-01 -1.799440e-02 -7.442314e-01 0.000000e+00 1
-6.256616e+12 -6.162100e+12 -1.247514e+12 4.542557e-01 1.182790e-01 8.829846e-01 0.000000e+00 1
1.053711e+12 3.964949e+12 1.175666e+13 -3.308162e-01 9.288660e-01 -1.666389e-01 0.000000e+00 1
3.786654e+12 -5.548812e+12 1.183337e+13 -2.203283e-01 9.148306e-01 -3.384383e-01 0.000000e+00 1
-1.012934e+13 1.227950e+13 -4.232870e+12 2.626927e-01 -2.294162e-01 9.372090e-01 0.000000e+00 1
1.278740e+13 -6.002524e+12 -8.745353e+12 8.744905e-01 3.042199e-01 3.777785e-01 0.000000e+00 1
-5.816182e+12 5.718999e+12 -6.689706e+12 -4.040765e-01 3.121359e-01 8.598217e-01 0.000000e+00 1
-9.593957e+12 -2.486980e+12 4.434982e+12 -5.539892e-01 8.056020e-01 2.100032e-01 0.000000e+00 1
-3.074798e+12 -7.730834e+12 5.229809e+12 3.538251e-01 2.101706e-01 9.113924e-01 0.000000e+00 1
-4.600261e+12 -1.232241e+13 8.294495e+12 -1.454446e-01 -6.459191e-01 -7.494227e-01 0.000000e+00 1
-1.163366e+13 -1.134019e+13 5.441792e+11 3.990637e-01 -9.113545e-01 1.009017e-01 0.000000e+00 1
1.439076e+13 2.815972e+12 -1.156157e+12 -8.709746e-01 4.767214e-01 1.189112e-01 0.000000e+00 1
-5.896053e+12 -1.005570e+13 1.001588e+13 -3.125094e-01 -1.808793e-01 -9.325345e-01 0.000000e+00 1
-3.471886e+12 5.148589e+12 8.032298e+12 8.386707e-01 -4.351730e-01 -3.274995e-01 0.000000e+00 1
1.277822e+13 9.528906e+12 -5.529203e+12 4.398217e-01 5.728098e-01 6.916978e-01 0.000000e+00 1
6.428553e+12 2.497899e+12 -1.484274e+13 3.395959e-01 6.297592e-01 6.986258e-01 0.000000e+00 1
-1.347750e+13 -1.353518e+12 -6.750693e+12 -5.779157e-01 5.199392e-01 -6.290284e-01 0.000000e+00 1
6.138245e+12 1.346867e+13 2.138524e+11 3.941808e-01 -1.592864e-01 -9.051239e-01 0.000000e+00 1
-3.644433e+12 9.473305e+12 -8.029272e+12 -4.386699e-01 8.984938e-01 -1.666208e-02 0.000000e+00 1
8.366973e+12 2.900435e+12 1.098728e+13 -3.896692e-01 7.697599e-01 5.055962e-01 0.000000e+00 1
-1.139576e+13 -5.599830e+12 -4.405609e+12 -9.171441e-01 -2.585132e-01 -3.033441e-01 0.000000e+00 1
-3.198158e+12 -1.416875e+13 6.715759e+12 1.531572e-01 -6.043929e-03 -9.881834e-01 0.000000e+00 1
-1.290586e+13 3.503902e+12 6.125825e+12 -2.264495e-01 -1.707564e-01 -9.589384e-01 0.000000e+00 1
6.773660e+12 2.304497e+12 1.532668e+13 -4.263137e-01 2.620345e-01 -8.657913e-01 0.000000e+00 1
-1.219989e+13 1.075385e+13 -3.607890e+12 -9.464100e-01 -1.444942e-01 2.888419e-01 0.000000e+00 1
1.081383e+13 4.250657e+12 -2.822399e+12 -6.362371e-01 7.709214e-01 2.970874e-02 0.000000e+00 1
6.276624e+12 -2.554208e+12 6.123278e+12 -3.787781e-02 -3.349871e-01 9.414610e-01 0.000000e+00 1
-7.973776e+12 -1.121633e+12 1.428824e+13 4.491233e-01 8.755653e-01 -1.779712e-01 0.000000e+00 1
-2.744192e+11 1.110348e+13 1.264112e+13 -3.033185e-02 -8.185590e-02 -9.961825e-01 0.000000e+00 1
-5.138058e+12 3.923827e+12 6.562400e+12 -8.006302e-01 5.496274e-01 -2.385394e-01 0.000000e+00 1
-1.861440e+12 1.499781e+13 4.099823e+12 8.729666e-01 -1.701398e-01 4.571453e-01 0.000000e+00 1
-1.207713e+13 8.236532e+12 3.201512e+12 6.739026e-01 7.277023e-01 1.276896e-01 0.000000e+00 1
-6.142315e+12 -8.530996e+12 -1.264141e+13 5.763628e-01 -7.579593e-01 3.054564e-01 0.000000e+00 1
2.706316e+12 -1.439325e+13 -2.394839e+12 4.140681e-01 -4.654369e-01 7.822507e-01 0.000000e+00 1
-7.010762e+12 -7.796075e+12 -1.283507e+13 8.468762e-01 4.455553e-01 -2.903121e-01 0.000000e+00 1
-3.647262e+12 4.150556e+11 -1.301216e+13 5.398767e-01 5.711730e-01 6.182997e-01 0.000000e+00 1
3.444778e+12 -3.027012e+12 -9.313530e+12 -9.381604e-01 3.211686e-01 -1.292511e-01 0.000000e+00 1
-3.173020e+12 1.357352e+13 -7.890115e+12 8.210465e-01 3.969380e-01 -4.102718e-01 0.000000e+00 1
6.382442e+12 1.878055e+12 -5.516949e+11 -5.968320e-01 7.206106e-01 -3.528624e-01 0.000000e+00 1
1.436291e+12 -8.428537e+12 -7.110824e+12 -9.118252e-01 9.437489e-02 3.995850e-01 0.000000e+00 1
8.150469e+12 -6.131648e+12 -1.939612e+11 -2.339264e-01 -4.619450e-01 8.555029e-01 0.000000e+00 1
-3.709235e+12 1.137320e+12 -1.698637e+12 -9.861726e-01 -1.573429e-01 -5.202734e-02 0.000000e+00 1
-1.088941e+13 -8.643439e+12 4.180885e+12 -3.572919e-01 -6.568382e-01 6.640076e-01 0.000000e+00 1
-4.604447e+12 -1.637402e+12 -7.182179e+11 9.732439e-01 1.258111e-01 1.922702e-01 0.000000e+00 1
-1.024105e+12 7.121043e+12 5.728907e+12 5.648848e-01 -3.344816e-01 7.543389e-01 0.000000e+00 1
-1.085802e+13 -3.420918e+12 -1.218442e+13 3.348708e-01 4.575635e-01 -8.237094e-01 0.000000e+00 1
6.608804e+12 -9.872496e+12 -1.856277e+12 -5.246974e-01 -5.738646e-01 6.287862e-01 0.000000e+00 1
-8.392795e+12 -5.540591e+12 1.335364e+13 4.335357e-01 -8.494050e-01 -3.009285e-01 0.000000e+00 1
-8.007937e+12 1.338085e+13 -4.342575e+12 9.421901e-01 2.520621e-02 3.341295e-01 0.000000e+00 1
-1.044460e+13 4.322529e+12 -1.209766e+13 -9.630315e-01 -1.623395e-01 -2.149797e-01 0.000000e+00 1
-6.656270e+12 -6.279235e+12 -2.899455e+11 3.218619e-01 -9.072104e-01 -2.708769e-01 0.000000e+00 1
-1.487306e+13 5.707853e+12 1.687961e+12 9.328450e-01 3.371454e-01 1.270162e-01 0.000000e+00 1
8.016109e+12 1.867745e+12 -1.033036e+13 6.466556e-01 -5.094252e-01 -5.677345e-01 0.000000e+00 1
1.151927e+13 -7.493367e+12 3.749394e+12 4.399158e-01 1.848454e-01 -8.788096e-01 0.000000e+00 1
-3.793669e+12 -1.093153e+13 1.175101e+13 -5.007602e-01 4.110665e-01 7.617504e-01 0.000000e+00 1
-8.196521e+12 3.416597e+12 -1.372526e+13 -2.784602e-01 -4.215080e-01 -8.630127e-01 0.000000e+00 1
1.047489e+13 -2.865172e+12 6.311428e+12 -8.251922e-01 -4.822552e-01 -2.940881e-01 0.000000e+00 1
-5.360302e+12 9.285313e+12 -9.260053e+12 -6.926520e-01 5.765647e-01 4.333663e-01 0.000000e+00 1
1.052777e+13 -1.863749e+12 -8.792849e+12 6.929978e-01 6.234468e-01 3.620334e-01 0.000000e+00 1
-6.346855e+11 -1.139513e+13 -7.500092e+12 -1.682168e-01 8.742999e-01 4.553053e-01 0.000000e+00 1
-5.998983e+12 6.575870e+12 -1.227036e+13 -7.588335e-01 6.507601e-01 2.613586e-02 0.000000e+00 1
1.209883e+13 -3.685689e+12 7.423054e+12 7.800052e-01 -5.460532e-01 -3.056434e-01 0.000000e+00 1
1.407332e+13 9.885431e+11 -3.345729e+12 5.620200e-01 5.596465e-01 -6.090397e-01 0.000000e+00 1
3.135738e+11 9.138121e+11 1.109625e+13 6.916052e-01 4.723711e-01 -5.463953e-01 0.000000e+00 1
-5.462130e+12 5.202319e+12 1.271609e+13 -8.646570e-01 4.836590e-01 1.358024e-01 0.000000e+00 1
7.325643e+12 1.028202e+13 -3.743048e+12 9.223647e-01 3.843894e-01 3.857561e-02 0.000000e+00 1
-6.469054e+11 1.617222e+13 2.722898e+11 7.801501e-01 2.821868e-01 5.583336e-01 0.000000e+00 1
-7.424788e+12 -5.248529e+12 1.345105e+13 5.667073e-01 -1.843461e-01 8.030314e-01 0.000000e+00 1
-1.290422e+13 3.192124e+12 -6.185363e+12 2.770404e-01 -9.454620e-01 -1.713192e-01 0.000000e+00 1
-9.582588e+12 5.153358e+11 4.473631e+12 -8.160689e-01 4.089101e-01 4.084410e-01 0.000000e+00 1
-6.988681e+12 -4.867420e+12 8.862188e+12 8.476416e-01 3.035415e-01 4.351624e-01 0.000000e+00 1
3.507920e+12 -1.397390e+13 8.380163e+12 -3.157153e-01 -2.761250e-01 -9.077879e-01 0.000000e+00 1
-3.663643e+12 -7.983799e+12 -3.973793e+12 -5.901139e-01 -1.160078e-01 -7.989416e-01 0.000000e+00 1
-6.039256e+12 -2.762685e+12 -7.486091e+12 -6.159392e-01 3.331697e-01 -7.138746e-01 0.000000e+00 1
-9.705360e+12 7.519500e+12 -4.947999e+12 -7.921325e-01 5.571003e-01 -2.493297e-01 0.000000e+00 1
1.226130e+13 1.022493e+13 -2.245288e+11 -2.340058e-01 -9.543827e-01 1.854585e-01 0.000000e+00 1
-9.387640e+12 2.479825e+12 1.726688e+12 7.566401e-01 -1.076645e-03 -6.538308e-01 0.000000e+00 1
-1.032615e+13 -1.585114e+11 1.132229e+13 -8.071443e-01 -4.810891e-02 -5.883907e-01 0.000000e+00 1
-1.226562e+13 -1.357500e+12 8.511322e+11 5.359579e-01 7.087871e-01 4.586611e-01 0.000000e+00 1
-3.888579e+12 1.195349e+13 -2.214291e+12 -1.203080e-01 9.396606e-01 -3.202562e-01 0.000000e+00 1
-1.279273e+13 -6.610534e+12 6.723781e+12 5.352767e-01 6.157864e-02 -8.424292e-01 0.000000e+00 1
-5.963058e+12 -7.650935e+12 3.860903e+11 9.211405e-01 -3.395633e-01 -1.902550e-01 0.000000e+00 1
-6.528275e+12 -3.932152e+12 -5.588952e+12 6.630641e-01 5.140922e-01 5.441095e-01 0.000000e+00 1
-8.263392e+11 -2.149014e+12 -2.505205e+12 6.898821e-01 7.230973e-01 -3.453942e-02 0.000000e+00 1
-1.278307e+13 -8.598976e+12 -6.507356e+12 4.143102e-01 5.179950e-01 -7.483503e-01 0.000000e+00 1
8.114798e+11 -1.642994e+13 3.539113e+12 -9.959352e-01 4.415728e-02 7.850619e-02 0.000000e+00 1
-1.580699e+12 -2.204913e+12 -9.259779e+12 4.671183e-01 -4.755203e-01 7.454401e-01 0.000000e+00 1
2.625449e+12 -1.323460e+13 -5.290327e+11 -3.094227e-01 -9.272458e-01 2.108858e-01 0.000000e+00 1
9.880839e+12 -1.149434e+13 5.959767e+12 3.496279e-01 6.649249e-01 6.600266e-01 0.000000e+00 1
5.755607e+12 -4.382937e+12 6.734312e+12 -9.684441e-01 -2.490191e-01 1.027455e-02 0.000000e+00 1
-1.139313e+13 8.177323e+12 8.981718e+12 3.065917e-02 9.129800e-01 4.068507e-01 0.000000e+00 1
-3.032634e+12 -5.184306e+12 -4.170658e+12 2.951710e-02 -5.416880e-01 8.400612e-01 0.000000e+00 1
5.330235e+12 5.994124e+12 -8.249580e+12 -8.361715e-01 -1.155642e-02 5.483463e-01 0.000000e+00 1
1.524114e+12 -5.703816e+12 1.148592e+13 6.640290e-01 -1.314231e-01 -7.360662e-01 0.000000e+00 1
2.139560e+12 7.296477e+12 9.170211e+12 7.725421e-01 -4.387165e-01 -4.590278e-01 0.000000e+00 1
-2.416664e+12 9.672114e+11 1.309975e+13 -9.386934e-01 -2.129033e-01 2.711585e-01 0.000000e+00 1
7.539685e+12 -2.647472e+12 6.711448e+12 7.377007e-01 6.676273e-01 1.003562e-01 0.000000e+00 1
-6.458619e+12 9.701921e+12 7.388602e+12 4.288324e-01 -6.484094e-01 6.290214e-01 0.000000e+00 1
-7.576343e+12 2.576167e+12 1.780141e+12 6.759838e-01 1.762005e-01 7.155413e-01 0.000000e+00 1
-8.707705e+12 -2.979314e+12 6.927739e+12 -3.782776e-01 -5.516070e-01 7.433948e-01 0.000000e+00 1
-6.041088e+12 1.062500e+13 8.427405e+12 3.511447e-01 -1.826011e-01 9.183432e-01 0.000000e+00 1
-2.191464e+12 -5.082374e+12 -1.364889e+12 -6.571926e-01 6.707217e-01 3.438462e-01 0.000000e+00 1
1.295334e+13 -3.429538e+12 1.890407e+12 -5.302169e-01 4.788625e-01 -6.996862e-01 0.000000e+00 1
-1.086898e+12 -2.445992e+12 1.599683e+13 2.438736e-01 8.734849e-01 4.213665e-01 0.000000e+00 1
-8.685735e+12 -1.070704e+12 -4.968447e+12 -9.903493e-01 1.196495e-01 -6.994497e-02 0.000000e+00 1
1.203597e+13 5.976429e+12 -7.310357e+12 9.711438e-01 -3.610292e-02 2.357463e-01 0.000000e+00 1
-6.760365e+12 -3.638744e+12 -7.824692e+12 -1.503919e-02 9.087359e-01 -4.171005e-01 0.000000e+00 1
-7.756823e+12 4.227386e+12 -1.322754e+13 2.971572e-01 -9.545294e-01 -2.389811e-02 0.000000e+00 1
-1.322425e+13 -2.031498e+12 -5.549207e+12 -6.760978e-01 -1.649735e-01 -7.181055e-01 0.000000e+00 1
1.375741e+13 -4.037004e+12 -6.427308e+12 9.628206e-01 2.683818e-01 -3.078668e-02 0.000000e+00 1
8.591450e+12 6.124886e+12 -1.096591e+13 5.062925e-01 -6.039066e-01 6.156011e-01 0.000000e+00 1
2.200454e+12 -1.101039e+13 -3.267144e+12 -8.648338e-01 4.969374e-01 7.152420e-02 0.000000e+00 1
-2.948255e+12 -2.119330e+12 -6.575583e+11 6.015488e-01 5.206493e-01 6.058576e-01 0.000000e+00 1
2.313236e+12 1.557512e+11 5.008233e+12 -1.360047e-01 -1.219820e-02 -9.906331e-01 0.000000e+00 1
-8.549894e+12 -3.173038e+12 1.115235e+13 4.826856e-01 8.467459e-01 -2.236871e-01 0.000000e+00 1
-7.975735e+12 1.117612e+13 9.312378e+12 -8.828223e-01 -1.638824e-01 4.401902e-01 0.000000e+00 1
-7.649701e+12 4.047535e+12 -1.197645e+13 -5.448880e-01 7.817513e-01 -3.032523e-01 0.000000e+00 1
-1.487623e+13 3.986419e+12 -6.424755e+12 6.461183e-01 -6.216684e-01 -4.427860e-01 0.000000e+00 1
-1.071119e+13 -5.611128e+12 -2.057402e+11 3.703780e-01 3.228688e-01 -8.709626e-01 0.000000e+00 1
-2.421179e+12 6.047457e+12 7.444953e+12 1.547871e-01 6.804471e-01 7.162630e-01 0.000000e+00 1
6.786918e+12 -9.864068e+12 -5.640620e+12 9.291493e-01 -2.206870e-01 2.966122e-01 0.000000e+00 1
9.102070e+12 2.971611e+11 9.215949e+12 -2.272135e-01 9.733818e-01 3.003205e-02 0.000000e+00 1
-6.766790e+10 -1.462936e+13 5.669950e+12 -7.956376e-01 -3.365176e-01 5.037030e-01 0.000000e+00 1
-3.162086e+12 9.793995e+12 -1.164217e+13 -9.781092e-01 -1.844673e-02 -2.072731e-01 0.000000e+00 1
-4.453501e+12 -8.486265e+12 5.741177e+12 4.288068e-01 3.200135e-01 8.448172e-01 0.000000e+00 1
2.772472e+12 -5.457160e+12 -1.580864e+13 3.458256e-02 3.451128e-02 -9.988058e-01 0.000000e+00 1
-1.873768e+12 -1.216011e+13 -8.968803e+12 -1.383393e-01 -2.349727e-01 -9.621071e-01 0.000000e+00 1
-4.539579e+12 -6.920921e+12 1.143468e+13 3.794617e-01 5.743287e-01 7.253657e-01 0.000000e+00 1
-1.498090e+12 -9.479319e+12 2.643028e+12 6.683614e-01 6.258605e-01 -4.019847e-01 0.000000e+00 1
-3.552320e+12 4.761066e+12 1.325549e+13 -1.818044e-01 7.469735e-01 -6.395137e-01 0.000000e+00 1
-1.119778e+12 1.637358e+12 -1.515028e+13 5.255149e-01 -8.464529e-01 -8.574090e-02 0.000000e+00 1
-1.453258e+12 -1.218188e+13 4.641089e+12 1.703975e-02 -7.449217e-01 6.669343e-01 0.000000e+00 1
-1.206923e+12 3.103712e+12 8.047319e+12 -4.722544e-01 -4.815139e-01 -7.383225e-01 0.000000e+00 1
5.859106e+12 7.258018e+12 -1.474534e+12 1.960663e-01 -8.288729e-02 9.770812e-01 0.000000e+00 1
1.028058e+13 1.106403e+12 1.216057e+13 -1.509036e-01 5.886104e-01 -7.942077e-01 0.000000e+00 1
-9.932564e+12 -4.430274e+12 -9.745968e+12 -1.368540e-01 9.783618e-01 1.551749e-01 0.000000e+00 1
-1.442312e+13 2.320559e+12 -4.010391e+12 -2.105426e-01 6.215173e-01 7.545780e-01 0.000000e+00 1
-3.665481e+12 1.113674e+13 9.753133e+12 8.964337e-01 -3.889317e-01 2.124587e-01 0.000000e+00 1
-5.530116e+12 -1.465802e+13 3.900052e+12 -3.069182e-01 -9.145030e-01 2.636011e-01 0.000000e+00 1
9.127247e+12 7.079822e+12 7.299036e+12 2.973390e-01 7.763735e-01 -5.557280e-01 0.000000e+00 1
-2.453418e+12 -8.566682e+12 -1.200839e+13 2.166230e-02 -6.469723e-01 7.622057e-01 0.000000e+00 1
7.358444e+12 -1.153638e+13 1.245422e+12 8.932352e-01 3.911103e-01 -2.217285e-01 0.000000e+00 1
-8.914485e+12 -6.826098e+12 1.251324e+13 4.544656e-01 -8.907230e-01 8.583247e-03 0.000000e+00 1
6.194668e+12 5.389805e+12 -4.793410e+12 4.266862e-02 9.317371e-01 3.606180e-01 0.000000e+00 1
-5.988311e+12 4.894284e+12 -2.842420e+12 2.348255e-01 9.668448e-01 1.003398e-01 0.000000e+00 1
5.948697e+12 -1.148034e+13 2.286142e+12 -3.872013e-01 6.009006e-01 -6.992808e-01 0.000000e+00 1
-7.749162e+12 -1.091160e+13 1.015252e+13 -8.499488e-01 2.717833e-01 4.513545e-01 0.000000e+00 1
7.064248e+11 1.281239e+13 4.919281e+12 2.700810e-01 -1.421389e-01 9.522882e-01 0.000000e+00 1
-1.138302e+13 -1.422116e+12 7.027462e+11 7.880479e-01 -5.057441e-01 -3.510034e-01 0.000000e+00 1
5.434785e+12 8.440329e+12 -7.268349e+12 -1.974362e-01 -8.967079e-01 -3.961489e-01 0.000000e+00 1
-1.157159e+13 1.124809e+13 -6.675992e+11 2.952729e-01 -6.479387e-01 -7.021320e-01 0.000000e+00 1
-3.548510e+12 1.005037e+13 9.275813e+12 -4.415191e-01 7.595082e-01 -4.777113e-01 0.000000e+00 1
6.839325e+11 1.509617e+13 -3.850822e+12 -9.971400e-01 -6.030022e-02 4.555887e-02 0.000000e+00 1
-2.272104e+12 1.702803e+12 1.282780e+13 -8.543605e-01 4.263233e-01 2.971809e-01 0.000000e+00 1
-9.509895e+12 -1.071757e+13 -2.294297e+12 2.913036e-01 5.625467e-01 -7.737463e-01 0.000000e+00 1
1.457514e+13 -4.275961e+11 3.885051e+12 -9.153180e-01 1.983929e-01 3.504756e-01 0.000000e+00 1
-2.073585e+12 -7.053532e+12 9.235962e+12 -3.633764e-01 3.857236e-01 -8.480418e-01 0.000000e+00 1
8.197292e+12 6.422965e+12 -2.100517e+12 -2.734972e-01 7.665821e-01 -5.809915e-01 0.000000e+00 1
5.415549e+12 -1.119499e+13 -1.069296e+12 3.178198e-01 -3.467032e-01 8.824893e-01 0.000000e+00 1
-1.015700e+13 9.253921e+12 -9.314428e+12 -5.363103e-01 -8.315946e-01 1.442969e-01 0.000000e+00 1
-7.740393e+12 -9.270983e+12 -6.006228e+12 7.067062e-01 -4.472993e-01 -5.481694e-01 0.000000e+00 1
2.974092e+12 4.021935e+12 -3.607323e+12 4.610085e-01 -5.736734e-01 6.770302e-01 0.000000e+00 1
-1.031066e+12 1.025721e+13 -7.356712e+12 5.167942e-01 2.473044e-01 8.196123e-01 0.000000e+00 1
6.700686e+12 9.663747e+12 -1.061013e+13 1.005695e-01 6.299676e-01 7.700822e-01 0.000000e+00 1
-5.881415e+12 1.363499e+13 -7.305906e+12 5.034447e-01 5.621954e-01 -6.561095e-01 0.000000e+00 1
1.037429e+13 7.400581e+12 -7.422760e+12 -9.969348e-01 -6.717328e-02 4.010819e-02 0.000000e+00 1
1.066860e+12 1.413507e+13 -8.010416e+12 -7.946678e-01 5.807378e-01 1.767675e-01 0.000000e+00 1
-7.568306e+12 -1.392353e+12 5.597285e+12 -1.408536e-01 7.686990e-01 6.239087e-01 0.000000e+00 1
-1.088434e+13 -1.646997e+12 -6.210455e+11 -3.130890e-01 -5.363201e-01 -7.837959e-01 0.000000e+00 1
-1.165563e+13 4.357801e+12 -6.844188e+12 6.404955e-01 4.936259e-01 -5.883018e-01 0.000000e+00 1
-2.698034e+12 -2.460354e+12 -9.824361e+12 -6.082927e-02 -9.979927e-01 1.761613e-02 0.000000e+00 1
2.125632e+10 9.505512e+11 -6.844116e+12 3.391950e-01 5.190499e-01 7.845597e-01 0.000000e+00 1
5.419118e+12 1.881233e+12 -1.367040e+13 -2.558174e-01 -9.650187e-01 -5.741386e-02 0.000000e+00 1
1.713519e+12 1.365854e+13 -8.401518e+12 6.186533e-01 -7.193615e-01 3.158910e-01 0.000000e+00 1
2.813564e+12 6.380806e+12 -1.511292e+13 -6.215212e-01 -7.037387e-01 3.441850e-01 0.000000e+00 1
1.693436e+12 9.992950e+12 -9.175030e+10 7.124955e-01 6.928471e-01 -1.109641e-01 0.000000e+00 1
1.385009e+13 -3.366859e+12 8.530597e+12 6.267326e-01 7.671604e-01 -1.366426e-01 0.000000e+00 1
-3.893748e+12 1.047497e+13 1.098456e+13 4.518334e-01 -7.623843e-01 -4.632675e-01 0.000000e+00 1
-2.335009e+12 4.412361e+12 -3.296331e+12 -3.681469e-02 -3.222667e-01 -9.459328e-01 0.000000e+00 1
1.242113e+13 6.607450e+12 -2.065234e+12 -2.111587e-01 4.126178e-02 -9.765805e-01 0.000000e+00 1
-8.868511e+12 -2.082857e+12 1.275189e+13 7.142630e-01 5.703467e-01 4.056268e-01 0.000000e+00 1
4.497199e+12 -5.423828e+12 -1.086472e+11 -5.218702e-01 8.203264e-01 2.339148e-01 0.000000e+00 1
-6.181913e+12 -3.762583e+12 6.792904e+12 -5.797421e-01 -5.667097e-01 5.854393e-01 0.000000e+00 1
7.502355e+12 1.215246e+13 5.022637e+12 2.753666e-01 -9.590212e-01 6.672064e-02 0.000000e+00 1
-4.985282e+11 1.136072e+12 1.361370e+12 -7.700331e-01 -6.018268e-01 -2.117864e-01 0.000000e+00 1
5.927042e+12 -1.010464e+13 1.153548e+13 -6.277187e-02 -2.133989e-01 -9.749465e-01 0.000000e+00 1
6.574595e+12 6.873695e+12 1.056021e+12 6.565658e-01 -7.539003e-01 2.357186e-02 0.000000e+00 1
2.761220e+12 -9.301021e+12 -1.318085e+13 -8.415473e-01 -5.153132e-01 -1.620198e-01 0.000000e+00 1
4.448931e+12 3.578391e+12 -1.276428e+12 3.796602e-01 3.459631e-01 -8.580022e-01 0.000000e+00 1
-4.786442e+12 5.847568e+12 -1.370106e+13 5.349290e-01 -7.738049e-01 -3.392300e-01 0.000000e+00 1
-1.302027e+11 -1.370857e+13 -3.923993e+12 6.498097e-01 7.360186e-01 -1.897999e-01 0.000000e+00 1
-2.258781e+12 -3.622435e+12 -1.612124e+13 -8.764315e-01 -4.303131e-01 -2.160982e-01 0.000000e+00 1
-2.986854e+12 -4.381828e+12 -1.216205e+13 6.064670e-01 2.225701e-01 7.633219e-01 0.000000e+00 1
2.402848e+12 -1.013734e+13 -1.283302e+13 1.163435e-01 -4.739025e-01 8.728577e-01 0.000000e+00 1
-3.223265e+12 1.218822e+12 -1.486584e+13 -6.667321e-01 6.322914e-01 -3.945580e-01 0.000000e+00 1
-5.729506e+12 -1.049226e+13 -9.254886e+12 5.102300e-02 -9.143057e-01 4.017982e-01 0.000000e+00 1
-7.520496e+12 9.261154e+12 -6.872850e+12 -6.488342e-01 -3.859672e-01 6.557770e-01 0.000000e+00 1
-1.089212e+13 3.476310e+12 2.903192e+12 9.365901e-01 1.065533e-01 3.338342e-01 0.000000e+00 1
6.614048e+12 -4.900372e+12 -9.732678e+12 6.199458e-01 -1.243472e-01 -7.747289e-01 0.000000e+00 1
-5.502862e+12 -5.933119e+12 4.693561e+12 7.221714e-01 -3.534013e-01 5.946226e-01 0.000000e+00 1
1.540612e+12 1.607108e+13 3.971996e+12 -4.002226e-01 -2.219628e-01 -8.891313e-01 0.000000e+00 1
-7.899502e+11 7.910163e+12 7.688700e+12 -6.172147e-01 6.043077e-01 -5.038434e-01 0.000000e+00 1
-8.754684e+12 -9.334312e+12 -3.766145e+12 -8.625275e-01 -3.512227e-01 3.642648e-01 0.000000e+00 1
-6.484509e+12 -2.726650e+11 8.505126e+12 -7.079683e-01 6.917982e-02 -7.028478e-01 0.000000e+00 1
2.493885e+12 5.739136e+12 -8.465745e+12 4.479736e-01 -5.362944e-01 7.153377e-01 0.000000e+00 1
-5.739749e+11 5.462723e+12 -2.634019e+12 -6.425644e-01 2.312213e-01 7.305120e-01 0.000000e+00 1
3.631340e+12 2.106569e+12 -9.127372e+12 -3.791285e-01 3.940748e-01 8.372375e-01 0.000000e+00 1
-2.076625e+12 -1.566140e+13 7.522643e+11 -5.172008e-01 2.903450e-01 8.051106e-01 0.000000e+00 1
-1.545073e+13 -4.154620e+12 1.866921e+12 -5.076394e-01 7.219697e-01 4.701723e-01 0.000000e+00 1
4.630982e+12 1.321003e+13 9.224511e+12 -6.377595e-01 -6.802420e-01 3.612944e-01 0.000000e+00 1
-9.891972e+12 -2.004938e+11 1.094136e+13 -2.863673e-01 -9.100297e-01 -2.997328e-01 0.000000e+00 1
1.682205e+12 -2.964493e+12 -9.511135e+12 -8.866679e-01 -4.604914e-01 -4.204445e-02 0.000000e+00 1
-8.729816e+12 -9.483452e+12 -4.529238e+11 1.614586e-01 5.107856e-02 9.855568e-01 0.000000e+00 1
9.813791e+12 -8.376320e+12 -5.747591e+12 7.167243e-02 5.991534e-01 7.974198e-01 0.000000e+00 1
-1.181950e+13 -7.401568e+12 1.772857e+12 2.261779e-01 5.972525e-01 7.695018e-01 0.000000e+00 1
-3.138963e+12 3.616874e+12 1.266394e+13 5.482937e-01 5.775661e-01 6.048069e-01 0.000000e+00 1
-6.124748e+12 -1.122376e+13 1.951780e+11 -7.245906e-01 6.152286e-01 3.105837e-01 0.000000e+00 1
-1.040180e+13 -2.709619e+12 -5.218190e+12 -2.510579e-02 3.654916e-01 9.304760e-01 0.000000e+00 1
3.573695e+12 -4.545010e+12 -5.016283e+12 -9.458424e-01 -6.360163e-02 3.183348e-01 0.000000e+00 1
7.956104e+12 -4.179761e+12 1.417048e+13 -6.618241e-01 4.550458e-01 -5.957534e-01 0.000000e+00 1
1.698642e+12 -1.516733e+13 4.213093e+12 -4.581069e-01 -8.111197e-01 3.636247e-01 0.000000e+00 1
7.369839e+12 -1.495704e+13 2.878687e+12 7.773895e-01 -6.170531e-01 1.221108e-01 0.000000e+00 1
4.928904e+11 9.870607e+12 -5.156631e+12 8.707419e-01 -3.674910e-01 -3.267398e-01 0.000000e+00 1
-1.179978e+13 -9.779575e+12 -3.660887e+11 -3.289978e-01 -9.115261e-01 2.467400e-01 0.000000e+00 1
-6.128959e+12 -1.441446e+13 -3.833656e+12 3.608057e-01 8.803641e-01 3.078608e-01 0.000000e+00 1
-4.741750e+12 3.466378e+12 1.813974e+12 9.053827e-02 9.955369e-01 -2.663008e-02 0.000000e+00 1
-5.826740e+12 2.788808e+12 -1.439103e+13 -3.146447e-01 9.192550e-01 2.365776e-01 0.000000e+00 1
-1.910891e+12 1.237449e+13 -6.311007e+12 -2.227204e-01 9.213507e-01 3.186041e-01 0.000000e+00 1
-1.301306e+13 -5.038615e+12 -8.007054e+12 -6.333476e-01 7.202427e-01 2.830570e-01 0.000000e+00 1
-1.640928e+12 5.836279e+12 -8.587187e+11 -3.181605e-01 -9.193844e-01 2.313140e-01 0.000000e+00 1
-1.780118e+12 -1.377134e+13 -7.929305e+12 3.490653e-01 7.910319e-01 -5.024162e-01 0.000000e+00 1
2.891102e+12 -2.157938e+12 -6.259724e+12 7.927208e-01 -6.094446e-01 -1.307797e-02 0.000000e+00 1
2.371181e+12 9.727332e+12 -9.091357e+12 4.946723e-01 -7.386119e-01 -4.579866e-01 0.000000e+00 1
-1.077451e+13 9.126643e+12 6.836692e+12 1.076140e-01 4.854763e-02 -9.930067e-01 0.000000e+00 1
1.046204e+13 2.805570e+12 -5.001540e+12 -4.996781e-01 -4.064705e-02 -8.652569e-01 0.000000e+00 1
4.757917e+12 -9.054369e+12 1.313020e+13 -9.001884e-01 4.343551e-01 -3.156801e-02 0.000000e+00 1
-2.746217e+12 6.728436e+12 5.548157e+12 -3.051451e-01 -3.688580e-01 -8.779694e-01 0.000000e+00 1
-2.365340e+12 -5.982981e+12 1.540121e+13 4.002598e-01 -7.565650e-01 -5.171088e-01 0.000000e+00 1
-5.845362e+12 9.451367e+12 -1.050551e+13 3.434173e-01 8.793425e-01 3.298808e-01 0.000000e+00 1
3.612745e+12 -3.342396e+11 -4.967664e+12 7.624496e-01 -6.467006e-01 2.118858e-02 0.000000e+00 1
-5.400856e+12 8.004850e+11 -5.111776e+12 -3.225663e-01 -7.451843e-01 -5.836535e-01 0.000000e+00 1
2.822427e+12 8.190072e+12 6.433230e+11 -6.045399e-01 -5.406098e-01 -5.850407e-01 0.000000e+00 1
3.880464e+11 1.104526e+13 4.258556e+11 8.872737e-01 -4.033376e-01 -2.237503e-01 0.000000e+00 1
-1.549563e+13 -6.543764e+12 3.360237e+11 -2.185154e-01 -8.936087e-02 9.717333e-01 0.000000e+00 1
-4.103734e+12 6.797998e+12 -3.406470e+12 2.975702e-01 3.781525e-01 8.766143e-01 0.000000e+00 1
-1.057003e+13 5.601582e+12 8.174997e+12 -2.466477e-01 9.072839e-01 3.405889e-01 0.000000e+00 1
-6.709313e+12 8.603414e+12 9.459343e+12 -5.729386e-01 -2.217768e-02 8.192982e-01 0.000000e+00 1
-3.645039e+12 -7.038526e+12 -5.020816e+12 -8.941189e-01 8.971916e-03 -4.477398e-01 0.000000e+00 1
-3.580181e+12 7.419558e+12 7.356294e+12 7.013434e-01 3.039223e-01 -6.447858e-01 0.000000e+00 1
-1.159405e+13 -3.286409e+12 -4.598568e+12 4.242445e-01 4.376847e-01 -7.927476e-01 0.000000e+00 1
4.244444e+12 -4.164342e+11 -1.441606e+13 -2.793920e-01 4.764275e-01 -8.336408e-01 0.000000e+00 1
-1.444978e+13 -2.178852e+12 7.222676e+12 7.103171e-01 -6.808352e-01 1.786422e-01 0.000000e+00 1
1.051786e+13 -2.811476e+12 8.359679e+12 5.148734e-01 -8.050419e-01 -2.946404e-01 0.000000e+00 1
9.458875e+12 3.397915e+12 1.261575e+13 -4.702167e-01 -8.677209e-01 1.611112e-01 0.000000e+00 1
-8.652860e+12 6.840453e+12 -1.540084e+12 -8.563260e-01 -4.839574e-01 -1.802527e-01 0.000000e+00 1
-6.112567e+12 -1.031829e+13 4.107753e+12 4.452506e-01 -3.767208e-01 -8.123012e-01 0.000000e+00 1
7.166922e+12 -1.066010e+13 -7.695387e+12 3.856534e-01 7.318442e-01 5.618500e-01 0.000000e+00 1
-1.367963e+13 -6.216405e+12 6.425758e+12 -5.144337e-01 8.266062e-01 -2.282108e-01 0.000000e+00 1
-2.291928e+12 1.165052e+13 -3.060645e+12 6.994438e-02 6.312932e-01 7.723837e-01 0.000000e+00 1
-5.172690e+12 -3.363181e+12 -2.244941e+12 -6.313424e-01 -6.598440e-01 -4.074466e-01 0.000000e+00 1
-1.002500e+13 4.336514e+12 -8.918489e+12 -6.776950e-01 -1.648161e-01 -7.166346e-01 0.000000e+00 1
1.066743e+13 -3.384561e+12 2.749010e+12 -6.007584e-01 4.949448e-01 6.277889e-01 0.000000e+00 1
1.041038e+13 -5.222333e+12 -5.094341e+12 2.080304e-01 -9.381871e-01 2.766376e-01 0.000000e+00 1
2.093547e+11 -1.286680e+13 9.341182e+12 -6.752808e-02 4.544931e-01 -8.881869e-01 0.000000e+00 1
9.867188e+12 -1.815170e+12 8.645701e+11 -6.145905e-01 -5.262333e-02 -7.870892e-01 0.000000e+00 1
-5.544538e+12 1.513567e+13 2.693130e+11 6.870382e-01 1.382034e-01 -7.133570e-01 0.000000e+00 1
7.991090e+12 -8.738873e+12 8.571937e+12 5.065687e-01 -7.599731e-01 4.072212e-01 0.000000e+00 1
-7.522032e+12 6.605671e+12 -7.978801e+12 3.937411e-01 6.838086e-01 6.143076e-01 0.000000e+00 1
1.943385e+12 -6.521920e+12 4.396396e+12 1.666873e-01 -5.381091e-01 -8.262287e-01 0.000000e+00 1
-4.689018e+12 -7.225893e+12 -1.148126e+13 9.696044e-01 2.420056e-01 3.606316e-02 0.000000e+00 1
4.985160e+12 1.090112e+13 -7.642655e+12 -9.150830e-01 5.315790e-02 -3.997467e-01 0.000000e+00 1
9.505283e+12 -1.446053e+10 1.143225e+13 -3.999508e-01 4.615079e-01 7.918648e-01 0.000000e+00 1
9.767180e+12 4.807551e+12 5.278378e+12 -5.412886e-01 1.726320e-01 -8.229246e-01 0.000000e+00 1
9.214161e+12 -3.008370e+12 -8.469685e+12 7.172900e-01 -6.064470e-01 3.430992e-01 0.000000e+00 1
3.492572e+12 -6.152746e+12 2.713397e+12 7.769893e-01 -6.159769e-01 1.298464e-01 0.000000e+00 1
-8.349796e+11 7.230423e+12 -1.368372e+12 -3.394857e-02 -4.885281e-01 -8.718875e-01 0.000000e+00 1
-4.674975e+12 -2.266636e+12 7.282022e+12 -1.638468e-01 -4.249355e-01 -8.902719e-01 0.000000e+00 1
8.569440e+12 -1.177192e+12 6.757387e+12 -8.690646e-02 9.849651e-02 9.913353e-01 0.000000e+00 1
-3.107258e+12 4.638174e+12 -1.102630e+13 5.369727e-01 -1.971143e-01 -8.202477e-01 0.000000e+00 1
1.083656e+13 -2.463763e+12 1.167482e+13 6.414410e-01 -3.048435e-01 -7.040056e-01 0.000000e+00 1
-2.818683e+12 -1.177276e+13 3.671449e+12 -2.208199e-02 8.248901e-01 5.648617e-01 0.000000e+00 1
9.120397e+11 -7.311096e+12 5.447010e+12 4.105101e-01 8.884879e-01 2.051116e-01 0.000000e+00 1
-1.309970e+13 7.941227e+11 4.342753e+12 9.664049e-01 2.556960e-01 2.609705e-02 0.000000e+00 1
1.283738e+13 -8.383214e+12 -6.800166e+11 1.203194e-01 -1.752740e-01 -9.771398e-01 0.000000e+00 1
1.180567e+13 -6.901069e+12 7.755433e+12 -1.884217e-01 -9.539502e-01 -2.334016e-01 0.000000e+00 1
-1.536589e+13 2.020922e+12 5.548241e+12 -1.327300e-01 -9.759512e-01 -1.729219e-01 0.000000e+00 1
1.450379e+12 9.940466e+12 -7.118576e+12 -9.461273e-01 -1.539135e-01 2.848750e-01 0.000000e+00 1
5.154003e+12 8.723415e+11 1.285004e+13 9.803832e-01 -6.604353e-02 -1.857071e-01 0.000000e+00 1
-4.303572e+12 1.376374e+13 2.734653e+12 -7.010584e-01 -4.262931e-01 -5.716566e-01 0.000000e+00 1
-9.861767e+12 5.121927e+11 1.302780e+13 2.542504e-01 -8.928075e-01 3.718219e-01 0.000000e+00 1
2.068847e+11 1.342770e+13 1.996178e+12 7.779172e-01 -1.631545e-01 -6.068159e-01 0.000000e+00 1
-8.220139e+11 -1.264306e+13 6.297569e+12 7.371247e-01 2.812705e-02 -6.751711e-01 0.000000e+00 1
6.051542e+12 -1.097927e+12 -1.517853e+13 6.800656e-01 -6.302302e-01 -3.745940e-01 0.000000e+00 1
3.393675e+12 1.788929e+12 -7.943874e+12 5.940316e-01 -7.386777e-01 -3.185620e-01 0.000000e+00 1
-6.562475e+12 -1.258033e+13 -8.773378e+12 8.945026e-01 4.364886e-01 -9.665851e-02 0.000000e+00 1
1.354128e+13 -4.023152e+11 -3.778366e+12 1.493051e-01 8.165253e-01 -5.576687e-01 0.000000e+00 1
-8.266640e+12 -1.977949e+11 9.445534e+12 7.259116e-01 9.002350e-02 6.818711e-01 0.000000e+00 1
-4.254542e+12 -8.450422e+12 9.405542e+12 -3.316576e-01 -9.269870e-01 -1.752092e-01 0.000000e+00 1
-1.310444e+13 -6.680336e+12 1.812974e+10 -1.306378e-01 6.946094e-01 7.074260e-01 0.000000e+00 1
6.659799e+12 1.153887e+13 5.830368e+11 -4.877532e-01 -3.068919e-01 8.172602e-01 0.000000e+00 1
-2.168861e+12 -1.159039e+13 7.560978e+12 6.707984e-01 1.850879e-01 7.181727e-01 0.000000e+00 1
-5.885154e+12 -7.036276e+12 -8.461741e+12 6.444041e-01 -7.351478e-01 -2.104784e-01 0.000000e+00 1
1.890963e+12 1.796156e+12 -1.435449e+13 -9.474181e-01 1.125542e-01 -2.995505e-01 0.000000e+00 1
-3.929581e+12 1.450451e+13 -5.775917e+10 -4.017618e-02 4.521924e-01 -8.910151e-01 0.000000e+00 1
1.032549e+12 6.068749e+12 -8.222599e+12 8.866110e-01 -6.264216e-02 4.582542e-01 0.000000e+00 1
4.383831e+12 -7.855403e+12 4.271947e+12 -4.197168e-01 -6.661168e-01 6.165437e-01 0.000000e+00 1
-1.395909e+13 9.728953e+10 -7.899207e+11 6.127170e-01 4.930940e-01 6.176052e-01 0.000000e+00 1
-3.420894e+12 -1.359362e+13 -2.579939e+12 8.197404e-01 -5.431915e-01 -1.815729e-01 0.000000e+00 1
6.958205e+12 1.437122e+13 -2.886852e+12 1.877702e-01 -9.734115e-01 1.311963e-01 0.000000e+00 1
-1.075285e+13 9.560487e+12 -7.331355e+12 6.165974e-01 -6.591443e-01 4.305073e-01 0.000000e+00 1
7.247862e+12 -8.069302e+12 -2.348029e+12 3.778035e-01 -8.713114e-01 3.131788e-01 0.000000e+00 1
-7.954813e+12 6.784461e+12 -1.568679e+12 -8.109048e-01 1.564679e-01 5.638716e-01 0.000000e+00 1
-3.644649e+12 -1.861967e+11 -1.572329e+13 3.725656e-01 -2.591254e-01 -8.910942e-01 0.000000e+00 1
-2.654632e+12 -1.803043e+12 4.275811e+12 -4.404512e-01 -8.885801e-02 8.933684e-01 0.000000e+00 1
-4.824422e+12 5.583214e+12 -3.434146e+12 6.232708e-01 7.359855e-01 -2.643083e-01 0.000000e+00 1
-3.744969e+12 -1.145938e+12 1.140116e+13 -4.375270e-01 8.467888e-01 3.025209e-01 0.000000e+00 1
-6.368129e+12 8.874307e+12 -6.635706e+11 5.597428e-01 2.973733e-01 -7.734708e-01 0.000000e+00 1
-1.066384e+13 1.180854e+13 3.270829e+12 -5.732667e-01 5.791082e-01 -5.796542e-01 0.000000e+00 1
-1.165028e+13 2.700191e+12 -7.345495e+12 -1.743870e-01 9.783764e-01 -1.112150e-01 0.000000e+00 1
-1.675931e+12 7.609657e+12 2.336796e+12 5.239046e-01 -8.083730e-01 -2.684343e-01 0.000000e+00 1
5.349426e+12 3.281859e+12 -1.440592e+13 -9.663898e-01 8.480463e-02 -2.426909e-01 0.000000e+00 1
-3.454418e+12 9.455677e+12 1.203465e+13 9.801924e-01 1.303982e-01 -1.490610e-01 0.000000e+00 1
4.952386e+10 3.638787e+12 -1.011401e+13 7.741628e-01 2.387711e-01 5.862255e-01 0.000000e+00 1
9.038255e+12 -1.096055e+13 4.137305e+12 -7.579464e-01 -6.121691e-01 2.253137e-01 0.000000e+00 1
4.802096e+12 1.270753e+13 -9.345087e+12 -8.246641e-01 5.383170e-01 -1.736200e-01 0.000000e+00 1
-1.073726e+13 -4.505427e+12 -2.875490e+12 3.963117e-01 7.236633e-01 5.650207e-01 0.000000e+00 1
1.929347e+12 1.268215e+13 6.486495e+12 6.449038e-02 1.288265e-01 -9.895680e-01 0.000000e+00 1
1.368460e+13 5.948163e+12 -1.740718e+11 -3.630096e-02 -8.912933e-01 -4.519718e-01 0.000000e+00 1
-1.020370e+13 6.221358e+12 8.299393e+12 9.130408e-01 2.244308e-01 -3.405691e-01 0.000000e+00 1
-4.025265e+12 7.635147e+12 5.488514e+12 9.763007e-02 5.800079e-01 8.087393e-01 0.000000e+00 1
-7.750095e+12 2.424141e+12 1.256967e+13 -9.376575e-01 1.585237e-01 3.093036e-01 0.000000e+00 1
-9.385416e+12 -4.628318e+12 -3.630003e+08 -5.932517e-01 -7.972101e-01 -1.118414e-01 0.000000e+00 1
-3.694850e+12 8.339697e+12 -1.052388e+13 1.581167e-01 7.202533e-01 -6.754511e-01 0.000000e+00 1
-1.781819e+12 -4.620893e+12 -1.517074e+12 -5.265674e-01 6.800448e-02 8.474091e-01 0.000000e+00 1
-8.094291e+12 6.270316e+12 -8.939179e+10 -8.774017e-01 -3.028352e-01 -3.720983e-01 0.000000e+00 1
-5.272965e+12 3.762271e+12 -1.488820e+13 -1.924046e-01 4.690454e-01 -8.619611e-01 0.000000e+00 1
7.245864e+12 -1.546062e+12 1.443980e+13 9.525386e-01 1.045240e-01 -2.859107e-01 0.000000e+00 1
6.201666e+12 -1.438058e+13 -6.438787e+12 -7.312852e-01 5.611235e-01 -3.877658e-01 0.000000e+00 1
-9.155181e+12 4.367445e+12 1.199378e+13 -2.065054e-01 -9.179272e-01 3.387702e-01 0.000000e+00 1
6.115863e+12 7.052961e+12 2.898601e+12 1.724318e-01 -9.316588e-01 -3.198111e-01 0.000000e+00 1
-4.311145e+12 1.009420e+13 2.911846e+12 -5.682860e-01 7.931659e-01 2.189493e-01 0.000000e+00 1
6.571840e+12 -5.862848e+12 6.574453e+12 5.041611e-01 -5.209133e-01 6.888185e-01 0.000000e+00 1
-1.022112e+13 -1.443168e+12 -5.209391e+12 7.248974e-02 -8.161710e-01 -5.732453e-01 0.000000e+00 1
3.229944e+12 -6.196457e+12 9.719186e+12 9.527681e-01 2.300206e-01 -1.983015e-01 0.000000e+00 1
9.586441e+12 -6.786803e+12 -1.772635e+12 6.077498e-02 -1.415678e-01 -9.880612e-01 0.000000e+00 1
-9.774141e+12 1.018298e+13 -7.218026e+12 -9.107572e-01 -3.905352e-01 -1.341779e-01 0.000000e+00 1
-3.413268e+12 5.226338e+12 2.632266e+12 -9.672160e-01 2.023661e-01 -1.534316e-01 0.000000e+00 1
3.862447e+12 -4.442535e+12 7.960850e+12 -2.282380e-01 2.945879e-01 -9.279684e-01 0.000000e+00 1
1.799943e+12 -1.253527e+13 -5.548285e+12 -6.839353e-01 3.018493e-01 -6.641683e-01 0.000000e+00 1
-9.700558e+12 1.263248e+13 1.444329e+12 -8.503016e-02 9.573110e-01 2.762706e-01 0.000000e+00 1
6.314617e+12 -1.401691e+11 1.244637e+13 1.285848e-01 -1.442773e-01 9.811473e-01 0.000000e+00 1
-1.014062e+13 -3.089473e+12 -4.520538e+12 1.369282e-01 9.832303e-01 1.204527e-01 0.000000e+00 1
7.827219e+12 4.053185e+12 -1.309978e+12 -2.162840e-01 1.924895e-02 -9.761407e-01 0.000000e+00 1
3.324232e+12 1.374593e+12 -1.446338e+12 8.864502e-01 -8.785954e-02 -4.544081e-01 0.000000e+00 1
-2.287678e+12 1.233272e+12 -1.775151e+11 -5.872049e-01 1.555091e-01 7.943597e-01 0.000000e+00 1
1.012405e+13 4.374826e+12 -3.851654e+11 -2.192737e-01 -2.058660e-01 9.536971e-01 0.000000e+00 1
-1.556679e+13 5.701759e+12 5.669310e+11 5.003792e-01 7.643932e-01 -4.066002e-01 0.000000e+00 1
-6.554153e+12 1.234461e+13 -2.808092e+12 -2.602651e-01 -4.018330e-01 -8.779478e-01 0.000000e+00 1
1.266848e+12 -4.032902e+12 -1.351190e+13 5.558880e-01 7.173822e-01 -4.199419e-01 0.000000e+00 1
1.880548e+12 -1.270800e+13 -3.125259e+12 8.023345e-01 -2.186797e-01 -5.553725e-01 0.000000e+00 1
-3.118318e+12 -1.038357e+13 7.568598e+12 -8.604040e-01 -4.212960e-01 2.867308e-01 0.000000e+00 1
-1.422820e+13 -4.619534e+11 -3.733568e+12 -4.439702e-01 -4.478976e-01 -7.760658e-01 0.000000e+00 1
-5.370709e+12 -9.521413e+12 2.445461e+12 3.239477e-01 6.596673e-01 6.781570e-01 0.000000e+00 1
2.038494e+12 -9.860607e+12 -1.070982e+13 -6.417349e-01 -3.919210e-01 6.592225e-01 0.000000e+00 1
-7.366228e+11 -4.054797e+12 -5.044609e+12 -6.760104e-01 -5.228099e-01 -5.193070e-01 0.000000e+00 1
-2.624095e+12 7.393289e+12 -1.384043e+13 5.703327e-03 9.926903e-01 -1.205546e-01 0.000000e+00 1
-6.982188e+12 -8.770982e+12 -1.712533e+12 -7.805123e-01 -6.247035e-01 2.336872e-02 0.000000e+00 1
6.326213e+12 1.320862e+13 2.052973e+12 6.251664e-01 5.471000e-01 -5.566405e-01 0.000000e+00 1
-1.027458e+13 -2.481851e+12 9.800187e+12 8.450116e-01 -3.321878e-01 -4.190545e-01 0.000000e+00 1
-1.395549e+13 -9.179494e+11 8.687981e+12 1.315747e-01 7.301826e-01 -6.704637e-01 0.000000e+00 1
-7.518285e+12 1.052892e+13 2.717547e+12 8.889793e-01 1.645043e-01 4.273805e-01 0.000000e+00 1
1.060123e+13 -3.326653e+12 -1.131191e+13 5.032810e-01 6.469015e-01 5.729107e-01 0.000000e+00 1
-6.693381e+12 -6.202969e+11 8.386356e+12 9.717524e-01 2.307302e-01 4.960787e-02 0.000000e+00 1
-7.081355e+12 -7.572050e+12 -6.155099e+12 -5.021091e-01 -3.415899e-01 7.944827e-01 0.000000e+00 1
1.020625e+13 -1.760733e+12 -8.986474e+12 -9.636491e-01 -2.439803e-01 1.088763e-01 0.000000e+00 1
-1.021568e+13 6.542847e+12 7.825645e+12 1.500742e-02 -9.945610e-01 -1.030691e-01 0.000000e+00 1
8.846364e+12 -2.434148e+12 5.232185e+12 -4.578406e-01 -3.477092e-02 8.883541e-01 0.000000e+00 1
1.344543e+13 -6.682642e+12 4.422705e+11 -3.480857e-01 -3.977948e-03 -9.374543e-01 0.000000e+00 1
8.319350e+12 1.392280e+13 3.475165e+12 -1.979717e-01 7.687545e-01 6.081313e-01 0.000000e+00 1
-5.703298e+12 -3.471345e+12 6.075002e+12 -7.399556e-01 5.361258e-01 -4.062447e-01 0.000000e+00 1
-1.456414e+13 2.013345e+12 -4.797815e+12 9.060820e-01 1.055187e-01 4.097332e-01 0.000000e+00 1
-4.622161e+12 4.890196e+12 -8.188360e+12 -1.520601e-01 6.695869e-01 -7.270014e-01 0.000000e+00 1
-7.429700e+12 1.942394e+12 -5.080661e+12 3.861065e-01 -8.696831e-01 3.075274e-01 0.000000e+00 1
-6.244916e+12 -8.186660e+12 -5.706004e+12 -4.308473e-01 8.789739e-01 2.043906e-01 0.000000e+00 1
1.141312e+13 1.061410e+13 4.216659e+12 -3.809471e-01 9.218583e-01 -7.110953e-02 0.000000e+00 1
-7.865847e+12 1.020110e+13 -2.138454e+12 8.094762e-01 -5.696018e-01 1.424853e-01 0.000000e+00 1
1.458315e+13 -1.118842e+12 -6.669851e+12 9.548715e-01 2.710550e-01 -1.214478e-01 0.000000e+00 1
-4.072659e+12 -1.148311e+13 -5.212442e+11 5.576967e-01 -2.350597e-01 -7.960661e-01 0.000000e+00 1
-1.667163e+12 -6.882555e+12 -8.084507e+12 -9.254583e-01 -3.542998e-01 -1.341588e-01 0.000000e+00 1
-1.216930e+13 -7.425783e+10 1.559840e+12 -4.523695e-01 -7.614821e-01 4.642271e-01 0.000000e+00 1
-6.887572e+12 -1.041489e+13 8.202942e+12 2.921771e-01 9.157519e-01 -2.757373e-01 0.000000e+00 1
5.585373e+12 -6.037546e+12 1.350180e+13 4.870328e-01 -7.492550e-01 -4.487940e-01 0.000000e+00 1
-2.635504e+12 -5.473071e+11 -5.400925e+12 -1.481364e-01 -7.283685e-01 -6.689806e-01 0.000000e+00 1
-1.133931e+13 1.280280e+12 -1.801119e+12 7.957620e-01 1.497086e-01 -5.868135e-01 0.000000e+00 1
4.924652e+12 5.101183e+12 9.489936e+12 1.127953e-02 -1.942884e-01 9.808796e-01 0.000000e+00 1
-7.138500e+11 4.509926e+12 5.953954e+12 -2.327220e-01 8.836384e-01 4.062311e-01 0.000000e+00 1
9.809646e+12 -1.090671e+13 -4.704113e+12 -3.902794e-03 -4.606229e-01 8.875873e-01 0.000000e+00 1
-4.045909e+12 -9.321786e+12 3.392519e+12 -8.590045e-01 -5.035129e-01 -9.266071e-02 0.000000e+00 1
1.209333e+13 -9.648674e+12 -6.471270e+12 4.144292e-01 -5.879215e-03 -9.100626e-01 0.000000e+00 1
1.985159e+12 -8.807908e+11 -7.252460e+12 -2.416408e-02 -6.530732e-01 -7.569092e-01 0.000000e+00 1
-4.929838e+12 1.494304e+12 1.499551e+13 6.932776e-01 2.510671e-01 -6.755231e-01 0.000000e+00 1
9.586612e+12 -1.191057e+13 4.183527e+12 9.327395e-01 -4.768350e-02 3.573840e-01 0.000000e+00 1
-4.572650e+12 -1.639825e+12 -4.951262e+11 -1.402005e-01 -9.204158e-01 -3.649364e-01 0.000000e+00 1
4.135039e+12 4.260778e+11 -2.364430e+12 7.550218e-01 -6.556540e-01 -7.737209e-03 0.000000e+00 1
6.226620e+11 1.634296e+13 1.700665e+12 -8.110400e-01 1.865519e-01 5.544480e-01 0.000000e+00 1
1.344529e+13 -5.668643e+12 -3.191861e+12 -4.790104e-01 -9.833799e-03 -8.777542e-01 0.000000e+00 1
-1.029013e+12 6.722477e+12 -1.226312e+13 -3.726462e-01 -8.965363e-01 2.394941e-01 0.000000e+00 1
-3.743773e+12 4.232522e+12 6.356695e+12 3.442668e-01 -1.424880e-01 9.279965e-01 0.000000e+00 1
-6.713814e+12 5.633122e+12 1.421553e+12 -1.566024e-01 -9.574756e-01 2.423142e-01 0.000000e+00 1
-3.750026e+12 1.158803e+13 1.173197e+13 -5.517715e-01 -7.262296e-01 4.100472e-01 0.000000e+00 1
3.881174e+12 -5.131253e+12 -3.949224e+12 6.578872e-01 7.304394e-01 -1.834197e-01 0.000000e+00 1
1.695538e+12 -3.080288e+12 -1.097201e+13 -7.386141e-01 5.932007e-01 -3.202531e-01 0.000000e+00 1
6.975470e+11 -6.731925e+12 6.405374e+12 -4.313244e-01 4.908854e-01 -7.569616e-01 0.000000e+00 1
-7.535399e+12 -8.481463e+12 7.573376e+12 2.576871e-01 -7.947191e-01 5.495625e-01 0.000000e+00 1
2.743523e+12 -4.308399e+12 5.092554e+11 -9.562104e-01 -5.535024e-02 -2.873986e-01 0.000000e+00 1
-6.494133e+12 -1.110924e+12 3.880156e+12 3.511706e-01 5.340782e-01 7.690511e-01 0.000000e+00 1
-2.135681e+12 -4.910730e+12 -2.897280e+12 -3.486578e-01 -4.091494e-01 8.432286e-01 0.000000e+00 1
-3.358155e+12 -1.475713e+12 -5.282254e+12 -8.567503e-01 -4.760125e-01 1.984719e-01 0.000000e+00 1
1.159170e+13 -3.085970e+12 7.076980e+12 8.322604e-02 5.045869e-01 -8.593402e-01 0.000000e+00 1
5.417633e+12 -9.122671e+12 -2.223399e+12 3.887240e-01 7.944081e-01 4.667006e-01 0.000000e+00 1
1.146457e+13 -1.101320e+13 5.339728e+12 7.369291e-01 1.382034e-02 -6.758287e-01 0.000000e+00 1
7.757758e+12 -3.888086e+12 7.399854e+12 -6.045793e-01 -7.748631e-01 1.845835e-01 0.000000e+00 1
1.929055e+12 -5.869983e+12 -7.073707e+11 8.473979e-01 2.722277e-01 4.558607e-01 0.000000e+00 1
-1.093295e+13 5.960372e+12 -6.986842e+12 -3.892613e-01 1.733233e-01 -9.046738e-01 0.000000e+00 1
1.156972e+13 5.127530e+12 8.179636e+11 -3.324404e-01 -8.403437e-01 -4.281424e-01 0.000000e+00 1
-8.330829e+12 4.351960e+11 1.342275e+13 8.181096e-01 -1.636449e-01 -5.512867e-01 0.000000e+00 1
5.818549e+12 2.060080e+11 -1.166894e+13 -4.155114e-01 -5.326898e-01 7.372868e-01 0.000000e+00 1
-5.983082e+12 -6.141286e+12 -8.785949e+12 1.739835e-01 4.113892e-01 -8.947003e-01 0.000000e+00 1
-9.960521e+11 5.940568e+12 3.563387e+12 -2.739813e-01 7.612884e-01 5.876854e-01 0.000000e+00 1
-1.066448e+13 1.078342e+13 -6.300369e+12 3.119948e-02 -9.611856e-01 2.741329e-01 0.000000e+00 1
-7.359253e+12 1.788448e+12 1.114666e+13 5.384672e-01 -8.387550e-01 8.088987e-02 0.000000e+00 1
-5.718662e+12 4.010738e+12 1.284794e+13 -5.733886e-01 7.983122e-02 8.153849e-01 0.000000e+00 1
7.255424e+12 -3.029906e+12 -1.521826e+11 5.117654e-02 3.033807e-02 -9.982287e-01 0.000000e+00 1
5.611283e+12 6.756996e+12 1.206929e+13 8.208845e-01 5.643292e-01 8.764190e-02 0.000000e+00 1
8.256000e+11 5.531370e+12 -2.772542e+12 7.542857e-01 4.247578e-01 -5.006336e-01 0.000000e+00 1
8.847030e+12 4.688737e+12 3.878065e+12 1.798039e-01 -3.131507e-01 -9.325273e-01 0.000000e+00 1
2.380854e+12 -1.099848e+13 1.049093e+13 -1.979510e-01 9.690950e-01 -1.472080e-01 0.000000e+00 1
-2.315915e+10 5.983829e+12 8.548141e+12 -7.961069e-01 6.050841e-01 -9.326975e-03 0.000000e+00 1
-6.768035e+12 -1.244493e+13 -1.103540e+12 -5.269449e-01 -4.465959e-01 7.231052e-01 0.000000e+00 1
9.922330e+12 -5.817277e+12 3.290094e+12 2.378378e-01 -7.695854e-01 -5.925973e-01 0.000000e+00 1
3.026702e+12 8.428008e+12 4.303018e+10 2.114340e-01 -8.300610e-01 5.160371e-01 0.000000e+00 1
3.992641e+12 1.438334e+13 2.438651e+12 -3.646705e-01 9.311262e-01 -4.410265e-03 0.000000e+00 1
1.444731e+12 -5.018263e+12 -1.548496e+13 -8.051653e-01 2.839228e-01 5.206694e-01 0.000000e+00 1
1.130772e+13 9.169028e+12 5.539019e+12 4.605686e-01 5.353755e-01 7.079899e-01 0.000000e+00 1
4.612136e+12 -1.202240e+12 6.225040e+12 4.468315e-01 -1.070432e-01 -8.881910e-01 0.000000e+00 1
-9.296272e+11 1.212033e+12 1.649528e+13 -8.072236e-02 8.850230e-01 -4.584956e-01 0.000000e+00 1
-6.843484e+11 -1.345595e+13 8.460846e+12 -4.814085e-01 5.594375e-01 -6.747411e-01 0.000000e+00 1
6.497683e+12 -5.140797e+12 3.276559e+12 -8.972438e-01 -3.094540e-01 3.149474e-01 0.000000e+00 1
2.281400e+12 -2.901697e+12 -1.509587e+12 -4.739891e-01 -5.542572e-01 6.842026e-01 0.000000e+00 1
5.348152e+12 1.284977e+13 1.812253e+12 3.520861e-01 -5.487867e-01 -7.582009e-01 0.000000e+00 1
4.613206e+12 2.057115e+12 1.066432e+12 -6.716611e-02 -6.354006e-01 7.692560e-01 0.000000e+00 1
-5.803287e+12 -1.446450e+13 -5.878504e+12 8.510621e-02 6.452605e-01 7.592074e-01 0.000000e+00 1
5.832496e+11 6.598930e+12 -6.555238e+12 1.631665e-01 -2.057287e-01 -9.649105e-01 0.000000e+00 1
-3.680134e+12 -1.323606e+13 6.491725e+12 -7.327853e-01 -6.736904e-01 9.574427e-02 0.000000e+00 1
-4.491712e+12 -1.328351e+13 -4.683918e+12 -4.306367e-01 5.293114e-01 7.310140e-01 0.000000e+00 1
-7.414090e+12 2.070380e+12 1.029739e+13 -1.460661e-01 -8.779310e-01 4.559625e-01 0.000000e+00 1
9.791302e+12 -7.667403e+12 -3.490841e+12 -1.455126e-01 -7.858171e-01 6.010969e-01 0.000000e+00 1
5.373603e+12 5.752005e+11 -7.570714e+12 9.484244e-01 2.066641e-01 -2.403770e-01 0.000000e+00 1
-7.876910e+11 1.258378e+13 -4.436966e+11 -6.847617e-01 -1.823571e-01 -7.055830e-01 0.000000e+00 1
1.042922e+13 3.093421e+12 2.494636e+12 2.175168e-01 6.171422e-01 7.561891e-01 0.000000e+00 1
-2.045978e+12 -1.024458e+13 -3.949422e+12 6.105595e-01 5.081851e-01 6.074248e-01 0.000000e+00 1
6.752189e+12 -7.294786e+12 4.379439e+12 7.363122e-01 5.097678e-01 -4.449507e-01 0.000000e+00 1
4.060169e+12 -3.666882e+12 -4.878231e+12 -5.169154e-01 -8.526493e-01 7.607729e-02 0.000000e+00 1
7.154510e+12 3.015027e+12 6.860345e+12 1.642810e-01 -8.730489e-01 4.591268e-01 0.000000e+00 1
-1.411467e+13 7.226052e+12 3.016139e+12 7.020263e-01 -1.332791e-01 6.995682e-01 0.000000e+00 1
-6.497926e+12 -7.364962e+12 -8.111969e+12 -7.031791e-01 7.631188e-02 7.069057e-01 0.000000e+00 1
-5.245497e+12 -8.424318e+12 7.630175e+12 -2.935082e-01 9.549028e-01 4.487322e-02 0.000000e+00 1
-6.440208e+12 -9.751284e+12 9.336269e+12 8.649872e-01 -1.632623e-01 4.744919e-01 0.000000e+00 1
-4.520434e+12 -5.850498e+12 1.419543e+13 -6.465761e-01 4.382105e-01 6.244285e-01 0.000000e+00 1
3.712808e+12 -9.849877e+12 2.370426e+12 8.026470e-01 3.339233e-01 -4.942196e-01 0.000000e+00 1
-1.094653e+12 -5.288980e+12 -4.210209e+12 -7.523019e-01 -3.337806e-01 5.680073e-01 0.000000e+00 1
-5.219442e+12 -1.934855e+12 -3.663661e+12 4.588144e-02 -6.974187e-01 -7.151937e-01 0.000000e+00 1
-9.274860e+12 9.048700e+12 -6.698643e+12 9.038341e-01 4.152561e-01 -1.031806e-01 0.000000e+00 1
5.285381e+12 -4.822395e+12 -1.358245e+13 -7.434151e-01 6.074992e-01 -2.797833e-01 0.000000e+00 1
-2.143415e+12 5.641431e+12 -6.709062e+12 -4.777528e-01 -8.748672e-01 -7.974782e-02 0.000000e+00 1
-6.362026e+12 -1.335785e+13 -5.803827e+12 -1.159079e-01 -4.931508e-01 -8.621877e-01 0.000000e+00 1
-3.342165e+12 -3.041781e+12 -2.405579e+12 -6.262959e-01 -1.824695e-01 7.579303e-01 0.000000e+00 1
7.258054e+12 -8.099440e+12 -1.152602e+13 -8.730301e-01 3.287061e-01 3.602369e-01 0.000000e+00 1
-9.387499e+12 2.002545e+12 -4.046055e+11 -9.322168e-02 9.778584e-01 1.873570e-01 0.000000e+00 1
-7.543000e+12 3.984467e+12 -2.638345e+12 7.072903e-02 7.636044e-01 6.417988e-01 0.000000e+00 1
2.140713e+12 -6.736528e+12 -6.170224e+12 3.507674e-01 7.904929e-01 -5.020789e-01 0.000000e+00 1
-9.243835e+12 -8.760723e+12 -5.568792e+12 1.409608e-01 1.493727e-01 9.786817e-01 0.000000e+00 1
1.364868e+12 -3.527611e+12 -1.015026e+13 3.050633e-01 9.516530e-01 3.595704e-02 0.000000e+00 1
-7.390806e+12 -9.228776e+11 3.285990e+12 9.464615e-01 -3.222982e-01 1.829056e-02 0.000000e+00 1
-9.262080e+12 -2.395447e+12 6.138347e+12 -8.927734e-01 -1.935430e-01 4.068128e-01 0.000000e+00 1
4.169527e+12 -1.385994e+13 -5.968770e+12 4.924755e-01 6.107910e-01 6.200018e-01 0.000000e+00 1
-1.336474e+13 4.955507e+12 8.444705e+11 7.685425e-01 -5.695212e-01 -2.915270e-01 0.000000e+00 1
3.132656e+12 3.463725e+12 -1.408523e+13 4.190589e-01 9.027459e-01 9.715750e-02 0.000000e+00 1
-8.591111e+11 -1.435008e+13 9.568034e+11 8.611332e-01 -4.904791e-01 1.337158e-01 0.000000e+00 1
1.116403e+13 -1.101746e+13 1.208050e+12 -4.720601e-01 8.772786e-01 8.684171e-02 0.000000e+00 1
-4.015050e+10 7.840361e+12 -1.019998e+13 2.728902e-01 6.784663e-01 -6.820663e-01 0.000000e+00 1
1.356580e+13 4.177452e+12 -4.210808e+12 9.940149e-01 1.091700e-01 4.037884e-03 0.000000e+00 1
-1.509975e+13 -3.766895e+11 -7.100052e+12 -4.681305e-01 2.223862e-01 -8.552182e-01 0.000000e+00 1
4.056697e+12 2.798316e+12 -5.889911e+11 -4.357678e-01 -5.685896e-01 6.977193e-01 0.000000e+00 1
-1.337355e+12 -3.790117e+12 5.606283e+12 4.432411e-01 5.804077e-01 6.831283e-01 0.000000e+00 1
-1.298143e+13 -1.136838e+12 -1.751391e+12 -3.458858e-02 -6.616361e-01 7.490269e-01 0.000000e+00 1
-2.291340e+12 -7.147401e+12 9.937500e+12 -3.275686e-01 8.836578e-01 3.344365e-01 0.000000e+00 1
1.277933e+13 1.124530e+12 -1.072075e+13 7.098003e-01 5.601217e-01 -4.271384e-01 0.000000e+00 1
1.450447e+13 -3.893519e+12 -7.133637e+12 -3.990676e-02 -9.520708e-01 3.032634e-01 0.000000e+00 1
-9.316518e+12 -1.106595e+13 -4.496419e+12 -2.068292e-01 3.410093e-01 -9.170247e-01 0.000000e+00 1
-4.681012e+12 -4.362953e+12 -4.894434e+12 -1.790499e-02 -6.719234e-01 7.404042e-01 0.000000e+00 1
4.657059e+12 1.134237e+13 7.137254e+12 -4.175469e-01 7.310825e-01 -5.396045e-01 0.000000e+00 1
-8.222766e+12 5.709727e+12 -1.035718e+13 7.377593e-02 -8.243729e-01 5.612187e-01 0.000000e+00 1
-9.343896e+12 5.898885e+12 1.166314e+13 -7.916400e-01 -5.494863e-01 2.671535e-01 0.000000e+00 1
7.516625e+12 -1.137697e+13 -3.016793e+12 4.350985e-01 -7.213955e-01 5.387744e-01 0.000000e+00 1
2.150058e+12 6.060270e+12 -3.143893e+12 -5.664772e-01 7.430195e-01 3.564065e-01 0.000000e+00 1
6.013058e+11 -9.422687e+12 1.337817e+13 3.063144e-01 -7.866546e-01 -5.360467e-01 0.000000e+00 1
1.981687e+12 -3.364649e+12 -1.283748e+13 3.965401e-01 3.006836e-01 8.673784e-01 0.000000e+00 1
6.837119e+12 -1.488130e+13 1.772648e+11 6.576883e-01 -7.477994e-01 9.078642e-02 0.000000e+00 1
-1.024958e+13 -1.222830e+13 2.976555e+12 2.882565e-01 9.263361e-01 2.425068e-01 0.000000e+00 1
5.053585e+12 2.741943e+11 2.884363e+12 -8.966229e-01 2.487095e-01 3.663481e-01 0.000000e+00 1
1.561694e+13 6.066738e+11 1.758944e+12 3.229709e-01 -9.455383e-01 4.058437e-02 0.000000e+00 1
-7.902825e+12 -7.622621e+12 1.197079e+13 8.420003e-01 4.115318e-01 -3.488225e-01 0.000000e+00 1
-8.322794e+12 4.247333e+12 9.764381e+12 8.121030e-01 -9.259512e-02 -5.761205e-01 0.000000e+00 1
-8.220090e+12 -2.643798e+12 2.241856e+12 9.281335e-01 -2.611555e-01 -2.652661e-01 0.000000e+00 1
-1.235944e+13 3.107661e+12 -1.078593e+13 6.229998e-01 -3.942725e-02 -7.812277e-01 0.000000e+00 1
9.288186e+11 1.314654e+13 -2.943137e+12 7.864839e-01 -6.089435e-01 1.031062e-01 0.000000e+00 1
-1.543305e+12 -6.635682e+12 4.779362e+12 4.193095e-01 -4.695297e-01 -7.769951e-01 0.000000e+00 1
1.342104e+13 -2.962187e+12 -4.901119e+12 -6.186627e-01 -7.823811e-01 7.166816e-02 0.000000e+00 1
-2.470403e+12 -1.516911e+13 4.655077e+12 -2.368412e-01 -4.167096e-01 -8.776442e-01 0.000000e+00 1
-3.898381e+11 -1.199467e+13 -8.486066e+12 8.394590e-02 9.795979e-01 1.825952e-01 0.000000e+00 1
-4.981110e+12 -8.168827e+12 1.092615e+13 2.772120e-01 -7.834446e-01 -5.562086e-01 0.000000e+00 1
1.315980e+13 4.610643e+12 4.193386e+12 8.641849e-01 3.615408e-01 -3.499609e-01 0.000000e+00 1
-2.607159e+12 -1.064303e+13 4.384585e+12 -6.547121e-01 2.937058e-01 -6.964833e-01 0.000000e+00 1
-1.006788e+12 1.163159e+13 1.784327e+12 -7.436977e-01 6.675995e-01 -3.499502e-02 0.000000e+00 1
-1.011497e+13 -3.104809e+12 -1.195229e+13 6.147931e-01 1.583704e-01 7.726243e-01 0.000000e+00 1
2.722764e+12 5.557962e+12 -1.084076e+13 -7.026615e-02 -7.713310e-01 -6.325434e-01 0.000000e+00 1
-5.205607e+12 -2.903155e+12 1.233725e+12 4.494626e-01 -8.802242e-01 1.522785e-01 0.000000e+00 1
-5.106405e+12 -1.105530e+13 -1.123315e+13 -8.563862e-01 2.623323e-01 -4.447296e-01 0.000000e+00 1
-1.000308e+13 2.274814e+12 6.849379e+12 6.315411e-01 -5.503707e-01 5.461208e-01 0.000000e+00 1
4.935537e+11 -2.925520e+12 8.998242e+12 -4.220095e-01 3.523561e-01 8.353162e-01 0.000000e+00 1
7.496743e+12 -1.213889e+13 8.061792e+12 8.154019e-01 -5.319719e-01 2.283102e-01 0.000000e+00 1
5.935714e+12 8.513862e+12 -1.359663e+12 4.233974e-01 -9.046385e-01 -4.861943e-02 0.000000e+00 1
-4.540082e+12 -1.248134e+13 9.800752e+12 -3.348763e-01 -9.216047e-01 1.962211e-01 0.000000e+00 1
-4.698272e+12 6.248203e+12 9.928309e+12 3.244545e-01 -9.458676e-01 -7.989322e-03 0.000000e+00 1
-1.355473e+13 -2.889210e+12 9.019313e+12 -4.823380e-01 -8.223854e-01 3.017155e-01 0.000000e+00 1
3.581669e+12 -4.028437e+12 9.485769e+12 2.916973e-01 -4.047688e-01 -8.666458e-01 0.000000e+00 1
-1.302562e+13 -4.260463e+12 -8.369661e+12 8.805038e-01 3.978910e-01 -2.576737e-01 0.000000e+00 1
5.455408e+12 -7.488054e+12 2.095598e+12 5.142411e-01 -8.198985e-01 2.516396e-01 0.000000e+00 1
8.886061e+12 -3.642601e+12 5.420135e+12 6.304716e-01 -3.530244e-01 6.912882e-01 0.000000e+00 1
9.122890e+12 -3.181475e+12 -3.883507e+12 7.542514e-01 -5.135278e-01 -4.091381e-01 0.000000e+00 1
4.166975e+12 -7.775208e+12 -7.284786e+11 -5.659192e-01 -3.978715e-01 -7.221037e-01 0.000000e+00 1
1.006342e+13 -4.058301e+12 3.020212e+12 -6.805202e-01 7.244870e-01 1.095939e-01 0.000000e+00 1
