# 781 1.000000e+07 1.000000e+04 0.000000e+00 1.000000e+00 5.000000e-01
9.198620e+13 -1.173709e+14 8.336102e+13 -2.374573e-01 -9.230707e-01 3.025799e-01 -2.707449e+01 0 4610625
1.102360e+14 7.918097e+13 -1.059084e+14 2.817379e-01 9.572753e-01 -6.517490e-02 4.708481e-01 0 52
-3.879091e+13 -1.650767e+14 -1.292012e+13 -4.648809e-01 -8.827893e-01 6.759314e-02 3.933402e+00 0 11406012
1.488440e+14 -3.515253e+13 -7.670434e+13 5.935578e-01 -7.929067e-01 -1.377977e-01 -8.361215e+00 0 14251405
-7.264499e+13 1.590958e+14 -4.463961e+13 6.139150e-01 7.464502e-01 2.567497e-01 -3.794409e+00 0 13
-1.291935e+14 -6.585486e+13 8.884333e+13 -6.610900e-01 5.783721e-01 4.779600e-01 -2.190090e+01 0 11200
-1.030845e+13 3.628600e+13 1.660081e+14 6.367217e-01 1.746021e-01 7.510656e-01 5.236348e+00 0 10671246
-1.164850e+14 6.771250e+13 1.046512e+14 -5.323222e-01 7.928140e-01 2.967811e-01 6.388378e+00 0 28
-7.560768e+13 -5.701113e+13 1.448895e+14 2.423845e-01 -1.562151e-01 9.575211e-01 -2.278986e+00 0 18756088
-8.814833e+13 1.668461e+14 5.390336e+12 -2.504553e-01 7.216619e-01 6.453497e-01 -2.220066e+01 0 1053835
1.126133e+14 8.918572e+13 9.457754e+13 7.302826e-01 4.109918e-01 -5.456859e-01 1.194062e+01 0 1
-1.171170e+14 -7.149034e+13 -1.011228e+14 -7.251606e-01 -6.685044e-01 1.650579e-01 2.330936e+01 0 2
4.764663e+13 -2.629426e+13 1.609016e+14 -1.077333e-01 -5.491509e-02 9.926620e-01 2.123172e+00 0 4605270
-1.126643e+14 2.659923e+13 1.301106e+14 -7.333115e-01 -5.347592e-01 4.198653e-01 -3.900132e+00 0 5316363
8.936277e+13 1.390272e+14 4.386468e+13 6.054788e-01 7.382650e-01 2.972546e-01 2.357775e+00 0 1962390
9.880450e+13 -1.413925e+14 1.339971e+13 3.456105e-01 -8.924222e-01 2.900621e-01 6.943972e+00 0 58753
1.557658e+14 6.260347e+13 -2.634708e+13 2.481747e-01 6.391777e-01 7.279157e-01 2.430793e+01 0 6746036
-1.677146e+14 2.362802e+13 1.604801e+13 -7.996582e-01 -4.087931e-01 4.398124e-01 -3.100634e+00 0 398147
-8.168707e+13 -1.586806e+14 4.255107e+13 -6.093040e-01 -2.312785e-01 7.584582e-01 2.697654e+00 0 38
9.003428e+13 -1.447530e+14 1.588729e+13 3.459669e-01 -7.794486e-01 -5.222707e-01 -1.993744e+01 0 3660990
1.174763e+14 -1.413147e+14 1.085646e+13 7.785258e-02 -9.934142e-01 -8.406711e-02 -3.105951e+01 0 4
1.711678e+14 1.259564e+14 7.330395e+13 4.739244e-01 8.592816e-01 -1.924339e-01 3.163577e+01 0 12719952
-1.171243e+14 -5.347317e+13 1.112153e+14 -9.381388e-01 -1.368977e-01 3.180482e-01 2.329006e+00 0 11
-1.045863e+14 -1.358633e+14 1.113574e+13 -7.848439e-01 -1.732323e-02 6.194513e-01 -7.683000e+00 0 216207
5.043924e+13 -7.261678e+13 -1.633170e+14 1.273117e-01 -7.747619e-01 -6.193026e-01 -2.219510e+01 0 1316647
-1.010261e+14 -8.362486e+13 1.102675e+14 -4.376655e-01 -8.648625e-01 -2.458897e-01 3.861582e+00 0 8572451
9.737438e+13 4.031062e+13 -1.349994e+14 9.439516e-01 -5.957666e-02 -3.246628e-01 -2.584197e+00 0 8285510
-1.839736e+13 -8.479480e+13 -1.465364e+14 3.457542e-01 -1.406229e-01 -9.277280e-01 1.046608e-02 0 4640564
9.816897e+13 1.403953e+14 1.851749e+13 5.978963e-01 7.891536e-01 1.405583e-01 -1.273471e+01 0 9
7.127216e+13 1.723618e+14 -4.589899e+12 3.022488e-01 9.309610e-01 -2.048347e-01 1.970148e+01 0 6
6.934056e+13 7.182745e+13 -1.376785e+14 5.970867e-02 5.696057e-01 -8.197464e-01 9.136869e+00 0 1801337
-5.622094e+13 1.590318e+14 2.437938e+13 -6.412288e-01 5.551637e-01 5.297348e-01 2.729767e+01 0 21
9.591302e+13 1.385168e+14 -2.412011e+13 1.487047e-01 8.635718e-01 4.817994e-01 2.648136e-01 0 4029929
1.345731e+14 3.947358e+13 9.612886e+13 7.254506e-01 2.957580e-02 6.876385e-01 -9.579888e+00 0 478949
1.052593e+14 -1.374043e+14 6.204933e+12 7.517195e-01 -1.417639e-01 6.440659e-01 2.614522e+01 0 30128462
-7.475301e+13 -1.377420e+14 6.631591e+13 7.574114e-01 -5.752746e-01 3.088479e-01 3.554304e+01 0 1731299
-9.226375e+12 9.661758e+13 1.465271e+14 2.775439e-01 1.979194e-01 9.401049e-01 -1.186809e+01 0 10
-5.471734e+13 -1.945513e+14 -1.102164e+14 -4.383198e-01 -5.774242e-01 -6.888084e-01 -3.107805e+01 0 32
-1.391125e+13 -5.223990e+13 -1.701419e+14 1.569402e-01 -2.258194e-01 -9.614444e-01 -1.066000e+01 0 3747881
5.095186e+13 -4.954997e+13 1.793931e+14 7.134431e-01 -3.315095e-01 6.173333e-01 -1.789804e+01 0 15389891
-1.340561e+14 -8.709671e+13 6.004168e+13 -3.169556e-01 -8.806945e-01 3.520175e-01 2.475042e+01 0 17
4.813362e+12 5.494935e+13 1.610169e+14 1.317807e-01 9.782656e-01 1.600947e-01 -6.755527e+00 0 4595800
-9.356532e+13 -1.211760e+14 -7.957967e+13 -5.531255e-01 -5.228362e-01 6.486097e-01 1.356627e+01 0 19
-7.067726e+13 -3.086182e+13 -1.526869e+14 -4.117776e-01 8.720620e-01 -2.644751e-01 -2.034647e+00 0 3
8.120585e+13 -2.440873e+14 8.855584e+13 1.316769e-01 -9.359049e-01 3.267157e-01 1.317957e+01 0 18
-1.004227e+14 1.404137e+14 2.026010e+13 -9.734098e-01 2.268026e-01 -3.215571e-02 3.263781e+01 0 5
-1.150973e+14 -9.532592e+13 -1.026994e+14 -7.642376e-01 -2.190418e-01 -6.065984e-01 1.075911e+01 0 12910307
-4.208145e+13 8.980204e+13 -1.401573e+14 8.280280e-01 2.008582e-01 -5.234745e-01 4.061955e+00 0 3175351
1.515931e+14 7.116920e+13 3.184819e+13 1.884195e-01 7.648805e-01 6.159999e-01 1.824185e+01 0 698521
6.440848e+13 1.911097e+13 1.736440e+14 -6.005653e-03 -1.873563e-01 9.822737e-01 -1.956411e+01 0 101267
-9.307913e+13 1.546361e+14 5.998767e+13 -4.194065e-01 6.395890e-01 6.442236e-01 1.843194e+01 0 24
-1.688034e+14 1.139392e+13 5.399449e+13 -8.158215e-01 2.564415e-01 -5.183369e-01 -2.022703e+01 0 25
7.777355e+13 1.083217e+14 1.184844e+14 7.690289e-01 5.386853e-01 -3.441115e-01 8.323446e+00 0 2639528
-9.212106e+13 3.604431e+13 -1.407209e+14 -4.342957e-01 3.933825e-01 -8.103317e-01 4.989989e+00 0 10919563
-4.243946e+13 -1.078270e+14 -1.451009e+14 4.058886e-01 -3.399052e-01 -8.483625e-01 -2.549542e+00 0 7217557
1.305631e+14 5.287787e+13 -9.685229e+13 6.722256e-01 7.376899e-01 6.266077e-02 1.580690e+01 0 10581350
5.140976e+13 -1.087555e+14 -1.244846e+14 -9.196133e-02 -3.424571e-01 -9.350220e-01 9.806672e+00 0 4771813
-1.187090e+14 -1.071306e+14 6.919285e+13 -9.349981e-01 1.677889e-01 3.124508e-01 -3.978282e+01 0 1
-3.004768e+13 -1.739800e+14 -1.137065e+14 -3.186606e-01 -5.636634e-01 -7.620623e-01 -2.268166e+01 0 6147433
6.954262e+13 -7.562663e+12 -1.792566e+14 3.370206e-01 5.123878e-01 -7.898581e-01 -1.319022e+01 0 905595
-1.332865e+14 -1.118865e+14 2.766121e+13 -8.792869e-01 -1.731893e-01 4.436891e-01 4.136045e+00 0 22
3.181140e+13 -1.444534e+14 -9.905045e+13 9.352544e-01 -3.227689e-01 -1.453256e-01 -8.395991e-01 0 5531418
1.558544e+14 -2.552415e+13 -6.663584e+13 2.355644e-01 -8.303321e-01 -5.050327e-01 -6.792822e+00 0 3963190
-1.370419e+14 1.602707e+14 4.270303e+13 -6.853393e-01 4.588222e-01 5.655018e-01 -1.302084e+01 0 3347974
5.243898e+13 -4.876559e+13 1.549098e+14 7.007328e-02 -8.091300e-01 5.834367e-01 7.085775e+00 0 12
-8.470947e+13 -2.871810e+13 1.471646e+14 -9.402981e-01 3.403355e-01 3.336982e-03 1.169507e+00 0 2658368
-3.346146e+12 -1.616768e+14 5.909086e+13 7.340005e-01 -5.527924e-01 -3.945425e-01 2.528265e+01 0 1825528
-1.632929e+14 -5.488098e+13 8.461122e+13 -9.532716e-01 -2.960816e-01 -6.007533e-02 -1.786142e+01 0 5213843
-1.287194e+14 -7.925457e+13 7.914668e+13 3.720989e-02 -2.783869e-01 9.597480e-01 -6.884027e+00 0 2661302
4.701321e+13 -1.684032e+14 3.166176e+13 5.781742e-01 -5.622598e-01 -5.912516e-01 1.960477e+01 0 6132976
-1.926368e+14 -8.838946e+13 -5.205247e+13 -9.548108e-01 -2.908843e-01 6.101372e-02 -2.274541e+01 0 5933417
1.515129e+13 1.031583e+14 1.357096e+14 5.417433e-01 5.576882e-01 6.288864e-01 -1.479588e+01 0 20659164
1.341150e+14 1.557160e+14 5.157618e+13 3.674019e-01 8.864542e-01 2.814513e-01 -1.256817e+01 0 12919584
1.580916e+14 -9.090403e+13 -9.095134e+13 8.645888e-01 -4.025775e-01 -3.006951e-01 1.605962e+01 0 6895668
2.032774e+13 1.779992e+14 5.451018e+13 5.678692e-02 9.778528e-01 2.014429e-01 -2.186209e+01 0 106
1.592811e+14 -1.000107e+14 1.057900e+14 8.123068e-01 -5.768895e-01 -8.576828e-02 1.357589e+01 0 3027156
7.142688e+13 3.778604e+13 1.532162e+14 7.528342e-01 -4.563551e-01 4.743213e-01 2.130677e+00 0 1855831
1.380337e+14 3.583888e+13 -1.023718e+14 7.342803e-01 -1.630171e-01 -6.589824e-01 -1.435973e+01 0 33
-1.806004e+14 4.089735e+12 2.705760e+13 -8.402250e-01 -2.389299e-01 4.867590e-01 1.589000e+01 0 8
-1.488909e+14 8.687651e+13 6.883890e+13 -6.763340e-01 2.855268e-01 6.790042e-01 -1.611259e+01 0 1075602
1.484958e+14 5.265683e+13 7.601280e+13 2.827906e-01 5.250499e-01 8.027154e-01 -6.387334e-01 0 4853354
1.112136e+14 1.565976e+14 4.266152e+13 4.583786e-01 8.319218e-01 3.127223e-01 -1.262912e+01 0 9118675
1.647607e+14 -9.618575e+13 -2.682221e+13 5.217434e-01 -9.606098e-02 -8.476769e-01 2.519148e+01 0 1
-1.813923e+14 3.781233e+13 -8.516877e+13 -5.511107e-01 4.893219e-01 -6.759002e-01 1.381026e+01 0 2394794
-1.150596e+13 -1.333283e+14 1.120640e+14 -2.840177e-01 -9.485320e-01 -1.400750e-01 6.882858e+00 0 3
-1.056322e+14 -1.248436e+14 5.258909e+13 -8.918798e-01 -2.396542e-01 3.835574e-01 1.236686e+00 0 33
2.100951e+13 6.602552e+13 1.593138e+14 2.821711e-01 -2.530408e-01 9.253917e-01 -1.633525e+01 0 16366756
-7.494372e+13 1.442548e+14 6.595523e+13 -9.718437e-02 9.244850e-01 -3.686227e-01 -2.449010e+01 0 23046163
2.610247e+13 7.325880e+13 1.572881e+14 1.287116e-01 4.562541e-01 8.804916e-01 -7.907740e+00 0 977592
1.458211e+14 -8.218515e+12 -9.782225e+13 9.035174e-01 1.371016e-01 -4.060288e-01 -1.157916e+01 0 1732271
2.388609e+14 -2.508232e+13 4.134064e+13 9.632284e-01 4.768872e-02 -2.644179e-01 3.035850e+01 0 8667410
-9.298059e+13 -2.998924e+13 -1.484035e+14 -7.204768e-01 -6.931941e-01 1.987575e-02 -6.063887e+00 0 10576461
1.156330e+14 3.890993e+13 1.203607e+14 6.121342e-01 2.402707e-01 7.533669e-01 6.260635e+00 0 329115
1.198471e+14 1.031532e+14 -7.475339e+13 7.988231e-01 1.455586e-01 5.836903e-01 -2.001752e+01 0 1
1.020101e+14 -8.861800e+13 -1.115020e+14 -2.574629e-01 -5.371596e-01 -8.032263e-01 6.586762e-01 0 10009868
-2.358246e+13 1.495922e+14 8.101988e+13 2.703884e-01 9.563189e-01 1.111053e-01 8.669881e+00 0 12602341
6.611540e+13 8.211008e+13 1.328900e+14 3.478849e-01 6.813272e-01 6.440259e-01 -1.203063e+01 0 2897517
2.151379e+13 -3.706649e+13 -1.677544e+14 -3.348817e-01 3.640458e-01 -8.690943e-01 9.542171e+00 0 14
6.222808e+13 1.685294e+14 1.882494e+13 6.544627e-01 6.979952e-01 2.906566e-01 7.203332e+00 0 2396940
7.485567e+12 5.399361e+13 -1.643185e+14 -1.505412e-01 7.303183e-01 -6.663126e-01 -9.763547e+00 0 5116106
1.658373e+14 -3.093600e+13 6.323024e+13 6.918982e-01 -3.142730e-01 6.500072e-01 1.154161e+01 0 3090431
1.660938e+14 -2.701338e+13 -2.387092e+13 9.720953e-01 2.310671e-02 2.334457e-01 9.045451e+00 0 52881628
1.351087e+14 -8.529384e+13 5.824555e+13 9.540438e-02 -9.651854e-01 2.435469e-01 3.872246e-01 0 2
-1.213067e+14 -1.166246e+14 3.081783e+13 -7.902782e-01 -4.950944e-01 3.610289e-01 -2.283048e+01 0 8922208
-1.268048e+14 1.127497e+14 -3.614353e+13 -3.287830e-01 9.100560e-01 2.523884e-01 -1.253023e-02 0 5572695
4.851081e+13 1.614720e+14 3.912611e+13 1.159147e-01 9.552483e-01 -2.721478e-01 -8.523038e+00 0 2046865
-7.221446e+13 -5.144782e+13 -1.453419e+14 -8.525800e-01 5.087177e-01 -1.196393e-01 -1.624370e+00 0 1647921
1.144488e+14 -1.449814e+13 -1.284156e+14 4.382368e-01 -3.393458e-01 -8.323418e-01 5.741760e+00 0 66
1.458335e+14 8.420198e+13 3.804054e+13 2.326719e-01 9.580835e-01 1.671519e-01 3.805007e+00 0 2507803
-5.875364e+13 -1.756174e+14 -6.061637e+13 -1.517633e-01 -8.832019e-01 -4.437593e-01 1.735186e+01 0 7282611
8.395862e+13 -6.515195e+12 -1.475028e+14 2.048082e-01 -9.731702e-01 -1.048488e-01 -2.045732e+01 0 9496352
-8.662406e+13 -1.350363e+14 -1.105238e+14 -5.144239e-01 -6.603475e-01 -5.470916e-01 7.170957e+00 0 4
1.392489e+14 -4.319580e+13 1.657297e+14 8.727927e-01 -4.217450e-01 2.456911e-01 1.517142e+01 0 2413470
1.798231e+14 -4.205957e+13 1.448862e+13 7.095061e-01 -6.941499e-01 -1.214784e-01 4.341872e+00 0 4251270
-2.233010e+12 3.139123e+13 -1.701841e+14 -2.129477e-01 5.255335e-02 -9.756492e-01 -6.649955e+00 0 4195202
-1.637290e+14 -9.478409e+13 -2.537445e+13 -6.902387e-01 -7.155169e-01 1.077314e-01 2.506628e+01 0 7
-9.773847e+13 -1.088668e+14 9.783374e+13 -3.446969e-01 -6.002243e-01 7.217443e-01 -1.236033e+01 0 7520554
6.456334e+13 -1.633266e+14 -2.036270e+13 -2.785766e-02 -9.994263e-01 -1.925950e-02 -1.904973e+01 0 2263607
2.638244e+13 -1.935095e+13 -1.667556e+14 1.108045e-01 -2.828652e-01 -9.527380e-01 -5.538800e+00 0 1583697
-1.370542e+14 6.875353e+13 -9.742521e+13 -9.449945e-01 2.051623e-01 -2.547426e-01 1.741455e+01 0 4130441
-9.484159e+13 1.444148e+14 -8.388225e+10 -4.314021e-01 5.693924e-01 6.997746e-01 1.234390e+01 0 3
-1.166378e+14 -5.827545e+13 -1.172901e+14 -8.527475e-01 -3.448180e-01 -3.923293e-01 1.828382e+01 0 2714175
4.976105e+13 1.637455e+14 4.793711e+12 2.704204e-01 9.569790e-01 1.051860e-01 -4.369428e+00 0 2186260
-1.533606e+14 -5.832130e+13 5.272834e+13 -2.502354e-01 -8.838981e-01 -3.951030e-01 5.736399e+00 0 6056129
-1.146791e+14 -1.251028e+14 1.179712e+13 3.484172e-01 -6.933443e-01 -6.307767e-01 2.801738e+01 0 2737071
-4.396379e+13 1.683882e+14 -1.992125e+13 2.309432e-01 9.290301e-01 2.890818e-01 -2.332273e+01 0 9768180
-3.626736e+13 -1.741085e+14 6.031966e+13 7.278495e-02 -7.208158e-01 6.892945e-01 2.506895e+01 0 13790393
5.761009e+13 -1.647465e+13 1.600880e+14 8.620630e-01 -6.180993e-02 5.030178e-01 -8.883926e+00 0 14577874
8.642242e+13 -1.070855e+14 1.273291e+14 8.938991e-01 -4.323518e-01 1.183908e-01 -9.836144e+00 0 1842466
5.208356e+13 5.159923e+13 -1.568255e+14 2.697084e-01 -2.905620e-01 -9.180583e-01 -1.876599e+01 0 4071323
1.670151e+14 -6.521371e+13 5.312211e+13 7.738473e-01 -4.668468e-01 4.280355e-01 -1.715757e+01 0 468972
-1.484548e+14 -5.909941e+13 7.170966e+13 -6.142209e-01 -2.143787e-01 7.594567e-01 6.001182e+00 0 58674
9.534825e+13 1.673968e+13 -1.437507e+14 -1.930725e-02 3.176815e-01 -9.480009e-01 -1.078909e+01 0 551555
-6.807463e+13 1.655776e+14 -2.034161e+13 -4.764301e-01 8.412173e-01 -2.556714e-01 -8.714980e+00 0 3
8.244036e+13 -8.798661e+13 -1.305368e+14 9.357061e-01 -3.001645e-01 -1.853521e-01 -1.542850e+01 0 11626993
4.712437e+13 -1.654164e+14 -5.303031e+13 -7.894345e-03 -9.277994e-01 3.729959e-01 -1.472722e+01 0 21716756
9.559188e+13 2.454719e+13 -1.434395e+14 2.624549e-01 3.890310e-02 -9.641597e-01 -1.069793e+01 0 50
5.416205e+13 1.329486e+14 1.060125e+14 7.137354e-01 -9.881194e-02 6.934104e-01 -2.696772e+01 0 7435543
9.027584e+13 1.085792e+14 1.069558e+14 6.043670e-01 7.940147e-01 -6.543129e-02 -1.394248e+01 0 1
-1.168981e+14 -9.906678e+13 7.520368e+13 -2.810209e-01 5.915870e-01 7.556799e-01 4.198165e+00 0 5879759
1.265932e+14 -8.145620e+10 -1.302457e+14 4.197270e-01 -1.395656e-01 -8.968560e-01 1.236536e+01 0 109490
-7.320519e+13 4.747818e+13 1.483203e+14 -3.528088e-01 -4.102231e-01 8.409774e-01 2.147015e+01 0 6143831
-5.929155e+13 -9.824814e+13 -1.472451e+14 7.212598e-02 -3.564648e-02 -9.967583e-01 1.557621e+01 0 7
1.005830e+14 4.809493e+12 -1.494237e+14 4.055656e-01 -2.048296e-01 -8.908206e-01 9.911072e+00 0 13288097
-4.182257e+13 -8.642017e+13 -1.411440e+14 3.833155e-01 -7.195321e-01 -5.790879e-01 1.599412e+01 0 276415
-1.899312e+13 -4.484719e+13 1.632068e+14 -4.113760e-01 8.882348e-02 9.071274e-01 -1.556190e+01 0 5019685
1.574835e+14 1.723556e+14 -2.151643e+13 7.130086e-01 6.771525e-01 1.818879e-01 -2.101767e+01 0 6512717
7.185973e+13 -1.228467e+14 -1.011934e+14 4.753818e-01 1.281191e-01 -8.704008e-01 -1.180598e+01 0 435692
1.326027e+14 4.404225e+13 -9.893380e+13 5.022677e-01 4.070516e-01 -7.629129e-01 2.097926e+00 0 4761387
-5.288868e+13 1.144159e+14 -1.223578e+14 -5.800053e-02 4.957913e-01 -8.665027e-01 -1.218744e+01 0 1858968
-1.036068e+14 1.337952e+14 6.395143e+13 -7.856798e-01 5.732522e-01 2.325708e-01 2.338015e+01 0 8
-1.060323e+14 1.337205e+14 2.326216e+12 -7.932835e-01 6.051723e-01 6.684072e-02 1.200056e+01 0 3752949
-1.520534e+14 -7.564917e+13 -2.549705e+12 -3.598327e-01 -9.072242e-01 2.178640e-01 8.975557e+00 0 13
-1.218997e+14 -1.091371e+14 -4.874148e+13 -9.736930e-01 -3.439672e-02 2.252529e-01 -1.059625e+01 0 202853
1.428696e+14 -8.272288e+13 -4.142389e+13 9.315863e-01 -1.091608e-01 3.467434e-01 1.687656e+01 0 2815155
1.160397e+14 6.188857e+11 -1.250734e+14 3.032057e-01 -2.650502e-01 -9.153222e-01 1.168487e+00 0 3289576
-1.715551e+13 1.328898e+14 -1.186172e+14 1.503548e-01 7.002539e-01 -6.978810e-01 -1.710414e+01 0 2733658
-2.002038e+13 -1.687021e+14 3.187321e+13 -7.302661e-01 -5.922834e-01 3.404582e-01 3.418079e-01 0 5655803
-6.950329e+13 -1.478699e+14 -1.905808e+14 -4.815500e-01 -5.068562e-01 -7.149870e-01 1.731670e+01 0 2165618
-1.694295e+14 -2.345220e+13 2.593207e+13 -8.309267e-01 -5.356941e-01 1.503083e-01 -2.329312e+00 0 4692857
6.107776e+13 1.539256e+14 -7.856065e+13 2.874412e-01 6.565488e-01 -6.973674e-01 -2.052617e+01 0 3
4.484089e+12 -2.039182e+13 -1.690789e+14 3.371221e-01 8.751172e-01 -3.471578e-01 -5.232846e+00 0 2885904
3.772001e+13 1.123734e+14 1.259541e+14 2.064847e-03 9.534225e-01 3.016310e-01 -1.261605e+01 0 3746653
7.106632e+13 -1.458553e+14 7.018778e+13 4.651045e-01 -6.908602e-01 5.535250e-01 1.332141e+01 0 5752527
-1.830360e+14 6.874003e+13 5.945922e+12 -9.750537e-01 1.802298e-01 1.295664e-01 2.628661e+01 0 43
1.019800e+14 1.145906e+14 -7.272110e+13 1.792080e-01 6.397491e-01 7.473993e-01 -1.935535e+01 0 1857004
-9.254404e+13 1.162677e+14 8.721162e+13 1.951371e-01 4.998667e-01 8.438334e-01 1.299161e+01 0 10398770
1.070134e+14 -1.294818e+14 -7.982184e+13 5.845872e-01 -6.174485e-01 -5.263224e-01 1.290617e+01 0 6104308
1.066625e+14 1.290323e+14 -4.700778e+13 5.928987e-01 4.133622e-01 -6.910881e-01 -1.957168e+01 0 2
-4.404802e+13 1.424951e+12 1.645741e+14 -7.606419e-01 3.320818e-01 5.578043e-01 8.687062e+00 0 18761539
1.086100e+14 -2.702160e+13 -1.287905e+14 7.826196e-01 -5.750693e-01 -2.383313e-01 1.056685e-01 0 601535
1.673941e+14 5.720569e+13 9.342362e+12 9.658472e-01 -2.296590e-02 2.580924e-01 -2.205192e+01 0 7
1.426084e+14 -7.821796e+13 6.829760e+13 2.722954e-01 -4.396915e-01 8.558777e-01 1.590409e+01 0 10
6.301761e+13 1.733164e+13 -1.579507e+14 3.220430e-01 -3.372935e-01 -8.846024e-01 6.148668e+00 0 3813249
8.434837e+13 1.114545e+14 -9.680587e+13 9.137078e-01 -1.841196e-02 -4.059546e-01 -2.467253e+01 0 1936634
2.700673e+13 2.236572e+13 -1.699364e+14 4.302888e-01 1.612619e-01 -8.881701e-01 -6.905502e+00 0 2334126
-1.724976e+13 -2.877297e+13 1.666549e+14 -1.846725e-01 8.748689e-01 4.477728e-01 -4.962198e+00 0 1732147
1.440716e+14 2.264827e+13 -9.038191e+13 6.501168e-01 -3.611329e-01 -6.685291e-01 -1.163472e+00 0 651863
-1.387679e+14 9.181660e+13 -8.977910e+13 -4.660457e-01 7.871844e-01 -4.039086e-01 -2.402077e+01 0 1006993
1.255354e+14 -8.175915e+13 -8.193915e+13 2.715787e-01 -9.300703e-01 -2.474151e-01 -3.977997e+00 0 1554764
1.052196e+14 9.966094e+13 -9.654442e+13 3.512096e-01 -2.777510e-01 -8.941511e-01 -2.696544e+01 0 3
-3.736488e+13 -5.622758e+13 1.567311e+14 4.020446e-01 4.729983e-01 7.839852e-01 8.705528e+00 0 1251170
-1.126944e+14 1.121899e+14 -6.249082e+13 -2.749505e-01 9.499414e-01 1.483694e-01 -1.902051e+00 0 249642
-1.196439e+12 -1.762501e+14 1.232095e+14 -2.343903e-01 -5.192919e-01 8.218255e-01 -2.086746e+01 0 1971007
9.838892e+13 9.607498e+13 -1.091274e+14 9.544032e-01 2.688162e-01 -1.298167e-01 -1.791443e+01 0 473096
9.899798e+13 1.106635e+14 9.006593e+13 3.256207e-01 8.904097e-01 -3.180279e-01 2.580878e+01 0 505326
-7.708330e+13 -1.433710e+14 5.002797e+13 2.434329e-01 -8.279617e-01 5.051928e-01 1.806690e+01 0 4087661
1.060240e+14 6.581025e+13 1.165673e+14 3.059012e-01 -1.260429e-01 9.436830e-01 -1.121904e+01 0 14366336
3.763051e+13 2.173474e+14 -1.023180e+14 4.541094e-01 7.222287e-01 -5.216995e-01 -2.719306e+01 0 12403694
8.931145e+12 1.336568e+13 -1.709407e+14 9.458694e-02 -1.650633e-01 -9.817369e-01 -9.001340e+00 0 116964
-1.768880e+14 1.887913e+13 -1.859537e+13 -7.760234e-01 -7.482791e-02 6.262496e-01 1.238837e+01 0 1677232
-1.220656e+14 -1.002470e+14 -6.227312e+13 -7.251776e-01 -5.912722e-01 -3.528664e-01 -5.797371e+00 0 1270979
1.770122e+14 1.895557e+13 -1.800550e+13 7.697821e-01 -6.382314e-01 9.811628e-03 -5.652407e+00 0 4665139
1.524859e+14 4.588552e+13 6.553554e+13 7.575370e-01 4.503497e-01 -4.725704e-01 1.816895e+01 0 27
8.473684e+13 8.420646e+13 -1.300322e+14 8.273734e-01 4.443233e-01 -3.435551e-01 1.445701e+01 0 6878245
-1.196156e+14 -2.216820e+13 1.189496e+14 -7.903674e-01 1.509943e-01 5.937341e-01 -8.225123e+00 0 12204913
1.927192e+13 5.700299e+13 -1.828505e+14 6.858151e-01 4.535385e-01 -5.691752e-01 1.026560e+01 0 1093242
-3.686374e+13 -1.516364e+14 -8.099299e+13 -7.512586e-01 -6.980572e-02 -6.563061e-01 -2.802636e+01 0 2282001
1.195117e+14 4.715372e+13 1.214901e+14 7.013383e-01 -3.069560e-01 6.433527e-01 1.560854e-01 0 2304223
-6.473977e+13 1.549123e+14 -7.813779e+13 -7.612419e-01 6.355686e-01 1.286987e-01 -1.436773e+00 0 5319565
-1.065217e+14 -1.223779e+14 -1.268269e+14 -8.654873e-01 4.978896e-02 -4.984505e-01 6.308581e+00 0 36
1.149322e+14 -1.056269e+14 7.160480e+13 -4.492437e-01 -7.902082e-01 4.168346e-01 -2.703394e+01 0 1
5.201674e+13 -3.940816e+13 1.875235e+14 -1.814927e-01 3.296834e-01 9.264822e-01 -2.131384e+01 0 13373384
-1.256857e+14 -1.088050e+13 -1.210644e+14 -5.559975e-01 1.953565e-01 -8.079002e-01 6.244940e+00 0 15
5.818067e+13 5.213045e+13 -1.569340e+14 4.871550e-01 1.578406e-01 -8.589333e-01 7.873482e+00 0 1390118
1.178013e+14 -5.729415e+13 -1.215310e+14 8.349185e-01 1.090515e-01 -5.394617e-01 -8.562531e+00 0 6
-1.316540e+14 -1.019522e+14 -4.539480e+13 -1.600431e-01 -5.200208e-01 -8.390259e-01 -1.289894e+01 0 6447929
-1.636248e+13 -1.667988e+14 2.886886e+13 6.571367e-02 -9.926063e-01 1.020508e-01 -1.020511e+01 0 219334
5.802059e+13 -1.124702e+14 -1.333189e+14 3.260935e-01 -9.391475e-01 1.080048e-01 1.209783e+01 0 1895793
-1.261453e+14 1.147437e+14 -1.711853e+13 -6.510999e-02 9.636969e-01 2.589380e-01 -2.377945e+01 0 17884938
8.671545e+13 -1.639816e+14 -1.564727e+13 8.555351e-01 -3.405138e-01 3.900128e-01 -3.954685e+00 0 10773899
-8.717050e+13 -1.619566e+14 3.183325e+13 -1.879296e-01 -9.121481e-01 3.642366e-01 2.281065e+01 0 840324
6.674792e+13 1.148717e+14 1.060748e+14 2.137445e-01 7.948049e-01 -5.679775e-01 -2.832495e+00 0 806148
-6.945356e+13 1.609225e+14 2.612523e+13 -7.431194e-01 3.638079e-01 -5.616203e-01 2.854984e+01 0 6648731
5.654083e+13 -1.443397e+14 9.307742e+13 1.077673e-01 -1.672255e-01 9.800111e-01 -1.887622e+01 0 7161980
-1.227290e+14 6.237001e+13 -1.063248e+14 -9.671522e-02 5.036877e-01 -8.584549e-01 -2.644593e+01 0 6948655
1.591330e+14 7.533738e+13 -1.342093e+12 8.778005e-01 -4.419643e-01 -1.847533e-01 -3.912127e+01 0 135101
-1.451314e+14 -7.636628e+13 5.004358e+13 -6.586071e-01 -4.582056e-01 5.968955e-01 9.156048e+00 0 9892863
-1.626719e+14 -6.178409e+13 -2.884546e+13 -8.990610e-01 4.520904e-02 -4.354829e-01 -2.490082e+01 0 5383340
-1.548767e+14 4.542274e+13 -5.368771e+13 -8.821703e-01 -1.373277e-01 -4.504628e-01 5.430483e+00 0 2626444
-9.818419e+13 1.782414e+14 7.381529e+12 3.138290e-02 9.958371e-01 -8.557804e-02 -3.830147e+01 0 9
7.738015e+13 -9.313004e+13 1.232762e+14 -2.490579e-01 -8.001024e-01 5.457163e-01 -7.010135e-02 0 13255048
1.534728e+14 3.293827e+13 7.848090e+13 8.164126e-01 5.642114e-01 1.230282e-01 2.066828e+01 0 5
5.402351e+13 -1.198712e+14 -1.111079e+14 2.250175e-01 2.132276e-02 -9.741214e-01 1.762484e+01 0 7716994
-9.851050e+13 -7.322949e+13 -1.174478e+14 5.846757e-01 -5.956418e-01 -5.507859e-01 2.189656e+01 0 322829
1.741375e+14 -4.444155e+13 5.676250e+13 8.593430e-01 3.825532e-01 3.393857e-01 3.143295e+01 0 13
5.543446e+13 -1.552645e+14 -5.791121e+13 3.387061e-01 -8.840945e-01 3.219552e-01 9.641440e+00 0 2233628
-1.563658e+14 1.242575e+14 1.133794e+13 -1.796706e-01 9.748505e-01 -1.318519e-01 -3.245157e+01 0 35
2.358176e+13 1.592316e+14 -5.874631e+13 4.333009e-01 8.723533e-01 -2.263848e-01 1.014421e+01 0 6304114
8.640556e+13 5.114658e+13 1.377734e+14 7.593262e-01 6.430952e-01 9.925914e-02 1.130878e+01 0 50429
-1.285923e+14 -3.152305e+13 -1.068509e+14 -2.877304e-01 -2.567991e-02 -9.573671e-01 8.616806e+00 0 13
5.817811e+13 1.582826e+14 5.862672e+13 3.039417e-01 9.524546e-01 -2.120767e-02 -1.391963e+01 0 5881687
-1.700794e+14 5.422550e+13 2.331362e+13 -3.415782e-01 1.433452e-01 9.288576e-01 -1.672465e+01 0 5
4.250757e+13 -6.885435e+12 1.655935e+14 5.390564e-01 -8.415693e-01 3.434227e-02 8.635237e+00 0 1459274
2.065260e+13 1.569798e+14 -7.158171e+13 6.061762e-01 3.887435e-01 -6.938507e-01 -2.274567e+01 0 990455
-1.040009e+13 -1.757833e+14 -1.105530e+14 4.209906e-01 -9.067506e-01 -2.388057e-02 -5.388705e+00 0 3418045
-1.167008e+14 1.209857e+14 -2.777110e+13 2.006774e-01 8.954818e-01 3.972920e-01 -1.727149e+00 0 1
9.832500e+13 1.540195e+14 -7.873366e+13 7.668008e-01 6.403301e-01 -4.465440e-02 5.245014e+00 0 7
-1.408430e+14 -7.914682e+13 5.289737e+13 -9.872594e-01 -1.484734e-01 5.722351e-02 -1.625837e+01 0 1917014
-3.143063e+13 1.203839e+14 1.154189e+14 8.901975e-01 2.804655e-01 3.590091e-01 -2.169479e+01 0 166138
-1.241053e+14 -1.008978e+14 7.500612e+13 -9.890229e-01 -7.155105e-02 1.292834e-01 2.877155e+00 0 6477545
-1.096901e+14 -9.057741e+13 9.270797e+13 -1.102380e-01 3.279340e-01 9.382467e-01 6.288781e+00 0 2
-8.810886e+12 -1.340320e+14 1.040266e+14 4.907377e-01 -8.662120e-01 9.409180e-02 1.900891e+01 0 1307655
-1.241607e+14 2.650937e+13 -1.320145e+14 -7.764555e-01 -2.203163e-02 -6.297868e-01 -1.055574e+01 0 1585839
-1.571948e+12 2.104724e+14 -2.251024e+13 7.123979e-02 9.818889e-01 -1.755536e-01 1.417648e+01 0 3082503
-1.548247e+14 4.699766e+13 -5.740523e+13 -6.561843e-01 1.567371e-01 -7.381434e-01 1.861685e+01 0 9
-1.115015e+14 -1.178881e+14 -8.119103e+13 -5.870969e-02 -1.004991e-02 -9.982245e-01 -1.780074e+01 0 32
-6.125006e+13 -1.622029e+14 7.066365e+13 -9.325607e-01 -3.418334e-01 1.161056e-01 -3.451900e+00 0 1034018
1.872912e+14 -3.973370e+13 8.385988e+12 9.285197e-01 2.189311e-01 -2.998673e-01 2.831706e+01 0 23
1.905937e+14 -1.233448e+14 8.109261e+12 8.969681e-01 -4.072564e-01 -1.720188e-01 -1.306158e+01 0 2
1.585825e+14 -5.312051e+13 -3.225996e+13 9.374521e-01 2.728174e-01 -2.162274e-01 2.144342e+01 0 604410
1.401763e+14 6.150709e+13 -7.331673e+13 9.129668e-01 3.957222e-01 -9.947614e-02 5.055190e+00 0 2042985
6.439388e+13 7.686709e+13 -1.412079e+14 3.623545e-01 1.802320e-01 -9.144483e-01 -1.018441e+01 0 3700701
-1.316062e+13 6.891267e+13 1.547503e+14 -3.371195e-01 -7.708934e-01 5.404386e-01 -5.738910e+00 0 5787552
1.204706e+14 -1.152686e+13 -1.193940e+14 8.962294e-01 1.231554e-01 -4.261522e-01 1.213702e+00 0 317853
7.303343e+13 -1.676283e+14 3.931240e+13 8.071673e-01 -5.206037e-01 -2.783035e-01 -1.498095e+00 0 2
1.501345e+14 -4.022352e+13 6.803360e+13 9.519752e-01 2.422150e-01 1.872835e-01 -4.648544e+00 0 11100331
5.814559e+13 1.595749e+14 6.137052e+13 -1.745869e-01 9.725496e-01 1.538400e-01 -5.957002e+00 0 39
3.930840e+13 -9.032165e+13 -1.554356e+14 2.441734e-01 -2.408243e-01 -9.393524e-01 1.733875e+01 0 8016126
-4.469987e+13 4.064760e+13 -1.599731e+14 -4.721634e-01 6.508597e-02 -8.791049e-01 -2.605013e+00 0 793200
4.310851e+13 -5.109580e+13 1.657275e+14 4.227240e-02 -7.534113e-01 6.561893e-01 -1.875112e+01 0 960745
-8.626486e+12 1.517920e+14 -7.867996e+13 2.375345e-01 9.460237e-01 -2.204918e-01 9.486124e-02 0 319416
3.364759e+13 1.620648e+14 -4.930465e+13 1.268441e-01 8.085855e-01 5.745433e-01 -1.264489e+01 0 24
-2.767637e+13 -1.737744e+14 1.087667e+14 3.152466e-01 -7.840866e-01 5.346287e-01 -2.161879e+00 0 1630045
7.988385e+13 -1.220984e+14 -9.103859e+13 -3.752208e-01 -3.955080e-01 -8.383214e-01 -1.936235e+01 0 5983628
1.364137e+14 -7.426119e+13 -6.970785e+13 9.722573e-01 -7.643342e-03 -2.337890e-01 -2.532089e+00 0 12464883
6.177379e+13 -1.531687e+14 -4.560454e+13 8.798134e-01 -4.536926e-01 1.417444e-01 -2.665346e+00 0 7807863
5.362931e+12 3.191360e+13 1.729246e+14 3.854488e-02 -1.452744e-01 9.886403e-01 -7.816816e+00 0 14256740
1.122100e+14 1.263650e+14 3.341792e+13 6.721399e-01 4.837499e-01 -5.605480e-01 6.860756e+00 0 18
-1.499838e+14 -7.296374e+13 -7.047357e+13 -5.882832e-01 -2.449130e-01 -7.706753e-01 -1.488295e+01 0 14
-1.418950e+14 -4.663439e+13 8.626552e+13 1.191449e-02 -8.326324e-01 5.536979e-01 4.174338e+00 0 8146876
1.627258e+14 -2.031081e+13 -4.525843e+13 7.165298e-01 6.839007e-01 -1.373495e-01 3.315447e+01 0 1
-5.427055e+13 -1.581871e+14 -5.799113e+13 -7.943593e-01 -5.825946e-01 -1.719792e-01 -3.952757e+01 0 180
-8.877349e+13 1.533189e+14 -4.438479e+13 3.295026e-02 6.790015e-01 -7.333971e-01 -2.996711e+01 0 123061
-4.186978e+13 -6.350547e+13 1.601113e+14 1.515546e-02 -4.758974e-01 8.793702e-01 -8.687955e+00 0 4599025
5.021661e+13 1.555091e+14 -4.712335e+13 6.491766e-01 6.640697e-01 -3.709193e-01 -1.175801e+00 0 16714829
1.371914e+14 -5.535195e+13 8.787804e+13 8.815289e-01 -4.663042e-01 7.393989e-02 6.881868e+00 0 9
-9.540665e+13 1.113391e+13 -1.504529e+14 -6.276266e-01 2.902456e-01 -7.223866e-01 -1.916372e+01 0 8564485
-6.970244e+12 -5.348571e+13 -1.645420e+14 -4.940361e-01 2.732416e-02 -8.690119e-01 -1.795901e+01 0 10045220
6.850288e+12 -5.512387e+13 -1.630423e+14 3.007584e-01 1.960590e-01 -9.333302e-01 -9.683310e+00 0 5754660
9.234508e+12 -1.121488e+14 1.285322e+14 6.122714e-01 -6.291642e-01 4.788279e-01 1.527488e+01 0 579378
-1.345717e+14 5.700845e+13 1.162730e+14 -9.859184e-01 -7.044898e-02 1.516636e-01 1.956098e+01 0 2417787
-1.258832e+14 -1.141913e+14 8.088429e+12 -6.388120e-01 -7.335056e-01 -2.321396e-01 1.180362e+01 0 24555
-1.596325e+14 -2.728051e+13 1.398352e+14 -5.938094e-01 2.060923e-01 7.777637e-01 -3.032236e+01 0 8177411
-1.694478e+14 5.366145e+12 -2.059227e+13 -4.478557e-01 -8.278143e-01 3.378590e-01 1.218912e+01 0 1344348
6.840636e+13 2.620929e+13 1.550789e+14 7.544552e-01 5.694262e-01 3.264217e-01 -4.022504e+00 0 793904
-1.282268e+14 1.131664e+14 3.725519e+13 -9.438943e-01 3.271874e-01 4.485460e-02 3.003040e+01 0 3798652
1.192376e+14 1.599506e+14 3.753560e+13 5.018176e-01 8.617671e-01 -7.440837e-02 2.280447e+01 0 10
1.470141e+14 1.041307e+14 -2.863328e+13 9.081669e-01 1.388061e-01 -3.949251e-01 2.029926e+00 0 6
-1.358322e+14 8.975053e+13 4.766646e+13 -7.150868e-01 -1.312871e-01 -6.865963e-01 1.621258e+01 0 3
-1.263846e+14 1.082610e+14 3.823665e+13 -7.982755e-01 3.932121e-01 4.562242e-01 -7.907210e-01 0 712377
-1.533402e+13 -1.081492e+14 1.489836e+14 1.629477e-01 -9.429632e-01 2.902904e-01 2.595727e+01 0 1189794
-8.301051e+13 -5.514486e+13 -1.438600e+14 -7.480495e-01 4.594578e-02 -6.620506e-01 4.255308e+00 0 4512439
-1.506680e+14 -8.988929e+13 -4.073515e+13 -8.388299e-01 2.478471e-01 4.847023e-01 -5.112840e-02 0 548015
-2.235765e+13 4.530249e+13 -1.630372e+14 5.829858e-01 -2.103470e-02 -8.122100e-01 9.465544e+00 0 98
7.824599e+13 -2.330843e+13 -1.496256e+14 8.483217e-01 -5.058636e-01 -1.563724e-01 -8.293523e+00 0 41033
-2.065670e+13 1.681527e+14 -8.081224e+13 2.431669e-01 5.026801e-01 -8.295677e-01 3.837754e+00 0 4498563
-1.466160e+14 3.879202e+13 8.648969e+13 -9.544599e-01 2.944265e-01 4.815892e-02 -9.228102e+00 0 3669833
-8.359465e+13 1.514236e+14 -1.888374e+13 -8.604692e-01 6.786023e-02 5.049631e-01 3.204745e+01 0 9
-7.287773e+13 -3.509694e+13 1.524730e+14 -2.220609e-01 -6.466820e-01 7.297201e-01 1.926281e+01 0 438586
7.075949e+13 1.206212e+14 -9.979028e+13 6.879631e-01 7.213332e-01 -7.990777e-02 3.712504e+00 0 2590336
1.438212e+14 9.354977e+13 -2.297152e+13 7.662144e-01 4.145534e-03 -6.425716e-01 -2.990392e+01 0 8303882
8.249404e+13 1.374099e+14 5.597839e+13 6.990617e-01 -1.655731e-01 6.956280e-01 -3.387444e+00 0 366766
3.711081e+13 1.802758e+14 4.887116e+13 -4.841290e-01 8.746260e-01 -2.546653e-02 2.891747e+01 0 4416943
-3.803618e+13 -8.719227e+11 1.880175e+14 -6.162009e-01 2.389876e-01 7.504541e-01 1.317388e+01 0 2713020
-8.134883e+11 -6.780487e+13 -1.574693e+14 7.624083e-01 2.407369e-01 -6.006491e-01 2.207630e+00 0 2868367
5.175872e+13 -1.632544e+14 -1.772028e+13 -8.343456e-02 -9.156519e-01 -3.932179e-01 -1.706833e+01 0 4
4.971572e+12 -1.695807e+14 4.564414e+11 2.978770e-01 -1.081000e-01 9.484639e-01 1.239210e+01 0 166
-1.774666e+14 3.413515e+13 -1.158527e+14 -8.300879e-01 -1.014253e-02 -5.575403e-01 -1.646591e+01 0 4812077
1.143360e+14 4.575471e+13 1.227259e+14 2.372976e-01 1.749434e-01 9.555546e-01 8.560067e+00 0 896448
1.688020e+14 -7.036573e+12 -6.456980e+13 9.605445e-01 -8.689567e-02 -2.642035e-01 -1.122082e+01 0 4193719
-1.002774e+14 -2.227630e+13 -1.489766e+14 -8.035099e-01 3.503645e-01 -4.812656e-01 2.948189e+00 0 1858428
-3.409548e+13 4.078582e+13 1.643968e+14 5.947584e-01 5.328304e-01 6.019587e-01 -2.113203e+01 0 7007102
2.297747e+13 -1.650325e+13 -1.705643e+14 8.889841e-01 -1.106012e-01 -4.443811e-01 1.605537e+01 0 7925360
-1.640470e+14 -4.331594e+13 -6.601389e+12 -6.376892e-01 3.480918e-01 6.871568e-01 9.372937e+00 0 2
-1.037541e+14 1.372424e+14 -6.925968e+12 1.784337e-01 7.316876e-01 -6.578714e-01 9.729777e+00 0 1914740
-4.922103e+13 1.610729e+14 4.105751e+13 -6.586781e-01 5.123500e-01 5.510360e-01 2.283340e+01 0 5198380
-3.514803e+13 -1.163350e+14 1.201921e+14 -2.988770e-01 3.056660e-01 9.040138e-01 6.249249e+00 0 26
7.126312e+13 1.403739e+14 6.832645e+13 -6.619901e-01 7.104672e-01 2.387582e-01 9.864480e-01 0 5427808
-4.289315e+12 -2.221781e+14 -2.583398e+13 1.707916e-01 -9.196887e-01 -3.535575e-01 -9.770626e+00 0 2264523
-9.434534e+13 -1.641169e+14 9.004999e+12 -3.558094e-01 -9.196650e-01 1.661804e-01 -9.051105e+00 0 4847072
-3.937717e+13 1.716626e+14 -3.528357e+13 -7.189038e-02 9.913047e-01 1.102121e-01 7.291597e+00 0 4648193
-1.444828e+13 1.782616e+14 7.281413e+13 -5.151811e-02 7.450286e-01 6.650400e-01 1.773617e+01 0 4196438
-7.054189e+13 -1.444889e+14 5.433834e+13 -3.417621e-01 -8.009643e-01 -4.915840e-01 1.137820e+01 0 300223
8.605522e+13 1.277346e+14 -7.658639e+13 -1.191100e-01 4.608319e-01 -8.794582e-01 1.665919e+00 0 7477196
9.982466e+13 -1.669603e+14 8.028394e+11 8.233992e-01 -5.319009e-01 -1.977253e-01 2.293825e+01 0 8850879
-1.095577e+12 2.733527e+13 1.705550e+14 -3.660966e-01 -3.940128e-01 8.430464e-01 9.331225e+00 0 7535509
1.553032e+14 5.863955e+13 5.075320e+13 9.693139e-01 -1.045905e-01 2.224664e-01 -2.309594e+01 0 4678738
-8.527036e+13 2.509686e+13 -1.465776e+14 -5.573248e-01 5.105000e-01 -6.548120e-01 3.851125e+00 0 8534291
-1.702046e+14 -4.621648e+12 1.103625e+13 -5.535826e-01 -7.732907e-01 3.091403e-01 1.016410e+01 0 349325
-1.150863e+14 1.192113e+14 3.750689e+13 -9.007585e-02 9.080531e-01 4.090550e-01 -1.869391e+01 0 161010
1.141214e+14 4.682408e+12 1.254768e+14 -1.803303e-01 2.141903e-01 9.600018e-01 -5.969306e+00 0 52
1.330029e+14 -1.081098e+14 -1.556850e+13 7.280914e-01 -3.634706e-01 -5.811816e-01 1.209307e+01 0 514792
1.477594e+14 -8.028046e+13 -3.625199e+13 2.572424e-01 -4.540705e-01 -8.530219e-01 -1.344731e+01 0 3000479
-2.250134e+13 -1.238460e+13 1.682539e+14 1.482305e-01 -6.086595e-01 7.794622e-01 7.284426e+00 0 887519
6.806070e+13 -1.278571e+14 1.020086e+14 -2.872819e-01 -9.369014e-01 1.992108e-01 -2.343826e+01 0 5153804
-1.741756e+14 -1.768772e+13 -1.784819e+13 -4.604735e-01 -5.979759e-01 6.560403e-01 3.047220e+01 0 8
3.115708e+13 -1.574264e+14 -5.556499e+13 3.361220e-01 -7.564992e-01 5.610089e-01 3.735495e+00 0 21591905
1.157223e+14 -1.166648e+14 4.656297e+13 9.043539e-01 -1.765252e-01 3.885652e-01 7.113019e+00 0 91264
3.950838e+12 -9.656705e+13 1.420323e+14 2.832201e-01 -9.341341e-01 -2.172093e-01 -3.720764e+00 0 670110
1.588195e+14 3.763178e+13 5.830069e+13 9.270888e-01 1.370433e-01 -3.488918e-01 7.776474e+00 0 6698646
-4.508367e+13 1.603118e+14 3.628259e+13 -1.854668e-01 8.395750e-01 5.106035e-01 -6.095738e+00 0 52269
-1.657109e+14 2.984408e+13 -8.267382e+13 -9.945664e-01 -9.576735e-02 -4.082000e-02 -8.735608e+00 0 65
-1.363872e+13 1.829504e+14 -9.163436e+12 -1.500340e-01 4.993348e-01 -8.533197e-01 -1.611860e+01 0 5361950
1.851297e+13 -1.787820e+14 4.174479e+13 -3.164971e-01 -8.754957e-01 3.651531e-01 -2.824167e+01 0 2
-3.358740e+13 -6.225701e+13 1.840885e+14 -1.363264e-01 -6.998386e-01 7.011712e-01 -1.456279e+01 0 2709203
-1.690642e+14 3.138667e+13 8.487526e+13 -3.587647e-01 -3.341179e-01 8.715808e-01 -1.118501e+00 0 1
5.613273e+13 -1.603716e+14 1.230108e+13 2.603347e-01 -6.188958e-01 -7.410761e-01 -3.375200e+00 0 18623217
-1.557098e+14 3.171305e+13 6.383655e+13 -1.953232e-01 -4.746463e-01 8.582306e-01 -8.868744e-01 0 6
-2.895814e+13 6.515431e+13 1.832630e+14 2.001937e-01 9.140785e-01 3.526796e-01 1.608133e+01 0 12321271
2.290261e+13 1.542989e+14 -9.389446e+13 -6.067795e-01 7.631364e-01 -2.223545e-01 2.448084e+01 0 3476820
-3.512839e+13 1.957674e+12 -1.870764e+14 -3.056973e-02 -5.558067e-02 -9.979861e-01 -1.193840e+01 0 14053645
-9.966781e+13 -7.203323e+13 1.262110e+14 -1.695934e-03 3.965423e-01 9.180149e-01 -2.470199e+01 0 4173294
2.162240e+13 1.526508e+14 1.316949e+14 -1.672929e-01 8.666076e-01 4.701110e-01 2.078419e+01 0 3530356
-4.269167e+13 -1.363539e+14 -9.658375e+13 -4.840125e-01 -2.493733e-01 -8.387758e-01 -1.275438e+01 0 4201114
1.230380e+14 1.343221e+14 3.623218e+13 -3.266468e-02 6.555979e-01 7.544033e-01 3.041178e+01 0 6
1.562684e+14 4.230759e+13 6.042590e+13 7.105086e-01 6.503123e-01 2.688337e-01 -1.036256e-01 0 1
8.938191e+13 -1.326337e+12 1.580215e+14 1.359490e-01 2.927826e-01 9.464651e-01 -1.039667e+01 0 4283285
-1.080714e+14 -1.206157e+14 -5.557021e+13 -9.678627e-01 -8.666838e-02 2.360730e-01 -3.169788e+01 0 14
8.605520e+12 -2.132526e+13 1.686502e+14 -1.105626e-01 -3.832239e-01 9.170144e-01 2.927580e+00 0 1504024
-1.993917e+13 -1.578888e+14 7.898080e+13 2.522998e-01 -9.363780e-01 2.440102e-01 2.441360e+01 0 1334625
-1.547575e+14 -4.969911e+13 -4.862978e+13 -5.278810e-01 8.218106e-01 -2.144036e-01 -2.672766e+01 0 435309
-1.404051e+14 -3.466390e+13 -9.241454e+13 -6.920458e-01 -8.844658e-02 -7.164146e-01 1.001628e+01 0 378009
1.033063e+14 -9.815749e+13 -1.240353e+14 4.549376e-01 -2.434069e-01 -8.566124e-01 1.616748e+01 0 4
1.188926e+13 -1.621388e+14 5.171810e+13 4.952862e-01 -6.690286e-01 5.541591e-01 -8.986915e+00 0 8655566
-4.888964e+13 1.634953e+14 2.549078e+13 -5.551736e-01 8.009553e-01 -2.241714e-01 1.835967e+01 0 9186059
6.407690e+13 -1.470867e+14 -5.831782e+13 7.922855e-01 -5.396810e-01 2.846543e-01 2.524139e+01 0 939340
1.573340e+13 5.499990e+13 -1.610855e+14 2.727903e-01 4.563391e-01 -8.469593e-01 -9.166574e+00 0 10
1.000570e+14 9.385624e+13 -1.165931e+14 6.952905e-01 7.187007e-01 6.364952e-03 1.611421e+01 0 251566
4.829058e+13 3.500514e+13 -1.632914e+14 -3.512059e-01 8.549684e-01 -3.816851e-01 1.588487e+01 0 8313600
-9.456224e+13 -6.861605e+13 1.229562e+14 -9.283296e-01 2.426567e-01 -2.816414e-01 -1.161799e+01 0 7449686
3.342790e+13 -1.143796e+14 -1.892958e+14 1.131085e-01 5.232637e-03 -9.935689e-01 -1.763908e+01 0 4
-6.692585e+13 -1.505248e+14 -4.340229e+13 -1.902219e-01 -9.523321e-01 2.384935e-01 1.618155e+01 0 3
2.081760e+14 4.820329e+13 -3.633093e+13 5.970662e-01 6.488195e-01 -4.717470e-01 3.324552e+01 0 1
1.386034e+14 2.508807e+13 1.224914e+14 -1.812423e-01 3.064848e-02 9.829608e-01 -1.664055e+01 0 4
-1.629522e+14 3.805058e+13 3.071827e+13 -6.363871e-01 6.576925e-02 7.685609e-01 1.338088e+01 0 4920151
-9.571974e+13 1.351106e+14 3.721304e+13 1.282256e-01 9.500463e-01 2.845526e-01 -3.331163e+01 0 3333168
-4.091770e+13 -5.488902e+13 1.573434e+14 1.504147e-01 -4.878841e-03 9.886110e-01 6.364353e+00 0 1038959
-7.903863e+13 -1.587166e+14 -4.817205e+13 -9.112068e-02 -9.208550e-01 -3.791083e-01 2.574178e+01 0 3
-1.050917e+14 -7.328985e+13 -1.112807e+14 -1.749520e-01 4.715304e-01 -8.643211e-01 -2.296456e+00 0 18
-8.359290e+13 -1.405419e+14 4.543343e+13 3.155240e-01 -8.857711e-01 -3.403736e-01 3.016315e+01 0 29904
1.234881e+14 1.169967e+14 -5.488471e+12 8.872306e-01 -3.200892e-01 -3.322118e-01 -2.455054e+01 0 3716937
-8.700294e+13 1.342699e+14 -8.510696e+13 -3.587877e-01 7.095649e-01 -6.064561e-01 1.605231e+01 0 715482
-1.120374e+14 1.841726e+13 -1.589550e+14 -8.782035e-01 6.549886e-02 -4.737811e-01 -1.602540e+01 0 2278338
-5.690383e+13 1.308161e+13 -1.644947e+14 -2.663502e-01 1.048236e-01 -9.581595e-01 1.144670e+01 0 154599
1.518534e+14 -5.232292e+13 -5.493602e+13 7.483840e-01 -3.132820e-01 -5.846160e-01 -1.066657e+01 0 3360237
-9.220891e+13 -9.450335e+13 -1.086878e+14 -8.032609e-01 -3.339502e-03 -5.956179e-01 2.448745e+00 0 3159461
-7.445523e+13 1.559549e+14 -1.492979e+13 1.509399e-01 9.861462e-01 -6.879490e-02 -7.972182e+00 0 2182080
1.684396e+14 6.881364e+13 -3.417320e+13 7.922463e-01 5.166589e-01 -3.246682e-01 1.981811e+01 0 7
1.535394e+14 -6.856842e+13 6.474338e+13 9.259693e-01 -3.429397e-01 1.580291e-01 -1.039633e+01 0 9282394
2.912402e+13 1.879027e+14 -1.413308e+14 3.769942e-01 4.590784e-01 -8.044392e-01 -2.097835e+01 0 1455385
-4.760752e+12 2.301633e+13 1.891151e+14 -1.372372e-01 1.137306e-01 9.839874e-01 -1.506492e+01 0 139347
-1.995928e+13 -2.149940e+14 1.020660e+14 -1.443274e-01 -6.621613e-01 7.353313e-01 2.346660e+01 0 3491462
-9.282734e+13 3.467999e+13 -1.459589e+14 -2.659207e-03 1.912484e-01 -9.815381e-01 8.045613e+00 0 801548
-1.195939e+14 1.409156e+14 -4.860384e+11 -5.264916e-01 8.333680e-01 1.682389e-01 -1.669377e+01 0 10
1.841562e+14 -8.624753e+12 -1.495089e+14 4.107944e-01 -4.672934e-01 -7.828696e-01 -2.944622e+01 0 2884161
-1.167721e+14 4.895175e+13 -1.135068e+14 -7.098998e-01 4.288035e-01 -5.587216e-01 3.802091e+00 0 3001493
-1.271998e+14 1.534548e+14 2.655969e+13 -8.727357e-01 2.126453e-01 4.394478e-01 3.413785e+01 0 1078716
-1.577647e+14 3.356659e+13 -5.929422e+13 -8.756188e-01 -2.545881e-01 -4.104590e-01 2.411127e+01 0 11952271
-1.357848e+14 5.587200e+13 -9.978703e+13 -2.542635e-01 4.903265e-01 -8.336246e-01 1.084123e+01 0 11
-7.824510e+13 1.502115e+14 -1.683030e+13 4.935369e-01 5.749668e-01 -6.525600e-01 3.578937e+00 0 2
-1.142769e+14 -3.891836e+13 1.243968e+14 9.035800e-03 -7.559494e-01 6.545677e-01 2.289928e+01 0 1789117
-7.444115e+13 -3.232996e+13 -1.594198e+14 -6.016835e-01 -7.272805e-01 -3.302120e-01 -8.362215e+00 0 28381
5.893591e+13 -1.354657e+14 8.897699e+13 2.248945e-01 -8.935428e-01 3.885921e-01 -1.089790e+01 0 15
-1.152235e+14 -1.158863e+14 -7.965372e+13 -8.746619e-01 -4.280280e-01 2.275051e-01 1.119555e+01 0 19364984
-3.785349e+13 -9.601613e+13 -1.383875e+14 4.556053e-01 -5.837976e-01 -6.720150e-01 -9.738286e-01 0 52
1.434262e+14 8.088203e+13 -7.484732e+13 8.366164e-01 5.199955e-01 -1.722720e-01 -1.277466e+01 0 2311101
2.403649e+13 6.330513e+13 -1.628071e+14 3.342209e-01 -2.133016e-01 -9.180408e-01 3.765378e+00 0 4223840
1.205461e+14 -3.411729e+13 1.245989e+14 -1.119870e-01 -2.179475e-01 9.695142e-01 7.697712e+00 0 8
1.283605e+14 -7.036832e+13 8.630170e+13 8.919090e-01 3.040998e-01 -3.346962e-01 2.749021e+01 0 24
7.546299e+12 -3.929901e+13 -1.662989e+14 -7.801613e-01 -5.347556e-01 -3.246302e-01 -6.113549e+00 0 1319462
1.179216e+14 -9.293840e+13 1.002604e+14 3.565462e-01 -3.330355e-01 8.729045e-01 -1.841163e+01 0 669148
-5.755219e+13 1.118050e+14 1.194044e+14 -2.470629e-01 7.224013e-01 6.458299e-01 1.711763e+01 0 2964052
-3.156401e+13 -1.133271e+14 -1.237045e+14 4.449016e-01 -8.369886e-01 3.186104e-01 -2.400888e+00 0 521036
-1.234069e+14 2.524925e+13 -1.164500e+14 2.706406e-02 -4.268491e-01 -9.039178e-01 1.771636e+01 0 2715054
-1.623694e+14 6.956615e+12 -5.936216e+13 -9.992892e-01 -3.556148e-02 1.251283e-02 9.023531e+00 0 14
1.589457e+14 -5.721496e+12 6.838436e+13 7.195793e-01 -2.419673e-01 6.508898e-01 -9.124956e+00 0 255399
2.212286e+13 1.463835e+14 -8.820689e+13 4.986823e-01 8.392361e-01 2.167921e-01 -1.676913e+01 0 13194202
7.373935e+13 3.520018e+13 1.490435e+14 -6.477536e-02 6.439112e-02 9.958202e-01 9.973683e+00 0 11759696
-3.820110e+13 -1.906495e+14 4.107084e+13 2.209532e-01 -8.358916e-01 5.024589e-01 -6.720291e+00 0 10051139
-1.365876e+14 -1.053075e+14 -3.154909e+13 -2.132896e-01 -6.830025e-01 -6.985808e-01 -1.230243e+00 0 652307
-6.921990e+13 6.390328e+13 1.413281e+14 -4.294503e-01 -3.393587e-01 8.369039e-01 1.863366e+01 0 1810220
-6.140578e+13 1.592094e+14 5.306114e+13 4.752452e-01 6.077564e-01 6.362186e-01 -3.099874e+01 0 16
1.415065e+14 9.870161e+13 -1.363819e+12 6.269602e-01 2.514804e-01 7.373456e-01 1.208166e+01 0 2675291
1.388478e+14 -1.600393e+14 -8.983330e+12 6.932068e-01 -6.153053e-01 -3.753182e-01 -1.627044e+01 0 5455947
-1.126769e+14 4.207909e+13 -1.204742e+14 -4.127003e-01 -7.656521e-01 -4.934119e-01 1.455625e+00 0 8575382
1.334594e+14 -4.835102e+13 -9.351267e+13 8.457770e-01 3.353905e-01 4.149391e-01 1.807602e+01 0 39
-1.407014e+14 1.244741e+14 1.780463e+13 -8.771537e-01 9.242287e-02 -4.712318e-01 -5.228846e+00 0 4
3.030898e+13 -1.386101e+14 -1.924555e+14 -1.046621e-01 -7.490440e-01 -6.542010e-01 -2.863195e+01 0 7872900
1.105643e+14 -1.095020e+14 7.281051e+13 9.689880e-01 -1.415569e-01 2.025434e-01 2.016143e+01 0 5389800
1.333401e+14 -1.068896e+14 5.270124e+13 5.863945e-01 -7.057754e-01 3.975205e-01 1.186159e+01 0 6195820
-6.507055e+13 -7.085202e+13 1.437777e+14 -5.523369e-01 3.253983e-01 7.674893e-01 -1.930369e+00 0 1831840
-1.437597e+14 -8.630573e+13 4.447458e+13 -9.073417e-01 -6.497517e-03 -4.203437e-01 -1.979642e+01 0 5735596
1.706990e+14 1.366706e+14 6.188464e+13 7.684844e-01 5.678346e-01 -2.949502e-01 2.014608e+01 0 1953733
1.034479e+14 -1.824773e+13 -1.352184e+14 8.130097e-01 3.840830e-01 -4.376019e-01 -1.570858e+00 0 33252267
1.065865e+14 -8.633452e+11 -1.335506e+14 8.548065e-01 1.792301e-01 -4.870138e-01 -8.695607e+00 0 8
-6.070685e+13 -8.719246e+13 1.355743e+14 -7.374992e-02 -9.938304e-01 -8.283801e-02 -6.399962e+00 0 1347326
-5.017269e+12 1.363965e+14 -1.010345e+14 -7.961945e-01 -1.137723e-01 -5.942476e-01 2.239436e+01 0 4753150
-1.481178e+14 -8.317798e+12 -8.403966e+13 -6.048516e-01 -7.567860e-01 -2.478497e-01 2.034408e+01 0 15896867
-9.950668e+13 -1.464668e+14 2.374340e+12 -3.403713e-01 -9.334870e-01 1.129130e-01 1.525455e+01 0 378417
-8.883026e+13 -1.111504e+14 1.004223e+14 -4.719916e-02 -5.929229e-01 8.038748e-01 -2.817632e-01 0 887760
-4.635365e+13 9.036640e+13 1.363552e+14 -1.235518e-01 5.919745e-02 9.905709e-01 9.511995e+00 0 370347
1.387510e+14 9.805465e+13 -5.755395e+13 -5.541592e-02 7.355740e-01 -6.751740e-01 -2.187078e+00 0 2191577
-4.371875e+13 1.612864e+14 -1.032316e+14 2.413194e-01 6.670091e-01 -7.048857e-01 -2.759504e+01 0 33
3.873274e+13 1.097650e+14 -1.288656e+14 3.953905e-02 8.665989e-02 -9.954530e-01 -1.019495e+01 0 8939528
4.424879e+13 -1.574225e+14 -4.568793e+13 6.236161e-01 8.628411e-04 -7.817303e-01 1.215137e+01 0 8911364
-4.112928e+13 1.762493e+14 -5.660058e+13 2.628257e-02 8.689002e-01 -4.942891e-01 6.716495e+00 0 1700001
1.510554e+14 -5.714033e+12 -8.665969e+13 8.579967e-01 -3.845770e-01 -3.405027e-01 2.219898e+00 0 4
4.939824e+13 -1.411138e+14 -1.240882e+14 3.741602e-01 -1.037867e-01 -9.215381e-01 -1.142883e+01 0 435176
4.835134e+13 1.629259e+14 -4.861773e+13 -1.712655e-01 9.850555e-01 1.826746e-02 -8.816683e+00 0 10625825
-6.861597e+13 -1.277267e+14 9.438988e+13 1.440750e-01 -9.616928e-01 2.332152e-01 -3.807921e+00 0 30
-1.122869e+14 -1.284942e+14 1.562050e+13 -3.786435e-01 -7.627027e-01 -5.243220e-01 1.668747e+01 0 2186025
3.074249e+13 -1.400114e+14 -9.218754e+13 1.792162e-01 -4.049948e-01 -8.965828e-01 1.677103e+01 0 15
-8.869679e+13 -2.527150e+13 1.714279e+14 -1.955230e-02 2.606498e-01 9.652354e-01 1.422193e+01 0 87
1.454308e+14 1.014219e+14 -2.235976e+13 6.513421e-01 3.622734e-01 -6.667169e-01 -1.642053e+01 0 16350218
-1.458442e+14 -1.903879e+13 -8.450666e+13 -4.177832e-01 -8.481449e-01 -3.257414e-01 1.496258e+01 0 56392
1.377912e+14 2.292237e+14 1.603931e+14 2.413346e-01 5.813871e-01 7.770113e-01 -2.190260e+01 0 10391597
-9.222144e+13 -1.348425e+14 -5.215270e+13 -1.803573e-01 -6.739642e-01 7.164101e-01 -1.339364e+01 0 5
9.451668e+13 1.394488e+13 -1.435975e+14 -2.000516e-01 2.988218e-01 -9.331050e-01 -2.545041e+00 0 1
-1.285884e+14 -1.136133e+14 1.823694e+13 -2.012000e-01 -6.832086e-01 -7.019577e-01 1.629856e+01 0 274062
3.682165e+13 5.210071e+13 -1.606052e+14 2.790472e-01 1.540316e-01 -9.478433e-01 -2.198247e+01 0 5074377
2.732472e+12 -1.531190e+14 8.107001e+13 7.711509e-01 -4.205046e-01 4.780189e-01 -8.231744e-01 0 1343581
-8.262492e+13 1.480468e+14 2.590898e+13 -7.713914e-01 4.412349e-01 4.585489e-01 2.293232e+00 0 478480
-9.583178e+13 -2.268597e+13 -1.423072e+14 -9.220842e-02 -3.131448e-01 -9.452185e-01 -9.364496e+00 0 9
-7.410293e+13 -1.302346e+14 -8.782859e+13 -4.686598e-01 -8.808682e-01 -6.655232e-02 7.789052e+00 0 4302181
-1.149132e+14 -1.228630e+14 -1.124836e+14 2.803414e-01 -8.039899e-01 -5.244130e-01 3.886352e+01 0 564368
-1.526841e+14 -6.918751e+13 -3.596268e+13 -2.232876e-01 -5.633812e-01 -7.954523e-01 1.389477e+01 0 1782680
-1.660357e+14 2.344762e+13 2.821732e+13 -9.691082e-01 -2.459344e-01 1.858713e-02 1.660270e+00 0 878279
-1.293866e+14 -1.132108e+14 2.212126e+13 -1.059129e-02 -6.972539e-01 7.167460e-01 2.058126e+01 0 9793655
-7.983185e+13 5.301455e+13 -1.609904e+14 -1.977554e-01 1.503670e-01 -9.686499e-01 1.435470e+01 0 1510241
-1.067714e+14 -1.101827e+14 7.243145e+13 -9.596707e-01 -1.988959e-01 1.986772e-01 -2.250086e+01 0 3
7.372926e+13 -1.451596e+14 -6.898354e+13 4.211995e-01 -7.753998e-01 -4.704744e-01 8.480597e+00 0 4505798
-6.967249e+13 -1.603216e+14 -5.599993e+13 -5.126289e-01 -7.110451e-01 -4.812759e-01 -2.438889e+01 0 3673405
5.041883e+12 5.490576e+13 1.609209e+14 -1.643920e-01 8.347709e-01 5.254834e-01 -2.703555e+00 0 8474200
-9.536916e+13 -3.931862e+13 -1.382140e+14 1.275517e-01 -3.398217e-01 -9.318003e-01 1.947079e+01 0 10198276
-5.025903e+13 -1.323298e+14 -9.647533e+13 -9.425750e-01 2.651575e-01 -2.030860e-01 -6.962771e+00 0 6
-1.215080e+14 7.935835e+13 -8.894512e+13 2.791780e-01 9.302534e-01 -2.380931e-01 -3.239797e+01 0 4954443
-1.045290e+14 3.059454e+12 -1.437622e+14 -9.214764e-01 3.358912e-01 -1.950856e-01 -1.385023e+01 0 888085
-6.734947e+13 1.213584e+14 1.007648e+14 -9.513177e-01 2.215644e-01 -2.142519e-01 2.434145e+01 0 3
5.253083e+13 -7.896907e+13 1.407176e+14 -4.893696e-02 -6.986269e-02 9.963555e-01 9.293332e+00 0 4375312
-1.630130e+14 -3.592524e+13 -4.171439e+13 -7.021259e-01 -7.010875e-01 1.244808e-01 -6.986135e-01 0 9228306
-1.041856e+14 1.052182e+14 1.152200e+14 5.806431e-02 -9.943026e-02 9.933490e-01 -2.631107e+01 0 3431622
6.271407e+11 1.588722e+14 1.261001e+14 2.699437e-01 8.672253e-01 4.183905e-01 6.910630e+00 0 3363733
8.464782e+13 -9.678548e+13 -1.163089e+14 8.278609e-01 8.019453e-02 -5.551713e-01 2.585038e+01 0 3910353
-1.084218e+14 8.666330e+13 1.157477e+14 -7.079298e-01 2.735417e-01 6.511608e-01 -7.168149e+00 0 21
-5.772762e+13 1.258959e+14 9.861448e+13 4.180600e-01 5.935026e-01 6.877357e-01 -1.830649e+01 0 19794052
-9.356632e+13 5.312940e+13 1.340946e+14 -3.524013e-01 9.204331e-01 -1.691635e-01 -1.765008e+01 0 3204058
-3.686380e+13 1.368982e+14 -9.734324e+13 6.736556e-01 7.367682e-01 -5.797152e-02 -2.582273e+01 0 1202969
1.045380e+13 -6.185709e+12 1.736849e+14 -6.125267e-01 -4.075332e-01 6.772944e-01 1.756907e+01 0 12639764
-1.117697e+14 -6.240537e+13 -1.383117e+14 -7.518152e-01 7.761927e-02 -6.547895e-01 -2.137880e+01 0 6148308
-9.236146e+13 4.764774e+13 1.367358e+14 -2.930048e-01 1.325275e-01 9.468815e-01 1.005473e+01 0 1983284
1.433074e+14 -6.874798e+13 -8.119945e+13 7.530329e-01 -4.673429e-01 -4.631761e-01 1.580751e+01 0 4
-1.378666e+14 1.202041e+13 -1.032936e+14 -7.104687e-01 1.602687e-01 -6.852359e-01 2.928854e+00 0 81570
-7.086834e+13 4.946478e+13 1.631680e+14 -5.700911e-01 5.639204e-01 5.974863e-01 -1.530389e+01 0 11874597
2.232520e+13 1.082362e+14 1.390613e+14 -1.824068e-01 -1.301959e-02 9.831370e-01 -7.779732e+00 0 5231626
1.712413e+14 2.472879e+13 -1.815133e+13 8.275954e-01 4.858217e-01 -2.811817e-01 1.986025e+01 0 7
1.723277e+13 -2.670450e+14 -8.143025e+12 3.691105e-01 -7.945337e-01 -4.821552e-01 3.792509e+01 0 4959838
-1.082998e+14 2.207579e+13 -1.332260e+14 -4.815826e-01 1.269426e-01 -8.671584e-01 -2.071742e+01 0 10813556
6.943611e+13 -4.219876e+12 -1.822712e+14 3.547199e-01 -5.810106e-02 -9.331656e-01 2.044296e+01 0 2964027
-7.919511e+13 -3.474851e+13 1.490250e+14 2.528178e-01 -1.137876e-01 9.607994e-01 2.050519e+01 0 6
3.830733e+12 -1.370884e+14 -1.034113e+14 9.687375e-01 -2.478685e-01 -1.043192e-02 4.044910e+01 0 402793
8.872749e+13 -1.041089e+14 1.069694e+14 5.521720e-01 -8.323081e-01 4.867662e-02 4.747784e+00 0 3483368
4.075629e+13 -1.362765e+14 -1.021683e+14 8.191405e-02 -6.041456e-01 -7.926526e-01 8.533098e+00 0 8808620
3.658141e+13 4.759479e+13 1.590105e+14 5.806641e-01 6.032608e-01 5.467226e-01 1.262965e+01 0 3762773
-1.342997e+14 7.783006e+13 -7.035120e+13 -7.512210e-01 4.840638e-01 4.487196e-01 1.931164e+01 0 10514099
-1.538834e+13 -1.416750e+14 -9.358826e+13 -5.364644e-01 -8.438909e-01 -7.346718e-03 -2.496278e+01 0 3440952
-4.981125e+13 4.022330e+13 -1.570833e+14 4.651940e-01 3.802123e-01 -7.993955e-01 -1.152573e+01 0 37
8.843547e+13 4.347672e+13 -1.404371e+14 5.458582e-01 -7.406001e-01 -3.918550e-01 -4.279868e+00 0 2600440
8.510123e+13 4.540904e+13 -1.395831e+14 8.349344e-01 3.265264e-01 -4.430181e-01 -1.827494e+01 0 2385937
1.562094e+14 -7.478782e+13 1.389097e+13 4.466214e-01 -8.820805e-01 -1.498774e-01 -2.666750e+01 0 1437079
-5.858116e+13 -4.796134e+13 1.536949e+14 -3.273463e-01 -4.099784e-01 8.513297e-01 -7.574616e+00 0 2771879
1.012561e+14 5.210465e+13 -1.361753e+14 9.859557e-01 -1.595009e-02 -1.662436e-01 2.047194e+00 0 2459830
1.675654e+14 1.087675e+13 -3.567175e+13 8.798564e-01 3.415967e-01 3.304004e-01 -7.996499e-01 0 15251904
-6.606914e+12 3.045051e+13 1.667766e+14 1.713713e-01 3.385359e-02 9.846247e-01 6.352427e+00 0 946176
6.002593e+13 -2.225527e+13 1.760420e+14 -1.652604e-01 7.594447e-02 9.833216e-01 2.235558e+01 0 15029640
1.762426e+14 -2.609598e+13 4.736039e+13 8.796958e-01 -3.822977e-01 -2.828141e-01 8.775488e+00 0 1
-7.727779e+12 -1.788652e+14 2.833454e+12 -5.259768e-01 -6.871971e-01 -5.011073e-01 -2.272755e+00 0 965659
1.095771e+14 1.436662e+14 -2.377207e+13 4.540443e-01 5.665812e-01 -6.876260e-01 -1.220656e+01 0 8558118
1.245709e+14 -1.345090e+14 -6.205090e+12 6.890240e-01 -5.271062e-01 -4.973982e-01 2.329987e+01 0 1
-1.206988e+13 1.422504e+14 1.072263e+14 -5.012921e-01 8.638409e-01 -4.985095e-02 -1.001097e+01 0 44
1.707022e+14 -1.912466e+13 -2.562399e+13 6.462184e-01 -4.327851e-01 6.285689e-01 -2.131425e+01 0 12140452
1.010861e+14 -9.205115e+13 -1.129642e+14 8.585859e-01 -3.760567e-01 -3.484418e-01 -1.276903e+01 0 2874088
2.138417e+13 -1.302213e+14 1.102099e+14 -3.444756e-01 -8.749736e-01 -3.402319e-01 2.960354e+00 0 10554732
-8.945374e+13 5.354238e+13 1.638724e+14 -9.090698e-01 1.465480e-01 3.900202e-01 -1.239911e+01 0 211263
1.433004e+14 7.173273e+13 -5.708515e+13 4.344202e-01 -4.619425e-01 -7.732324e-01 -2.378849e+01 0 9438832
-9.297772e+13 9.558589e+13 1.060575e+14 -4.118389e-01 8.537000e-01 -3.187241e-01 -1.234877e+01 0 6572106
2.858605e+13 7.372242e+13 1.502094e+14 -5.550247e-02 5.900092e-01 8.054866e-01 8.046199e+00 0 618449
1.602515e+14 2.387093e+13 5.670063e+13 9.883381e-01 -8.080292e-02 -1.290687e-01 1.846427e+00 0 506269
1.357642e+14 -2.957184e+13 -1.263206e+14 1.709871e-02 -1.974130e-01 -9.801713e-01 1.357503e+01 0 14
-2.020155e+12 -1.736222e+14 2.915479e+13 -1.237783e-01 -6.849123e-01 7.180349e-01 -1.241561e+01 0 27
-1.130709e+14 -5.939695e+12 -1.284042e+14 -5.798297e-01 -1.422914e-02 -8.146135e-01 -3.819297e+00 0 113187
-9.666611e+13 1.276100e+14 -7.330194e+13 -7.078899e-01 6.024983e-01 3.686295e-01 -1.071243e+01 0 2843713
-8.043387e+13 -1.365411e+14 -8.579148e+13 -9.393977e-01 -1.211060e-01 -3.207261e-01 5.230387e+00 0 34
-4.058124e+13 1.124611e+14 1.215620e+14 -9.839433e-01 1.660392e-01 -6.547207e-02 2.631712e+01 0 338233
6.284004e+13 3.030235e+13 2.268071e+14 3.777248e-01 4.962252e-01 7.817190e-01 -1.554727e+01 0 13768203
1.692390e+14 2.582378e+13 5.858311e+13 5.952942e-01 3.130896e-01 7.399998e-01 -7.517841e+00 0 12181
-1.006118e+14 5.002484e+12 -1.466910e+14 -5.457788e-01 7.266777e-01 -4.172109e-01 5.773542e+00 0 14
-1.465648e+14 -8.046314e+13 2.924770e+13 -5.914289e-01 -4.749238e-01 6.516589e-01 2.892738e-01 0 1033050
4.164474e+13 -3.720468e+13 -1.601993e+14 -1.663763e-01 -8.363262e-01 -5.223767e-01 -1.828962e+01 0 397253
8.740643e+13 5.685632e+13 -1.340668e+14 7.052250e-01 6.972189e-01 1.286213e-01 -2.190918e-01 0 48180
-5.712696e+13 2.628441e+13 1.589542e+14 7.773880e-01 3.855286e-01 4.970268e-01 1.395055e+01 0 1099254
8.210164e+12 -7.360810e+13 -1.543624e+14 8.074350e-01 -5.822883e-01 -9.481076e-02 -4.650304e+00 0 827906
8.994733e+12 -1.336833e+14 -1.083335e+14 -8.937291e-01 -3.217530e-01 -3.126074e-01 -5.701236e+00 0 15321402
-4.344232e+13 1.389473e+14 -8.877373e+13 2.321405e-01 8.193028e-01 5.242648e-01 -2.364428e+01 0 12562468
-1.224815e+14 9.947788e+13 -6.333449e+13 -2.137466e-01 6.670903e-01 -7.136546e-01 -4.267785e+00 0 5169906
3.486285e+13 4.878423e+13 1.606531e+14 -3.604948e-02 5.368945e-01 8.428788e-01 9.024707e+00 0 3439292
1.235340e+13 -2.006780e+14 -7.476303e+13 -2.671378e-01 -9.530480e-01 1.426078e-01 -2.910978e+01 0 87
-1.270102e+14 8.767195e+13 7.204994e+13 2.082242e-01 6.862020e-01 6.969717e-01 -9.550459e+00 0 8364794
1.207592e+14 1.711630e+13 -1.205521e+14 5.492491e-01 6.865088e-01 -4.764778e-01 1.199778e+00 0 812477
-1.430767e+14 -7.151253e+13 -5.941214e+13 -5.375522e-01 -8.431120e-01 -1.413455e-02 1.734148e+01 0 4596940
1.648827e+14 2.913831e+13 -7.579467e+13 5.641612e-01 6.934104e-01 -4.482234e-01 2.925391e+01 0 2
1.026691e+14 -1.212878e+14 9.835411e+13 5.993881e-01 -4.091030e-01 6.880179e-01 -1.004525e+01 0 1919545
-3.132752e+13 -1.349982e+13 1.670039e+14 -1.068978e-01 1.654600e-01 9.804060e-01 4.911417e+00 0 948045
1.002605e+14 -3.589023e+12 1.413296e+14 4.176138e-01 -7.679981e-01 4.855694e-01 -2.783135e+01 0 5201729
1.056664e+14 -2.164704e+13 -1.363232e+14 -2.221790e-01 1.294005e-01 -9.663809e-01 1.383281e+01 0 4115352
8.012012e+13 1.409477e+14 -6.316672e+13 7.179153e-01 3.444277e-01 -6.049523e-01 7.429521e+00 0 64135
1.531803e+13 1.656827e+14 -3.385949e+13 4.559649e-01 3.900769e-01 -7.999600e-01 4.453582e+00 0 23
-1.301592e+14 -2.528956e+13 1.084603e+14 -3.770281e-01 -9.218532e-01 8.964591e-02 8.994771e+00 0 9027824
1.234484e+14 -1.279906e+14 -2.318857e+13 5.563285e-01 -8.302787e-01 3.370227e-02 9.831681e+00 0 5656324
1.575126e+14 -7.408439e+13 -7.739199e+11 3.747781e-01 -9.267583e-01 2.569972e-02 -7.276566e+00 0 5814809
-1.543339e+14 1.028711e+14 -1.948632e+13 -9.871989e-01 2.465703e-02 1.575765e-01 3.623914e+01 0 582187
7.698598e+13 -1.023450e+14 -1.113298e+14 -1.822309e-01 -2.231859e-01 -9.575907e-01 -5.682439e+00 0 3496053
1.420252e+14 6.313284e+13 -9.411018e+13 6.175376e-01 4.150007e-02 -7.854458e-01 -2.183198e+01 0 4861035
-4.741644e+13 1.443742e+13 -2.529544e+14 -4.201197e-01 4.102766e-01 -8.094273e-01 -2.250555e+01 0 17732942
6.527009e+13 8.078823e+13 1.342080e+14 3.601583e-01 4.098624e-01 8.380327e-01 -4.799147e+00 0 513860
1.815985e+14 -2.938568e+13 -7.121779e+13 9.314093e-01 2.539526e-01 -2.607389e-01 2.345932e+01 0 1020563
-1.635722e+14 4.496561e+13 -6.211609e+12 -8.622894e-01 -1.508304e-01 4.834326e-01 3.323492e-01 0 128978
-8.818845e+13 1.440230e+14 4.516650e+13 -7.198680e-01 6.170641e-01 -3.178395e-01 -5.009652e+00 0 753503
1.449672e+14 6.735008e+13 6.322549e+13 2.488015e-01 4.265119e-01 8.695892e-01 4.432658e-01 0 5189323
6.363527e+13 9.989340e+13 -1.543591e+14 2.524511e-01 -3.620654e-01 -8.973166e-01 1.145109e+01 0 5
1.112175e+14 5.070005e+13 -1.244486e+14 9.080238e-01 1.702681e-01 -3.827552e-01 8.617107e+00 0 1576008
-1.441016e+14 3.470514e+12 9.035077e+13 -6.378586e-01 -4.138933e-02 7.690405e-01 -5.285029e+00 0 795882
-8.706216e+13 2.911983e+13 1.568609e+14 1.397033e-01 -2.149512e-02 9.899601e-01 1.510155e+01 0 2446787
-3.420129e+13 -1.274642e+14 -1.082378e+14 -4.935727e-01 -5.607214e-01 -6.648139e-01 4.970615e+00 0 10359000
-3.823391e+13 -1.284338e+14 1.199243e+14 6.070400e-01 -7.446900e-01 2.773792e-01 2.850456e+01 0 1
1.377834e+14 -9.193746e+13 4.899084e+13 8.164034e-01 -5.711854e-01 -8.504540e-02 1.633057e+01 0 6458755
2.391127e+13 1.871881e+14 1.062338e+14 3.582392e-02 5.400431e-01 8.408746e-01 1.542843e+01 0 7688994
-7.185721e+13 -6.727753e+13 -1.590545e+14 3.472829e-01 2.225113e-01 -9.109793e-01 -1.111311e+01 0 9
-1.428195e+14 7.947090e+13 6.368911e+13 -9.901193e-01 1.135743e-01 8.224744e-02 -2.518920e+00 0 1
1.450817e+14 8.712057e+13 1.530137e+13 6.250368e-01 2.320933e-01 -7.452931e-01 1.485107e+00 0 752854
-2.743857e+13 1.254021e+14 -1.173291e+14 -4.612162e-01 7.217631e-01 -5.160792e-01 -8.363630e+00 0 9591925
6.113502e+12 -1.001735e+14 -1.369204e+14 6.717373e-01 -7.212394e-01 1.690643e-01 1.488169e+01 0 930481
9.829250e+13 1.390402e+14 -1.456590e+13 9.381519e-01 1.887563e-01 2.902447e-01 -2.887594e+00 0 32
-1.550018e+14 -2.139249e+13 -6.730508e+13 1.285102e-02 1.973127e-01 -9.802564e-01 -1.752965e+01 0 1
-2.807207e+13 5.433783e+13 1.613152e+14 -6.756303e-01 -2.839543e-01 6.803628e-01 -7.040603e-01 0 1231976
1.428353e+14 8.148508e+13 -7.553848e+13 3.668409e-01 -4.403892e-01 -8.194420e-01 4.854221e+00 0 6675297
1.072360e+14 -4.903502e+11 -1.470782e+14 4.796282e-01 7.869002e-01 -3.882589e-01 3.207930e+01 0 1734975
-1.838969e+14 1.086316e+14 4.165183e+13 -9.146246e-01 9.327871e-02 3.933966e-01 -1.648188e+00 0 11
-2.875796e+13 1.650282e+14 2.945981e+13 -1.233077e-01 8.380678e-03 9.923331e-01 1.724979e+01 0 1
1.364205e+14 -1.096540e+14 3.497957e+13 5.251004e-01 -8.209865e-01 2.241669e-01 -1.979446e+01 0 32
-1.276698e+14 1.245604e+14 4.794263e+12 -7.633237e-01 6.260010e-01 1.595610e-01 -1.206792e+01 0 367524
-8.862763e+11 -1.280300e+14 -1.248696e+14 4.287676e-01 -5.360572e-01 -7.271871e-01 1.777259e+01 0 3017166
1.626236e+14 2.262632e+13 4.630124e+13 7.754115e-01 -4.007897e-01 4.879596e-01 1.793257e+00 0 30
1.679596e+14 -4.654661e+13 -4.835375e+12 3.515754e-01 -1.241755e-01 9.278875e-01 1.535197e+01 0 6440145
1.684391e+11 -1.605061e+14 -5.985394e+13 6.924956e-01 -5.141922e-01 -5.060199e-01 2.187088e+00 0 17124301
1.663492e+14 -3.886409e+13 2.729024e+13 2.282062e-01 -5.593299e-01 7.969141e-01 -2.376415e+01 0 6525075
1.649153e+14 7.342027e+12 5.366332e+13 8.572497e-01 -3.138312e-01 -4.082070e-01 -2.398924e+01 0 3193824
3.479339e+11 1.594575e+14 -5.937509e+13 -5.467783e-01 6.543542e-01 5.223543e-01 5.309716e+00 0 5428081
-1.560893e+14 -6.924065e+13 -3.601153e+13 -3.362768e-01 -9.239145e-01 -1.824824e-01 2.686332e+01 0 4987392
4.353009e+12 1.533826e+14 -1.193921e+14 1.882565e-01 7.577923e-01 -6.247481e-01 -1.838957e+01 0 4592727
-2.307922e+13 1.337091e+14 1.067728e+14 4.846108e-01 8.277265e-01 -2.828801e-01 -3.675671e+00 0 24
-4.657502e+13 1.720338e+14 -2.053429e+13 6.595024e-01 7.398154e-01 1.331533e-01 -1.583525e+00 0 58948
4.251089e+13 1.611421e+14 3.487688e+13 2.103478e-01 9.710496e-01 1.132101e-01 -1.245874e+01 0 11145092
6.144004e+13 1.238730e+14 -1.013417e+14 6.119137e-01 6.871544e-01 3.916382e-01 -1.090570e+01 0 3008094
-1.616674e+14 -3.155567e+13 4.693166e+13 -7.865761e-01 -1.221538e-01 6.052904e-01 -2.669964e+00 0 368321
-1.226612e+14 1.147735e+14 2.704767e+13 -1.972558e-01 9.756965e-01 -9.542768e-02 -2.027879e+01 0 3424872
-2.258144e+13 -1.804035e+13 -1.672511e+14 -6.521205e-01 -5.607726e-01 -5.101695e-01 7.423425e+00 0 5434046
-1.482525e+14 1.969833e+13 -8.036200e+13 -6.608901e-01 -7.127507e-01 2.349698e-01 3.077505e+01 0 5529855
1.549895e+14 6.107265e+13 -3.467809e+13 8.287828e-01 4.473580e-01 -3.361398e-01 1.489163e+01 0 1773438
-1.744186e+14 1.744235e+13 -3.807558e+13 -5.651571e-01 8.244035e-01 3.092388e-02 -3.490584e+01 0 1
-1.326269e+13 -1.463183e+14 9.372431e+13 8.661055e-01 -3.125737e-01 3.900756e-01 2.586593e+01 0 1416208
1.652266e+13 5.144936e+13 -1.628943e+14 -1.162261e-01 -4.395810e-01 -8.906514e-01 1.101765e+01 0 6941875
1.474472e+14 -1.089270e+13 8.740834e+13 9.535583e-01 3.673549e-02 2.989601e-01 1.199617e+01 0 2277544
1.356663e+14 2.624066e+13 9.880503e+13 9.481341e-01 6.149478e-02 -3.118656e-01 -2.016397e+01 0 2847857
2.846244e+13 1.194839e+14 1.685424e+14 5.177451e-01 6.863632e-01 5.107305e-01 -2.518959e+01 0 5555449
-8.272290e+12 -1.563595e+14 -8.879084e+13 2.326490e-01 -8.564370e-01 -4.608581e-01 1.325125e+01 0 3133049
1.643417e+14 -2.407943e+14 -2.817389e+13 8.191461e-01 -4.648762e-01 -3.359906e-01 3.514654e+01 0 5270167
-7.813670e+13 8.643272e+13 1.256591e+14 -5.665313e-01 7.885854e-01 2.391134e-01 3.157284e+00 0 24
-1.418690e+14 -1.001428e+14 -3.049921e+13 -6.745844e-01 -7.218227e-01 -1.546214e-01 -5.751679e+00 0 2
-1.329631e+14 9.502752e+13 -6.526466e+13 -2.830040e-01 9.387440e-01 -1.966428e-01 5.881121e+00 0 4726175
-1.305214e+14 1.145479e+14 -8.388356e+13 -6.133100e-01 4.763138e-01 -6.300603e-01 2.165594e+01 0 5
1.088506e+14 -9.582322e+13 -8.938982e+13 3.686111e-01 4.128884e-01 -8.328560e-01 8.163717e-01 0 3005790
2.460543e+14 -1.114302e+14 -1.875495e+14 5.974735e-01 -2.845356e-01 -7.497098e-01 -2.163827e+01 0 4266960
-1.077943e+13 -1.000463e+14 -1.369503e+14 -2.882098e-01 -3.438316e-01 -8.937085e-01 7.718160e+00 0 11038915
1.570749e+14 -7.908668e+13 1.030295e+14 9.029613e-01 -4.246192e-01 6.602650e-02 2.669098e+01 0 3406185
1.399954e+14 -9.332376e+13 2.958841e+13 9.420806e-01 2.974370e-01 -1.549689e-01 1.222166e+01 0 2563855
-3.461215e+12 2.082143e+13 1.696361e+14 -3.611720e-02 4.402993e-01 8.971244e-01 -7.677578e+00 0 7343490
1.579001e+14 -6.721660e+13 -6.350398e+13 9.525860e-01 -7.764845e-02 -2.941949e-01 1.606662e+01 0 1952477
-1.759190e+13 1.457479e+14 -9.250179e+13 1.559881e-01 7.294881e-01 -6.659691e-01 -1.730770e+01 0 2101386
-6.119150e+13 -2.280096e+13 -1.859866e+14 -6.586287e-01 -3.482368e-01 -6.670378e-01 1.412926e+01 0 1825246
-9.658272e+13 9.020817e+13 1.068981e+14 -2.743898e-01 5.953280e-01 7.551786e-01 -1.637332e+01 0 1348127
-1.720737e+14 -4.934627e+13 8.237787e+13 -3.865610e-01 -3.523708e-01 8.522942e-01 2.267057e+01 0 2398078
1.098711e+14 1.264473e+14 2.954480e+13 5.825811e-01 3.645446e-01 -7.264341e-01 -8.648724e+00 0 7139900
1.444797e+14 9.750152e+13 3.662906e+13 9.018839e-01 1.861437e-01 3.898152e-01 9.805926e+00 0 51
-1.315785e+14 3.288146e+12 1.128282e+14 7.783782e-02 9.648328e-02 9.922864e-01 -2.156686e+01 0 3
1.852355e+13 -1.646034e+14 -6.410956e+13 -7.655861e-01 -4.685417e-01 -4.408476e-01 -4.433195e+00 0 3683415
-1.632374e+14 -1.436806e+14 5.063962e+12 -9.899224e-01 -9.700349e-02 1.031699e-01 -3.956465e+01 0 374061
-1.284741e+14 6.645128e+13 9.497392e+13 -7.288730e-01 6.254705e-01 2.784437e-01 1.366309e+01 0 8780764
4.489113e+13 1.127900e+14 -1.223938e+14 -4.344118e-01 7.256948e-02 -8.977862e-01 -4.796211e+00 0 3
1.165900e+14 5.625368e+13 -1.141791e+14 5.081445e-01 4.867209e-01 -7.105575e-01 -5.933866e+00 0 2404631
5.317192e+13 3.045697e+12 1.666096e+14 9.581136e-01 2.020362e-01 2.029769e-01 1.260728e+01 0 4623686
-1.071270e+14 1.115137e+13 -1.315997e+14 3.837724e-01 -1.014639e-01 -9.178365e-01 1.484214e+01 0 1240554
-8.955925e+13 -1.261608e+14 -7.829059e+13 -2.288806e-01 -9.165679e-01 -3.278979e-01 -8.930214e+00 0 9458271
1.480278e+14 -1.028771e+14 6.336796e+13 4.175752e-01 -8.982128e-01 1.372762e-01 -3.425293e+01 0 1
1.111671e+14 -6.220099e+13 1.229430e+14 2.509397e-01 2.175211e-01 9.432464e-01 1.688352e+01 0 1622229
-9.299547e+13 1.534420e+14 -1.493166e+13 -8.147811e-01 5.450969e-01 1.974870e-01 2.246070e+01 0 52638
1.541929e+13 -1.376994e+14 9.886964e+13 -6.359732e-02 -7.228789e-01 6.880417e-01 -1.928480e+01 0 9
4.664437e+13 1.320951e+14 -1.071032e+14 -6.180479e-01 7.716857e-01 -1.500599e-01 2.822240e+01 0 9
-1.026408e+14 7.744100e+12 -1.351188e+14 3.321426e-01 7.427242e-01 -5.814139e-01 9.337060e-02 0 1
7.143476e+13 2.624181e+13 1.526683e+14 6.911531e-01 -3.226003e-01 6.467121e-01 1.143847e+01 0 98954
-1.829082e+14 2.024523e+13 -7.500765e+13 -8.600792e-01 4.597653e-01 2.210875e-01 -2.588143e+01 0 3732030
-2.564730e+14 -7.030466e+13 -1.774242e+14 -4.454777e-01 -2.845893e-01 -8.488572e-01 -1.608436e+01 0 13976006
1.810315e+14 6.533766e+13 -1.673290e+13 9.347819e-01 -2.692379e-01 -2.317191e-01 -2.946205e+01 0 3
1.706327e+14 -1.690771e+13 -4.863434e+12 8.452769e-01 -3.237985e-01 -4.250429e-01 -1.063801e+01 0 3956617
1.636270e+13 1.868110e+14 -3.295262e+13 -2.908739e-01 8.225814e-01 -4.886228e-01 -7.452497e+00 0 4396481
8.416642e+13 -2.055755e+13 -1.468920e+14 -2.157365e-02 8.330490e-01 -5.527783e-01 1.581974e+01 0 3048263
-1.437916e+14 -7.605002e+13 4.857174e+13 -9.717063e-01 1.819906e-01 -1.505535e-01 -1.973488e+01 0 913229
1.266030e+14 -9.890266e+13 -6.012973e+13 8.321918e-01 2.965996e-01 -4.684927e-01 3.383242e+01 0 7912416
-1.327159e+14 -1.814770e+13 -1.065909e+14 -6.491384e-01 -7.606014e-01 -1.024198e-02 2.380214e+01 0 4
-2.343601e+13 9.468848e+13 1.492270e+14 6.031215e-01 3.104819e-01 7.347417e-01 -1.580661e+01 0 10614556
1.001920e+14 -7.301027e+13 -1.230302e+14 6.934859e-01 2.885208e-01 -6.601766e-01 2.357237e+01 0 1621226
5.884473e+13 -1.491474e+13 -1.819610e+14 5.724915e-01 -6.483328e-01 -5.019145e-01 1.107179e+01 0 8404659
5.179950e+13 1.405086e+14 -8.852366e+13 7.149731e-01 6.971106e-01 -5.338801e-02 -2.273620e+01 0 5776628
1.198404e+14 9.646210e+13 8.846329e+13 6.190620e-01 4.443083e-03 7.853295e-01 -1.766529e+01 0 18
5.121696e+13 -5.109001e+13 1.564173e+14 2.334640e-01 -7.669338e-01 5.977518e-01 6.964736e+00 0 21946931
-2.056236e+14 4.226490e+13 -7.180157e+12 -7.652763e-01 8.236664e-02 6.384105e-01 -1.322683e+01 0 19855501
-1.186994e+14 1.078444e+14 7.332801e+13 -4.630170e-01 6.719696e-02 8.837985e-01 1.674083e+01 0 3524923
-1.015503e+14 1.250889e+14 5.721588e+13 -6.154528e-01 6.366697e-01 4.646177e-01 1.072190e+01 0 1160693
5.805358e+13 -1.591968e+14 7.734399e+13 4.937913e-01 -6.428370e-01 5.856028e-01 -9.367736e-01 0 12151314
-1.172155e+14 -7.230059e+13 1.016300e+14 -6.251435e-01 -6.884126e-01 3.678094e-01 1.837051e+01 0 17
-1.984397e+14 -3.537552e+13 6.045604e+13 -9.236425e-01 1.653157e-01 3.457675e-01 3.604059e+00 0 5929100
4.038385e+13 3.861849e+13 1.697959e+14 2.798746e-01 8.116891e-01 5.126704e-01 1.790651e+01 0 19378614
1.504054e+14 8.208695e+13 -5.322524e+13 9.894645e-01 1.327768e-01 -5.770875e-02 -2.583249e+01 0 17968957
-6.716426e+13 4.636419e+13 -1.578164e+14 -8.200605e-01 1.190072e-01 -5.597661e-01 1.204850e+01 0 36
1.150107e+14 9.459167e+13 -8.413038e+13 7.579063e-01 5.920827e-01 -2.738908e-01 8.858130e+00 0 33
4.433271e+13 -1.216003e+14 1.129092e+14 3.280030e-01 -4.785176e-01 8.145152e-01 -5.030203e+00 0 1914505
-4.225427e+13 1.269769e+14 -1.057287e+14 -3.529215e-01 8.025874e-01 4.809364e-01 -1.823837e+01 0 19663826
-5.307607e+13 1.114158e+14 1.181718e+14 1.662087e-01 8.029665e-01 5.723805e-01 -2.267402e+01 0 8
-9.786747e+13 2.403854e+13 1.391274e+14 1.579903e-01 4.424071e-02 9.864491e-01 8.954056e+00 0 1390295
-1.662350e+14 3.876728e+13 -8.654064e+12 -7.721827e-01 -3.744527e-01 -5.133411e-01 -7.996696e+00 0 9
-4.945868e+13 1.682091e+14 1.741479e+13 6.532093e-01 7.347928e-01 -1.827489e-01 -3.781972e+01 0 11674337
-1.733159e+14 -2.068528e+12 -6.782859e+13 -5.235604e-01 -5.637949e-01 -6.387643e-01 3.272043e+01 0 9532693
2.127860e+13 1.918990e+13 1.738900e+14 2.972775e-01 5.067647e-01 8.092068e-01 1.399838e+01 0 5315102
-1.512443e+14 5.580262e+12 7.822428e+13 -8.815933e-01 4.686762e-01 5.599875e-02 -1.136471e+00 0 5718406
-4.907912e+13 4.318187e+13 1.566032e+14 -7.077865e-01 4.503406e-01 5.442716e-01 2.693696e+00 0 910139
1.509632e+14 -7.788790e+13 5.969652e+13 7.765761e-01 -4.372836e-01 4.535555e-01 7.769379e+00 0 10342527
1.066227e+14 8.146309e+13 -1.082969e+14 1.505562e-01 6.046643e-01 -7.821214e-01 2.119673e+01 0 32
7.471214e+13 1.298585e+14 9.125261e+13 -2.442466e-01 8.540592e-01 4.592673e-01 2.349543e+01 0 7
9.259172e+13 6.048424e+13 1.285910e+14 1.248717e-01 8.322813e-01 5.401064e-01 7.517340e+00 0 1167790
2.677369e+13 1.656172e+14 -3.153798e+13 2.593861e-01 4.300207e-01 -8.647549e-01 6.018121e+00 0 3744191
-1.135071e+14 -1.275882e+14 8.335598e+13 -4.188094e-01 -2.845656e-01 8.623347e-01 -1.545321e+01 0 4
8.935072e+13 -4.683520e+13 -1.363554e+14 6.988524e-01 -3.056069e-01 -6.466914e-01 -1.285985e+00 0 16036805
-1.000002e+14 -3.779825e+13 1.477667e+14 -4.811571e-01 -6.133754e-01 6.263054e-01 -8.466579e+00 0 9284730
6.918411e+13 5.403248e+13 -1.500554e+14 5.404793e-01 5.787863e-01 -6.106460e-01 -1.380268e+01 0 18
-3.858120e+13 1.670484e+14 2.736017e+13 4.788849e-01 7.409546e-01 -4.708030e-01 -2.413424e+01 0 477988
-1.055291e+13 -7.476339e+13 1.542459e+14 -2.492860e-01 -8.373197e-02 9.648033e-01 -1.097707e+01 0 9500932
-9.609713e+13 -1.199359e+14 -7.410917e+13 1.756349e-01 -6.809782e-01 -7.109298e-01 1.611852e+01 0 1611846
-1.574579e+14 -8.330899e+13 -1.920310e+13 -9.817562e-01 -1.007282e-01 -1.612716e-01 2.640012e+00 0 2704307
4.924485e+13 -7.741849e+13 1.553263e+14 8.345569e-01 -5.248868e-01 1.673579e-01 -1.419294e+00 0 11
3.872613e+13 -6.183948e+13 -1.628124e+14 2.600700e-01 -5.165288e-01 -8.158196e-01 -2.258009e+01 0 6218585
1.431051e+13 -6.097134e+13 -1.588250e+14 -4.615020e-01 -4.793790e-01 -7.464661e-01 3.211730e+00 0 852206
-9.178162e+13 -1.303385e+14 6.536187e+13 -4.680680e-01 3.943713e-01 7.908120e-01 -1.850141e+00 0 3340367
1.158864e+14 -1.409140e+14 1.173925e+13 5.139298e-01 -4.453439e-01 -7.331746e-01 1.686099e+01 0 4653415
8.521326e+13 -7.660298e+13 -1.513086e+14 -5.440515e-02 -3.045727e-01 -9.509340e-01 1.494779e+01 0 3
-4.745652e+13 -1.308673e+14 1.475777e+14 -1.168510e-01 -1.937604e-02 9.929604e-01 -2.277825e+01 0 11297706
1.175040e+14 -1.278823e+13 1.234566e+14 9.197414e-01 3.792100e-01 1.013678e-01 -5.264895e-01 0 1116516
-8.288681e+13 1.479810e+14 1.473616e+13 -9.298603e-03 8.409312e-01 5.410621e-01 -2.211345e+01 0 2824470
-1.523345e+14 -8.764170e+13 -9.952592e+13 -2.741095e-01 -8.977885e-01 -3.447316e-01 3.789670e+01 0 13312123
-4.340146e+13 1.192878e+14 1.320931e+14 3.258810e-01 8.828429e-01 3.382160e-01 3.418257e-01 0 1294796
-1.247545e+14 -1.143811e+14 -3.854250e+13 -1.703842e-01 -8.885995e-01 -4.258639e-01 1.968935e+01 0 10982688
-1.991008e+13 7.620315e+13 1.528636e+14 -2.216775e-01 -6.993589e-01 6.795264e-01 -8.054209e+00 0 3065284
-1.816059e+14 2.937289e+13 4.562692e+13 -9.438262e-01 3.301468e-01 1.397002e-02 1.368807e+01 0 595436
2.897683e+13 -1.199240e+13 -1.761977e+14 7.113175e-01 -2.574019e-01 -6.540426e-01 7.329029e+00 0 1368846
7.342559e+13 9.205287e+13 1.330043e+14 5.872483e-01 8.091470e-01 2.050728e-02 -1.978152e+01 0 528906
1.240589e+14 -3.285099e+13 1.154179e+14 4.808989e-01 -5.794998e-01 6.579637e-01 1.026282e+01 0 1633782
-9.340485e+13 8.109787e+13 -1.447231e+14 -2.075346e-01 4.357855e-01 -8.757970e-01 2.514551e+01 0 31
1.647780e+14 -3.523159e+12 4.011655e+13 6.394982e-01 7.686466e-01 -1.498105e-02 5.044694e+00 0 10322990
1.051119e+13 -1.458682e+14 -1.467759e+14 2.463899e-01 -9.662642e-01 -7.500288e-02 2.162379e+01 0 674314
3.701509e+12 1.231731e+14 1.249198e+14 -9.133134e-02 3.794142e-01 9.207081e-01 -9.235519e+00 0 926390
1.040507e+14 -1.292187e+14 5.620456e+13 6.208530e-01 -6.832943e-01 3.842532e-01 1.391815e+01 0 6
1.816654e+11 -2.112121e+14 -1.052199e+13 1.779123e-01 -9.685609e-01 -1.738879e-01 -2.482708e+01 0 6201130
1.196059e+14 -4.279161e+12 1.208857e+14 8.444886e-01 5.354915e-01 -9.373772e-03 1.438013e+01 0 17609258
-1.577126e+14 -4.851030e+13 9.003097e+13 -5.826210e-01 5.118541e-02 8.111306e-01 8.312024e+00 0 3
-5.940021e+13 -1.699662e+14 -4.050392e+13 -9.141022e-01 -1.573189e-01 -3.737218e-01 -4.712986e+00 0 674901
-9.796401e+13 1.063277e+14 -9.091761e+13 2.527642e-01 9.487933e-01 -1.894770e-01 -3.475112e+01 0 1
1.021721e+14 -4.098440e+13 -1.322713e+14 4.865163e-01 -2.722148e-01 -8.301813e-01 1.208281e+01 0 150763
-5.603232e+13 3.557484e+13 1.780899e+14 -1.426872e-01 8.233191e-01 5.493506e-01 -2.177445e+01 0 212469
1.537067e+14 -4.174762e+13 -6.000024e+13 6.520155e-01 -6.082293e-01 4.526951e-01 -2.148155e+01 0 6757466
8.316537e+13 1.137989e+13 -1.480001e+14 7.757450e-01 6.304240e-01 2.802366e-02 1.222563e+01 0 20
1.033606e+14 8.303144e+13 1.121582e+14 8.381960e-01 4.692068e-01 2.779792e-01 3.683947e+00 0 148212
-2.842043e+12 6.351893e+13 -1.623338e+14 6.001815e-01 1.293608e-01 -7.893339e-01 -2.185843e+01 0 5104520
2.548993e+13 -3.026076e+13 -1.669024e+14 6.452516e-01 -7.149879e-01 -2.691518e-01 -1.798304e+01 0 18676529
9.267064e+13 1.026919e+14 9.929746e+13 7.718907e-01 1.432978e-01 6.193953e-01 -2.865914e+01 0 2983692
5.987054e+13 1.833198e+13 1.818603e+14 4.174767e-01 -5.639607e-01 7.125037e-01 6.456207e+00 0 7982186
-4.655861e+13 1.892838e+14 -1.958120e+14 1.322096e-01 8.680632e-01 -4.785258e-01 9.729209e+00 0 4760856
1.594088e+14 1.958918e+13 -6.056976e+13 5.001049e-01 8.584388e-01 -1.139207e-01 1.049376e+01 0 32
-1.199870e+14 -1.127815e+14 8.302188e+13 -3.804662e-01 -3.486193e-01 8.565688e-01 -1.461266e+01 0 20867662
3.240784e+13 -1.245320e+13 1.741472e+14 9.647696e-04 -6.973715e-01 7.167092e-01 1.069838e+01 0 12403061
-1.036696e+14 6.321663e+13 1.197796e+14 1.365448e-01 6.385019e-02 9.885741e-01 7.450342e+00 0 2909242
-5.600045e+13 1.182508e+14 -1.126939e+14 -2.739545e-02 9.084185e-01 4.171633e-01 3.066956e+00 0 14862483
1.580069e+14 -6.319628e+13 -2.001991e+13 9.196288e-01 3.906877e-01 4.057038e-02 2.797249e+01 0 5501980
-2.209241e+13 -1.217401e+14 -1.231887e+14 -3.454233e-01 -9.359961e-01 6.777968e-02 -2.078818e+01 0 1175532
-1.119480e+14 1.284677e+14 -2.141721e+13 -8.497366e-01 -3.338578e-01 -4.080278e-01 3.503733e+01 0 2
-3.792959e+11 -1.670897e+14 -6.265186e+13 6.357794e-01 -2.813314e-01 -7.187748e-01 2.973347e-01 0 5
1.344698e+14 7.173903e+13 -8.465878e+13 6.602548e-01 -6.913591e-01 -2.934043e-01 -3.293202e+01 0 4
1.124506e+14 -1.425491e+14 2.293524e+13 -2.519492e-01 -8.090963e-01 5.309283e-01 -9.249765e-01 0 4021453
-1.477787e+14 -7.682380e+13 -4.515965e+13 -5.480017e-01 -6.461564e-01 -5.312025e-01 -1.752460e+00 0 5816583
2.231056e+13 -9.416999e+13 1.421362e+14 -5.635433e-01 1.719087e-01 8.080014e-01 6.021146e+00 0 3043241
-1.448494e+14 -8.839542e+13 9.157831e+12 -9.670009e-01 -9.404490e-02 -2.367802e-01 -1.547391e+01 0 308580
1.489965e+14 -1.104777e+13 -8.113720e+13 9.506981e-01 3.030014e-01 -6.605467e-02 1.656650e+01 0 53
1.502517e+14 7.445036e+13 3.644842e+13 6.397747e-01 -5.395586e-01 5.473252e-01 -2.959340e+01 0 28785620
-1.381488e+14 5.855500e+13 9.641682e+13 -6.841346e-01 2.615805e-01 6.808344e-01 1.271291e+01 0 1797598
-8.914897e+13 -6.946460e+13 1.449814e+14 -9.345657e-01 1.744409e-01 3.100925e-01 1.028222e+00 0 116
-7.076808e+13 4.559276e+13 1.480733e+14 -3.983147e-01 7.805123e-01 4.818152e-01 -1.422807e+01 0 1
1.036620e+14 1.367921e+14 3.620042e+13 1.002389e-02 9.658037e-01 -2.590804e-01 -2.125618e+00 0 2309029
-1.394047e+14 7.718797e+13 -5.869894e+13 -4.110493e-01 8.533058e-01 -3.207924e-01 -6.051188e+00 0 2003267
1.021003e+14 1.131239e+14 8.780348e+13 3.129881e-01 8.229417e-01 4.741364e-01 1.766163e+01 0 2493939
1.364135e+14 -6.060868e+13 -1.238206e+14 8.835001e-01 -4.313434e-01 -1.826758e-01 -1.491027e+01 0 6738715
1.747804e+14 -1.624361e+13 -3.650308e+13 7.154961e-01 5.580588e-01 -4.202806e-01 2.768818e+00 0 4460658
-6.842846e+13 -1.228893e+14 9.540285e+13 -4.989597e-01 -3.734350e-01 7.820394e-01 -1.245469e+01 0 311072
3.190960e+13 -5.445201e+13 1.599853e+14 3.332264e-01 5.356924e-01 7.758826e-01 1.312941e+01 0 2175005
-1.138546e+14 -1.197598e+14 -4.585790e+13 -7.787905e-03 -6.726293e-01 -7.399386e-01 2.363459e+01 0 163017
-1.596335e+14 -5.428746e+13 -3.051354e+13 -1.499921e-01 -9.350516e-01 -3.212179e-01 -2.701989e+00 0 14
1.357162e+14 1.070260e+14 -6.499666e+12 3.304133e-01 5.083740e-01 -7.952251e-01 -6.183451e+00 0 2
3.988877e+13 -1.293176e+14 1.085988e+14 4.694954e-01 -7.036707e-01 5.333119e-01 1.474976e+01 0 3363648
-1.397105e+14 -4.691593e+13 8.470835e+13 -9.199897e-01 1.705404e-01 -3.528951e-01 -1.659758e+01 0 582607
-3.673308e+13 1.264039e+14 -1.077883e+14 -5.951756e-01 6.400180e-01 -4.859454e-01 1.434658e+01 0 22
1.119309e+14 -8.112298e+13 1.014766e+14 7.245247e-01 1.063890e-01 6.809885e-01 5.269570e+00 0 1890895
-1.615519e+14 5.355729e+13 -5.281543e+12 6.269682e-02 9.980057e-01 -7.332564e-03 -2.685825e+00 0 1
1.458913e+14 4.675594e+13 -7.459840e+13 -1.161407e-01 1.432843e-01 -9.828433e-01 -5.932940e+00 0 3063494
-2.374612e+13 -5.488970e+11 1.710259e+14 -2.751531e-01 -4.211805e-01 8.642325e-01 1.337232e+01 0 663419
-4.254043e+13 -1.072133e+14 -1.244592e+14 -9.731926e-01 -1.070279e-02 -2.297423e-01 -8.495636e+00 0 857465
1.556677e+14 4.610884e+13 5.554735e+13 8.547929e-01 3.511584e-01 -3.821216e-01 8.376235e+00 0 264913
1.588563e+14 -5.413515e+13 3.455266e+13 1.660200e-01 -9.451738e-01 -2.812187e-01 -1.173667e+01 0 1693178
-5.010137e+13 -1.741226e+14 -7.776969e+12 -5.283559e-01 -7.807434e-01 3.335862e-01 9.642029e+00 0 5
-3.937714e+13 -9.552625e+13 -1.345410e+14 2.950182e-01 -8.890550e-01 -3.500648e-01 -3.885767e+00 0 6345288
7.744179e+13 -8.539236e+13 -1.268647e+14 3.514509e-01 -8.726453e-01 3.390758e-01 1.057611e+01 0 3585852
4.337146e+13 -1.480352e+13 1.703037e+14 8.822349e-01 -3.210468e-01 3.443697e-01 -1.465707e+01 0 510559
-5.022884e+13 -1.690359e+14 3.895934e+13 -4.083479e-01 -7.681831e-01 -4.930991e-01 -2.620602e+01 0 24931128
1.216026e+14 1.139154e+14 3.796220e+13 4.652149e-01 9.481355e-02 8.801054e-01 -1.978454e+01 0 35
-1.163872e+14 -6.720137e+13 1.076140e+14 -5.660195e-02 -6.471862e-01 7.602278e-01 1.387370e+00 0 1245740
