# 781
-4.071390e+12 1.520200e+12 1.427648e+13 4.438533e-01 -3.793944e-01 8.118215e-01 0.000000e+00 1
-5.503182e+12 -6.217794e+11 9.386843e+12 5.873983e-01 -8.064849e-01 -6.741868e-02 0.000000e+00 1
-5.533605e+12 -2.329125e+12 5.969339e+12 -7.564332e-01 -2.370022e-01 -6.096218e-01 0.000000e+00 1
-5.632469e+12 1.118328e+13 -7.990736e+11 8.082032e-01 -5.577528e-01 -1.889957e-01 0.000000e+00 1
5.915977e+12 1.193624e+12 -1.265657e+13 2.009923e-02 6.847396e-01 7.285106e-01 0.000000e+00 1
-1.384616e+13 -1.020261e+12 -2.131134e+11 4.297015e-01 8.051562e-01 4.087543e-01 0.000000e+00 1
-9.959326e+12 -8.483891e+12 6.716188e+12 3.662390e-01 8.950504e-01 2.544677e-01 0.000000e+00 1
1.580261e+13 -1.908279e+12 -5.060277e+12 -6.054125e-01 -3.237272e-01 -7.271014e-01 0.000000e+00 1
-4.291183e+12 7.298383e+12 6.641537e+12 -6.968478e-01 3.681942e-01 6.154967e-01 0.000000e+00 1
6.370486e+12 -1.036482e+13 -1.067720e+13 7.165822e-01 4.620406e-01 5.225212e-01 0.000000e+00 1
4.800524e+12 5.922808e+12 -1.256049e+13 4.643079e-01 4.776034e-01 -7.458640e-01 0.000000e+00 1
5.050262e+12 1.390871e+13 -6.397991e+12 4.525653e-01 4.864259e-01 7.473784e-01 0.000000e+00 1
1.231717e+13 -3.387778e+12 -1.087865e+13 -1.282305e-01 -7.154671e-01 -6.867778e-01 0.000000e+00 1
-1.151726e+13 -1.001204e+13 2.626037e+12 -3.661979e-01 -9.293910e-01 4.616785e-02 0.000000e+00 1
3.479081e+12 7.175596e+12 -1.037438e+13 -6.267462e-01 -4.041707e-01 6.662096e-01 0.000000e+00 1
-7.226901e+12 -4.786036e+12 2.314038e+12 8.066432e-01 -5.461464e-01 2.259444e-01 0.000000e+00 1
4.067392e+12 6.560802e+12 8.911563e+12 7.737294e-01 5.815179e-01 -2.513559e-01 0.000000e+00 1
-1.120252e+13 -1.151155e+13 4.097742e+10 -6.003311e-01 -9.829576e-02 7.936879e-01 0.000000e+00 1
-4.119983e+12 -1.196380e+13 7.227387e+12 6.846782e-01 -5.060324e-01 5.245445e-01 0.000000e+00 1
3.695756e+12 -4.638028e+12 -7.109661e+10 -7.973345e-01 5.963821e-01 9.266145e-02 0.000000e+00 1
1.538059e+12 -1.008596e+13 -3.809812e+12 4.722555e-01 4.076238e-01 7.815482e-01 0.000000e+00 1
7.197559e+12 1.074271e+13 -9.740878e+12 9.396454e-01 3.334489e-01 -7.667029e-02 0.000000e+00 1
4.749316e+12 -4.487669e+12 -1.413279e+13 -9.483564e-01 -7.569805e-03 3.171163e-01 0.000000e+00 1
-6.903044e+12 -3.229818e+10 1.166676e+13 1.576632e-01 -5.128305e-01 -8.438882e-01 0.000000e+00 1
6.546715e+11 -2.023921e+12 -1.789612e+12 7.386519e-01 1.589308e-01 -6.550835e-01 0.000000e+00 1
2.758492e+12 -1.207914e+13 -4.009726e+12 -2.851837e-01 6.090285e-01 -7.401044e-01 0.000000e+00 1
2.679379e+12 4.400005e+12 1.864542e+12 -8.661766e-01 -4.987147e-01 -3.196382e-02 0.000000e+00 1
2.003363e+12 1.512581e+12 -1.043636e+13 1.514614e-01 -4.204867e-01 8.945671e-01 0.000000e+00 1
9.149237e+12 1.076859e+13 -8.819500e+12 -8.742846e-01 2.401580e-01 4.218419e-01 0.000000e+00 1
1.123408e+13 -6.045151e+12 2.618608e+12 -9.577678e-01 2.821660e-01 -5.534586e-02 0.000000e+00 1
-4.331240e+12 1.276110e+13 1.181877e+12 -9.558163e-01 -2.711764e-01 1.134839e-01 0.000000e+00 1
4.740585e+12 -1.060796e+13 -8.780691e+12 -6.297015e-02 3.811176e-01 -9.223796e-01 0.000000e+00 1
-6.217170e+12 -6.910481e+12 1.855574e+12 -9.711758e-01 -9.552679e-02 2.183854e-01 0.000000e+00 1
-1.328989e+13 -7.714740e+11 7.341299e+12 -1.610227e-02 -3.595032e-01 9.330049e-01 0.000000e+00 1
-2.035630e+12 1.035809e+13 -3.177901e+12 -2.782629e-01 -1.948765e-01 9.405280e-01 0.000000e+00 1
1.156861e+13 1.424075e+12 -9.008833e+12 -9.289889e-01 -3.131597e-01 -1.972575e-01 0.000000e+00 1
2.594162e+12 3.908707e+12 3.900950e+12 4.397514e-01 -8.973088e-01 -3.815265e-02 0.000000e+00 1
1.219094e+13 -1.066288e+13 1.796484e+12 9.728854e-01 1.726413e-01 1.539121e-01 0.000000e+00 1
1.759467e+11 1.273944e+12 -7.924909e+12 -2.538970e-01 9.667766e-01 -2.965205e-02 0.000000e+00 1
1.202592e+12 9.655487e+12 8.987018e+12 8.942833e-01 -4.471982e-01 1.646733e-02 0.000000e+00 1
1.504132e+13 5.038554e+11 4.084471e+12 3.786347e-01 -5.026182e-02 -9.241804e-01 0.000000e+00 1
-2.372973e+12 9.215764e+12 -1.062020e+13 -4.440575e-02 -6.333007e-01 7.726308e-01 0.000000e+00 1
1.460887e+13 3.162991e+12 -3.133645e+12 -3.022535e-01 7.747975e-01 -5.552763e-01 0.000000e+00 1
-1.395110e+13 -5.378109e+12 -7.860683e+12 8.398455e-01 -4.252781e-01 -3.373398e-01 0.000000e+00 1
-7.813887e+12 1.351438e+13 -6.147077e+11 -8.519978e-01 3.637980e-01 -3.764981e-01 0.000000e+00 1
-4.239902e+11 -2.698962e+12 -6.964344e+12 -4.262433e-01 -8.988846e-01 1.016025e-01 0.000000e+00 1
-3.140137e+12 -1.045463e+11 1.526169e+13 -7.973600e-01 -4.190347e-01 -4.343121e-01 0.000000e+00 1
-8.861334e+12 -7.251148e+12 -3.013789e+12 8.970759e-01 -1.300561e-01 4.223036e-01 0.000000e+00 1
-1.328207e+13 3.815351e+12 -7.397666e+12 -8.952700e-01 1.451578e-01 -4.212136e-01 0.000000e+00 1
-1.528969e+11 -9.813858e+11 1.340085e+13 2.900516e-03 -4.461992e-01 -8.949290e-01 0.000000e+00 1
1.297988e+13 -1.934512e+12 1.069590e+13 1.778124e-01 5.865620e-01 -7.901441e-01 0.000000e+00 1
-9.875416e+12 2.160414e+12 8.967434e+09 -1.511533e-02 9.885879e-01 1.498847e-01 0.000000e+00 1
-8.397477e+12 -1.145934e+12 -2.167452e+12 -6.582043e-01 -1.969382e-01 7.266240e-01 0.000000e+00 1
-9.496341e+12 8.840781e+12 2.766316e+11 6.853074e-01 7.215374e-01 9.867917e-02 0.000000e+00 1
-1.603714e+13 1.442164e+12 4.462310e+12 -5.416129e-01 4.692963e-01 6.974356e-01 0.000000e+00 1
9.008302e+12 5.293683e+12 1.115425e+13 8.180664e-02 9.872082e-01 1.368491e-01 0.000000e+00 1
-1.530134e+13 5.599212e+12 -2.834047e+12 6.468870e-01 -5.420326e-01 -5.364120e-01 0.000000e+00 1
-1.250873e+13 -5.961986e+12 2.694920e+12 -9.053594e-01 3.967130e-01 -1.514702e-01 0.000000e+00 1
-6.468613e+12 -6.228186e+12 -1.009387e+13 2.139698e-01 9.720130e-01 -9.699272e-02 0.000000e+00 1
1.128733e+13 -8.022170e+12 -6.597322e+12 6.401278e-01 2.621451e-01 7.221609e-01 0.000000e+00 1
1.572726e+12 4.756012e+12 -1.518784e+13 3.748944e-01 9.090675e-01 1.817978e-01 0.000000e+00 1
2.075294e+12 -2.051201e+12 1.001572e+13 -7.775769e-01 5.181373e-01 3.562414e-01 0.000000e+00 1
-5.329435e+12 9.010535e+12 3.562311e+12 9.020159e-01 3.542946e-01 2.466631e-01 0.000000e+00 1
5.040171e+12 -8.145733e+12 -8.918539e+12 -2.011573e-03 -2.380112e-01 9.712603e-01 0.000000e+00 1
-2.110812e+12 -1.603634e+13 -6.941167e+10 -9.883772e-01 1.520118e-01 -1.709052e-03 0.000000e+00 1
-5.176627e+10 8.170349e+12 -1.366876e+13 -5.390688e-01 2.836350e-01 7.930675e-01 0.000000e+00 1
-1.250662e+13 8.710626e+12 6.632714e+12 -6.428843e-02 7.752044e-01 6.284307e-01 0.000000e+00 1
-2.038149e+12 -6.052857e+12 -1.206561e+13 -6.421569e-01 -1.950799e-01 7.413355e-01 0.000000e+00 1
-3.365571e+12 -1.844776e+12 1.213983e+13 9.355771e-01 -1.169250e-01 -3.332028e-01 0.000000e+00 1
-1.965824e+11 -2.410762e+12 -7.076472e+12 -7.700042e-01 3.032074e-01 -5.613900e-01 0.000000e+00 1
-8.182821e+12 3.632387e+12 -1.098221e+12 -9.432485e-01 2.809276e-01 -1.770928e-01 0.000000e+00 1
1.315576e+13 -5.793102e+12 -1.331883e+12 -6.985760e-01 7.137747e-01 5.017117e-02 0.000000e+00 1
-4.941626e+12 -4.504847e+12 9.015467e+12 2.364905e-02 2.145146e-01 9.764344e-01 0.000000e+00 1
1.160155e+13 -3.404530e+12 -1.847061e+11 -7.221078e-02 -8.556327e-01 -5.125215e-01 0.000000e+00 1
4.081568e+12 -6.982426e+12 7.225601e+12 9.662545e-01 3.040413e-02 -2.557885e-01 0.000000e+00 1
1.409607e+13 -5.791800e+11 4.186745e+12 8.301602e-01 -5.573212e-01 1.506855e-02 0.000000e+00 1
6.294502e+12 8.140497e+12 -1.543886e+12 -7.465466e-01 -3.281741e-01 -5.787659e-01 0.000000e+00 1
-4.331818e+12 5.804883e+12 5.137744e+12 8.880475e-01 -4.195928e-01 1.879188e-01 0.000000e+00 1
2.804379e+12 6.308585e+12 -1.170471e+12 4.646471e-01 -1.140019e-01 8.781268e-01 0.000000e+00 1
-1.350849e+13 7.006838e+12 2.674639e+12 8.475832e-01 5.281708e-01 5.136469e-02 0.000000e+00 1
6.274258e+11 1.139643e+13 2.975821e+12 6.775511e-01 -5.493105e-01 4.890629e-01 0.000000e+00 1
-8.317916e+12 -1.318635e+12 1.245144e+13 5.694321e-01 -6.545214e-01 4.973417e-01 0.000000e+00 1
3.788355e+12 2.481109e+12 6.527210e+12 3.028057e-01 9.416077e-01 -1.472534e-01 0.000000e+00 1
1.487637e+13 -6.853587e+12 3.017240e+12 7.956358e-01 -5.325838e-01 -2.886490e-01 0.000000e+00 1
1.102998e+13 -2.570090e+11 -4.700222e+12 -7.551108e-01 -6.361411e-01 -1.585315e-01 0.000000e+00 1
-1.583252e+13 -4.884723e+12 -1.311482e+12 7.634089e-01 -6.422417e-01 -6.879241e-02 0.000000e+00 1
-8.828174e+12 6.102879e+11 -7.175881e+12 2.294991e-01 1.654585e-01 -9.591421e-01 0.000000e+00 1
1.472561e+13 -7.555781e+12 -2.460996e+12 -1.116178e-01 -1.155847e-01 9.870064e-01 0.000000e+00 1
4.783908e+12 -3.823085e+12 1.551357e+13 -7.000871e-01 -2.497784e-01 6.689460e-01 0.000000e+00 1
-1.355521e+13 -2.387701e+12 -1.129208e+12 -9.499277e-01 7.764567e-02 3.026691e-01 0.000000e+00 1
1.210600e+13 2.052823e+12 -2.817219e+12 -6.889845e-01 -4.467274e-01 -5.707320e-01 0.000000e+00 1
-9.512395e+12 -5.420088e+12 1.070682e+13 5.465550e-01 -2.631630e-01 7.949987e-01 0.000000e+00 1
9.916525e+12 -1.708716e+12 1.277949e+13 -1.506191e-03 4.667931e-01 -8.843653e-01 0.000000e+00 1
1.284962e+13 1.065354e+13 -9.063751e+11 -9.038323e-01 -4.140751e-01 1.078381e-01 0.000000e+00 1
-8.533676e+12 5.769438e+12 1.326552e+13 4.975080e-02 -2.498355e-01 -9.670093e-01 0.000000e+00 1
-9.500651e+12 -9.208612e+12 4.621782e+12 3.957783e-02 9.943617e-01 -9.837876e-02 0.000000e+00 1
5.602861e+12 -2.860652e+12 -6.968011e+12 -4.613086e-02 4.259147e-01 9.035865e-01 0.000000e+00 1
-1.252670e+13 2.309133e+12 1.027148e+13 -2.735616e-01 -9.344735e-01 2.278670e-01 0.000000e+00 1
8.633132e+12 1.330221e+13 4.334306e+12 9.956530e-01 -8.321252e-02 4.184238e-02 0.000000e+00 1
-3.432026e+11 -3.559720e+12 1.326732e+13 -2.542804e-01 -9.251776e-01 -2.817587e-01 0.000000e+00 1
7.289641e+12 -1.773500e+12 1.275165e+13 5.517020e-01 -1.610046e-01 8.183535e-01 0.000000e+00 1
-1.307068e+13 5.859915e+12 -6.510460e+11 2.479737e-01 -5.311853e-01 8.101550e-01 0.000000e+00 1
-7.305968e+12 8.298566e+11 -8.954872e+12 9.426274e-01 2.747121e-01 -1.897019e-01 0.000000e+00 1
1.147639e+13 -3.777387e+12 4.332310e+12 1.955271e-01 -4.890482e-01 -8.500594e-01 0.000000e+00 1
6.680796e+12 2.307772e+12 -1.074423e+13 -4.773741e-01 3.487494e-01 -8.065283e-01 0.000000e+00 1
-4.314259e+12 -1.424435e+13 6.912570e+12 -4.988635e-01 -7.043000e-01 5.050711e-01 0.000000e+00 1
1.087798e+13 1.265480e+13 2.236362e+12 -4.054246e-01 8.507856e-01 -3.343572e-01 0.000000e+00 1
-8.616515e+12 -9.288239e+12 -2.094597e+12 7.382730e-01 -6.613266e-01 -1.326653e-01 0.000000e+00 1
1.236703e+13 -3.045693e+12 1.046116e+13 1.404333e-01 7.084227e-01 -6.916761e-01 0.000000e+00 1
-9.857949e+12 7.178671e+12 -3.657807e+12 -2.599810e-01 1.145398e-01 -9.587964e-01 0.000000e+00 1
4.225506e+12 1.311521e+13 4.302792e+10 3.356525e-01 6.417818e-01 6.895314e-01 0.000000e+00 1
2.746207e+12 -4.542598e+12 1.229448e+13 -3.608961e-01 8.465182e-01 -3.913578e-01 0.000000e+00 1
7.087344e+12 9.409264e+12 -1.087509e+12 -8.296661e-01 3.495349e-02 -5.571647e-01 0.000000e+00 1
1.301646e+13 -4.552723e+12 -3.340782e+12 -6.713215e-01 2.164264e-01 7.088632e-01 0.000000e+00 1
-8.779153e+12 -1.420867e+13 5.496244e+11 8.246761e-01 -1.742192e-01 5.381049e-01 0.000000e+00 1
6.798031e+12 -2.194592e+12 1.300698e+13 7.806987e-01 5.815445e-01 2.287259e-01 0.000000e+00 1
6.217387e+12 -1.399940e+13 -2.521964e+10 -3.043394e-01 6.994286e-01 6.466662e-01 0.000000e+00 1
2.173626e+12 -3.063046e+12 -9.197540e+12 -3.319770e-01 5.575942e-01 -7.608416e-01 0.000000e+00 1
1.387510e+13 -5.968105e+11 -3.358736e+10 6.134370e-01 6.250212e-03 -7.897189e-01 0.000000e+00 1
-8.934296e+12 9.715386e+12 -3.054527e+12 -7.430045e-01 -4.960597e-01 -4.492985e-01 0.000000e+00 1
-4.102887e+12 -1.102350e+13 -6.928897e+11 -6.311891e-01 -5.397665e-01 -5.570031e-01 0.000000e+00 1
8.522544e+12 -4.963587e+12 -6.016449e+12 -4.763626e-02 9.945626e-01 -9.260634e-02 0.000000e+00 1
-3.513207e+12 6.872825e+12 1.753611e+12 -7.864171e-01 -6.117324e-01 8.562503e-02 0.000000e+00 1
-3.500818e+12 -2.963310e+12 5.696649e+12 -1.974321e-01 9.428794e-01 2.683265e-01 0.000000e+00 1
1.185722e+12 1.964522e+12 3.071481e+10 -8.098477e-01 5.734578e-02 5.838306e-01 0.000000e+00 1
1.033095e+13 -9.136562e+12 -1.331916e+12 4.251752e-01 -8.211464e-01 -3.807159e-01 0.000000e+00 1
-1.394886e+13 -4.209497e+12 8.577788e+12 -6.667170e-01 -7.419735e-01 7.045335e-02 0.000000e+00 1
5.745959e+12 4.865971e+12 3.138066e+12 -8.543517e-01 -5.808536e-02 5.164391e-01 0.000000e+00 1
-1.752775e+12 1.511656e+13 6.097509e+12 2.395046e-01 -8.204192e-01 -5.191820e-01 0.000000e+00 1
1.534606e+13 4.764388e+12 3.875730e+11 2.921320e-01 1.292000e-01 9.476108e-01 0.000000e+00 1
5.564219e+12 1.385221e+13 -2.187818e+11 -1.548979e-01 -4.985440e-01 8.529130e-01 0.000000e+00 1
4.656987e+12 4.651301e+12 -4.880983e+12 -6.133493e-03 -6.744570e-02 9.977041e-01 0.000000e+00 1
1.010853e+12 1.555923e+13 4.477250e+12 -7.688080e-01 4.117105e-01 4.893146e-01 0.000000e+00 1
1.111030e+13 -5.606611e+12 5.544513e+12 -8.622489e-01 1.507968e-01 4.835155e-01 0.000000e+00 1
-1.200653e+13 2.806575e+12 4.586599e+12 -4.645757e-01 -7.776756e-01 4.235446e-01 0.000000e+00 1
-1.368502e+13 -1.529259e+12 7.936798e+12 9.004127e-01 4.343875e-01 2.375806e-02 0.000000e+00 1
-1.165425e+13 1.158848e+13 1.335434e+10 -8.396398e-01 9.362363e-02 5.350136e-01 0.000000e+00 1
-2.474827e+12 -9.710116e+12 6.432552e+12 -2.490246e-01 -7.538371e-01 6.080431e-01 0.000000e+00 1
3.080016e+12 -6.153184e+12 -9.061223e+12 7.097269e-02 -7.539342e-01 -6.531050e-01 0.000000e+00 1
-1.289165e+13 -8.542053e+12 -4.084571e+12 -9.623642e-01 -8.892410e-02 2.568028e-01 0.000000e+00 1
1.335132e+13 3.556677e+11 -9.482937e+12 -8.839132e-01 -3.288577e-01 3.324906e-01 0.000000e+00 1
3.320018e+12 1.628640e+12 1.255710e+13 -9.079789e-01 -3.625563e-01 -2.100649e-01 0.000000e+00 1
-1.514741e+13 2.424502e+12 -1.902743e+12 -4.813883e-01 -4.886983e-01 7.276258e-01 0.000000e+00 1
-2.613114e+12 -1.469353e+11 4.049796e+12 6.878205e-02 9.916415e-01 -1.091611e-01 0.000000e+00 1
4.350744e+12 -6.494737e+12 7.646123e+12 -9.395238e-01 1.947510e-01 2.817217e-01 0.000000e+00 1
-1.072253e+12 -9.190016e+12 -3.198192e+12 -9.992419e-01 3.470379e-02 1.764459e-02 0.000000e+00 1
9.276734e+12 2.403361e+12 1.211592e+13 1.665449e-01 9.423900e-01 -2.901103e-01 0.000000e+00 1
4.597516e+12 3.048105e+12 -8.003448e+12 7.591096e-01 5.070883e-02 6.489848e-01 0.000000e+00 1
4.678123e+12 -4.261303e+12 1.335799e+13 8.837528e-01 -4.454912e-01 -1.432432e-01 0.000000e+00 1
6.879239e+12 -2.481352e+12 -1.038573e+12 -2.639311e-01 -1.515325e-01 9.525640e-01 0.000000e+00 1
5.248807e+12 4.492083e+12 -9.848074e+12 2.445826e-01 -4.627093e-01 8.521029e-01 0.000000e+00 1
1.078816e+13 -5.776850e+12 9.525812e+12 4.084086e-01 -8.930672e-01 -1.887684e-01 0.000000e+00 1
4.254687e+12 5.781004e+12 2.121358e+12 6.933746e-01 4.849120e-01 5.330028e-01 0.000000e+00 1
5.227216e+12 -2.168703e+12 7.069342e+12 -9.222973e-01 2.369353e-01 3.053348e-01 0.000000e+00 1
-9.101443e+12 -5.964658e+12 -4.792885e+12 8.384600e-01 5.425612e-01 5.111002e-02 0.000000e+00 1
4.437491e+12 5.572973e+12 6.926813e+12 3.358035e-01 1.824950e-01 -9.240842e-01 0.000000e+00 1
-7.936144e+12 7.906611e+12 -2.781597e+12 -5.998923e-01 3.336538e-01 7.271893e-01 0.000000e+00 1
1.616995e+12 -1.165237e+13 8.657664e+11 -7.314466e-01 4.195818e-01 5.375286e-01 0.000000e+00 1
6.534529e+12 -7.196854e+11 -1.553340e+13 8.295395e-01 -4.773808e-01 -2.897788e-01 0.000000e+00 1
-1.997518e+11 1.393719e+13 -6.194860e+12 5.237747e-01 8.165618e-01 2.426661e-01 0.000000e+00 1
-2.119621e+12 1.214020e+13 -7.209737e+12 -6.678969e-01 7.437467e-01 2.746964e-02 0.000000e+00 1
-6.160166e+11 -1.135314e+13 6.141991e+12 -9.484251e-01 2.934431e-01 1.199207e-01 0.000000e+00 1
-2.301323e+12 1.241214e+13 -2.323831e+11 -1.652112e-01 -8.425133e-01 -5.127149e-01 0.000000e+00 1
-5.736432e+12 1.418672e+12 4.409464e+12 4.461076e-02 -3.752768e-01 -9.258387e-01 0.000000e+00 1
-1.056373e+12 1.346276e+13 3.959605e+12 -4.349058e-02 7.942386e-01 6.060476e-01 0.000000e+00 1
3.234102e+12 8.805877e+12 7.009269e+12 5.219357e-01 6.744659e-01 5.221866e-01 0.000000e+00 1
8.134374e+12 2.325560e+12 -1.217239e+12 -3.189785e-01 -7.155806e-01 -6.214477e-01 0.000000e+00 1
8.942480e+12 1.373214e+13 7.872207e+11 -9.239530e-02 9.957203e-01 2.055484e-03 0.000000e+00 1
3.939895e+12 -1.077427e+13 4.596575e+12 -6.697134e-02 -1.638498e-01 -9.842094e-01 0.000000e+00 1
-9.745735e+12 1.892349e+12 1.680996e+12 -7.791962e-01 5.972549e-01 1.901049e-01 0.000000e+00 1
5.835101e+12 2.578354e+12 1.066295e+13 -8.097065e-01 -5.529667e-01 -1.964772e-01 0.000000e+00 1
1.366697e+12 -4.953720e+11 1.166818e+13 -7.309330e-02 9.832475e-01 1.669781e-01 0.000000e+00 1
-2.814053e+12 -4.204093e+12 -5.885738e+12 1.428609e-01 2.431138e-01 9.594199e-01 0.000000e+00 1
1.407588e+13 -7.096083e+12 4.956177e+12 -6.819040e-01 6.550998e-01 3.253477e-01 0.000000e+00 1
2.414565e+12 -1.057200e+13 -3.151655e+12 3.450806e-02 -8.020298e-01 -5.962864e-01 0.000000e+00 1
5.323263e+12 5.995293e+11 1.096289e+13 2.477146e-01 9.555908e-01 1.596363e-01 0.000000e+00 1
-9.906136e+12 1.290796e+13 5.406888e+11 5.541818e-01 -7.613089e-01 3.365876e-01 0.000000e+00 1
7.519827e+12 1.031932e+13 -1.389137e+12 -9.497081e-01 -2.147012e-04 3.131366e-01 0.000000e+00 1
-2.244061e+12 5.797337e+12 1.296674e+13 8.273421e-01 5.616870e-01 -3.561929e-03 0.000000e+00 1
1.205847e+13 -2.749177e+12 4.478036e+12 -2.923963e-01 9.556280e-01 -3.577073e-02 0.000000e+00 1
-5.563165e+12 -1.326852e+13 -1.641080e+12 -1.198684e-02 -2.431632e-01 9.699113e-01 0.000000e+00 1
8.110223e+12 4.201168e+12 6.374072e+12 -9.683007e-03 -9.147144e-01 -4.039850e-01 0.000000e+00 1
-6.072230e+12 -1.512623e+13 3.993875e+12 7.575530e-01 4.484602e-02 -6.512314e-01 0.000000e+00 1
-1.666452e+13 1.155854e+12 -5.186282e+11 5.754920e-01 3.598799e-01 7.343674e-01 0.000000e+00 1
7.036580e+12 -5.880590e+12 5.225864e+12 -9.320218e-01 -3.192555e-01 -1.714972e-01 0.000000e+00 1
5.893466e+12 -1.175650e+13 2.093206e+12 3.034945e-01 -9.307350e-01 2.040182e-01 0.000000e+00 1
-5.435122e+11 4.044825e+12 -4.276046e+12 -7.298597e-01 6.532565e-01 -2.013968e-01 0.000000e+00 1
-1.433179e+13 1.704205e+12 1.770361e+12 -2.827730e-01 -7.583918e-01 -5.872660e-01 0.000000e+00 1
-1.484802e+13 -1.428596e+12 -2.771666e+12 -3.875635e-01 1.988598e-01 9.001385e-01 0.000000e+00 1
-1.571895e+12 1.433371e+13 1.803281e+12 7.971703e-01 4.367354e-01 4.168714e-01 0.000000e+00 1
-9.018132e+12 -1.110298e+13 -2.954100e+12 -8.981608e-01 -4.369241e-01 4.903499e-02 0.000000e+00 1
-2.718835e+12 -5.365004e+12 1.048735e+12 1.354725e-01 -4.713500e-01 8.714794e-01 0.000000e+00 1
2.309345e+12 9.192841e+12 -5.608448e+12 1.259353e-01 9.213036e-01 3.678859e-01 0.000000e+00 1
-9.699092e+12 4.895747e+11 4.945468e+12 -7.239849e-01 5.105046e-01 -4.639298e-01 0.000000e+00 1
-4.580610e+12 -2.296338e+12 9.484545e+12 4.147132e-01 4.221984e-01 8.060778e-01 0.000000e+00 1
-6.405798e+12 -9.026543e+12 1.472116e+12 -5.314041e-01 4.962955e-01 6.865133e-01 0.000000e+00 1
-7.392800e+12 -1.055845e+12 -1.431269e+12 6.887279e-01 -6.996693e-01 1.900440e-01 0.000000e+00 1
5.294418e+12 4.387366e+12 -1.231530e+13 -3.051967e-01 6.346965e-01 -7.099404e-01 0.000000e+00 1
-2.325193e+12 6.975600e+12 -2.428553e+12 3.995597e-01 7.763632e-01 -4.874549e-01 0.000000e+00 1
-1.169838e+13 -6.925604e+12 -4.979148e+11 4.152606e-01 5.725004e-01 -7.069667e-01 0.000000e+00 1
9.678688e+12 -7.467840e+12 -4.672360e+12 2.389683e-03 -1.783918e-01 -9.839566e-01 0.000000e+00 1
1.028483e+12 -8.007168e+12 2.523547e+12 -8.317770e-01 -5.284979e-01 -1.698145e-01 0.000000e+00 1
-4.151761e+12 -8.134354e+12 9.910090e+12 -4.906720e-01 8.131636e-01 -3.130589e-01 0.000000e+00 1
1.505911e+13 -1.009022e+12 4.695040e+12 6.377572e-01 -7.286554e-01 2.496537e-01 0.000000e+00 1
9.235568e+12 7.890531e+12 -8.618188e+12 -4.839348e-01 6.627199e-01 -5.714975e-01 0.000000e+00 1
-1.058243e+13 8.047613e+12 -6.466131e+12 9.180989e-01 3.802204e-01 1.119232e-01 0.000000e+00 1
-5.510312e+12 -7.768261e+12 -8.161190e+11 9.488190e-01 -1.985396e-01 2.456105e-01 0.000000e+00 1
1.060133e+13 -1.898191e+12 2.401060e+12 -3.760967e-01 -5.196023e-01 -7.671797e-01 0.000000e+00 1
-4.332477e+12 4.182539e+12 -1.495788e+13 6.048230e-01 -6.440005e-01 -4.684576e-01 0.000000e+00 1
2.827367e+12 1.295030e+13 8.582188e+11 3.989169e-01 -4.757893e-01 7.838940e-01 0.000000e+00 1
-7.127008e+12 -3.602057e+11 1.433377e+13 2.857872e-01 -8.110901e-01 -5.103513e-01 0.000000e+00 1
6.170414e+10 -4.922312e+11 -1.012847e+13 -6.949461e-03 2.647205e-01 9.643001e-01 0.000000e+00 1
6.182568e+12 -4.542609e+12 1.318283e+12 6.737394e-01 -2.118297e-01 -7.079572e-01 0.000000e+00 1
1.290354e+13 9.886598e+12 4.970886e+11 1.351595e-01 -1.413832e-01 9.806848e-01 0.000000e+00 1
8.977595e+11 -1.856754e+12 -9.238526e+12 2.154275e-01 -7.517533e-01 -6.232640e-01 0.000000e+00 1
7.444398e+12 1.118609e+13 -4.719267e+12 -4.189646e-01 -7.737877e-01 -4.751013e-01 0.000000e+00 1
-7.118783e+12 -1.245489e+13 -5.412239e+12 7.588740e-01 -4.802520e-02 6.494643e-01 0.000000e+00 1
4.009046e+12 3.067571e+12 -5.328707e+12 -9.734816e-01 -7.435139e-02 2.163455e-01 0.000000e+00 1
-6.272721e+12 -9.820744e+12 8.137074e+12 7.978622e-01 4.146345e-01 -4.376004e-01 0.000000e+00 1
3.555693e+12 3.342156e+12 -7.334814e+12 9.588912e-01 -1.368350e-01 -2.486039e-01 0.000000e+00 1
7.886521e+12 -3.664201e+12 -5.310368e+12 2.343487e-01 -5.895878e-01 7.729598e-01 0.000000e+00 1
-1.124978e+12 1.184103e+13 1.079048e+13 -2.729757e-01 9.416039e-01 1.971452e-01 0.000000e+00 1
-3.438801e+12 2.717853e+12 -3.163104e+12 3.787139e-01 -6.374597e-01 -6.709851e-01 0.000000e+00 1
2.085577e+12 1.080378e+13 6.608417e+12 8.386983e-01 2.021533e-01 -5.056869e-01 0.000000e+00 1
-6.149149e+12 2.446545e+11 1.278693e+13 -1.831312e-01 -9.129861e-01 3.645811e-01 0.000000e+00 1
-7.457686e+12 5.751195e+12 7.100573e+12 -8.572473e-02 5.052898e-01 -8.586813e-01 0.000000e+00 1
6.218295e+12 -1.109303e+13 9.593772e+12 -3.550314e-01 -7.233698e-01 5.921898e-01 0.000000e+00 1
7.397112e+12 -1.306966e+13 -4.601202e+12 -7.277977e-01 3.124380e-01 -6.104858e-01 0.000000e+00 1
5.761377e+12 1.357252e+13 1.629611e+12 -1.753946e-01 -8.071774e-01 5.636500e-01 0.000000e+00 1
-1.620711e+13 -1.407621e+12 4.453412e+12 -2.313676e-01 9.325334e-01 2.772193e-01 0.000000e+00 1
7.324402e+11 4.310478e+12 -1.388366e+13 9.936483e-01 1.879029e-02 1.109500e-01 0.000000e+00 1
-3.703400e+12 -6.258420e+11 -7.197184e+12 -9.235875e-01 -2.292905e-01 -3.072653e-01 0.000000e+00 1
-2.450029e+12 -1.336335e+13 5.627224e+12 -8.531976e-02 -7.883921e-01 -6.092277e-01 0.000000e+00 1
1.936166e+12 4.545595e+12 -1.407011e+13 -3.453755e-02 -9.425196e-01 -3.323611e-01 0.000000e+00 1
2.467207e+12 8.276941e+12 1.123458e+12 6.952508e-02 9.678606e-01 -2.416861e-01 0.000000e+00 1
-5.168732e+12 2.139789e+12 -6.937796e+12 -7.857782e-01 1.277384e-01 -6.051740e-01 0.000000e+00 1
-1.474847e+13 2.019356e+12 -7.771752e+12 6.411555e-01 -7.671419e-01 2.032229e-02 0.000000e+00 1
9.764268e+12 5.045940e+12 -4.145746e+12 -8.443705e-02 -5.315495e-01 8.428081e-01 0.000000e+00 1
-1.286344e+12 -4.969467e+12 5.887181e+12 -5.794119e-01 3.612284e-01 -7.306134e-01 0.000000e+00 1
7.739640e+12 4.585310e+12 -1.257532e+13 -6.261829e-01 7.341430e-01 -2.625435e-01 0.000000e+00 1
5.015221e+12 2.284432e+12 -2.507267e+11 -4.216540e-01 -7.667499e-01 4.840480e-01 0.000000e+00 1
3.575303e+12 -6.189442e+12 9.663139e+12 3.799305e-01 -5.766263e-01 7.232945e-01 0.000000e+00 1
-1.484905e+13 1.424838e+12 7.791835e+12 -9.165564e-01 3.206064e-01 2.390312e-01 0.000000e+00 1
-8.083031e+11 -3.632702e+12 -6.445946e+12 -4.337076e-01 8.901910e-01 -1.394909e-01 0.000000e+00 1
1.615322e+12 -1.585780e+13 8.885281e+11 -5.964273e-01 -6.374818e-01 4.877412e-01 0.000000e+00 1
2.661290e+12 -5.587895e+11 -1.344748e+13 4.720346e-01 -2.586644e-01 8.427787e-01 0.000000e+00 1
-1.023850e+13 -1.074051e+13 -4.898536e+12 6.262053e-01 -6.675787e-01 -4.027476e-01 0.000000e+00 1
-2.907953e+12 -3.997125e+12 1.737565e+12 2.940059e-01 9.444508e-01 -1.468784e-01 0.000000e+00 1
-5.729101e+12 -6.212789e+12 -1.223677e+13 5.141398e-01 -2.826163e-01 8.098075e-01 0.000000e+00 1
5.287971e+12 -1.321834e+13 -5.945791e+12 -7.534662e-01 6.516272e-01 8.758219e-02 0.000000e+00 1
1.656279e+13 -1.978613e+12 -2.623525e+12 -1.438651e-01 9.690731e-01 -2.004999e-01 0.000000e+00 1
6.206415e+12 -6.089963e+12 -1.092268e+13 -2.683291e-01 -2.415685e-01 9.325471e-01 0.000000e+00 1
1.639153e+13 2.521382e+12 3.256407e+12 3.866859e-01 2.572005e-01 8.856195e-01 0.000000e+00 1
-6.115947e+12 -1.366975e+13 -5.569498e+12 5.929366e-01 4.803794e-01 6.462676e-01 0.000000e+00 1
1.670759e+12 1.132455e+13 5.422892e+12 3.983925e-01 -4.225570e-01 -8.140817e-01 0.000000e+00 1
8.675584e+11 1.768566e+12 -1.643225e+11 4.996563e-01 6.458283e-01 5.772776e-01 0.000000e+00 1
-7.375709e+12 7.210055e+12 -3.114128e+11 -4.930300e-01 -4.255912e-01 -7.588106e-01 0.000000e+00 1
5.880731e+12 2.535888e+12 -8.708955e+11 -7.692184e-01 -4.340409e-01 4.689474e-01 0.000000e+00 1
-1.134603e+12 -6.352629e+12 -7.952558e+10 2.976848e-01 -8.605045e-01 4.134197e-01 0.000000e+00 1
1.362257e+13 -8.430674e+12 3.585199e+12 -6.513808e-01 7.016315e-01 -2.888189e-01 0.000000e+00 1
-9.599048e+12 -1.160839e+13 -9.608805e+11 5.128691e-01 -5.493912e-01 -6.596473e-01 0.000000e+00 1
-1.567663e+13 -1.656790e+12 -3.997716e+12 2.436775e-01 9.135669e-01 3.256023e-01 0.000000e+00 1
-5.388994e+12 1.415186e+13 3.555535e+12 -1.563963e-01 9.670531e-01 2.008694e-01 0.000000e+00 1
-7.045093e+12 8.980710e+12 -8.846016e+12 4.228040e-01 8.788697e-01 -2.209634e-01 0.000000e+00 1
3.961700e+12 -2.589516e+12 6.338914e+12 -7.712697e-01 -5.862727e-01 2.478456e-01 0.000000e+00 1
8.904091e+12 4.177672e+12 1.708300e+11 -8.181829e-01 4.294221e-01 3.823263e-01 0.000000e+00 1
9.902372e+12 -6.327254e+12 5.918812e+12 -4.018635e-01 -8.438382e-01 -3.555879e-01 0.000000e+00 1
2.289156e+11 1.499659e+13 2.815956e+12 1.781377e-01 -2.555750e-01 9.502360e-01 0.000000e+00 1
1.225189e+13 5.353752e+12 -1.412801e+12 1.898744e-01 -6.419371e-01 -7.428758e-01 0.000000e+00 1
-9.060688e+12 8.302567e+12 -5.146917e+12 9.242692e-01 3.791680e-01 -4.425122e-02 0.000000e+00 1
1.377632e+13 2.343286e+12 6.967372e+12 -5.912856e-01 -3.527671e-01 -7.252149e-01 0.000000e+00 1
-7.205605e+12 -5.991371e+12 8.040361e+12 -8.145322e-01 2.082793e-01 -5.414397e-01 0.000000e+00 1
-5.755560e+12 -3.394379e+12 -7.821836e+12 -1.615450e-01 6.470416e-01 7.451446e-01 0.000000e+00 1
9.851960e+11 -5.616954e+11 -1.040820e+13 8.239465e-01 1.716183e-01 5.400549e-01 0.000000e+00 1
2.219075e+12 6.154850e+12 -5.817201e+12 -6.436293e-02 -9.195347e-01 -3.877028e-01 0.000000e+00 1
-6.904424e+11 1.552277e+13 -2.223319e+12 7.112847e-01 -4.133268e-01 5.685377e-01 0.000000e+00 1
7.044833e+12 1.116168e+13 -4.370755e+12 8.972773e-01 -2.976935e-01 3.259938e-01 0.000000e+00 1
-1.918522e+12 5.989518e+12 -2.001932e+12 -3.507306e-01 -8.541653e-01 3.839136e-01 0.000000e+00 1
-1.009165e+13 -6.939797e+12 4.375184e+12 -9.970541e-01 7.536573e-02 1.424896e-02 0.000000e+00 1
2.764519e+12 7.781996e+12 -1.393059e+13 -2.366112e-01 -7.962372e-02 -9.683363e-01 0.000000e+00 1
1.176411e+13 4.153787e+12 7.863826e+12 -3.981012e-01 8.044522e-01 4.408765e-01 0.000000e+00 1
-2.500662e+12 -6.609717e+12 -2.756927e+12 5.267361e-01 -5.449874e-01 6.523326e-01 0.000000e+00 1
-1.182913e+13 -8.993200e+12 7.450645e+12 4.143202e-01 7.550590e-01 -5.081582e-01 0.000000e+00 1
8.440753e+12 -4.447949e+12 4.612767e+12 1.549108e-01 -6.109103e-01 -7.763963e-01 0.000000e+00 1
1.067759e+13 6.686246e+12 7.518751e+12 5.083080e-01 -8.601921e-01 -4.114107e-02 0.000000e+00 1
3.400414e+12 -7.591716e+10 -1.173555e+12 -5.173022e-01 6.665101e-01 -5.368079e-01 0.000000e+00 1
1.097944e+13 -1.143799e+13 -3.774363e+12 2.865629e-01 8.923590e-01 3.486792e-01 0.000000e+00 1
-1.114057e+12 -7.587881e+12 -1.191425e+13 3.500128e-01 -6.889734e-01 6.346705e-01 0.000000e+00 1
5.861823e+11 1.958481e+12 9.030443e+12 9.017566e-01 4.322410e-01 1.676045e-03 0.000000e+00 1
-9.584820e+12 5.611621e+12 -1.098793e+13 2.217870e-01 8.063208e-01 -5.483222e-01 0.000000e+00 1
6.213389e+12 -1.000589e+13 -1.097056e+13 -1.732159e-01 9.198943e-01 3.518391e-01 0.000000e+00 1
-1.513008e+13 1.441585e+12 3.803105e+12 9.282584e-01 -3.160567e-01 1.960727e-01 0.000000e+00 1
-2.707627e+12 -7.431855e+12 5.974476e+12 -9.819039e-01 1.808037e-01 -5.634566e-02 0.000000e+00 1
7.671365e+12 -7.743732e+12 -1.271482e+13 -3.661723e-02 7.365400e-01 -6.754021e-01 0.000000e+00 1
5.712614e+12 -1.489824e+13 2.168349e+12 -2.483983e-01 -4.722643e-01 8.457332e-01 0.000000e+00 1
2.596923e+12 -3.021313e+12 -1.044504e+10 -5.111453e-01 -3.388570e-01 -7.898774e-01 0.000000e+00 1
-4.548349e+12 -1.413533e+13 5.772455e+12 5.416800e-01 -8.125855e-01 -2.151455e-01 0.000000e+00 1
6.398658e+12 3.605250e+12 -2.128214e+12 6.501696e-01 -8.341402e-02 -7.551964e-01 0.000000e+00 1
1.314814e+13 1.028376e+12 4.880783e+12 -2.843310e-01 -5.430620e-01 -7.900883e-01 0.000000e+00 1
6.832418e+12 -1.183923e+13 9.945989e+12 -2.142255e-01 6.118498e-01 -7.614114e-01 0.000000e+00 1
-4.356152e+12 -1.067499e+13 -1.083340e+13 8.348815e-01 1.552013e-01 -5.280961e-01 0.000000e+00 1
9.277458e+12 -1.369432e+13 -2.177433e+12 3.205720e-01 1.066698e-01 -9.411988e-01 0.000000e+00 1
-6.024398e+12 -1.149902e+13 -4.842768e+12 2.103440e-01 -9.559962e-01 2.045157e-01 0.000000e+00 1
1.514957e+13 -9.925896e+11 -7.186448e+12 3.520945e-01 9.005838e-01 2.549084e-01 0.000000e+00 1
-1.065939e+13 5.628766e+12 7.248680e+12 4.226507e-01 -5.458738e-01 -7.234558e-01 0.000000e+00 1
5.431605e+12 -1.072594e+13 3.079574e+12 5.814329e-01 3.932477e-01 7.122444e-01 0.000000e+00 1
-4.038593e+11 -9.451847e+12 2.960370e+12 4.794865e-01 6.386364e-01 6.018607e-01 0.000000e+00 1
-1.802917e+12 4.104576e+09 3.525169e+12 -5.400085e-01 8.168838e-01 2.027107e-01 0.000000e+00 1
-2.279584e+12 1.530952e+12 1.578494e+13 -9.246319e-01 1.470973e-01 -3.513093e-01 0.000000e+00 1
6.398741e+12 1.261245e+13 1.756212e+10 8.702203e-01 -7.769566e-02 4.864978e-01 0.000000e+00 1
-2.468726e+12 8.815764e+12 -1.174230e+13 -2.385760e-01 9.475453e-01 -2.126954e-01 0.000000e+00 1
-2.972307e+12 5.164113e+12 7.574535e+12 -4.685505e-01 -4.076805e-01 -7.837455e-01 0.000000e+00 1
-6.719106e+12 8.436169e+12 -9.339415e+12 -6.665652e-02 -8.250458e-01 -5.611205e-01 0.000000e+00 1
-6.889065e+12 9.941264e+12 1.146293e+13 4.589328e-01 -8.788968e-01 -1.300811e-01 0.000000e+00 1
5.490349e+12 6.194628e+12 3.786650e+12 8.237754e-01 -4.206181e-01 -3.800982e-01 0.000000e+00 1
-1.871291e+12 1.342082e+13 6.930793e+12 1.785135e-01 9.697196e-01 -1.666638e-01 0.000000e+00 1
1.047415e+12 -2.735776e+12 4.208857e+12 -6.609957e-01 7.473719e-01 -6.723003e-02 0.000000e+00 1
2.472145e+12 8.482088e+12 5.632354e+12 7.950847e-01 2.388276e-01 5.574959e-01 0.000000e+00 1
-6.451422e+12 3.759373e+12 3.037524e+12 -1.498444e-01 8.174143e-01 -5.562198e-01 0.000000e+00 1
-8.159954e+12 -8.988454e+12 5.345356e+11 -4.685498e-01 -2.273011e-01 -8.536951e-01 0.000000e+00 1
-7.893068e+12 1.013623e+13 9.515093e+12 7.852702e-01 -4.075922e-01 4.660679e-01 0.000000e+00 1
-1.160515e+13 1.505927e+12 -1.121143e+12 -3.363968e-01 6.425769e-01 6.884273e-01 0.000000e+00 1
-5.929856e+12 -9.048776e+12 7.508532e+12 5.304841e-01 -1.315954e-01 8.374182e-01 0.000000e+00 1
4.842584e+12 -1.606387e+12 1.053301e+13 -2.955966e-01 7.910306e-01 5.356241e-01 0.000000e+00 1
1.262438e+13 -4.532582e+12 4.481123e+12 3.760158e-01 -3.792537e-02 9.258368e-01 0.000000e+00 1
-7.437077e+09 1.250141e+12 6.635775e+12 3.270213e-01 -9.148264e-01 -2.369592e-01 0.000000e+00 1
1.377105e+12 -6.046858e+12 8.062184e+12 -6.178067e-01 7.045365e-01 3.492036e-01 0.000000e+00 1
-1.185206e+13 -2.801387e+12 -1.435676e+12 -6.750085e-02 -7.381932e-01 6.712037e-01 0.000000e+00 1
2.638217e+12 -5.291168e+12 2.514574e+11 1.885897e-02 -9.905388e-01 1.359307e-01 0.000000e+00 1
-1.205549e+13 4.780066e+12 -3.406348e+12 -9.883450e-01 -1.518778e-01 1.035443e-02 0.000000e+00 1
-5.837610e+12 1.103140e+13 -6.266400e+12 4.963690e-01 -2.171293e-01 8.405193e-01 0.000000e+00 1
7.325685e+12 2.690623e+12 -3.949481e+11 -7.022572e-02 6.351058e-01 -7.692262e-01 0.000000e+00 1
-2.342430e+12 -9.241449e+12 3.408816e+12 6.766395e-02 -4.617598e-01 -8.844204e-01 0.000000e+00 1
8.580360e+12 1.579242e+12 2.624563e+12 -6.986106e-01 6.527882e-01 2.929347e-01 0.000000e+00 1
1.650464e+11 6.763307e+12 -1.369864e+13 -5.496415e-01 3.055286e-01 7.775259e-01 0.000000e+00 1
-9.796400e+12 -1.542728e+12 -1.331209e+13 -8.662504e-01 9.697894e-02 4.901075e-01 0.000000e+00 1
9.554027e+12 -9.601376e+12 2.433671e+12 -3.338331e-01 -5.206326e-01 -7.858098e-01 0.000000e+00 1
-1.414663e+13 -1.283959e+12 -5.196247e+12 2.619007e-01 -9.543310e-01 -1.437373e-01 0.000000e+00 1
-9.232023e+12 1.028478e+13 8.200502e+12 -2.317865e-01 3.533428e-01 -9.063244e-01 0.000000e+00 1
1.474617e+12 8.389330e+12 9.218811e+12 -4.091081e-01 7.945578e-01 -4.486741e-01 0.000000e+00 1
-1.242581e+13 -9.340725e+12 2.211995e+11 3.347529e-01 1.850940e-01 -9.239484e-01 0.000000e+00 1
-9.701850e+12 9.062619e+12 6.801405e+12 -3.333251e-01 -6.193930e-01 -7.108070e-01 0.000000e+00 1
-2.486217e+12 3.750326e+12 -9.389891e+12 8.419419e-01 2.391543e-01 4.836725e-01 0.000000e+00 1
-1.291848e+12 1.496513e+12 -6.167818e+12 8.467633e-02 -5.755093e-01 -8.133996e-01 0.000000e+00 1
-1.574743e+12 -3.038549e+12 -4.242006e+12 2.707583e-03 -6.893100e-01 -7.244615e-01 0.000000e+00 1
9.635176e+12 3.894976e+12 -7.872699e+12 -7.921304e-01 4.390932e-01 -4.239418e-01 0.000000e+00 1
-7.178031e+12 -6.329837e+12 1.105503e+13 -3.274866e-01 4.420070e-01 -8.350942e-01 0.000000e+00 1
-1.413679e+13 -2.160832e+10 3.135302e+12 -8.401678e-01 -3.701324e-01 -3.963838e-01 0.000000e+00 1
-1.238062e+13 3.642186e+12 -3.204797e+12 -2.778746e-01 -7.753759e-01 -5.670785e-01 0.000000e+00 1
-6.710232e+12 -3.614905e+12 -3.041545e+12 -1.483321e-01 -7.150357e-01 6.831702e-01 0.000000e+00 1
1.052944e+13 -3.908609e+12 -1.330248e+12 5.683702e-01 4.648163e-01 -6.788970e-01 0.000000e+00 1
-1.199202e+13 1.254370e+12 -2.681210e+12 6.312029e-01 3.106586e-01 7.106856e-01 0.000000e+00 1
6.454009e+12 -1.246769e+13 -1.894360e+12 -6.112188e-01 -4.602136e-01 6.439061e-01 0.000000e+00 1
1.663512e+12 -4.844686e+12 -9.819973e+12 -6.998808e-01 5.775886e-01 -4.201883e-01 0.000000e+00 1
-1.122921e+13 2.924896e+11 -2.139331e+12 -5.620563e-01 -7.418252e-01 3.657706e-01 0.000000e+00 1
-1.673843e+12 3.052503e+12 -3.482786e+12 -8.348104e-02 6.721995e-01 7.356486e-01 0.000000e+00 1
-4.849208e+12 -3.397894e+12 -5.297222e+12 -4.486740e-01 -8.593860e-01 -2.452495e-01 0.000000e+00 1
2.918853e+12 6.640958e+12 8.447265e+12 -1.380089e-01 -5.129145e-01 -8.472734e-01 0.000000e+00 1
-4.203954e+12 5.459132e+12 8.609966e+12 4.005730e-01 9.162237e-01 8.677896e-03 0.000000e+00 1
-6.840966e+12 -6.103181e+12 -1.042895e+13 9.135947e-01 3.766849e-01 1.531442e-01 0.000000e+00 1
-7.466363e+12 8.973010e+12 -1.176356e+13 1.342233e-01 6.714229e-02 9.886739e-01 0.000000e+00 1
5.895902e+12 4.351256e+12 6.850992e+09 7.018105e-01 -5.922316e-01 3.958836e-01 0.000000e+00 1
6.089193e+12 -4.767813e+12 1.903821e+12 8.397990e-01 6.814529e-02 5.386036e-01 0.000000e+00 1
-9.695802e+12 9.909419e+12 -4.624618e+12 3.180990e-01 6.603106e-01 -6.802963e-01 0.000000e+00 1
9.997243e+12 1.156496e+13 -5.474190e+12 2.840426e-01 -4.761544e-01 -8.322240e-01 0.000000e+00 1
1.045293e+13 -2.372484e+12 -2.646342e+12 7.958326e-02 9.330674e-01 -3.507872e-01 0.000000e+00 1
1.247071e+13 -2.050096e+11 -4.615275e+12 6.633663e-01 -3.877867e-01 -6.399740e-01 0.000000e+00 1
8.258902e+12 1.274842e+12 -1.592288e+12 7.178825e-01 6.952614e-01 3.544416e-02 0.000000e+00 1
1.099200e+13 1.035642e+12 -1.165916e+13 -2.960766e-01 8.920528e-01 -3.414387e-01 0.000000e+00 1
6.433822e+12 1.178063e+13 2.348267e+12 -7.714422e-02 8.825468e-01 -4.638533e-01 0.000000e+00 1
8.647463e+12 1.408037e+13 2.816873e+12 -4.500232e-01 4.034700e-01 7.966750e-01 0.000000e+00 1
-1.002001e+13 -3.904660e+12 -5.159304e+12 -9.787732e-01 3.867550e-02 2.012643e-01 0.000000e+00 1
8.913008e+12 5.361178e+12 -9.446952e+12 -1.150471e-01 -1.484516e-01 -9.822048e-01 0.000000e+00 1
-7.682187e+12 -7.485742e+12 1.239132e+13 -5.457072e-01 -1.277815e-01 8.281761e-01 0.000000e+00 1
1.842550e+12 -8.874400e+12 -1.008171e+13 6.110069e-01 -7.258429e-01 3.159473e-01 0.000000e+00 1
-8.574554e+11 1.166521e+13 -3.036992e+12 9.628247e-01 -1.607267e-01 2.171071e-01 0.000000e+00 1
1.248899e+13 -6.364885e+12 4.081921e+12 9.254981e-01 -2.774302e-01 -2.578483e-01 0.000000e+00 1
-2.232893e+12 -1.298090e+13 1.377301e+12 -9.627505e-01 -2.696235e-01 -2.036456e-02 0.000000e+00 1
1.955220e+12 4.101854e+12 -1.104348e+13 -1.365992e-01 -7.527706e-01 6.439543e-01 0.000000e+00 1
4.170213e+12 -5.295803e+12 9.905324e+12 -4.639169e-01 8.838076e-01 -6.054114e-02 0.000000e+00 1
1.326859e+13 7.702577e+12 -6.213247e+12 8.918083e-01 3.387191e-01 2.999121e-01 0.000000e+00 1
-3.559341e+12 2.266451e+12 -1.514641e+13 4.604124e-02 2.500935e-01 9.671264e-01 0.000000e+00 1
-8.013117e+12 -9.529901e+12 1.136182e+13 2.529952e-01 -5.194935e-01 -8.161617e-01 0.000000e+00 1
-5.421223e+12 -5.616133e+12 5.102438e+12 8.866636e-01 -1.546292e-01 4.357952e-01 0.000000e+00 1
1.711770e+12 -6.332409e+12 1.370245e+13 3.456241e-01 7.337461e-01 5.849451e-01 0.000000e+00 1
1.386632e+13 -5.459838e+11 6.936550e+12 1.080926e-01 -1.690051e-01 -9.796700e-01 0.000000e+00 1
-1.100573e+12 9.082447e+12 -2.447843e+12 8.482645e-01 -2.338921e-01 -4.751229e-01 0.000000e+00 1
1.187762e+13 -7.068046e+12 8.666829e+12 5.409263e-01 7.248675e-01 4.265746e-01 0.000000e+00 1
-3.628482e+12 -3.767590e+11 8.005407e+11 -5.896381e-01 -5.793429e-01 5.627510e-01 0.000000e+00 1
4.333378e+12 -1.069850e+13 -1.036019e+13 -2.075173e-01 6.179050e-01 7.583733e-01 0.000000e+00 1
-1.022109e+13 8.094453e+12 -9.368229e+12 6.350315e-02 5.211334e-01 8.511095e-01 0.000000e+00 1
-2.321283e+11 1.022290e+13 -5.178921e+12 -2.868592e-01 7.863896e-01 -5.470861e-01 0.000000e+00 1
1.047544e+13 7.382015e+12 1.046802e+13 1.204078e-01 -7.816633e-01 -6.119677e-01 0.000000e+00 1
1.023796e+13 -1.031055e+13 -2.306237e+12 -6.280615e-01 6.085205e-01 4.850170e-01 0.000000e+00 1
5.250043e+10 -4.901932e+12 -1.492521e+12 -2.711870e-03 -7.592459e-01 -6.507982e-01 0.000000e+00 1
-1.168037e+13 2.193769e+12 2.797934e+12 5.048580e-01 8.384817e-01 2.051019e-01 0.000000e+00 1
4.914096e+10 -1.178150e+13 -2.188718e+12 2.388943e-01 -7.101208e-01 -6.623125e-01 0.000000e+00 1
1.438573e+12 -9.438325e+12 4.568108e+12 -4.304113e-01 8.239281e-02 8.988646e-01 0.000000e+00 1
6.129829e+11 -1.150530e+12 4.532557e+12 4.571479e-01 8.588334e-01 2.311296e-01 0.000000e+00 1
-1.359146e+13 4.292441e+11 -8.200260e+12 4.368847e-01 1.760966e-01 -8.821121e-01 0.000000e+00 1
-1.403773e+13 6.983714e+12 5.727694e+11 3.091703e-01 5.481785e-01 7.771191e-01 0.000000e+00 1
-1.207338e+13 -4.089839e+12 3.311897e+12 -2.790114e-01 -8.632090e-01 4.207409e-01 0.000000e+00 1
-1.304981e+13 -9.575441e+12 -2.262394e+12 3.818916e-01 6.521702e-01 6.548533e-01 0.000000e+00 1
-7.006444e+12 -3.886125e+12 -1.190572e+13 6.214740e-01 7.408647e-01 -2.547343e-01 0.000000e+00 1
-1.067657e+13 -9.402168e+12 -5.868379e+12 5.535486e-01 -7.386245e-01 -3.847308e-01 0.000000e+00 1
1.101033e+13 -2.506175e+12 -1.174415e+13 4.053654e-01 -7.319937e-01 -5.475986e-01 0.000000e+00 1
-3.860871e+12 -1.317876e+12 1.263471e+13 4.133086e-01 -3.526228e-01 8.395434e-01 0.000000e+00 1
1.081861e+13 6.108673e+12 2.212903e+12 1.223893e-01 -8.746449e-01 4.690599e-01 0.000000e+00 1
5.152815e+12 7.631226e+12 9.463642e+12 -1.284415e-02 -8.985957e-01 -4.385895e-01 0.000000e+00 1
2.109097e+12 -1.187965e+13 8.491799e+12 -6.887467e-01 6.862055e-01 2.339873e-01 0.000000e+00 1
1.280061e+13 2.697025e+12 8.167663e+12 3.322153e-01 -8.320053e-01 4.442975e-01 0.000000e+00 1
-7.876370e+11 -5.743606e+12 3.058018e+12 -8.322830e-01 -1.745099e-02 -5.540762e-01 0.000000e+00 1
9.090834e+12 2.249433e+12 3.012481e+12 7.230509e-02 -4.776439e-01 -8.755731e-01 0.000000e+00 1
-1.400398e+13 -2.418075e+12 6.318532e+12 2.412304e-01 8.293280e-01 5.040068e-01 0.000000e+00 1
1.050300e+13 1.219863e+13 4.002341e+12 6.524354e-01 -7.244472e-01 -2.224955e-01 0.000000e+00 1
9.099280e+12 4.086896e+12 -1.084924e+13 -4.200847e-01 -8.861750e-01 -1.955062e-01 0.000000e+00 1
9.596611e+12 1.311653e+12 -7.576905e+12 -9.053428e-01 6.314013e-02 4.199617e-01 0.000000e+00 1
5.539765e+12 2.928253e+12 2.467711e+12 -2.103896e-01 -5.538425e-01 -8.056021e-01 0.000000e+00 1
2.113732e+12 -1.240382e+13 7.018993e+12 7.880259e-01 4.989271e-01 -3.606757e-01 0.000000e+00 1
-3.819819e+12 -7.443494e+12 -6.910697e+12 -6.662945e-01 -5.781278e-01 -4.709776e-01 0.000000e+00 1
1.500912e+13 1.579873e+12 4.364677e+12 3.536295e-01 -8.361773e-01 -4.192300e-01 0.000000e+00 1
5.197730e+12 1.558764e+13 -2.108217e+12 6.668821e-01 -7.122132e-01 2.191361e-01 0.000000e+00 1
2.790589e+12 3.827952e+12 9.838630e+12 7.429711e-01 -5.475043e-01 3.850104e-01 0.000000e+00 1
-4.045439e+12 9.763499e+12 -3.137210e+12 -4.361797e-01 6.956810e-01 -5.707673e-01 0.000000e+00 1
7.357262e+12 -2.932536e+12 -1.145909e+13 6.039327e-01 4.789726e-01 6.370640e-01 0.000000e+00 1
-2.926330e+12 -3.700039e+12 1.024209e+13 -5.613906e-01 8.157039e-01 -1.395269e-01 0.000000e+00 1
-3.243601e+12 -6.637413e+12 1.214279e+13 -3.475204e-01 -6.236061e-01 -7.002464e-01 0.000000e+00 1
9.467877e+12 -7.674660e+12 -9.558878e+12 -4.467286e-02 -8.179482e-01 5.735548e-01 0.000000e+00 1
6.578747e+12 -3.948179e+12 1.298351e+13 5.180754e-01 -7.797786e-03 -8.552994e-01 0.000000e+00 1
-7.459566e+12 -1.879415e+12 3.949265e+12 5.605941e-01 -4.511290e-01 -6.944184e-01 0.000000e+00 1
3.946886e+12 -3.003388e+12 3.683167e+12 -6.749971e-01 -7.154599e-01 1.802664e-01 0.000000e+00 1
-6.721642e+12 -1.219817e+13 8.573047e+12 -4.863150e-01 -8.511632e-01 1.975322e-01 0.000000e+00 1
1.211814e+13 -7.823604e+12 8.716512e+12 5.627201e-01 -3.476692e-01 -7.499814e-01 0.000000e+00 1
-6.700698e+12 -6.443785e+12 -7.832120e+12 -8.060528e-01 3.649489e-01 4.659304e-01 0.000000e+00 1
-6.598323e+12 7.041757e+12 4.082538e+11 -5.655259e-01 -6.612957e-01 -4.928169e-01 0.000000e+00 1
3.877939e+12 -1.144997e+13 1.027384e+13 6.056127e-02 -6.461119e-01 -7.608362e-01 0.000000e+00 1
-5.371746e+12 -9.757500e+12 7.472239e+12 -3.976936e-01 -2.476023e-01 8.834777e-01 0.000000e+00 1
-1.378353e+13 3.893974e+12 -6.179239e+12 6.995131e-01 -5.068091e-01 -5.038114e-01 0.000000e+00 1
9.765078e+12 6.579070e+12 -1.219075e+13 2.837410e-01 3.561769e-01 8.902972e-01 0.000000e+00 1
3.517517e+11 -8.098220e+12 1.277206e+13 -8.405217e-02 4.480224e-01 8.900624e-01 0.000000e+00 1
-8.399174e+12 8.185819e+12 -1.030761e+13 8.076389e-01 -4.492550e-01 -3.819545e-01 0.000000e+00 1
4.486976e+12 -5.173559e+12 7.439629e+12 8.791874e-01 4.580912e-01 -1.310799e-01 0.000000e+00 1
1.336707e+13 4.750643e+11 -9.363015e+12 6.812834e-01 6.304390e-01 3.720209e-01 0.000000e+00 1
-4.178047e+12 -3.775662e+12 -3.410034e+10 -7.987577e-02 5.026848e-01 8.607716e-01 0.000000e+00 1
9.722790e+12 8.537554e+12 -9.119218e+12 8.830965e-02 -9.711653e-01 2.214483e-01 0.000000e+00 1
-5.961033e+12 8.195321e+12 -9.565296e+12 -3.354400e-01 -8.101448e-01 4.807757e-01 0.000000e+00 1
1.046737e+13 8.896020e+11 9.549658e+12 -9.972344e-01 3.650592e-02 6.473650e-02 0.000000e+00 1
-2.188267e+12 7.380326e+12 9.850992e+12 -2.008243e-01 7.224483e-01 6.616178e-01 0.000000e+00 1
2.847159e+12 -1.859020e+12 1.423120e+13 -4.762660e-01 -6.054394e-01 -6.376628e-01 0.000000e+00 1
2.734623e+12 6.055169e+12 -2.088020e+12 -7.399815e-02 5.283184e-01 8.458155e-01 0.000000e+00 1
-9.592676e+12 1.563202e+12 4.549429e+12 7.643541e-02 3.993901e-02 9.962743e-01 0.000000e+00 1
1.621978e+13 -3.620160e+12 -1.279925e+12 5.787520e-01 -1.213295e-01 -8.064275e-01 0.000000e+00 1
4.415060e+12 9.216287e+12 -7.299448e+12 5.201312e-01 4.754104e-01 -7.095410e-01 0.000000e+00 1
-1.027379e+13 -3.741865e+12 -2.755127e+11 -6.021647e-01 -3.488104e-01 7.181428e-01 0.000000e+00 1
7.723998e+12 -1.046064e+13 6.026029e+11 3.345713e-01 5.259926e-01 -7.819168e-01 0.000000e+00 1
-7.697855e+12 -5.131202e+12 -6.789579e+12 -3.580761e-01 7.996558e-01 -4.820084e-01 0.000000e+00 1
-6.031555e+12 2.655992e+12 1.508403e+13 -9.615327e-01 2.698783e-01 5.119130e-02 0.000000e+00 1
1.156729e+13 1.731991e+12 3.763702e+12 6.769992e-01 -7.359769e-01 3.174632e-03 0.000000e+00 1
7.343556e+12 1.338135e+13 3.423599e+12 -6.738155e-01 -3.032574e-01 6.738009e-01 0.000000e+00 1
-5.867921e+12 1.785096e+12 2.310767e+12 -5.476908e-02 -7.373692e-01 6.732659e-01 0.000000e+00 1
6.908565e+12 7.349268e+11 -1.396333e+12 1.162927e-01 -9.445266e-01 -3.071571e-01 0.000000e+00 1
8.141136e+12 5.314917e+12 -1.382211e+13 7.759923e-01 -4.995534e-01 -3.850746e-01 0.000000e+00 1
-1.128971e+12 -3.263789e+12 -1.218541e+13 9.499493e-01 -1.766735e-01 -2.576487e-01 0.000000e+00 1
1.773361e+12 1.509156e+13 6.395050e+12 6.472703e-02 -7.747245e-01 -6.289772e-01 0.000000e+00 1
-1.246516e+13 -7.014569e+12 -9.035599e+12 -4.873114e-01 1.711252e-01 8.562966e-01 0.000000e+00 1
-4.282904e+12 -1.452561e+13 -5.955995e+12 7.228823e-01 4.017116e-01 5.622001e-01 0.000000e+00 1
1.216299e+13 1.042593e+13 -5.039128e+12 1.134715e-01 -9.928258e-01 -3.769928e-02 0.000000e+00 1
-1.003185e+13 8.415593e+11 2.748113e+12 -8.520467e-02 9.493979e-01 -3.022976e-01 0.000000e+00 1
1.179449e+13 -8.970564e+12 -4.162675e+12 6.014332e-01 3.223368e-01 7.310110e-01 0.000000e+00 1
1.129427e+12 -1.676237e+13 1.313593e+11 1.224626e-01 9.279476e-01 -3.520172e-01 0.000000e+00 1
1.981842e+12 1.239358e+13 5.340532e+12 5.518749e-01 8.222880e-01 -1.388400e-01 0.000000e+00 1
1.470035e+13 -6.532383e+12 -2.289294e+12 7.840573e-01 -2.387677e-01 5.729260e-01 0.000000e+00 1
7.635569e+12 -8.663156e+12 -5.455336e+12 -2.463056e-01 -7.777961e-01 5.782445e-01 0.000000e+00 1
-3.706664e+12 9.485357e+12 -5.306349e+12 2.981659e-01 -5.963431e-01 -7.453000e-01 0.000000e+00 1
-6.867126e+12 1.440458e+12 1.445111e+13 -9.099483e-02 2.922237e-02 -9.954225e-01 0.000000e+00 1
8.493206e+12 1.148035e+13 -8.878368e+12 8.007256e-01 4.612289e-01 3.822385e-01 0.000000e+00 1
1.267829e+12 -2.109821e+12 9.608201e+12 -3.178062e-01 -4.123638e-01 8.537888e-01 0.000000e+00 1
-5.951739e+11 -1.573280e+12 -6.992505e+12 6.672188e-01 7.434339e-01 -4.609830e-02 0.000000e+00 1
-8.253202e+12 -1.732427e+12 3.095072e+12 -4.567792e-01 -5.800336e-02 -8.876871e-01 0.000000e+00 1
-1.636628e+13 2.445744e+12 3.548596e+12 2.720856e-01 9.031613e-01 -3.320678e-01 0.000000e+00 1
2.498534e+12 9.251454e+12 -4.756071e+12 1.633596e-01 8.206178e-01 -5.476313e-01 0.000000e+00 1
1.072388e+13 3.565391e+12 -8.600212e+12 -8.047412e-01 -5.934477e-01 1.454170e-02 0.000000e+00 1
3.409848e+11 1.541564e+13 -2.262690e+12 1.686149e-01 -8.750861e-01 4.536445e-01 0.000000e+00 1
3.047221e+12 9.064795e+12 2.399658e+12 -5.130550e-01 6.935044e-01 5.057927e-01 0.000000e+00 1
1.366121e+13 -9.238785e+11 3.223493e+12 5.331066e-01 9.372510e-03 -8.459961e-01 0.000000e+00 1
2.132341e+12 -1.312813e+13 8.573725e+12 -4.682573e-01 -2.746051e-01 8.398375e-01 0.000000e+00 1
-1.139831e+13 1.113939e+11 -9.257269e+12 -5.487606e-01 6.937977e-01 4.663759e-01 0.000000e+00 1
-1.447580e+13 -5.480377e+12 -7.771742e+11 -3.612764e-01 5.284125e-01 7.682835e-01 0.000000e+00 1
4.221500e+12 2.922091e+12 -1.638653e+12 -9.390024e-01 2.529359e-01 -2.330191e-01 0.000000e+00 1
9.430902e+12 -4.566349e+12 5.985360e+12 -6.303540e-01 -1.311954e-01 -7.651415e-01 0.000000e+00 1
-7.239117e+12 -8.053681e+12 9.017579e+12 -8.703731e-03 6.263799e-02 9.979984e-01 0.000000e+00 1
1.203372e+13 -4.447547e+12 7.122012e+12 9.579510e-01 -2.251197e-01 1.779071e-01 0.000000e+00 1
1.141773e+13 8.019506e+12 -2.623614e+12 2.912181e-01 7.495177e-01 5.944874e-01 0.000000e+00 1
-1.192508e+13 -7.691305e+12 -6.044138e+12 5.361935e-01 5.988903e-01 5.948335e-01 0.000000e+00 1
1.529636e+13 3.180581e+12 -2.805148e+12 -6.217116e-01 5.277947e-01 5.787120e-01 0.000000e+00 1
-9.785912e+12 5.627823e+12 -2.247448e+12 4.987817e-02 -9.804342e-01 1.904230e-01 0.000000e+00 1
-7.039807e+12 1.408599e+13 -1.030634e+12 -5.282968e-01 -7.874235e-02 -8.454006e-01 0.000000e+00 1
5.926997e+12 -1.488350e+13 -2.294574e+12 -6.198432e-01 7.740059e-01 1.292644e-01 0.000000e+00 1
7.039343e+12 1.338160e+13 1.237324e+12 -5.350395e-01 7.413737e-01 -4.050899e-01 0.000000e+00 1
-1.008478e+13 -4.536184e+11 3.912253e+12 -5.878105e-01 -5.007375e-01 -6.354059e-01 0.000000e+00 1
1.478856e+13 -7.019076e+12 2.290628e+12 9.593993e-01 -8.016485e-02 -2.704193e-01 0.000000e+00 1
4.756868e+12 -1.186552e+13 -9.107923e+12 -1.594331e-01 -5.890510e-01 7.922121e-01 0.000000e+00 1
1.025452e+13 -8.277669e+12 6.317974e+11 -3.304769e-01 -5.324740e-02 9.423108e-01 0.000000e+00 1
8.864132e+12 -9.824980e+12 2.169563e+12 -4.794134e-01 8.775868e-01 -2.065598e-03 0.000000e+00 1
-9.968220e+12 5.709313e+11 5.322982e+12 -1.014213e-01 8.792111e-01 4.655121e-01 0.000000e+00 1
-6.888445e+12 2.523645e+12 -1.456251e+13 9.826699e-01 -1.364042e-01 1.255139e-01 0.000000e+00 1
-3.949797e+12 -1.324363e+13 -6.349018e+12 6.193786e-01 -7.280615e-01 -2.937628e-01 0.000000e+00 1
-3.890332e+12 1.615096e+12 1.331812e+13 -5.820499e-01 -1.892195e-01 -7.908312e-01 0.000000e+00 1
1.126322e+12 -1.233267e+13 4.423207e+12 -5.982666e-01 -5.787509e-01 -5.541881e-01 0.000000e+00 1
-7.588067e+12 -1.137809e+13 7.044510e+12 7.931866e-01 -4.564065e-01 4.031726e-01 0.000000e+00 1
-2.015290e+12 9.690603e+12 -4.854022e+12 -8.047801e-01 -4.965863e-01 3.251633e-01 0.000000e+00 1
-1.223563e+12 -9.937867e+12 1.512485e+12 -8.490616e-01 5.280949e-01 -1.449650e-02 0.000000e+00 1
-7.477235e+12 -4.192703e+12 -1.049192e+13 -2.085629e-01 -9.606905e-01 -1.832358e-01 0.000000e+00 1
-1.241183e+13 -3.203879e+12 8.632178e+11 -7.965307e-01 6.003627e-01 -7.143848e-02 0.000000e+00 1
1.865040e+12 3.864712e+12 -2.436969e+12 -7.358476e-01 -4.974896e-01 -4.593826e-01 0.000000e+00 1
5.377890e+12 5.899269e+12 1.306744e+13 -8.266069e-01 5.618741e-01 3.191392e-02 0.000000e+00 1
1.066196e+13 -1.996754e+12 3.096784e+12 -9.604073e-01 -2.783101e-01 -1.270331e-02 0.000000e+00 1
4.416396e+12 -1.217450e+13 -3.484310e+12 8.298422e-01 3.198740e-01 -4.572117e-01 0.000000e+00 1
-4.896012e+12 1.061158e+13 1.311962e+12 7.808222e-01 4.931604e-01 -3.835486e-01 0.000000e+00 1
1.416983e+13 -6.944072e+12 -5.772899e+12 -9.575290e-01 -2.060071e-02 2.876003e-01 0.000000e+00 1
-3.610433e+12 2.896123e+12 1.501941e+13 -4.175847e-01 -4.215032e-01 -8.049584e-01 0.000000e+00 1
-5.653513e+12 -7.070377e+12 -1.314716e+13 3.393322e-01 -7.020321e-01 -6.261026e-01 0.000000e+00 1
7.233559e+12 -1.046461e+13 -7.908866e+12 4.727661e-01 2.848561e-01 -8.338760e-01 0.000000e+00 1
1.091072e+13 -4.419794e+12 -1.057383e+13 -8.130392e-01 5.135575e-01 -2.742736e-01 0.000000e+00 1
-6.517313e+12 5.452278e+12 -1.429565e+13 5.647900e-01 -7.079996e-01 -4.239680e-01 0.000000e+00 1
-1.472379e+13 4.341868e+12 4.026103e+12 -3.832073e-01 1.680224e-01 9.082514e-01 0.000000e+00 1
-6.803562e+12 9.011310e+11 1.519777e+13 9.471373e-01 -8.626003e-02 -3.090149e-01 0.000000e+00 1
4.876912e+12 -5.157087e+11 -4.069104e+12 -1.513738e-01 8.117162e-01 5.640947e-01 0.000000e+00 1
1.300971e+12 1.129999e+13 -7.617148e+12 2.575308e-01 9.657332e-01 3.220766e-02 0.000000e+00 1
9.992253e+11 1.084050e+13 9.305273e+12 -2.591481e-01 -9.595051e-01 -1.104180e-01 0.000000e+00 1
6.785335e+12 -1.822676e+12 -1.420717e+13 9.943167e-01 9.737314e-02 4.304325e-02 0.000000e+00 1
4.542748e+11 -7.869007e+12 1.462154e+13 -5.720504e-01 6.361507e-01 5.177553e-01 0.000000e+00 1
-9.629385e+12 1.041033e+13 -2.146178e+12 6.229988e-01 7.797442e-01 -6.222169e-02 0.000000e+00 1
2.744685e+12 2.218713e+12 -1.579396e+13 -6.760432e-01 -2.845087e-01 -6.797209e-01 0.000000e+00 1
1.348617e+13 5.029500e+12 -6.215542e+12 -4.325159e-01 2.725766e-01 8.594370e-01 0.000000e+00 1
8.842005e+12 1.244353e+13 -3.142707e+12 -4.959833e-01 -4.123401e-01 7.641833e-01 0.000000e+00 1
-2.430116e+12 -8.249970e+12 -8.119495e+12 8.573587e-01 4.936341e-01 1.458129e-01 0.000000e+00 1
1.065811e+13 1.513811e+12 2.902677e+12 -3.120941e-01 -6.992792e-01 -6.431220e-01 0.000000e+00 1
-7.396405e+12 -1.358089e+11 -8.333828e+11 5.553570e-01 8.311235e-01 2.850141e-02 0.000000e+00 1
-1.205729e+13 -3.888353e+12 -2.871487e+12 -2.722936e-02 8.923170e-01 -4.505873e-01 0.000000e+00 1
-1.134010e+13 3.021362e+12 -8.612177e+12 4.875955e-01 2.088381e-02 -8.728198e-01 0.000000e+00 1
-1.209047e+12 5.770066e+12 1.298286e+13 -1.473279e-01 7.807055e-01 -6.072837e-01 0.000000e+00 1
-6.027043e+12 1.222875e+13 -7.735541e+12 2.287344e-01 7.935724e-01 -5.638469e-01 0.000000e+00 1
1.070099e+13 7.108425e+12 -3.613429e+12 -6.955278e-01 -7.183670e-01 1.378217e-02 0.000000e+00 1
6.021845e+12 1.259437e+13 -1.412602e+12 -1.401950e-01 -8.324362e-01 5.360927e-01 0.000000e+00 1
-5.910623e+12 -8.750644e+12 5.149421e+12 -6.403892e-01 -5.806243e-01 -5.027695e-01 0.000000e+00 1
-1.279666e+13 -4.635327e+12 -8.698491e+12 2.688583e-01 -6.580854e-01 7.033056e-01 0.000000e+00 1
-4.577725e+12 -1.426799e+13 5.457978e+12 -5.911368e-01 8.057455e-01 3.648880e-02 0.000000e+00 1
-5.299581e+12 -1.030056e+12 -4.179553e+12 4.775856e-01 -3.492281e-01 8.061958e-01 0.000000e+00 1
6.226798e+12 1.060256e+13 -8.247494e+12 -7.028457e-01 -3.912143e-02 -7.102657e-01 0.000000e+00 1
8.006750e+12 -3.239036e+12 -6.189202e+12 9.289548e-01 -2.159153e-01 3.007051e-01 0.000000e+00 1
5.005620e+12 6.255482e+12 6.905735e+12 8.160439e-01 5.772140e-01 -2.994086e-02 0.000000e+00 1
-8.010439e+12 7.582349e+12 4.574576e+10 8.537654e-01 -4.487393e-01 -2.640409e-01 0.000000e+00 1
-2.576535e+12 8.178718e+11 -1.779527e+11 -6.387041e-01 -7.694139e-01 7.698728e-03 0.000000e+00 1
-7.381607e+12 3.861851e+12 8.697626e+12 -2.153414e-02 1.538230e-01 -9.878637e-01 0.000000e+00 1
-4.337776e+12 -5.226366e+12 2.021177e+12 -2.195013e-02 9.981513e-01 -5.667593e-02 0.000000e+00 1
9.531586e+12 6.135185e+12 1.079996e+13 5.382961e-01 -7.407546e-01 -4.018955e-01 0.000000e+00 1
4.311162e+12 3.378279e+12 5.215636e+12 -7.167223e-01 -1.702262e-01 6.762634e-01 0.000000e+00 1
4.631622e+12 5.783616e+12 5.786891e+12 6.401713e-01 5.816706e-01 -5.018367e-01 0.000000e+00 1
3.425530e+12 3.377933e+12 -6.435000e+12 4.946036e-01 3.017840e-01 -8.150421e-01 0.000000e+00 1
-6.342248e+11 7.853599e+12 -1.494099e+13 -5.587397e-01 2.499479e-01 -7.907819e-01 0.000000e+00 1
3.157856e+12 -1.118879e+13 -9.455584e+12 9.112735e-01 7.411964e-02 -4.050763e-01 0.000000e+00 1
-1.736810e+12 6.773981e+12 4.650356e+12 3.541866e-01 8.752712e-01 -3.293208e-01 0.000000e+00 1
-8.032109e+12 -7.664526e+12 7.483230e+12 5.812695e-01 -5.539032e-01 -5.960847e-01 0.000000e+00 1
1.231085e+12 -4.334670e+12 8.544839e+12 8.722906e-01 1.665110e-01 4.597643e-01 0.000000e+00 1
1.379404e+13 -2.820057e+12 5.716172e+12 2.304156e-01 6.391317e-01 7.337706e-01 0.000000e+00 1
8.864579e+12 -5.001683e+12 6.217223e+12 6.285679e-01 -2.481174e-01 -7.371161e-01 0.000000e+00 1
5.551357e+12 8.061829e+12 -2.756327e+12 4.214254e-01 7.427241e-01 5.203475e-01 0.000000e+00 1
1.335955e+13 1.438350e+11 -9.438694e+12 2.553329e-01 -1.301980e-01 -9.580468e-01 0.000000e+00 1
-2.312647e+12 5.434854e+12 2.245381e+12 -4.946360e-01 -8.245190e-01 2.747793e-01 0.000000e+00 1
1.415707e+13 3.629692e+12 4.213411e+12 5.909962e-01 3.601395e-01 -7.218192e-01 0.000000e+00 1
-8.327738e+11 4.168338e+12 -1.622472e+13 -7.197021e-01 -4.207232e-01 5.522869e-01 0.000000e+00 1
1.003161e+13 -1.120688e+13 6.551630e+12 8.295344e-01 5.190617e-01 2.060282e-01 0.000000e+00 1
-6.361537e+11 1.508964e+13 8.374095e+11 -2.110282e-01 9.523908e-01 2.200428e-01 0.000000e+00 1
-1.104919e+13 -2.239500e+12 8.876417e+12 -6.498092e-01 -1.088840e-02 7.600194e-01 0.000000e+00 1
-1.357122e+12 -3.677520e+12 4.854264e+12 -4.620465e-01 8.794646e-01 -1.142585e-01 0.000000e+00 1
-1.258115e+13 -4.267268e+12 2.844608e+12 5.756001e-01 7.055815e-01 -4.133270e-01 0.000000e+00 1
-3.680012e+12 -8.881244e+12 1.311484e+13 1.148250e-01 9.720865e-01 -2.046047e-01 0.000000e+00 1
-1.177491e+13 3.824335e+12 8.577483e+12 1.918438e-01 3.829024e-01 -9.036491e-01 0.000000e+00 1
6.003079e+12 4.689161e+12 -1.365207e+13 -3.090982e-01 7.632210e-01 5.674082e-01 0.000000e+00 1
-2.871932e+12 1.135594e+13 -3.155771e+12 -8.414330e-01 -4.153014e-01 3.457097e-01 0.000000e+00 1
-8.159765e+11 9.434703e+12 -4.146201e+12 -8.445818e-02 9.056601e-01 -4.155076e-01 0.000000e+00 1
7.075639e+12 -2.774218e+12 1.378447e+13 -4.770932e-01 7.756052e-01 4.133020e-01 0.000000e+00 1
6.270451e+12 1.164220e+12 1.255753e+13 6.305190e-01 -7.202176e-01 -2.893656e-01 0.000000e+00 1
-4.689734e+11 7.827569e+12 9.255408e+12 9.923501e-01 -4.506293e-02 1.149377e-01 0.000000e+00 1
-1.242847e+13 -7.847794e+10 5.048878e+12 -9.425525e-01 2.166864e-01 2.542474e-01 0.000000e+00 1
8.537123e+12 -6.840274e+12 -6.805169e+12 -2.354502e-02 -8.274723e-01 5.610127e-01 0.000000e+00 1
-3.311244e+12 4.342939e+12 -4.772832e+12 1.696000e-02 -3.852773e-01 -9.226450e-01 0.000000e+00 1
-7.398112e+12 2.220403e+12 6.083315e+12 -8.625501e-01 -1.342149e-01 4.878460e-01 0.000000e+00 1
1.509800e+13 1.927561e+11 5.001895e+12 4.323338e-01 -2.871583e-01 -8.547676e-01 0.000000e+00 1
1.361984e+13 -4.997587e+11 -5.840772e+12 -2.919691e-01 9.345825e-01 -2.032479e-01 0.000000e+00 1
-1.259402e+13 -7.228022e+12 -2.970193e+12 8.826672e-01 4.165920e-01 2.175999e-01 0.000000e+00 1
-1.019995e+13 1.405974e+12 -9.923607e+12 -8.003917e-01 1.947442e-01 -5.669637e-01 0.000000e+00 1
-2.019116e+12 8.425301e+12 -1.392455e+13 9.306684e-01 3.268286e-02 3.644011e-01 0.000000e+00 1
3.495807e+12 1.290981e+13 5.701818e+12 -3.009330e-01 2.475428e-01 9.209570e-01 0.000000e+00 1
-5.726176e+12 7.984807e+12 7.093872e+12 5.022560e-01 -7.529916e-01 -4.251382e-01 0.000000e+00 1
4.891717e+12 9.875285e+12 1.646786e+12 7.251620e-01 6.791261e-01 1.137004e-01 0.000000e+00 1
-5.553657e+12 -1.807667e+12 1.375404e+13 -4.434337e-01 1.277836e-01 -8.871516e-01 0.000000e+00 1
-8.104690e+11 -5.388588e+12 -1.324736e+13 -3.153884e-01 -9.150737e-01 -2.513370e-01 0.000000e+00 1
-1.377197e+13 -8.375573e+12 5.165442e+11 -9.169091e-01 1.365001e-01 -3.750273e-01 0.000000e+00 1
-6.620111e+12 1.185166e+13 -7.280685e+12 -7.423746e-01 6.661931e-01 -7.118146e-02 0.000000e+00 1
-1.441982e+13 5.412947e+10 -2.098437e+11 7.302118e-02 6.490066e-01 7.572703e-01 0.000000e+00 1
2.725154e+12 6.045537e+12 -1.399386e+12 -7.428736e-02 1.920453e-01 -9.785704e-01 0.000000e+00 1
1.154168e+12 3.484958e+12 8.300569e+12 4.339588e-01 -7.511979e-01 -4.973746e-01 0.000000e+00 1
2.569956e+12 -1.016814e+13 6.568938e+12 -1.877754e-01 5.363648e-01 8.228324e-01 0.000000e+00 1
-9.528954e+12 -9.474517e+12 8.766338e+12 9.275044e-02 8.633489e-01 -4.960101e-01 0.000000e+00 1
5.652080e+12 1.108363e+13 7.986279e+11 6.579004e-01 -2.336579e-01 -7.159407e-01 0.000000e+00 1
1.296347e+12 -6.554902e+12 -8.050629e+12 6.258791e-01 -6.387873e-01 4.474664e-01 0.000000e+00 1
-6.275914e+12 -2.649856e+12 1.412064e+13 8.827707e-01 3.686459e-01 2.912319e-01 0.000000e+00 1
1.530652e+12 -1.570531e+13 -5.814207e+11 5.287117e-01 5.213512e-01 6.698186e-01 0.000000e+00 1
-1.292379e+13 2.267597e+12 -4.079030e+12 -3.352497e-01 -3.989414e-01 8.534948e-01 0.000000e+00 1
-1.387699e+13 1.979268e+12 9.370620e+12 8.107001e-01 1.336964e-01 5.699917e-01 0.000000e+00 1
-3.451871e+12 -1.069724e+13 -2.931234e+12 -8.478914e-01 -5.133922e-01 -1.323201e-01 0.000000e+00 1
-4.719716e+12 -6.916116e+12 4.181922e+12 -6.534941e-01 6.409368e-01 -4.026729e-01 0.000000e+00 1
3.767770e+11 -6.339027e+12 -9.334172e+12 5.227983e-01 -7.723418e-01 -3.607908e-01 0.000000e+00 1
7.661818e+12 5.260240e+12 -3.755835e+12 -4.243761e-01 -8.999902e-01 9.961252e-02 0.000000e+00 1
-2.108702e+12 9.273714e+12 1.338611e+13 8.365459e-01 3.800957e-01 -3.946115e-01 0.000000e+00 1
1.054370e+12 -9.653044e+12 1.239990e+13 -2.486349e-01 9.333403e-01 2.589528e-01 0.000000e+00 1
-2.780682e+12 2.057386e+11 -8.873759e+12 7.529631e-01 -6.257720e-01 2.036073e-01 0.000000e+00 1
-4.982292e+12 -9.896550e+12 -5.881903e+12 4.589626e-01 7.688087e-01 4.452938e-01 0.000000e+00 1
-8.170598e+12 6.686625e+11 1.353292e+13 -5.570991e-01 -6.236750e-01 5.483339e-01 0.000000e+00 1
4.301230e+12 3.758347e+12 -4.951282e+12 9.061756e-01 -3.205444e-01 2.758571e-01 0.000000e+00 1
5.722686e+12 7.526174e+12 -7.785424e+12 7.566429e-01 -8.507679e-02 6.482696e-01 0.000000e+00 1
2.102291e+11 -8.075948e+11 1.596642e+13 4.490460e-01 -8.885500e-01 -9.400252e-02 0.000000e+00 1
-1.150557e+12 5.032759e+12 6.981597e+12 -5.449039e-01 3.200094e-01 -7.750314e-01 0.000000e+00 1
6.017680e+12 -4.717996e+12 -5.406043e+11 -5.685729e-01 6.441644e-01 -5.116416e-01 0.000000e+00 1
-4.920867e+12 -2.852498e+12 -1.574944e+12 6.169512e-01 6.718666e-01 4.098372e-01 0.000000e+00 1
4.355041e+11 8.258425e+12 1.221994e+13 1.201957e-01 -4.963350e-02 9.915087e-01 0.000000e+00 1
-6.021866e+12 -7.688790e+12 -1.090599e+13 6.748007e-01 -5.963749e-01 -4.347195e-01 0.000000e+00 1
2.051316e+12 1.250180e+13 -3.091540e+12 5.032529e-01 -8.541279e-01 -1.311568e-01 0.000000e+00 1
-9.980635e+11 1.311895e+13 -7.270415e+12 -8.491673e-01 -2.911187e-01 -4.406414e-01 0.000000e+00 1
2.558254e+12 2.991030e+12 1.021598e+13 -7.327070e-01 -6.804935e-01 8.310142e-03 0.000000e+00 1
-4.038520e+12 1.091599e+13 3.803957e+12 2.814689e-01 -3.579221e-01 8.903185e-01 0.000000e+00 1
-3.364333e+12 1.567388e+12 -5.410232e+12 -1.965885e-02 -5.028354e-01 -8.641586e-01 0.000000e+00 1
-2.099182e+12 -1.380923e+13 4.419793e+11 -7.478878e-01 -2.040167e-01 -6.316970e-01 0.000000e+00 1
-9.930009e+12 -5.828667e+12 -1.205856e+13 -5.181780e-01 5.051560e-01 6.901515e-01 0.000000e+00 1
-3.924119e+12 1.007585e+13 1.234016e+13 -5.644107e-01 -1.962639e-01 -8.018236e-01 0.000000e+00 1
-5.390355e+12 -4.306083e+12 -8.524268e+12 -9.877536e-01 9.869524e-02 -1.208388e-01 0.000000e+00 1
1.023405e+13 -7.878874e+12 -8.383917e+12 9.529500e-01 2.428354e-01 1.814313e-01 0.000000e+00 1
4.395784e+12 1.086435e+13 -4.564427e+12 5.271380e-01 3.698469e-01 7.650744e-01 0.000000e+00 1
1.184577e+12 5.816553e+12 -1.950627e+12 3.253299e-01 -9.443024e-01 -4.953249e-02 0.000000e+00 1
1.004746e+13 -6.255212e+12 1.157526e+12 -9.082824e-01 4.133356e-01 -6.462880e-02 0.000000e+00 1
-8.679091e+12 8.416145e+12 -9.040987e+12 -3.679662e-01 -3.487128e-01 8.619746e-01 0.000000e+00 1
-5.864851e+12 -2.315807e+12 -8.223639e+12 -6.025775e-01 6.766250e-01 4.231771e-01 0.000000e+00 1
1.852384e+10 -1.201276e+13 -4.067395e+12 -1.410590e-01 -7.481017e-01 6.484182e-01 0.000000e+00 1
8.958058e+12 4.930357e+12 -2.995270e+12 4.394371e-01 6.765267e-01 5.909371e-01 0.000000e+00 1
7.391386e+12 1.095951e+13 3.152583e+12 2.943494e-01 8.773792e-01 3.788987e-01 0.000000e+00 1
-1.277967e+13 -8.453841e+12 -4.699832e+12 -8.552223e-01 5.150842e-01 -5.729893e-02 0.000000e+00 1
-1.579357e+13 -4.658774e+12 -9.793765e+11 7.690013e-01 3.395359e-01 -5.416201e-01 0.000000e+00 1
-5.689506e+11 -5.552978e+12 6.533634e+12 5.123955e-02 -1.858153e-02 -9.985135e-01 0.000000e+00 1
-1.343943e+12 -7.387007e+11 3.156337e+12 5.104624e-02 -8.396114e-01 5.407837e-01 0.000000e+00 1
-7.590453e+12 -5.264978e+12 6.585339e+12 -7.407105e-01 2.573465e-01 -6.205810e-01 0.000000e+00 1
-2.063723e+12 -2.477772e+12 9.903625e+12 7.474917e-01 -4.177900e-01 -5.164375e-01 0.000000e+00 1
8.933978e+11 -7.205041e+12 1.258036e+13 4.650449e-01 5.976621e-01 6.530952e-01 0.000000e+00 1
1.241842e+13 1.049750e+13 -2.274212e+12 -2.650026e-02 3.241495e-01 9.456346e-01 0.000000e+00 1
-5.356712e+12 1.157073e+13 -8.443639e+12 3.825656e-01 7.612179e-01 -5.236323e-01 0.000000e+00 1
-5.224320e+12 -1.536578e+13 1.164464e+12 -5.145918e-01 8.055590e-01 -2.937174e-01 0.000000e+00 1
4.335179e+12 3.621610e+11 6.078281e+12 6.168667e-01 -7.669675e-01 -1.767381e-01 0.000000e+00 1
-8.637593e+12 2.429789e+12 6.883559e+12 9.393722e-01 2.505629e-02 3.419826e-01 0.000000e+00 1
1.028751e+12 1.620600e+12 9.985507e+12 8.621945e-01 4.805904e-01 -1.601674e-01 0.000000e+00 1
-6.403919e+11 -7.890292e+12 1.321263e+13 9.374492e-01 -3.371007e-01 8.690317e-02 0.000000e+00 1
-2.113735e+12 -9.865115e+12 -7.234028e+12 1.729434e-01 5.251036e-01 -8.332808e-01 0.000000e+00 1
-1.063595e+13 5.964020e+11 1.174014e+13 -1.898445e-01 7.658319e-01 6.143782e-01 0.000000e+00 1
2.851856e+12 7.870099e+11 -1.292208e+13 4.818002e-02 -6.729733e-01 7.380960e-01 0.000000e+00 1
-1.618077e+13 -1.573083e+12 -2.240628e+12 -8.190230e-01 -5.384125e-01 -1.982760e-01 0.000000e+00 1
-7.266820e+12 -1.073773e+13 2.360141e+12 -5.041390e-01 8.111499e-01 -2.964449e-01 0.000000e+00 1
-2.635560e+12 6.642380e+12 -1.385176e+13 -4.883496e-01 -8.697768e-01 -7.073221e-02 0.000000e+00 1
-6.032862e+12 1.646163e+11 -1.392633e+13 -5.921314e-01 -5.300966e-01 -6.069415e-01 0.000000e+00 1
2.755786e+12 -8.639274e+12 8.037095e+12 -3.121844e-01 -4.918989e-02 9.487472e-01 0.000000e+00 1
-9.619963e+12 5.825149e+11 -3.021096e+12 5.159119e-01 -8.277738e-01 -2.205119e-01 0.000000e+00 1
1.096188e+13 1.007834e+13 -3.145594e+12 4.957599e-01 -8.683003e-01 1.663787e-02 0.000000e+00 1
-2.607826e+11 4.951256e+12 1.176920e+13 -6.319400e-01 -4.858036e-01 6.038599e-01 0.000000e+00 1
-7.338279e+12 6.938131e+12 -1.251094e+13 1.600103e-02 9.562228e-01 2.922018e-01 0.000000e+00 1
-1.451137e+13 2.436059e+12 5.605825e+11 2.766275e-01 8.433387e-01 -4.607136e-01 0.000000e+00 1
-1.954846e+11 7.900969e+12 8.827841e+12 -5.356808e-01 8.108689e-01 -2.356643e-01 0.000000e+00 1
6.776381e+11 1.230354e+13 7.116239e+12 -1.769783e-01 -5.176864e-01 8.370660e-01 0.000000e+00 1
-1.204418e+12 -5.282600e+12 -7.280004e+11 -4.269673e-01 -7.124168e-01 5.569213e-01 0.000000e+00 1
6.124973e+12 -1.797686e+12 -1.376875e+13 6.576080e-01 7.122776e-01 -2.453819e-01 0.000000e+00 1
-3.319275e+12 1.068704e+12 1.538290e+13 -3.884411e-01 8.811885e-01 2.694818e-01 0.000000e+00 1
-5.305902e+12 1.273102e+13 -2.236780e+12 6.060230e-01 -7.728464e-01 1.882672e-01 0.000000e+00 1
6.195868e+12 5.239367e+12 -1.736312e+11 -6.544596e-01 1.648018e-01 -7.379180e-01 0.000000e+00 1
-6.206036e+11 -1.247940e+13 5.157564e+12 -9.555823e-01 -2.885682e-01 5.992365e-02 0.000000e+00 1
-9.543513e+11 8.358036e+12 -2.909668e+12 8.263046e-01 4.338864e-01 -3.591145e-01 0.000000e+00 1
1.453462e+12 -1.179181e+13 -8.790222e+12 8.700218e-01 3.594043e-01 3.374768e-01 0.000000e+00 1
8.441437e+12 -7.434308e+12 -1.081963e+13 1.907010e-01 4.002614e-02 -9.808318e-01 0.000000e+00 1
1.486692e+12 -1.804451e+12 8.105079e+12 5.510098e-01 -2.760924e-01 7.875031e-01 0.000000e+00 1
7.787596e+12 -9.331761e+12 -2.384950e+12 -2.829641e-01 7.977620e-01 5.324539e-01 0.000000e+00 1
-5.795329e+09 -1.752346e+12 -1.409195e+13 -6.274664e-01 -7.736149e-01 8.835091e-02 0.000000e+00 1
-4.278980e+12 -2.255967e+12 -4.666806e+12 5.033449e-02 9.842952e-01 -1.692023e-01 0.000000e+00 1
-1.996104e+12 -1.035605e+12 -1.370996e+13 -6.375389e-02 -2.447855e-01 -9.674790e-01 0.000000e+00 1
-4.723606e+12 1.650243e+12 5.470860e+12 3.082035e-01 -3.888539e-01 8.682185e-01 0.000000e+00 1
-3.525296e+11 4.536951e+12 -8.614936e+12 -2.845659e-01 -9.508208e-01 1.223193e-01 0.000000e+00 1
1.072848e+13 3.431914e+12 -4.585695e+12 4.768819e-01 3.334349e-01 -8.132679e-01 0.000000e+00 1
-4.377382e+12 1.217098e+13 -1.017439e+13 -5.183672e-01 -1.036847e-01 -8.488492e-01 0.000000e+00 1
-3.658942e+12 1.447135e+13 4.736584e+12 -2.291651e-01 9.335147e-01 2.757421e-01 0.000000e+00 1
2.722576e+12 6.857937e+12 1.254193e+13 3.708931e-01 6.528906e-01 6.604334e-01 0.000000e+00 1
7.575121e+12 2.656372e+12 6.498726e+12 -4.608106e-01 -5.475338e-01 6.984700e-01 0.000000e+00 1
-3.332307e+12 -7.823450e+12 -6.239215e+12 -4.002665e-01 5.336554e-01 -7.449823e-01 0.000000e+00 1
-3.062074e+12 -1.036768e+12 -5.251878e+12 -9.319907e-01 1.512340e-01 3.294261e-01 0.000000e+00 1
1.059457e+13 2.809522e+12 -1.192922e+13 -5.003512e-01 -5.774065e-01 6.451747e-01 0.000000e+00 1
5.372359e+12 3.301396e+12 6.395033e+11 1.551172e-01 9.522844e-01 2.628555e-01 0.000000e+00 1
1.194310e+13 6.399788e+12 -4.122673e+12 -2.903281e-02 -6.217599e-01 7.826696e-01 0.000000e+00 1
2.342789e+12 7.810080e+12 9.754561e+12 9.709085e-01 -1.862052e-01 1.505464e-01 0.000000e+00 1
5.406906e+12 -1.078161e+13 -9.918746e+12 5.830266e-01 6.933572e-01 -4.234806e-01 0.000000e+00 1
-1.288555e+13 9.851590e+12 1.347299e+12 -6.398100e-01 7.422326e-01 -1.993336e-01 0.000000e+00 1
1.297319e+13 8.707686e+12 1.739504e+12 -7.862293e-01 -5.957343e-01 -1.641468e-01 0.000000e+00 1
9.535463e+12 8.613825e+12 1.713449e+11 4.767433e-01 -4.782756e-01 -7.375421e-01 0.000000e+00 1
-2.969131e+12 -6.994410e+11 -1.301203e+13 7.737347e-01 -6.328716e-01 -2.842637e-02 0.000000e+00 1
6.942968e+12 4.063981e+12 -1.397414e+13 4.290459e-01 8.983528e-01 9.424335e-02 0.000000e+00 1
-3.450436e+12 -9.056762e+12 -7.472193e+11 7.998572e-01 -9.449077e-02 -5.927056e-01 0.000000e+00 1
1.283574e+13 8.876968e+12 -4.862815e+12 3.168602e-01 3.171942e-01 8.938610e-01 0.000000e+00 1
3.288624e+12 -1.248436e+13 -4.878212e+12 -3.221287e-01 6.361948e-01 7.010629e-01 0.000000e+00 1
-6.968449e+12 -9.033991e+12 7.048495e+12 8.951255e-01 -7.496240e-02 -4.394667e-01 0.000000e+00 1
-1.096167e+13 -2.417389e+12 -7.337878e+12 -8.442630e-01 3.213871e-01 -4.288710e-01 0.000000e+00 1
6.665784e+12 1.428153e+13 3.351387e+12 -9.764953e-01 1.076108e-01 1.867537e-01 0.000000e+00 1
-8.702198e+12 -2.098678e+12 -7.232972e+12 2.504039e-01 9.537880e-01 -1.660914e-01 0.000000e+00 1
1.391185e+11 -2.599681e+12 -1.427144e+13 1.856856e-01 9.583186e-01 -2.171323e-01 0.000000e+00 1
8.282366e+12 4.508791e+12 4.613180e+12 -9.761668e-01 -1.264579e-01 -1.763713e-01 0.000000e+00 1
1.038608e+13 -6.905625e+12 3.239127e+11 4.471777e-01 8.891036e-01 9.760607e-02 0.000000e+00 1
-1.368117e+13 5.717782e+12 -4.310268e+12 -3.133245e-01 -7.901450e-01 5.267815e-01 0.000000e+00 1
-6.070321e+12 1.288264e+13 -1.009294e+12 -4.266826e-01 -6.666033e-01 6.112136e-01 0.000000e+00 1
-9.367720e+12 -6.366955e+12 -1.977519e+12 -6.105896e-01 7.339246e-01 2.975484e-01 0.000000e+00 1
1.296475e+13 4.905276e+12 7.592456e+11 2.493723e-01 -9.661967e-01 6.540147e-02 0.000000e+00 1
-1.234006e+13 -1.108908e+13 2.674816e+12 -2.288040e-01 -9.718433e-01 -5.629737e-02 0.000000e+00 1
5.962157e+12 1.076670e+13 -1.157129e+13 -5.840299e-01 -6.651355e-01 4.652997e-01 0.000000e+00 1
8.019990e+12 6.859187e+12 -6.326861e+12 3.615811e-01 -9.127063e-01 1.903319e-01 0.000000e+00 1
8.267646e+12 -6.488992e+12 -1.490659e+12 6.256945e-01 -6.732103e-01 -3.940739e-01 0.000000e+00 1
-2.952469e+12 1.251877e+12 -1.450995e+13 4.978958e-01 1.865305e-01 8.469393e-01 0.000000e+00 1
5.201706e+12 1.140043e+13 1.775824e+12 7.792356e-01 3.942103e-01 4.872270e-01 0.000000e+00 1
1.359612e+12 7.501553e+11 -6.472174e+12 -9.174793e-01 3.577362e-01 -1.739439e-01 0.000000e+00 1
9.294913e+12 8.348353e+12 -4.286729e+11 2.466570e-01 4.534299e-02 -9.680415e-01 0.000000e+00 1
2.254328e+12 -5.534424e+12 -1.279856e+13 -5.242016e-01 -8.363240e-01 -1.605454e-01 0.000000e+00 1
-2.872683e+12 3.934454e+12 -4.568203e+12 8.890792e-01 -9.986275e-02 4.467276e-01 0.000000e+00 1
-8.222622e+12 1.520266e+12 -1.110595e+13 -3.246359e-01 -2.074246e-01 -9.228145e-01 0.000000e+00 1
2.670789e+12 -1.080126e+13 -1.758227e+12 2.839484e-01 2.108465e-02 -9.586077e-01 0.000000e+00 1
6.029987e+12 1.124948e+13 5.011935e+12 -7.037126e-01 6.588118e-01 2.659990e-01 0.000000e+00 1
5.627400e+12 -1.286692e+13 -2.388521e+12 8.967522e-01 2.769007e-01 -3.451977e-01 0.000000e+00 1
7.293413e+12 -2.419751e+12 -1.164760e+13 -6.966726e-01 7.089551e-01 1.096808e-01 0.000000e+00 1
-1.898992e+12 1.051754e+13 -5.968844e+12 1.263043e-01 -7.996663e-01 5.870102e-01 0.000000e+00 1
-1.241172e+13 -2.320852e+12 4.280937e+12 2.278348e-01 -5.468777e-02 -9.721628e-01 0.000000e+00 1
6.467417e+12 2.868441e+12 -7.049691e+12 5.479143e-01 7.921789e-01 -2.687797e-01 0.000000e+00 1
6.685498e+12 -1.708922e+12 -6.016469e+12 -1.911803e-01 1.377303e-01 9.718438e-01 0.000000e+00 1
7.433535e+12 5.340873e+12 -1.324976e+13 8.677053e-01 -3.333073e-01 3.687733e-01 0.000000e+00 1
9.958826e+12 8.957049e+12 -1.123797e+12 -9.799661e-01 7.128470e-02 1.859704e-01 0.000000e+00 1
-1.122206e+13 -1.125642e+13 -1.158601e+12 8.944760e-01 -4.075961e-01 -1.837880e-01 0.000000e+00 1
-2.137387e+12 1.521934e+13 5.852827e+12 -3.516025e-01 -8.891061e-01 2.930289e-01 0.000000e+00 1
1.159975e+13 -5.638198e+12 1.226702e+12 -5.869253e-01 5.807869e-01 -5.640969e-01 0.000000e+00 1
-1.451388e+13 -2.666649e+12 2.957691e+12 1.455512e-01 -1.258364e-01 -9.813155e-01 0.000000e+00 1
-1.050749e+13 1.053995e+12 -1.187723e+13 4.936047e-02 3.500324e-01 9.354362e-01 0.000000e+00 1
3.383384e+12 9.739419e+12 9.116495e+12 -8.957287e-01 -1.348613e-01 -4.236537e-01 0.000000e+00 1
1.418603e+13 -3.385388e+12 2.097429e+12 -1.823266e-01 9.645084e-01 -1.909986e-01 0.000000e+00 1
-1.136820e+13 -1.399584e+12 3.352364e+12 -4.434065e-01 8.829974e-01 -1.539686e-01 0.000000e+00 1
-7.497737e+12 -4.475965e+12 -6.043465e+12 -9.423822e-01 -2.356599e-01 2.374451e-01 0.000000e+00 1
-5.055779e+12 -1.293347e+12 -1.053653e+13 -4.881208e-01 -2.761094e-01 -8.279503e-01 0.000000e+00 1
5.004055e+12 -5.338075e+12 7.455590e+12 9.688338e-01 1.348765e-01 2.077724e-01 0.000000e+00 1
1.121664e+13 6.326208e+12 -1.363953e+12 -5.174452e-01 -8.475780e-01 1.177373e-01 0.000000e+00 1
2.554924e+12 4.966358e+12 -8.241485e+12 2.490650e-01 9.605506e-02 9.637116e-01 0.000000e+00 1
-5.874409e+12 4.247117e+12 -4.711080e+12 2.892333e-02 -7.880099e-01 6.149828e-01 0.000000e+00 1
-3.896584e+12 3.807432e+12 -5.515162e+12 -5.748381e-01 -4.741991e-01 6.668556e-01 0.000000e+00 1
1.408330e+13 5.362729e+12 7.409037e+12 5.231825e-01 6.323488e-01 -5.713275e-01 0.000000e+00 1
-1.013869e+13 7.476750e+12 -3.446417e+12 -5.071234e-01 -5.658017e-01 -6.501494e-01 0.000000e+00 1
-7.222592e+11 1.221164e+13 -3.307865e+12 -2.970544e-01 9.350289e-01 -1.935964e-01 0.000000e+00 1
-1.700458e+12 8.438419e+12 2.434740e+11 4.613369e-01 -6.736286e-02 -8.846641e-01 0.000000e+00 1
-4.993207e+12 -7.797781e+12 1.283882e+13 -5.104607e-02 -8.386620e-01 -5.422549e-01 0.000000e+00 1
-4.923533e+12 -1.028917e+13 -5.241202e+12 6.979268e-01 -2.169456e-01 6.825194e-01 0.000000e+00 1
-7.896817e+12 4.514762e+12 -9.312886e+12 -4.082069e-01 2.871938e-01 -8.665372e-01 0.000000e+00 1
5.739886e+12 -3.290613e+12 9.759072e+12 4.674209e-01 -1.310509e-02 8.839377e-01 0.000000e+00 1
4.927606e+12 -3.554409e+11 -6.917575e+12 6.101424e-01 6.016521e-01 -5.155007e-01 0.000000e+00 1
3.997939e+12 2.316160e+12 -1.322820e+13 -1.520499e-01 9.128034e-01 -3.790394e-01 0.000000e+00 1
-8.749620e+12 9.527128e+12 1.588797e+12 2.213941e-01 -2.020023e-01 9.540334e-01 0.000000e+00 1
1.810700e+12 1.367503e+13 7.953805e+12 -1.258808e-01 -4.795132e-01 8.684591e-01 0.000000e+00 1
8.271278e+12 1.846180e+12 1.836185e+12 7.000543e-01 -3.727970e-01 -6.090537e-01 0.000000e+00 1
6.550900e+11 3.107469e+12 -1.491422e+13 -9.018654e-01 -1.038933e-01 -4.193387e-01 0.000000e+00 1
5.058406e+12 1.316293e+13 -6.318331e+12 -2.372611e-01 -9.700898e-01 5.131283e-02 0.000000e+00 1
7.304384e+12 2.554332e+12 -1.124833e+13 -7.063326e-01 -5.321460e-01 -4.668136e-01 0.000000e+00 1
1.332319e+12 7.582314e+12 9.296971e+12 4.042835e-01 -9.126361e-01 6.041724e-02 0.000000e+00 1
-9.269950e+12 2.199840e+11 6.675771e+12 2.942014e-01 -1.625717e-02 -9.556052e-01 0.000000e+00 1
9.440166e+12 -2.510621e+12 -1.006752e+13 -2.625384e-01 -5.722854e-01 7.768932e-01 0.000000e+00 1
-1.536044e+13 1.600846e+12 -4.530403e+12 -9.234625e-01 2.103512e-01 -3.208886e-01 0.000000e+00 1
-9.349115e+12 1.208807e+13 1.907281e+12 5.614314e-02 -7.924831e-01 -6.073043e-01 0.000000e+00 1
4.010566e+12 -2.883951e+12 -1.857991e+12 9.800211e-01 -1.354820e-01 -1.456136e-01 0.000000e+00 1
