# 781 1.000000e+07 1.000000e+04 0.000000e+00 1.000000e+00 5.000000e-01
-1.679456e+14 -1.869050e+13 1.695182e+13 -3.685005e-01 -8.388198e-01 4.007352e-01 1.460139e+01 0 17319240
1.723742e+14 -1.533743e+13 -1.792355e+12 8.554606e-01 -1.284353e-01 -5.016888e-01 -1.193417e+01 0 7558760
-1.363053e+14 -8.856114e+13 7.362452e+13 -6.527490e-01 -7.408976e-01 -1.580807e-01 9.766244e+00 0 2905169
9.369069e+13 -1.435443e+14 -1.325186e+13 2.871068e-01 -4.166185e-01 8.625536e-01 -1.236746e+01 0 1495350
-2.334258e+13 -1.437965e+14 -8.770805e+13 -3.238525e-01 -9.406293e-01 1.016667e-01 8.686337e+00 0 15150136
-1.373017e+14 9.667618e+13 -6.404285e+13 -7.559292e-01 2.889504e-01 -5.874340e-01 -5.938139e+00 0 1614379
2.004101e+13 -1.688020e+14 -2.524585e+12 1.576698e-01 -8.336495e-01 5.293096e-01 -1.537579e+01 0 4231551
7.068614e+13 1.228936e+14 1.077635e+14 4.802243e-01 -2.050779e-01 8.528351e-01 -2.090751e+01 0 1115991
-9.132446e+13 -1.384009e+14 -1.807999e+14 -4.265231e-01 -3.999614e-01 -8.112392e-01 -2.099224e+01 0 2428971
4.663350e+13 -4.212124e+13 -1.596684e+14 -1.988929e-01 8.088546e-01 -5.533497e-01 1.649743e+01 0 4394516
-1.488944e+14 -8.412378e+13 -4.494331e+13 -7.831379e-03 -9.881681e-01 -1.531747e-01 -5.572171e+00 0 16287977
9.500813e+13 1.346237e+14 -4.350822e+13 1.810282e-01 9.834717e-01 -3.498835e-03 -6.312133e+00 0 1163100
1.035870e+14 6.965649e+13 -1.436855e+14 7.761055e-01 3.455250e-01 -5.275156e-01 -1.495867e+01 0 2158574
-3.074202e+13 -1.054999e+14 1.303552e+14 1.678202e-01 -9.523198e-01 -2.548006e-01 8.216989e+00 0 310089
1.568362e+14 -6.298378e+13 -3.031254e+13 8.268041e-01 -5.582453e-01 6.897273e-02 -8.244393e+00 0 7
-1.421778e+13 -1.316660e+14 1.062521e+14 -6.313581e-01 -7.701391e-01 -9.095447e-02 1.782445e+00 0 1
-4.967747e+13 -1.240851e+14 1.154830e+14 -4.754878e-01 -8.755899e-01 -8.516892e-02 -1.093882e+01 0 1911967
1.670255e+14 -1.439397e+13 2.894901e+13 8.158378e-01 5.307688e-01 2.295500e-01 1.146111e+01 0 5
8.429556e+13 -1.371235e+14 -1.388539e+14 5.917912e-01 -3.415114e-01 -7.301733e-01 1.715324e+01 0 5592365
-1.718999e+14 -5.290193e+13 1.780337e+12 -9.935106e-01 -2.125018e-02 1.117367e-01 9.342820e+00 0 1867919
-1.165761e+14 -1.202075e+14 4.427163e+13 -6.711175e-01 -6.421079e-01 -3.705384e-01 8.455161e+00 0 16588594
-1.278578e+14 8.669085e+13 7.269805e+13 -7.115444e-01 6.782484e-01 -1.835312e-01 5.008036e+00 0 134587
1.046491e+14 4.839602e+13 1.250705e+14 -1.680414e-01 3.865004e-01 9.068514e-01 1.554048e+01 0 3306570
1.070743e+14 1.204627e+14 -5.337731e+13 -8.794701e-03 9.108299e-01 -4.126882e-01 8.498085e-01 0 8069323
3.389627e+13 -1.484985e+14 -9.642936e+13 4.629272e-01 -8.859405e-01 -2.842474e-02 -9.242346e+00 0 4781396
1.649893e+14 3.977774e+13 2.744156e+13 5.538877e-01 -4.119124e-01 -7.235583e-01 -1.945582e+01 0 1352330
9.831064e+13 6.984950e+13 1.914333e+14 8.943579e-01 -1.969319e-02 4.469184e-01 -2.143848e+01 0 520542
9.465467e+13 -1.259845e+14 6.295822e+13 7.955279e-01 -5.738148e-01 1.946069e-01 -1.005417e+01 0 11728889
1.573198e+14 4.342198e+13 -4.635843e+13 7.356608e-02 9.073669e-01 -4.138517e-01 1.778438e+01 0 40292465
-1.050852e+14 5.370419e+13 -1.219327e+14 -1.015876e-01 -3.339363e-01 -9.371054e-01 -9.870352e-01 0 62914
-8.145263e+13 -1.408174e+14 -7.255105e+13 -6.650404e-01 -7.448206e-01 -5.443731e-02 1.536535e+01 0 409557
-7.835140e+13 3.027632e+13 1.474122e+14 7.795477e-01 -5.935343e-02 6.235243e-01 -7.283511e+00 0 2874199
-5.894167e+13 -1.625605e+14 4.960072e+13 -2.505195e-01 -8.972543e-01 -3.635583e-01 -2.041173e+01 0 5850419
1.551834e+14 1.891817e+13 -7.942498e+13 8.561887e-01 -5.080634e-01 9.387491e-02 1.407183e+01 0 2965179
-9.479600e+13 8.883386e+13 1.130806e+14 -4.709682e-01 2.658308e-01 8.411438e-01 6.796594e+00 0 1
-1.063944e+14 3.682664e+13 1.274298e+14 -8.094215e-01 5.590513e-01 1.797178e-01 7.910340e+00 0 2640350
-1.250335e+14 -1.189279e+13 1.150978e+14 -5.897781e-01 3.675974e-01 7.190507e-01 -7.130555e+00 0 46655921
-5.414814e+13 -1.466104e+14 -1.018932e+14 -4.495220e-01 -5.406207e-01 -7.110972e-01 1.038999e+01 0 567217
1.501020e+14 -8.053970e+13 2.231821e+12 4.872161e-01 -8.731508e-01 -1.510421e-02 -1.394349e+01 0 1973048
2.086791e+13 1.587343e+14 -7.707868e+13 6.050928e-01 7.917435e-01 -8.369488e-02 -2.109191e+01 0 3224231
4.841363e+13 1.444846e+14 -8.474058e+13 5.753515e-01 7.036378e-01 -4.169706e-01 1.584216e+01 0 792748
-3.498990e+13 1.351603e+14 -1.007982e+14 5.990641e-01 7.537152e-01 -2.702509e-01 -1.650895e+01 0 19657745
-1.357292e+14 -2.434927e+13 -1.163195e+14 -3.751376e-01 5.039582e-01 -7.780090e-01 6.323804e+00 0 135794
5.601928e+13 5.967632e+13 -1.511085e+14 3.751216e-01 6.939672e-01 -6.145676e-01 -1.164411e+01 0 2130764
1.372357e+14 -1.049511e+13 -1.107952e+14 -3.190891e-01 3.708266e-02 -9.469989e-01 -1.429205e+01 0 7006512
1.408618e+14 -6.414010e+13 -7.111156e+13 9.470533e-01 -1.929325e-02 3.204961e-01 -9.717548e+00 0 12282278
-9.258749e+13 -2.678763e+12 -1.489509e+14 -5.983478e-01 -3.601510e-01 -7.157312e-01 -1.090606e+01 0 11627125
7.230644e+13 2.589177e+13 -1.794673e+14 1.627849e-01 -4.953886e-01 -8.532826e-01 -1.822633e+01 0 7371851
-4.401693e+12 1.658753e+14 -4.572325e+13 2.547693e-01 9.319038e-01 -2.581626e-01 -2.112675e+01 0 9554286
5.240388e+13 3.209479e+13 -1.623603e+14 -5.548838e-01 2.617177e-01 -7.896884e-01 -1.018232e+01 0 829417
-1.655474e+14 4.022241e+13 1.029581e+13 -7.938266e-01 -6.027104e-01 8.111419e-02 2.387940e+01 0 2799395
-1.479823e+14 9.055500e+13 1.920141e+13 -1.344168e-01 8.350403e-01 5.335164e-01 -1.519095e+01 0 104062
-1.527070e+14 -8.875732e+12 -7.363199e+13 -5.804869e-02 2.533243e-01 -9.656382e-01 -6.890483e+00 0 30721
9.346851e+13 1.280049e+14 6.071879e+13 5.469624e-01 -4.628462e-01 6.975712e-01 6.043485e-02 0 1209446
6.707901e+12 -1.140721e+14 1.314439e+14 2.228150e-01 -4.419225e-01 8.689407e-01 -1.347079e+01 0 4166407
3.293418e+13 1.403711e+14 9.182286e+13 -7.153017e-01 5.831035e-01 3.851412e-01 1.877162e+01 0 10285125
7.849828e+13 -1.049531e+14 -1.110986e+14 4.100148e-01 -8.172351e-01 -4.049873e-01 -2.233410e+01 0 10213483
2.400703e+13 -8.905032e+13 1.427761e+14 9.253271e-01 2.324846e-01 2.995342e-01 -1.255417e+00 0 695243
4.924029e+13 1.486044e+14 9.492752e+13 3.987190e-01 1.432589e-01 9.058146e-01 9.809466e+00 0 1339256
1.011828e+14 -1.231601e+14 6.012170e+13 4.694609e-02 -3.934572e-01 9.181435e-01 7.296544e+00 0 341608
-2.432203e+13 3.880797e+13 1.638076e+14 -9.549121e-01 2.968872e-01 9.171102e-04 -4.491576e+00 0 3968815
-5.633239e+13 -1.630601e+14 -7.582172e+13 -8.261610e-01 -4.220782e-01 -3.732398e-01 -2.911595e+01 0 9924741
1.035190e+14 5.373539e+12 -1.345657e+14 8.921102e-01 1.859788e-01 -4.117661e-01 -7.672814e+00 0 1656318
1.354427e+13 -1.656268e+14 -3.503504e+13 -2.780627e-01 -1.816755e-01 -9.432259e-01 -1.010979e+01 0 586769
5.938869e+13 -1.313166e+14 -9.178372e+13 -2.585895e-02 -6.584208e-01 -7.522056e-01 4.045816e+00 0 3298340
-7.994884e+13 1.268365e+14 8.555980e+13 -6.210568e-01 5.359914e-01 5.718406e-01 -7.298352e+00 0 41
-1.273400e+14 -1.154028e+14 -4.088875e+13 -7.486933e-01 -5.525493e-01 -3.662617e-01 7.849711e+00 0 6719169
-9.082033e+13 -1.200142e+14 8.397524e+13 -2.727967e-01 -9.616537e-01 -2.835567e-02 1.795430e+01 0 733841
1.563548e+14 5.210813e+13 -4.825099e+13 5.839322e-01 5.460301e-01 -6.007281e-01 -9.073301e+00 0 8680193
-2.551033e+13 1.560156e+14 -6.637416e+13 8.226522e-01 5.685204e-01 -5.282457e-03 -1.597784e+01 0 7255172
4.679486e+12 -4.046134e+13 1.732234e+14 2.729035e-01 -6.842946e-01 6.762134e-01 1.376105e+01 0 3397343
1.845103e+14 -1.324594e+12 2.062437e+13 8.339158e-01 1.415473e-01 5.334312e-01 1.644470e+01 0 9223250
4.747488e+13 -6.709993e+13 -1.513100e+14 5.504418e-01 -6.715662e-01 -4.959968e-01 9.999014e+00 0 5873266
1.169994e+14 -1.025889e+14 7.644620e+13 7.136770e-01 -3.843645e-02 6.994196e-01 -4.937239e+00 0 1467959
8.988052e+13 -8.512848e+13 1.220542e+14 4.261883e-01 -7.555425e-01 4.975129e-01 1.613488e+01 0 15938270
1.148476e+14 -7.817843e+13 9.875391e+13 6.505013e-01 -6.934826e-01 3.097256e-01 -5.388205e+00 0 1695938
-1.059654e+14 -5.387180e+13 1.352866e+14 1.990227e-01 -2.127090e-01 9.566320e-01 1.456955e+01 0 8787732
-2.132064e+13 1.691116e+14 -2.250839e+13 6.667880e-01 7.280582e-01 1.591384e-01 -2.421018e+01 0 9456056
8.778561e+13 1.293182e+14 6.616755e+13 7.182506e-01 6.460098e-01 2.584326e-01 1.054553e+01 0 4336101
1.228370e+14 -1.515115e+14 8.546914e+13 8.430476e-02 -9.183235e-01 3.867487e-01 1.728031e+01 0 7849261
1.614927e+14 4.780286e+12 5.287260e+13 8.563611e-01 4.783901e-01 -1.943930e-01 -1.109196e+01 0 1817353
-2.578906e+13 1.761754e+14 4.810380e+12 -7.960357e-01 2.335435e-01 5.583767e-01 -1.628978e+01 0 778397
-4.622510e+13 1.490909e+14 -8.514888e+13 -6.511077e-01 7.072466e-01 -2.754288e-01 1.087996e+01 0 14
-9.866072e+13 1.399603e+14 -4.563800e+13 2.065211e-01 9.775839e-01 4.097171e-02 -1.615240e+01 0 2230329
2.247943e+13 6.722657e+13 -1.562838e+14 3.645646e-01 5.478307e-01 -7.529769e-01 -9.169016e+00 0 422174
-1.649443e+14 4.379784e+13 3.283706e+13 -3.763130e-01 2.510550e-01 8.918296e-01 1.133517e+01 0 33196669
-1.406278e+14 4.074067e+12 1.180604e+14 -4.137740e-01 -4.508347e-01 7.909103e-01 2.171920e+01 0 21766655
1.197284e+14 -1.189437e+14 2.518998e+13 4.729318e-01 -4.423917e-01 -7.619876e-01 -6.131250e+00 0 10
8.112915e+12 1.667400e+14 -6.214014e+13 -5.079483e-02 7.685869e-01 -6.377257e-01 9.027503e+00 0 2528308
1.422736e+14 -2.916701e+13 -9.304037e+13 6.962390e-01 -3.447532e-01 6.296003e-01 -1.508410e+01 0 12979663
-1.584233e+14 6.077503e+13 1.714148e+13 -7.052181e-01 -1.113492e-01 7.001920e-01 1.510826e+01 0 767767
-3.752371e+13 -5.396507e+13 1.612545e+14 -1.858323e-01 -9.517932e-01 2.440411e-01 -1.085083e+01 0 7618436
-7.767455e+13 3.439328e+13 -1.483735e+14 -2.589424e-01 6.406124e-01 -7.228863e-01 -8.669347e+00 0 15022371
1.386084e+14 -1.136376e+14 -2.132253e+13 5.586808e-01 -8.243780e-01 9.097611e-02 1.228775e+01 0 3039646
5.502690e+13 1.608339e+14 -1.349614e+13 6.886103e-01 7.012972e-01 1.843857e-01 6.429923e+00 0 4157081
-7.196479e+13 1.546498e+14 4.523361e+13 -7.669695e-01 5.907213e-01 -2.506115e-01 -1.454658e+01 0 3040762
-3.173774e+13 6.174701e+13 1.601116e+14 6.807877e-01 -3.292119e-01 6.543300e-01 1.112635e+01 0 2913799
1.232726e+14 1.181644e+14 8.547858e+12 7.418157e-01 6.052779e-01 -2.887008e-01 5.747909e+00 0 2233886
1.499126e+14 1.831200e+13 -8.722693e+13 2.838622e-01 4.635480e-01 -8.393721e-01 -5.965921e+00 0 216166
1.883851e+14 -1.328049e+13 -9.057346e+13 7.187775e-01 3.724911e-01 -5.870344e-01 -8.913444e+00 0 7264356
1.529846e+14 7.761458e+13 -3.686308e+13 6.419745e-01 7.182262e-01 -2.683654e-01 -5.223914e+00 0 2471933
-1.670856e+14 5.038420e+13 -1.120994e+13 -9.625407e-01 -4.132709e-02 -2.679691e-01 2.227173e+01 0 909567
-8.073159e+13 -1.169824e+14 1.021107e+14 -5.097189e-01 -8.463319e-01 -1.546253e-01 -1.949328e+01 0 7150413
-1.733170e+14 -5.688998e+13 5.650418e+11 -6.479209e-01 -1.537406e-01 -7.460310e-01 -2.015395e+01 0 6100238
1.976959e+14 2.597551e+13 1.737403e+13 9.593297e-01 -2.479941e-02 2.811967e-01 -1.394958e+01 0 13413790
1.202147e+14 -7.871394e+13 9.554551e+13 -1.438382e-01 -5.663307e-01 8.115295e-01 5.744867e+00 0 2428994
1.610558e+13 5.032937e+13 -1.683100e+14 9.255837e-01 9.384006e-02 -3.667273e-01 -1.517271e+01 0 2894267
-1.296680e+13 1.874155e+14 -3.816281e+13 -1.213449e-01 8.098696e-01 -5.739222e-01 1.998948e+01 0 2785394
3.886031e+12 -7.991361e+13 -1.505430e+14 -6.028243e-01 9.829395e-02 -7.917961e-01 3.357699e+00 0 183750
-1.034143e+14 1.417218e+14 1.534310e+13 -5.035353e-01 7.902752e-01 3.491667e-01 -1.410429e+01 0 10442483
-1.476023e+14 9.837340e+13 2.580862e+12 -8.442745e-01 1.791125e-01 -5.050933e-01 1.700603e+01 0 1511867
-1.408509e+14 5.968992e+13 7.464324e+13 -9.508316e-01 -2.048633e-02 3.090299e-01 4.000166e+00 0 5908737
4.046920e+13 1.696596e+14 -9.067105e+12 3.759251e-01 5.145038e-01 -7.706920e-01 1.757737e+01 0 683337
-2.741004e+13 -1.432005e+14 8.720716e+13 -7.278242e-01 3.504639e-02 6.848677e-01 -1.157586e+01 0 9381741
-1.462532e+14 -1.121576e+14 -5.220765e+13 -5.804553e-01 -8.142783e-01 4.749198e-03 2.443553e+01 0 1409114
1.460226e+14 -1.570503e+14 -1.439836e+13 3.233520e-01 -9.380473e-01 -1.245421e-01 -1.853225e+01 0 1331145
1.742083e+14 -5.707786e+13 -9.359689e+13 6.122538e-01 -6.012906e-01 -5.134150e-01 1.591877e+01 0 7604052
-1.546032e+14 1.725570e+13 7.237280e+13 -9.768387e-01 -1.601714e-01 -1.418847e-01 9.633252e+00 0 2904585
-4.005497e+13 8.584405e+13 -1.448342e+14 2.989406e-01 7.994122e-01 -5.211282e-01 6.556479e+00 0 6466600
2.542927e+13 2.282295e+13 -1.679648e+14 6.281223e-01 -6.728077e-01 -3.908863e-01 -7.221919e+00 0 10242546
-9.237332e+12 1.445330e+14 9.096440e+13 -9.609626e-01 2.370307e-01 1.427142e-01 1.414380e+01 0 17811645
-1.297587e+14 2.274051e+13 -1.566195e+14 -1.793835e-01 2.932676e-01 -9.390504e-01 -2.001916e+01 0 130097
1.657367e+14 6.671945e+13 7.168692e+13 7.588377e-01 6.318364e-01 1.579499e-01 -1.092802e+01 0 16948118
-1.471747e+13 -1.708511e+14 5.802185e+13 -9.440004e-02 -6.879850e-01 -7.195591e-01 1.650665e+01 0 2077691
-9.603982e+13 5.572581e+13 -1.282260e+14 -9.349845e-01 3.546876e-01 -8.060601e-04 4.941260e+00 0 8835829
7.737668e+13 -1.650553e+14 -1.884067e+13 7.034772e-01 -5.243622e-01 -4.797543e-01 1.611190e+01 0 1162803
3.808783e+13 -2.294075e+12 1.659462e+14 6.562517e-01 -5.633689e-01 5.019454e-01 -4.710973e+00 0 359929
-9.469103e+13 -9.320005e+13 -1.075945e+14 -6.056408e-01 -6.109860e-01 -5.097994e-01 -1.253266e+01 0 13
-8.597769e+13 9.722750e+13 1.114815e+14 -5.535924e-01 -3.583238e-02 8.320165e-01 -4.819343e+00 0 117402
-1.218375e+14 -9.923283e+13 1.092748e+14 -9.499137e-01 -1.018072e-02 3.123464e-01 9.138032e+00 0 3830661
-6.566913e+13 1.521601e+14 -3.793238e+13 7.741385e-01 6.177471e-01 1.381959e-01 3.221211e+00 0 2107889
-1.422103e+14 -2.982247e+13 -8.815020e+13 -3.472023e-01 3.247780e-01 -8.797555e-01 -2.045387e+01 0 6454206
-7.655636e+13 4.108642e+13 1.506691e+14 -2.932505e-01 6.987577e-01 6.524890e-01 -1.186128e+01 0 6074539
-1.719882e+14 2.211012e+13 2.071687e+13 -9.318237e-01 -3.322452e-01 -1.460058e-01 -1.410202e+01 0 7731854
-7.160737e+13 7.290094e+13 1.357315e+14 -6.516817e-01 -4.375274e-01 6.195811e-01 -5.147128e+00 0 6462556
-8.641238e+13 1.283522e+14 -6.949005e+13 -4.049224e-01 -1.019512e-01 -9.086495e-01 5.421570e+00 0 1221042
-1.509974e+14 1.951906e+13 -8.013219e+13 -9.206665e-01 -1.332248e-01 -3.669120e-01 1.061611e+01 0 425412
-4.342447e+13 6.410110e+13 1.784796e+14 2.138028e-01 4.536429e-01 8.651569e-01 2.008530e+01 0 8038490
6.438105e+13 8.199644e+13 -1.502181e+14 1.245615e-01 -5.027733e-01 -8.553967e-01 -2.071426e+01 0 2710232
-1.445752e+14 6.612319e+13 -9.207534e+13 -8.568049e-01 3.761820e-01 -3.526648e-01 -1.467568e+01 0 1013948
9.877360e+13 6.828275e+13 1.223341e+14 -3.323373e-01 8.433824e-01 4.222062e-01 -3.160130e+00 0 6485686
7.317439e+13 -1.478641e+14 -4.769930e+13 -4.065031e-02 -4.361259e-01 -8.989671e-01 -1.124344e+01 0 3775255
-1.086005e+14 3.010140e+13 1.268560e+14 -6.884167e-01 -5.380149e-01 4.864385e-01 -1.292142e+00 0 1624692
1.462566e+14 -4.655905e+13 9.415532e+13 9.847687e-01 1.142506e-01 1.310629e-01 -1.416015e+01 0 1413490
-1.070140e+14 7.825441e+13 1.165058e+14 -1.992191e-01 7.483733e-01 6.326524e-01 -1.092466e+01 0 2111456
6.463171e+13 -1.502249e+14 -5.268291e+13 -5.848463e-02 -9.970345e-01 -5.001759e-02 -1.171148e+01 0 3316586
-4.984542e+13 -1.604999e+14 3.613808e+13 3.785807e-01 -5.051385e-01 7.755719e-01 1.027825e+01 0 158279
3.101351e+13 -1.613235e+14 -5.586229e+13 3.842047e-01 -8.637892e-01 -3.259678e-01 8.975569e+00 0 1
-1.073244e+14 5.732115e+13 -1.237957e+14 -9.257322e-01 -1.225378e-01 -3.577770e-01 -7.610208e+00 0 2394671
-1.239260e+14 -6.081533e+13 1.108099e+14 -7.893724e-01 -6.004467e-01 -1.278865e-01 1.309632e+01 0 3082204
2.368462e+13 -5.608320e+13 1.594903e+14 8.493038e-01 -4.659913e-01 2.480629e-01 1.488692e+01 0 3770815
-1.170473e+14 1.467258e+12 -1.228361e+14 -7.153408e-01 2.038087e-03 -6.987728e-01 -5.358722e+00 0 7352348
-8.575657e+13 -7.496097e+13 1.402084e+14 -6.203215e-01 -7.713498e-01 1.421997e-01 -9.381228e+00 0 2282132
9.922539e+13 -8.103400e+13 -1.123059e+14 -3.487635e-01 -8.241205e-01 -4.463065e-01 -1.300387e+01 0 11
-1.614575e+13 -8.575709e+13 1.506539e+14 -5.507071e-01 -5.839088e-01 5.964664e-01 5.516223e+00 0 10321688
1.502622e+14 -7.542934e+13 2.788409e+13 7.996291e-01 4.080394e-01 4.405645e-01 -8.844729e+00 0 9394581
1.084955e+14 1.238326e+14 4.260807e+13 4.224818e-01 8.340065e-01 3.548836e-01 8.637336e+00 0 23911
-3.694222e+13 9.939354e+13 -1.345770e+14 -2.860181e-01 1.560382e-02 -9.580971e-01 1.131091e+01 0 5073911
-1.134469e+14 1.140210e+13 -1.295233e+14 -6.282623e-01 -5.893832e-02 -7.757659e-01 -4.171015e+00 0 2378836
2.743751e+13 1.557367e+14 -6.922869e+13 -1.084485e-01 6.582320e-01 -7.449628e-01 -6.681784e+00 0 2160292
-1.851958e+14 9.222105e+13 1.391815e+13 -7.911084e-01 5.783659e-01 1.990988e-01 1.443996e+01 0 7671000
-1.613837e+14 -4.606881e+13 6.696442e+13 -8.729254e-01 -4.437171e-01 2.027717e-01 -1.004655e+01 0 6353201
1.419868e+14 -2.200177e+13 -9.197646e+13 1.244002e-01 1.277308e-01 -9.839763e-01 9.084988e+00 0 593341
8.125734e+13 -1.096674e+14 -1.110238e+14 4.248057e-01 -2.396316e-01 -8.729930e-01 -1.091228e+01 0 4177906
2.876849e+13 -1.968863e+13 1.662408e+14 -5.311289e-01 4.231062e-01 7.340867e-01 -3.387810e+00 0 2629123
-3.320896e+13 -7.811177e+13 1.470122e+14 -6.222518e-01 -1.430489e-01 7.696361e-01 9.442575e+00 0 7644409
-1.472211e+13 1.602847e+14 5.455065e+13 -5.452924e-01 8.296005e-01 1.200798e-01 -7.407083e+00 0 1105364
-7.260182e+13 -1.010327e+14 -1.225660e+14 -9.406992e-01 -1.622897e-01 -2.979045e-01 -1.411304e+01 0 58017
1.640906e+14 -2.721030e+13 -5.111563e+13 8.240675e-01 -4.165935e-01 -3.838784e-01 -2.198975e+01 0 8014341
-1.139499e+14 1.098206e+14 6.720758e+13 -1.368055e-01 9.902489e-01 -2.629284e-02 -1.952993e+01 0 10953620
6.356262e+13 -1.487850e+14 7.143903e+13 -2.951957e-01 -7.378133e-01 6.070346e-01 -1.371279e+01 0 21308162
-7.834232e+13 -5.848086e+13 -1.411994e+14 -3.083933e-02 -2.749306e-01 -9.609694e-01 -1.383321e+01 0 3398728
5.104318e+13 -4.920583e+13 -1.593031e+14 1.221379e-02 -3.204828e-01 -9.471756e-01 -8.102443e+00 0 990540
-1.313617e+14 1.125589e+14 -1.250370e+13 -7.261969e-01 -2.084498e-01 -6.551235e-01 1.616978e+01 0 41137
1.169835e+14 1.176324e+14 -4.489735e+13 4.063686e-01 8.248710e-01 -3.930044e-01 -5.698338e+00 0 513231
1.939301e+13 -1.133394e+14 -1.248783e+14 2.649584e-01 -2.683697e-01 -9.261613e-01 6.969728e+00 0 309349
-1.389437e+14 1.111584e+14 -3.978916e+13 -6.657171e-01 5.621426e-01 -4.907306e-01 -1.800235e+01 0 1491210
-7.320868e+13 5.707998e+12 -1.552878e+14 5.192241e-01 1.837251e-01 -8.346565e-01 -1.112007e+01 0 30056
-1.463543e+14 6.950425e+13 -5.236141e+13 -7.794881e-01 5.043006e-01 3.715900e-01 4.114935e+00 0 1083689
1.202611e+14 9.364047e+13 8.376105e+13 7.457053e-01 1.545109e-01 6.481126e-01 9.371605e+00 0 633074
-1.547983e+14 4.965572e+13 1.044054e+14 -6.028574e-01 2.103470e-01 7.696214e-01 -1.974656e+01 0 4335734
-1.362273e+14 5.190405e+13 1.412103e+14 -7.400558e-01 -2.534101e-01 6.229773e-01 2.325308e+01 0 3426941
-1.360077e+13 1.635413e+14 4.289716e+13 -1.935451e-01 5.576910e-01 8.071685e-01 1.649733e+01 0 1687241
3.302162e+13 -1.782329e+14 -1.018318e+14 2.971429e-01 -8.681224e-01 -3.975796e-01 -1.690261e+01 0 6673840
-9.446082e+13 1.740189e+13 -1.920668e+14 -1.284663e-01 -1.703525e-01 -9.769731e-01 2.093415e+01 0 832950
1.089968e+14 9.834400e+11 -1.310828e+14 6.265300e-01 -7.783222e-01 -4.092252e-02 -6.712862e+00 0 3365980
1.212140e+14 -9.957305e+12 -1.265934e+14 5.949226e-01 -8.030369e-01 3.462421e-02 -1.824247e+01 0 2951106
-4.791155e+13 -1.640890e+14 -7.628501e+13 -2.225446e-01 -9.447889e-01 -2.405158e-01 -1.815547e+01 0 5968958
1.455886e+14 8.117328e+13 3.609064e+13 9.385420e-01 2.337663e-01 -2.539530e-01 -1.048145e+01 0 219237
9.833269e+13 1.985999e+14 -3.878765e+13 2.904019e-02 9.415335e-01 -3.356655e-01 -1.504153e+01 0 5687169
-1.784488e+14 5.830688e+13 -4.882370e+13 -9.932947e-01 -8.671979e-02 -7.645439e-02 1.914785e+01 0 6993141
4.163954e+13 -1.598599e+14 -3.909347e+13 2.285899e-01 -9.734773e-01 9.418510e-03 -1.104255e+01 0 2409976
-9.375434e+13 1.573498e+14 2.167063e+12 3.492205e-02 8.585204e-01 -5.115889e-01 1.699362e+01 0 969885
1.532957e+14 -7.479051e+13 7.085680e+12 7.165180e-01 4.998389e-01 -4.865830e-01 1.718836e+01 0 1653737
9.774107e+12 -1.641932e+14 -4.390060e+13 -3.643955e-01 -8.616944e-01 3.531271e-01 5.725787e+00 0 5070178
-1.084856e+14 -2.790124e+13 1.316706e+14 -5.432120e-01 -8.383938e-01 4.490586e-02 -5.708242e+00 0 3178921
-1.223312e+14 1.411234e+14 5.403124e+13 -8.190856e-01 5.322942e-01 2.139196e-01 -1.133630e+01 0 359469
3.055133e+13 -9.828948e+12 1.720117e+14 -2.412266e-01 -6.957666e-01 6.765490e-01 -1.515440e+01 0 3052501
-1.701875e+14 1.371357e+12 1.939744e+13 -7.667227e-01 -5.165761e-01 3.811634e-01 1.667784e+01 0 1833721
-9.886508e+13 3.348656e+13 -1.357534e+14 1.261922e-01 5.450418e-01 -8.288577e-01 -9.754938e+00 0 7878709
9.021907e+13 4.540879e+13 1.376844e+14 3.520685e-01 5.445174e-01 7.612809e-01 -1.271525e+00 0 1132987
1.932547e+13 8.676859e+13 1.451894e+14 5.549007e-01 6.756446e-01 4.853757e-01 -9.753683e+00 0 6178398
5.097216e+13 2.491282e+13 1.637400e+14 1.280856e-02 -2.676097e-01 9.634423e-01 -8.151449e+00 0 913838
2.438592e+13 1.619216e+14 -6.964761e+13 -5.441677e-01 7.219200e-01 -4.274494e-01 1.442523e+01 0 4238665
1.267654e+14 -1.268928e+14 -9.105617e+13 6.614301e-01 -7.113295e-01 2.377404e-01 1.815617e+01 0 8337543
1.643912e+14 6.104869e+13 -3.291753e+12 5.447384e-01 2.565517e-01 -7.983992e-01 -9.492616e+00 0 371190
1.333486e+14 -1.108259e+14 2.461856e+13 3.488732e-01 -6.788745e-01 -6.460781e-01 1.407931e+01 0 19792
4.122401e+13 -1.670127e+14 3.182038e+13 -1.523723e-01 -9.826732e-01 -1.055275e-01 1.734384e+01 0 5456909
-4.528482e+13 7.771607e+13 -1.485107e+14 -2.158637e-01 9.463613e-01 -2.404229e-01 -1.478593e+01 0 5926002
-8.317361e+13 1.125478e+14 -1.061408e+14 -5.376059e-01 -1.875498e-01 -8.220736e-01 2.328011e+01 0 5126769
-1.334584e+14 8.834335e+13 5.904219e+13 1.657061e-01 9.608745e-01 2.219499e-01 -1.303259e+01 0 9
-7.856313e+13 1.280500e+14 1.250784e+14 1.174197e-01 4.115839e-01 9.037761e-01 -1.746183e+01 0 895933
-4.660244e+13 -1.072613e+13 -1.683473e+14 -8.738404e-01 1.192814e-01 -4.713544e-01 7.750650e+00 0 1692568
-9.248971e+13 1.165516e+14 -1.070963e+14 -5.872339e-01 3.236120e-01 -7.419108e-01 -8.865122e+00 0 5193158
7.624558e+13 1.439408e+14 -4.946746e+13 -4.159278e-01 9.090483e-01 -2.520249e-02 -2.688106e+00 0 952743
1.164764e+14 -2.142435e+13 -1.224113e+14 -1.096428e-01 2.433497e-01 -9.637216e-01 6.517788e+00 0 119624
-8.003159e+13 1.314625e+14 7.181564e+13 -8.872568e-01 4.409078e-01 1.355572e-01 3.909463e-01 0 9983497
-3.334636e+13 1.500647e+14 -7.618856e+13 7.673300e-02 9.581918e-01 -2.756458e-01 -1.902914e+01 0 10064992
-1.690410e+14 4.677779e+13 6.458191e+13 -8.836139e-01 -4.538455e-01 -1.151116e-01 1.795489e+01 0 2587209
8.750673e+13 5.283071e+13 -1.407421e+14 8.280530e-01 2.987732e-01 -4.744078e-01 1.275675e+01 0 12824118
-1.116774e+14 -7.337637e+13 1.395322e+14 -6.814558e-01 1.692571e-01 7.120182e-01 8.776168e+00 0 11658902
-7.427163e+13 1.038903e+14 1.117130e+14 2.570412e-01 8.481640e-01 4.631930e-01 -7.546691e+00 0 685590
-1.282916e+14 8.306428e+13 -7.869301e+13 -3.893721e-01 8.087641e-01 4.407833e-01 4.830513e+00 0 205212
1.315419e+14 1.142596e+14 -2.781124e+13 -5.980859e-02 8.992514e-01 -4.333241e-01 2.651146e+01 0 7277725
-1.949528e+13 8.692562e+13 1.473384e+14 2.733667e-01 9.437829e-01 1.858614e-01 1.034680e+01 0 1115330
-1.735990e+14 6.347566e+13 7.491027e+11 -9.288639e-01 5.006391e-02 3.670225e-01 -1.386258e+01 0 1186936
1.363736e+14 -9.717468e+13 5.871551e+13 8.008794e-01 -4.853006e-01 -3.508212e-01 1.594025e+01 0 7455303
1.014140e+14 1.311929e+14 3.567972e+13 -3.605057e-01 3.660237e-01 8.579407e-01 -5.841518e+00 0 2710626
-1.532666e+14 -1.082690e+14 4.040094e+13 -8.004720e-01 -5.934638e-01 -8.393577e-02 -1.912722e+01 0 2035209
-4.489616e+13 1.300998e+14 -9.966329e+13 -1.754894e-01 6.162743e-01 7.677301e-01 -1.351010e+01 0 744999
1.597994e+14 5.652915e+13 7.856840e+12 8.263829e-01 2.708688e-01 -4.936815e-01 -7.600483e+00 0 4389122
1.358824e+14 8.666869e+12 1.059663e+14 8.193315e-01 5.657230e-01 9.302328e-02 2.311732e+01 0 4033116
1.294846e+14 1.056102e+14 -4.348317e+13 -7.884650e-02 9.673338e-01 -2.409326e-01 2.330717e+01 0 10013165
-3.337071e+13 3.031591e+13 2.066195e+14 -1.032798e-01 8.530309e-02 9.909877e-01 -2.396816e+01 0 3274256
-1.335244e+14 1.744139e+13 -1.056730e+14 -8.660384e-01 -2.849536e-02 -4.991648e-01 -7.453405e+00 0 5989756
-1.402033e+14 -6.404476e+13 -7.078590e+13 -3.345006e-01 8.886912e-01 -3.135877e-01 -1.403315e+01 0 4114412
5.185559e+13 -2.718240e+13 -1.617401e+14 8.751646e-01 -1.652073e-01 -4.547455e-01 9.247789e+00 0 10846893
1.658507e+14 3.832638e+12 -5.338922e+13 7.270430e-01 -3.095516e-01 -6.128509e-01 -1.981712e+01 0 2494240
-1.681121e+14 1.434828e+13 3.492031e+13 -4.186745e-01 -8.427796e-01 3.382813e-01 1.462674e+01 0 3637052
-1.990513e+14 1.389486e+14 -7.022825e+13 -6.073377e-01 3.022526e-01 -7.347002e-01 2.152454e+01 0 11316553
-1.046534e+14 1.254273e+14 -8.250892e+13 -7.965973e-01 3.275080e-01 -5.081056e-01 -1.080068e+01 0 4292285
-1.516599e+14 -5.939123e+13 -5.058309e+13 -4.546604e-01 -3.934020e-01 7.990737e-01 -3.670776e+00 0 1446181
4.972025e+13 -6.984825e+13 1.601175e+14 -3.514558e-01 -5.397904e-01 7.649217e-01 -1.247436e+01 0 5386434
1.036734e+14 5.564632e+13 1.221867e+14 5.690142e-01 -4.664979e-01 6.772021e-01 8.385752e+00 0 4514602
3.383560e+13 1.488139e+14 7.734849e+13 1.024139e-01 9.721266e-01 -2.109060e-01 -1.150731e+01 0 198710
8.921471e+13 1.896730e+14 1.257644e+14 -5.118508e-02 9.499738e-01 3.081068e-01 2.058294e+01 0 7182198
-1.532981e+14 3.577086e+13 6.340407e+13 -8.968625e-01 4.341842e-01 8.439060e-02 -5.659964e+00 0 2
1.024293e+14 1.223420e+14 -1.100983e+14 7.680460e-01 6.119576e-01 -1.887148e-01 -1.749312e+01 0 17028567
-4.121952e+13 -1.169610e+14 -1.199006e+14 -3.157176e-02 -9.952256e-01 9.235431e-02 1.260306e+01 0 2175930
-2.315298e+13 -8.139693e+13 1.471555e+14 -7.257528e-01 -5.774665e-01 3.739188e-01 -6.778577e+00 0 20261574
5.355906e+13 -1.028608e+14 1.363396e+14 -3.753487e-02 5.692378e-02 9.976727e-01 7.482970e+00 0 1397975
-1.064173e+14 1.379455e+14 -6.520732e+13 -2.296029e-01 9.732666e-01 -5.878859e-03 7.101194e+00 0 4285787
7.642600e+13 1.027604e+14 -1.119900e+14 4.118139e-01 9.036006e-01 1.179629e-01 -4.707074e+00 0 19164
-8.088234e+13 5.236644e+13 -1.644821e+14 -3.365870e-01 8.549350e-03 -9.416136e-01 1.653921e+01 0 2239823
6.590835e+13 -2.309906e+13 -1.587164e+14 8.548722e-02 -9.488172e-01 -3.040358e-01 1.259793e+01 0 1811520
2.743990e+13 -2.193580e+14 6.592310e+13 -5.649129e-02 -8.170345e-01 5.738147e-01 -2.255453e+01 0 4183147
-1.734261e+14 -2.753462e+13 6.337635e+13 -3.218353e-01 5.308012e-01 7.840103e-01 2.049149e+01 0 9292773
1.305724e+14 1.033022e+14 -3.310583e+13 9.954571e-01 4.980599e-02 -8.114465e-02 -1.358679e+01 0 374554
4.572113e+13 -3.371781e+13 1.611861e+14 6.504423e-01 -6.131434e-01 4.483079e-01 4.131817e+00 0 13182008
3.754233e+13 -1.189603e+13 1.659832e+14 -2.599725e-01 2.321549e-01 9.372931e-01 -5.418134e+00 0 4724080
-5.813265e+13 -1.045044e+14 1.351830e+14 -6.536741e-01 -6.803410e-01 3.314307e-01 1.105884e+01 0 4500603
-1.484085e+14 -5.980305e+13 -6.835380e+13 -7.718035e-01 -7.475009e-02 6.314521e-01 -1.100549e+01 0 4074063
-1.361225e+14 -1.029561e+14 3.266306e+12 -9.023001e-01 3.823975e-01 -1.990647e-01 -1.054609e+01 0 4586511
-8.032952e+13 -2.632186e+12 -1.839783e+14 -2.133918e-01 6.360483e-02 -9.748940e-01 1.443761e+01 0 1722915
1.295475e+14 -4.433910e+12 -1.171374e+14 9.973672e-01 5.578235e-02 4.633547e-02 1.338935e+01 0 755650
1.002554e+14 2.862336e+13 -1.580778e+14 5.630096e-01 2.557223e-01 -7.858921e-01 1.872337e+01 0 1324668
-1.904497e+13 -1.674122e+14 7.941037e+13 -2.763445e-01 -7.587042e-01 5.899166e-01 1.282756e+01 0 14149732
9.861681e+13 -7.155816e+13 1.198630e+14 9.402269e-01 -2.695515e-01 2.081234e-01 -7.026743e+00 0 2134458
1.099077e+14 1.298848e+14 -2.718213e+13 1.172659e-01 9.007817e-01 -4.181401e-01 -5.452426e+00 0 2216455
1.743167e+14 3.316088e+13 6.726792e+13 8.998699e-01 -2.796831e-01 3.346812e-01 -2.311067e+01 0 2440859
6.128194e+12 1.344348e+14 -1.036134e+14 -5.410463e-01 8.378192e-01 7.299202e-02 -2.460161e+00 0 2282831
-1.622247e+14 -7.906423e+13 -9.327546e+13 -8.299358e-01 -5.446171e-01 -1.208253e-01 -1.521857e+01 0 1040134
6.254373e+13 -8.092704e+13 1.358824e+14 -1.519543e-01 -6.312966e-01 7.605094e-01 2.236507e+00 0 2000416
-9.649661e+12 -9.807479e+13 1.414705e+14 7.314396e-02 -5.747661e-02 9.956638e-01 -7.454649e+00 0 14415997
-5.055645e+13 -1.423260e+14 -7.817221e+13 6.643233e-01 -6.870191e-01 2.944136e-01 -7.447869e-01 0 477991
1.416586e+14 -4.642407e+13 -8.138365e+13 6.721121e-01 -3.308432e-01 6.624259e-01 1.548759e+01 0 5711984
-1.197016e+14 8.804498e+13 8.314886e+13 -8.845103e-01 -3.729498e-02 -4.650275e-01 -5.439900e+00 0 11717550
-1.056369e+14 -8.375358e+13 1.172108e+14 -2.692152e-01 -5.391142e-01 7.980470e-01 1.378104e+01 0 29
1.229775e+14 -6.025973e+13 -1.242200e+14 8.322490e-01 -5.532375e-01 -3.591464e-02 -1.633851e+01 0 678686
-9.952749e+13 1.142026e+14 9.862977e+13 -8.071861e-01 3.969341e-02 5.889610e-01 -1.268589e+01 0 6300863
-1.564908e+14 -6.086058e+13 5.356030e+13 -9.556042e-01 -2.133622e-01 2.032169e-01 6.035724e+00 0 141764
8.943494e+13 6.206173e+13 -1.315161e+14 8.799973e-01 4.739458e-01 3.130687e-02 -7.595652e+00 0 7642378
1.282186e+14 1.068021e+14 -5.019664e+13 7.645443e-01 6.445712e-01 3.453762e-06 2.045286e+01 0 5256859
2.961499e+13 -1.334753e+14 -1.100495e+14 6.338582e-01 -7.252880e-01 2.686655e-01 -1.514833e+01 0 11111187
1.652204e+14 -3.882165e+13 -1.899656e+13 4.484574e-01 -4.433739e-01 -7.760835e-01 8.711124e+00 0 10874581
-1.707605e+14 4.605596e+13 1.105816e+13 -9.028649e-01 -4.179582e-01 -1.007266e-01 2.005638e+01 0 663528
-2.098734e+13 -1.449452e+14 -9.239595e+13 3.968176e-02 -9.671677e-01 2.510221e-01 1.204845e+01 0 4824671
-3.683687e+13 -5.400917e+13 -1.567232e+14 1.892308e-01 -3.500960e-01 -9.174009e-01 2.451133e+01 0 2474266
1.023714e+14 5.059861e+13 -1.415964e+14 9.559455e-01 7.177173e-03 -2.934565e-01 -1.405567e+01 0 13269211
8.151362e+13 2.241832e+13 -1.481841e+14 8.536391e-01 -1.051633e-01 -5.101381e-01 -1.548349e+01 0 5207454
6.337579e+12 1.634887e+14 5.119309e+13 2.649782e-01 6.859308e-01 6.777061e-01 -1.684032e+01 0 7640645
1.179593e+13 1.367370e+14 1.057690e+14 9.369853e-01 3.325119e-01 1.072120e-01 -2.188739e+01 0 10566904
5.728039e+13 -1.538194e+14 8.711576e+13 -1.275495e-03 -5.803361e-01 8.143761e-01 -1.718972e+01 0 3058965
-7.767049e+12 7.902400e+13 -1.509549e+14 4.376733e-01 -5.492453e-02 -8.974549e-01 -1.009478e+01 0 1310157
-1.401654e+14 -5.611486e+13 -9.087993e+13 -2.117470e-01 -9.017048e-01 -3.769504e-01 1.536258e+01 0 528911
-1.073466e+14 -1.458375e+13 1.394611e+14 -4.393748e-01 1.056311e-01 8.920716e-01 -1.278904e+01 0 1748652
1.350969e+14 -1.037878e+14 1.503850e+13 4.442570e-01 -8.733398e-02 8.916325e-01 -1.275317e+01 0 5480424
-6.958470e+13 8.211779e+13 1.316045e+14 -7.735092e-01 -4.143287e-01 4.795991e-01 2.141404e+01 0 7117244
1.184442e+14 1.137663e+13 -1.617010e+14 8.277983e-01 4.159525e-01 -3.764751e-01 -2.047029e+01 0 347501
-6.606233e+13 -1.167917e+14 1.172032e+14 -7.875732e-01 -2.817917e-01 5.480164e-01 -2.362058e+01 0 1229372
-1.388727e+14 1.067320e+14 -1.023544e+12 -8.053681e-01 -4.151004e-02 5.913198e-01 -4.936915e+00 0 2203745
2.220086e+13 1.773168e+14 -2.971037e+13 -4.495599e-01 8.932423e-01 3.750685e-03 -1.290419e+01 0 902610
-2.286440e+13 1.576692e+14 -8.612481e+13 -2.628776e-01 9.414524e-01 2.110989e-01 9.764833e+00 0 3468757
-1.101844e+14 1.287503e+13 1.401477e+14 -4.680965e-01 5.699321e-01 6.753244e-01 1.167201e+01 0 785881
-5.533017e+13 -7.738899e+13 1.589252e+14 -3.975819e-01 -1.387578e-01 9.070143e-01 -1.080044e+01 0 1543052
2.932849e+13 -1.576830e+14 7.790527e+13 4.613201e-01 -5.906713e-01 6.620356e-01 1.166433e+01 0 1677749
-1.341441e+14 -1.522358e+14 1.090760e+14 -2.927177e-01 -9.561637e-01 -8.204522e-03 -1.814349e+01 0 1192102
9.302847e+12 -1.573505e+13 -1.687387e+14 4.714808e-02 -5.727105e-01 -8.184007e-01 -5.786083e+00 0 22709021
1.294231e+14 -1.075142e+14 3.057194e+13 9.558751e-01 -2.602520e-01 -1.362778e-01 1.808162e+01 0 3971874
-4.210963e+13 -6.617289e+13 -1.538593e+14 -1.255143e-01 -5.500820e-01 -8.256246e-01 5.558076e+00 0 13062665
-7.063230e+13 -1.655717e+13 1.641834e+14 -5.586620e-01 -5.301082e-01 6.378731e-01 1.087295e+01 0 12991365
1.441258e+13 -1.264683e+13 1.700957e+14 3.013505e-01 4.289210e-01 8.515953e-01 1.016063e+01 0 3610852
-1.621984e+14 5.423191e+13 1.392932e+13 -5.898908e-01 -3.500140e-01 -7.276806e-01 1.191658e+01 0 1525094
-1.346270e+13 -7.054925e+13 -1.560855e+14 -2.582183e-01 -9.654361e-01 3.544712e-02 1.611467e+01 0 7166785
-1.299497e+14 9.455792e+13 1.006424e+14 -7.800623e-01 -1.412927e-01 6.095402e-01 1.873466e+01 0 96597
2.595391e+13 1.814372e+12 -1.678540e+14 4.709664e-02 -9.921764e-01 -1.156192e-01 -1.092851e+01 0 10308906
7.186807e+13 3.139427e+13 -1.559238e+14 2.442941e-01 3.614648e-01 -8.998131e-01 1.757375e+01 0 7209013
1.772951e+14 2.779911e+13 -1.414175e+12 8.746610e-01 -4.309942e-01 -2.218381e-01 7.627850e+00 0 7471945
9.417566e+13 1.244017e+13 -1.492467e+14 2.756245e-01 2.578306e-01 -9.260424e-01 -9.069645e+00 0 4574471
-5.763718e+13 -1.605261e+14 5.689253e+12 3.657952e-01 -9.298953e-01 3.858244e-02 1.583071e+01 0 3022498
-8.977951e+13 8.304318e+13 1.199123e+14 -6.490182e-01 2.351362e-01 7.235236e-01 -1.879301e+01 0 958532
3.390418e+13 -1.653534e+14 -1.732363e+13 -7.821292e-01 -6.214212e-01 4.593048e-02 2.922600e+00 0 1007760
1.678271e+14 -3.762882e+13 -2.095631e+12 3.715677e-01 -8.924700e-01 -2.558023e-01 8.033524e-01 0 2133399
-3.943994e+13 7.769768e+13 1.484426e+14 3.238113e-01 -1.861801e-01 9.276223e-01 -2.231509e+01 0 1574888
-1.372808e+14 -1.192925e+14 -5.870970e+13 -7.253742e-01 -9.433250e-02 -6.818604e-01 1.158478e+01 0 6138021
4.102107e+13 -3.080322e+13 -1.626491e+14 -5.338597e-01 -2.536405e-01 -8.066352e-01 4.976757e+00 0 8838947
-1.154825e+14 5.374288e+13 -1.123221e+14 -7.613731e-01 6.466029e-01 4.707031e-02 3.062325e+00 0 18675463
7.099973e+13 -1.204173e+14 -1.009941e+14 -2.393420e-02 -1.845373e-01 -9.825340e-01 -1.569491e+01 0 3179691
-8.189403e+13 -1.537492e+14 1.817419e+13 6.833605e-02 -9.378841e-01 3.401524e-01 2.312610e+01 0 6156846
-1.468653e+13 -7.992864e+13 1.500943e+14 3.486109e-01 -7.986048e-01 4.906127e-01 1.159063e+01 0 2183767
-7.393018e+13 1.069339e+14 1.106729e+14 -9.890458e-01 2.000037e-02 1.462480e-01 -3.717014e+00 0 93959
2.425218e+14 -1.434293e+14 7.471489e+13 8.145538e-01 -5.787212e-01 3.979887e-02 1.793061e+01 0 5117566
4.320108e+12 -1.617566e+14 7.480945e+13 5.263457e-01 -8.046437e-01 -2.747883e-01 2.462053e+01 0 1430532
1.784082e+14 -2.798027e+13 -1.784569e+12 7.948316e-01 -5.951186e-01 1.186448e-01 -1.485951e+01 0 4826415
-9.239918e+13 -1.088796e+14 -9.269674e+13 3.477394e-01 -9.352147e-01 -6.671379e-02 -1.334318e+00 0 3143605
9.766435e+13 1.300491e+14 -8.279138e+13 5.169038e-01 3.056972e-01 -7.995997e-01 -1.763916e+01 0 2302949
1.509829e+14 7.765429e+13 -1.622824e+13 9.344264e-01 3.500480e-01 6.567915e-02 7.983435e+00 0 451774
1.616665e+14 -3.764517e+13 3.842019e+13 7.277401e-01 -2.711576e-01 6.299745e-01 -1.393660e+01 0 5055561
5.439596e+13 1.378741e+13 1.657464e+14 8.124820e-03 -7.491163e-01 6.623886e-01 -1.183685e+01 0 11869405
-1.489005e+14 7.280813e+13 4.244876e+13 -7.880947e-01 -9.429862e-02 6.082882e-01 -3.589841e+00 0 2555935
-8.857693e+13 1.189832e+13 -1.502513e+14 -9.671098e-01 -2.377553e-01 -9.039338e-02 1.761219e+01 0 5927690
5.220451e+13 6.054684e+13 -1.500376e+14 -1.268581e-01 3.048855e-01 -9.439025e-01 1.880155e+01 0 1451838
-1.776861e+14 -2.400260e+13 -1.020260e+14 -9.025707e-01 -3.981840e-01 1.637548e-01 -1.254823e+01 0 2657965
-3.766949e+13 6.764558e+13 -1.515938e+14 -3.232227e-02 8.822390e-01 -4.696910e-01 -1.263052e+01 0 64263
1.957572e+13 8.118843e+12 -1.715374e+14 -3.549783e-01 2.405516e-01 -9.033965e-01 1.542149e+01 0 5845290
2.081072e+13 1.474446e+14 -8.141445e+13 2.349666e-01 9.719851e-01 -5.968504e-03 4.301659e-01 0 7222
-1.186689e+14 -7.343055e+13 1.000628e+14 -1.470788e-01 -9.845177e-01 9.535622e-02 -3.830070e+00 0 2637928
-1.492898e+14 6.357957e+13 6.426967e+13 -2.463314e-02 -7.121583e-03 9.996712e-01 -1.891210e+01 0 1956858
-8.588322e+13 3.381729e+13 -1.681897e+14 4.522397e-01 2.605013e-01 -8.530055e-01 -1.705423e+01 0 1141668
-3.179667e+13 1.719428e+14 7.270046e+12 -4.387441e-01 7.750149e-01 4.548136e-01 1.212147e+01 0 416482
-6.638195e+13 -3.640259e+13 1.635377e+14 -5.773626e-01 -2.673351e-01 7.714820e-01 -9.139756e+00 0 4508189
1.209454e+13 -1.329208e+14 -1.089832e+14 -2.660279e-01 -2.395741e-01 -9.337202e-01 6.208422e+00 0 499807
9.016092e+13 1.365323e+13 -1.547951e+14 9.676468e-01 2.512537e-01 2.304924e-02 -1.998424e+01 0 1487507
-1.092634e+14 8.606472e+13 -9.890841e+13 -7.148867e-01 5.116276e-01 -4.766279e-01 6.284125e+00 0 2108802
-8.756855e+13 1.064568e+14 1.065731e+14 -3.819034e-01 -2.993320e-01 8.743855e-01 1.318158e+01 0 2047709
1.735961e+14 -2.867852e+13 3.584363e+13 8.384506e-01 -8.720419e-02 5.379555e-01 -2.321325e+01 0 3903056
-5.003515e+13 2.526864e+13 -1.932893e+14 -5.615818e-01 -1.943701e-02 -8.271929e-01 -8.865423e+00 0 17899806
-6.603630e+13 -4.980244e+12 -1.844499e+14 -7.229503e-01 6.827379e-02 -6.875184e-01 -1.337240e+01 0 19614235
1.029918e+14 6.855159e+13 1.172679e+14 -1.606263e-01 9.085779e-01 3.855974e-01 -9.850138e+00 0 795693
-5.212806e+13 -1.479778e+14 -8.916762e+13 -4.341770e-01 -4.362631e-01 -7.881401e-01 -2.456816e+01 0 1066796
-3.488191e+12 -1.683653e+14 4.112135e+13 -5.453861e-02 -9.540947e-01 2.944976e-01 -1.256412e+01 0 1669053
6.229526e+13 1.663852e+14 7.106412e+12 8.321565e-01 3.847454e-01 3.993575e-01 4.023515e+00 0 7164929
-1.756349e+14 -4.302977e+12 -2.346203e+13 -7.195007e-01 -6.832069e-01 1.246877e-01 -1.314525e+01 0 18887290
-7.392319e+13 -1.013841e+14 1.212685e+14 -9.590840e-01 -1.715999e-01 -2.251918e-01 -1.384327e+01 0 7078580
9.557934e+13 -3.431325e+13 1.359278e+14 7.659116e-01 -8.685459e-02 6.370524e-01 -4.384870e+00 0 126327
1.113750e+14 -7.275919e+12 1.292944e+14 9.582092e-01 2.857932e-01 -1.254845e-02 2.156112e+01 0 5496701
-1.147332e+14 -9.635059e+13 -7.964148e+13 -3.512294e-01 -7.230647e-01 -5.948238e-01 1.436750e+00 0 161911
5.023419e+13 1.467498e+14 7.710183e+13 6.538418e-01 4.782975e-01 5.862784e-01 2.134710e+01 0 1972554
-9.580661e+13 1.088657e+14 -9.729999e+13 2.896229e-01 9.419788e-01 1.696897e-01 8.174456e+00 0 510536
-1.094511e+14 1.298351e+14 -1.714263e+12 -4.262554e-01 8.958211e-01 1.257416e-01 -7.103475e+00 0 127496
-1.091794e+14 -1.068665e+14 7.402593e+13 -1.576509e-01 -6.820475e-01 7.141130e-01 -3.839959e+00 0 377356
-1.488676e+14 -1.149760e+14 6.467894e+13 -7.322448e-01 -5.804684e-01 3.561937e-01 1.720283e+01 0 3725490
-5.657867e+13 -1.645987e+14 8.645512e+12 -6.022029e-01 -7.019628e-01 -3.802630e-01 -1.176778e+01 0 139433
1.397625e+12 -3.906666e+13 -1.651052e+14 9.818144e-01 -1.601284e-01 -1.019775e-01 -3.325051e+00 0 995764
-1.824077e+13 -1.575048e+14 6.742110e+13 3.914048e-01 -6.454767e-01 -6.558675e-01 1.155781e+01 0 15122038
4.663503e+13 -1.379508e+14 9.480046e+13 -8.041735e-03 -9.332500e-01 -3.591375e-01 -1.215226e+01 0 1894894
4.049051e+13 -3.541624e+12 1.694391e+14 -5.857794e-01 -2.467146e-01 7.720067e-01 1.459612e+01 0 5356809
7.460389e+13 -7.306161e+13 1.352673e+14 4.028266e-01 -5.324536e-01 7.444622e-01 2.062154e+01 0 5238017
2.994343e+13 -4.387935e+13 1.611494e+14 4.938662e-01 -8.349036e-01 2.429653e-01 8.286221e+00 0 4535915
6.692841e+13 -1.101210e+14 1.350085e+14 5.467435e-01 -4.873161e-01 6.808778e-01 -8.811989e+00 0 5635527
-1.727178e+13 1.277345e+13 1.684722e+14 -5.450394e-02 -6.483003e-01 7.594314e-01 -3.862930e+00 0 322252
1.745086e+14 5.440590e+13 -1.217570e+13 3.560063e-01 7.321339e-01 -5.807232e-01 2.014515e+01 0 12967858
-8.569573e+12 -6.626702e+13 1.561670e+14 9.808977e-02 -8.464699e-01 5.233232e-01 6.572055e+00 0 11643
2.163088e+13 1.666374e+14 3.534542e+13 3.371211e-01 6.279179e-01 7.014759e-01 -1.553270e+01 0 96265
4.406439e+13 -1.541801e+14 -5.561678e+13 -7.308585e-01 -6.817217e-01 3.318603e-02 -1.110444e+00 0 197052
1.369645e+14 9.042456e+13 4.362183e+13 7.247991e-01 6.886258e-01 -2.146579e-02 -7.979024e+00 0 2623276
-1.765672e+14 -5.300227e+13 1.305841e+13 -5.589874e-01 -7.621999e-01 3.264726e-01 1.888402e+01 0 1343966
1.250184e+14 -7.363714e+13 -8.897255e+13 6.569564e-01 6.828946e-02 -7.508294e-01 -1.903399e+00 0 774007
2.654528e+13 3.560424e+13 1.638761e+14 3.338017e-01 4.281198e-01 8.398154e-01 6.560782e+00 0 318982
-4.979681e+13 1.215766e+14 -1.080135e+14 -3.609500e-01 9.302010e-01 -6.664257e-02 1.619582e+01 0 1204357
-5.674920e+13 1.026560e+14 -1.238175e+14 -6.735742e-01 6.323536e-01 3.826573e-01 7.489377e+00 0 2583952
8.531327e+13 1.054504e+14 1.056096e+14 4.058590e-01 7.657612e-01 4.988870e-01 7.952262e+00 0 5717618
-6.828833e+13 4.303530e+13 -1.497470e+14 -8.431795e-01 -4.417056e-01 -3.065036e-01 -3.693344e-01 0 829698
1.306212e+13 -8.995627e+13 1.444005e+14 3.015775e-02 -2.552211e-01 9.664123e-01 1.881401e+00 0 93933
1.448525e+14 -8.970028e+13 -5.093861e+13 5.785990e-01 1.104239e-01 -8.081025e-01 1.607315e+01 0 13009775
-2.123095e+13 1.662772e+13 1.708892e+14 -8.795029e-01 4.358234e-01 1.911349e-01 1.724981e+01 0 4854757
8.876732e+12 1.754580e+14 6.018406e+13 6.040036e-02 9.616437e-01 -2.675691e-01 8.451426e+00 0 1022090
-9.991216e+13 -1.370193e+14 2.765737e+13 -8.613618e-01 -2.896648e-01 4.173130e-01 -1.453001e+01 0 4728450
-3.200239e+12 1.735440e+14 -5.367782e+13 1.444651e-01 6.919582e-01 -7.073356e-01 9.947366e+00 0 50997908
7.952966e+13 -1.408451e+14 -5.272350e+13 5.604027e-01 -6.076426e-01 5.627782e-01 -4.547874e+00 0 25220206
-9.419001e+13 1.411821e+14 -1.569873e+13 -3.568740e-01 8.381213e-01 4.125454e-01 1.434150e+01 0 214343
1.509584e+14 1.012103e+14 -1.007853e+13 5.845947e-01 7.302179e-01 -3.535969e-01 1.316353e+01 0 542755
-1.309181e+14 -7.951860e+13 1.006526e+14 -1.412239e-01 -6.311517e-01 7.626948e-01 -1.151386e+01 0 24118686
1.188966e+14 -8.439555e+13 -9.004828e+13 9.358447e-01 -3.299133e-01 1.239030e-01 -7.044531e+00 0 3181827
-1.160788e+14 1.105660e+14 -5.967609e+13 -4.530033e-01 8.908893e-01 3.323021e-02 2.551450e+00 0 87019
-5.126229e+13 -3.250802e+12 1.700602e+14 5.201419e-01 3.647630e-01 7.722696e-01 -1.683515e+01 0 841271
-1.125318e+14 1.276936e+14 3.208766e+12 -4.747696e-01 5.134792e-01 -7.147958e-01 6.202132e+00 0 1933518
-3.967076e+13 1.843259e+14 1.084632e+12 1.956892e-01 9.801534e-01 -3.170363e-02 1.203186e+01 0 4700267
1.090182e+13 1.367833e+14 9.982331e+13 1.154282e-01 8.154419e-01 5.672132e-01 -5.492509e+00 0 6660887
2.339938e+13 -1.376298e+14 -1.046562e+14 -4.959217e-01 -1.387725e-01 -8.572070e-01 -1.883164e+01 0 349255
-1.509274e+14 -2.157649e+13 -7.868290e+13 3.080242e-02 3.151572e-01 -9.485395e-01 -1.380468e+01 0 1637858
6.182862e+13 -1.577055e+14 4.533394e+13 -3.785856e-01 -8.697999e-01 3.164191e-01 -1.083374e+01 0 568685
2.546149e+13 -1.629684e+14 4.097232e+13 5.851549e-01 -5.748443e-01 -5.719683e-01 9.981728e+00 0 1
6.218853e+13 -1.012863e+14 -1.326789e+14 7.926414e-01 -5.213437e-02 -6.074550e-01 -4.387197e+00 0 1611075
-1.208806e+14 -8.242480e+13 8.617508e+13 -9.428196e-01 3.048580e-01 1.347321e-01 -1.027779e+01 0 538814
6.940325e+13 -1.209738e+14 -9.721638e+13 -5.471646e-01 -7.916427e-01 -2.718691e-01 -1.946574e+00 0 12047196
1.743683e+14 -2.193735e+13 -5.057242e+13 6.275306e-01 1.200841e-01 -7.692758e-01 2.725387e+01 0 6901679
9.112786e+13 -1.222433e+14 -9.631718e+13 2.792498e-01 -6.539078e-01 -7.031530e-01 1.089947e+01 0 1019764
6.147297e+12 -1.722104e+14 -8.596148e+11 -5.219091e-01 -8.402730e-01 -1.468069e-01 -2.167544e+01 0 3381285
-5.030137e+13 1.370187e+14 -8.926147e+13 -2.956364e-01 8.932075e-01 -3.387911e-01 -5.032533e+00 0 83471
-1.247384e+14 1.095447e+14 3.890872e+13 -3.412379e-01 -1.595497e-01 9.263372e-01 -2.991624e+00 0 261183
-3.675974e+13 -1.751785e+14 5.859500e+13 1.398017e-01 -9.651418e-01 2.212619e-01 1.416023e+01 0 20
-1.427132e+14 -1.239711e+13 -9.082355e+13 -6.837762e-01 -6.914094e-01 -2.332448e-01 8.201374e+00 0 259932
1.009966e+14 1.401673e+14 -3.969883e+13 9.032554e-01 -9.456013e-02 -4.185547e-01 -1.929739e+01 0 3548317
5.326186e+13 -7.079501e+13 -1.453846e+14 -2.692678e-01 -6.242376e-01 -7.333636e-01 7.974041e+00 0 5262378
4.174021e+13 1.717827e+14 -6.227717e+13 -1.386201e-01 8.862757e-01 -4.419274e-01 1.689310e+01 0 4480308
3.935150e+13 1.643197e+14 -2.008709e+13 7.700880e-01 3.607459e-01 -5.261434e-01 -9.060178e+00 0 2320058
-1.726666e+13 9.337395e+12 -1.719471e+14 -6.530279e-01 5.540533e-01 -5.163134e-01 1.540212e+01 0 4350577
4.810310e+13 8.283573e+13 -1.401871e+14 3.994557e-01 -1.979476e-01 -8.951268e-01 -2.357824e+01 0 10159380
1.060404e+14 1.315681e+14 3.194722e+13 1.123330e-01 4.090528e-01 9.055701e-01 -1.047607e+01 0 8400944
-5.344849e+13 9.696738e+13 -1.685326e+14 -3.299527e-01 6.027687e-01 -7.264992e-01 1.592582e+01 0 1127869
-3.906067e+13 8.913583e+13 -1.447689e+14 5.517581e-02 4.788547e-01 -8.761585e-01 -1.086879e+01 0 1280749
-1.502068e+14 2.599803e+13 7.718550e+13 -6.997886e-01 6.767740e-02 -7.111369e-01 8.224903e+00 0 7583364
1.291942e+14 1.809647e+14 -1.291328e+14 7.517109e-01 6.135624e-01 -2.418096e-01 -2.757905e+01 0 7629253
-1.689425e+14 -1.687771e+12 3.900029e+13 -8.279619e-01 -5.320395e-01 -1.772376e-01 1.602602e+01 0 11615381
-3.034535e+13 7.462390e+13 -1.496532e+14 -6.993640e-01 4.665390e-01 -5.415084e-01 1.164812e+01 0 1315081
9.740675e+13 -6.037965e+13 -1.460465e+14 -1.173024e-01 -6.031156e-01 -7.889814e-01 -2.224585e+01 0 5097912
-7.078131e+13 -4.402269e+13 1.491543e+14 -3.226651e-02 -3.295224e-02 9.989359e-01 -3.570004e+00 0 352896
-1.413946e+14 4.130343e+13 8.411088e+13 1.270271e-01 5.314156e-01 8.375330e-01 -9.694161e+00 0 6415494
2.489386e+13 -5.102552e+13 1.746987e+14 5.236747e-01 -3.912605e-01 7.567563e-01 1.444408e+01 0 4980503
1.675147e+13 1.759378e+14 -7.584202e+13 7.988670e-03 5.626695e-01 -8.266434e-01 -2.057717e+01 0 14486043
-7.385179e+13 1.531778e+14 -1.750955e+12 4.614455e-01 7.450682e-01 -4.816030e-01 1.692832e+00 0 10633166
1.776340e+14 -2.678631e+12 3.823085e+13 8.610904e-01 -1.516245e-01 4.853178e-01 1.513113e+01 0 2624577
3.860720e+13 -1.352698e+14 -1.009706e+14 3.734703e-02 -3.080146e-01 -9.506483e-01 -1.257549e+01 0 2309580
-1.277279e+14 1.086588e+14 -5.336452e+13 -5.942228e-01 7.766774e-01 -2.089771e-01 -1.747347e+01 0 9797900
-1.912120e+12 1.648364e+14 5.590771e+13 2.187983e-01 6.265975e-01 7.479992e-01 7.646514e+00 0 24404809
-1.168543e+14 5.661807e+13 1.524340e+14 -1.338826e-01 -2.024458e-01 9.700985e-01 1.906888e+01 0 14544561
-1.112225e+13 -9.301210e+13 -1.699111e+14 4.285848e-01 -3.328078e-01 -8.399726e-01 1.631748e+01 0 633981
1.129959e+14 -1.293722e+14 3.830004e+12 4.996519e-01 -8.661373e-01 1.241777e-02 5.972979e+00 0 10470979
1.086493e+14 -1.223126e+14 4.978074e+13 8.320738e-01 -1.044110e-01 5.447491e-01 -2.820206e+00 0 521939
4.001595e+13 -1.732017e+14 -1.568630e+13 5.488545e-01 -6.869147e-01 4.763475e-01 -7.168864e+00 0 24933790
1.060037e+14 -4.553964e+12 -1.582369e+14 8.322607e-01 1.026727e-01 -5.447939e-01 -1.150461e+01 0 806977
9.394880e+13 -1.361280e+14 8.886309e+13 8.692300e-01 -4.736522e-01 1.417493e-01 -1.748399e+01 0 4852312
-1.411463e+14 -7.420257e+13 7.501776e+13 -6.913010e-01 -5.656091e-01 -4.496547e-01 -1.875221e+01 0 1257753
6.136246e+12 1.053738e+14 -1.349413e+14 -2.856478e-01 8.526280e-01 -4.375282e-01 1.641261e+01 0 655889
2.886950e+13 1.540227e+14 -6.604367e+13 -6.948516e-01 4.967225e-01 -5.200462e-01 -1.896487e+00 0 125824
-3.157042e+13 -1.738503e+14 -4.645009e+13 1.387431e-01 -9.840011e-01 -1.117685e-01 1.520752e+01 0 1443882
-1.050812e+14 1.017035e+14 1.073989e+14 -1.083783e-01 2.643273e-01 9.583242e-01 -1.345885e+01 0 23250053
-3.387185e+12 -6.041634e+13 -1.585656e+14 -3.313847e-01 -9.373265e-01 1.077185e-01 -6.376667e+00 0 381912
-4.051223e+13 -4.304854e+12 1.745569e+14 -5.757587e-01 -1.300763e-01 8.072063e-01 1.340898e+01 0 3979147
-1.002626e+13 -1.555938e+14 7.480044e+13 -8.742492e-01 -4.222781e-01 2.395193e-01 5.755047e+00 0 1055738
1.739500e+14 -6.923047e+13 7.191006e+13 6.927518e-01 -4.708563e-01 5.462503e-01 -1.799959e+01 0 13249661
1.401153e+14 6.851257e+13 7.004881e+13 1.416120e-01 9.790466e-01 1.463345e-01 -1.357633e+00 0 4677521
1.383386e+14 -8.573836e+12 9.920468e+13 9.853250e-01 5.744096e-02 -1.607331e-01 5.920940e+00 0 4016458
9.015297e+12 -3.238309e+13 1.679152e+14 -9.266920e-01 9.476472e-02 3.636778e-01 -1.169733e+01 0 3701421
4.145270e+13 1.681075e+14 6.084644e+13 1.149757e-01 9.901611e-01 -7.975946e-02 -1.995671e+01 0 2477189
-6.106671e+12 -1.656743e+14 -5.371349e+13 -1.681934e-01 -9.399394e-01 2.970269e-01 1.434756e+01 0 5296569
-5.325055e+13 1.026263e+14 1.280033e+14 1.009460e-01 9.907482e-01 9.070794e-02 2.904070e+00 0 4446073
-1.803648e+14 2.725605e+13 2.579220e+13 -7.387194e-01 -6.631857e-01 1.203260e-01 2.231651e+01 0 9136923
8.413539e+13 -7.433260e+13 1.292261e+14 -1.928798e-02 -3.427586e-01 9.392255e-01 1.174085e+01 0 4524316
-6.562993e+13 -1.142627e+14 1.120465e+14 -4.924874e-01 -7.527876e-01 4.367688e-01 -1.595944e+01 0 4156816
-1.735750e+13 8.778224e+13 1.867150e+14 1.251008e-01 7.232671e-01 6.791425e-01 1.778570e+01 0 3009336
-5.219286e+13 1.297913e+14 1.133502e+14 -8.536152e-01 3.150389e-01 4.148392e-01 -1.324894e+01 0 7473069
3.458015e+13 -7.554626e+13 -1.494111e+14 9.439187e-01 2.703019e-01 -1.896163e-01 1.881147e+01 0 19889575
5.499452e+13 1.003015e+14 -1.314011e+14 1.480344e-01 5.516316e-01 -8.208461e-01 -6.347592e+00 0 1189933
-1.155386e+14 -1.039922e+14 -6.843345e+13 -4.623832e-01 -8.599381e-01 -2.161211e-01 1.332849e+01 0 5860140
1.684124e+14 -2.662611e+13 5.366031e+13 9.351361e-01 -1.232481e-01 3.321601e-01 8.227639e+00 0 8290027
-1.611252e+14 2.011171e+12 -6.614183e+13 -3.685098e-01 -1.296396e-02 -9.295335e-01 9.528690e+00 0 1438837
-9.102441e+13 -1.331497e+14 -5.260804e+13 -6.113110e-01 -7.519499e-01 2.467189e-01 -8.927014e+00 0 53061
5.999132e+13 -1.441557e+14 -8.093436e+13 6.041069e-01 -5.650417e-01 -5.619455e-01 -1.529021e+01 0 6391700
1.620469e+14 -6.996267e+13 1.077991e+13 9.032969e-01 -2.299835e-01 -3.621634e-01 1.526985e+01 0 1252255
-1.125239e+14 1.211699e+14 4.464822e+13 -3.642058e-01 9.310861e-01 -2.080249e-02 -2.257283e+01 0 7475725
2.978532e+13 -6.067810e+13 -1.660541e+14 6.396967e-02 -8.966179e-01 -4.381600e-01 -1.965827e+01 0 4557275
-1.622706e+14 9.488410e+12 5.720105e+13 -9.879620e-01 -1.402155e-01 -6.535029e-02 1.011530e+01 0 74940
-1.226831e+14 -1.228483e+14 8.397277e+12 -7.808498e-01 -3.531340e-01 5.153349e-01 1.633040e+01 0 1815355
6.658728e+13 -1.549712e+14 -5.618791e+13 1.159224e-01 -6.807106e-01 -7.233223e-01 6.496937e+00 0 5073198
-1.695469e+14 1.239621e+13 2.240403e+13 -9.307205e-01 -1.462478e-01 -3.352178e-01 -1.080676e+01 0 284938
9.825012e+13 2.131364e+13 -1.458300e+14 -2.816263e-02 1.519538e-01 -9.879863e-01 -1.548188e+01 0 5051547
6.159141e+13 5.149079e+12 1.599808e+14 6.954924e-01 6.615051e-01 2.805377e-01 -7.073587e+00 0 15942696
1.489789e+13 -1.157764e+14 -1.621530e+14 3.738044e-01 -2.728974e-01 -8.864521e-01 1.689572e+01 0 4771082
1.692855e+14 5.881191e+12 -3.223766e+13 7.937219e-01 -5.180038e-01 3.188693e-01 -1.173879e+01 0 9739806
1.646302e+13 -1.689408e+14 1.232850e+13 6.113859e-01 -5.338937e-01 5.840932e-01 1.413756e+01 0 6227408
1.171785e+14 3.720056e+13 -1.181203e+14 8.835076e-02 5.023331e-01 -8.601486e-01 1.444128e+01 0 1391169
4.259556e+13 -1.584958e+14 4.870547e+13 -3.888253e-01 -8.122548e-01 -4.348069e-01 9.589147e+00 0 5828933
-6.768360e+13 -1.255553e+14 -9.757692e+13 -3.178480e-01 -6.672894e-01 -6.735707e-01 1.347517e+01 0 6106320
1.142221e+14 1.283134e+14 1.459360e+13 9.337175e-01 3.179273e-01 -1.646021e-01 -1.328146e+01 0 40694399
1.555407e+14 9.928163e+13 -4.475628e+13 6.003761e-01 7.393508e-01 -3.048098e-01 -1.363725e+01 0 12548411
1.386049e+14 -9.358783e+13 3.282009e+13 5.120623e-01 -3.142041e-01 -7.994173e-01 1.381725e+01 0 1349717
-1.028457e+14 4.750419e+12 1.413610e+14 -5.074104e-01 -6.957603e-01 5.083819e-01 -3.744878e+00 0 839986
-8.775113e+13 7.502816e+13 1.250001e+14 -2.470084e-01 9.544934e-01 -1.671201e-01 -1.344433e+01 0 4994643
-1.317151e+14 7.428633e+13 7.823366e+13 -9.565519e-01 -2.883566e-01 -4.311612e-02 1.302432e+01 0 541427
-4.155538e+13 5.352358e+13 -1.843811e+14 -4.367551e-01 6.163589e-01 -6.552456e-01 8.553050e+00 0 4463274
8.762008e+12 8.106748e+13 -1.540467e+14 8.446888e-02 9.936988e-01 7.367345e-02 -1.238093e+01 0 31394484
4.022949e+13 1.583210e+14 -4.584298e+13 -1.934195e-01 8.744542e-01 -4.448807e-01 7.663995e+00 0 3054446
-1.498290e+14 -6.667147e+13 7.858220e+13 -3.037599e-01 -7.027654e-01 6.433123e-01 1.634839e+01 0 4069041
4.916771e+13 1.736675e+14 -1.284431e+14 -2.147214e-01 8.978388e-01 -3.844219e-01 1.926370e+01 0 549724
3.125409e+13 6.898062e+13 -1.538910e+14 2.279901e-01 4.907633e-01 -8.409351e-01 6.980038e+00 0 6517006
-7.207685e+13 1.569524e+14 -2.620913e+12 -4.718529e-01 8.694951e-01 -1.460587e-01 1.431066e+01 0 16913031
-1.762914e+14 5.781826e+13 -5.187890e+13 -9.979717e-01 1.299140e-03 6.364522e-02 1.542195e+01 0 11187562
-6.867737e+13 1.359521e+14 -7.519760e+13 -8.715164e-01 2.342014e-01 4.308235e-01 2.158635e+01 0 852608
1.619335e+14 -5.624215e+13 9.360975e+12 8.570669e-01 9.245840e-02 -5.068409e-01 1.098704e+01 0 4041302
1.388831e+14 9.360023e+13 6.406080e+13 3.404271e-01 9.257163e-01 1.647989e-01 -2.160707e+01 0 1037954
-7.755438e+13 4.642694e+13 1.842405e+14 -7.756804e-01 3.054770e-01 5.522713e-01 2.058906e+01 0 8559316
-1.437099e+14 6.480320e+13 7.153355e+13 -7.466613e-01 -1.280474e-01 6.527640e-01 1.573015e+01 0 1289927
9.642950e+13 1.242006e+14 -7.403347e+13 3.412242e-01 7.428554e-01 -5.759617e-01 9.589029e+00 0 8853892
7.143069e+13 8.926082e+12 1.589765e+14 6.080234e-01 -3.908520e-01 6.910443e-01 -1.058703e+01 0 10724432
-3.448630e+13 3.876296e+13 1.629966e+14 -4.569535e-01 7.783623e-01 4.305178e-01 3.863076e+00 0 6538439
1.027788e+14 1.541641e+13 -1.354779e+14 5.080162e-01 -4.618826e-01 -7.270378e-01 2.785303e+00 0 627217
1.382860e+14 -6.795613e+13 7.426018e+13 9.857364e-01 -1.495614e-01 -7.716986e-02 6.554602e+00 0 397354
-1.908175e+14 6.425715e+13 -4.598713e+13 -8.436080e-01 5.340190e-01 -5.611874e-02 1.561904e+01 0 2356743
1.212857e+14 -1.341796e+14 -5.511186e+13 3.838411e-01 -6.313038e-02 -9.212386e-01 -1.809591e+01 0 3039320
7.424612e+13 -6.804989e+13 -1.417887e+14 7.114876e-01 -2.536491e-01 -6.553224e-01 7.938522e+00 0 20692318
-3.854838e+13 -1.590506e+14 -5.074527e+13 -7.377925e-01 -6.580579e-01 1.504064e-01 2.707761e+00 0 1064389
-1.643312e+14 -5.375472e+13 -5.247690e+13 -4.910937e-01 -2.964642e-01 -8.191068e-01 -1.093172e+01 0 1511924
-2.186312e+13 1.313220e+13 1.700501e+14 3.503558e-01 2.971952e-01 8.882150e-01 -1.150093e+01 0 6561838
1.617524e+14 5.933760e+13 -2.433732e+13 9.114568e-01 8.579811e-02 -4.023495e-01 -2.070381e+01 0 10484769
1.615147e+14 1.287068e+13 6.554455e+13 5.465796e-01 6.070633e-01 5.768231e-01 -9.281839e+00 0 12009847
1.629490e+14 -1.109874e+12 4.865680e+13 6.206890e-01 3.454869e-01 7.038352e-01 -1.557776e+01 0 8711219
-1.518897e+14 6.951588e+13 3.913097e+13 -7.367331e-01 1.165667e-01 6.660604e-01 -4.549146e+00 0 1124201
1.458126e+14 4.752335e+12 9.107067e+13 8.442390e-01 3.009024e-01 4.435294e-01 1.459222e+01 0 16572956
7.132172e+13 1.502554e+13 1.852448e+14 5.888317e-01 -3.121405e-01 7.455505e-01 9.936332e+00 0 1379219
1.735761e+14 -9.710480e+12 1.685661e+13 4.554601e-01 8.285512e-01 -3.256670e-01 -1.863211e+00 0 18476091
1.448265e+14 -4.287122e+11 -9.261874e+13 7.777873e-01 -5.326542e-01 3.336563e-01 1.509522e+01 0 18015798
1.201587e+13 -2.913819e+13 1.733538e+14 -2.499354e-01 -3.434704e-01 9.052958e-01 -1.159178e+01 0 46750721
7.943787e+13 -1.508401e+14 -6.376627e+12 6.493487e-01 -2.109004e-01 -7.306622e-01 -8.561934e+00 0 13210642
1.033835e+13 4.503308e+13 1.634087e+14 -3.108836e-02 1.037121e-01 9.941214e-01 4.744261e+00 0 12527129
-1.645491e+14 -4.822741e+13 3.656937e+12 -9.332720e-01 -2.937210e-01 2.067157e-01 8.233481e+00 0 5872378
1.511629e+14 -7.719299e+13 -7.678448e+13 8.746104e-01 -3.236155e-01 3.610119e-01 1.297267e+01 0 11005517
8.247758e+13 -1.219320e+14 -9.103948e+13 8.626223e-01 -9.888572e-02 -4.960891e-01 1.459531e+01 0 12931927
8.514861e+13 1.515982e+13 -1.572414e+14 4.248877e-01 -4.497422e-01 -7.856223e-01 -1.437282e+01 0 10277697
3.372942e+13 -9.479672e+13 -1.407993e+14 1.066397e-01 -8.899069e-01 -4.435017e-01 -6.161797e+00 0 2033645
-1.775334e+14 -1.888710e+13 3.979617e+13 -7.061066e-01 7.007049e-01 1.021082e-01 -1.623027e+01 0 9623699
-1.564202e+14 2.595991e+13 -6.342993e+13 -6.667935e-02 -1.254665e-01 -9.898545e-01 -1.174914e+01 0 1748031
1.224026e+14 1.087752e+14 9.269979e+13 1.039568e-01 9.583105e-01 2.661465e-01 -1.362045e+01 0 8667971
1.144050e+14 1.276207e+14 6.531452e+12 8.458218e-01 5.334638e-01 -1.383540e-03 9.865105e+00 0 792898
1.622614e+12 1.293953e+14 -1.122895e+14 -5.725232e-01 4.217090e-01 -7.031207e-01 -4.038261e+00 0 2299151
-3.527533e+13 8.159996e+13 -1.529806e+14 3.673186e-01 3.987088e-01 -8.403025e-01 -1.448860e+01 0 24733185
-1.010240e+14 -9.188945e+13 -1.023780e+14 -1.664281e-01 -9.791140e-01 -1.167792e-01 -1.225476e+00 0 140192
-1.011555e+12 5.010506e+13 1.640482e+14 7.442940e-01 2.546245e-01 6.174081e-01 -1.210600e+01 0 763877
5.323142e+13 2.219497e+13 -1.602307e+14 5.063722e-01 -2.857982e-01 -8.135764e-01 3.201722e+00 0 3089374
9.960064e+13 -1.345723e+14 -3.814388e+13 2.819776e-02 -8.329824e-01 -5.525805e-01 -1.421733e+01 0 5879203
9.712811e+13 1.399779e+14 2.258353e+12 9.029920e-01 3.005928e-01 3.070007e-01 -4.829428e-01 0 7948777
1.150811e+14 1.249622e+14 1.118793e+12 3.992731e-01 8.860205e-01 2.356875e-01 6.106593e+00 0 1502200
-1.631194e+14 5.807235e+13 -3.067390e+13 -2.426812e-01 8.921585e-01 -3.809973e-01 8.934492e+00 0 471233
-7.643262e+12 1.733623e+14 1.538402e+13 -7.684194e-01 5.243912e-01 3.668044e-01 1.901936e+01 0 292225
1.017421e+14 -1.067739e+14 8.500584e+13 4.137281e-01 -3.404795e-02 9.097636e-01 1.266899e+01 0 117153
6.859731e+13 1.480860e+14 -4.669435e+13 9.949236e-01 -5.374890e-03 1.004896e-01 4.199178e+00 0 2568965
1.271810e+14 -8.374023e+13 -7.632586e+13 7.589698e-01 2.246427e-01 -6.111469e-01 -3.622878e+00 0 8275676
1.446358e+14 -4.185820e+13 7.829283e+13 7.720667e-01 6.355406e-01 -1.072760e-03 1.959083e+01 0 910779
6.833012e+13 -1.550889e+14 -1.156674e+13 3.258710e-01 -1.123022e-01 9.387206e-01 -1.251582e+01 0 5653662
-6.622736e+13 -1.267097e+14 -9.691781e+13 -9.728339e-02 -4.596360e-01 -8.827631e-01 -6.411769e+00 0 669987
1.600118e+14 -1.809275e+13 -6.287039e+13 3.085378e-01 4.667751e-02 -9.500661e-01 9.911504e+00 0 115646
1.122158e+14 -1.253868e+14 3.443593e+13 9.327556e-01 3.185303e-01 1.688356e-01 1.488084e+01 0 261449
-9.818659e+13 4.543747e+12 -1.401888e+14 -1.478576e-01 7.555525e-01 -6.381838e-01 -2.152585e+01 0 8927497
-1.413761e+14 -6.800295e+13 -6.567105e+13 -9.454278e-01 -2.540820e-01 2.039817e-01 2.172696e+00 0 515546
-1.347857e+14 1.036592e+14 -2.317947e+13 -9.768992e-01 -5.319488e-02 2.069742e-01 -7.203108e-01 0 6779357
-1.475473e+14 3.755983e+13 -7.578810e+13 -8.862420e-01 -2.624722e-01 3.816850e-01 1.405093e+01 0 3130132
-1.625388e+14 -1.181535e+14 3.322162e+13 -5.551517e-01 -8.303368e-01 4.844980e-02 -1.238171e+01 0 2059946
-1.805104e+13 -1.632002e+14 5.911535e+13 -4.750310e-02 -9.988689e-01 2.104950e-03 -7.587871e+00 0 1291586
-7.259096e+13 1.487832e+14 4.486008e+13 1.056332e-02 9.999325e-01 4.835971e-03 4.944618e+00 0 243150
-1.442335e+14 9.052808e+13 -1.324033e+13 -9.811491e-01 2.944124e-02 -1.909964e-01 -4.026736e+00 0 1881449
-1.127401e+13 -1.432115e+14 1.024952e+14 1.471198e-01 -1.151497e-01 9.823932e-01 -1.042024e+01 0 5495266
-6.878112e+13 -1.810724e+14 -2.237073e+13 1.217014e-01 -9.600894e-01 -2.518277e-01 -1.038545e+01 0 1562132
1.483074e+14 9.796893e+13 -7.252632e+12 1.470880e-01 9.648509e-01 2.177795e-01 1.976716e+01 0 1585221
-1.074534e+14 -1.318058e+14 -1.081090e+13 -1.033549e-01 -9.321057e-01 -3.471264e-01 9.356453e+00 0 695885
-7.718288e+13 1.306080e+14 7.688543e+13 -9.103472e-01 1.231418e-01 -3.951001e-01 9.155152e+00 0 6606861
3.221626e+13 -1.724325e+14 -9.651506e+13 -7.741538e-02 -9.284112e-01 -3.634000e-01 1.567139e+01 0 245829
2.468599e+13 -1.547693e+14 -7.228354e+13 2.834365e-01 -5.730008e-01 -7.689823e-01 9.446056e+00 0 23
-1.260890e+14 4.318621e+13 1.121990e+14 -9.531048e-01 1.338103e-02 -3.023444e-01 2.050162e+01 0 3101304
1.249057e+13 9.514032e+13 1.409985e+14 -9.203619e-01 2.601825e-01 2.919572e-01 9.942617e+00 0 286942
-1.262669e+13 -1.611359e+14 -6.063295e+13 -6.844832e-01 -4.710035e-01 -5.564516e-01 -1.464423e+01 0 275572
1.071977e+14 -8.449345e+13 -1.012727e+14 6.852631e-01 3.595343e-01 -6.333636e-01 1.334179e+01 0 6314957
1.320697e+13 7.078576e+13 1.593269e+14 5.554914e-01 4.563497e-01 6.951073e-01 1.488917e+01 0 6920740
2.184492e+13 -6.179142e+13 1.596064e+14 9.618249e-01 -1.111597e-01 2.500728e-01 -8.246158e+00 0 4460564
1.225949e+14 4.853702e+13 1.104967e+14 4.501559e-01 -5.193435e-01 7.263897e-01 5.667130e+00 0 174669
1.282155e+14 -1.024772e+14 8.299020e+13 5.321676e-01 7.901353e-02 8.429440e-01 -1.239642e+01 0 5658658
6.607375e+13 5.067723e+13 1.489513e+14 -1.859877e-01 1.783075e-01 9.662375e-01 7.936059e+00 0 3031458
-7.448247e+13 1.672409e+14 7.533664e+12 -6.166818e-01 7.651036e-01 -1.852565e-01 2.255651e+01 0 1807377
-1.467662e+14 -1.141221e+14 -8.035380e+13 -7.011641e-01 -6.514708e-01 -2.897494e-01 2.230093e+01 0 431353
1.583425e+14 -3.797439e+13 -5.556647e+13 9.650683e-01 -1.258290e-01 2.298048e-01 -1.448352e+01 0 4614800
3.258397e+13 -8.864141e+13 -1.555860e+14 3.675518e-01 -5.380669e-01 -7.585444e-01 1.514788e+01 0 4939773
-1.640054e+14 4.217126e+13 -1.345064e+13 -9.037884e-01 -3.989937e-01 -1.548244e-01 9.765585e+00 0 3213092
1.158091e+14 -1.124026e+14 -5.420235e+13 -2.135426e-01 -9.763105e-01 -3.489172e-02 -2.371150e+01 0 12298823
-8.301187e+13 -5.576095e+13 -1.376483e+14 -3.123070e-01 -2.862437e-01 -9.058305e-01 -1.154730e+01 0 3670116
1.386155e+14 -9.829836e+13 7.305811e+12 9.080317e-01 -3.649876e-01 -2.055783e-01 5.730108e+00 0 165964
8.716788e+13 1.310082e+14 7.224197e+13 -2.833349e-02 9.982573e-01 5.176444e-02 1.339408e+01 0 8953023
1.603888e+14 -8.162488e+13 5.294916e+13 8.225161e-01 -3.523888e-01 4.464184e-01 2.055169e+01 0 12610416
-3.182061e+13 -1.374348e+12 -1.669119e+14 -6.161595e-01 -2.901913e-01 -7.322134e-01 8.714117e+00 0 3020620
-7.548314e+13 1.064176e+14 1.105366e+14 -2.125537e-01 6.828049e-01 6.989982e-01 5.920496e+00 0 5614061
1.244478e+14 5.565374e+13 -1.053980e+14 9.448278e-01 -7.846967e-02 3.180299e-01 7.638623e+00 0 9721746
-1.186441e+14 -1.233117e+13 1.211870e+14 -7.486257e-01 -6.102714e-01 2.590913e-01 8.048215e+00 0 25581528
4.985562e+13 -4.018578e+13 1.636460e+14 4.658452e-01 1.483521e-01 8.723416e-01 -1.213523e+01 0 374556
-1.757474e+13 1.035790e+14 1.350597e+14 -4.984452e-01 -4.517091e-01 7.399401e-01 -7.263652e+00 0 509488
-1.046909e+14 -1.145214e+14 -7.587815e+13 -9.260238e-02 -7.780727e-01 -6.213113e-01 -1.800945e+01 0 4579781
1.306010e+14 -1.013642e+14 6.175006e+13 1.666347e-01 -6.870985e-01 7.071976e-01 9.619048e+00 0 4544660
5.537695e+13 -1.035317e+14 1.247565e+14 9.228229e-01 -2.638049e-01 2.807220e-01 -1.497386e+00 0 1368718
-9.410845e+13 4.418608e+13 -1.361079e+14 -3.568384e-01 5.766180e-02 -9.323848e-01 -1.370233e+01 0 10698145
1.098583e+14 -1.171334e+14 -5.990751e+13 9.959329e-01 -8.429653e-02 3.180879e-02 1.649990e+01 0 3012147
5.886306e+13 1.270479e+14 -1.011837e+14 -6.434190e-02 6.545877e-01 -7.532430e-01 -8.880425e+00 0 1137748
-1.212341e+14 6.835757e+13 -9.713563e+13 -8.096756e-01 5.596475e-01 -1.766922e-01 2.286653e+00 0 3198906
-1.668580e+14 3.556973e+13 1.502816e+13 -8.699503e-01 -7.693179e-02 4.871017e-01 -2.265217e+00 0 3749815
7.593905e+13 7.729072e+13 1.725149e+14 7.729674e-01 2.125120e-01 5.977960e-01 -1.822668e+01 0 2087503
1.562362e+14 -6.520194e+13 -4.498434e+13 9.472112e-01 -3.125002e-01 7.165526e-02 -9.417376e+00 0 660209
6.726537e+13 -1.570812e+14 5.240325e+12 7.469219e-01 -6.600429e-01 8.031841e-02 7.216522e+00 0 2097457
1.377330e+14 6.468968e+13 8.536854e+13 8.729757e-01 8.847602e-02 4.796722e-01 9.639744e+00 0 1032359
3.492729e+13 -1.104293e+14 -1.323755e+14 6.043564e-01 -7.730147e-01 -1.928773e-01 1.173508e+01 0 1046550
1.447410e+14 3.462206e+13 8.839304e+13 7.610040e-02 6.625428e-02 9.948965e-01 1.265257e+01 0 21793747
4.869458e+13 -2.746977e+13 1.610873e+14 7.810993e-02 -5.473355e-01 8.332603e-01 7.474935e+00 0 4209651
1.755180e+14 5.518248e+12 -5.895707e+11 9.313463e-01 -3.520959e-01 -9.285792e-02 5.057754e+00 0 5196663
-8.701254e+13 9.469770e+13 1.247242e+14 -9.966337e-01 7.812886e-02 2.484154e-02 -1.151459e+01 0 1166463
-1.440690e+13 1.072914e+14 1.310345e+14 -4.573542e-01 2.998048e-02 8.887791e-01 7.827186e+00 0 2569339
-9.678001e+13 -1.034244e+14 -1.082700e+14 -8.102334e-01 -2.114578e-01 -5.466328e-01 -1.585337e+01 0 6565426
-1.255588e+14 3.441216e+13 1.172407e+14 -2.107815e-01 9.451892e-01 2.493763e-01 -2.517025e+01 0 19940201
-6.019162e+13 -7.964122e+13 1.391677e+14 -6.290813e-01 2.108661e-01 7.481926e-01 -1.190340e+01 0 17910768
-2.963732e+13 -1.182286e+14 -1.180158e+14 -9.229041e-01 -2.161597e-01 -3.186267e-01 6.660835e+00 0 2493453
1.010137e+14 1.360202e+14 -1.301096e+13 9.960884e-01 2.127357e-03 8.833668e-02 -2.910891e+00 0 2632776
-3.939606e+13 -1.347430e+14 9.872056e+13 2.079031e-01 -7.910179e-01 5.753842e-01 -4.717613e+00 0 1416108
1.628214e+14 -1.292468e+13 -5.307215e+13 6.865143e-01 6.472638e-01 -3.312820e-01 2.640453e+01 0 2981924
-1.493697e+14 -3.920013e+13 -1.109963e+14 -5.704834e-01 -5.179891e-01 -6.373665e-01 -1.176081e+01 0 35002
-7.299491e+13 -1.482817e+14 8.784087e+13 -4.278240e-01 -7.457672e-01 5.106837e-01 -1.577435e+01 0 3145208
1.279856e+14 3.733873e+13 1.065319e+14 9.514948e-01 3.019159e-01 5.919919e-02 -1.490824e+01 0 1130288
-8.036015e+13 -1.395952e+14 -6.139068e+13 -3.802466e-01 -4.355307e-01 -8.159201e-01 5.341209e+00 0 623663
1.687935e+14 1.334834e+14 3.207805e+13 6.611295e-01 5.473008e-01 5.131955e-01 -1.304727e+01 0 2051447
3.370869e+13 -8.964998e+13 -1.400980e+14 4.122265e-01 -7.496115e-01 -5.178339e-01 -9.787881e+00 0 2193056
-5.907981e+13 5.385976e+13 -1.521638e+14 -4.900914e-01 2.909474e-01 -8.216812e-01 -1.065649e+01 0 147102
9.464106e+13 2.576763e+13 -1.395016e+14 -8.844492e-02 3.365672e-02 -9.955123e-01 5.439791e+00 0 86840
-1.407932e+13 -1.426950e+14 9.779468e+13 -2.655482e-01 -5.675772e-01 7.793204e-01 9.008303e+00 0 3458362
1.336274e+14 1.088093e+14 -1.116977e+13 8.333123e-01 5.183476e-01 1.921105e-01 -1.866223e+01 0 366862
-1.588213e+14 -6.936479e+13 -6.235974e+12 -9.073584e-01 -7.383427e-02 4.138228e-01 5.744278e+00 0 13602839
1.274772e+14 1.107902e+14 -6.711540e+13 8.613237e-01 2.865797e-01 -4.195159e-01 -1.546736e+01 0 938456
-1.133256e+14 -5.496212e+13 -1.169197e+14 -3.047536e-01 7.840306e-01 -5.407598e-01 -2.264092e+01 0 5885602
1.190899e+14 3.748277e+13 1.182394e+14 4.032316e-02 7.516324e-01 6.583486e-01 2.009854e+01 0 2217884
-1.052380e+14 7.133601e+13 -1.479659e+14 -9.215000e-01 2.318255e-01 -3.116003e-01 1.689879e+01 0 20147853
-7.990539e+13 9.297202e+13 1.193314e+14 3.565531e-01 -3.947839e-01 8.467677e-01 9.596224e+00 0 16466
-1.262737e+14 5.920022e+13 -1.049716e+14 -7.573817e-01 -4.272778e-01 -4.937678e-01 1.724123e+01 0 2096162
1.024167e+14 -3.005667e+13 -1.318588e+14 1.991968e-01 1.438127e-01 -9.693495e-01 -9.022614e+00 0 2486896
-1.895246e+12 1.200871e+14 1.197684e+14 -7.220538e-02 7.117176e-01 6.987449e-01 1.101498e+00 0 729807
-1.045353e+13 2.181821e+13 -1.679234e+14 -8.595875e-02 3.705690e-01 -9.248187e-01 6.007518e+00 0 6469651
1.063130e+14 1.320817e+14 -9.566251e+12 8.442905e-01 9.719109e-02 5.269985e-01 6.851231e+00 0 1171224
1.300782e+14 8.853467e+13 8.975369e+13 1.823301e-01 1.622573e-01 9.697568e-01 -8.116943e+00 0 578360
-1.095345e+14 1.216879e+14 -5.475402e+13 -8.335226e-01 1.769455e-01 5.233836e-01 1.828006e+01 0 4840689
-8.370253e+13 -1.364551e+14 -1.181355e+14 -8.760420e-01 -4.690002e-01 -1.122020e-01 1.678126e+01 0 1327333
-3.932892e+13 1.034531e+14 -1.308129e+14 -9.425915e-01 1.410979e-01 -3.026759e-01 -8.440243e+00 0 8931870
8.523913e+13 -5.723172e+12 1.575309e+14 3.155167e-01 4.563545e-01 8.319795e-01 -1.552144e+01 0 5696127
1.634817e+14 7.424921e+13 5.961795e+13 3.512901e-01 6.278256e-01 6.945720e-01 2.029067e+01 0 17874290
2.301243e+13 8.523158e+13 1.454286e+14 -1.548911e-01 7.688975e-01 6.203268e-01 7.551040e+00 0 1755890
1.288474e+14 1.279588e+14 8.545868e+13 4.098154e-01 9.113859e-01 -3.777764e-02 1.692339e+01 0 364505
9.510537e+13 7.451091e+13 1.272577e+14 -2.655595e-01 9.415458e-01 2.072913e-01 1.415132e+01 0 3871846
-1.114769e+14 9.584054e+13 9.804130e+13 -9.989100e-01 3.248133e-02 3.352246e-02 -9.629238e+00 0 6319867
-7.791009e+13 -1.544684e+13 1.539258e+14 -3.761446e-01 1.463309e-01 9.149331e-01 3.081402e+00 0 189410
-2.300631e+14 -1.204319e+14 2.840857e+13 -8.076362e-01 -5.896355e-01 7.333547e-03 -2.631894e+01 0 3273511
-1.459851e+14 -3.724314e+13 -1.058453e+14 -9.723691e-01 -1.328808e-02 -2.330702e-01 9.937285e+00 0 1507602
-2.234309e+13 7.459660e+13 -1.588810e+14 6.007462e-01 -6.033573e-02 -7.971597e-01 1.386282e+01 0 1725251
-3.577278e+13 1.082215e+14 -1.299083e+14 6.234244e-01 6.233869e-01 -4.719436e-01 -1.431272e+01 0 20058644
-5.200484e+11 -1.678682e+14 -2.446600e+13 -6.617067e-01 -1.722660e-01 -7.297045e-01 -1.543388e+01 0 1367324
1.251124e+14 1.195734e+14 -7.280472e+12 5.676524e-01 3.243878e-01 7.566659e-01 -7.718447e+00 0 1424635
-1.071976e+14 -4.984769e+13 1.225622e+14 -9.484049e-01 3.155335e-01 -3.109198e-02 -1.530215e+01 0 5637275
-4.600808e+13 -1.282747e+14 -1.060082e+14 -2.001676e-02 -7.754913e-01 -6.310409e-01 9.898549e+00 0 1309161
7.280492e+13 -1.248303e+14 -1.169601e+14 4.152847e-01 -8.959793e-01 -1.573523e-01 -1.904387e+01 0 1137899
-1.744726e+14 2.625512e+12 2.739133e+13 -7.265968e-01 -6.782358e-01 1.097878e-01 1.509722e+01 0 76319
1.098320e+14 9.543244e+13 -9.405823e+13 2.631494e-01 9.155874e-01 3.040593e-01 1.356433e+01 0 179790
1.060292e+14 1.141712e+14 -7.509894e+13 2.104862e-01 8.863301e-01 4.124494e-01 1.775283e+01 0 5649349
-1.305250e+14 -9.635047e+13 5.678490e+13 -7.428453e-01 -4.312527e-01 5.120566e-01 1.111046e+01 0 25635159
1.435762e+14 5.931692e+13 1.399901e+14 8.073041e-01 4.861882e-01 3.344865e-01 -1.731860e+01 0 125216
5.842623e+13 -8.449270e+13 1.419998e+14 4.131895e-01 -1.391206e-01 8.999555e-01 -9.342007e+00 0 3781914
3.029242e+13 -1.627127e+14 -7.531600e+13 2.128487e-01 -6.944270e-01 -6.873620e-01 -9.867764e+00 0 2949406
1.247298e+14 -1.155107e+14 -3.210178e+13 5.524890e-01 -8.277697e-01 -9.774104e-02 9.037130e+00 0 6944433
6.182239e+13 -7.628649e+13 1.508514e+14 8.764174e-01 -2.435558e-01 4.154192e-01 1.679484e+01 0 2265452
7.344844e+13 1.036465e+14 1.356998e+14 4.623346e-01 5.236856e-01 7.155418e-01 -9.775949e+00 0 1300151
-1.673720e+13 -1.037688e+14 1.415798e+14 1.801529e-01 -4.860511e-01 8.551604e-01 -7.633741e+00 0 1742111
1.623200e+14 -2.859552e+13 -1.225089e+14 8.211341e-01 -2.041680e-01 -5.329673e-01 1.397720e+01 0 10879778
1.074183e+14 1.085078e+14 -7.427430e+13 7.538781e-01 5.548343e-01 3.518903e-01 4.314565e+00 0 5900774
7.153382e+13 -3.228038e+13 -1.565312e+14 5.625299e-01 -2.943754e-02 -8.262527e-01 -1.017825e+01 0 331555
-1.351980e+14 -1.073930e+14 3.131889e+13 -5.731520e-01 -8.043028e-01 1.568240e-01 -5.215096e+00 0 15012715
4.078444e+13 1.878503e+14 -2.778621e+13 2.113631e-01 6.861836e-01 -6.960443e-01 -1.840715e+01 0 2287637
-1.313151e+14 5.754993e+13 -1.142881e+14 -9.634748e-01 2.083522e-01 -1.682432e-01 1.348845e+01 0 5218211
8.669808e+13 -1.084567e+14 1.073374e+14 4.881770e-02 -9.470162e-01 3.174540e-01 -1.373192e+01 0 951012
-3.252360e+13 1.120642e+14 1.239163e+14 -6.625571e-01 7.398177e-01 1.169957e-01 -4.497666e+00 0 582173
1.351098e+14 -1.018931e+14 -1.357076e+13 8.623703e-01 -4.035074e-01 3.057764e-01 1.678326e+01 0 10991742
-9.959270e+13 -7.084585e+13 1.228153e+14 -2.773170e-01 -3.120380e-01 9.086955e-01 -5.306506e+00 0 916987
-7.888577e+13 -6.866671e+13 1.347671e+14 -5.332953e-01 -7.902980e-01 -3.017039e-01 1.260179e+01 0 2278644
-5.466702e+13 -1.440948e+14 7.277904e+13 -2.757961e-02 -4.841377e-01 8.745570e-01 1.070133e+01 0 7489176
1.760050e+14 -4.233264e+13 2.222484e+13 6.596417e-01 3.232813e-01 -6.784999e-01 -1.348948e+01 0 27052945
-2.516368e+13 1.679943e+14 9.684665e+12 2.645998e-01 8.727335e-01 -4.102722e-01 1.524688e+00 0 10901237
1.586880e+14 4.023470e+13 5.211074e+13 3.820606e-02 8.572875e-01 5.134185e-01 -1.151029e-01 0 36196
-4.450659e+13 1.874101e+14 -3.097000e+13 9.750990e-02 5.901965e-01 -8.013488e-01 1.641997e+01 0 8797319
-8.817191e+13 -9.805843e+13 -1.096402e+14 -8.139011e-02 -8.384375e-01 -5.388860e-01 -7.274136e+00 0 4579833
1.492434e+14 -3.805425e+13 7.500569e+13 1.778909e-01 -4.025976e-01 8.979254e-01 -9.937345e+00 0 893916
1.585498e+14 -2.001899e+13 5.885012e+13 7.335361e-01 -5.927105e-02 -6.770611e-01 4.108295e+00 0 1266436
1.697368e+14 -3.746278e+12 1.074278e+13 5.787369e-01 -3.181432e-01 -7.508984e-01 6.342992e+00 0 72882
-1.038436e+14 9.149903e+12 -1.417641e+14 -6.187445e-01 1.185414e-01 -7.765972e-01 1.687437e+01 0 2473901
-9.655140e+13 -1.267708e+14 6.723431e+13 3.643673e-01 -8.123359e-01 4.553536e-01 -2.947675e-01 0 4963767
-6.979253e+13 1.495370e+14 -3.983517e+13 7.126496e-02 9.641691e-01 2.555370e-01 -1.033037e+00 0 2043862
5.044015e+12 -1.522084e+14 -8.029317e+13 -2.261845e-01 -9.504476e-01 -2.132837e-01 -7.756473e+00 0 9
-1.864029e+14 2.040292e+13 -1.554380e+13 -9.218945e-01 1.546686e-01 -3.552298e-01 1.212677e+01 0 17212404
1.666426e+14 3.870576e+13 -2.233104e+13 9.877070e-01 -1.008010e-01 -1.194739e-01 -1.429490e+01 0 690521
-8.890236e+13 -4.799115e+13 1.448710e+14 -9.954918e-01 -9.783222e-03 9.434210e-02 1.361895e+01 0 918018
-1.211962e+14 -2.940728e+13 -1.253929e+14 -2.194259e-01 -9.385922e-01 -2.662648e-01 1.263821e+01 0 3217038
-3.240001e+13 9.620111e+13 1.412356e+14 1.815055e-01 3.573053e-01 9.161816e-01 1.013106e+01 0 1067182
1.564347e+13 2.187941e+13 1.679370e+14 5.543097e-01 -1.532043e-01 8.180887e-01 -9.349136e+00 0 1786022
-5.988562e+13 -8.799595e+13 1.326085e+14 -2.747889e-01 1.832337e-01 9.438837e-01 -1.719749e+01 0 24811770
-1.302221e+14 1.243452e+13 1.373145e+14 -4.731703e-01 -1.700829e-01 8.643967e-01 -1.983841e+01 0 1028766
1.405917e+14 1.218623e+14 -5.070355e+12 9.931992e-01 -1.109710e-01 3.522360e-02 -2.025692e+01 0 1033340
-7.648651e+12 -1.677174e+14 2.606283e+13 1.028206e-01 -9.561072e-01 2.743845e-01 1.096001e+01 0 3340870
-4.414067e+13 1.609806e+14 -7.817237e+13 -2.479486e-01 3.877605e-01 -8.877856e-01 1.709621e+01 0 611007
-9.023934e+11 8.789895e+13 -1.527307e+14 9.925684e-02 -2.517453e-01 -9.626902e-01 -9.301441e+00 0 4056709
-1.150672e+14 -4.172703e+13 1.183467e+14 -8.170412e-01 -2.287053e-01 5.292802e-01 7.512541e+00 0 14375393
-1.340323e+14 1.324293e+14 3.294141e+13 -6.733173e-01 7.371061e-01 5.760466e-02 -2.126222e+01 0 5213275
-1.601062e+14 4.295023e+13 5.821316e+13 -7.134158e-01 -6.996614e-01 3.888101e-02 1.860917e+01 0 1700325
4.729959e+13 -1.461732e+14 7.420866e+13 -2.007630e-01 -8.448700e-01 4.958718e-01 -1.031690e+01 0 2911494
8.657128e+13 1.354759e+14 5.600472e+13 4.806918e-01 8.739785e-01 -7.139268e-02 -2.239375e+00 0 57927
1.333015e+14 9.371305e+13 6.152019e+13 -2.310912e-01 9.460133e-01 -2.272789e-01 2.003021e+01 0 944048
1.179229e+13 -1.781723e+14 4.125325e+13 1.972699e-01 -9.540341e-01 -2.256181e-01 -1.606729e+01 0 800924
8.975778e+13 8.277670e+13 1.179895e+14 7.457959e-01 6.599910e-01 -9.055552e-02 -1.312946e+00 0 393257
-1.510920e+14 2.714029e+13 -7.600369e+13 -7.382797e-01 4.977917e-01 -4.551336e-01 2.096121e+00 0 3365847
6.629203e+13 1.204454e+14 -1.010817e+14 8.992676e-01 3.365133e-01 -2.794219e-01 1.315678e+01 0 1281881
-7.422821e+13 9.807956e+12 1.536186e+14 -2.266263e-01 -4.921395e-01 8.404994e-01 -3.525767e+00 0 7936181
-1.383075e+14 -8.279675e+13 5.483051e+13 -5.818556e-01 -5.305842e-01 -6.163801e-01 9.148575e+00 0 19918222
6.377350e+13 1.179544e+14 1.715873e+14 4.223026e-01 5.328450e-01 7.333053e-01 1.547621e+01 0 4892095
6.329847e+12 -1.679267e+14 3.173698e+13 -2.319318e-01 -6.980041e-01 6.774939e-01 -9.864153e+00 0 7935440
5.490906e+13 -1.569305e+14 -3.840539e+13 3.144321e-01 -1.516442e-01 -9.370894e-01 8.002308e+00 0 3864425
-7.295792e+13 -1.535527e+14 3.197452e+13 -5.842606e-01 -6.540303e-01 4.805038e-01 6.563131e+00 0 1960410
-4.793931e+13 -1.196856e+14 1.388486e+14 -2.362910e-01 -4.775747e-01 8.462204e-01 2.286690e+01 0 10281579
-1.473636e+14 -6.983233e+13 4.725482e+13 -4.397601e-01 6.022251e-01 6.662852e-01 5.798107e+00 0 2546180
8.912315e+11 1.210322e+14 -1.260281e+14 9.262199e-02 9.781524e-01 -1.861159e-01 1.059513e+01 0 780183
1.355148e+14 1.093093e+14 -5.420721e+12 2.733555e-01 4.633276e-01 8.429735e-01 8.587160e+00 0 3138228
-1.687719e+12 1.651803e+14 -5.845082e+13 9.640881e-03 3.605264e-01 -9.326992e-01 -9.278740e+00 0 5984709
-8.204080e+13 -1.143749e+14 -1.093085e+14 -8.861804e-02 -9.137868e-01 -3.964096e-01 -1.336674e+01 0 10961678
8.114941e+13 -1.529260e+14 5.757066e+13 8.347476e-01 -3.774081e-01 -4.009483e-01 -1.189250e+01 0 4846665
9.862277e+13 -1.284293e+14 7.266167e+13 2.488299e-01 -4.203676e-01 8.725679e-01 1.310093e+01 0 16147639
1.726025e+14 -8.267132e+13 1.663505e+13 9.328418e-01 -5.921086e-02 3.553875e-01 1.733844e+01 0 885475
-1.759778e+14 1.159555e+12 7.392952e+13 -7.550207e-01 5.793538e-01 3.070715e-01 8.680885e+00 0 809176
4.941411e+13 1.667803e+14 3.694304e+12 1.546114e-01 9.180476e-01 -3.650807e-01 -1.373922e+01 0 12495667
1.566380e+14 5.283223e+13 8.897945e+13 9.261335e-01 3.089979e-01 2.163262e-01 -1.403154e+01 0 3006096
-1.496108e+14 -7.287117e+13 5.288360e+13 -9.365819e-01 1.477917e-01 3.177608e-01 8.717120e+00 0 18096736
4.688731e+12 -8.806207e+12 1.695254e+14 3.522974e-02 6.969469e-01 7.162569e-01 -4.616939e+00 0 369650
8.870076e+12 1.551468e+14 7.089843e+13 -3.272643e-01 7.185322e-01 6.136852e-01 7.694905e+00 0 2159056
-1.017851e+14 -8.194387e+13 -1.088995e+14 -6.518788e-01 -3.023738e-01 -6.954309e-01 5.281917e+00 0 226875
9.338654e+13 -4.215602e+13 -1.396937e+14 5.017844e-01 1.741871e-01 -8.472728e-01 1.217111e+01 0 5010262
8.238282e+13 5.427914e+13 1.385317e+14 5.011920e-01 7.972368e-01 3.364820e-01 9.135986e+00 0 1666650
-1.473568e+14 8.132915e+13 2.165662e+13 -5.974177e-01 -1.606413e-01 7.856758e-01 -9.894512e+00 0 373287
-8.581888e+13 -3.648741e+13 -1.441484e+14 -1.842937e-01 -3.356616e-02 -9.822979e-01 -1.198845e+01 0 2690610
8.013470e+13 -1.341726e+14 6.888859e+13 -1.053944e-01 -9.404795e-01 3.230949e-01 -1.030630e+01 0 293408
8.778787e+13 4.486941e+13 1.398758e+14 1.309197e-01 1.110312e-01 9.851559e-01 7.750650e+00 0 1900535
1.767666e+14 -4.542822e+12 2.164619e+13 7.632651e-01 -5.843371e-01 2.756384e-01 7.560918e+00 0 13066019
1.119662e+14 1.213497e+14 5.216817e+13 -2.730987e-01 4.257465e-01 8.626454e-01 2.262491e+01 0 891651
-1.501376e+14 6.674965e+13 8.147677e+13 -8.699689e-01 4.930985e-01 -2.815278e-03 -2.183634e+01 0 3132367
-1.687896e+14 -1.545688e+13 1.224882e+13 -2.264909e-01 -9.565318e-01 -1.837082e-01 2.404599e+00 0 17
1.734534e+13 1.317519e+14 1.127179e+14 2.234965e-01 -8.768900e-04 9.747043e-01 2.046818e+01 0 3567984
9.159795e+13 6.316725e+13 -1.412181e+14 9.190678e-01 3.280411e-01 -2.184111e-01 -1.968506e+01 0 974052
-3.871036e+13 9.729420e+13 -1.550131e+14 1.267512e-03 8.063242e-01 -5.914725e-01 -1.698087e+01 0 8619330
3.606453e+13 8.369252e+13 1.433395e+14 1.712610e-01 2.612430e-01 9.499588e-01 3.372708e+00 0 5464524
-1.357653e+14 -5.259744e+11 -1.033102e+14 -1.434897e-01 3.124754e-01 -9.390260e-01 -1.238541e+01 0 5395606
1.615665e+14 4.980260e+13 -2.497628e+13 1.078978e-01 9.537141e-01 -2.806911e-01 2.697031e+01 0 3849051
1.278510e+14 -6.292083e+13 -9.237967e+13 5.660144e-01 -3.329507e-01 -7.541694e-01 1.542033e+01 0 3859997
-2.174741e+13 3.813713e+13 1.682980e+14 -9.400609e-01 7.627808e-02 3.323659e-01 -1.868151e+01 0 3410
9.943428e+13 -1.273615e+14 -5.342944e+13 -1.510428e-01 -9.339826e-01 3.238249e-01 9.980120e+00 0 2434648
-1.467203e+14 8.071700e+13 -4.517648e+13 -4.785705e-01 3.556601e-01 -8.027927e-01 -1.952579e+01 0 10901122
1.089607e+14 -9.376382e+13 9.031206e+13 3.185928e-01 -8.575789e-01 4.038033e-01 1.339386e+00 0 10423641
-7.904557e+13 -7.594453e+13 -1.302807e+14 9.905131e-02 -1.107293e-01 -9.889024e-01 9.122914e+00 0 2505542
1.135036e+14 -3.942105e+13 -1.197532e+14 7.130551e-01 -3.576180e-01 -6.030438e-01 -5.731594e+00 0 964791
-1.209046e+14 -8.467471e+13 9.253517e+13 -6.359750e-01 1.666849e-01 7.534931e-01 -1.854998e+01 0 29357432
7.072662e+13 -5.073549e+12 1.804109e+14 -2.606976e-02 -3.151747e-01 9.486755e-01 -1.916923e+01 0 1829164
7.720378e+13 1.209043e+14 9.606455e+13 4.931042e-01 8.023381e-01 3.363062e-01 1.056354e+01 0 9773161
1.231231e+14 -6.877022e+13 1.088073e+14 3.770007e-01 6.664562e-02 9.238121e-01 -1.063151e+01 0 2750440
1.448202e+14 -8.956842e+13 -6.066252e+12 8.587233e-01 -2.461671e-02 5.118480e-01 -1.028079e+00 0 212269
5.929660e+13 9.333222e+13 -1.370517e+14 -2.368490e-01 7.696738e-01 -5.928783e-01 -5.850523e+00 0 12199870
-1.512081e+14 -8.918024e+13 1.258514e+14 -7.097161e-01 -4.544604e-01 5.383018e-01 -2.139586e+01 0 20517399
-1.467952e+14 3.620119e+13 -7.709893e+13 -2.209930e-01 9.704689e-01 9.670647e-02 -1.164858e+00 0 10191911
-1.567714e+14 4.400094e+13 -4.828298e+13 2.872528e-02 -9.838106e-02 -9.947341e-01 -1.486930e+01 0 97032
-2.742859e+13 1.455332e+14 -9.095090e+13 1.082344e-01 8.489835e-01 -5.172160e-01 -1.424010e+01 0 1382028
