# 781
7.120336e+12 -6.378433e+11 -1.475057e+13 9.619679e-01 2.713388e-01 -3.151106e-02 0.000000e+00 1
-1.302955e+12 3.413941e+11 -1.189308e+13 -8.407684e-01 -2.519996e-01 -4.791708e-01 0.000000e+00 1
-6.155753e+12 1.194662e+13 -9.380087e+12 -1.462686e-01 -9.873624e-01 6.099994e-02 0.000000e+00 1
-1.518645e+13 6.779620e+12 9.994278e+11 -2.239385e-01 -7.983149e-01 5.590571e-01 0.000000e+00 1
4.207405e+12 1.290064e+13 -8.673809e+12 -2.447922e-01 7.945812e-01 -5.556235e-01 0.000000e+00 1
-6.537254e+11 1.162332e+11 7.566618e+10 3.532732e-01 -8.248574e-01 -4.413710e-01 0.000000e+00 1
1.782568e+12 -2.557666e+12 -1.219900e+13 3.647954e-01 4.696488e-01 -8.039617e-01 0.000000e+00 1
7.225411e+12 1.308696e+13 -4.567592e+12 8.373495e-02 4.432552e-01 -8.924760e-01 0.000000e+00 1
9.097097e+11 1.199645e+13 8.199895e+12 9.258144e-01 3.706464e-01 -7.408697e-02 0.000000e+00 1
-9.465737e+12 -1.015184e+13 4.864856e+12 -2.107374e-01 3.651291e-01 -9.067913e-01 0.000000e+00 1
4.930172e+12 1.145853e+13 1.129967e+13 -2.291718e-01 -7.649463e-01 -6.019447e-01 0.000000e+00 1
1.325976e+12 5.991427e+11 7.823436e+11 -2.825233e-01 -4.652561e-01 -8.388786e-01 0.000000e+00 1
2.594290e+12 -1.266442e+13 -8.321566e+12 3.698284e-01 5.181373e-01 7.712073e-01 0.000000e+00 1
1.181500e+13 7.068521e+12 7.727281e+12 3.652808e-01 -5.641924e-01 7.404437e-01 0.000000e+00 1
2.575174e+12 1.108417e+13 1.011380e+13 -2.045989e-01 9.787080e-01 1.643256e-02 0.000000e+00 1
1.537384e+13 -3.742533e+12 -5.167794e+12 -4.370406e-01 -5.160529e-02 -8.979601e-01 0.000000e+00 1
8.650519e+12 -1.069786e+13 -6.152869e+12 -2.959551e-01 5.169117e-02 9.538022e-01 0.000000e+00 1
3.862198e+12 8.070964e+10 -8.360495e+12 7.269652e-01 -3.055827e-01 -6.149316e-01 0.000000e+00 1
-8.312372e+12 -8.720855e+11 -1.108086e+12 6.490959e-01 -2.290423e-01 7.254061e-01 0.000000e+00 1
-8.809337e+12 7.198862e+12 3.299956e+12 -9.672898e-01 -1.026325e-01 -2.319848e-01 0.000000e+00 1
-1.314226e+13 7.576050e+12 -4.346463e+12 1.854057e-01 -9.355551e-01 -3.006016e-01 0.000000e+00 1
-1.539177e+12 9.736982e+12 1.122536e+13 5.368865e-01 -6.374515e-01 5.526377e-01 0.000000e+00 1
1.087603e+13 -7.207568e+11 6.256358e+12 -4.402446e-02 7.125431e-01 7.002458e-01 0.000000e+00 1
6.920897e+12 5.893399e+12 1.199579e+13 -8.115420e-01 4.028813e-01 4.231859e-01 0.000000e+00 1
-6.700437e+12 -4.646077e+12 -9.872078e+12 -6.149441e-01 -6.563331e-01 4.371163e-01 0.000000e+00 1
5.323791e+12 1.007509e+13 -1.178500e+13 -8.354037e-01 -3.433715e-01 -4.291815e-01 0.000000e+00 1
7.831288e+12 1.262684e+12 1.378081e+13 2.539656e-01 -7.323959e-01 6.317418e-01 0.000000e+00 1
-1.656728e+12 5.606781e+11 1.487117e+13 7.859829e-01 4.900360e-01 -3.769556e-01 0.000000e+00 1
4.303373e+11 -1.332862e+12 -6.004165e+12 3.353173e-01 -8.650469e-01 3.731704e-01 0.000000e+00 1
9.412169e+12 6.696207e+12 -8.890712e+12 -6.183105e-01 7.459985e-01 -2.473426e-01 0.000000e+00 1
1.589170e+12 -2.677000e+12 -1.080014e+13 3.971191e-02 -7.228428e-01 6.898704e-01 0.000000e+00 1
-1.279251e+13 3.848093e+12 5.959099e+12 7.680388e-01 -6.331149e-01 9.634317e-02 0.000000e+00 1
7.218943e+11 -7.480134e+12 -1.015136e+13 7.164246e-01 -1.149675e-02 -6.975698e-01 0.000000e+00 1
-5.524050e+12 -7.782428e+12 -1.036989e+13 -2.696969e-01 5.004380e-03 9.629323e-01 0.000000e+00 1
-7.235840e+12 3.707749e+10 5.787635e+12 5.948575e-01 -7.900155e-01 1.483911e-01 0.000000e+00 1
-1.488462e+13 4.205182e+12 -1.001363e+12 8.145679e-01 -5.619000e-01 1.440399e-01 0.000000e+00 1
3.945588e+12 2.144055e+12 5.734907e+12 -4.071269e-01 -8.128456e-01 -4.165690e-01 0.000000e+00 1
1.787400e+12 5.223470e+12 2.159808e+12 6.456475e-01 -7.289553e-01 -2.275161e-01 0.000000e+00 1
2.754062e+12 2.860480e+12 1.600067e+13 -1.757170e-01 -9.323147e-01 -3.160898e-01 0.000000e+00 1
6.311271e+11 -6.137650e+12 -3.174572e+12 1.179385e-01 -6.334046e-01 7.647804e-01 0.000000e+00 1
3.687748e+12 4.607655e+12 6.843253e+12 -5.310944e-01 1.600413e-02 8.471615e-01 0.000000e+00 1
-5.363636e+11 3.601529e+12 3.387436e+12 -4.106750e-01 -6.909723e-01 -5.948978e-01 0.000000e+00 1
-7.084240e+11 -9.562363e+12 4.948988e+12 -1.790581e-01 6.123175e-02 -9.819312e-01 0.000000e+00 1
-4.845697e+12 1.084037e+13 1.495589e+12 6.858740e-01 -3.442765e-01 6.411322e-01 0.000000e+00 1
-7.763118e+11 9.607174e+12 -4.577339e+11 3.962808e-01 8.863223e-01 -2.395713e-01 0.000000e+00 1
-1.749927e+12 1.388798e+13 2.194456e+12 5.053036e-01 -2.199016e-01 -8.344528e-01 0.000000e+00 1
-8.731444e+12 5.352918e+12 -1.190590e+13 2.328745e-01 9.660793e-01 1.116253e-01 0.000000e+00 1
4.864106e+10 1.656209e+13 -1.047969e+12 -9.181189e-01 2.969567e-01 -2.624393e-01 0.000000e+00 1
4.000520e+12 4.178568e+12 -9.168361e+12 -3.173143e-01 -6.584770e-01 6.824365e-01 0.000000e+00 1
1.224188e+13 -7.240967e+12 -4.691936e+12 7.561389e-01 2.244911e-01 6.147013e-01 0.000000e+00 1
3.341173e+12 -2.968545e+12 8.304409e+12 1.265562e-01 -5.645787e-01 -8.156190e-01 0.000000e+00 1
9.993574e+12 5.249470e+12 -5.003036e+12 -2.026900e-01 -7.148686e-01 6.692381e-01 0.000000e+00 1
-1.684268e+12 3.130689e+12 7.440007e+12 -7.469967e-01 -5.765017e-01 -3.311217e-01 0.000000e+00 1
1.221905e+11 4.378845e+12 -4.361793e+12 1.522881e-01 -9.265909e-01 -3.438569e-01 0.000000e+00 1
4.624666e+12 -9.069167e+11 -1.913507e+12 2.986309e-01 2.252484e-01 -9.274064e-01 0.000000e+00 1
-3.892725e+12 -1.386409e+13 -1.202318e+12 7.196201e-01 7.869558e-02 6.898941e-01 0.000000e+00 1
5.949372e+12 -1.158679e+13 -1.248591e+12 7.851885e-01 1.105600e-01 6.093074e-01 0.000000e+00 1
7.158543e+12 6.953104e+12 -1.350385e+13 1.913518e-01 -1.519549e-01 -9.696877e-01 0.000000e+00 1
-9.853740e+12 -7.248817e+12 1.040582e+13 -1.269077e-01 -7.484213e-01 -6.509685e-01 0.000000e+00 1
3.557079e+12 -1.210260e+13 -5.322219e+12 -8.948771e-02 7.247839e-01 6.831400e-01 0.000000e+00 1
-2.784564e+12 -5.449036e+12 -5.094298e+12 -3.791699e-01 8.119920e-01 -4.437333e-01 0.000000e+00 1
8.597327e+12 5.787273e+12 1.103122e+13 6.635176e-01 7.095176e-01 -2.373376e-01 0.000000e+00 1
-1.323791e+13 -5.580693e+12 4.888657e+12 -9.829023e-01 -8.423407e-02 -1.637304e-01 0.000000e+00 1
-5.880051e+12 -3.131911e+11 -1.003762e+13 1.908492e-01 -7.932410e-01 5.782261e-01 0.000000e+00 1
1.828679e+12 -4.040731e+12 1.613992e+13 -4.660327e-01 7.876009e-01 -4.031107e-01 0.000000e+00 1
7.817194e+11 9.926875e+12 2.486259e+12 -5.554213e-01 7.819111e-01 2.830587e-01 0.000000e+00 1
-9.473432e+12 1.142054e+13 -4.490093e+12 9.169793e-01 -2.036954e-01 -3.430118e-01 0.000000e+00 1
-6.440700e+11 2.208923e+12 1.614089e+12 -4.890376e-02 -5.018936e-01 -8.635457e-01 0.000000e+00 1
-7.496159e+12 1.687555e+12 1.134853e+13 8.717564e-01 4.473464e-01 -1.998047e-01 0.000000e+00 1
-8.306239e+12 8.639027e+12 -1.056538e+13 -1.140645e-01 -5.624647e-01 -8.189156e-01 0.000000e+00 1
5.171223e+12 1.055245e+13 4.804883e+12 -5.175722e-01 -1.609747e-01 8.403607e-01 0.000000e+00 1
1.242422e+13 1.451578e+12 -8.826417e+12 8.366521e-01 5.235305e-01 1.610249e-01 0.000000e+00 1
-8.108972e+12 7.587234e+12 -9.282628e+12 -6.406198e-02 -8.691889e-01 -4.903129e-01 0.000000e+00 1
7.760242e+12 5.861227e+12 1.208472e+13 -5.111682e-01 -1.739803e-01 -8.416875e-01 0.000000e+00 1
1.395148e+13 1.533131e+12 -6.205177e+12 7.703376e-01 -2.843726e-01 -5.707120e-01 0.000000e+00 1
1.427639e+13 -4.086287e+12 -1.660830e+12 4.303858e-01 7.116031e-01 -5.553279e-01 0.000000e+00 1
8.367804e+12 6.162371e+12 9.195605e+12 -1.074040e-01 7.861519e-01 6.086293e-01 0.000000e+00 1
-1.011532e+13 1.585625e+12 4.589043e+12 4.438463e-01 4.963283e-02 8.947274e-01 0.000000e+00 1
-9.469008e+12 4.340573e+12 1.959852e+12 5.110236e-01 8.595554e-01 4.408852e-03 0.000000e+00 1
-4.433515e+12 -1.206504e+13 8.317561e+12 -4.642787e-01 6.529651e-01 -5.983994e-01 0.000000e+00 1
1.056387e+13 -6.466090e+12 1.101961e+13 6.349703e-01 -7.060735e-01 3.134853e-01 0.000000e+00 1
1.579985e+13 7.050945e+11 1.452812e+12 6.003864e-01 -7.871790e-01 -1.410156e-01 0.000000e+00 1
-5.807627e+12 4.088612e+12 9.231588e+12 -5.275382e-02 -8.967347e-01 4.394132e-01 0.000000e+00 1
6.304930e+12 -5.150311e+12 -1.218654e+13 9.016030e-01 2.429510e-01 3.578923e-01 0.000000e+00 1
7.540766e+12 -3.202552e+12 -2.976870e+12 9.475102e-01 4.430706e-02 3.166408e-01 0.000000e+00 1
-6.122394e+12 1.358156e+13 -4.276942e+12 -4.816549e-02 -9.374355e-01 -3.448112e-01 0.000000e+00 1
8.066319e+12 -1.127080e+13 8.900678e+11 6.955080e-01 -6.986186e-01 -1.679308e-01 0.000000e+00 1
-7.628568e+12 -5.803901e+12 5.433025e+12 -2.813163e-01 -5.443773e-01 7.902623e-01 0.000000e+00 1
-1.277534e+13 3.171266e+12 -3.677658e+12 3.500955e-01 -9.358400e-01 4.045564e-02 0.000000e+00 1
-3.428416e+12 1.014984e+13 9.545965e+11 8.978999e-01 4.176175e-01 -1.391815e-01 0.000000e+00 1
-8.786020e+12 -4.083460e+12 -1.398643e+12 2.521230e-01 -8.980838e-01 3.603880e-01 0.000000e+00 1
9.324998e+10 1.062621e+13 -1.060353e+13 3.800875e-01 -3.587804e-01 8.525316e-01 0.000000e+00 1
-6.502860e+12 -1.355299e+13 -3.909533e+12 -3.925694e-01 -9.091181e-01 1.392609e-01 0.000000e+00 1
1.474910e+13 -9.779403e+11 7.807518e+12 -2.581959e-01 7.705869e-01 5.826926e-01 0.000000e+00 1
-7.485548e+12 4.827448e+12 1.304173e+13 -9.875776e-01 -1.443113e-01 6.216652e-02 0.000000e+00 1
-6.260282e+11 -5.027649e+12 -6.220857e+12 6.891826e-01 -6.291567e-01 3.594291e-01 0.000000e+00 1
-1.240775e+13 -7.521870e+12 4.103410e+12 -8.247693e-01 -2.054870e-01 5.268119e-01 0.000000e+00 1
1.252042e+13 -1.008587e+13 -3.233529e+12 -3.706031e-01 2.783979e-01 8.860858e-01 0.000000e+00 1
1.463073e+13 4.926642e+12 1.167455e+12 5.068416e-01 -7.819756e-01 3.628027e-01 0.000000e+00 1
-3.763823e+12 7.890176e+12 -1.107776e+13 -7.652886e-01 -4.093690e-01 -4.967397e-01 0.000000e+00 1
5.407462e+12 1.236509e+12 1.587108e+13 -8.465974e-02 -3.019627e-01 -9.495532e-01 0.000000e+00 1
-2.533977e+12 -3.146177e+12 1.390750e+13 -5.199410e-01 2.979738e-01 -8.005454e-01 0.000000e+00 1
1.260830e+13 -2.681307e+12 -7.346548e+12 -2.151813e-01 -7.980870e-01 -5.628091e-01 0.000000e+00 1
2.534744e+12 5.713008e+12 5.268968e+12 -5.896328e-01 4.654982e-01 6.600337e-01 0.000000e+00 1
1.084486e+11 1.865504e+12 1.360393e+13 9.009308e-01 -3.433446e-01 -2.654018e-01 0.000000e+00 1
6.375589e+12 -1.198216e+13 8.086095e+12 9.109904e-01 -3.354548e-01 -2.399303e-01 0.000000e+00 1
3.989053e+12 7.687310e+12 -5.744092e+12 -9.196069e-02 -2.420540e-01 -9.658950e-01 0.000000e+00 1
1.053981e+13 -4.637662e+12 -4.029416e+12 1.446560e-01 9.416980e-01 -3.037755e-01 0.000000e+00 1
-5.916797e+12 7.917180e+12 -5.935576e+12 -8.102166e-01 7.997303e-02 5.806492e-01 0.000000e+00 1
-9.311408e+12 -1.138259e+12 8.007693e+12 -8.338921e-01 6.530299e-02 -5.480507e-01 0.000000e+00 1
1.122298e+13 9.595671e+12 -4.474717e+12 4.823508e-01 -5.989016e-01 6.392609e-01 0.000000e+00 1
3.952154e+12 6.181057e+12 2.955900e+12 -7.226766e-04 -5.195767e-01 8.544235e-01 0.000000e+00 1
6.652593e+12 -1.171680e+13 9.867067e+12 4.156162e-01 2.274445e-01 8.806431e-01 0.000000e+00 1
1.677464e+12 -1.515209e+13 -3.536445e+11 -4.827939e-01 6.264100e-01 -6.119809e-01 0.000000e+00 1
1.540319e+13 -3.935010e+12 1.543838e+12 -1.876937e-01 9.574243e-01 -2.193396e-01 0.000000e+00 1
6.481142e+12 6.269518e+12 -2.001573e+12 -7.810942e-01 4.372725e-01 -4.457405e-01 0.000000e+00 1
-4.273643e+12 6.479108e+12 -4.453370e+12 -1.877284e-01 -9.067522e-01 -3.775692e-01 0.000000e+00 1
5.778777e+10 -3.332637e+12 5.528012e+12 -2.435816e-02 8.559529e-01 -5.164798e-01 0.000000e+00 1
1.008753e+13 1.725397e+12 4.324793e+12 2.333324e-01 -3.204999e-01 -9.180609e-01 0.000000e+00 1
-1.313774e+12 7.033286e+10 4.249019e+12 9.590591e-02 9.925570e-01 -7.505164e-02 0.000000e+00 1
9.362918e+12 1.130918e+13 1.370317e+12 -7.478385e-01 3.430151e-01 -5.683997e-01 0.000000e+00 1
9.193496e+12 2.458020e+12 -8.616870e+12 6.300012e-01 7.349835e-01 -2.507942e-01 0.000000e+00 1
3.665982e+12 7.967585e+12 -1.335296e+13 -4.666276e-01 -6.745382e-01 -5.720638e-01 0.000000e+00 1
-8.785507e+12 2.697440e+12 -7.801575e+12 4.727289e-01 -5.462345e-02 -8.795133e-01 0.000000e+00 1
6.235808e+12 -1.148148e+13 4.915775e+12 -2.812300e-01 9.475794e-01 -1.516674e-01 0.000000e+00 1
-7.012448e+12 3.236684e+12 -6.753990e+12 -4.501068e-01 -8.929463e-01 7.133971e-03 0.000000e+00 1
7.679306e+12 -8.489267e+12 -6.193457e+11 -1.774629e-02 -6.568854e-01 -7.537815e-01 0.000000e+00 1
2.925726e+12 -1.439205e+11 -1.001808e+12 8.012103e-01 -3.701951e-01 -4.701251e-01 0.000000e+00 1
-8.859472e+12 4.629599e+12 -3.457132e+12 -7.774378e-01 -3.020679e-01 5.516751e-01 0.000000e+00 1
-3.140672e+12 1.094775e+13 1.104610e+13 -9.208884e-01 -3.696359e-01 -1.238295e-01 0.000000e+00 1
-4.599786e+12 4.862501e+12 -1.119618e+13 -1.577458e-02 9.079781e-01 4.187206e-01 0.000000e+00 1
3.617103e+12 8.741392e+12 4.184425e+12 5.585151e-01 7.732256e-01 -3.003050e-01 0.000000e+00 1
-7.254503e+11 8.067887e+12 -3.469613e+11 -9.514285e-01 1.149440e-01 2.856077e-01 0.000000e+00 1
-7.054080e+12 -2.572227e+12 8.710018e+12 2.924808e-01 -8.808778e-01 3.721685e-01 0.000000e+00 1
1.169043e+12 6.120752e+12 -9.306829e+12 8.950287e-01 -1.208640e-02 4.458448e-01 0.000000e+00 1
-5.655207e+11 -7.780274e+11 -1.076161e+13 5.647635e-01 5.861095e-02 -8.231688e-01 0.000000e+00 1
1.265551e+13 3.514346e+12 1.067126e+13 -8.446108e-01 -5.353029e-01 -9.129254e-03 0.000000e+00 1
-1.559044e+13 -4.675556e+11 2.448281e+12 -3.739633e-01 -9.132116e-01 -1.618519e-01 0.000000e+00 1
2.652498e+12 -2.351710e+11 4.811017e+12 -4.666876e-01 -1.022316e-01 -8.784938e-01 0.000000e+00 1
-3.156485e+12 -2.221051e+12 1.255203e+13 6.166056e-01 5.169000e-01 -5.938114e-01 0.000000e+00 1
1.380058e+13 5.499448e+11 -3.484564e+12 5.585090e-01 -2.573369e-01 7.885718e-01 0.000000e+00 1
-5.289531e+12 -9.902850e+12 -8.836333e+12 8.762232e-01 4.763555e-01 -7.292737e-02 0.000000e+00 1
3.990999e+12 -4.731628e+12 1.477115e+13 8.955012e-01 3.639653e-01 2.561385e-01 0.000000e+00 1
-2.473082e+12 3.366332e+11 -5.356150e+12 5.245280e-01 -2.197139e-02 8.511097e-01 0.000000e+00 1
1.291129e+13 -1.023343e+13 -2.342447e+12 -1.744468e-01 -7.802619e-01 6.006327e-01 0.000000e+00 1
4.470466e+12 9.371106e+12 -1.155955e+13 -5.408331e-01 -7.404153e-01 -3.991050e-01 0.000000e+00 1
-6.364498e+12 1.937532e+12 -3.447235e+12 2.285474e-01 -2.912570e-01 -9.289432e-01 0.000000e+00 1
-7.552373e+11 -8.605899e+12 -1.101402e+13 3.045369e-01 -8.955093e-01 -3.245311e-01 0.000000e+00 1
1.238052e+13 -2.155332e+12 8.009350e+12 5.496815e-01 4.885399e-01 -6.776274e-01 0.000000e+00 1
-8.783915e+12 -4.710027e+12 8.082355e+11 -7.439882e-02 -9.748160e-01 -2.102346e-01 0.000000e+00 1
9.298525e+11 -5.088668e+12 -1.066338e+13 9.488286e-01 -1.197734e-01 2.921963e-01 0.000000e+00 1
-1.338681e+13 4.781040e+12 -8.420147e+12 9.919168e-01 1.263539e-01 -1.164748e-02 0.000000e+00 1
-2.201172e+12 2.176585e+12 -6.184986e+12 9.270178e-01 4.590415e-02 3.721973e-01 0.000000e+00 1
6.871964e+12 -1.341804e+13 -3.953333e+12 -4.873989e-01 8.699816e-01 7.466158e-02 0.000000e+00 1
5.323337e+10 1.256430e+13 5.161445e+12 5.582361e-01 -1.878919e-01 8.081269e-01 0.000000e+00 1
3.176587e+12 8.200984e+12 -1.253039e+13 -6.208312e-02 -6.858949e-01 -7.250475e-01 0.000000e+00 1
3.412053e+11 1.307713e+13 5.819545e+12 6.786325e-01 6.978300e-01 -2.291097e-01 0.000000e+00 1
-4.115128e+12 -9.852546e+12 2.463592e+12 3.278876e-01 9.439582e-01 -3.785082e-02 0.000000e+00 1
7.675823e+11 -3.825365e+12 -2.783373e+12 -7.310466e-01 5.551698e-01 3.966829e-01 0.000000e+00 1
3.345022e+11 1.689384e+13 -2.817560e+11 2.901803e-01 -5.697090e-01 7.689129e-01 0.000000e+00 1
-2.407413e+12 -1.661371e+11 -1.855606e+12 4.650178e-01 -8.766054e-01 -1.237792e-01 0.000000e+00 1
2.632152e+12 1.492867e+13 1.129937e+12 7.879758e-02 -8.558219e-01 5.112336e-01 0.000000e+00 1
6.303084e+11 -5.321801e+12 -1.294147e+13 -1.923288e-01 -4.901525e-01 8.501530e-01 0.000000e+00 1
-1.298106e+13 5.969985e+12 8.829662e+12 -4.132750e-01 8.385601e-01 -3.549940e-01 0.000000e+00 1
-9.704734e+12 -4.619151e+12 1.221373e+13 -2.037981e-01 -5.971738e-01 -7.757898e-01 0.000000e+00 1
-8.349553e+12 -4.535785e+12 -7.245836e+12 -6.274733e-02 1.748323e-01 9.825968e-01 0.000000e+00 1
2.488423e+12 -1.363788e+13 8.273060e+12 4.918515e-01 8.700573e-01 3.289859e-02 0.000000e+00 1
8.295888e+12 8.676511e+12 -4.596348e+12 -8.256800e-01 5.632630e-01 3.142154e-02 0.000000e+00 1
1.403048e+13 4.126777e+12 1.756195e+12 -8.910198e-01 1.251090e-01 4.363846e-01 0.000000e+00 1
1.329804e+13 9.406001e+12 2.875440e+12 3.165294e-02 3.180640e-01 -9.475407e-01 0.000000e+00 1
-6.173126e+12 3.311603e+12 7.098272e+12 3.500275e-01 -7.188751e-01 6.005824e-01 0.000000e+00 1
-8.832262e+12 7.638117e+12 8.292741e+12 -5.223916e-02 -9.602804e-01 2.741032e-01 0.000000e+00 1
-1.155718e+13 1.111737e+13 3.856788e+12 7.610211e-01 6.415054e-01 9.652827e-02 0.000000e+00 1
-4.734981e+12 2.590642e+12 -4.332238e+12 -4.842309e-01 -8.431201e-01 -2.338140e-01 0.000000e+00 1
-5.170661e+12 7.162360e+12 1.665919e+12 3.152618e-01 -8.267569e-01 4.659217e-01 0.000000e+00 1
6.713095e+12 9.711056e+12 -8.830137e+11 2.554562e-01 8.550893e-04 -9.668202e-01 0.000000e+00 1
9.557268e+12 8.163536e+12 1.659075e+12 -6.160657e-01 6.150264e-01 4.921438e-01 0.000000e+00 1
7.322343e+12 4.347326e+12 1.072622e+13 2.961575e-01 8.071136e-01 5.107429e-01 0.000000e+00 1
3.198991e+12 -2.969553e+12 -1.015297e+13 3.790774e-01 6.500387e-01 6.585971e-01 0.000000e+00 1
-8.773784e+12 5.477076e+11 -1.349002e+13 -7.039454e-01 7.921537e-02 7.058228e-01 0.000000e+00 1
8.579587e+11 -9.480404e+11 1.630234e+13 -3.444008e-01 -8.981614e-01 2.733025e-01 0.000000e+00 1
7.889516e+12 1.298591e+12 4.893789e+12 -9.702670e-01 9.558874e-03 -2.418484e-01 0.000000e+00 1
1.518304e+13 -4.157015e+12 9.067615e+11 3.237851e-01 -5.253908e-01 -7.868467e-01 0.000000e+00 1
5.431777e+12 -7.613114e+11 1.317698e+13 6.165472e-01 -2.872631e-01 7.330412e-01 0.000000e+00 1
2.585065e+12 1.200775e+13 2.414907e+12 9.795884e-01 9.190465e-02 1.787738e-01 0.000000e+00 1
5.314713e+12 8.290843e+12 -6.698316e+12 -1.193477e-01 9.240402e-01 3.631885e-01 0.000000e+00 1
3.591079e+12 5.207076e+12 5.179500e+12 1.971494e-01 -1.567928e-01 -9.677542e-01 0.000000e+00 1
-4.631329e+12 -4.556796e+12 -9.364130e+12 -7.022393e-01 -5.853983e-01 -4.051776e-01 0.000000e+00 1
1.389444e+13 6.579872e+12 6.138412e+12 4.886570e-01 -3.351936e-01 -8.055182e-01 0.000000e+00 1
-1.263449e+13 -1.104290e+13 1.409168e+11 4.327036e-01 2.715739e-01 -8.596599e-01 0.000000e+00 1
6.635249e+12 -1.863750e+12 7.651235e+11 8.902106e-01 -9.462397e-02 -4.456136e-01 0.000000e+00 1
1.197502e+12 8.423175e+12 -8.565317e+12 -9.588605e-01 -2.834073e-01 1.633271e-02 0.000000e+00 1
1.558498e+13 2.524970e+11 3.879868e+12 7.964962e-01 -6.016640e-01 5.995124e-02 0.000000e+00 1
-7.980187e+12 -1.305008e+11 4.850203e+12 5.860714e-01 -6.497421e-01 -4.841028e-01 0.000000e+00 1
-8.243080e+12 1.060976e+13 -4.336496e+12 -2.543707e-01 9.025640e-01 -3.473812e-01 0.000000e+00 1
-4.484312e+11 4.189436e+12 -1.231575e+13 8.761161e-01 -2.398757e-01 -4.181869e-01 0.000000e+00 1
4.212932e+12 -1.277960e+13 -8.261303e+12 1.484419e-01 -4.497074e-01 8.807544e-01 0.000000e+00 1
6.741106e+12 7.421858e+12 5.924995e+12 2.768271e-01 8.456370e-01 -4.563605e-01 0.000000e+00 1
-7.848708e+12 6.291057e+12 7.001393e+12 -8.152440e-02 -5.630046e-02 9.950799e-01 0.000000e+00 1
-6.842127e+12 -2.963773e+12 -5.604905e+12 -3.291852e-01 -4.283086e-01 8.415396e-01 0.000000e+00 1
-1.960334e+12 -6.505985e+12 -1.547827e+13 -9.917838e-01 -5.011826e-02 -1.176992e-01 0.000000e+00 1
-1.238765e+13 -1.006323e+13 -2.142787e+12 8.559891e-01 -5.086418e-01 9.255382e-02 0.000000e+00 1
9.022423e+12 -3.606542e+12 -3.545005e+12 1.214220e-01 1.214828e-02 -9.925266e-01 0.000000e+00 1
4.650454e+12 -9.947901e+12 -7.518296e+12 -2.847510e-01 9.289607e-01 -2.365351e-01 0.000000e+00 1
7.036848e+12 -5.092261e+11 -9.690310e+12 -5.545617e-01 4.839287e-01 6.769596e-01 0.000000e+00 1
6.767883e+12 -5.913109e+12 7.528268e+12 -1.903883e-01 8.756309e-01 -4.438725e-01 0.000000e+00 1
-6.389765e+12 -7.261033e+12 -5.878137e+11 -4.815339e-01 -5.776099e-01 6.591600e-01 0.000000e+00 1
6.106851e+12 -3.752904e+11 3.645029e+11 1.746414e-01 -2.384316e-01 -9.553276e-01 0.000000e+00 1
1.036679e+13 -1.040834e+13 -6.986477e+12 2.244592e-01 -7.787468e-01 -5.858084e-01 0.000000e+00 1
-2.468626e+12 -7.175549e+12 -1.390426e+13 -7.606964e-02 -4.460045e-01 -8.917922e-01 0.000000e+00 1
6.847314e+12 -6.048048e+12 9.686709e+12 8.074501e-01 2.414024e-01 -5.382835e-01 0.000000e+00 1
-7.676347e+12 7.156152e+12 5.417906e+12 -9.703757e-01 -2.412709e-01 -1.262245e-02 0.000000e+00 1
3.173291e+12 1.578817e+13 4.254057e+12 -9.430938e-01 -2.661031e-01 -1.994071e-01 0.000000e+00 1
4.273980e+12 2.493961e+11 1.968565e+11 3.362380e-01 -8.929998e-01 -2.991576e-01 0.000000e+00 1
-1.405251e+13 -2.991239e+12 7.482659e+12 8.505126e-01 -5.258938e-01 -8.004625e-03 0.000000e+00 1
-5.113600e+12 3.408700e+12 1.472052e+13 4.678175e-01 -2.370659e-01 -8.514379e-01 0.000000e+00 1
7.220112e+12 -2.537966e+12 1.116110e+13 4.413538e-01 -2.400143e-01 8.646386e-01 0.000000e+00 1
-3.639234e+12 4.453411e+12 2.675223e+12 -8.369441e-01 3.665206e-01 -4.064323e-01 0.000000e+00 1
6.408568e+12 3.771243e+12 -1.388270e+13 6.228261e-01 -5.590052e-01 -5.473581e-01 0.000000e+00 1
1.325093e+13 9.143639e+12 5.158732e+12 -2.926867e-02 9.080330e-01 4.178748e-01 0.000000e+00 1
-1.051923e+13 -1.479562e+12 4.106811e+12 -7.089468e-01 -6.675029e-01 2.276715e-01 0.000000e+00 1
-4.812102e+12 -9.129482e+12 4.507550e+11 -6.288365e-01 -7.774930e-01 8.330796e-03 0.000000e+00 1
-1.647385e+12 4.150406e+12 1.473232e+13 3.010578e-02 -6.162460e-01 -7.869781e-01 0.000000e+00 1
1.123507e+13 -7.597388e+12 6.076861e+12 -5.283808e-01 -5.397997e-01 6.553091e-01 0.000000e+00 1
9.803485e+12 -6.832116e+12 -6.855366e+12 8.205220e-01 -4.888969e-01 2.961814e-01 0.000000e+00 1
4.350893e+12 1.043966e+13 -2.291771e+12 1.092743e-01 2.522168e-02 -9.936916e-01 0.000000e+00 1
5.104668e+12 -1.041554e+12 7.451283e+12 7.389268e-01 -6.131299e-01 2.793904e-01 0.000000e+00 1
6.807804e+12 -7.514909e+12 -4.059206e+12 -6.533126e-01 -5.862089e-01 -4.791052e-01 0.000000e+00 1
-1.412521e+13 5.353072e+11 7.065662e+12 -8.298428e-01 3.085852e-01 4.649045e-01 0.000000e+00 1
1.873182e+12 3.346189e+12 7.660850e+12 7.091249e-02 -9.419455e-01 3.281922e-01 0.000000e+00 1
4.248376e+12 -1.153554e+13 -4.606837e+12 8.512121e-01 3.367529e-01 4.025364e-01 0.000000e+00 1
4.719461e+12 9.078555e+12 2.366230e+12 -1.468281e-02 9.685108e-01 2.485384e-01 0.000000e+00 1
-2.950645e+12 1.095404e+13 -4.615820e+12 4.884768e-01 8.173612e-01 -3.054685e-01 0.000000e+00 1
-7.886835e+12 -2.570884e+12 -1.305026e+13 2.937203e-02 -1.455441e-01 -9.889157e-01 0.000000e+00 1
-1.565325e+12 2.256603e+12 -2.029137e+12 4.611435e-01 -8.804265e-01 1.104350e-01 0.000000e+00 1
1.107471e+13 9.392870e+12 -7.019708e+12 6.637693e-01 5.741537e-01 -4.793307e-01 0.000000e+00 1
-3.587780e+12 -4.412120e+12 -3.689443e+12 -3.934052e-01 -5.870724e-01 -7.075156e-01 0.000000e+00 1
2.614464e+12 1.560684e+12 1.079938e+13 -1.290274e-01 1.848555e-01 -9.742589e-01 0.000000e+00 1
7.916344e+12 -6.298329e+12 1.129348e+13 7.281309e-02 1.943714e-01 9.782219e-01 0.000000e+00 1
-9.950965e+12 -5.561331e+12 -6.596316e+12 -1.997181e-01 -7.617937e-01 6.162653e-01 0.000000e+00 1
-4.321679e+12 -9.839535e+12 -1.225596e+13 4.754868e-01 -2.046075e-01 -8.555981e-01 0.000000e+00 1
1.140682e+13 -9.093437e+12 8.224200e+12 6.701537e-01 1.457051e-01 7.277802e-01 0.000000e+00 1
1.155016e+13 -1.431827e+12 8.546702e+12 9.597579e-01 7.773525e-02 -2.698557e-01 0.000000e+00 1
3.114141e+12 5.903640e+11 -5.651812e+12 -5.382620e-02 -9.299850e-01 -3.636354e-01 0.000000e+00 1
-3.248790e+12 -4.636114e+12 -6.695753e+12 -5.787330e-01 -7.978229e-01 -1.689580e-01 0.000000e+00 1
8.259782e+12 -1.567330e+12 1.086701e+13 -7.316614e-01 6.538146e-01 -1.928682e-01 0.000000e+00 1
-2.227401e+11 -3.176819e+12 -1.510812e+13 7.671539e-01 6.409914e-01 -2.459379e-02 0.000000e+00 1
9.099102e+12 1.180785e+13 -8.400855e+11 -9.686416e-01 6.660767e-02 -2.393678e-01 0.000000e+00 1
1.263812e+13 -5.548718e+12 -7.174727e+12 4.926028e-01 -5.102137e-01 7.049996e-01 0.000000e+00 1
-6.289421e+12 -1.492372e+12 1.178588e+13 -8.632269e-01 1.360533e-01 4.861365e-01 0.000000e+00 1
-5.609815e+11 8.440544e+12 -1.340148e+13 -5.333785e-01 -7.547052e-01 3.820044e-01 0.000000e+00 1
-7.124141e+12 2.741262e+11 4.838283e+12 8.639940e-01 -3.799413e-02 5.020666e-01 0.000000e+00 1
8.815606e+12 -5.753920e+11 3.330126e+12 5.639512e-01 -7.627981e-01 3.163827e-01 0.000000e+00 1
1.905213e+12 3.268150e+11 1.326966e+13 -8.044879e-01 1.379681e-01 5.777232e-01 0.000000e+00 1
8.536565e+11 1.134613e+13 1.236511e+13 -2.075645e-01 3.697051e-01 9.056683e-01 0.000000e+00 1
-1.068795e+13 -7.289063e+12 9.729745e+12 9.387935e-01 3.370571e-01 -7.112790e-02 0.000000e+00 1
1.039562e+13 -9.889769e+12 6.216153e+12 6.382523e-01 -5.927856e-01 -4.911611e-01 0.000000e+00 1
-8.513078e+12 -8.386752e+12 1.165605e+13 -3.410810e-01 9.289077e-01 1.442019e-01 0.000000e+00 1
5.112271e+12 -6.560976e+12 -9.348547e+12 4.894384e-01 -7.952027e-01 -3.579145e-01 0.000000e+00 1
-2.763663e+12 -5.632481e+12 -1.315716e+13 -4.605752e-01 1.302836e-01 -8.780072e-01 0.000000e+00 1
-1.094632e+13 -4.110809e+12 -4.326276e+12 -9.990815e-01 1.824019e-02 -3.877417e-02 0.000000e+00 1
-2.178838e+12 4.846803e+12 1.530208e+13 9.035531e-01 -1.256685e-01 4.096329e-01 0.000000e+00 1
-6.780897e+12 -8.640494e+12 -1.312840e+11 4.279417e-02 -9.976031e-01 5.437577e-02 0.000000e+00 1
-9.485362e+12 -1.917501e+12 1.303298e+13 -3.452294e-02 -9.270101e-01 -3.734440e-01 0.000000e+00 1
5.732423e+12 3.259320e+12 2.913015e+12 2.581560e-01 9.033179e-01 3.425963e-01 0.000000e+00 1
4.628222e+12 9.191512e+12 -7.550242e+12 5.096027e-01 5.116234e-01 -6.917706e-01 0.000000e+00 1
3.371610e+12 -2.432727e+12 -1.365487e+13 -3.585701e-02 -1.556269e-02 -9.992357e-01 0.000000e+00 1
5.447111e+12 -1.569407e+13 -4.196478e+11 -2.702115e-01 -9.456878e-01 1.807215e-01 0.000000e+00 1
-6.037720e+12 -3.661946e+12 -1.537418e+13 -5.265229e-01 -8.117679e-01 -2.525995e-01 0.000000e+00 1
-5.550606e+12 3.125543e+11 -1.315396e+12 -7.936976e-01 2.453686e-01 5.566313e-01 0.000000e+00 1
-3.154799e+12 1.305280e+13 -5.252227e+12 -2.085922e-01 2.319688e-01 -9.500946e-01 0.000000e+00 1
-8.902888e+12 1.331095e+13 4.118913e+12 6.540523e-02 -6.289135e-01 -7.747193e-01 0.000000e+00 1
-4.547026e+12 -8.780064e+12 -4.843745e+12 6.196330e-01 7.838301e-01 4.080874e-02 0.000000e+00 1
9.382482e+11 -6.052658e+12 1.979915e+12 7.121769e-01 -2.796789e-01 -6.438818e-01 0.000000e+00 1
-1.010873e+13 5.893804e+11 -6.902817e+12 -7.708616e-01 -3.188017e-01 -5.514869e-01 0.000000e+00 1
-1.081782e+13 -5.890841e+12 -3.076398e+12 7.747613e-02 -1.689169e-01 9.825805e-01 0.000000e+00 1
-6.090828e+12 -8.287838e+12 -1.544911e+12 -8.676440e-01 4.662347e-01 1.726822e-01 0.000000e+00 1
-9.463265e+12 -9.560774e+12 7.908336e+12 -2.527312e-01 5.371038e-01 -8.047649e-01 0.000000e+00 1
-7.654293e+12 9.827555e+12 -4.285855e+12 9.765506e-02 -5.723172e-01 -8.141968e-01 0.000000e+00 1
-8.214986e+12 5.768569e+12 1.219222e+12 8.957496e-01 2.489449e-01 -3.683193e-01 0.000000e+00 1
4.562894e+12 6.013150e+12 -1.238847e+13 -4.831540e-02 -7.861490e-01 -6.161456e-01 0.000000e+00 1
1.017170e+12 2.801963e+12 -1.050295e+13 8.317372e-01 -2.626360e-01 -4.891171e-01 0.000000e+00 1
8.617309e+12 -1.273429e+13 1.117202e+12 8.795533e-01 6.300616e-02 -4.716103e-01 0.000000e+00 1
6.051878e+12 -2.228113e+12 8.469975e+12 -5.207953e-01 7.560096e-01 -3.965120e-01 0.000000e+00 1
-1.902466e+10 5.066194e+11 -2.261132e+12 -2.945935e-01 -9.326931e-01 2.080824e-01 0.000000e+00 1
-1.359444e+13 -4.825842e+12 5.586653e+12 -1.078016e-01 9.902632e-01 8.807744e-02 0.000000e+00 1
7.583042e+12 -1.069707e+13 -4.719014e+12 -5.613595e-01 -8.167736e-01 -1.332535e-01 0.000000e+00 1
3.749340e+12 -1.027821e+13 -8.477683e+12 5.474549e-01 -8.095173e-02 8.329105e-01 0.000000e+00 1
7.741530e+12 3.016223e+12 1.196584e+13 5.037939e-01 -6.254578e-01 5.958139e-01 0.000000e+00 1
1.449360e+12 -5.742158e+12 -1.452347e+13 -2.247614e-01 -2.503440e-01 9.417060e-01 0.000000e+00 1
-1.203054e+12 1.315658e+13 -2.226659e+12 6.370516e-01 -3.143676e-01 7.038027e-01 0.000000e+00 1
5.404037e+12 3.764818e+12 5.047535e+12 -1.606294e-01 -5.513265e-02 9.854738e-01 0.000000e+00 1
1.070595e+13 2.157025e+12 -6.317369e+11 -8.337707e-01 9.841184e-02 -5.432693e-01 0.000000e+00 1
-2.926091e+12 -1.461990e+12 3.465155e+12 1.081634e-01 7.940730e-01 5.981209e-01 0.000000e+00 1
-4.689804e+11 -7.547101e+12 -1.456358e+13 -3.417429e-02 -9.844777e-01 -1.721502e-01 0.000000e+00 1
-7.599901e+12 -8.700765e+11 5.503187e+12 1.768238e-01 5.612554e-01 -8.085331e-01 0.000000e+00 1
5.278190e+12 -1.196647e+13 1.441240e+12 7.062465e-01 -6.734454e-01 -2.183742e-01 0.000000e+00 1
-1.325556e+13 1.339508e+12 6.283847e+12 -9.144618e-01 -3.271666e-01 2.381631e-01 0.000000e+00 1
-6.659473e+12 -2.191703e+12 -1.081041e+13 7.588301e-01 6.380768e-01 1.305177e-01 0.000000e+00 1
7.711504e+12 1.582138e+12 1.074790e+13 7.163800e-01 1.840682e-02 6.974674e-01 0.000000e+00 1
-1.563253e+13 -1.420776e+12 -5.454733e+11 -5.075932e-01 -8.260710e-01 -2.448590e-01 0.000000e+00 1
5.508912e+12 8.506003e+11 5.567736e+11 -5.402608e-01 5.169686e-01 6.639741e-01 0.000000e+00 1
7.534576e+12 -1.148492e+13 -8.851378e+12 -3.892619e-01 -2.422108e-01 -8.887120e-01 0.000000e+00 1
-6.753888e+12 -9.807744e+12 4.559798e+12 -3.716598e-01 -5.313265e-01 -7.612891e-01 0.000000e+00 1
9.609668e+12 -2.299455e+12 4.339867e+10 1.116409e-01 -5.655939e-01 -8.170923e-01 0.000000e+00 1
-8.052704e+12 4.946889e+11 3.568324e+12 4.768610e-01 -7.253146e-01 4.965101e-01 0.000000e+00 1
-1.228350e+13 -5.890119e+12 -5.587531e+12 -2.833096e-01 4.753363e-01 8.329412e-01 0.000000e+00 1
1.261959e+13 9.335009e+12 5.625329e+12 1.471240e-03 9.318135e-01 -3.629344e-01 0.000000e+00 1
3.109999e+12 1.560001e+13 -2.618020e+12 -9.367465e-01 -3.395733e-01 -8.482918e-02 0.000000e+00 1
1.010369e+13 3.537844e+12 -3.168480e+12 9.086675e-01 -7.594334e-02 4.105556e-01 0.000000e+00 1
-8.967356e+12 1.157673e+13 1.199258e+12 3.810957e-01 2.616294e-01 8.867447e-01 0.000000e+00 1
-1.070827e+13 -8.539239e+12 8.335171e+12 7.294971e-01 -6.681233e-01 1.464416e-01 0.000000e+00 1
1.188095e+13 -2.480769e+12 1.022296e+13 -3.309617e-01 -3.429591e-01 -8.791151e-01 0.000000e+00 1
1.037768e+13 1.568165e+12 -8.518949e+12 -8.814235e-01 -3.912230e-01 2.646454e-01 0.000000e+00 1
3.719076e+12 -5.917372e+12 -1.063951e+13 3.666135e-01 7.741049e-01 -5.160970e-01 0.000000e+00 1
-9.860116e+12 2.696427e+12 6.338549e+12 7.966202e-01 5.817904e-02 6.016739e-01 0.000000e+00 1
7.178497e+12 1.049819e+13 8.340351e+12 8.905489e-01 9.719548e-02 -4.443825e-01 0.000000e+00 1
-4.568486e+12 -9.307419e+12 2.263794e+12 -1.964027e-01 -9.804600e-01 -1.114099e-02 0.000000e+00 1
9.438197e+12 -1.301961e+13 -4.034979e+12 6.512600e-01 3.317808e-01 -6.824822e-01 0.000000e+00 1
6.534730e+11 -1.002424e+13 1.687874e+12 6.200901e-01 7.755713e-01 -1.182263e-01 0.000000e+00 1
1.314286e+12 8.048631e+12 -6.608347e+12 9.162137e-02 -8.577422e-01 -5.058496e-01 0.000000e+00 1
-2.005595e+12 1.020134e+12 -1.063968e+13 1.191812e-01 -9.526211e-01 2.798373e-01 0.000000e+00 1
-6.596009e+12 -8.146290e+12 4.823883e+12 7.647474e-01 5.406522e-01 3.505089e-01 0.000000e+00 1
-3.423896e+12 3.737996e+12 -1.511007e+13 -7.222198e-01 -6.586593e-01 -2.111080e-01 0.000000e+00 1
6.569909e+12 1.162921e+13 -8.563043e+12 -2.471745e-01 -8.678206e-01 -4.310362e-01 0.000000e+00 1
1.093887e+13 8.878082e+12 2.446542e+12 4.631440e-01 -1.298999e-01 -8.767119e-01 0.000000e+00 1
6.683866e+12 -3.990408e+12 -8.698758e+12 -4.113804e-01 -2.906450e-01 -8.638818e-01 0.000000e+00 1
-7.481393e+12 -1.133939e+13 1.855577e+12 4.710753e-01 -8.313546e-01 2.948519e-01 0.000000e+00 1
1.463847e+12 1.119577e+13 5.132617e+12 -7.721200e-02 -7.673174e-01 -6.366021e-01 0.000000e+00 1
1.552274e+12 -8.364475e+12 5.802133e+12 -2.787835e-01 -2.509449e-01 -9.269878e-01 0.000000e+00 1
5.050357e+12 -4.963283e+12 -1.030499e+13 9.975736e-01 -6.757500e-02 1.674664e-02 0.000000e+00 1
-3.333241e+12 3.865380e+12 4.792628e+11 2.764108e-01 -9.774476e-02 9.560560e-01 0.000000e+00 1
5.442564e+12 4.148079e+12 1.298014e+13 7.809591e-01 5.601416e-01 -2.763045e-01 0.000000e+00 1
-1.556419e+13 2.288527e+12 1.798278e+12 9.655447e-01 1.622937e-01 2.034309e-01 0.000000e+00 1
-1.365472e+13 -5.863458e+11 5.289642e+11 1.662430e-01 1.088359e-01 9.800602e-01 0.000000e+00 1
2.086331e+12 -9.708334e+12 -1.106454e+13 1.821887e-01 -5.002962e-01 8.464697e-01 0.000000e+00 1
-4.866409e+12 1.053945e+13 9.572744e+11 2.069069e-01 5.094015e-01 8.352842e-01 0.000000e+00 1
-3.216149e+12 7.981698e+11 -1.477510e+13 9.345452e-02 8.790161e-01 -4.675436e-01 0.000000e+00 1
2.199366e+12 -6.640107e+12 9.748135e+12 3.658656e-01 -8.903290e-01 -2.710291e-01 0.000000e+00 1
6.239797e+12 -6.550136e+12 -9.868416e+12 2.714454e-01 -7.121132e-01 6.474659e-01 0.000000e+00 1
9.854797e+12 -8.878524e+11 -6.339160e+12 -7.665251e-02 4.439566e-01 8.927636e-01 0.000000e+00 1
1.049399e+13 -2.794108e+12 -7.590311e+12 3.983091e-01 -2.875829e-01 8.710028e-01 0.000000e+00 1
6.948193e+12 -8.541198e+12 -8.568898e+12 -3.580811e-01 1.284734e-01 9.248094e-01 0.000000e+00 1
1.155262e+12 1.811749e+12 1.573878e+13 -7.690841e-01 -6.051548e-01 2.056632e-01 0.000000e+00 1
7.357133e+12 -9.449763e+12 9.874534e+12 3.009675e-01 9.536291e-01 3.184291e-03 0.000000e+00 1
-8.558212e+12 7.566057e+12 7.450334e+12 5.102252e-01 8.202801e-01 2.584779e-01 0.000000e+00 1
5.313816e+12 -2.760327e+12 -1.338450e+13 -9.159805e-01 -2.385905e-01 -3.225744e-01 0.000000e+00 1
3.005522e+12 8.550659e+12 -1.411201e+13 -2.050891e-02 1.057630e-01 9.941798e-01 0.000000e+00 1
-1.067434e+13 7.948912e+12 -2.176419e+12 -2.086593e-01 -4.881543e-01 8.474472e-01 0.000000e+00 1
1.390529e+13 -6.836344e+12 1.670749e+12 -2.247943e-01 -9.404539e-01 -2.549784e-01 0.000000e+00 1
3.330886e+12 -7.645806e+12 8.904809e+12 -3.647913e-01 2.292943e-01 -9.024142e-01 0.000000e+00 1
-1.447278e+12 3.919486e+12 -4.092432e+12 -7.120130e-01 2.307303e-01 6.631750e-01 0.000000e+00 1
2.841621e+12 -1.098692e+13 6.631384e+12 -4.950357e-01 8.414457e-01 -2.165844e-01 0.000000e+00 1
5.988377e+12 7.015840e+12 -4.325950e+12 7.616035e-01 -3.285980e-01 -5.585547e-01 0.000000e+00 1
3.455564e+12 1.607819e+13 -3.418900e+12 3.302174e-01 -2.707495e-01 -9.042407e-01 0.000000e+00 1
3.362185e+11 -3.610623e+12 2.963363e+12 -5.095795e-01 7.021386e-01 4.973229e-01 0.000000e+00 1
1.357248e+13 -2.602387e+12 8.620829e+12 6.583612e-01 7.120240e-01 -2.440951e-01 0.000000e+00 1
-1.427301e+13 1.839150e+12 -5.978115e+12 6.717043e-01 4.910009e-01 -5.547354e-01 0.000000e+00 1
2.764317e+12 -5.847320e+12 4.379314e+12 -7.629753e-01 -5.043232e-01 4.043845e-01 0.000000e+00 1
4.606409e+12 3.068812e+09 1.454969e+13 4.565911e-01 -8.891366e-01 -3.099458e-02 0.000000e+00 1
4.509811e+12 -1.038872e+13 -9.499247e+12 -8.517388e-02 8.301677e-01 5.509691e-01 0.000000e+00 1
-9.211518e+12 7.333416e+12 8.398439e+12 1.178126e-01 -9.596903e-01 -2.551759e-01 0.000000e+00 1
1.196397e+13 1.142237e+13 -1.694056e+11 6.671668e-01 -6.902951e-01 2.799663e-01 0.000000e+00 1
-7.607494e+12 1.175262e+13 5.325293e+12 -3.873690e-01 -3.883679e-01 8.361314e-01 0.000000e+00 1
-7.058665e+12 -6.727826e+12 1.701517e+12 2.801112e-01 -3.321214e-01 9.006848e-01 0.000000e+00 1
-6.719770e+12 -1.644789e+12 -6.356975e+11 5.267012e-01 8.403460e-01 -1.280800e-01 0.000000e+00 1
-6.640595e+12 -1.300860e+11 -1.015494e+13 -5.191717e-01 -8.259970e-01 2.195213e-01 0.000000e+00 1
8.661481e+12 -5.561811e+11 6.851766e+12 -1.357965e-01 9.795692e-01 -1.483355e-01 0.000000e+00 1
-7.614726e+12 -1.268183e+13 2.204179e+12 -7.264412e-01 4.877907e-01 4.840903e-01 0.000000e+00 1
2.728227e+11 8.196198e+12 7.265212e+12 7.727959e-01 1.433337e-02 -6.344927e-01 0.000000e+00 1
9.216758e+12 -1.726857e+11 -1.236314e+13 -1.026013e-02 7.329506e-01 -6.802045e-01 0.000000e+00 1
-1.062488e+13 7.965484e+11 -5.147449e+12 -5.232845e-01 -7.016536e-01 -4.835861e-01 0.000000e+00 1
7.661400e+11 2.166570e+12 -3.134721e+12 3.813811e-01 -7.710430e-01 -5.099423e-01 0.000000e+00 1
4.682218e+12 -9.989372e+12 1.196460e+13 2.030101e-01 -7.697818e-01 -6.051635e-01 0.000000e+00 1
4.693243e+12 -5.120074e+12 -6.491117e+12 2.779645e-01 -9.505721e-01 -1.383776e-01 0.000000e+00 1
-1.245188e+13 2.515204e+11 -6.248795e+12 -9.715559e-01 -1.353495e-01 1.943186e-01 0.000000e+00 1
-5.251915e+12 1.558599e+13 3.154179e+12 5.712099e-01 7.989472e-01 1.881560e-01 0.000000e+00 1
1.299456e+13 -9.985436e+12 -4.026516e+11 6.603612e-01 -4.064959e-01 -6.314145e-01 0.000000e+00 1
7.029817e+12 -8.126154e+12 -1.251984e+13 -6.980079e-01 7.158986e-01 -1.655630e-02 0.000000e+00 1
3.490400e+12 -1.512796e+12 5.006106e+12 -5.407439e-02 -4.834076e-01 -8.737237e-01 0.000000e+00 1
-9.671700e+12 5.226558e+12 -1.279967e+13 5.664445e-01 6.381020e-01 -5.215040e-01 0.000000e+00 1
1.317032e+13 7.205178e+12 7.693649e+12 -8.150575e-01 -4.644842e-01 3.463174e-01 0.000000e+00 1
-1.109343e+13 -3.983592e+12 -4.263801e+12 -7.002848e-01 7.047383e-01 1.137765e-01 0.000000e+00 1
9.587780e+12 -1.263483e+13 1.183997e+12 -4.627349e-01 -6.937726e-01 5.518659e-01 0.000000e+00 1
-4.445441e+12 5.184278e+12 -1.542153e+13 -8.147885e-01 2.310696e-01 5.317204e-01 0.000000e+00 1
6.569078e+12 -1.953210e+12 4.156164e+12 3.099809e-01 6.847880e-01 6.595280e-01 0.000000e+00 1
-1.192030e+13 -3.332042e+12 6.346916e+12 -8.554910e-01 -5.069717e-01 1.054270e-01 0.000000e+00 1
2.350301e+12 5.503579e+12 1.047672e+13 7.468709e-01 3.910924e-01 5.378017e-01 0.000000e+00 1
-1.491746e+12 -9.022008e+12 8.766212e+12 6.106444e-01 -4.639630e-01 6.417568e-01 0.000000e+00 1
-9.680583e+12 -5.502513e+12 9.169630e+12 1.576970e-01 2.830876e-01 -9.460407e-01 0.000000e+00 1
2.061810e+12 -1.655165e+13 -1.527172e+12 6.355557e-01 5.973933e-01 4.890707e-01 0.000000e+00 1
-2.498745e+12 1.514024e+13 3.672695e+12 -7.600391e-01 -5.653057e-01 -3.205775e-01 0.000000e+00 1
1.774128e+12 9.220295e+10 1.463473e+13 8.547688e-01 1.438390e-01 4.986789e-01 0.000000e+00 1
-4.752412e+12 1.724082e+12 -1.329480e+13 -1.777577e-01 9.045683e-01 3.875027e-01 0.000000e+00 1
-1.585449e+13 -1.790665e+12 -3.018879e+12 7.357486e-01 -3.227022e-01 5.954304e-01 0.000000e+00 1
1.415444e+13 -3.222287e+12 -7.062130e+12 8.269906e-01 5.619789e-01 1.631616e-02 0.000000e+00 1
-9.639447e+12 -1.123260e+13 4.973261e+12 -5.150228e-01 -8.175707e-01 -2.575455e-01 0.000000e+00 1
-6.878120e+12 -9.277751e+12 9.626032e+12 6.073289e-01 5.468580e-01 5.762794e-01 0.000000e+00 1
8.785301e+12 1.293099e+13 5.528025e+12 6.076535e-01 4.035114e-01 6.840583e-01 0.000000e+00 1
-6.585735e+12 -2.063286e+12 6.539943e+12 -9.910047e-01 1.133674e-02 1.333457e-01 0.000000e+00 1
8.971491e+12 3.374990e+12 4.643913e+12 7.379767e-01 4.557428e-01 -4.976835e-01 0.000000e+00 1
-6.369260e+12 -1.280576e+13 8.294703e+12 -3.213325e-01 9.406386e-01 -1.092910e-01 0.000000e+00 1
1.092987e+13 -2.671076e+11 -1.277362e+13 -7.679495e-01 -4.990205e-01 4.015372e-01 0.000000e+00 1
-1.340458e+12 -1.152387e+13 -3.470386e+12 6.122070e-01 7.236709e-01 3.185954e-01 0.000000e+00 1
2.052723e+12 8.151882e+12 -2.107995e+12 9.840909e-01 1.773426e-01 1.070800e-02 0.000000e+00 1
9.098095e+12 2.877082e+12 -1.282515e+13 -8.705398e-01 -3.088869e-01 3.830788e-01 0.000000e+00 1
9.087276e+12 -6.638385e+12 -1.791311e+12 9.205883e-01 -4.995093e-04 -3.905342e-01 0.000000e+00 1
-7.923683e+12 -5.358806e+12 1.594953e+12 -8.512734e-01 3.311010e-01 -4.070697e-01 0.000000e+00 1
9.434552e+12 -1.208329e+12 6.472511e+12 -7.206893e-01 1.397325e-01 6.790300e-01 0.000000e+00 1
-5.762136e+12 -7.469604e+12 -1.044071e+13 5.367521e-01 -3.564550e-01 -7.647464e-01 0.000000e+00 1
-1.483066e+13 -4.642803e+12 5.114088e+12 9.745734e-01 2.940818e-02 -2.221301e-01 0.000000e+00 1
3.832003e+12 -5.042533e+12 -8.103539e+11 -1.265649e-02 7.927468e-01 6.094197e-01 0.000000e+00 1
-5.110922e+10 7.970640e+12 2.480448e+12 4.058201e-01 9.022074e-01 1.460544e-01 0.000000e+00 1
-4.774090e+12 -7.329153e+12 -3.636263e+12 3.981991e-02 -4.643755e-01 -8.847428e-01 0.000000e+00 1
-2.086389e+11 1.636097e+13 1.521452e+12 2.074839e-01 9.359512e-01 -2.845098e-01 0.000000e+00 1
4.297941e+11 -3.167687e+12 -6.937136e+12 -9.020414e-01 -3.222434e-01 2.871942e-01 0.000000e+00 1
2.108653e+12 1.481789e+12 -3.118686e+12 2.769257e-01 -2.698881e-01 -9.222107e-01 0.000000e+00 1
-3.530162e+12 3.329471e+12 -6.592232e+12 7.330685e-02 5.516656e-01 -8.308376e-01 0.000000e+00 1
-2.268942e+12 -1.040526e+13 -2.495897e+12 -2.666916e-01 -9.616622e-01 6.388536e-02 0.000000e+00 1
1.439364e+12 -1.092308e+12 -9.280814e+11 3.737427e-01 2.991153e-01 -8.779786e-01 0.000000e+00 1
-5.241627e+12 -5.824868e+12 -1.261478e+13 2.099268e-01 -9.563016e-01 -2.035142e-01 0.000000e+00 1
8.093535e+12 1.163900e+12 -1.101162e+13 -6.745591e-01 -9.616115e-02 -7.319311e-01 0.000000e+00 1
-1.003568e+13 -7.908704e+12 1.017670e+13 3.764052e-01 -9.249858e-01 5.215792e-02 0.000000e+00 1
1.488934e+12 7.947738e+12 1.414887e+13 4.984843e-01 -8.478712e-01 1.806318e-01 0.000000e+00 1
6.731069e+12 6.482221e+12 7.011425e+12 -8.418054e-01 3.358027e-01 4.226113e-01 0.000000e+00 1
3.509236e+12 -2.220315e+12 1.217285e+13 2.779718e-01 -9.605890e-01 7.166887e-04 0.000000e+00 1
1.445772e+11 1.294545e+13 2.035714e+12 -9.794338e-01 1.300786e-01 1.542367e-01 0.000000e+00 1
-9.702651e+12 -5.008512e+12 -7.779257e+11 9.320903e-02 -4.618164e-01 8.820644e-01 0.000000e+00 1
-9.195196e+12 9.982049e+11 -7.058850e+12 8.392397e-01 4.108250e-01 -3.562295e-01 0.000000e+00 1
-6.022333e+12 7.144557e+12 -1.314570e+13 -2.897701e-01 -9.355145e-02 9.525132e-01 0.000000e+00 1
9.408110e+12 -8.451402e+12 -9.650233e+12 3.977838e-01 -5.379483e-01 -7.432225e-01 0.000000e+00 1
1.106960e+13 7.751999e+11 -9.363049e+12 6.066558e-01 4.309003e-01 -6.680522e-01 0.000000e+00 1
-3.329797e+12 -8.695887e+12 7.689500e+11 8.188621e-01 5.594233e-02 5.712576e-01 0.000000e+00 1
6.688427e+11 2.466498e+12 -1.061995e+13 -1.920671e-01 9.769267e-01 -9.340491e-02 0.000000e+00 1
6.595990e+12 4.070822e+12 -1.459433e+12 -4.571643e-01 8.606792e-01 -2.241251e-01 0.000000e+00 1
2.590092e+12 -1.432457e+13 7.707526e+12 -2.097645e-01 7.148880e-01 6.670338e-01 0.000000e+00 1
1.188713e+13 9.990716e+12 3.469385e+10 4.318958e-01 -5.725438e-01 -6.968929e-01 0.000000e+00 1
4.602842e+12 -2.460888e+11 1.348024e+13 -9.995727e-01 -9.855385e-03 -2.752013e-02 0.000000e+00 1
-8.915649e+12 -6.075382e+12 1.007775e+13 -6.202263e-01 3.153971e-01 7.182228e-01 0.000000e+00 1
-3.497875e+12 1.114540e+13 -1.031465e+13 -6.380963e-02 -9.944343e-01 8.383720e-02 0.000000e+00 1
-1.091719e+13 -8.137029e+12 -6.037022e+12 -5.171195e-01 -7.248346e-01 -4.551946e-01 0.000000e+00 1
-7.004994e+12 -1.369952e+13 2.507439e+12 7.633724e-01 -4.374188e-01 4.753183e-01 0.000000e+00 1
4.306634e+12 -6.187871e+12 -7.987142e+12 -8.650415e-01 -3.509703e-01 -3.585010e-01 0.000000e+00 1
1.014693e+13 1.770565e+12 6.858055e+12 6.042349e-01 5.707321e-01 -5.560261e-01 0.000000e+00 1
-1.311139e+12 -1.155409e+13 1.081453e+13 -1.361239e-01 1.340386e-01 9.815824e-01 0.000000e+00 1
-7.122565e+12 -4.437606e+11 5.974112e+12 6.791467e-02 -5.025373e-01 -8.618839e-01 0.000000e+00 1
-1.101820e+13 1.716787e+12 -8.570373e+12 -9.045937e-01 2.041102e-01 3.742317e-01 0.000000e+00 1
-9.803969e+12 5.603324e+12 7.979393e+12 8.020558e-01 -3.518994e-01 -4.825695e-01 0.000000e+00 1
8.083919e+12 2.453230e+11 -2.352943e+12 1.006863e-01 -9.510257e-01 -2.922539e-01 0.000000e+00 1
-3.399158e+12 -5.651301e+12 -1.066351e+13 2.378215e-02 7.208988e-01 6.926321e-01 0.000000e+00 1
-5.383041e+12 -3.896889e+12 -2.050970e+12 -5.952185e-01 -1.601133e-01 -7.874508e-01 0.000000e+00 1
9.302545e+12 -1.911530e+12 -4.716859e+12 2.972580e-01 -9.136715e-01 -2.772039e-01 0.000000e+00 1
-1.333841e+13 -1.111590e+12 7.788324e+12 -5.462689e-01 3.431084e-01 7.641118e-01 0.000000e+00 1
1.077736e+13 4.686115e+12 -1.047719e+13 6.859480e-01 -6.774966e-01 2.654688e-01 0.000000e+00 1
-6.523957e+11 -1.208368e+13 -1.187583e+13 -7.803778e-01 6.225806e-01 5.834292e-02 0.000000e+00 1
-5.816093e+12 1.091528e+13 -1.033660e+13 2.521907e-01 4.830612e-01 8.384818e-01 0.000000e+00 1
-1.434465e+13 -3.822745e+12 9.304924e+11 1.635532e-02 9.973796e-01 -7.047253e-02 0.000000e+00 1
-5.334784e+12 2.320546e+12 -9.383904e+12 -2.457417e-01 8.267462e-01 -5.060649e-01 0.000000e+00 1
-1.362366e+13 6.324089e+12 3.492188e+12 4.039325e-01 -8.741488e-01 -2.696338e-01 0.000000e+00 1
1.683291e+12 1.610999e+13 -4.415654e+12 2.258300e-01 -5.273450e-01 -8.190898e-01 0.000000e+00 1
-9.260864e+12 -8.464693e+12 -1.029850e+13 1.679442e-01 6.650408e-01 7.276782e-01 0.000000e+00 1
-2.294659e+12 -1.607504e+12 7.480418e+12 7.083879e-01 -2.004924e-01 -6.767491e-01 0.000000e+00 1
-4.611072e+12 1.332605e+13 -4.863668e+12 1.044787e-01 8.431741e-01 5.273913e-01 0.000000e+00 1
-1.162345e+13 -1.082299e+13 -2.247631e+12 -5.820932e-01 9.406614e-02 -8.076627e-01 0.000000e+00 1
-8.680663e+11 6.418246e+12 -1.071900e+13 -9.603011e-01 7.066216e-02 2.698679e-01 0.000000e+00 1
-9.324527e+11 4.106988e+12 -1.509743e+13 -3.814498e-01 -7.467692e-01 -5.448228e-01 0.000000e+00 1
-1.486276e+13 3.738133e+12 -5.467390e+12 2.649835e-01 -4.559716e-01 8.496315e-01 0.000000e+00 1
-1.276286e+13 -4.910462e+12 6.374590e+12 5.411615e-01 8.336537e-01 1.102984e-01 0.000000e+00 1
-7.778424e+12 8.266655e+12 -7.125951e+12 3.711975e-01 -8.341819e-01 -4.078638e-01 0.000000e+00 1
-4.962627e+12 6.597124e+10 1.748130e+12 3.949511e-01 -4.607774e-01 -7.947942e-01 0.000000e+00 1
1.321207e+13 1.480033e+10 -6.575970e+12 9.544028e-01 1.147354e-01 2.755922e-01 0.000000e+00 1
-5.322124e+12 9.479176e+12 8.856167e+12 -5.976894e-02 9.967454e-01 5.409550e-02 0.000000e+00 1
-1.051073e+12 7.597707e+12 -2.386920e+12 -6.752651e-01 5.433049e-01 -4.988355e-01 0.000000e+00 1
-6.869342e+12 -7.803071e+12 -9.474574e+12 -5.262012e-01 7.513230e-01 -3.982789e-01 0.000000e+00 1
9.255781e+11 8.579263e+10 1.347933e+13 -2.044837e-02 -2.252241e-01 9.740924e-01 0.000000e+00 1
-6.263633e+12 1.271679e+13 6.095091e+12 -8.008105e-01 5.988247e-01 -1.056084e-02 0.000000e+00 1
-2.322830e+12 -3.862607e+12 5.534380e+12 3.315113e-01 6.343065e-01 -6.983950e-01 0.000000e+00 1
4.707183e+12 -1.143077e+13 3.097036e+12 -6.925859e-01 7.082400e-01 -1.368247e-01 0.000000e+00 1
1.631730e+13 3.800177e+12 -2.468433e+12 -4.959982e-01 -8.679585e-01 2.517358e-02 0.000000e+00 1
-3.717768e+12 -1.592686e+11 -1.021876e+13 7.944283e-01 5.325950e-01 2.919354e-01 0.000000e+00 1
1.105519e+13 6.480765e+12 7.911704e+12 -2.256075e-01 9.294032e-01 2.920804e-01 0.000000e+00 1
-4.215417e+12 -6.739633e+12 7.519417e+12 -6.116377e-01 2.682518e-01 -7.442716e-01 0.000000e+00 1
4.111965e+12 4.106272e+12 -6.272788e+12 3.083900e-01 8.975690e-01 -3.150644e-01 0.000000e+00 1
3.218124e+11 -9.945782e+11 -7.432353e+12 4.210242e-01 -4.078794e-01 8.101685e-01 0.000000e+00 1
7.950286e+12 -5.794823e+12 7.400783e+12 8.960038e-03 -5.279539e-01 -8.492258e-01 0.000000e+00 1
6.472367e+12 3.562997e+12 1.003870e+13 8.201755e-01 2.720233e-01 -5.033045e-01 0.000000e+00 1
-2.968794e+12 6.792952e+12 1.370790e+13 2.466549e-01 7.681427e-01 -5.908623e-01 0.000000e+00 1
-1.270149e+13 1.093987e+12 6.297372e+12 9.653428e-01 1.216677e-01 -2.308903e-01 0.000000e+00 1
-9.375066e+12 8.709043e+12 8.200242e+12 -4.495202e-01 -7.401345e-01 -5.001326e-01 0.000000e+00 1
-7.456746e+12 1.211479e+13 -1.484379e+12 3.748194e-01 7.856787e-01 4.921579e-01 0.000000e+00 1
1.336280e+13 2.582738e+12 -4.300850e+12 1.058102e-01 8.480164e-01 5.192998e-01 0.000000e+00 1
9.153104e+12 -1.019900e+13 9.019166e+12 5.385092e-01 8.069640e-01 2.425221e-01 0.000000e+00 1
-4.798706e+12 9.460921e+12 -9.205649e+12 4.637151e-01 6.754209e-01 5.733889e-01 0.000000e+00 1
-5.682537e+12 4.049161e+12 -8.287628e+12 2.606233e-01 -8.129898e-01 -5.206947e-01 0.000000e+00 1
-1.607283e+12 -8.150321e+12 -4.107564e+12 -4.304113e-02 -5.863864e-01 -8.088872e-01 0.000000e+00 1
1.100096e+12 7.079148e+12 -1.294882e+13 -5.155586e-01 4.934884e-01 -7.004773e-01 0.000000e+00 1
2.559104e+12 1.096794e+12 -1.480051e+13 -8.221795e-01 -4.423257e-01 -3.582859e-01 0.000000e+00 1
-1.024081e+13 -1.050456e+13 1.341686e+12 9.505252e-01 -8.063095e-02 3.000007e-01 0.000000e+00 1
2.841517e+12 -1.313197e+13 -9.091201e+12 -1.351742e-01 -5.854639e-01 7.993497e-01 0.000000e+00 1
-2.496578e+12 1.184677e+13 -1.877772e+12 -2.202647e-02 -6.507995e-01 7.589300e-01 0.000000e+00 1
6.868719e+11 5.679042e+11 4.616846e+12 3.269256e-01 5.150816e-01 -7.923450e-01 0.000000e+00 1
-5.190686e+09 -4.645436e+12 1.072639e+13 9.719884e-01 -1.715631e-01 -1.606383e-01 0.000000e+00 1
6.573724e+12 -6.827538e+12 -9.749316e+12 6.823494e-01 -1.188904e-02 7.309295e-01 0.000000e+00 1
1.340126e+13 -8.637880e+12 3.454783e+12 9.829720e-01 -1.818232e-01 2.657712e-02 0.000000e+00 1
-1.269202e+13 -5.047805e+12 2.695113e+12 -5.166769e-01 1.681048e-01 8.395152e-01 0.000000e+00 1
-2.382453e+12 9.724010e+12 1.124737e+13 -2.952902e-01 -2.448506e-01 9.234998e-01 0.000000e+00 1
-5.797552e+12 -1.224142e+13 7.648477e+12 7.368226e-01 1.165872e-01 6.659579e-01 0.000000e+00 1
-2.012111e+12 2.621809e+12 1.020955e+13 6.488915e-01 -5.878014e-01 -4.831452e-01 0.000000e+00 1
-4.574917e+12 6.624630e+12 1.032022e+13 -3.025685e-01 -9.318773e-01 2.001426e-01 0.000000e+00 1
1.732303e+12 2.517136e+12 -1.564640e+13 3.070611e-01 -5.978875e-01 -7.404350e-01 0.000000e+00 1
8.267498e+12 -7.584262e+12 1.073651e+13 1.952763e-02 -9.739186e-01 2.260557e-01 0.000000e+00 1
-1.651925e+12 -6.442764e+12 -5.336777e+12 1.968985e-01 -9.599092e-01 -1.995128e-01 0.000000e+00 1
-5.120953e+11 -1.016833e+13 1.108899e+13 -8.262312e-01 -5.699545e-03 -5.633023e-01 0.000000e+00 1
-5.255579e+12 -4.570169e+12 7.607324e+12 -4.758913e-01 8.463447e-01 -2.392241e-01 0.000000e+00 1
-3.307230e+12 1.058086e+13 -1.376631e+11 -2.793133e-01 -8.306407e-01 4.816847e-01 0.000000e+00 1
-6.055474e+12 3.396192e+12 -1.201173e+13 -8.884999e-01 1.191033e-01 4.431505e-01 0.000000e+00 1
-1.564547e+13 -3.100164e+12 -5.099195e+12 -8.041188e-01 -5.168623e-01 -2.936772e-01 0.000000e+00 1
-5.240322e+12 5.268283e+12 -1.422960e+12 -3.738912e-01 9.140715e-01 1.570945e-01 0.000000e+00 1
4.688712e+12 1.319344e+13 4.813215e+12 -7.460532e-01 6.463524e-01 -1.601039e-01 0.000000e+00 1
1.794892e+12 -1.766919e+12 6.795275e+12 4.319413e-01 -7.789253e-01 4.546450e-01 0.000000e+00 1
3.620427e+12 -3.028370e+12 1.528200e+13 -3.060631e-01 9.419379e-01 1.381245e-01 0.000000e+00 1
9.890868e+12 1.671609e+12 1.294883e+13 6.851453e-01 7.195722e-01 -1.131007e-01 0.000000e+00 1
-4.311647e+12 -2.478107e+12 -9.686705e+12 -5.456276e-01 3.028830e-01 -7.813786e-01 0.000000e+00 1
-5.274057e+12 -9.386207e+12 -2.199589e+12 5.045582e-01 8.542402e-01 -1.252786e-01 0.000000e+00 1
-3.092150e+12 -1.006738e+13 -7.077689e+12 -9.405686e-01 -3.395704e-01 -4.760282e-03 0.000000e+00 1
6.411140e+12 -7.186361e+12 -6.705100e+12 -9.924077e-01 1.229284e-01 3.954253e-03 0.000000e+00 1
1.536495e+12 -5.383194e+12 1.181057e+13 -3.220982e-01 -9.466820e-01 6.781689e-03 0.000000e+00 1
-8.862026e+12 -5.897380e+12 -9.079589e+12 1.715632e-01 -7.359515e-01 6.549362e-01 0.000000e+00 1
1.419320e+13 1.762576e+12 7.827021e+12 4.637937e-01 8.648679e-01 1.920910e-01 0.000000e+00 1
-9.907332e+12 -4.750726e+12 -3.128603e+11 1.452965e-01 -9.827857e-01 -1.141106e-01 0.000000e+00 1
6.609520e+12 1.125684e+13 -8.051683e+12 7.848849e-01 7.679605e-02 6.148643e-01 0.000000e+00 1
1.074439e+13 3.342179e+12 -1.142929e+13 9.643356e-01 -2.345158e-01 1.227157e-01 0.000000e+00 1
1.388851e+13 -1.954111e+12 -5.618721e+12 1.887570e-01 -9.339213e-01 3.035818e-01 0.000000e+00 1
4.390656e+11 -8.211010e+12 -7.277509e+12 -9.190844e-01 -2.404115e-01 -3.122276e-01 0.000000e+00 1
-3.379744e+11 -1.041795e+13 -3.207843e+12 9.400638e-01 2.720793e-01 -2.055549e-01 0.000000e+00 1
3.062366e+12 1.564022e+13 -4.654329e+12 -9.840421e-01 -1.629544e-01 7.146292e-02 0.000000e+00 1
-1.351548e+13 -4.397248e+12 2.605018e+12 -9.726485e-01 -1.730103e-01 1.549914e-01 0.000000e+00 1
6.040156e+12 8.096675e+12 3.702220e+12 -8.306742e-01 5.547680e-01 4.704100e-02 0.000000e+00 1
2.262962e+12 2.907721e+12 -5.823511e+12 8.206100e-01 5.637671e-01 9.362658e-02 0.000000e+00 1
-1.402200e+12 4.220364e+12 5.812464e+12 -3.841899e-01 -8.453634e-01 3.711588e-01 0.000000e+00 1
-1.531060e+13 4.632287e+11 3.692060e+12 6.014626e-01 3.771376e-01 -7.042797e-01 0.000000e+00 1
6.086666e+12 -6.363137e+12 1.213976e+13 6.814612e-02 -3.670896e-01 9.276860e-01 0.000000e+00 1
8.135742e+12 -4.633121e+11 -7.019282e+11 6.913120e-01 -6.992768e-01 -1.819332e-01 0.000000e+00 1
2.463688e+12 9.890689e+12 1.311218e+13 -7.347816e-01 1.491477e-01 -6.617031e-01 0.000000e+00 1
-2.029972e+12 -8.340032e+11 1.534306e+13 6.786070e-01 7.316722e-01 6.440757e-02 0.000000e+00 1
-3.218395e+12 -1.078259e+13 8.320334e+12 -2.904202e-01 -7.651767e-01 5.745961e-01 0.000000e+00 1
-2.384647e+12 4.452890e+12 3.310357e+12 6.651458e-01 -5.484258e-01 -5.067644e-01 0.000000e+00 1
-6.774348e+12 -8.324322e+12 -1.213363e+13 -7.244990e-01 -2.855213e-01 6.273585e-01 0.000000e+00 1
1.116256e+13 -4.729911e+10 5.083083e+12 2.743410e-01 -8.898310e-01 -3.646064e-01 0.000000e+00 1
-1.097307e+12 -1.131437e+13 -9.739220e+12 8.962338e-02 -4.737867e-01 -8.760673e-01 0.000000e+00 1
-2.925629e+12 1.652108e+11 1.487413e+13 6.550753e-01 -6.794951e-01 -3.303980e-01 0.000000e+00 1
6.538938e+12 -6.584202e+12 1.346237e+13 -1.883339e-01 2.207330e-01 -9.569782e-01 0.000000e+00 1
-3.332944e+12 -1.468568e+11 1.569419e+13 7.054710e-01 -6.538934e-01 2.733753e-01 0.000000e+00 1
-1.475143e+13 5.625073e+12 -4.703715e+11 9.770587e-01 -2.790438e-02 -2.111340e-01 0.000000e+00 1
-2.533922e+12 -1.099502e+13 -1.399350e+12 -2.285266e-01 -9.726180e-01 -4.230525e-02 0.000000e+00 1
3.997274e+12 5.634967e+12 -1.487639e+12 6.169723e-01 -7.807602e-01 -9.878627e-02 0.000000e+00 1
6.641438e+12 1.956870e+12 -6.587631e+12 -8.990406e-01 -1.467817e-01 4.125301e-01 0.000000e+00 1
-4.364595e+12 -3.548142e+12 7.112741e+12 -2.069834e-01 9.277082e-01 -3.106691e-01 0.000000e+00 1
5.630246e+12 -2.105316e+12 8.220495e+12 -9.627581e-01 2.410432e-01 1.224543e-01 0.000000e+00 1
7.472267e+12 -4.678661e+12 -6.805352e+12 -9.993579e-01 3.568725e-02 3.179464e-03 0.000000e+00 1
4.766033e+12 -4.782712e+12 7.657004e+12 4.034615e-01 3.511449e-01 -8.449355e-01 0.000000e+00 1
4.275794e+12 -5.114769e+12 5.711276e+12 8.316872e-01 4.629017e-01 3.066243e-01 0.000000e+00 1
-6.554647e+12 -1.202549e+13 -1.918407e+12 -3.745988e-02 -2.446794e-01 -9.688802e-01 0.000000e+00 1
3.717170e+12 -1.578189e+12 6.943297e+12 4.233134e-01 -3.325352e-01 8.427491e-01 0.000000e+00 1
3.001466e+12 7.076729e+12 4.714744e+12 -1.269803e-01 -1.214295e-01 9.844444e-01 0.000000e+00 1
-8.627651e+12 1.157603e+13 -5.210729e+12 -2.409009e-01 8.293002e-02 9.670002e-01 0.000000e+00 1
-8.850797e+12 6.493662e+11 -7.156296e+12 1.757732e-01 3.847453e-01 -9.061318e-01 0.000000e+00 1
4.032346e+11 -1.499656e+13 7.566130e+12 8.736872e-02 9.841598e-01 1.542604e-01 0.000000e+00 1
1.529437e+12 -5.343487e+12 6.316820e+12 -5.739214e-01 -7.945998e-01 1.980540e-01 0.000000e+00 1
1.789797e+12 8.243859e+12 -2.392432e+12 7.590610e-01 3.965259e-01 5.163270e-01 0.000000e+00 1
-8.788503e+12 -3.341438e+12 -6.646019e+12 -6.286665e-01 4.784366e-01 6.130880e-01 0.000000e+00 1
-1.175694e+13 -9.729306e+12 -3.353204e+12 9.461630e-01 3.235403e-01 9.856052e-03 0.000000e+00 1
9.593631e+12 7.098374e+12 -6.681156e+12 4.541960e-01 -5.933711e-01 6.645425e-01 0.000000e+00 1
-2.805854e+12 -5.144445e+12 1.886350e+12 2.061387e-01 5.609223e-01 -8.017936e-01 0.000000e+00 1
-6.807351e+12 -1.478071e+12 1.281308e+13 1.777824e-01 7.161202e-01 -6.749558e-01 0.000000e+00 1
7.075121e+12 -1.342502e+13 -6.280541e+12 1.227448e-01 -9.902716e-01 6.554372e-02 0.000000e+00 1
9.794232e+12 6.035292e+12 7.191628e+12 -5.227233e-01 7.352622e-02 8.493257e-01 0.000000e+00 1
1.310987e+13 3.068007e+12 -5.195391e+12 3.936834e-01 4.295143e-01 -8.127305e-01 0.000000e+00 1
8.995938e+12 7.521537e+12 4.281550e+12 6.897500e-01 -6.580840e-01 -3.019444e-01 0.000000e+00 1
-9.847571e+12 2.995583e+12 1.287654e+13 -2.816677e-01 -9.097002e-01 -3.051374e-01 0.000000e+00 1
-1.148923e+13 3.530974e+12 1.009939e+13 -2.787001e-01 8.109908e-01 -5.144125e-01 0.000000e+00 1
-3.578816e+12 -9.167439e+12 8.999164e+12 -4.998914e-01 -7.354867e-01 -4.573487e-01 0.000000e+00 1
-1.993120e+12 -1.089955e+13 6.485465e+11 -2.378950e-02 -9.779406e-01 2.075243e-01 0.000000e+00 1
9.585602e+12 -2.610945e+12 -2.118317e+12 -1.109634e-01 8.958923e-01 -4.301908e-01 0.000000e+00 1
-6.136320e+12 1.142133e+13 1.952685e+12 -2.411431e-01 -1.499683e-01 -9.588324e-01 0.000000e+00 1
-1.103524e+13 -2.883880e+12 3.716318e+11 -7.260862e-01 -6.858504e-01 -4.907203e-02 0.000000e+00 1
7.357158e+12 8.029753e+12 8.307980e+12 8.060600e-01 -5.066757e-01 -3.058547e-01 0.000000e+00 1
3.365144e+12 1.358554e+11 -1.092259e+13 -4.072759e-02 8.678813e-01 4.950994e-01 0.000000e+00 1
2.958722e+12 4.645436e+12 -1.104751e+13 9.018234e-01 -4.005557e-01 1.620793e-01 0.000000e+00 1
3.811029e+12 6.523672e+12 -3.355831e+12 7.745937e-01 6.315826e-01 3.328751e-02 0.000000e+00 1
-1.212372e+13 -1.148363e+13 -1.752531e+12 4.373914e-01 -6.512798e-01 -6.200995e-01 0.000000e+00 1
5.290939e+12 -7.673348e+11 -8.363498e+12 4.414148e-01 -7.645254e-01 4.697381e-01 0.000000e+00 1
6.643415e+12 1.551596e+13 -1.615368e+12 3.778688e-01 4.691595e-01 -7.981883e-01 0.000000e+00 1
3.280958e+12 7.002743e+12 8.961738e+12 1.916518e-01 3.919000e-01 -8.998244e-01 0.000000e+00 1
-4.729649e+12 6.041809e+12 7.565909e+12 -4.329611e-01 7.189761e-01 5.437076e-01 0.000000e+00 1
1.121011e+13 -3.502719e+12 -7.815738e+12 -3.666527e-02 -3.410698e-01 9.393227e-01 0.000000e+00 1
6.378810e+12 4.901556e+12 -1.160118e+13 7.541493e-01 -2.938836e-01 5.872745e-01 0.000000e+00 1
-1.440607e+13 5.397460e+12 5.227284e+12 -7.567998e-02 6.374452e-01 -7.667700e-01 0.000000e+00 1
-1.312066e+13 -2.504131e+12 -8.439873e+12 5.793717e-02 9.168708e-01 -3.949572e-01 0.000000e+00 1
1.043959e+13 -5.735474e+10 -4.568622e+12 1.533414e-01 -8.584819e-01 -4.893825e-01 0.000000e+00 1
6.287244e+11 -1.005564e+13 -1.171230e+13 8.398030e-01 3.846485e-01 3.831140e-01 0.000000e+00 1
-1.295402e+13 -2.897685e+11 -8.064274e+12 -8.090034e-01 5.643525e-02 -5.850885e-01 0.000000e+00 1
1.144941e+13 -6.112539e+12 8.512893e+12 -5.988043e-02 5.748802e-01 -8.160436e-01 0.000000e+00 1
9.876690e+11 -7.986080e+11 -1.170507e+13 2.499294e-01 -3.303846e-01 9.101545e-01 0.000000e+00 1
-7.298331e+12 -9.187159e+11 -8.712405e+12 -9.658954e-01 -1.021692e-01 -2.379234e-01 0.000000e+00 1
-1.244383e+12 6.743216e+12 -3.434876e+11 -8.346670e-01 -3.899530e-02 -5.493727e-01 0.000000e+00 1
-6.668880e+12 2.687130e+12 6.632757e+12 -4.572724e-01 -8.265603e-01 -3.281768e-01 0.000000e+00 1
-3.819707e+12 8.677856e+12 1.040687e+13 6.044247e-01 -4.992617e-01 6.208128e-01 0.000000e+00 1
-7.746105e+12 9.688835e+11 -5.682641e+12 1.530067e-01 -9.812172e-01 -1.174807e-01 0.000000e+00 1
2.209941e+12 3.377915e+12 -1.364140e+13 -1.212805e-01 8.402900e-01 -5.283974e-01 0.000000e+00 1
-7.320069e+12 9.130071e+12 1.630946e+12 -3.485177e-01 -8.330069e-01 4.296916e-01 0.000000e+00 1
-6.568435e+12 -1.232394e+13 5.586753e+12 2.882360e-01 -3.555356e-01 8.891088e-01 0.000000e+00 1
-3.320622e+12 -1.815088e+12 1.052830e+13 1.902353e-01 9.198194e-01 3.431366e-01 0.000000e+00 1
9.034142e+12 2.320548e+11 9.340047e+12 6.137608e-01 -7.718245e-01 1.660864e-01 0.000000e+00 1
9.904260e+11 -9.437321e+12 -1.274906e+13 -5.367552e-01 -2.943750e-01 7.907195e-01 0.000000e+00 1
9.688354e+12 -8.812239e+12 -4.351168e+12 2.951634e-01 -3.804842e-01 8.764191e-01 0.000000e+00 1
-7.568793e+12 5.943282e+12 -8.371160e+11 -7.927072e-01 3.846271e-02 -6.083880e-01 0.000000e+00 1
2.094482e+12 -3.940170e+12 -8.889732e+12 -3.303744e-01 -9.392206e-01 9.336709e-02 0.000000e+00 1
4.359100e+12 -1.285208e+13 5.709421e+12 -4.991278e-01 -8.555642e-02 8.622944e-01 0.000000e+00 1
-1.187812e+13 -5.186362e+12 6.476343e+12 -4.811712e-01 -8.216013e-01 -3.056888e-01 0.000000e+00 1
9.639888e+12 -7.504313e+12 1.100637e+13 8.346445e-01 5.090872e-01 2.102351e-01 0.000000e+00 1
4.559976e+12 1.024033e+13 1.110801e+13 -9.288705e-01 -8.716891e-02 3.600016e-01 0.000000e+00 1
5.058995e+12 2.315765e+12 -6.110539e+12 -4.227715e-01 5.269822e-01 7.372611e-01 0.000000e+00 1
-1.084386e+13 -8.090535e+12 -7.207952e+12 7.279405e-01 -5.561490e-01 4.010000e-01 0.000000e+00 1
-4.553953e+12 -4.149931e+12 -1.100215e+13 3.862413e-01 -7.958413e-01 4.663199e-01 0.000000e+00 1
-3.149211e+12 6.192766e+11 -1.123634e+13 3.504795e-01 4.004356e-01 -8.466495e-01 0.000000e+00 1
-7.104210e+12 -1.039746e+13 6.631432e+12 -7.493446e-01 3.844928e-01 5.391178e-01 0.000000e+00 1
1.473953e+13 1.886984e+12 4.299866e+12 9.488003e-01 -9.260476e-02 -3.019973e-01 0.000000e+00 1
-9.770340e+12 -6.474733e+12 9.171582e+12 -6.593646e-01 -6.910055e-01 -2.962257e-01 0.000000e+00 1
-6.344177e+12 1.595197e+12 -9.055859e+12 -7.017555e-01 -7.124135e-01 2.515065e-03 0.000000e+00 1
7.209011e+12 1.030529e+13 5.329014e+12 -2.156065e-01 -9.709105e-01 1.041471e-01 0.000000e+00 1
2.405275e+12 5.517105e+12 -5.381458e+12 5.458706e-01 8.188709e-01 1.774140e-01 0.000000e+00 1
3.102577e+12 1.040680e+13 6.636665e+12 9.534650e-01 -5.369017e-02 2.966848e-01 0.000000e+00 1
-9.360423e+12 -1.005222e+13 8.051312e+12 5.005294e-01 8.649031e-01 -3.758989e-02 0.000000e+00 1
-1.277051e+13 4.801230e+12 -8.812434e+11 4.909069e-01 -1.830523e-01 8.517642e-01 0.000000e+00 1
-4.905547e+12 -1.392980e+13 -2.735232e+12 -8.904106e-01 -4.046686e-01 2.083562e-01 0.000000e+00 1
-4.363751e+12 -1.364240e+12 -1.727713e+12 -3.435344e-01 -6.716313e-01 -6.564263e-01 0.000000e+00 1
-2.132485e+12 -7.895171e+12 -9.173127e+10 4.656305e-01 -7.893356e-01 4.001719e-01 0.000000e+00 1
9.226175e+12 2.311632e+11 5.021125e+12 8.774604e-02 -7.630769e-02 9.932159e-01 0.000000e+00 1
-1.707722e+12 3.947068e+12 -9.773162e+12 -1.649112e-01 -7.508095e-01 -6.396009e-01 0.000000e+00 1
1.390233e+13 -2.923482e+12 3.747573e+12 -7.737290e-01 -4.297601e-01 4.654564e-01 0.000000e+00 1
-2.823820e+12 -3.156064e+12 6.978901e+12 -4.104405e-01 1.802159e-01 8.939020e-01 0.000000e+00 1
7.648829e+12 1.379897e+13 8.628337e+11 5.879099e-01 1.037537e-01 -8.022450e-01 0.000000e+00 1
1.527043e+13 1.081361e+12 2.573270e+12 -6.186358e-01 -4.951160e-01 6.100409e-01 0.000000e+00 1
-1.531338e+12 -8.086304e+12 3.797734e+12 -1.879112e-01 -9.772080e-01 -9.876187e-02 0.000000e+00 1
1.225281e+12 6.600189e+12 -1.198135e+12 6.161271e-01 7.819966e-01 9.417365e-02 0.000000e+00 1
-2.671133e+12 1.186735e+13 -1.660787e+12 -7.165961e-01 5.195306e-01 4.653794e-01 0.000000e+00 1
5.413282e+12 -1.169888e+12 1.036131e+13 3.570830e-01 9.214545e-01 -1.530140e-01 0.000000e+00 1
-1.270987e+13 -7.244189e+12 -1.105766e+12 -6.890029e-01 -7.083598e-01 1.533018e-01 0.000000e+00 1
-1.279665e+12 1.055483e+13 -5.956622e+12 -1.459264e-01 -5.789279e-01 8.022144e-01 0.000000e+00 1
8.482560e+12 -1.219081e+13 -1.644224e+12 2.435025e-01 -6.008266e-01 7.613895e-01 0.000000e+00 1
-4.608625e+12 -6.167545e+12 3.798791e+11 -1.135723e-01 3.247552e-01 -9.389544e-01 0.000000e+00 1
-8.001656e+12 2.256856e+12 1.362859e+13 7.439388e-01 -5.513319e-01 3.776085e-01 0.000000e+00 1
5.106606e+12 1.324768e+12 5.280178e+12 1.881171e-01 4.815362e-01 8.559993e-01 0.000000e+00 1
-1.140207e+13 -1.108134e+13 1.967830e+12 5.827147e-01 -6.102588e-01 -5.366822e-01 0.000000e+00 1
-6.822327e+11 -5.637863e+12 -1.076848e+13 5.715780e-01 1.592986e-01 -8.049364e-01 0.000000e+00 1
1.332809e+12 4.043420e+12 1.374162e+13 4.510181e-01 8.922353e-01 2.233482e-02 0.000000e+00 1
-1.102792e+13 5.313351e+12 6.661040e+12 6.534480e-01 7.385218e-01 1.661062e-01 0.000000e+00 1
-1.295953e+13 -5.318541e+12 -7.521240e+12 4.847147e-01 -4.815074e-01 -7.302070e-01 0.000000e+00 1
5.921229e+11 -5.977227e+11 9.808313e+12 -2.795726e-01 9.598338e-01 2.362513e-02 0.000000e+00 1
5.111137e+10 3.141876e+12 1.427728e+13 4.663826e-01 -2.049452e-01 8.605143e-01 0.000000e+00 1
1.163025e+13 7.278977e+12 -4.984048e+12 -8.856292e-01 -2.913761e-01 3.616087e-01 0.000000e+00 1
-6.477318e+12 -3.577517e+12 -3.718340e+12 6.332140e-01 -6.051532e-01 4.825243e-01 0.000000e+00 1
1.044527e+13 2.132969e+11 -3.261852e+12 2.590847e-01 -9.985225e-02 9.606793e-01 0.000000e+00 1
6.246893e+12 6.837419e+11 1.398074e+13 3.799166e-01 3.986530e-02 9.241613e-01 0.000000e+00 1
-4.575353e+12 -7.414150e+12 1.228013e+13 -6.491699e-01 4.100757e-01 6.406375e-01 0.000000e+00 1
9.467905e+12 3.619567e+12 9.301982e+11 -6.752139e-01 1.803870e-01 -7.152249e-01 0.000000e+00 1
9.936029e+12 6.281376e+12 -4.962312e+12 -9.703027e-01 9.566053e-02 2.221752e-01 0.000000e+00 1
-1.482758e+13 3.054567e+12 6.727481e+12 9.439430e-01 8.126766e-03 -3.300084e-01 0.000000e+00 1
7.101880e+12 2.920859e+12 6.542507e+12 -8.408062e-02 5.584232e-01 -8.252842e-01 0.000000e+00 1
-1.005715e+13 -5.952783e+12 1.189849e+13 8.915261e-01 8.898217e-02 4.441434e-01 0.000000e+00 1
1.208609e+13 -7.968540e+12 -1.492550e+12 8.174703e-01 2.645079e-02 5.753631e-01 0.000000e+00 1
1.117098e+13 8.586363e+12 9.307183e+12 6.610122e-01 7.464273e-01 -7.687058e-02 0.000000e+00 1
1.408032e+13 -5.721960e+12 4.138429e+12 -4.051910e-01 5.689335e-02 -9.124601e-01 0.000000e+00 1
-1.382579e+13 -1.660025e+12 -6.694222e+12 -8.577755e-01 5.139844e-01 -6.423531e-03 0.000000e+00 1
1.442972e+13 3.868877e+12 3.371553e+12 2.249989e-01 9.662790e-01 -1.252210e-01 0.000000e+00 1
-1.444856e+13 7.163034e+12 2.417332e+12 -3.943076e-01 -9.036381e-01 1.672117e-01 0.000000e+00 1
-9.851300e+12 3.510790e+12 -1.138155e+13 -4.328022e-01 -8.234264e-01 -3.669485e-01 0.000000e+00 1
1.847328e+12 3.787032e+12 1.020835e+13 6.418822e-01 -2.720134e-01 7.169351e-01 0.000000e+00 1
1.484848e+13 -1.392799e+12 -5.812300e+11 8.104475e-01 4.002264e-01 4.277776e-01 0.000000e+00 1
8.219467e+12 -8.229193e+12 -8.990331e+12 -9.245513e-01 -3.504082e-01 -1.497298e-01 0.000000e+00 1
-6.476778e+12 -3.966433e+12 -7.376379e+12 -1.951265e-01 8.972121e-01 -3.961516e-01 0.000000e+00 1
1.580916e+13 4.817808e+12 -3.364044e+12 2.768888e-01 -6.918843e-01 6.668048e-01 0.000000e+00 1
-4.700608e+12 7.611021e+12 8.158745e+12 5.203482e-01 -8.234737e-01 -2.261168e-01 0.000000e+00 1
-1.160492e+13 -5.063402e+12 -6.781472e+12 -3.909137e-02 -2.378565e-01 9.705134e-01 0.000000e+00 1
5.982319e+10 -5.068358e+12 -1.251056e+13 7.091498e-01 -4.338922e-01 -5.557375e-01 0.000000e+00 1
4.158584e+12 3.392534e+12 -1.032129e+13 1.345726e-01 9.257096e-01 -3.534855e-01 0.000000e+00 1
3.881197e+12 5.698974e+12 -1.112796e+13 -6.659683e-01 -6.276188e-01 -4.032132e-01 0.000000e+00 1
-3.928283e+12 -1.244174e+12 -1.538795e+13 9.330962e-01 1.781209e-01 3.124172e-01 0.000000e+00 1
7.345768e+12 9.722237e+12 -1.355719e+12 -2.426980e-01 -2.812663e-01 -9.284325e-01 0.000000e+00 1
-1.019136e+13 5.485117e+12 -8.837228e+12 -6.381055e-01 6.964024e-01 3.283977e-01 0.000000e+00 1
1.300564e+13 -6.888526e+12 8.091839e+12 -1.386027e-01 9.147061e-01 3.796078e-01 0.000000e+00 1
-1.375630e+13 4.699800e+12 -1.280054e+11 -1.793711e-01 9.832496e-01 3.234606e-02 0.000000e+00 1
-3.931557e+12 -1.084093e+13 8.466782e+12 -1.791947e-01 4.394518e-02 -9.828317e-01 0.000000e+00 1
-3.474265e+12 1.149794e+13 -1.018353e+13 -3.184093e-01 -9.259115e-01 2.032323e-01 0.000000e+00 1
2.575386e+12 -4.908479e+12 -5.084322e+11 2.021700e-01 2.573008e-01 -9.449463e-01 0.000000e+00 1
1.399901e+13 -5.464881e+12 -2.002398e+12 -2.310640e-01 9.728991e-01 8.761501e-03 0.000000e+00 1
4.939605e+12 -1.013611e+13 -1.199413e+13 -9.665237e-01 -1.883077e-02 2.558855e-01 0.000000e+00 1
2.534645e+11 -1.426515e+13 9.124763e+12 4.657281e-01 4.116308e-01 -7.833629e-01 0.000000e+00 1
9.724953e+12 4.307890e+11 -7.787096e+12 5.201027e-01 4.270136e-01 7.396976e-01 0.000000e+00 1
4.170587e+12 -1.009582e+12 -1.210452e+13 6.520431e-01 -6.653824e-01 3.634640e-01 0.000000e+00 1
-9.141115e+12 -1.803448e+12 -1.057703e+13 8.795807e-01 -4.719505e-01 6.000429e-02 0.000000e+00 1
4.717016e+12 8.596157e+12 -1.195619e+13 -1.432525e-02 8.567737e-01 -5.154936e-01 0.000000e+00 1
-1.319086e+12 1.492864e+13 -6.348859e+12 2.778768e-01 8.696937e-01 -4.079427e-01 0.000000e+00 1
-3.689205e+11 9.314824e+12 2.897735e+12 -8.441505e-01 -3.157790e-01 4.332361e-01 0.000000e+00 1
3.994905e+12 1.475893e+12 1.787652e+12 -8.165609e-01 3.307286e-01 4.731246e-01 0.000000e+00 1
5.694786e+12 -3.198188e+12 -2.306658e+12 1.531292e-01 7.924937e-01 5.903433e-01 0.000000e+00 1
-5.473083e+12 -3.084566e+12 2.873567e+11 4.383900e-01 4.761105e-01 -7.623208e-01 0.000000e+00 1
-1.317432e+12 -3.716489e+11 -3.969032e+12 5.522639e-02 9.944963e-01 -8.903408e-02 0.000000e+00 1
-1.187156e+13 -4.444006e+11 -1.172944e+12 8.178908e-01 5.737576e-01 -4.309087e-02 0.000000e+00 1
-1.292880e+12 1.203839e+13 6.978776e+12 1.086184e-01 -9.712903e-01 -2.116535e-01 0.000000e+00 1
-3.423135e+12 5.192037e+12 6.403077e+12 2.717764e-01 -5.898888e-01 -7.603741e-01 0.000000e+00 1
1.341461e+13 9.936296e+12 -7.246455e+10 -6.379169e-01 -7.412780e-01 -2.087316e-01 0.000000e+00 1
7.784969e+12 -1.420572e+12 -6.439579e+12 3.115788e-01 8.778676e-01 3.636854e-01 0.000000e+00 1
-4.774375e+12 2.757488e+12 1.059183e+13 -6.166545e-01 -6.423872e-01 4.550560e-01 0.000000e+00 1
2.779306e+12 3.460298e+12 2.796175e+12 2.920856e-01 5.118374e-01 -8.079038e-01 0.000000e+00 1
6.780102e+11 6.234060e+11 -1.554869e+13 -4.302879e-01 -8.764463e-01 2.160884e-01 0.000000e+00 1
5.595474e+12 -9.853382e+12 7.953551e+12 2.439674e-01 -3.970534e-01 8.847760e-01 0.000000e+00 1
-1.392703e+13 -8.937745e+12 -3.572842e+12 -4.062173e-01 -8.797940e-01 -2.468807e-01 0.000000e+00 1
2.798548e+12 -2.054541e+11 -1.341022e+12 5.327976e-01 2.006415e-01 8.221130e-01 0.000000e+00 1
-9.078426e+12 9.416005e+12 -6.990163e+12 5.651872e-01 -8.049790e-01 1.804777e-01 0.000000e+00 1
-6.833915e+12 -6.117298e+12 -1.047916e+13 3.223719e-01 -2.613957e-01 9.098069e-01 0.000000e+00 1
7.220901e+11 1.602008e+13 2.076538e+12 2.117583e-01 4.354372e-01 -8.749588e-01 0.000000e+00 1
-1.614490e+13 -3.360098e+12 3.538896e+12 3.991569e-01 -8.151213e-01 4.198226e-01 0.000000e+00 1
-7.463879e+12 2.854555e+12 6.346744e+12 -7.439500e-01 6.274111e-01 2.299866e-01 0.000000e+00 1
9.923699e+12 9.908265e+12 -4.756061e+12 3.122462e-01 -8.580053e-01 4.078349e-01 0.000000e+00 1
8.584670e+12 7.869261e+12 -9.237290e+12 5.781563e-01 8.114749e-01 8.511082e-02 0.000000e+00 1
5.820584e+12 -1.406903e+12 -1.002251e+12 -5.012628e-01 6.341814e-01 -5.886846e-01 0.000000e+00 1
-2.636090e+12 -6.827485e+12 9.557324e+10 8.201711e-02 6.409611e-01 7.631790e-01 0.000000e+00 1
-1.310634e+13 -5.810037e+12 -7.984909e+12 3.983939e-01 -9.082884e-01 1.276499e-01 0.000000e+00 1
-5.598414e+12 7.420522e+12 7.161959e+12 8.366395e-01 -1.287651e-01 5.324039e-01 0.000000e+00 1
-3.218521e+12 9.666491e+12 -3.541028e+12 5.848015e-01 6.565772e-01 4.763545e-01 0.000000e+00 1
6.208494e+12 1.005655e+13 -5.764366e+12 3.729249e-01 -7.033970e-01 6.051112e-01 0.000000e+00 1
-8.039113e+12 -3.618177e+11 -5.228187e+12 -5.556321e-01 7.874538e-01 -2.668136e-01 0.000000e+00 1
7.008626e+12 -5.905867e+12 -1.007346e+13 9.146887e-01 3.995665e-01 -6.075507e-02 0.000000e+00 1
4.503871e+12 1.450282e+13 1.558304e+12 -9.271887e-01 3.474594e-01 -1.399755e-01 0.000000e+00 1
9.225046e+12 -9.860635e+12 8.984515e+12 6.300801e-01 -1.048094e-01 7.694245e-01 0.000000e+00 1
-2.261820e+12 -1.822334e+12 -1.403739e+13 5.561641e-01 5.176145e-01 6.501975e-01 0.000000e+00 1
1.248577e+13 3.846470e+12 -4.187120e+12 -5.465177e-01 6.731737e-01 -4.981522e-01 0.000000e+00 1
1.414708e+13 -3.296094e+12 -8.457284e+12 -9.741673e-01 2.233778e-01 3.317202e-02 0.000000e+00 1
2.224853e+12 -8.327675e+12 4.869308e+12 -5.984480e-01 1.715545e-01 -7.825785e-01 0.000000e+00 1
3.087431e+12 -2.363982e+12 -1.287551e+13 8.957232e-02 -4.635149e-01 -8.815502e-01 0.000000e+00 1
7.774592e+12 -9.977152e+11 3.710442e+12 -2.238450e-01 8.971629e-01 -3.807784e-01 0.000000e+00 1
-7.708593e+12 7.704631e+11 -2.572376e+11 6.944632e-01 -2.361619e-02 -7.191406e-01 0.000000e+00 1
3.174786e+12 -4.487411e+12 -9.880865e+12 7.166741e-01 -4.155888e-01 -5.600574e-01 0.000000e+00 1
-7.088997e+12 -7.318982e+12 -1.179377e+12 8.668440e-01 4.546604e-01 -2.046102e-01 0.000000e+00 1
-6.146313e+12 -2.940623e+11 1.412955e+13 5.307633e-01 -4.547845e-01 7.151653e-01 0.000000e+00 1
6.339346e+11 7.496124e+12 1.458538e+13 -8.497206e-01 4.664887e-01 -2.456892e-01 0.000000e+00 1
-1.430802e+13 7.695695e+10 4.807862e+12 -2.663667e-01 8.450353e-01 4.636422e-01 0.000000e+00 1
3.597793e+11 -1.579667e+13 -1.764782e+12 -9.312412e-01 3.532646e-01 8.940911e-02 0.000000e+00 1
-1.598495e+13 -1.550678e+12 -4.966563e+12 4.270803e-01 6.836895e-01 5.917525e-01 0.000000e+00 1
-5.544783e+12 1.084975e+13 -4.852519e+12 -9.935394e-01 4.371499e-03 1.134032e-01 0.000000e+00 1
-3.285053e+12 1.356689e+12 1.643335e+13 -8.685032e-01 -1.768550e-01 -4.630599e-01 0.000000e+00 1
-4.575241e+12 6.968630e+12 1.369841e+13 1.250142e-01 -8.003073e-01 -5.864125e-01 0.000000e+00 1
1.370053e+13 -3.515005e+11 -5.673102e+12 3.890711e-01 -8.267742e-01 4.062856e-01 0.000000e+00 1
8.447733e+12 3.373127e+12 -3.839792e+12 -8.014639e-01 5.441288e-01 2.481523e-01 0.000000e+00 1
2.902035e+12 6.898301e+12 -8.259706e+12 -9.283589e-02 9.076282e-01 -4.093808e-01 0.000000e+00 1
2.303180e+12 2.844564e+11 -9.939237e+11 6.327899e-01 -7.354616e-01 2.422252e-01 0.000000e+00 1
-9.633833e+12 -1.733203e+12 1.124248e+12 5.068331e-01 2.606587e-01 8.216917e-01 0.000000e+00 1
-3.014325e+12 -5.090128e+12 7.412171e+12 -4.670853e-01 5.101188e-01 7.222259e-01 0.000000e+00 1
-7.910489e+12 -2.874478e+12 6.056333e+12 1.152004e-01 -9.838827e-01 1.367613e-01 0.000000e+00 1
1.926615e+11 -3.426539e+12 4.704559e+12 5.067894e-01 3.817583e-02 -8.612242e-01 0.000000e+00 1
-5.893983e+12 3.331520e+12 8.640543e+12 6.840314e-01 -2.119586e-01 -6.979789e-01 0.000000e+00 1
3.323471e+12 -1.508302e+13 -1.044949e+12 3.969544e-02 -9.638207e-01 -2.635790e-01 0.000000e+00 1
1.214084e+13 -6.998735e+12 -6.474942e+12 -1.890081e-01 9.774635e-01 -9.402704e-02 0.000000e+00 1
8.298506e+12 -8.162577e+12 -6.715805e+12 8.039982e-01 -3.089849e-01 5.080505e-01 0.000000e+00 1
-6.585495e+12 -1.198839e+13 -6.678777e+12 -7.865013e-01 -6.171881e-01 -2.223856e-02 0.000000e+00 1
-7.751027e+12 -1.613521e+12 1.261701e+13 -3.502317e-01 1.452754e-01 -9.253285e-01 0.000000e+00 1
1.469046e+13 1.355137e+12 5.377304e+12 -2.873630e-01 8.428790e-01 4.549477e-01 0.000000e+00 1
1.827967e+12 -2.020036e+12 -2.494455e+12 -9.729296e-01 -1.701485e-01 -1.563891e-01 0.000000e+00 1
-3.101284e+12 1.154957e+12 4.750061e+12 -4.811537e-01 -8.656086e-01 1.386108e-01 0.000000e+00 1
-8.090667e+12 -1.141519e+13 -3.696610e+12 -6.995070e-01 5.924111e-01 -3.996736e-01 0.000000e+00 1
-5.862454e+12 6.809247e+12 -5.416519e+12 -5.750974e-01 5.564517e-01 -5.996870e-01 0.000000e+00 1
7.554516e+12 -6.980234e+12 -1.266759e+13 5.161711e-01 8.436253e-01 -1.478638e-01 0.000000e+00 1
-1.900087e+12 9.606298e+12 -7.803225e+12 3.698028e-01 -4.380648e-01 -8.193566e-01 0.000000e+00 1
4.577041e+11 -1.463332e+13 -6.221998e+12 -8.562496e-01 5.014056e-01 1.242133e-01 0.000000e+00 1
-2.006652e+12 -6.176072e+12 -7.722287e+10 3.377004e-01 2.606604e-01 -9.044416e-01 0.000000e+00 1
6.168952e+12 1.530294e+12 1.250797e+13 7.871161e-02 9.451652e-01 3.169656e-01 0.000000e+00 1
-9.398588e+12 -1.082868e+13 -5.249691e+12 -5.406594e-01 -8.094392e-01 2.291192e-01 0.000000e+00 1
1.596382e+13 -1.216914e+12 -1.481460e+12 8.004861e-01 -5.405739e-01 2.588470e-01 0.000000e+00 1
-8.065335e+12 -1.358905e+12 9.933771e+12 -5.270867e-01 -8.144570e-01 2.425685e-01 0.000000e+00 1
