# 781 1.000000e+07 1.000000e+04 0.000000e+00 1.000000e+00 5.000000e-01
1.111995e+13 -6.344531e+13 1.633921e+14 -4.557129e-01 2.163041e-01 8.634456e-01 1.160634e+01 0 6712347
8.594169e+13 -9.745611e+13 -1.476103e+14 5.316864e-01 -2.573168e-01 -8.069062e-01 -1.253556e+01 0 4042206
1.647746e+14 1.121197e+13 -4.562809e+13 9.235649e-01 1.010015e-02 -3.833090e-01 -1.217866e+01 0 2140193
8.478562e+13 3.379649e+13 -1.467948e+14 -3.092234e-01 -8.221820e-02 -9.474286e-01 1.687535e+01 0 5207845
-2.728829e+13 1.551004e+13 1.666845e+14 -6.163699e-02 -1.240842e-01 9.903555e-01 1.273366e+01 0 242902
-7.402802e+13 -1.488968e+14 -3.368064e+13 -2.347689e-01 1.276152e-02 -9.719675e-01 -8.705060e+00 0 1840993
-1.457457e+14 9.071230e+13 -4.877136e+12 -3.961392e-01 3.908762e-01 -8.308366e-01 -1.450405e+01 0 26001149
-2.680443e+13 -1.675930e+14 2.751283e+13 -2.694412e-01 -7.612233e-01 5.898648e-01 -1.267471e+01 0 3738359
-5.524989e+13 -1.641496e+14 4.208294e+13 3.393627e-02 -8.479833e-01 5.289355e-01 -1.666117e+01 0 7456588
5.463870e+13 2.912501e+13 -1.585087e+14 2.272503e-01 -7.938311e-01 -5.640829e-01 2.824056e+00 0 1640421
8.836153e+13 1.773333e+13 1.872698e+14 -4.413349e-02 4.958789e-01 8.672695e-01 -1.544449e+01 0 100547
5.240382e+13 7.672519e+13 1.440482e+14 7.251386e-01 -4.673519e-01 5.057234e-01 1.333596e+01 0 4824931
-1.550936e+14 -2.612036e+13 6.351585e+13 -6.444918e-01 -7.598795e-01 8.493207e-02 1.345764e+01 0 564110
-3.152090e+12 -1.631609e+14 5.941926e+13 -5.555496e-01 -6.271406e-01 -5.459481e-01 7.252566e+00 0 2239665
6.686909e+13 -1.563432e+14 4.109290e+13 2.705548e-01 -9.100005e-01 3.141643e-01 2.003294e+01 0 5617770
-8.536346e+13 7.700788e+13 1.268494e+14 8.670035e-02 5.222307e-01 8.483856e-01 1.513280e+01 0 2142900
-1.693624e+14 1.609804e+13 -6.466612e+12 -8.979252e-01 -4.346918e-01 6.908980e-02 8.010032e+00 0 898006
-5.319547e+13 1.602818e+14 -1.754888e+13 4.521010e-01 8.918285e-01 -1.570241e-02 -7.507188e+00 0 56998
2.617256e+13 1.056982e+14 1.421110e+14 1.545047e-01 5.835248e-01 7.972622e-01 -1.508731e+01 0 37206697
1.522760e+14 7.675771e+13 3.926452e+13 7.191003e-01 -3.441251e-01 6.037157e-01 -1.292455e+01 0 238341
1.636240e+14 3.408667e+13 6.893135e+13 7.875153e-01 5.994359e-01 1.431649e-01 -1.054167e+01 0 3079266
1.264632e+14 9.639645e+13 -5.937037e+13 1.304129e-01 9.908439e-01 -3.493974e-02 -6.661919e+00 0 428403
-2.137747e+13 -4.867307e+13 -2.073846e+14 4.799788e-01 -1.824136e-01 -8.581059e-01 1.582807e+01 0 2112669
-1.479453e+14 -3.920341e+12 -8.346885e+13 -9.630717e-01 2.176734e-01 -1.584654e-01 -7.558955e+00 0 1089246
-1.071682e+14 -6.963487e+13 -1.136080e+14 2.162296e-01 -9.762614e-01 1.258792e-02 -4.006062e+00 0 3108798
-4.193960e+13 3.627628e+13 1.613691e+14 -6.308362e-01 -6.283285e-01 4.552461e-01 -2.943993e+00 0 1543174
-3.002153e+13 1.720800e+13 1.660391e+14 -4.482784e-01 9.728894e-02 8.885839e-01 1.435973e+00 0 1355735
1.495787e+14 -3.153333e+12 -9.605678e+13 4.888026e-01 -5.417310e-01 -6.838125e-01 -1.698974e+01 0 15577639
-6.207539e+13 -7.592030e+13 -1.396357e+14 -5.375947e-01 -3.590178e-01 -7.629536e-01 -7.037747e+00 0 2401968
2.115850e+13 -1.697301e+14 -4.724032e+13 2.128516e-01 -5.714744e-01 7.925347e-01 1.931960e+01 0 2733247
1.401989e+14 9.068046e+13 3.418710e+13 7.470809e-01 6.547931e-01 1.145257e-01 4.159982e+00 0 74222
-1.345997e+14 -2.327442e+13 -1.019563e+14 -5.963466e-01 4.584071e-01 -6.589641e-01 6.284549e+00 0 5842806
-4.703443e+12 1.199942e+14 -1.219979e+14 -8.567139e-01 4.975470e-01 -1.359716e-01 1.016699e+01 0 728374
-1.280816e+14 -8.237640e+13 -7.678007e+13 -7.840686e-01 -1.665375e-01 -5.979145e-01 -1.735715e+01 0 14760337
-6.723112e+13 -8.025693e+13 -1.360413e+14 -8.313476e-01 -3.976619e-01 -3.882348e-01 1.043166e+01 0 762015
-1.509832e+13 1.484370e+14 9.751644e+13 -4.711937e-01 7.988744e-01 3.738666e-01 1.291801e+01 0 1794965
-1.458836e+14 4.922976e+13 -1.044961e+14 -3.877233e-01 2.827331e-01 -8.773441e-01 -1.634228e+01 0 11222701
-3.370546e+13 1.106338e+14 -1.331102e+14 1.765289e-01 1.262573e-02 -9.842145e-01 -1.296903e+01 0 16335052
7.832850e+13 1.180364e+14 -9.535751e+13 8.202604e-02 9.904580e-01 -1.107464e-01 1.103753e+01 0 20287835
1.390284e+14 9.173460e+13 3.197637e+13 6.642988e-01 -6.646947e-01 3.418889e-01 -1.372829e+01 0 800085
1.551262e+14 7.096131e+13 -1.518677e+12 9.132890e-01 -4.064191e-01 -2.695848e-02 1.051083e+00 0 173103
-4.514210e+13 6.775451e+13 -1.489338e+14 -4.125565e-02 3.626350e-01 -9.310176e-01 1.136154e+01 0 2724169
-1.668779e+14 -7.724058e+13 -1.387766e+13 -4.360621e-01 -5.017726e-01 7.470435e-01 -1.310332e+01 0 11140561
-6.235311e+13 -5.332433e+13 1.487542e+14 -3.460519e-01 -9.311104e-01 1.152452e-01 -1.456671e+01 0 4918873
1.611766e+14 1.180504e+13 6.222430e+13 8.731106e-01 -4.858892e-01 3.986982e-02 2.740155e+00 0 4
-8.441347e+13 -1.384568e+14 -6.354210e+13 -9.707933e-01 1.246714e-02 -2.395934e-01 -1.928929e+01 0 24911622
1.155875e+14 -2.469243e+13 1.221100e+14 -1.832971e-01 -3.626454e-02 9.823885e-01 -1.468218e+01 0 287764
-1.411980e+14 -1.981162e+13 -9.768879e+13 -8.019916e-01 5.157702e-01 -3.013146e-01 -1.199658e+01 0 7992816
-1.717862e+14 -3.034626e+13 5.258998e+13 -6.865583e-01 1.821057e-01 -7.039000e-01 -1.317449e+01 0 406096
-6.704773e+13 1.007630e+14 1.235526e+14 -6.906790e-02 -4.383434e-01 8.961499e-01 -1.842967e+01 0 5287012
-1.267529e+14 3.554526e+13 -1.151463e+14 -7.503989e-01 4.996076e-01 -4.327745e-01 -1.139340e+01 0 10872643
-6.977873e+13 -1.622752e+14 1.030868e+13 -2.021707e-01 -7.621335e-01 6.150444e-01 7.869267e+00 0 15156887
-1.044927e+14 6.614620e+13 1.193204e+14 -3.446350e-02 2.179674e-01 9.753474e-01 1.167085e+01 0 1270666
-8.234947e+13 -1.223394e+14 -1.354830e+14 -1.074788e-01 -4.215910e-01 -9.003940e-01 -1.558621e+01 0 1561986
9.932066e+13 2.180537e+13 1.708529e+14 8.071813e-01 3.782182e-01 4.532212e-01 1.961044e+01 0 1407438
-1.409005e+14 1.010581e+14 -4.827334e+13 -7.280763e-01 2.920062e-01 -6.201913e-01 -1.377787e+01 0 4853555
-5.833466e+13 -6.227469e+13 1.522200e+14 -2.353420e-01 -6.414257e-01 7.301966e-01 -2.200884e+01 0 2698861
3.508461e+13 -1.283301e+14 -1.109435e+14 3.175119e-01 -9.482518e-01 -2.187669e-03 1.867672e+01 0 14569788
1.122294e+14 8.856139e+13 -9.170766e+13 6.000054e-01 7.617128e-01 -2.445139e-01 6.101930e+00 0 2995411
-7.353184e+13 1.738643e+14 3.065454e+12 2.659402e-01 9.117425e-01 -3.130519e-01 -1.718230e+01 0 5473435
5.155927e+12 1.642831e+14 6.250650e+13 -7.383692e-01 4.511796e-01 5.012463e-01 -1.781541e+00 0 2773417
-1.634482e+14 -2.386507e+13 4.896860e+13 -9.724493e-01 2.060500e-01 -1.090218e-01 7.967982e+00 0 6038066
-1.392317e+14 7.767177e+13 6.017104e+13 -8.664403e-01 4.525130e-01 -2.109815e-01 -1.470275e+01 0 3756695
6.187380e+13 -9.570909e+13 1.527791e+14 8.014916e-01 -5.015346e-02 5.958992e-01 -8.863386e+00 0 2018672
-4.418149e+13 -6.389620e+13 1.513001e+14 -6.902966e-02 -6.129115e-01 7.871305e-01 -1.090667e+01 0 1439709
1.691362e+14 -1.978470e+13 5.732087e+13 5.450848e-01 -7.765880e-01 3.159013e-01 1.117120e+01 0 2637754
6.574256e+13 -4.947652e+13 -1.703723e+14 1.234753e-02 3.487802e-01 -9.371232e-01 -9.364573e+00 0 379514
1.026170e+14 -2.779755e+13 1.667795e+14 3.070703e-02 -4.601889e-01 8.872899e-01 1.882111e+01 0 5720728
1.402716e+14 -7.257623e+13 6.956353e+13 9.287983e-01 2.622557e-01 2.618312e-01 -3.518006e+00 0 7821750
-1.117221e+14 -9.995093e+13 8.494545e+13 -2.369498e-01 7.738531e-02 9.684350e-01 -1.332387e+01 0 5560768
-3.623988e+13 -1.615975e+14 -6.554386e+13 -5.037767e-02 -9.742143e-01 2.199288e-01 1.222392e+01 0 2183754
-1.535013e+14 5.872143e+13 -4.194499e+13 -6.952643e-01 5.216708e-01 4.944361e-01 8.932537e+00 0 19386121
-4.542708e+13 5.354234e+13 1.565073e+14 -7.781752e-01 -4.750620e-01 4.108034e-01 1.448061e+01 0 25621473
-1.032620e+14 8.313473e+13 1.064031e+14 -8.417839e-01 4.733069e-01 2.595774e-01 9.917692e+00 0 8804065
-1.366096e+14 -2.515247e+13 9.907897e+13 -7.221638e-01 -6.713404e-01 1.666776e-01 1.047115e+01 0 1270019
6.464994e+13 1.499480e+14 -7.674500e+13 8.815479e-01 1.289393e-01 -4.541452e-01 -2.282786e+01 0 750546
-1.333895e+14 5.831566e+13 8.777958e+13 3.696299e-01 7.476096e-01 5.517732e-01 -2.154394e+01 0 1236918
-1.335130e+14 3.857575e+13 1.001111e+14 -7.195634e-01 -2.666729e-01 6.411818e-01 1.583204e+01 0 5170906
1.234892e+14 1.377960e+14 -3.329416e+13 9.231230e-01 2.958624e-01 -2.455798e-01 -1.633576e+01 0 137730
-1.014939e+14 5.563482e+13 -1.436808e+14 -9.911235e-01 9.244208e-05 -1.329445e-01 -2.051938e+01 0 10642806
-5.748741e+12 9.991381e+13 1.389563e+14 -1.809247e-01 9.352759e-01 3.041795e-01 -5.154066e+00 0 170527
-7.890775e+13 -2.957074e+13 1.476082e+14 -9.112033e-01 -1.251597e-01 3.924839e-01 5.846166e+00 0 5645071
-8.555267e+13 -1.395362e+14 -5.035737e+13 -6.445546e-01 -7.140537e-01 -2.732703e-01 1.181711e+01 0 25425527
-1.295464e+14 2.217329e+13 1.075497e+14 -7.485455e-01 4.098178e-01 -5.212764e-01 -1.723127e+01 0 2537039
-9.782330e+13 -1.391763e+14 4.873029e+12 -5.631834e-01 -4.123480e-01 -7.160960e-01 4.316638e+00 0 4605661
-1.612791e+14 1.361189e+13 -6.730131e+13 -8.033585e-01 -5.587238e-01 2.060167e-01 -4.665883e+00 0 2906022
-1.554892e+14 -3.233336e+13 6.180611e+13 -8.161615e-01 -5.220072e-01 2.477678e-01 6.942444e+00 0 9835556
-5.800304e+13 -9.549203e+13 1.304982e+14 -4.558383e-01 -8.570863e-01 2.400304e-01 1.126003e+01 0 4366037
1.629773e+14 -4.341317e+13 -6.343588e+13 9.415973e-01 -8.234654e-02 -3.265173e-01 1.967141e+01 0 13636232
-1.274574e+14 5.268875e+13 1.097366e+14 -3.367044e-01 2.517121e-01 9.073429e-01 -8.131952e+00 0 15410956
1.608012e+14 3.844378e+13 4.841705e+13 8.498276e-01 4.708024e-01 -2.369348e-01 -1.177997e+01 0 992048
1.005155e+14 1.265336e+14 6.715318e+13 4.900106e-01 7.444034e-01 -4.536003e-01 -1.180602e+01 0 101524
9.843391e+13 -9.822467e+13 1.153855e+14 8.167878e-01 -3.819147e-01 4.324336e-01 1.716647e+01 0 4934591
-1.434980e+14 8.625013e+13 -2.800318e+13 -7.970643e-01 1.524735e-01 5.843290e-01 -1.168272e+00 0 10538560
-1.061926e+14 -1.170947e+14 -6.173509e+13 -8.450358e-01 1.741179e-01 -5.055665e-01 7.324868e-01 0 14967844
1.412265e+14 -9.134344e+13 4.699347e+13 8.370187e-01 3.410113e-01 4.279148e-01 -1.152848e+01 0 5819526
-1.466547e+14 2.994754e+13 8.606845e+13 -4.479361e-01 -1.814908e-01 8.754509e-01 -1.428033e+01 0 70166
1.185023e+13 1.858041e+14 2.938272e+13 -1.188418e-01 8.655455e-01 4.865261e-01 1.738729e+01 0 9514478
1.024343e+14 -1.074342e+14 8.243457e+13 7.799240e-02 -6.894503e-01 -7.201218e-01 8.404701e+00 0 289610
-1.310868e+14 -4.285735e+13 1.032332e+14 -8.045264e-01 -5.937231e-01 -1.517015e-02 1.249933e+01 0 14362234
1.061628e+14 1.142697e+14 -6.871034e+13 8.053015e-01 1.407003e-01 -5.759278e-01 -1.200500e+01 0 5534274
1.401010e+14 -9.030256e+13 4.450874e+13 8.214323e-01 -5.689231e-01 3.969261e-02 1.273200e+01 0 360648
3.547530e+13 1.552296e+14 -6.534935e+13 -6.214542e-01 7.360605e-01 -2.683461e-01 1.536132e+01 0 3279984
-9.444061e+13 1.409340e+14 7.877005e+12 -8.471053e-02 9.912226e-01 -1.014980e-01 -8.538375e+00 0 691155
3.522711e+13 1.744639e+14 -5.115610e+13 2.392576e-01 6.737087e-01 6.991941e-01 -2.025707e+01 0 5719479
6.646820e+13 1.425050e+14 7.582725e+13 3.470118e-01 9.208442e-01 1.778451e-01 1.559420e+01 0 1174096
-1.370808e+14 -1.014310e+14 -9.108170e+12 -8.818838e-01 -2.838543e-01 3.764408e-01 -1.308900e+01 0 2099370
-7.197435e+13 -1.929951e+14 -4.495003e+13 -1.192101e-01 -9.851839e-01 -1.232950e-01 -1.109778e+01 0 343763
6.195401e+13 8.246945e+13 -1.681565e+14 4.483763e-01 7.701094e-01 -4.537512e-01 -1.415779e+01 0 30866182
4.598704e+13 -1.008944e+14 1.480248e+14 8.335523e-01 -1.483286e-01 5.321553e-01 1.958027e+01 0 5820938
1.276545e+14 -4.631272e+13 1.062366e+14 6.233336e-01 -7.819106e-01 8.426147e-03 -1.325425e+01 0 179330
1.393216e+13 1.313611e+14 -1.111609e+14 -6.634032e-02 8.454623e-01 -5.298985e-01 2.235286e+01 0 1628744
-5.178996e+13 -1.377960e+14 8.501351e+13 -3.600924e-01 -3.086862e-01 8.803671e-01 1.149648e+01 0 608553
-1.376434e+13 2.067632e+14 -1.733297e+13 -1.658528e-01 8.496145e-01 -5.006477e-01 -1.507408e+01 0 16095851
1.553097e+14 -5.957752e+13 -3.809623e+13 8.476295e-01 3.738402e-01 3.765206e-01 -1.144202e+01 0 10569680
-9.042570e+13 1.478512e+14 -1.099056e+14 -1.159388e-01 5.763219e-01 -8.089569e-01 -1.544815e+01 0 2553455
9.669778e+13 -9.750103e+13 -1.127123e+14 3.899227e-01 -7.931242e-01 -4.678828e-01 3.637006e+00 0 6642424
4.052511e+13 -1.361020e+14 1.052687e+14 -2.048459e-01 -6.737326e-01 7.100158e-01 -1.112086e+01 0 9636328
1.347865e+14 2.641202e+13 -1.085866e+14 8.647284e-01 4.211664e-01 -2.736123e-01 1.705610e+01 0 1017822
6.018618e+11 1.480495e+14 9.772366e+13 -2.386146e-02 9.983976e-01 5.131172e-02 1.349816e+01 0 19605701
-1.302772e+14 -5.248365e+13 1.008442e+14 -9.074849e-01 3.869178e-01 1.636025e-01 9.924289e+00 0 846233
6.832219e+13 6.713331e+13 -1.411206e+14 -5.556099e-01 3.041282e-01 -7.738241e-01 1.330108e+01 0 10763449
-1.210324e+14 8.203501e+13 9.426079e+13 -4.384087e-01 -3.229398e-01 8.387537e-01 -1.216082e+01 0 2120963
-1.160452e+14 8.436280e+13 -9.743943e+13 -6.654296e-01 6.165854e-01 -4.207444e-01 1.139457e+01 0 692593
8.180509e+13 1.497641e+14 4.651220e+13 8.288425e-01 3.647883e-01 4.242047e-01 5.607038e+00 0 8196436
1.083485e+13 -1.429351e+14 -9.749514e+13 9.195183e-02 2.792065e-01 -9.558183e-01 1.696024e+01 0 8046945
1.263668e+14 2.180957e+13 -1.192803e+14 3.315741e-01 2.044880e-01 -9.210013e-01 7.764302e+00 0 6104683
1.505050e+13 1.530557e+14 -8.718998e+13 -1.871659e-01 9.770606e-01 1.015948e-01 2.306039e+01 0 1856405
-2.559449e+13 -1.081251e+14 -1.476928e+14 -2.602994e-01 -9.632629e-01 -6.609638e-02 1.722770e+01 0 2081772
1.339578e+14 -7.614587e+13 -7.156449e+13 4.436004e-01 -8.664239e-01 -2.291904e-01 -7.006180e+00 0 57368
1.171169e+14 -1.107145e+14 -7.253586e+13 -2.762520e-01 -5.068119e-01 -8.165945e-01 1.003619e+01 0 795953
4.261066e+13 2.042290e+13 -1.653075e+14 -3.740826e-01 -4.173973e-02 -9.264556e-01 1.103640e+01 0 6946761
4.996650e+12 9.344501e+13 -1.629370e+14 4.104471e-01 -1.062624e-01 -9.056719e-01 -1.660839e+01 0 24510259
1.923326e+13 -1.422649e+14 9.031712e+13 8.854519e-01 -4.596852e-01 -6.829608e-02 4.682291e+00 0 1124802
-5.098335e+13 4.624087e+13 1.596357e+14 -1.036597e-01 -9.144306e-02 9.904003e-01 -1.585817e+01 0 2623270
9.236322e+12 1.031793e+14 1.381729e+14 1.622945e-01 9.216190e-01 3.525322e-01 -1.079273e+01 0 3396982
1.529673e+13 1.377905e+14 -1.008686e+14 1.802642e-01 -1.170918e-01 -9.766239e-01 1.009551e+01 0 864409
-5.870249e+13 7.876723e+13 -1.476964e+14 -1.400110e-01 9.886238e-01 -5.495297e-02 7.750370e+00 0 7014433
-9.377246e+13 -7.461037e+13 1.249364e+14 -2.405450e-01 -9.703390e-01 2.409161e-02 1.542336e+01 0 18674684
7.830537e+13 1.063302e+14 -1.065919e+14 4.785744e-01 8.513749e-01 -2.147726e-01 -5.967008e+00 0 767764
-1.774432e+14 -1.058912e+13 4.032234e+12 -8.827024e-01 -2.525245e-01 3.963179e-01 1.120036e+01 0 4758592
-1.013510e+14 -1.378471e+14 2.128263e+13 -9.346034e-01 -2.705143e-01 2.309513e-01 5.032612e+00 0 4812262
-8.106592e+13 1.145451e+14 1.053823e+14 -8.165799e-01 5.764668e-01 -2.972073e-02 -1.100729e+01 0 5692290
2.239461e+12 1.722288e+14 1.022887e+13 -8.783479e-02 8.503224e-01 5.188804e-01 -7.039040e+00 0 251672
1.747627e+14 2.473034e+13 3.932248e+13 8.334874e-01 5.054150e-01 2.232813e-01 -1.188783e+01 0 3908350
-8.959026e+12 -1.166134e+14 1.234763e+14 -8.545294e-01 -2.478747e-01 4.564402e-01 -1.602715e+01 0 5423295
4.809295e+13 1.494115e+14 6.637232e+13 6.745476e-01 6.653016e-01 3.199365e-01 -8.693895e+00 0 288118
-6.434397e+13 -4.752633e+13 -1.501907e+14 3.187883e-01 -5.691316e-01 -7.579335e-01 -1.056141e+01 0 5076798
1.308355e+14 1.117265e+14 -4.780514e+12 8.262274e-01 3.883231e-01 4.081097e-01 1.684179e+01 0 3649520
-1.814083e+14 1.522677e+13 5.937042e+13 -8.599875e-01 1.721515e-01 4.804013e-01 -1.480179e+01 0 3996508
-4.104262e+13 -1.393131e+14 9.208076e+13 -9.787037e-01 -2.049591e-01 -1.144015e-02 1.199080e+00 0 687996
1.723726e+14 -1.734275e+13 -1.380850e+12 9.142607e-01 -1.330468e-01 -3.826564e-01 9.375976e+00 0 3008006
-4.191929e+12 4.946634e+13 -1.628938e+14 -6.509628e-01 2.198692e-01 -7.265707e-01 -7.653295e+00 0 7174742
3.499097e+13 1.152349e+14 1.204826e+14 -4.478692e-01 5.945651e-01 6.677616e-01 8.907567e+00 0 1104656
9.875478e+13 -1.287386e+14 5.670611e+13 3.764676e-01 -8.676316e-01 -3.247885e-01 8.302412e+00 0 481034
1.356443e+14 7.962514e+13 7.096789e+13 5.026399e-01 7.735949e-01 -3.858807e-01 1.486711e+01 0 3629014
1.413381e+14 -7.699177e+13 -6.450874e+13 9.344818e-01 -2.755618e-01 -2.254094e-01 -1.056760e+01 0 3136284
-1.354205e+13 1.291193e+14 -1.169996e+14 5.254850e-01 2.091179e-01 -8.247031e-01 1.090862e+01 0 2093742
-5.423196e+13 1.192741e+14 1.375966e+14 1.037041e-01 -2.694486e-01 9.574147e-01 -1.305608e+01 0 4520752
-7.527849e+13 -1.514922e+14 4.380390e+13 1.350873e-01 -9.908209e-01 5.042836e-03 -1.180735e+01 0 8350635
6.257442e+13 -1.025402e+13 -1.754763e+14 4.427457e-01 5.753774e-01 -6.876897e-01 1.126965e+01 0 1985268
1.638153e+13 1.322816e+14 -1.164217e+14 -2.029401e-01 7.759350e-01 -5.972774e-01 -7.737145e+00 0 251130
9.698664e+13 1.301006e+14 -5.728229e+13 6.620625e-01 4.506293e-01 5.988377e-01 -7.702265e+00 0 1595172
-1.387765e+14 -6.651927e+12 -9.755538e+13 -8.770638e-01 -4.245555e-02 -4.784941e-01 -3.919711e+00 0 57664
2.677778e+13 -1.619796e+14 -1.074237e+14 4.924802e-02 -9.987732e-01 5.161335e-03 1.331360e+01 0 7228487
3.893768e+13 -1.296084e+14 1.062960e+14 -5.196214e-01 -3.885212e-01 7.609500e-01 -1.100267e+01 0 1136665
8.546426e+13 -1.320605e+14 -9.833824e+13 6.898052e-01 -3.186155e-01 -6.501177e-01 -2.216064e+01 0 4637810
1.136006e+14 -6.092740e+13 1.109115e+14 7.299825e-01 -6.606544e-01 -1.751035e-01 4.531292e+00 0 207802
7.696458e+13 -1.119904e+14 1.065039e+14 -1.673952e-01 -9.708426e-01 1.715913e-01 2.184713e+00 0 2159163
-3.603505e+13 -3.445549e+13 -1.651023e+14 2.118801e-01 -7.688635e-01 -6.032875e-01 -9.003993e+00 0 4253749
-3.247512e+13 6.450349e+13 -1.535210e+14 -9.149950e-01 2.905694e-02 -4.024174e-01 -2.426600e+00 0 14124357
-1.610954e+14 5.216355e+13 -1.098361e+13 -6.213887e-01 -3.233844e-01 7.136516e-01 4.882506e+00 0 2290791
-9.737191e+13 -1.156280e+14 7.719230e+13 3.549122e-01 -9.187765e-01 1.728787e-01 1.064547e+00 0 897858
4.071202e+13 -8.453723e+13 1.454028e+14 -7.576782e-02 -5.679044e-02 9.955069e-01 -7.169010e+00 0 2450746
-1.319931e+14 3.891673e+13 -1.042684e+14 -8.575532e-01 4.957083e-01 -1.373893e-01 9.363292e+00 0 2859254
-1.302603e+14 -8.939917e+13 6.989772e+13 -6.967342e-01 -3.138793e-01 6.450126e-01 -7.410558e+00 0 445928
5.249215e+13 -6.425496e+13 1.518308e+14 8.052029e-01 -5.898354e-01 -6.117631e-02 7.831025e+00 0 4488031
1.119005e+14 -4.205039e+13 -1.248545e+14 7.482467e-01 4.625060e-01 -4.756208e-01 1.232471e+01 0 4073318
1.321118e+14 5.920652e+13 8.880114e+13 5.898925e-01 7.081050e-01 3.880904e-01 8.409666e+00 0 1197032
-1.657132e+14 -2.813383e+13 -6.486212e+13 -2.985334e-01 -4.411668e-01 -8.463154e-01 -1.354184e+01 0 66
1.432496e+13 -8.174662e+13 1.554284e+14 3.868824e-01 -4.364400e-01 8.123066e-01 -8.614372e+00 0 424654
-1.695582e+14 2.337722e+12 4.469015e+13 -9.860870e-01 1.069669e-01 1.272416e-01 -1.542606e+01 0 1218665
1.172096e+14 -3.359809e+13 -1.180025e+14 9.780821e-01 1.183805e-01 1.712936e-01 8.351535e+00 0 5038134
3.830202e+13 6.690975e+13 -1.555083e+14 3.116696e-01 -5.835329e-01 -7.499010e-01 6.037771e+00 0 201401
2.678572e+13 -1.592811e+14 6.021804e+13 -8.466048e-01 -4.898125e-01 -2.081922e-01 -1.742861e+01 0 581014
4.320738e+13 -6.363620e+13 1.587097e+14 4.776456e-01 -1.523982e-01 8.652338e-01 1.376187e+01 0 6545981
1.295450e+14 -1.096091e+14 3.453950e+13 -6.026305e-02 -6.684494e-01 7.413122e-01 -2.099751e+01 0 1532502
-9.338366e+13 -2.650023e+13 -1.400239e+14 -2.697273e-01 -5.570156e-01 -7.854813e-01 -7.737531e+00 0 15306599
-7.170298e+13 -1.300440e+14 -1.087139e+14 -5.871221e-01 -7.986821e-01 -1.318885e-01 -2.469773e+01 0 9132614
-9.450697e+13 -2.912516e+13 1.404103e+14 -3.520633e-01 -6.632582e-01 6.604089e-01 1.884228e+01 0 305843
-1.627069e+14 -1.598424e+13 -4.629776e+13 -4.336789e-01 8.630595e-01 -2.589419e-01 -1.221492e+01 0 2455107
-9.229805e+13 -5.322805e+13 1.321385e+14 6.635738e-02 1.364852e-01 9.884172e-01 -7.068863e+00 0 3156942
-5.426564e+13 -1.335084e+14 9.102173e+13 -2.561434e-01 -9.641442e-01 -6.940085e-02 1.788107e+01 0 12303225
1.097799e+14 -7.659170e+13 -1.096481e+14 5.584092e-01 -3.038419e-01 -7.719192e-01 7.680851e+00 0 1852550
7.953440e+13 1.633957e+14 2.191526e+13 -8.196713e-02 7.150277e-01 6.942743e-01 -7.144910e+00 0 2626613
-9.012963e+13 -1.290236e+14 -6.905034e+13 2.284225e-01 -8.533646e-01 -4.686064e-01 -5.866678e+00 0 6954978
-1.309343e+14 5.343203e+12 -1.095217e+14 -8.280736e-01 2.140017e-01 -5.181674e-01 -1.265889e+01 0 858280
-3.130405e+13 -1.636928e+14 3.622002e+13 -6.703621e-01 -7.054864e-01 -2.300076e-01 -1.085715e+01 0 189649
2.094912e+13 1.179785e+14 -1.209965e+14 6.716116e-02 6.933529e-01 -7.174616e-01 7.494305e+00 0 95222
7.279285e+13 1.401833e+14 -6.270996e+13 3.240652e-01 9.066220e-01 -2.702191e-01 -5.370750e+00 0 6651352
-1.588218e+14 5.493412e+13 5.604440e+13 -7.832715e-01 1.492080e-01 6.035087e-01 -8.370832e+00 0 2740274
-1.085966e+14 -1.302624e+14 4.138017e+13 -6.672917e-01 -9.749974e-02 7.383871e-01 -1.443434e+01 0 801377
-5.635939e+13 6.179202e+13 1.476602e+14 -6.939639e-01 7.059342e-01 1.416722e-01 1.548492e+01 0 4217847
6.087903e+13 -1.459787e+14 9.404081e+13 -1.644800e-01 -7.382222e-01 6.541975e-01 1.353104e+01 0 291007
-1.408883e+13 -1.270926e+14 1.278229e+14 3.621410e-01 -9.105959e-01 1.991707e-01 -1.442350e+01 0 448555
-9.533512e+13 -3.792353e+13 1.409874e+14 4.501844e-01 -7.853068e-01 4.250027e-01 1.771764e+01 0 25448189
-6.359024e+13 2.086018e+13 1.637159e+14 -1.590789e-02 -2.925257e-01 9.561253e-01 -1.008551e+01 0 82875
-4.174329e+13 1.154096e+14 1.454300e+14 -5.132561e-01 -5.233918e-02 8.566380e-01 -7.566579e+00 0 110680
-6.589307e+13 1.529786e+14 4.487762e+13 -5.771481e-01 2.558943e-01 7.755115e-01 1.205919e+01 0 39
1.383913e+14 -9.150209e+13 5.241033e+13 9.201939e-01 -4.273881e-02 -3.891228e-01 -1.793677e+01 0 1888527
-3.356453e+13 -6.001692e+13 1.775099e+14 -1.190641e-01 -4.356947e-02 9.919302e-01 2.490123e+01 0 4070489
-3.896729e+13 1.600994e+14 1.682253e+14 -4.393023e-01 1.889703e-01 8.782390e-01 2.425265e+01 0 3318961
1.650423e+14 -6.018200e+13 -1.724373e+13 6.834746e-01 -1.326569e-01 7.178193e-01 -1.321127e+01 0 255710
-1.313623e+14 -9.173479e+13 -6.215891e+13 -2.789587e-01 -9.501558e-01 -1.392336e-01 -7.788660e+00 0 7792632
-1.349508e+14 -4.374265e+13 9.367506e+13 -5.063316e-01 4.669135e-01 7.249966e-01 4.321619e+00 0 10217255
-1.212702e+14 1.289878e+14 -2.504362e+13 -7.203498e-01 5.693652e-01 -3.961306e-01 1.106146e+01 0 1730717
-1.224650e+14 -1.282561e+14 -6.970524e+13 -5.835043e-01 -5.408200e-01 -6.058353e-01 2.180866e+01 0 10243665
1.370912e+14 4.731977e+13 -1.228906e+14 8.833340e-01 -7.952600e-02 -4.619487e-01 6.911513e+00 0 9435465
4.990680e+12 -9.574066e+13 -1.516511e+14 4.758840e-01 -1.099698e-01 -8.726059e-01 -1.120702e+01 0 37104
4.697187e+13 -1.479052e+14 -6.988439e+13 7.604621e-01 -2.798970e-01 -5.859650e-01 -8.512250e+00 0 1347065
9.167913e+13 1.416502e+14 -2.548560e+13 8.322033e-01 4.980419e-01 -2.437045e-01 -9.438740e+00 0 751237
-1.079708e+14 -9.677855e+13 1.249405e+14 -3.793188e-01 -3.628067e-02 9.245544e-01 -2.095823e+01 0 3519890
-5.138824e+13 4.125168e+12 -1.726953e+14 -1.820666e-02 3.139835e-01 -9.492539e-01 -1.143734e+01 0 15698751
-1.439520e+13 -1.690259e+14 -5.439937e+12 6.464057e-01 -5.987444e-01 -4.729322e-01 1.140477e+01 0 7
3.527354e+13 5.452494e+13 -1.790606e+14 -4.841017e-01 6.822159e-01 -5.479298e-01 -1.270089e+01 0 150038
9.268345e+13 6.240927e+13 1.282768e+14 4.439186e-01 4.797039e-01 7.568490e-01 -9.869916e+00 0 8654967
-1.050535e+14 8.060156e+13 -1.128654e+14 -8.898658e-01 -1.131726e-01 -4.419624e-01 -2.617903e+00 0 4028095
-1.513471e+14 -7.462568e+13 -2.937055e+13 -9.027574e-01 -4.042449e-01 -1.470207e-01 -1.119524e+01 0 1155606
6.385551e+12 1.663666e+14 9.672944e+13 -7.943584e-02 4.189985e-01 9.045055e-01 -1.851612e+01 0 1859570
-1.124991e+14 -1.249000e+14 -3.668486e+13 -9.334193e-01 3.315329e-01 1.371654e-01 1.518095e+01 0 344581
-4.550180e+13 1.888587e+13 1.649309e+14 -3.947688e-01 5.691842e-02 9.170158e-01 5.327638e+00 0 1359456
1.150077e+14 1.048078e+14 6.977395e+13 8.039138e-01 2.553468e-01 -5.371411e-01 -1.564247e+01 0 209141
-1.753843e+14 2.320623e+13 -5.177192e+13 -7.678209e-01 3.656109e-01 -5.260986e-01 -1.914671e+01 0 2981817
-1.200137e+14 6.867328e+13 -9.858983e+13 -8.442088e-01 -7.804415e-02 5.303023e-01 9.403730e+00 0 15107514
3.504230e+13 8.492444e+13 -1.431842e+14 2.999957e-01 2.929367e-01 -9.078495e-01 -8.651944e+00 0 5634460
-9.225163e+12 1.385485e+14 -1.016586e+14 -5.025600e-01 8.388929e-01 -2.090268e-01 1.052562e+01 0 1808604
-1.454605e+14 -4.382857e+13 7.577989e+13 -1.243475e-02 -9.702492e-01 2.417890e-01 -3.334760e+00 0 21922106
-6.920043e+13 1.510433e+14 -6.682421e+13 -3.351209e-01 8.495763e-01 -4.073255e-01 1.981640e+01 0 1276817
-2.591993e+13 -1.667722e+14 -1.690776e+13 5.718267e-01 -8.152325e-01 -9.170699e-02 -7.118682e+00 0 11603135
-1.641312e+13 -7.779613e+13 -1.513816e+14 2.321886e-01 -2.904913e-01 -9.282797e-01 1.951898e+01 0 5813151
9.977881e+13 1.376878e+14 -2.406575e+13 8.177433e-01 3.560533e-02 -5.744807e-01 8.092879e+00 0 9464829
-6.650057e+13 -1.073457e+14 -1.205881e+14 3.626473e-01 -2.935916e-01 -8.844721e-01 1.430571e+01 0 6590324
-1.305899e+14 -1.477814e+14 2.509361e+13 -7.299589e-01 -5.112144e-01 4.536737e-01 -1.754849e+01 0 1300638
-1.703335e+14 8.572657e+13 -8.452295e+12 -8.473967e-01 5.259828e-01 -7.253156e-02 1.503238e+01 0 10414952
1.693437e+14 -1.525610e+13 -3.820726e+13 7.694298e-01 2.206448e-01 -5.994112e-01 1.078741e+01 0 26
-6.463801e+12 -1.083926e+14 1.396243e+14 -5.493827e-01 1.621175e-01 8.196929e-01 1.904203e+01 0 11178161
1.148126e+14 2.271404e+13 -1.322525e+14 1.750471e-01 -7.632336e-01 -6.219590e-01 3.618491e+00 0 6890799
-7.815291e+13 1.464776e+14 3.996797e+13 1.766806e-01 9.634824e-01 2.012102e-01 8.778579e+00 0 1779235
-4.651536e+13 -1.652456e+14 2.243977e+13 -4.340497e-01 -7.963581e-01 -4.212061e-01 4.164484e+00 0 4046605
1.401139e+14 1.026067e+14 -5.973058e+11 3.286389e-01 2.721886e-01 -9.043837e-01 1.078506e+01 0 8120986
3.806520e+13 1.176783e+13 -1.687455e+14 -5.184224e-01 5.117138e-01 -6.851184e-01 -1.432273e+01 0 24438633
1.105688e+14 -1.392566e+13 -1.284134e+14 -2.297196e-01 2.875402e-01 -9.298116e-01 7.589570e+00 0 3012907
-9.401489e+12 2.164597e+13 -1.786507e+14 -6.528069e-01 1.209894e-01 -7.477999e-01 1.164202e+01 0 1984811
9.218023e+13 -2.177917e+13 1.408830e+14 9.090323e-01 4.093066e-01 7.828365e-02 -1.277547e+01 0 2110366
-1.651056e+14 -6.623061e+12 -9.367461e+13 -8.875861e-01 -1.310380e-01 -4.416106e-01 -9.002109e+00 0 1681703
6.466381e+13 -1.364740e+14 -7.904781e+13 4.886243e-01 -3.121574e-01 -8.147417e-01 8.224157e+00 0 974177
7.275641e+13 2.726454e+13 -1.542313e+14 9.689092e-01 1.519321e-01 -1.952730e-01 -1.005421e+01 0 7003593
1.281122e+14 6.183623e+13 -9.604894e+13 -2.400835e-01 5.675598e-01 -7.875505e-01 2.002314e+01 0 1740161
6.419970e+13 -1.390774e+14 -1.742711e+14 4.108404e-01 8.558355e-02 -9.076814e-01 2.437303e+01 0 428936
1.254365e+14 1.083105e+14 -1.452347e+14 9.694875e-01 7.759153e-02 -2.325373e-01 -2.713698e+01 0 9975492
-1.682218e+14 4.885983e+13 -2.903633e+13 -5.137632e-01 1.727042e-01 -8.403693e-01 -1.993364e+01 0 1927706
5.340669e+13 -1.593167e+14 -2.757866e+13 1.908755e-01 -9.707915e-01 -1.453632e-01 6.351694e+00 0 110182
1.202748e+14 -1.098073e+14 -4.900970e+13 1.876484e-01 -4.253995e-01 8.853380e-01 -8.976960e+00 0 13796365
-6.188296e+13 -1.560149e+14 -2.669780e+13 2.463241e-01 -6.866882e-01 -6.839472e-01 7.824825e+00 0 6500715
1.606616e+14 -9.703357e+13 -6.249222e+12 7.100088e-01 -4.806626e-01 5.146368e-01 -2.108601e+01 0 11414597
-6.980736e+13 1.196538e+14 1.076651e+14 -6.006456e-01 3.580764e-01 7.148470e-01 1.562523e+01 0 11678331
1.524091e+13 1.716736e+14 -4.001147e+13 -3.479578e-01 8.877941e-01 3.012424e-01 -6.789797e+00 0 4835205
-1.621378e+14 -5.370142e+13 -1.916778e+14 -6.952690e-01 -2.753746e-01 -6.639050e-01 1.597032e+01 0 2695197
-9.792470e+13 -1.288647e+14 -5.487275e+13 -6.981222e-01 -6.952137e-01 1.711822e-01 4.185912e+00 0 58803
-4.494673e+13 1.566695e+14 -5.626887e+13 3.854114e-01 9.163652e-01 -1.083183e-01 8.950851e+00 0 23235390
-5.814897e+13 6.061025e+13 1.473724e+14 -6.435960e-01 -5.411200e-01 5.412701e-01 2.975683e+00 0 2032766
5.407723e+13 1.327096e+14 9.127125e+13 -2.940387e-01 3.388509e-01 8.937121e-01 -1.416214e+01 0 6801719
1.712233e+14 2.338685e+13 6.556351e+12 6.361097e-01 3.492629e-02 7.708077e-01 1.225640e+01 0 17823412
-2.017197e+13 -1.314755e+14 1.064035e+14 -2.842009e-01 -8.476853e-01 -4.479503e-01 -9.729245e+00 0 6231931
1.341238e+14 1.135021e+14 -8.922041e+12 4.947790e-01 1.777101e-01 -8.506544e-01 -1.252863e+01 0 1265067
-9.733055e+13 1.306069e+14 4.739233e+13 6.042436e-01 7.340424e-01 -3.099539e-01 1.564120e+00 0 22714006
1.387074e+14 3.446318e+13 1.283287e+14 4.728709e-01 -5.833172e-01 6.604045e-01 -2.332091e+01 0 20766393
7.066281e+13 -9.622875e+12 1.561455e+14 -4.733658e-01 -3.051036e-01 8.263393e-01 -1.130906e+01 0 31021677
8.342512e+13 -1.478627e+14 -1.577432e+13 2.435160e-01 -9.125911e-01 3.284470e-01 1.073646e+01 0 2768486
1.626488e+13 1.649790e+14 4.107873e+13 -4.407299e-01 5.965191e-01 6.707623e-01 -3.365540e+00 0 429898
-2.926126e+13 -6.379923e+13 1.544825e+14 -9.326912e-01 -2.530514e-01 2.570061e-01 -5.809350e+00 0 1731084
-8.127111e+13 8.381378e+13 1.330050e+14 -7.938695e-01 -4.177484e-01 4.418795e-01 1.309662e+01 0 21344747
5.424844e+13 1.252493e+14 -1.084473e+14 -5.868058e-01 7.003523e-01 -4.064056e-01 1.861583e+01 0 135516
1.393951e+14 5.085968e+13 9.187848e+13 9.394498e-01 3.383755e-01 5.418562e-02 -1.494764e+01 0 13536622
1.455240e+14 -6.191657e+13 -6.289487e+13 9.947747e-01 2.203323e-02 -9.968888e-02 -7.276660e+00 0 1918232
-1.625511e+14 -1.455220e+13 -7.638441e+13 -5.637436e-01 -4.983837e-01 -6.586402e-01 -8.830878e+00 0 10248913
-1.404952e+14 -9.644375e+13 -2.330394e+13 -5.297105e-01 -7.944438e-01 2.970956e-01 1.475794e+01 0 2926071
1.529259e+14 -6.497959e+12 8.885196e+13 3.623964e-01 6.904079e-02 9.294634e-01 1.493587e+01 0 5902193
-1.180264e+14 1.120257e+14 5.857119e+13 -7.763286e-01 -1.089537e-01 6.208406e-01 -1.748589e+00 0 96459
1.798732e+14 -7.292532e+13 7.210788e+13 9.603644e-01 1.800513e-01 -2.127949e-01 2.458737e+01 0 19448094
1.801101e+14 4.880425e+13 -6.927617e+13 8.220901e-01 3.718629e-01 -4.311449e-01 1.454880e+01 0 10145565
-1.240206e+14 -1.034534e+14 7.348069e+13 -5.883602e-01 -4.501312e-01 6.717248e-01 -8.991369e+00 0 3861864
2.279986e+13 -2.316795e+13 -1.672527e+14 4.212241e-01 -7.268497e-01 -5.424572e-01 1.314575e+01 0 22318466
1.011252e+14 1.332292e+14 -5.227661e+13 3.565257e-01 7.342273e-01 -5.777539e-01 1.940812e+01 0 1982863
-7.837677e+13 6.457424e+13 -1.367351e+14 -2.813898e-01 1.249527e-01 -9.514235e-01 9.214606e+00 0 2817254
-7.478338e+13 6.390179e+13 1.386336e+14 -6.042480e-01 7.346589e-01 3.084813e-01 3.795755e+00 0 15971684
1.117405e+14 1.143773e+14 -6.151186e+13 5.354041e-01 -7.352713e-03 -8.445640e-01 6.704945e+00 0 226237
-1.516266e+14 9.399879e+13 1.053246e+14 -6.119325e-01 1.633563e-01 7.738561e-01 -1.478172e+01 0 792586
-2.015638e+14 7.801925e+13 -7.383275e+13 -9.449337e-01 1.092722e-01 -3.084799e-01 -1.674197e+01 0 3854176
1.689279e+14 -4.791683e+13 3.938639e+13 8.598511e-01 3.567135e-01 3.652554e-01 1.971363e+01 0 803129
1.117318e+13 1.261866e+14 -1.132432e+14 -7.110921e-01 4.968212e-01 -4.975106e-01 -1.187051e+01 0 3620256
6.186740e+12 1.616586e+14 -5.117650e+13 -8.245675e-02 7.405104e-01 -6.669672e-01 -6.080907e+00 0 15
8.735039e+13 -1.231691e+14 7.879338e+13 -1.599728e-01 -9.351064e-01 3.162036e-01 -4.997590e+00 0 799879
1.306456e+14 1.062642e+13 1.082811e+14 2.173148e-01 -5.055804e-01 8.349627e-01 -6.048327e-01 0 1473258
-2.066680e+13 1.025895e+14 -1.339910e+14 -3.334876e-01 5.648814e-01 -7.547814e-01 -2.163205e+00 0 391059
1.681628e+14 -1.274667e+14 -2.245951e+14 8.170157e-01 -3.975670e-01 -4.176431e-01 2.643962e+01 0 5958409
-1.147377e+13 -1.904225e+14 4.262273e+13 5.956013e-02 -9.737755e-01 -2.195767e-01 -1.611206e+01 0 18228382
7.169319e+13 2.944705e+13 -1.572525e+14 3.105515e-02 -8.424227e-03 -9.994822e-01 -1.773245e+01 0 4275455
-1.605945e+14 6.079697e+12 5.427218e+13 -3.422462e-01 9.132390e-01 2.210477e-01 -2.633475e+00 0 2646962
-1.173621e+14 -9.128885e+13 8.741397e+13 -4.919140e-01 -8.706082e-01 7.873099e-03 -5.974666e+00 0 1776026
8.189369e+13 1.746962e+14 9.000744e+13 -1.527487e-01 8.668226e-01 4.746435e-01 -1.238223e+01 0 9445356
1.524753e+14 7.834139e+13 1.277102e+13 8.161446e-01 -2.331930e-01 -5.287051e-01 -1.677301e+01 0 8825857
1.710396e+14 -2.305914e+13 -1.017313e+13 6.502338e-01 -2.919766e-01 -7.013884e-01 -2.265095e+01 0 13611744
-6.556798e+13 7.212718e+13 1.401723e+14 -3.819103e-01 4.798799e-02 9.229527e-01 -4.344126e+00 0 1095281
1.085699e+14 6.749604e+13 -1.114659e+14 9.710832e-01 -2.316625e-01 -5.770507e-02 -7.942803e+00 0 136653
-1.623096e+14 6.127444e+13 -1.604855e+13 -9.222276e-01 3.458578e-01 -1.728546e-01 -7.114807e+00 0 1320564
1.243399e+14 9.946486e+13 -8.212704e+13 6.850762e-01 7.238021e-01 -8.234728e-02 -1.074564e+01 0 6653602
3.166536e+13 4.379113e+13 1.608840e+14 -8.616330e-01 4.685675e-01 1.950204e-01 -9.854481e+00 0 503139
1.128033e+14 -1.103410e+14 -6.424923e+13 -3.120495e-01 -9.327364e-01 -1.806321e-01 -1.823197e+00 0 1426886
-1.371436e+14 9.864730e+13 -1.608305e+13 1.289194e-01 9.855022e-01 1.102958e-01 -8.076042e-01 0 6289969
-1.463717e+14 -5.809856e+13 6.673089e+13 -2.073517e-01 -3.376775e-01 9.181390e-01 -1.062025e+01 0 4168371
1.165738e+14 7.603170e+13 -9.764581e+13 8.482846e-01 -4.726398e-01 -2.387986e-01 8.277998e-01 0 52923198
1.636873e+14 7.596162e+12 5.206846e+13 5.752296e-01 3.731436e-01 -7.279250e-01 1.232271e+01 0 1158759
1.554293e+14 1.455603e+13 1.047606e+14 8.119568e-01 -3.039564e-01 4.983340e-01 1.330716e+01 0 97542
-1.564576e+13 3.943521e+13 1.666925e+14 -2.877359e-01 7.743491e-01 5.635525e-01 1.392211e+01 0 2768380
1.166503e+14 -1.078783e+14 -6.567258e+13 5.002994e-01 5.370720e-01 -6.791569e-01 1.884207e+01 0 2882907
1.450845e+14 4.715680e+13 -9.277816e+13 2.797507e-01 7.086368e-01 -6.477448e-01 -1.551041e+01 0 3500181
7.173456e+13 -1.359109e+14 8.796941e+13 3.633729e-01 -9.305577e-01 -4.497224e-02 1.772359e+01 0 15731311
-1.197193e+14 3.720577e+13 1.184308e+14 -3.070215e-01 7.666132e-01 5.639521e-01 -2.055038e+01 0 1384548
-3.975996e+13 1.040718e+14 -1.308460e+14 -2.564231e-01 -2.757851e-01 -9.263853e-01 -1.489595e+01 0 4977918
8.196046e+13 5.518294e+12 -1.544272e+14 9.996671e-01 1.978972e-02 1.655246e-02 9.110676e+00 0 2144203
1.301013e+14 1.118473e+14 1.146351e+13 4.877873e-02 9.934470e-01 1.033620e-01 1.345449e+01 0 2103565
1.152085e+14 1.180720e+14 -4.308087e+13 3.486533e-01 9.297274e-01 -1.185236e-01 -1.501199e+00 0 2542
-4.245390e+13 1.925464e+12 -1.655772e+14 2.437200e-01 7.031108e-01 -6.680088e-01 -1.531209e+01 0 7215524
1.174214e+14 -2.840161e+13 1.321613e+14 9.735132e-01 -1.610303e-02 2.280631e-01 1.291107e+01 0 690513
1.004908e+14 1.127416e+14 -9.971598e+13 6.994210e-01 6.616948e-01 -2.701301e-01 -1.472611e+01 0 3911082
-1.117415e+14 -1.601898e+14 1.062045e+13 -7.079718e-01 -5.833548e-01 3.980868e-01 1.014141e+01 0 1105310
1.231914e+14 1.370158e+14 -3.484612e+13 8.830739e-01 1.354242e-01 4.492670e-01 -2.461059e+01 0 23603037
-1.460380e+14 -8.465621e+13 -2.830961e+13 -6.187725e-01 -5.143173e-01 5.937999e-01 -1.297524e+01 0 3465844
2.561371e+13 1.387847e+14 -1.068984e+14 -4.201769e-01 7.085369e-01 -5.669452e-01 1.539733e+01 0 8163313
6.055942e+13 1.052311e+14 -1.224369e+14 9.268109e-01 3.306712e-01 -1.779837e-01 -1.867754e+01 0 6348739
1.569476e+13 -6.894652e+13 -1.570317e+14 3.499998e-01 -3.988643e-01 -8.475892e-01 1.431192e+01 0 8386197
1.624533e+14 -8.448326e+13 3.472453e+13 6.541914e-01 -4.639195e-01 -5.973377e-01 -1.413492e+01 0 1966263
-7.119105e+12 4.096342e+13 -1.662381e+14 6.434034e-01 -4.032228e-01 -6.507253e-01 -1.285490e+01 0 1590162
1.408367e+14 -8.662753e+13 -3.918485e+13 3.800302e-01 -7.697321e-01 -5.129226e-01 3.419020e+00 0 488250
-1.494668e+14 -3.659012e+13 1.004992e+14 -8.598722e-01 2.104221e-02 5.100755e-01 1.437966e+01 0 23972391
7.914866e+13 -8.760366e+12 1.515396e+14 4.416217e-01 3.263031e-01 8.357611e-01 -6.284444e+00 0 1449041
-1.568074e+14 6.095730e+13 -4.081196e+13 -9.454170e-01 4.139332e-02 -3.232233e-01 -1.071568e+01 0 1650360
-8.189435e+13 1.412529e+14 6.171389e+13 -3.486079e-01 6.459096e-01 6.791710e-01 8.010984e+00 0 2719574
1.143293e+14 -1.046261e+14 -7.923988e+13 1.897810e-01 -3.803187e-01 -9.051745e-01 7.530640e+00 0 199279
5.923821e+13 3.379795e+13 -1.620335e+14 -4.797263e-02 -1.357966e-01 -9.895746e-01 1.344727e+01 0 5175824
-1.066261e+14 -4.259892e+13 -1.432460e+14 -9.880918e-01 -5.525447e-02 -1.436018e-01 -1.339647e+01 0 2347927
-1.510255e+14 -7.237563e+13 3.364171e+13 -5.613389e-01 6.336116e-02 8.251570e-01 -1.413315e+01 0 1837142
-6.680113e+13 -1.118420e+14 -1.180338e+14 1.037144e-02 -2.011836e-01 -9.794986e-01 -1.993865e+01 0 2825630
8.175872e+13 -9.959444e+13 1.123664e+14 8.398221e-01 -3.868517e-01 3.808472e-01 -5.450582e+00 0 2289141
2.143747e+13 1.636992e+14 -4.627700e+13 8.328005e-01 3.160376e-01 4.544926e-01 9.398626e+00 0 8480754
1.053896e+14 -7.148066e+13 1.193840e+14 6.188449e-01 -6.633888e-01 4.206498e-01 9.332741e+00 0 204281
-1.170067e+14 -7.182839e+12 1.303173e+14 -9.256099e-01 -3.737547e-01 -5.961397e-02 -1.281453e+01 0 15090811
-1.183645e+14 2.123954e+13 -1.366983e+14 -6.952351e-01 5.134009e-01 -5.030583e-01 -1.604412e+01 0 3737400
-7.506096e+13 -1.555478e+13 1.855951e+14 -6.237577e-01 1.900090e-01 7.581708e-01 -1.368618e+01 0 35800507
-7.507120e+13 1.508691e+14 4.088280e+13 -2.087401e-01 9.530606e-01 -2.193240e-01 -1.823771e+01 0 16447576
-7.158512e+13 -7.388897e+13 1.368674e+14 4.107710e-01 -8.781617e-02 9.074996e-01 -1.130676e+01 0 470807
1.055167e+14 9.635702e+13 -9.419343e+13 8.556948e-02 8.546425e-01 5.121172e-01 -1.383541e+01 0 5637290
-7.810936e+13 -1.479624e+14 -2.907963e+13 1.198899e-01 -5.886213e-01 -7.994694e-01 -6.117232e+00 0 5686226
-6.692617e+13 1.427192e+14 -6.651967e+13 -5.493958e-01 5.279697e-01 -6.476204e-01 -3.522547e+00 0 407788
1.041248e+14 1.393274e+14 -1.529138e+13 1.519905e-01 9.529059e-01 -2.624296e-01 -5.586631e+00 0 2030997
1.533772e+14 1.270989e+13 8.034984e+13 7.035590e-01 6.572460e-01 -2.702451e-01 1.220643e+01 0 1513222
1.391884e+14 -9.348868e+13 3.109118e+13 5.534071e-01 -7.581395e-01 3.449131e-01 -1.045875e+01 0 253592
3.057302e+13 -1.676082e+14 2.659175e+13 -1.543338e-02 -9.801943e-01 1.974361e-01 -1.732074e+01 0 5073699
-1.126588e+14 3.360645e+13 1.261535e+14 -7.430458e-01 5.922352e-01 3.116736e-01 -8.445020e+00 0 6901005
-1.742545e+14 5.562193e+13 1.320547e+13 -9.811557e-01 -1.548738e-01 1.155320e-01 -2.271494e+01 0 5558508
-1.629520e+14 4.911389e+13 5.314644e+12 -2.060577e-01 7.573879e-01 -6.195997e-01 -2.339705e+01 0 2601457
-1.478762e+14 -9.863703e+13 -1.202879e+13 -8.828325e-01 -3.189672e-01 -3.447706e-01 -1.056321e+01 0 1952509
-4.058562e+13 -1.628627e+14 2.720983e+13 7.088421e-01 -6.526883e-01 2.674710e-01 2.131168e+01 0 3270203
1.361537e+14 8.478852e+13 -5.683691e+13 4.165991e-01 5.715773e-01 7.069261e-01 -1.064632e+01 0 5548811
1.584279e+14 -4.972671e+13 -3.922217e+13 9.054928e-01 3.576137e-02 4.228522e-01 -8.369768e+00 0 10155862
2.869859e+13 1.413150e+14 1.655399e+14 -1.515378e-01 6.956474e-01 7.022186e-01 2.322514e+01 0 7359127
-1.644982e+14 -1.396218e+13 -5.887909e+13 -7.731446e-01 2.470180e-01 -5.841485e-01 -1.282065e+01 0 4789961
-1.333500e+14 9.644071e+13 -4.753924e+13 -8.943211e-01 2.852847e-01 -3.446772e-01 1.175362e+01 0 1269792
1.474448e+14 -5.784984e+13 -6.584153e+13 3.986367e-01 -1.393701e-01 -9.064573e-01 1.492563e+01 0 9615953
8.134855e+13 1.481682e+14 4.944805e+13 -5.273035e-02 9.760456e-01 2.110791e-01 2.636999e+01 0 966884
5.184938e+13 9.642830e+13 -1.301787e+14 6.651265e-01 1.456144e-01 -7.323956e-01 -6.857796e+00 0 321819
-1.084181e+14 -1.167332e+14 5.982046e+13 -5.100224e-01 -8.073258e-01 2.968201e-01 -4.075032e+00 0 728816
-6.544662e+12 -1.464133e+14 8.556304e+13 -9.141158e-01 -1.019235e-01 3.924332e-01 1.225481e+01 0 8780615
-4.644766e+13 8.256361e+13 1.461701e+14 4.268227e-01 2.595143e-01 8.662994e-01 -1.727296e+01 0 1792445
7.380109e+13 2.035527e+13 -1.529166e+14 -3.794498e-01 -6.176907e-01 -6.888222e-01 -1.140175e+01 0 1390624
-5.746525e+13 6.558631e+13 1.469006e+14 -3.575893e-01 4.160374e-01 8.360878e-01 3.384920e+00 0 11299289
6.529870e+13 1.443020e+14 9.781903e+13 6.717634e-01 5.738054e-01 4.684883e-01 9.054305e+00 0 5322780
-1.070139e+14 9.073529e+13 1.533446e+14 -6.710179e-01 3.824780e-01 6.351736e-01 2.146844e+01 0 12801527
1.385876e+14 -7.247021e+13 6.858822e+13 -8.853209e-02 -9.953866e-01 -3.698095e-02 2.745935e+00 0 476907
4.479681e+13 1.444859e+14 7.692229e+13 -2.103268e-01 3.046947e-01 9.289369e-01 8.641454e+00 0 14007941
-3.836179e+13 -1.167656e+14 -1.173887e+14 5.441306e-01 -6.393181e-01 -5.433179e-01 1.784927e+01 0 3426788
9.467635e+13 -1.416397e+14 8.921792e+12 1.355352e-01 -8.341225e-01 5.346680e-01 -1.066950e+01 0 7953696
7.148890e+13 -1.470251e+14 -4.544839e+13 7.864043e-01 2.515864e-01 -5.641565e-01 -1.671430e+01 0 6340973
-1.272528e+14 -1.474959e+14 -5.386773e+13 -4.319615e-01 -8.331672e-01 3.453140e-01 -1.099500e+01 0 4715060
1.281457e+14 -1.013078e+14 8.310609e+13 1.161414e-01 -8.273261e-01 5.495841e-01 -1.771307e+01 0 1380966
1.685766e+14 -5.692236e+12 -3.270014e+13 6.842259e-01 5.772842e-01 -4.456208e-01 -1.049332e+01 0 1582985
4.455689e+13 -1.090629e+13 -1.686871e+14 2.619781e-01 -3.105237e-01 -9.137519e-01 -1.118094e+01 0 3533718
1.034128e+14 1.211175e+14 6.854088e+13 -2.934040e-01 3.615141e-01 8.849981e-01 -1.268061e+01 0 14283129
-1.039128e+14 9.476802e+13 -9.938021e+13 -8.503171e-01 2.890442e-01 -4.397890e-01 1.209890e+01 0 4119312
1.027630e+14 -3.748418e+13 1.355919e+14 7.929349e-01 -5.869668e-01 1.634756e-01 2.186158e+01 0 358000
-1.410223e+14 4.423869e+13 8.763631e+13 -6.615361e-01 7.498816e-01 -6.899343e-03 1.080281e+01 0 18356
1.303721e+14 3.885766e+12 1.205720e+14 8.465652e-01 4.714487e-03 5.322641e-01 -9.516835e+00 0 557192
-3.294006e+13 8.136562e+13 -1.530508e+14 4.762940e-02 -4.836246e-02 -9.976936e-01 1.236672e+01 0 7567475
8.285568e+13 -1.198692e+14 9.996645e+13 3.810516e-01 -4.811454e-01 7.894928e-01 -1.686622e+01 0 186089
4.509284e+13 1.707026e+14 2.378786e+13 -1.832527e-01 9.207398e-01 3.444659e-01 2.183338e+01 0 869837
-4.613367e+13 1.554000e+14 -6.489421e+13 5.174452e-01 8.547631e-01 -4.037957e-02 2.018962e+00 0 1248907
1.240907e+14 -1.634606e+13 -1.208342e+14 9.040689e-01 2.496906e-01 -3.468633e-01 1.778852e+01 0 21406449
8.430184e+13 4.641828e+13 1.555709e+14 8.919954e-01 4.379710e-01 -1.119176e-01 1.463380e+01 0 14998654
3.810520e+13 -7.873829e+13 -1.586326e+14 8.106418e-01 -5.386524e-02 -5.830595e-01 -7.389980e+00 0 789406
1.447572e+14 -8.079544e+12 -8.909484e+13 4.826057e-01 3.416098e-01 -8.064704e-01 1.509353e+01 0 6233389
1.501604e+14 -4.983492e+13 7.818382e+13 1.235345e-01 -9.575946e-01 2.602916e-01 7.382155e+00 0 2184675
5.571557e+13 -1.356684e+14 9.914632e+13 7.233877e-01 -6.797335e-01 1.211307e-01 -1.512135e+01 0 10450271
-4.811371e+13 -5.637863e+13 -1.533152e+14 -6.746163e-01 -1.486940e-01 -7.230373e-01 2.662058e+00 0 2113180
-1.392151e+14 -1.806246e+14 1.661740e+14 -5.649479e-01 -1.306571e-01 8.147163e-01 -3.197593e+01 0 5023178
1.894438e+12 4.144939e+13 1.655463e+14 -6.401368e-01 7.328282e-01 2.306245e-01 5.986943e+00 0 2516758
-2.785429e+13 -1.386229e+14 1.022795e+14 5.460411e-01 -6.789061e-01 4.908417e-01 -2.653057e+00 0 1822473
1.006777e+14 1.333041e+14 -5.426727e+13 5.057808e-01 8.571793e-01 9.710565e-02 -1.081121e+01 0 3081130
6.834869e+13 -9.042848e+13 1.323471e+14 2.197263e-01 -9.109286e-01 3.491840e-01 8.456709e+00 0 10059763
1.046775e+14 4.458493e+13 1.656605e+14 5.498598e-01 2.747927e-01 7.887605e-01 -1.085456e+01 0 681588
5.424916e+13 1.505182e+14 6.612753e+13 -2.007271e-01 7.667394e-01 6.097699e-01 1.682517e+01 0 38
5.715002e+13 1.606180e+14 -2.908777e+13 -9.003330e-03 9.904572e-01 -1.375262e-01 -4.442219e+00 0 3352515
-6.224074e+13 7.269410e+13 -1.421265e+14 -5.416827e-02 9.929651e-01 1.052910e-01 7.014047e+00 0 1952280
-1.347527e+14 2.334142e+13 -1.071445e+14 -6.796260e-01 7.135915e-01 -1.699873e-01 1.399062e+01 0 1766166
-1.272440e+14 6.637061e+13 -1.004487e+14 -6.802163e-01 4.253473e-01 -5.969803e-01 5.854784e+00 0 3033417
-1.387767e+14 6.690767e+13 -7.166241e+13 -8.722237e-01 3.356340e-01 -3.557748e-01 1.156928e+01 0 5201427
-1.344765e+14 1.153818e+14 3.851932e+12 -7.101928e-01 5.375121e-01 4.546503e-01 -1.234054e+01 0 11393265
5.786209e+13 8.500691e+13 1.373994e+14 5.772443e-02 4.535985e-01 8.893348e-01 -5.935997e+00 0 1491804
3.238834e+13 -5.107171e+11 -1.671590e+14 -2.487075e-01 -8.587732e-01 -4.479433e-01 4.771540e+00 0 148954
-1.543347e+14 -6.842483e+12 7.042793e+13 -3.349771e-01 -8.596723e-01 3.856862e-01 7.963498e+00 0 2388732
3.930259e+12 -5.251813e+13 -1.820994e+14 -3.933115e-01 1.501921e-01 -9.070548e-01 -1.226993e+01 0 21774852
-1.168643e+14 1.105040e+14 -5.473348e+13 -9.823926e-01 1.841486e-01 3.152744e-02 1.631652e+01 0 1715867
-7.015254e+13 -1.523335e+14 2.653383e+13 7.381430e-01 -6.711152e-01 -6.891509e-02 2.689241e-01 0 166045
2.586479e+13 -1.231327e+14 1.199488e+14 3.257100e-01 -1.736019e-01 9.293952e-01 1.242253e+01 0 1185071
1.146358e+14 -1.112894e+12 -1.314213e+14 2.151067e-01 7.236608e-02 -9.739057e-01 6.912794e+00 0 114596
-6.784726e+13 -2.543942e+13 -1.582891e+14 3.442206e-01 2.213625e-01 -9.124203e-01 -1.423460e+01 0 6986142
-6.852013e+13 -1.352370e+14 -9.017440e+13 -1.622854e-01 -7.086211e-01 -6.866729e-01 -9.724883e+00 0 2962378
1.159466e+14 -1.223615e+14 -2.394321e+13 6.950006e-01 -7.104078e-01 -1.108820e-01 1.210841e+01 0 2253354
-5.546856e+13 -3.002100e+13 -1.641228e+14 -6.243745e-01 -2.887925e-01 -7.257791e-01 -1.146320e+01 0 3380620
9.414644e+13 3.246465e+12 -1.420633e+14 1.771171e-01 3.348140e-01 -9.254886e-01 5.641972e+00 0 260978
1.366927e+14 -1.215820e+14 -4.993707e+13 4.173146e-01 -9.068311e-01 -5.921020e-02 -1.916879e+01 0 30759543
1.187481e+14 -1.807239e+13 -1.214897e+14 -2.873110e-01 2.869559e-01 -9.138428e-01 9.956807e+00 0 12124198
-9.527214e+13 1.028700e+14 1.036980e+14 -9.632227e-01 -1.168781e-01 2.419537e-01 -1.222719e+01 0 5934333
-2.324943e+13 -4.186051e+13 1.674651e+14 -1.005778e-01 -8.056868e-01 5.837405e-01 -1.194583e+01 0 2596550
8.918468e+13 1.672802e+14 -1.374043e+13 6.821996e-03 8.852677e-01 4.650319e-01 -9.473049e+00 0 11417618
-2.480694e+13 -1.004633e+14 -1.350843e+14 6.642190e-01 -7.435709e-01 -7.691196e-02 8.767951e+00 0 7464360
6.031833e+13 -1.590728e+14 -2.051736e+13 7.806082e-01 -5.333169e-01 -3.259200e-01 1.604872e+01 0 7559262
3.981630e+13 1.375221e+14 1.025145e+14 2.807048e-01 9.439221e-01 1.738270e-01 1.323980e+01 0 19510180
-5.818798e+13 1.895446e+14 -3.589311e+12 -1.091539e-01 9.872284e-01 -1.160407e-01 -1.924335e+01 0 1005288
-1.590420e+14 4.772265e+13 3.496862e+13 -8.502712e-01 -1.671353e-01 4.991039e-01 -3.774328e+00 0 16233755
-9.533209e+13 1.418526e+14 1.589119e+13 4.091386e-01 9.105428e-01 -5.930811e-02 1.154697e+01 0 754767
2.067331e+12 -1.617812e+14 -8.841340e+13 7.467188e-01 -6.017393e-01 -2.834093e-01 -1.250543e+01 0 14568174
-1.060362e+14 7.071819e+13 -1.272035e+14 -3.753971e-02 -7.804925e-03 -9.992647e-01 -1.859256e+01 0 10008133
-9.494550e+13 -1.290040e+14 5.663481e+13 -3.635901e-01 -2.620326e-01 8.939469e-01 3.078485e+00 0 3862384
1.819805e+14 5.513241e+13 1.952712e+13 8.128122e-01 -5.756628e-01 8.915553e-02 -2.436405e+01 0 2584046
1.650928e+14 -2.981173e+13 -4.540460e+13 6.985140e-01 3.126803e-01 -6.436685e-01 1.428045e+01 0 2465856
-2.474623e+13 -1.826661e+14 4.236986e+13 -2.452169e-01 -9.692482e-01 2.065406e-02 1.659768e+01 0 300460
-9.317016e+13 -1.376915e+14 -4.555406e+13 -7.778757e-01 -4.809017e-01 4.045282e-01 2.266420e+00 0 4844915
3.469969e+13 7.231442e+12 -1.661851e+14 8.370839e-01 1.647791e-01 -5.216688e-01 5.864255e+00 0 2853652
2.705297e+13 -1.012472e+14 1.348990e+14 2.029719e-01 -7.539118e-01 6.248355e-01 -4.791422e+00 0 1350096
-1.577863e+14 5.933249e+13 -2.339261e+13 -9.169354e-01 1.220466e-01 3.799133e-01 1.481864e+01 0 16206565
-9.105565e+13 -7.307530e+13 1.237010e+14 -6.101703e-01 -1.712425e-01 7.735427e-01 -7.082052e+00 0 280388
7.778555e+13 8.851047e+13 1.233653e+14 7.964701e-01 5.980341e-01 8.938975e-02 4.434587e+00 0 2099777
1.627765e+14 3.868310e+13 3.509369e+13 6.628614e-01 7.464428e-01 -5.863375e-02 -3.096403e+00 0 1843467
1.413181e+14 -1.238907e+14 4.478735e+13 9.165274e-01 1.202856e-01 3.814562e-01 2.537178e+01 0 2104888
6.219071e+13 2.628453e+13 -1.683452e+14 9.511686e-01 5.469477e-02 -3.037874e-01 -1.813219e+01 0 357984
-7.341602e+13 1.254850e+14 -8.837552e+13 1.598304e-01 9.840041e-01 -7.867788e-02 -8.588951e+00 0 752769
1.527809e+14 -1.275382e+14 -1.710162e+13 6.822400e-01 -7.309338e-01 1.686368e-02 -1.721211e+01 0 556123
1.044445e+14 -7.358523e+13 -1.140861e+14 -3.353986e-01 -4.276292e-01 -8.394290e-01 2.077584e+00 0 988582
-1.744369e+14 5.028529e+13 7.024661e+13 -7.741135e-01 1.214602e-01 6.212855e-01 -7.429019e+00 0 4043518
1.971356e+13 1.733291e+14 -1.697558e+11 -7.622374e-01 6.151899e-01 2.013344e-01 1.392343e+00 0 176166
-5.424784e+13 4.926506e+13 -1.545764e+14 -5.465659e-01 -5.609643e-01 -6.217594e-01 -4.810422e+00 0 924221
-1.358686e+14 -7.240832e+13 -7.889519e+13 -8.377314e-01 -4.321217e-01 -3.338816e-01 -1.159394e+01 0 4487500
-1.364764e+14 8.245962e+11 -1.063289e+14 -9.640961e-01 1.950097e-01 -1.802494e-01 1.771526e+01 0 10208625
3.893787e+13 -1.334316e+14 -1.025792e+14 2.528480e-01 -6.078029e-02 -9.655950e-01 -7.888169e+00 0 2557255
-9.106020e+12 6.793272e+13 1.592639e+14 2.314836e-01 -1.001393e-01 9.676712e-01 2.848534e+00 0 2123332
-1.487852e+14 -5.940948e+12 9.320454e+13 -9.783921e-01 1.359647e-01 1.557645e-01 6.538934e+00 0 3478660
1.351391e+14 -8.741078e+13 -6.028230e+13 9.188687e-01 3.867074e-01 7.834416e-02 -1.514269e+00 0 646491
7.368071e+13 -1.516615e+14 -2.413573e+13 9.275891e-01 -1.989637e-01 -3.162150e-01 -5.846959e+00 0 36
-1.232299e+14 -1.017522e+14 -8.211003e+13 -5.880106e-02 -6.590075e-01 -7.498344e-01 1.381647e+01 0 3238867
1.265486e+14 -3.440935e+13 -1.090729e+14 7.981552e-01 3.063770e-01 5.187305e-01 1.265928e+01 0 3175604
-7.013945e+13 7.736642e+13 -1.376012e+14 4.245255e-02 -4.233480e-01 -9.049720e-01 1.141494e+01 0 10637503
-1.473954e+14 -1.071553e+14 1.487440e+13 -1.133221e-01 -8.808366e-01 4.596575e-01 1.996958e+01 0 4195462
1.748779e+13 1.229775e+14 1.339022e+14 -7.738868e-01 3.695753e-01 5.143086e-01 -1.195586e+01 0 1779452
-4.030716e+13 -1.475366e+14 9.619511e+13 4.013448e-01 -6.973521e-01 5.938202e-01 -1.393938e+01 0 2368904
-1.332012e+14 1.705873e+13 -1.251214e+14 -9.227030e-01 -3.507897e-01 -1.598928e-01 -1.325317e+01 0 1416879
1.096287e+14 1.369218e+14 2.734614e+13 7.089515e-01 7.016230e-01 7.150484e-02 -2.189284e+01 0 1541842
-7.728811e+13 1.527929e+14 7.529122e+13 -1.614262e-01 9.196878e-01 3.579327e-01 1.532728e+01 0 2402733
-9.999858e+13 1.356357e+14 -3.399187e+13 -7.690651e-01 6.391536e-01 -4.640100e-03 -4.655891e+00 0 140923
-3.535896e+13 6.055402e+13 -1.574632e+14 -9.127633e-01 -3.623238e-01 -1.886389e-01 -1.098267e+01 0 5444162
-1.420071e+14 9.321222e+13 -3.953365e+13 -7.193739e-01 4.123351e-02 -6.933981e-01 1.981219e+01 0 1619889
-2.526076e+13 -3.022466e+13 1.667613e+14 -3.761276e-01 5.210593e-01 7.661758e-01 -1.538197e+01 0 3131128
9.655026e+13 9.111920e+12 -1.393353e+14 -5.456516e-01 2.221122e-01 -8.080411e-01 -7.433238e+00 0 2152545
7.457688e+13 1.322819e+14 -7.556950e+13 8.277384e-01 5.521456e-01 9.992247e-02 2.780124e+00 0 2888901
-1.233577e+14 -7.361996e+13 9.065841e+13 -1.600185e-01 -7.858491e-01 5.973569e-01 9.869309e+00 0 1507426
-1.479655e+14 -7.505704e+13 -4.849202e+13 -6.803887e-01 6.734995e-01 -2.889111e-01 -2.435153e+01 0 6142134
1.511042e+14 9.060354e+13 -1.140259e+12 5.144607e-01 8.468809e-01 1.346215e-01 -1.065890e+01 0 15193262
7.004661e+13 1.147841e+14 -1.273088e+14 5.824598e-01 7.848020e-01 2.117224e-01 -1.753010e+01 0 6984444
5.082796e+13 -8.221524e+13 -1.421955e+14 -4.980918e-01 -4.442586e-01 -7.446737e-01 9.439595e+00 0 494770
-6.306945e+13 1.840181e+14 -9.627720e+13 1.432499e-01 9.584378e-01 -2.467317e-01 1.277260e+01 0 6698138
-1.002454e+14 6.811162e+13 -1.235414e+14 -4.368296e-01 2.547100e-01 -8.627298e-01 -4.611435e+00 0 1847928
1.209287e+14 7.800485e+13 9.116509e+13 -1.408669e-01 9.507333e-01 2.761570e-01 -4.707588e+00 0 199906
1.053185e+14 5.103645e+13 1.242912e+14 9.812570e-01 3.123328e-02 1.901555e-01 2.922296e+00 0 9434142
-5.901429e+13 1.626071e+14 -3.394880e+13 1.837002e-01 8.099138e-01 -5.570403e-01 -1.396188e+01 0 4877476
5.022406e+13 -1.289261e+13 -1.620780e+14 2.167320e-01 1.085893e-01 -9.701730e-01 1.216704e+01 0 3326294
1.181371e+14 1.058813e+12 1.264233e+14 -4.044232e-01 -3.873521e-01 8.284928e-01 7.849942e+00 0 225570
6.300679e+13 -1.579763e+14 -5.748546e+12 9.159522e-01 1.689458e-01 3.639901e-01 1.816450e+01 0 7915356
8.150099e+13 1.295620e+14 -1.096640e+14 3.427503e-01 1.649760e-02 -9.392817e-01 -1.436342e+01 0 2794073
6.466385e+13 -1.559625e+14 3.778309e+13 5.243480e-01 -8.012133e-01 -2.882993e-01 1.040902e+01 0 1607135
3.581772e+13 -1.294203e+14 -1.061038e+14 2.364762e-01 -3.750401e-01 -8.963392e-01 3.916653e+00 0 7586139
-2.152666e+13 1.103413e+14 -1.458927e+14 1.460177e-01 -8.539686e-02 -9.855893e-01 1.175830e+01 0 5698037
1.274516e+14 -4.927803e+13 -1.063712e+14 4.314577e-01 9.783350e-02 -8.968126e-01 -5.452917e+00 0 584957
-1.253976e+14 1.075888e+14 4.629308e+13 -6.102225e-01 6.934447e-01 3.830965e-01 1.560846e+01 0 10922243
1.082904e+14 7.177436e+13 -1.100515e+14 2.844948e-01 2.899706e-02 -9.582390e-01 -5.625815e+00 0 489859
2.866701e+13 -1.016805e+14 1.337049e+14 4.394420e-01 -8.853504e-01 1.518069e-01 6.299155e+00 0 3219830
6.891528e+12 3.231289e+13 -1.677656e+14 6.217884e-01 6.304921e-03 -7.831599e-01 5.358940e+00 0 179097
1.506200e+14 -8.504225e+13 9.173008e+12 7.161520e-01 2.230092e-01 6.613570e-01 -8.410356e+00 0 469908
1.954544e+13 -2.659962e+13 -1.750630e+14 3.186568e-01 1.669514e-01 -9.330515e-01 8.223067e+00 0 1532509
3.549244e+13 -9.340250e+13 1.441633e+14 8.117067e-01 -5.387076e-02 5.815756e-01 1.895400e+01 0 12778791
-9.040017e+13 -6.444521e+13 1.517052e+14 -1.520618e-01 -3.990366e-01 9.042384e-01 1.399407e+01 0 13442957
-5.160642e+13 8.716845e+11 -1.684863e+14 -3.412338e-01 9.036463e-01 -2.588106e-01 1.372595e+01 0 1375367
1.408856e+14 -3.759220e+13 8.760643e+13 6.192324e-01 -6.703346e-01 4.089044e-01 5.943164e+00 0 1140023
1.327372e+14 -8.249353e+13 8.235618e+13 8.821413e-01 4.208916e-01 2.113692e-01 -1.122097e+01 0 4556057
7.839968e+13 9.448685e+13 1.226193e+14 4.990108e-01 3.338968e-01 7.996882e-01 1.340098e+01 0 3140324
1.153401e+14 -1.227610e+14 3.280986e+13 7.692183e-01 3.938629e-02 -6.377711e-01 -7.711968e+00 0 4625336
4.312143e+13 -4.270640e+12 1.727949e+14 9.636901e-01 8.038471e-02 2.546363e-01 -1.472562e+01 0 14707756
1.219369e+14 -1.117012e+14 3.871571e+13 7.682839e-01 -4.876492e-01 4.146542e-01 1.426496e+01 0 6041557
5.225954e+13 4.999060e+13 1.586639e+14 5.674327e-02 -9.143802e-02 9.941928e-01 1.005065e+01 0 450132
6.146133e+13 -1.339385e+14 1.030861e+14 8.692384e-01 -3.332567e-01 3.651911e-01 1.911783e+01 0 644330
3.067165e+13 8.076341e+13 -1.553426e+14 -3.129357e-03 9.805976e-01 -1.960065e-01 -1.505839e+01 0 963476
-7.137238e+13 -1.483049e+14 4.700448e+13 -7.813468e-01 -8.543365e-02 6.182219e-01 8.918951e+00 0 9588790
-3.336407e+13 -2.118230e+13 1.800158e+14 -3.749587e-01 4.839889e-01 7.906710e-01 -1.552876e+01 0 8116596
1.897807e+13 1.677504e+14 -3.209475e+13 9.681348e-01 1.807492e-01 -1.733344e-01 3.757211e+00 0 7736209
-1.329058e+14 4.004965e+13 -9.849582e+13 -7.539507e-01 1.268522e-01 6.445672e-01 -7.682402e+00 0 4045783
-3.147991e+13 -1.273320e+13 1.676849e+14 -2.248109e-02 -1.474636e-01 9.888120e-01 -1.267755e+01 0 3268833
-1.610008e+14 -4.342556e+13 6.598857e+13 -7.812783e-01 7.902128e-02 6.191606e-01 -1.380423e+01 0 1246986
1.188868e+14 -8.467275e+13 -8.953284e+13 7.774315e-01 -3.651301e-01 -5.121330e-01 -5.783031e+00 0 16673034
1.396067e+14 6.403163e+13 -7.998209e+13 -4.650026e-02 9.491463e-01 -3.113825e-01 1.267489e-01 0 132875
5.810886e+13 -1.286743e+14 1.102782e+14 6.636302e-01 -7.220770e-01 1.954474e-01 -1.754547e+01 0 3206653
1.126116e+14 7.420885e+13 1.059412e+14 4.468698e-01 8.181218e-01 -3.619171e-01 -1.839130e+01 0 3737781
9.690825e+13 -9.173310e+13 -1.144332e+14 3.536061e-01 5.408816e-01 -7.631578e-01 -6.789892e+00 0 711463
-4.889826e+13 -2.181286e+13 -1.994598e+14 1.117066e-01 4.193144e-01 -9.009423e-01 -1.575456e+01 0 1150759
-1.232927e+13 -1.638905e+14 -4.685930e+13 3.024327e-01 -9.384024e-01 -1.671390e-01 1.678029e+01 0 6029313
4.110804e+13 9.506748e+13 -1.347524e+14 6.903103e-01 2.326942e-02 -7.231391e-01 2.594428e+00 0 480613
1.290820e+12 -1.701375e+14 3.377943e+13 5.764243e-01 -6.378964e-01 5.107086e-01 -1.387611e+01 0 7841946
5.374014e+13 -1.405052e+14 9.566292e+13 -2.022066e-01 -7.154466e-01 6.687666e-01 -1.371604e+01 0 117316
9.231682e+13 -9.596413e+13 1.150706e+14 9.858249e-02 1.901585e-01 9.767913e-01 2.342532e+01 0 2958457
5.153281e+13 1.316996e+14 -1.043617e+14 4.613887e-01 4.790979e-01 -7.467166e-01 7.101073e+00 0 904796
-7.416039e+13 -1.582783e+14 -2.590855e+13 -6.221108e-01 -7.570888e-01 1.994860e-01 1.574667e+01 0 1179395
-1.065280e+14 1.013060e+14 9.490393e+13 -4.733709e-01 8.523031e-01 -2.224845e-01 -7.237961e+00 0 3791114
1.731837e+14 -4.494091e+12 1.248413e+13 8.793321e-01 3.209794e-01 3.517774e-01 -6.113482e+00 0 4377760
7.509131e+11 -2.738423e+13 -1.779015e+14 -4.419019e-01 -4.445610e-01 -7.791586e-01 -1.141143e+01 0 1952641
-6.790663e+13 -1.094588e+14 -1.638621e+14 -7.255151e-01 -4.925885e-01 -4.806084e-01 -1.607668e+01 0 9214378
7.674857e+13 -1.846991e+13 -1.542028e+14 -1.817205e-01 -6.571023e-01 -7.315697e-01 -1.835063e+01 0 12115172
-8.332694e+13 1.466666e+14 2.349193e+13 -9.450571e-01 1.003111e-01 3.111348e-01 3.657567e+00 0 2834014
-3.013152e+13 -1.660234e+14 5.215365e+13 -1.324372e-01 -9.911735e-01 5.954518e-03 -8.357504e+00 0 1654780
-1.716662e+13 -8.640558e+13 1.478388e+14 5.585217e-01 -4.414498e-01 7.022646e-01 1.079628e+01 0 9501934
1.353652e+14 7.393495e+13 -7.133157e+13 2.300035e-02 -7.510988e-02 -9.969100e-01 -8.214521e+00 0 1034205
-1.372999e+14 1.165524e+13 -1.072514e+14 -9.891122e-01 -7.762946e-02 -1.250227e-01 -1.188281e+01 0 126654
5.790397e+13 1.234964e+14 1.043805e+14 7.792427e-01 6.258735e-01 3.260583e-02 7.095328e+00 0 1710417
1.711541e+14 -2.616414e+12 -2.814188e+13 9.500845e-01 1.609446e-01 -2.672757e-01 1.508845e+01 0 5821004
6.880911e+13 1.413044e+14 -8.651999e+13 1.140813e-01 6.099632e-01 -7.841750e-01 -1.293931e+01 0 2693191
4.073097e+13 -1.623034e+14 3.238856e+13 7.362124e-01 -6.609504e-01 1.453821e-01 -2.637397e+00 0 578749
1.170571e+14 4.789089e+13 1.308136e+14 1.387224e-01 6.909334e-01 7.094838e-01 1.922174e+01 0 13015157
9.322837e+13 -1.431551e+14 1.327475e+13 2.546052e-01 -1.785807e-01 9.504131e-01 -8.839288e+00 0 580017
1.017647e+14 -6.632568e+13 -1.195450e+14 7.690090e-01 6.216028e-01 -1.491144e-01 1.285669e+01 0 19970878
5.082185e+13 -1.625882e+14 -1.652092e+13 5.977070e-01 -5.426679e-01 -5.901337e-01 -8.285359e+00 0 3270917
5.931614e+13 -1.338356e+14 -8.902471e+13 4.583670e-01 -3.778993e-01 -8.044201e-01 -6.982495e+00 0 476936
5.586317e+13 -6.122621e+13 -1.588304e+14 -1.421971e-01 -5.073678e-01 -8.499164e-01 1.893441e+01 0 5169709
1.206886e+14 1.059538e+14 -5.533675e+13 6.246132e-01 6.177153e-01 -4.777930e-01 -4.840627e+00 0 1025001
4.441001e+13 1.557459e+14 5.155622e+13 2.544840e-01 7.763986e-01 5.765788e-01 6.331275e+00 0 24175908
1.657692e+14 -2.945794e+13 3.417146e+13 8.994720e-01 -5.193157e-03 4.369474e-01 -6.561570e+00 0 683330
-5.879001e+13 1.522013e+14 4.913683e+13 -7.930733e-01 -1.662392e-01 5.860028e-01 1.662821e+01 0 18294978
8.089508e+13 -1.087924e+14 -1.024056e+14 2.908066e-01 -9.032756e-01 3.154754e-01 1.382862e+01 0 7562713
-7.057655e+13 9.776404e+13 1.208372e+14 -2.610947e-01 3.580702e-01 8.964459e-01 6.880011e+00 0 453911
-4.081363e+13 -1.503858e+14 6.747992e+13 -4.067567e-01 -9.095482e-01 8.527031e-02 -5.770985e+00 0 433414
7.788904e+13 3.682252e+13 -1.481567e+14 9.548682e-01 -1.342660e-01 -2.649515e-01 8.266454e+00 0 288428
-1.616798e+14 -5.385051e+13 -1.231848e+13 -8.246286e-01 -3.945999e-02 5.642965e-01 -7.229298e+00 0 414732
-1.736677e+14 -9.564883e+12 2.567463e+11 -8.775377e-01 -2.323126e-01 -4.194741e-01 -6.064936e+00 0 5
-9.638454e+13 -4.510316e+13 -1.371622e+14 -2.162930e-01 -9.546391e-01 -2.046498e-01 1.306891e+01 0 596495
-8.352037e+13 -1.597861e+14 5.771548e+13 1.010318e-01 -6.909409e-01 7.158165e-01 -1.075962e+01 0 2351664
-1.622707e+14 -5.115516e+13 -1.068941e+13 -5.335731e-01 -6.220463e-01 5.730254e-01 -3.827364e+00 0 1
-1.367388e+14 2.621396e+13 9.777687e+13 -6.356503e-01 -7.317434e-01 2.459680e-01 1.431820e+01 0 3110255
-3.375083e+13 -1.947449e+14 -1.718451e+14 -2.302179e-01 -7.168570e-01 -6.581153e-01 -1.757118e+01 0 7624465
9.144775e+13 4.182569e+13 -1.366831e+14 6.423065e-01 -2.866545e-01 -7.108246e-01 -6.656085e+00 0 419527
4.120539e+13 -1.159110e+14 -1.253282e+14 -9.660103e-02 -8.392570e-01 -5.350851e-01 -2.521196e+01 0 267530
-1.311004e+14 6.142373e+13 8.884750e+13 -4.019300e-01 6.299947e-01 6.644990e-01 7.368984e-01 0 654693
-3.102311e+13 1.637098e+14 -9.363063e+13 -1.526117e-01 3.478117e-01 -9.250604e-01 1.855207e+01 0 26738933
3.624703e+13 -1.270945e+14 1.092652e+14 -9.398871e-02 -9.664811e-01 2.389150e-01 5.089219e+00 0 10657576
1.171051e+14 1.061509e+14 7.176658e+13 6.512511e-01 9.487941e-02 7.529077e-01 1.438330e+01 0 5935264
8.877320e+13 3.717169e+13 -1.400396e+14 1.811273e-01 7.750752e-01 -6.053522e-01 6.304300e+00 0 2746724
-8.183229e+13 1.338223e+14 6.711073e+13 5.938451e-01 7.972682e-01 -1.082199e-01 6.124544e-01 0 7356402
-1.474177e+14 7.213004e+13 9.800318e+13 -9.946562e-01 6.506570e-02 -8.015899e-02 1.566360e+01 0 752758
-1.733151e+14 -9.662755e+13 4.290028e+13 -9.700705e-01 -1.754405e-01 -1.678803e-01 -1.773399e+01 0 17
-1.636946e+14 -2.400628e+13 -6.639268e+13 -5.576719e-01 8.274419e-01 -6.589377e-02 -1.951060e+01 0 6855366
-7.452548e+13 1.513932e+14 -4.284841e+13 -2.601139e-01 9.470522e-01 1.882360e-01 -1.969731e+01 0 2515010
1.418349e+14 -9.106028e+13 2.736756e+13 7.306827e-01 -6.293524e-01 2.646096e-01 -1.630628e+01 0 4007986
-1.066420e+13 1.713913e+14 4.193321e+13 -2.685982e-01 9.335567e-01 2.373330e-01 -6.001612e+00 0 1680314
3.052215e+13 9.810447e+13 1.369259e+14 8.831995e-01 3.876307e-01 2.640096e-01 -1.913796e+01 0 3893529
-1.634582e+13 -8.907924e+13 -1.494090e+14 -1.872767e-02 -7.784107e-01 -6.274760e-01 1.317585e+01 0 1010691
-1.364402e+14 1.782159e+13 -1.095262e+14 1.423626e-01 -5.617518e-01 -8.149649e-01 1.693668e+01 0 4278248
-9.891158e+13 1.054125e+14 -9.181922e+13 -1.952054e-01 8.431904e-01 5.009239e-01 4.316424e+00 0 6898155
-7.543497e+13 4.867627e+13 -1.755989e+14 -7.739654e-02 3.549452e-01 -9.316779e-01 1.054823e+01 0 477273
1.368579e+14 -2.484632e+13 -1.019922e+14 8.326539e-01 -6.557221e-02 -5.498980e-01 -8.837018e+00 0 1464463
-9.887885e+13 -4.715605e+12 -1.383252e+14 -4.689651e-01 -6.857209e-01 -5.566493e-01 -2.707859e+00 0 14106578
-1.077221e+14 1.249569e+14 -3.965128e+13 -9.095011e-01 4.074864e-01 -8.223529e-02 -7.885918e+00 0 148870
-1.705902e+14 2.736425e+13 4.493429e+13 -9.458137e-01 -1.879370e-01 -2.647945e-01 2.838907e+01 0 3204577
1.637185e+14 3.494203e+13 -3.318178e+13 7.137276e-01 8.785475e-02 6.948917e-01 -1.167292e+01 0 5615548
5.070568e+13 -1.769072e+13 1.609810e+14 5.591387e-01 -7.767173e-01 2.899555e-01 9.139932e+00 0 4810273
4.599052e+12 1.353856e+14 1.301823e+14 -5.726284e-01 2.667182e-01 7.752148e-01 1.558750e+01 0 15501078
-3.052267e+13 -1.665473e+14 1.096097e+13 -6.638946e-03 -9.996009e-01 2.745966e-02 -1.702208e+00 0 571406
-1.706362e+14 -4.642354e+13 -1.701631e+13 -7.708149e-01 -4.504248e-01 4.505128e-01 -1.050114e+01 0 6777549
-2.226144e+13 -7.282464e+13 -1.515586e+14 2.497676e-01 -9.193871e-01 -3.038809e-01 1.754170e+00 0 586767
1.011988e+14 1.467406e+14 3.792185e+13 -4.625875e-02 9.949663e-01 -8.889412e-02 1.835379e+01 0 6320031
1.590216e+14 -8.384854e+13 -3.881597e+13 5.991670e-01 -6.209779e-01 5.053567e-01 -1.396133e+01 0 7628105
5.947873e+13 -1.410420e+14 7.603448e+13 4.273390e-01 -8.807929e-01 -2.039246e-01 7.721964e+00 0 4786618
-1.326697e+14 -6.272928e+13 9.104705e+13 1.339709e-01 -3.060539e-01 9.425406e-01 1.201495e+01 0 8946180
6.143375e+13 -9.529581e+13 -1.264205e+14 7.921612e-01 5.020562e-03 -6.102913e-01 8.081775e+00 0 702782
1.139012e+14 9.373051e+13 -9.182780e+13 4.751009e-01 4.933524e-01 -7.286168e-01 1.407741e+01 0 4639863
-5.153165e+13 1.521186e+14 -1.206041e+14 -5.727307e-01 5.070961e-01 -6.440754e-01 1.964127e+01 0 2834639
-1.588824e+14 3.328241e+13 5.165478e+13 -3.545189e-01 -8.605709e-02 9.310803e-01 -3.124792e+00 0 1905887
1.576859e+14 3.723770e+13 5.060895e+13 7.010593e-01 -4.096436e-01 5.837020e-01 6.319641e+00 0 817362
6.015040e+13 -1.576376e+14 -2.381519e+13 2.650919e-01 -6.517424e-01 -7.106041e-01 -6.985806e+00 0 11978379
-1.356014e+13 -1.754007e+14 -1.381766e+13 -6.615084e-01 -6.189250e-01 4.234839e-01 -1.655990e+01 0 3144174
-1.247969e+14 9.869138e+13 -8.065523e+13 -5.102591e-01 5.272815e-01 -6.794188e-01 1.215223e+01 0 3291804
1.300958e+14 -3.939216e+13 -1.059702e+14 -2.179046e-01 -1.097355e-02 -9.759084e-01 8.883617e+00 0 623026
-1.241491e+14 -9.223241e+13 8.019307e+13 -9.738575e-01 -1.993797e-02 2.262831e-01 -2.351514e+01 0 5632380
-1.656192e+14 5.081833e+13 1.136183e+13 -7.078916e-01 2.910600e-02 -7.057211e-01 -1.017385e+01 0 326090
-9.524437e+13 6.136258e+13 1.264284e+14 -1.709860e-01 -7.913442e-01 5.869737e-01 -7.382769e+00 0 2026151
1.066451e+14 5.869141e+13 1.288647e+14 7.657479e-01 3.726111e-01 5.242052e-01 8.936980e+00 0 5588812
-1.186209e+14 1.270525e+14 4.416645e+13 -7.489610e-01 4.701595e-01 4.669126e-01 -1.172248e+01 0 4824849
-4.917300e+13 -1.499449e+14 6.999509e+13 -3.412898e-01 -5.919137e-01 7.301777e-01 -6.894667e+00 0 2206479
1.658494e+14 -3.586492e+13 -3.613428e+13 8.778432e-01 4.733439e-01 -7.305430e-02 1.890579e+01 0 2883600
-1.321508e+14 -6.759795e+13 9.961741e+13 -7.343684e-01 -5.722175e-01 3.650618e-01 -3.666821e+00 0 6212960
-9.264059e+13 6.034629e+13 -1.297581e+14 -6.406002e-01 5.736024e-01 -5.105014e-01 -7.534841e+00 0 2840324
-3.755138e+13 1.698184e+14 5.211672e+13 4.123413e-01 6.134634e-01 6.735260e-01 1.156706e+01 0 4732665
-7.167600e+13 1.317170e+14 -8.353004e+13 2.047724e-01 6.281160e-01 -7.506920e-01 -1.745144e+01 0 3186863
-2.913169e+13 1.568462e+13 -1.665621e+14 -1.525398e-01 7.574798e-01 -6.347881e-01 2.724430e+00 0 10970051
-6.097139e+13 -1.134974e+14 1.497292e+14 9.278183e-02 -5.339836e-01 8.403886e-01 -2.016223e+01 0 4947092
1.078013e+14 6.116533e+13 -1.188604e+14 -2.021883e-01 -4.078620e-02 -9.784970e-01 8.921499e+00 0 3376210
2.104060e+14 2.682629e+13 -9.783091e+12 9.953378e-01 -2.202617e-02 9.390206e-02 -3.063343e+01 0 2266207
-1.281757e+13 8.748968e+13 1.562671e+14 5.684440e-01 1.171169e-01 8.143434e-01 1.750905e+01 0 9447418
-1.005198e+14 1.360354e+14 2.495484e+13 -8.289952e-01 1.234678e-01 -5.454564e-01 1.158557e+01 0 3056590
4.980008e+13 -1.413414e+14 -7.953660e+13 7.870072e-01 -2.928228e-01 -5.430235e-01 2.036923e+00 0 963643
9.198225e+13 1.709730e+14 2.835947e+12 2.860519e-01 9.419195e-01 1.759601e-01 1.242523e+01 0 2215440
-5.505807e+13 -1.601766e+14 -6.842473e+13 -3.825554e-01 -9.151983e-01 1.267414e-01 -9.612993e+00 0 33276
-4.202916e+13 -1.436867e+14 -8.207708e+13 -1.261053e-01 -2.943014e-01 -9.473564e-01 -4.657795e+00 0 3780864
1.065843e+14 -8.794417e+13 -9.906099e+13 7.305328e-01 4.893385e-01 -4.763084e-01 -4.678790e+00 0 5638958
1.003023e+13 5.289776e+13 1.611172e+14 4.704597e-02 7.595998e-01 6.486870e-01 -2.885754e+00 0 11038963
-1.588787e+14 3.070325e+13 -7.751001e+13 -7.457818e-01 -4.063242e-01 -5.279301e-01 1.834556e+01 0 3747599
1.555639e+14 -1.016318e+13 8.437887e+13 9.162178e-01 -2.665686e-01 2.991424e-01 7.945065e+00 0 17755759
-1.693638e+14 5.117330e+13 3.636572e+13 -3.353917e-01 9.301335e-01 -1.495461e-01 9.398503e+00 0 4795036
-5.940084e+13 1.488218e+14 -5.765074e+13 -1.642031e-02 9.733387e-01 -2.287841e-01 -1.334325e+01 0 566494
-1.139574e+14 -9.412867e+13 -8.680262e+13 -7.650031e-01 2.096077e-01 -6.089622e-01 5.924578e-01 0 28
1.462163e+14 -2.399536e+13 -1.028145e+14 5.411804e-01 -6.368144e-01 -5.491731e-01 -1.967052e+01 0 493163
3.768735e+13 -1.383844e+14 -9.543355e+13 5.115133e-01 -7.809220e-02 -8.557195e-01 8.701034e+00 0 4248871
-1.044184e+13 -1.693148e+14 -1.796156e+12 -4.683552e-01 -5.635799e-01 -6.804566e-01 8.517233e-01 0 5781057
-1.542897e+14 -5.850591e+13 -4.479822e+13 -8.174286e-01 -1.189097e-01 5.636230e-01 1.334810e+01 0 15000256
-1.114101e+14 -7.136571e+13 -1.089502e+14 -5.151803e-01 -5.624507e-01 -6.467136e-01 1.022941e+01 0 2562205
-8.568743e+13 4.090624e+13 -1.443124e+14 -3.601226e-01 8.263729e-01 -4.329198e-01 -1.099290e+01 0 1385181
1.290003e+14 -9.392440e+13 6.026889e+13 5.906238e-01 -7.597534e-01 -2.719161e-01 -8.073011e+00 0 8459348
1.491420e+14 -6.956005e+13 -4.846549e+13 9.222341e-01 -2.063369e-01 -3.269699e-01 -7.777692e+00 0 10138068
-1.129627e+14 -9.662609e+13 8.242799e+13 -9.270631e-01 1.447966e-01 3.458149e-01 -8.126796e+00 0 256566
1.629182e+14 4.473652e+13 3.586403e+13 7.789936e-01 -3.360460e-01 5.293789e-01 -1.763891e+01 0 239600
1.429570e+14 4.353539e+13 -9.841874e+13 9.883464e-01 -1.433677e-01 -5.115827e-02 1.922812e+01 0 14294581
-1.363060e+14 -9.530445e+13 4.383376e+13 -3.984211e-01 -8.113071e-01 -4.278335e-01 -8.038077e+00 0 425944
-1.765322e+14 9.600566e+13 -5.786935e+13 -4.217274e-01 2.433408e-01 -8.734594e-01 -1.779413e+01 0 7031270
5.900259e+13 1.243947e+14 -1.087581e+14 4.881161e-01 4.407166e-01 -7.533336e-01 -1.121082e+01 0 141321
-1.590038e+14 3.774482e+12 8.511701e+13 -8.941797e-01 4.180385e-01 1.602704e-01 7.549831e+00 0 671850
-1.364700e+14 -1.015931e+14 2.061665e+13 -9.351902e-01 -1.120682e-01 -3.359465e-01 1.633441e+01 0 2770233
-5.783570e+12 1.687401e+14 -1.762757e+13 -8.745260e-01 4.546490e-01 -1.688153e-01 1.331280e+01 0 6927938
1.493479e+14 -8.641860e+13 -1.754335e+13 4.226857e-01 -8.537874e-01 3.039471e-01 5.753027e+00 0 21282835
1.673699e+13 1.377104e+14 -1.012786e+14 3.701103e-03 9.045124e-01 -4.264312e-01 1.351377e+01 0 6306156
1.523950e+14 -1.031959e+14 3.070652e+13 4.977502e-01 -2.281166e-01 8.367841e-01 1.173460e+01 0 2379280
1.280619e+14 8.366164e+13 7.445937e+13 5.903330e-01 6.273176e-01 -5.079169e-01 1.473600e+01 0 15455757
8.956682e+13 3.969518e+13 -1.470473e+14 3.282505e-01 -2.723513e-01 -9.044758e-01 -1.485172e+01 0 5270892
-1.537375e+14 -1.731175e+13 8.705176e+13 -9.935647e-01 -8.923035e-02 6.976541e-02 1.241120e+01 0 521030
-7.876492e+13 -1.413274e+14 -5.429109e+13 -6.470911e-01 -6.684497e-01 3.666716e-01 -7.277012e+00 0 40321969
2.073086e+13 9.151815e+13 -1.565478e+14 -6.307312e-01 2.513407e-01 -7.341703e-01 1.424194e+01 0 7870540
4.267191e+13 1.003852e+14 1.533061e+14 4.604929e-01 -1.262079e-01 8.786455e-01 1.067145e+01 0 1213655
-1.675186e+14 -3.448729e+13 -3.779012e+13 -8.073615e-01 -5.547942e-01 2.009247e-01 -5.086935e+00 0 15640620
-1.329760e+13 -1.443131e+14 -9.220801e+13 -4.773514e-01 -7.587743e-01 -4.431673e-01 9.946589e+00 0 473503
1.605261e+14 -5.476800e+13 -1.576283e+11 3.974588e-01 9.154801e-01 -6.263121e-02 5.487606e-01 0 7
1.307846e+14 -4.657416e+13 -1.066819e+14 9.246606e-01 -2.734338e-01 -2.650220e-01 -6.249434e+00 0 4765063
1.491960e+14 -8.072439e+13 1.399371e+13 1.951085e-01 -8.759177e-01 4.412492e-01 -1.472886e+01 0 2101691
-1.574834e+14 1.775309e+13 -6.130007e+13 -6.450298e-01 7.371324e-02 7.605938e-01 -6.618729e+00 0 504102
9.740903e+13 -4.108539e+13 1.329349e+14 6.182277e-01 -2.347417e-01 7.501272e-01 9.318123e+00 0 2297356
1.065381e+14 6.838522e+13 -1.137299e+14 9.887011e-01 -1.190695e-01 9.106328e-02 -1.653800e+01 0 678755
1.434919e+14 8.585490e+13 -3.461816e+13 8.915788e-01 4.143078e-01 1.828560e-01 -1.161486e+01 0 10408937
-1.417581e+14 6.286149e+13 6.900758e+13 -7.519944e-01 -5.924146e-01 2.890489e-01 1.790840e+01 0 3851228
1.399748e+12 -1.194696e+14 -1.211981e+14 1.791152e-01 -9.820825e-01 -5.858152e-02 -9.863647e+00 0 6247694
-9.091575e+11 -5.786596e+13 -1.597511e+14 5.475135e-01 1.016513e-01 -8.305997e-01 5.544433e+00 0 2085287
1.258511e+13 -1.547618e+13 1.694510e+14 9.032117e-01 3.463370e-01 2.534942e-01 1.781801e+01 0 21092859
-1.107563e+13 1.714410e+14 2.308289e+13 -8.247432e-01 5.651764e-01 1.934575e-02 1.501602e+01 0 1404497
-1.451822e+13 -1.757972e+14 2.620353e+13 -2.671581e-01 -9.192354e-01 2.891933e-01 1.842728e+01 0 20881540
-1.000447e+14 1.403977e+14 4.066250e+13 -7.364650e-01 5.543213e-01 3.877463e-01 1.745829e+01 0 930926
-2.171855e+13 5.658290e+13 -1.590071e+14 -3.108021e-01 1.146136e-01 -9.435390e-01 8.863932e+00 0 9898615
-9.381825e+13 -1.417901e+14 -1.446182e+13 -4.064293e-01 -9.136518e-01 -7.459703e-03 5.205125e+00 0 5312412
1.514722e+14 3.108887e+13 -7.401708e+13 6.197985e-01 7.730283e-01 -1.351926e-01 -6.319451e+00 0 714870
9.443531e+13 -5.670479e+13 -1.341014e+14 9.790552e-01 1.296495e-01 1.569776e-01 -1.182549e+01 0 5463976
6.701730e+13 -9.108080e+13 1.288721e+14 5.995924e-01 2.997714e-01 7.420418e-01 1.645928e+01 0 10245624
9.401397e+13 5.001165e+13 -1.335017e+14 -2.975342e-01 -3.441672e-01 -8.905180e-01 1.068164e+01 0 12772019
1.687243e+14 -6.084039e+12 -2.271843e+13 6.933365e-01 -6.907669e-01 2.052453e-01 -1.013163e+01 0 3393451
-4.748074e+13 -1.231488e+13 -1.674202e+14 4.249907e-01 -3.772128e-01 -8.228568e-01 -6.594083e+00 0 6821058
2.521849e+13 1.719003e+14 4.296316e+13 5.492659e-01 1.495705e-01 8.221531e-01 9.899463e+00 0 2427456
8.147926e+13 -1.101328e+12 -1.504306e+14 3.591572e-01 -5.535139e-01 -7.514177e-01 1.328152e+01 0 8670237
9.188453e+13 -4.698609e+13 1.350597e+14 2.509072e-01 2.887742e-01 9.239345e-01 7.830460e+00 0 1
-1.109998e+14 -6.111481e+13 1.151314e+14 -2.307751e-01 -9.708390e-01 -6.491984e-02 -5.364997e+00 0 37067423
-7.200510e+12 -1.598640e+14 -6.054718e+13 -4.801492e-02 -5.205189e-01 -8.524991e-01 -1.260885e+01 0 8191392
-6.180099e+13 -3.665861e+13 -1.569413e+14 3.560678e-01 -6.266731e-01 -6.931786e-01 -4.772930e+00 0 826109
1.514424e+14 8.234769e+13 -1.165836e+13 8.038848e-01 5.016062e-02 5.926661e-01 -1.318258e+01 0 2925246
-1.189684e+14 -9.667500e+13 8.429119e+13 -9.788100e-01 -1.672639e-01 -1.181257e-01 4.289201e+00 0 5
1.212297e+14 1.243498e+14 2.900115e+13 6.345860e-01 6.000432e-01 -4.870818e-01 1.063209e+01 0 268973
-2.853054e+13 1.478489e+12 -1.721445e+14 -7.874561e-01 2.734920e-01 -5.523722e-01 -2.127011e+01 0 7512065
9.637679e+13 1.438625e+14 1.769460e+13 6.061904e-01 7.898206e-01 -9.336312e-02 -9.235920e+00 0 7992927
-2.565688e+13 1.030849e+14 1.403394e+14 4.044835e-01 -2.323370e-01 8.845409e-01 -1.618486e+01 0 18896654
5.484881e+13 -1.475935e+14 6.316917e+13 -2.778820e-01 -1.643512e-01 9.464514e-01 -1.289181e+01 0 6465355
-5.839582e+13 1.624534e+14 1.182491e+12 -7.214404e-01 4.564586e-01 5.207392e-01 1.260789e+01 0 1925170
9.448632e+12 -1.565314e+14 -8.147473e+13 -6.436286e-01 -7.525840e-01 -1.391388e-01 -1.682867e+01 0 3366627
7.020159e+13 -7.949642e+13 1.336227e+14 -1.541136e-02 -5.444276e-02 9.983980e-01 -5.643511e+00 0 4997098
6.936829e+12 1.734573e+14 4.671065e+13 -8.720266e-02 9.926907e-01 8.343153e-02 1.343603e+01 0 5051510
-8.006377e+13 -1.490740e+14 -2.177626e+13 1.054392e-01 -8.939218e-01 4.356448e-01 -1.031673e+01 0 1398732
3.628094e+13 -1.675602e+14 5.464717e+13 4.886024e-01 -8.649092e-01 -1.148908e-01 1.178856e+01 0 1889747
6.851436e+12 -1.699828e+14 2.078028e+13 3.205518e-01 -9.408776e-01 -1.095260e-01 1.093174e+01 0 10523
-1.567171e+13 -7.533940e+13 -1.650097e+14 -5.112617e-02 -8.319036e-01 -5.525600e-01 1.890444e+01 0 12163399
9.825974e+13 -1.543185e+14 1.766750e+13 4.554493e-02 -9.927226e-01 -1.114790e-01 1.308494e+01 0 7804177
-4.166343e+13 -7.779145e+12 -1.645739e+14 4.164162e-01 3.644093e-01 -8.329486e-01 9.283064e+00 0 3761269
-3.747075e+13 -1.176621e+14 -1.191762e+14 -9.742819e-01 9.792722e-02 -2.029410e-01 1.099647e+01 0 818753
-1.670443e+13 1.286319e+14 -1.120765e+14 -3.810260e-01 -3.200495e-01 -8.674027e-01 1.782482e+01 0 776210
1.586250e+14 3.460185e+13 -4.909654e+13 8.688219e-01 -4.586965e-01 1.864029e-01 -9.695212e-01 0 6350329
-8.201340e+13 5.689649e+13 -1.378565e+14 -5.982987e-01 7.387258e-01 -3.103592e-01 -9.063238e+00 0 263278
-4.910921e+13 -1.563761e+14 -7.822418e+13 -8.846406e-02 -9.943485e-01 -5.869530e-02 -1.553667e+01 0 3838874
-8.161170e+13 2.477654e+13 1.487853e+14 -3.007143e-01 -8.549269e-01 4.226948e-01 -6.890527e+00 0 1698015
-1.170631e+14 -5.921567e+12 -1.243649e+14 -4.799137e-01 2.003625e-01 -8.541298e-01 9.982884e+00 0 1959998
3.938666e+12 -1.668406e+14 6.148529e+13 -1.557716e-01 -5.633952e-01 8.113699e-01 -1.760197e+01 0 52121
-1.202753e+14 -2.850365e+13 1.206946e+14 -7.726172e-01 3.053577e-01 5.566141e-01 -1.023255e+01 0 2003599
-1.269007e+14 7.721027e+13 1.658515e+14 -5.438161e-01 7.438012e-01 3.886178e-01 1.905880e+01 0 3085224
-1.459390e+14 -3.100135e+13 8.103388e+13 -7.632041e-01 -1.211060e-01 6.347069e-01 -2.863967e+00 0 724827
1.087212e+14 -1.546052e+14 1.045288e+14 4.470722e-01 -7.598323e-01 4.719972e-01 -1.519498e+01 0 1978090
6.232684e+13 -7.368674e+13 -1.421898e+14 1.422229e-01 2.989385e-01 -9.436145e-01 -5.190229e+00 0 593013
1.526811e+14 -6.251512e+13 -4.011213e+13 2.979158e-01 -8.523047e-01 -4.299102e-01 -1.785899e+01 0 1568817
1.041547e+14 5.808786e+13 1.233343e+14 7.098360e-02 9.412879e-01 3.300583e-01 1.871783e+01 0 1564866
8.738280e+12 7.850414e+13 1.511716e+14 -6.802031e-01 6.696081e-01 2.982428e-01 1.922433e+01 0 20726767
8.482561e+12 -1.323721e+14 1.171781e+14 3.102480e-01 -3.384977e-01 8.883499e-01 1.757981e+01 0 759609
7.328712e+13 -1.179656e+14 1.008267e+14 -9.459491e-02 -6.844079e-01 7.229368e-01 8.836169e+00 0 5237189
-6.563151e+13 7.369749e+13 -1.783316e+14 -5.816310e-01 4.106713e-01 -7.021784e-01 -1.879082e+01 0 18011545
-1.506439e+14 7.519179e+13 -3.083976e+13 -9.950721e-01 9.669146e-02 -2.196052e-02 1.584852e+01 0 28165211
3.284399e+13 1.384869e+14 1.290374e+14 4.797680e-01 6.689722e-01 5.677137e-01 1.787629e+01 0 2269182
-3.134130e+13 3.073311e+13 -1.647482e+14 -2.305761e-01 5.612118e-01 -7.949063e-01 5.644765e+00 0 733686
-1.255322e+14 3.558955e+13 1.095884e+14 -7.136392e-01 6.065160e-01 -3.505102e-01 7.921368e+00 0 409274
-8.186245e+13 -3.978014e+13 1.489211e+14 -4.124996e-01 -8.322873e-01 3.703268e-01 9.163708e+00 0 1115632
-1.047196e+14 -3.787476e+13 -1.413192e+14 -8.858526e-01 -3.974400e-03 -4.639497e-01 1.238846e+01 0 6713857
-1.221240e+14 5.505930e+13 1.230988e+14 6.217592e-02 3.467358e-01 9.358998e-01 1.070641e+01 0 3046753
-5.072779e+13 -1.254329e+14 -1.128901e+14 -6.664674e-01 -6.711586e-01 -3.246033e-01 -1.933229e+01 0 1604027
1.900514e+11 -4.776105e+13 -1.632375e+14 -1.106345e-01 7.531318e-01 -6.485002e-01 -6.498839e+00 0 667856
4.725514e+13 4.812026e+13 1.580139e+14 7.580217e-01 3.098750e-01 5.739169e-01 -1.188773e+01 0 1366980
-1.412145e+14 -9.939343e+13 -9.296534e+12 -3.789289e-01 -7.146482e-01 -5.879548e-01 -8.243035e+00 0 7077501
-9.475521e+13 1.892528e+14 1.273940e+13 -6.240286e-01 5.381658e-01 5.665385e-01 3.075454e+01 0 4459099
-6.423345e+13 9.922020e+12 -1.619041e+14 -3.914721e-01 -3.805485e-01 -8.378141e-01 7.810445e+00 0 4469341
-1.493729e+14 2.608729e+13 1.036243e+14 -8.039073e-01 3.337137e-02 5.938176e-01 1.132841e+01 0 1354509
-1.064156e+14 7.280237e+13 -1.151931e+14 1.730815e-01 5.476889e-01 -8.185840e-01 -1.948810e+01 0 2831215
-1.617445e+14 2.366014e+13 -1.231143e+14 -8.140441e-01 3.542848e-01 -4.602331e-01 -1.677917e+01 0 5135016
-6.799043e+13 -1.583384e+14 -1.899523e+12 -3.212828e-02 -8.250857e-01 5.640933e-01 7.937962e+00 0 426709
-7.111782e+13 -4.213010e+13 1.482208e+14 5.402178e-01 -5.503542e-02 8.397236e-01 -6.723812e+00 0 4017196
-6.216520e+13 4.680317e+13 1.520410e+14 -4.641648e-01 -2.552366e-01 8.481776e-01 1.287090e+01 0 3016770
-1.319875e+14 2.315135e+13 1.146830e+14 -3.482617e-01 -1.891119e-02 9.372066e-01 1.132564e+01 0 3204172
2.202491e+13 -9.365690e+13 1.402716e+14 -6.268819e-01 1.789363e-01 7.582881e-01 6.261336e+00 0 615139
-5.526288e+13 1.419079e+14 7.572162e+13 -1.318635e-01 2.086458e-01 9.690609e-01 -7.794329e+00 0 683476
8.970368e+13 2.020223e+13 1.432450e+14 -2.697255e-01 3.380344e-01 9.016545e-01 5.198057e+00 0 1977026
-4.652559e+13 1.346830e+14 9.203392e+13 -8.556381e-01 -1.663071e-01 4.901280e-01 -2.582340e+00 0 29495603
-7.410753e+13 -1.375255e+14 8.455920e+13 -4.644493e-01 -5.700239e-01 6.777607e-01 -2.118246e+01 0 3676548
-1.887755e+13 -1.346233e+14 -1.134612e+14 -5.034544e-02 -9.783145e-01 -2.009129e-01 -1.019337e+01 0 16943468
-1.117300e+14 1.274657e+14 1.029692e+13 -5.906543e-01 6.129117e-01 -5.248492e-01 -6.342608e+00 0 210738
-1.525043e+14 -7.590434e+13 5.653020e+13 -9.247492e-01 -3.074238e-01 2.243426e-01 1.296786e+01 0 5060192
1.771197e+14 2.207529e+13 5.700823e+13 8.001104e-01 5.724593e-01 -1.792029e-01 1.704115e+01 0 5321808
-1.679957e+14 5.437309e+12 -2.486835e+13 -8.703624e-01 4.604190e-01 -1.745957e-01 -1.377981e+00 0 5074778
-1.563451e+14 6.130379e+13 2.572932e+13 -7.525037e-01 4.952422e-01 4.341352e-01 4.705689e+00 0 3130200
-1.520378e+14 -2.996687e+13 8.245295e+13 -8.858600e-01 -3.995766e-01 2.357765e-01 1.018303e+01 0 11044352
8.654254e+13 4.239623e+13 2.111053e+14 6.028484e-01 2.839706e-02 7.973503e-01 -2.216698e+01 0 2167702
-6.889282e+13 1.567321e+14 9.287149e+12 -7.977863e-01 4.579460e-01 3.922020e-01 8.326507e+00 0 7131113
-6.553072e+13 1.474344e+14 -5.304351e+13 -5.472566e-01 7.984119e-01 -2.510949e-01 -6.852593e+00 0 6592199
