# 781 1.000000e+05 1.000000e+04 0.000000e+00 1.000000e+00 5.000000e-01
6.125295e+12 2.954685e+11 -5.993683e+12 7.173055e-01 1.777346e-02 -6.965321e-01 4.244026e+00 0 171323
1.405389e+12 -1.515142e+11 1.685131e+12 7.674165e-01 -1.171328e-01 6.303585e-01 4.216308e+00 0 200376
1.031120e+12 -5.923641e+10 -1.391417e+12 5.379638e-01 -7.581845e-01 -3.684445e-01 -1.073800e+01 0 3
1.427505e+12 1.041540e+11 1.128153e+12 7.955819e-01 5.343072e-01 -2.855961e-01 1.359236e+01 0 1
6.653660e+11 6.609048e+11 1.641101e+12 -3.307610e-01 1.705961e-01 9.281671e-01 -4.642258e-01 0 1
-2.485478e+12 -4.053691e+11 -1.086748e+12 -8.468077e-01 -1.762895e-01 -5.018353e-01 -2.397129e+00 0 110117
-4.950828e+11 5.917113e+11 -1.938760e+12 -6.255142e-02 6.774567e-02 -9.957398e-01 -2.030335e+00 0 77703
3.190233e+12 -1.838203e+12 2.514637e+12 8.821163e-01 -1.968775e-01 4.279136e-01 1.562687e+01 0 1
-5.913088e+11 5.844492e+11 1.484807e+12 -9.905088e-01 9.912731e-02 9.521612e-02 7.844065e+00 0 2662
-1.119382e+12 9.428694e+10 1.964234e+12 -4.282107e-01 7.375711e-01 5.221345e-01 -1.139642e+00 0 1
-7.029365e+10 -3.459168e+12 -2.275114e+12 1.002379e-01 -8.613117e-01 -4.980909e-01 1.239741e+01 0 2
9.313785e+12 -1.570694e+12 -4.844710e+11 9.998989e-01 -3.661962e-05 -1.421751e-02 7.058170e-01 0 1
-1.408222e+12 -8.789169e+11 9.185257e+12 -2.206070e-01 -2.132436e-01 9.517666e-01 -6.403838e+00 0 1
1.050090e+13 1.619061e+12 -4.570135e+12 9.155577e-01 2.069823e-01 -3.448368e-01 -3.667310e-01 0 1
-5.426614e+11 -3.538002e+11 -1.677996e+12 5.773183e-01 -2.377542e-01 -7.811380e-01 -1.277643e+00 0 244298
-6.431583e+11 2.210089e+12 7.891380e+11 -3.210055e-01 8.858104e-01 3.351050e-01 -2.200526e+00 0 21615
-5.919946e+12 -3.702655e+12 6.029379e+12 -7.160015e-01 -3.027936e-01 6.290135e-01 -1.782139e+01 0 1
-1.522148e+12 1.464087e+12 1.950557e+12 -5.108200e-01 8.301002e-01 2.235991e-01 1.022075e+00 0 2
1.927712e+12 -3.606103e+12 1.537522e+12 2.959914e-01 -8.383395e-01 4.577948e-01 -7.698367e+00 0 95829
-1.639288e+12 2.326937e+12 -5.803262e+11 -3.510607e-01 8.330765e-01 -4.274809e-01 5.874830e+00 0 1
-7.644066e+11 9.685445e+10 -2.437256e+12 -7.741934e-01 7.013776e-02 -6.290511e-01 -2.921389e+00 0 13042
-9.819029e+11 1.096542e+12 -8.633537e+11 -9.360518e-01 3.206675e-01 -1.448426e-01 8.096359e+00 0 12424
1.975096e+12 2.149302e+12 4.258175e+12 1.758884e-01 2.959964e-01 9.388554e-01 5.447022e+00 0 42075
7.045504e+11 1.630706e+12 -1.255982e+12 3.566371e-01 6.712000e-01 -6.498465e-01 -8.269401e+00 0 2
5.924032e+12 1.531431e+13 1.043682e+13 3.684643e-01 7.847642e-01 4.983766e-01 1.268389e+00 0 1
2.106408e+12 1.157670e+12 4.512681e+11 8.508495e-01 3.784482e-01 -3.644614e-01 1.994402e+00 0 162826
-1.133345e+13 -5.609281e+12 4.117771e+12 -8.648824e-01 -3.744760e-01 3.342847e-01 4.657248e+00 0 1
-2.613231e+11 -2.261528e+12 6.375397e+11 -6.408571e-01 -6.970501e-01 3.215949e-01 -2.670737e+00 0 2
-1.591276e+12 1.328234e+12 -1.612025e+12 -3.981185e-01 2.887823e-01 -8.706931e-01 -3.989630e+00 0 2
3.885101e+11 -5.478580e+12 3.288417e+12 -5.170722e-02 -8.735755e-01 4.839341e-01 -1.432502e+01 0 2
8.925333e+11 -1.516467e+12 -7.783190e+11 8.004523e-02 -8.507148e-01 -5.194969e-01 -1.097629e+01 0 277575
1.069093e+12 1.347229e+12 1.686008e+12 6.412570e-01 7.656450e-01 5.076590e-02 3.652627e+00 0 212039
-5.787185e+10 -9.944782e+11 1.602522e+12 -7.837601e-01 -5.445362e-01 2.986644e-01 -1.072030e+01 0 698960
1.205549e+12 1.162535e+12 1.103908e+12 1.143120e-01 7.114574e-01 6.933694e-01 3.241741e+00 0 252362
8.949106e+12 -1.896607e+12 1.580047e+13 4.943526e-01 -1.711540e-01 8.522452e-01 4.286698e+00 0 1
-1.593298e+12 -1.479211e+12 5.409150e+11 -8.632593e-01 -2.490136e-01 4.390622e-01 -1.236047e+01 0 2
-3.494746e+12 4.636697e+12 1.552647e+12 -4.472677e-01 8.616245e-01 2.399058e-01 -3.355141e-01 0 1
-1.482096e+13 -1.762794e+12 -1.089749e+13 -8.073259e-01 -1.762269e-01 -5.631776e-01 -2.511260e+00 0 1
4.649796e+10 -6.127546e+11 -1.613986e+12 9.572186e-02 2.411642e-01 -9.657521e-01 -7.038219e-01 0 363933
-2.003703e+12 2.238793e+12 -1.920020e+12 -3.342312e-01 4.998857e-01 -7.990017e-01 1.761847e+00 0 1
1.015775e+12 -1.372035e+12 -5.594092e+11 3.285892e-01 -7.111106e-01 6.215713e-01 -4.169600e+00 0 39449
-2.566874e+12 1.260831e+12 -3.660694e+12 -3.915574e-01 3.718916e-01 -8.416528e-01 1.064141e+00 0 1
-1.079566e+12 7.418154e+11 -1.106652e+12 -8.845813e-01 -1.551404e-01 -4.398266e-01 3.909071e+00 0 104446
2.134468e+11 8.668755e+10 -2.062946e+12 4.517818e-01 -5.889922e-02 -8.901821e-01 2.847046e+00 0 95668
3.097862e+11 1.621450e+12 1.107432e+12 5.180520e-01 2.909225e-01 8.043545e-01 -1.697893e+01 0 1
1.886290e+12 -1.075167e+12 -5.189153e+11 4.096562e-01 -8.764053e-01 2.531712e-01 -2.977315e+00 0 2
1.208604e+12 -2.174662e+12 -2.732057e+12 5.685403e-01 -4.963227e-01 -6.560684e-01 1.268632e+00 0 433533
-7.948405e+11 -2.002826e+12 -1.258345e+11 -5.333522e-01 -5.367012e-01 6.538251e-01 1.049048e+00 0 1
-2.174622e+12 -5.615976e+11 8.874003e+09 -7.525836e-01 -1.996726e-01 -6.274941e-01 -6.072406e+00 0 13405
-1.387343e+12 -2.078793e+12 -8.786562e+10 -4.320613e-01 -8.000452e-01 -4.162339e-01 6.496782e+00 0 101694
-7.542487e+11 7.986979e+10 4.941358e+12 -7.019005e-02 -1.194726e-01 9.903533e-01 2.523454e+00 0 49089
2.218551e+12 2.812589e+12 -5.010539e+12 4.002945e-01 3.355496e-01 -8.527431e-01 -1.383825e+01 0 1
1.647902e+12 -2.055334e+11 3.512625e+11 9.676842e-01 -2.161109e-01 -1.299360e-01 -1.096459e+00 0 110328
-1.403961e+12 1.823589e+12 2.318346e+12 -4.520847e-01 5.409811e-01 7.091960e-01 -2.779939e+00 0 7477
-1.706298e+11 -1.504852e+12 -1.491175e+12 -1.162707e-01 -9.931868e-01 -7.818693e-03 -4.925045e+00 0 22107
1.255069e+12 1.056374e+12 8.632374e+11 5.085189e-01 8.589913e-01 5.951916e-02 1.048081e+00 0 1
-1.068563e+12 1.738061e+12 -6.454412e+11 -5.426074e-01 8.358441e-01 8.331761e-02 -2.021223e-01 0 114177
-1.063088e+12 -1.477079e+12 -1.891933e+12 -1.363379e-01 -3.266108e-01 -9.352740e-01 4.185073e+00 0 93308
6.357489e+11 1.717879e+12 -1.984921e+12 6.464916e-01 5.118925e-01 -5.656984e-01 -3.059588e+00 0 62058
-9.281486e+09 -6.154281e+11 -1.756646e+12 -7.267227e-01 -1.139654e-02 -6.868364e-01 -1.105553e+00 0 325199
-2.319442e+12 -2.336292e+12 -5.869475e+12 -1.585839e-01 -3.945363e-01 -9.050924e-01 1.612152e+01 0 1
-1.245076e+11 -4.685324e+12 -2.998740e+12 2.320548e-01 -8.448657e-01 -4.820295e-01 -2.087188e+00 0 1
-1.978603e+11 1.755028e+12 -5.611994e+10 -3.487957e-01 9.186709e-01 -1.854327e-01 1.709027e+00 0 197815
4.364343e+11 -2.675434e+12 4.029968e+12 2.020285e-01 -7.485151e-01 6.315929e-01 -3.652858e+00 0 1
-1.015000e+12 5.154642e+11 1.943594e+12 -5.625671e-01 2.418197e-01 7.905957e-01 4.737702e+00 0 2
2.096626e+12 -4.895966e+12 7.080263e+11 3.952510e-01 -9.185613e-01 4.661474e-03 4.956550e+00 0 3
-2.894620e+12 -7.522346e+11 -3.509840e+12 -6.620811e-01 2.379410e-02 -7.490543e-01 3.112253e+00 0 1
1.002166e+12 1.824515e+12 8.128538e+11 4.669473e-01 8.710294e-01 1.525387e-01 -5.284160e+00 0 17635
3.801673e+12 1.737750e+12 8.191041e+10 9.214768e-01 2.834265e-01 -2.656123e-01 2.768771e+00 0 3
4.320085e+12 -2.040013e+11 1.277422e+12 8.392512e-01 1.668402e-01 5.175149e-01 1.057311e+01 0 8321
1.736279e+12 4.475588e+10 2.671721e+12 8.254018e-01 -1.587093e-02 5.643226e-01 5.295723e+00 0 2
1.118471e+12 -1.084600e+12 -1.420208e+12 4.996927e-01 -3.420377e-01 -7.958124e-01 -1.979593e+00 0 52194
-2.183956e+12 -5.214935e+11 6.710396e+11 -9.132719e-01 3.635911e-01 1.836736e-01 -1.391513e+01 0 497398
3.537481e+12 -7.104458e+10 -4.557028e+12 6.382354e-01 2.182816e-01 -7.382470e-01 -3.006286e+00 0 1
-2.778630e+11 -1.993162e+12 1.442217e+11 3.534180e-01 -8.873038e-01 -2.962899e-01 4.870508e+00 0 2
2.553701e+12 2.751003e+11 -1.580988e+12 8.696648e-01 -5.893146e-02 -4.901124e-01 7.007075e-01 0 1
-7.929345e+11 1.288586e+12 7.727760e+11 3.391758e-01 7.272067e-01 -5.967664e-01 -9.236174e+00 0 213
-7.767737e+11 -1.028133e+12 1.171039e+12 -2.364225e-01 -8.617421e-01 4.488930e-01 4.610389e+00 0 3409
-1.422465e+12 -8.969784e+11 8.191098e+11 -3.064306e-01 -2.626381e-01 9.149435e-01 -2.523284e+00 0 16417
-1.585806e+10 -3.913552e+11 -1.653506e+12 -9.234616e-01 -3.321877e-01 -1.920157e-01 -1.141668e+00 0 10388
-1.609923e+12 1.165346e+12 -6.864588e+11 -9.252954e-01 -8.385376e-02 -3.698608e-01 1.415129e+01 0 29656
1.182508e+12 4.959763e+11 1.202613e+12 1.617011e-01 4.443007e-01 8.811638e-01 1.155697e+00 0 241842
2.408094e+12 5.609844e+11 3.032827e+11 7.726964e-01 -2.963240e-01 5.613665e-01 -1.407145e+01 0 4855
-1.471625e+12 -1.612354e+12 -3.377084e+12 -3.005703e-01 -4.594481e-01 -8.358020e-01 -3.665613e+00 0 1
-1.407240e+12 -9.454524e+11 1.327934e+11 -9.537839e-01 9.132460e-02 -2.862798e-01 -1.055066e+01 0 49755
8.345984e+11 -1.878751e+12 1.605495e+11 5.328263e-01 -8.457738e-01 2.761669e-02 -2.221673e-01 0 147253
2.849804e+12 -9.220140e+11 8.465621e+11 8.207245e-01 -4.634257e-01 3.341377e-01 -9.794847e+00 0 3
1.969371e+12 4.428512e+11 1.923301e+12 5.519883e-01 -1.139899e-01 8.260237e-01 3.977551e+00 0 1
-5.406011e+11 1.229586e+12 -1.184335e+12 6.414562e-01 5.269092e-01 -5.575846e-01 -6.030100e+00 0 26897
-3.634592e+12 3.608867e+12 2.873780e+12 -5.588737e-01 6.257154e-01 5.441878e-01 2.833580e+00 0 41953
1.419634e+12 -1.379771e+12 1.773607e+12 3.183752e-01 -3.863012e-01 8.656839e-01 2.375171e+00 0 3
-1.619698e+12 2.453524e+11 -1.525122e+12 -3.118487e-01 3.050743e-01 -8.998222e-01 -1.048169e+01 0 2
-1.739628e+12 -1.798787e+12 1.527673e+12 -6.843036e-01 -7.248110e-01 7.986031e-02 6.306850e+00 0 1
-1.607462e+12 -1.639040e+12 -1.899918e+12 -6.377540e-02 -7.688316e-01 -6.362630e-01 -1.376375e+00 0 1
2.339582e+11 1.476265e+12 2.760595e+12 -3.081213e-02 5.899522e-01 8.068500e-01 6.157347e+00 0 46572
-3.187975e+12 1.827594e+11 -8.703762e+11 -9.313519e-01 -3.240145e-01 -1.661271e-01 5.600088e+00 0 1
-9.341855e+11 1.442647e+12 1.105568e+12 -7.962879e-01 5.511749e-01 2.492626e-01 2.560748e+00 0 78307
-1.677937e+12 -8.338452e+11 1.306095e+11 -8.592645e-01 1.330239e-01 -4.939324e-01 -1.368928e+01 0 73574
8.092951e+11 1.243694e+12 2.380221e+12 2.261969e-01 3.123375e-01 9.226485e-01 4.671273e+00 0 1
2.002911e+11 -7.818876e+12 1.903298e+11 -2.512167e-03 -9.997635e-01 -2.160363e-02 -9.593831e+00 0 134509
1.619430e+12 4.869720e+11 3.535032e+11 6.442326e-01 -3.690406e-01 -6.699055e-01 -1.163246e+01 0 84617
4.252359e+12 4.933290e+11 2.522524e+12 7.870316e-01 -4.645355e-02 6.151612e-01 -9.546897e+00 0 120192
-1.580631e+12 5.130153e+10 -1.189648e+12 -9.018328e-01 1.009521e-01 -4.201264e-01 1.779298e+00 0 67365
2.396262e+11 -5.511120e+11 -1.683864e+12 -5.882867e-02 -9.453219e-01 -3.207892e-01 2.866465e+00 0 1
-1.146300e+12 -3.977780e+12 -9.594061e+11 -4.126478e-01 -8.029682e-01 -4.300743e-01 -4.657057e+00 0 83297
1.237598e+12 -1.000009e+12 1.878038e+12 2.457005e-01 -5.508896e-01 7.975913e-01 -9.834973e+00 0 1
-2.451722e+12 2.936655e+12 -7.208647e+11 -6.161575e-01 7.381920e-01 -2.746316e-01 2.263034e+00 0 242082
-1.058474e+12 2.250875e+12 5.471841e+12 -2.813209e-01 2.680570e-01 9.214141e-01 -3.572714e+00 0 368983
-1.687696e+12 -3.265608e+11 4.900842e+11 -2.436977e-01 -6.596545e-01 7.109623e-01 1.441534e+01 0 11262
-6.515622e+11 1.730847e+12 -9.116150e+11 -4.909273e-01 8.703465e-01 3.856606e-02 -3.628535e+00 0 1
1.987519e+11 2.892480e+12 -2.959743e+11 1.176433e-01 9.451574e-01 -3.046926e-01 -1.171571e+01 0 1
-1.005236e+12 -5.803082e+11 -2.784303e+12 -1.469522e-01 -8.262865e-03 -9.891091e-01 -6.484318e+00 0 1
-7.729601e+11 4.023523e+12 2.344825e+11 -4.120996e-01 9.024378e-01 1.256181e-01 1.433480e+01 0 1
2.754233e+12 -4.082240e+13 1.640695e+12 5.036965e-02 -9.967381e-01 6.305627e-02 3.900119e+00 0 1
2.988476e+12 -1.816057e+12 2.487326e+11 9.640170e-01 -1.979850e-01 -1.774069e-01 6.296031e-01 0 1
-8.119077e+11 -7.240855e+11 1.892159e+12 2.372024e-01 -6.962659e-01 6.774576e-01 5.026967e+00 0 37764
-6.611708e+12 3.643515e+12 7.206213e+11 -9.170766e-01 3.952198e-01 5.264800e-02 1.772571e+01 0 1
2.898612e+12 -1.230186e+12 -7.220293e+11 9.239339e-01 -3.347165e-01 -1.852323e-01 -4.025121e+00 0 60743
-6.049709e+12 1.376659e+12 2.106712e+12 -9.069376e-01 3.486983e-01 2.363764e-01 -1.393479e+01 0 1
1.444909e+12 8.501037e+11 -2.621210e+11 -5.616451e-02 4.928428e-01 -8.683038e-01 9.373299e+00 0 40338
-1.362170e+12 -9.762027e+11 3.802421e+11 -2.036985e-02 -8.917971e-01 -4.519768e-01 1.258324e+01 0 167912
-4.234571e+11 -7.862595e+11 -1.497492e+12 -4.609504e-01 2.292338e-01 -8.573078e-01 -8.036902e+00 0 135368
-1.696793e+12 -6.845636e+11 6.378351e+11 -9.985035e-01 2.884246e-02 -4.646413e-02 -1.020329e+01 0 526300
-4.661488e+11 4.153407e+12 1.915873e+12 1.116345e-01 9.087686e-01 4.020912e-01 1.280433e+00 0 1
-2.271598e+12 -2.158766e+11 9.115000e+11 -8.876690e-01 -2.325172e-01 3.974664e-01 -3.386308e+00 0 194378
4.494583e+11 -3.763445e+12 -4.091235e+12 2.890241e-01 -7.627322e-01 -5.785367e-01 -2.740733e+00 0 1
4.460353e+11 -1.208554e+12 2.316151e+12 1.726339e-01 -2.501278e-01 9.526981e-01 -2.737825e+00 0 52247
5.825444e+11 -1.792746e+12 -4.135851e+12 -1.344341e-01 -5.036581e-01 -8.533792e-01 -1.618919e+01 0 1
-3.955060e+12 3.761675e+12 -8.681760e+11 -5.391775e-01 7.826006e-01 -3.111655e-01 -8.579906e-01 0 1
4.406615e+11 1.622341e+12 -1.493606e+12 -4.531845e-02 8.986091e-01 -4.364035e-01 1.125488e+01 0 3
2.867215e+12 2.169841e+12 -2.052139e+12 8.854207e-01 4.208070e-01 -1.973616e-01 -4.932272e-01 0 2
6.327369e+11 -1.582284e+12 -5.172818e+11 -4.104386e-01 -5.186971e-01 -7.499956e-01 -2.857894e+00 0 2
-8.619806e+12 3.953700e+12 -5.555205e+12 -7.201227e-01 4.123076e-01 -5.580554e-01 -1.666783e+01 0 2
1.503843e+12 -7.830085e+11 -2.828192e+11 7.250694e-01 -5.768211e-01 -3.762336e-01 2.241525e+00 0 33887
1.090763e+11 1.676487e+12 -7.358929e+11 -6.874151e-02 8.617054e-01 -5.027310e-01 4.696912e+00 0 204420
5.090753e+11 9.559392e+11 1.628801e+12 5.680721e-01 -8.327129e-02 8.187551e-01 -8.956768e+00 0 1
1.831066e+12 -1.598149e+11 1.531405e+11 5.640564e-01 -6.818416e-01 4.657600e-01 -1.450172e+01 0 1
1.372814e+12 -4.771528e+11 -1.168931e+12 5.826266e-01 -7.048093e-01 -4.047098e-01 -3.353747e+00 0 27693
1.932658e+12 3.764172e+12 3.130139e+12 2.983837e-01 5.590757e-01 7.735642e-01 -5.941358e+00 0 1
-4.029986e+09 -1.078964e+12 3.669812e+12 2.122308e-01 -5.688619e-01 7.945781e-01 -3.857030e+00 0 1
1.314744e+12 -1.089846e+12 2.373914e+11 9.363554e-01 1.611331e-01 3.118889e-01 1.615382e+01 0 1
2.027961e+12 -7.898930e+09 -7.537376e+11 7.510110e-01 1.142445e-01 -6.503312e-01 -2.965794e+00 0 47202
-2.267085e+12 9.271923e+10 6.260599e+11 -8.779182e-01 -4.465116e-01 -1.728785e-01 1.620899e+01 0 1
2.150587e+12 1.494962e+12 -1.302760e+11 6.110808e-01 6.853997e-01 3.959893e-01 2.699696e+00 0 197888
-4.700070e+11 -1.498834e+12 -2.841667e+12 -4.198693e-01 -5.854463e-01 -6.935146e-01 2.593295e+00 0 1
-1.633968e+12 -1.995312e+11 -7.906513e+11 -3.401760e-01 1.687428e-02 -9.402104e-01 -5.069188e+00 0 188571
3.421147e+11 -3.157275e+12 -1.837970e+12 2.151684e-02 -6.954581e-01 -7.182444e-01 -1.079330e+01 0 1
-4.307715e+10 1.120539e+12 1.309532e+12 -9.225927e-01 6.397316e-02 3.804341e-01 5.773157e+00 0 399470
1.211346e+12 -1.262772e+11 -1.188175e+12 7.011368e-01 -5.154575e-01 -4.926568e-01 -3.872773e+00 0 88456
1.529381e+12 -3.265205e+11 1.213834e+12 8.792856e-01 -3.735816e-01 2.954550e-01 1.339721e+00 0 1
-3.863398e+11 5.251896e+11 2.004409e+12 -3.927803e-02 7.256410e-01 6.869515e-01 2.274864e+00 0 137720
-7.645949e+11 6.384361e+11 -1.723340e+12 -2.214195e-01 7.811551e-02 -9.720449e-01 4.146672e+00 0 26779
1.717177e+12 6.061322e+10 -1.018021e+12 9.000115e-01 -4.358399e-01 4.778447e-03 -2.527384e+00 0 1
-7.324142e+11 -2.042863e+11 -1.531230e+12 -2.777507e-01 1.139716e-01 -9.538685e-01 -2.109754e+00 0 17423
-5.402241e+11 -4.309298e+12 -8.566696e+11 9.835365e-02 -9.943421e-01 -4.013024e-02 1.810594e+01 0 1
1.053848e+11 2.221849e+12 -2.795978e+11 3.597453e-01 8.990101e-01 2.497281e-01 -9.677913e+00 0 39891
3.731420e+09 -1.824146e+12 3.204506e+10 -2.673474e-01 -9.567762e-01 1.144757e-01 -1.586997e+00 0 2
2.478959e+12 9.823050e+11 -2.090968e+12 4.697713e-01 1.180641e-01 -8.748576e-01 6.600570e+00 0 1
5.138925e+11 -2.287442e+12 -2.258503e+12 2.725728e-01 -6.138463e-01 -7.408757e-01 5.830766e+00 0 132810
1.192910e+12 -2.079218e+12 -1.351345e+12 7.997419e-01 -3.568304e-01 -4.827887e-01 2.381718e+01 0 2
4.328906e+12 2.965760e+12 -1.814894e+12 7.973210e-01 3.008953e-01 -5.232028e-01 -1.617995e+01 0 1
-1.179318e+12 -2.759797e+12 1.737335e+11 -2.130508e-01 -9.552848e-01 -2.050375e-01 9.311454e+00 0 1
-1.483170e+12 -8.910020e+11 -3.497589e+12 -4.408781e-01 -4.722637e-01 -7.632781e-01 -2.216803e+00 0 40796
9.029391e+11 1.546544e+12 2.691003e+12 5.742865e-01 5.518804e-01 6.046677e-01 -1.031811e+01 0 3
-1.370484e+12 1.136904e+12 -1.152733e+12 -7.831661e-01 3.486902e-01 -5.148455e-01 9.583742e+00 0 229125
-1.977136e+12 1.825758e+12 4.713566e+12 -3.330304e-01 5.200738e-01 7.865202e-01 -3.907762e-01 0 50840
1.941785e+12 -3.557353e+11 -4.922829e+12 4.242837e-01 -2.567019e-01 -8.683821e-01 -6.749911e-02 0 4
-1.347675e+12 4.816949e+12 2.377831e+12 -8.314636e-02 8.552840e-01 5.114449e-01 -2.156671e-01 0 1
-1.495291e+11 -1.255496e+12 1.908073e+12 4.159059e-02 -1.842925e-01 9.819911e-01 -3.932351e+00 0 15381
-6.319813e+11 1.492623e+12 5.640013e+11 -2.198489e-01 8.449124e-01 -4.876367e-01 -6.297820e-01 0 20949
-5.754554e+11 4.844927e+12 2.083632e+12 6.050731e-02 9.374657e-01 3.427783e-01 -1.419069e+01 0 953376
-1.595743e+11 -1.764626e+12 -3.351015e+12 1.917082e-01 -4.482774e-01 -8.730953e-01 -7.721407e-01 0 5201
7.811989e+11 -8.662260e+12 -4.588502e+12 9.809088e-02 -8.819297e-01 -4.610620e-01 -3.151323e+00 0 3
-6.753687e+11 -9.310679e+11 2.080930e+12 -5.597036e-01 -2.755111e-01 7.815532e-01 1.175251e+00 0 214695
-6.875037e+11 -1.265110e+12 1.229811e+12 1.186729e-01 -7.639976e-01 6.342117e-01 1.061300e+01 0 68814
5.647167e+12 -8.518401e+10 1.106536e+12 9.816830e-01 1.079543e-01 1.569852e-01 1.200868e+01 0 2
2.373921e+12 -1.992850e+12 1.106559e+12 4.981471e-01 -7.331309e-01 4.629995e-01 -9.931239e+00 0 1
-3.094039e+12 -8.486755e+11 9.692915e+11 -9.265718e-01 -3.549597e-01 1.243717e-01 7.369738e+00 0 57224
4.742951e+11 2.410313e+12 -1.083577e+12 4.348354e-01 6.801914e-01 -5.901337e-01 -1.258412e+01 0 1
1.452508e+12 -1.948877e+11 9.007752e+11 4.138753e-01 -6.695347e-01 6.167905e-01 -1.062562e+01 0 376473
3.474333e+10 -5.921621e+11 -1.628145e+12 5.086708e-01 5.623600e-01 -6.519243e-01 6.005934e+00 0 146663
-4.622364e+11 2.486025e+12 -1.597403e+12 -2.839941e-01 8.992562e-01 -3.326946e-01 -6.813440e+00 0 5
5.951653e+12 5.981470e+11 1.846508e+12 9.024740e-01 1.796100e-01 3.915112e-01 -2.836690e-01 0 1
-9.221429e+11 -9.418630e+12 -2.144903e+11 -6.342572e-02 -9.883684e-01 -1.382209e-01 -1.001673e+01 0 1
1.149135e+12 1.376946e+12 1.624950e+11 4.749562e-01 8.387325e-02 8.760034e-01 -1.087907e+01 0 259448
3.721676e+12 -4.077985e+12 -4.578159e+11 7.470267e-01 -6.467637e-01 1.537783e-01 1.042703e+01 0 1
6.900578e+11 2.647281e+11 1.661585e+12 -5.996009e-02 3.366587e-01 9.397157e-01 7.867310e+00 0 1
-3.700040e+10 1.926159e+11 -1.882015e+12 -5.627535e-01 3.564866e-01 -7.458055e-01 4.246531e+00 0 6699
8.058302e+11 -1.113063e+12 1.477171e+12 3.499640e-01 -5.314774e-01 7.713993e-01 4.084516e+00 0 1
1.394707e+12 -8.529676e+11 1.859211e+12 3.054677e-01 -2.840647e-01 9.088436e-01 -6.029384e+00 0 94163
4.651170e+11 2.519986e+12 3.157686e+12 2.872525e-03 5.988198e-01 8.008787e-01 6.172872e+00 0 188051
4.672784e+12 5.068828e+12 1.801125e+12 7.782195e-01 5.777577e-01 2.461108e-01 -2.010005e+01 0 1
7.446559e+11 -1.457957e+12 -7.105131e+11 5.450722e-01 -8.380325e-01 2.444979e-02 -5.529437e-02 0 1
-4.189044e+12 1.964754e+12 -2.491399e+11 -9.566503e-01 2.473156e-01 -1.538026e-01 -4.455877e-01 0 1
3.376655e+11 -5.528907e+12 1.155301e+11 3.892765e-02 -9.800862e-01 1.947195e-01 -8.161165e+00 0 63641
1.932776e+12 -1.277083e+12 -6.203353e+11 5.400005e-01 -8.363805e-01 -9.416544e-02 4.727179e+00 0 1
-4.808501e+12 -2.422467e+11 4.076101e+12 -8.932168e-01 -1.211012e-01 4.330108e-01 -5.907532e+00 0 2
1.663560e+12 6.882140e+11 -4.054306e+11 9.636672e-01 -1.967577e-02 2.663800e-01 -1.133917e+01 0 35349
-1.092058e+13 1.281148e+12 8.065465e+12 -8.328245e-01 1.535956e-01 5.318004e-01 -1.489823e+01 0 1
6.725130e+11 -5.295853e+11 -1.515389e+12 9.995059e-01 -3.142976e-02 -2.096987e-04 9.362456e+00 0 5379
-1.546072e+12 -5.644584e+11 8.393751e+11 -6.254386e-01 6.245692e-02 7.777697e-01 -1.001715e+01 0 1
2.327619e+12 1.530717e+12 5.200497e+11 9.372639e-01 1.972994e-01 -2.874184e-01 -1.295413e+01 0 1
-6.206236e+11 3.633671e+10 1.581132e+12 -2.086601e-01 6.692021e-01 7.131826e-01 -5.778816e+00 0 3940
-2.382070e+12 -2.193580e+11 5.124233e+11 -9.798685e-01 1.204812e-01 1.591915e-01 -8.106013e+00 0 116774
4.348611e+11 -1.266418e+12 2.624795e+12 5.853828e-03 -2.203409e-01 9.754054e-01 3.613724e+00 0 1
-2.275827e+12 -6.916194e+11 1.389290e+12 -8.364643e-01 3.739522e-04 5.480213e-01 -1.042486e+01 0 179197
-3.258004e+12 2.343836e+11 2.013465e+12 -8.896758e-01 2.567240e-01 3.775841e-01 -8.010864e-02 0 1
2.065518e+12 -1.656546e+11 -1.343344e+12 5.858547e-01 4.020537e-02 -8.094182e-01 4.837550e+00 0 14211
2.385857e+12 2.334774e+12 -1.511826e+12 6.089420e-01 3.653329e-01 -7.040749e-01 1.769966e+00 0 111939
4.329348e+12 -8.007485e+12 1.638755e+11 3.721817e-01 -9.281527e-01 3.660868e-03 -2.051664e+01 0 2
-2.034078e+12 8.828322e+11 8.826671e+11 -8.382626e-01 3.179215e-01 4.429918e-01 1.100382e+01 0 1
-2.060966e+12 -1.472573e+11 4.951170e+11 -9.003400e-01 -1.082548e-01 4.215077e-01 4.422898e+00 0 2
-1.538924e+12 -2.445914e+11 -5.289807e+12 -2.270316e-03 -5.501075e-02 -9.984832e-01 1.420138e+01 0 1
-4.959439e+10 1.592425e+12 1.358103e+12 3.163905e-01 4.857907e-01 8.148033e-01 -8.403868e+00 0 110127
-3.769170e+12 -7.959016e+11 2.425560e+12 -9.273348e-01 1.234586e-01 3.532818e-01 -5.686502e+00 0 1
-2.439718e+12 1.936671e+10 6.688484e+11 -9.808161e-01 1.946453e-01 -1.062728e-02 -6.236356e+00 0 68007
-1.687678e+12 -1.419326e+12 5.452801e+11 -9.391771e-01 -1.870315e-01 2.880374e-01 -1.511277e+01 0 1
-1.705187e+12 -2.982748e+12 -3.248631e+12 -5.031294e-01 -7.205375e-01 -4.771652e-01 4.653398e+00 0 1
1.951986e+12 -2.589117e+12 -6.689318e+12 2.970830e-01 -4.274810e-01 -8.538160e-01 9.943004e+00 0 1
2.938466e+11 -8.168917e+11 -1.467365e+12 -1.568737e-01 -5.161914e-02 -9.862688e-01 -1.105476e+00 0 73633
-1.712730e+13 -1.278650e+13 -8.108708e+12 -7.777066e-01 -5.104080e-01 -3.669553e-01 -2.405627e+01 0 1
6.038824e+11 1.806202e+12 -8.755554e+11 4.120965e-01 8.609016e-01 -2.983703e-01 -3.230754e+00 0 548760
1.655139e+12 -1.675641e+12 1.245612e+12 2.907366e-01 -8.170444e-01 4.979062e-01 -3.917886e+00 0 13918
2.018306e+12 -1.938304e+12 2.100847e+11 7.074800e-01 -4.946600e-01 -5.047609e-01 2.249851e-01 0 2
2.710807e+12 8.050574e+12 9.262012e+11 3.074811e-01 9.501158e-01 5.229987e-02 -8.238650e+00 0 1
3.815170e+12 1.132648e+11 1.120012e+12 9.498582e-01 -7.511301e-02 3.035251e-01 6.107677e-01 0 246178
3.562013e+12 -1.567309e+12 1.261328e+12 6.595915e-01 -7.207961e-01 2.130540e-01 -1.883397e+01 0 2
-1.028982e+12 1.324481e+12 -1.459253e+12 -2.210925e-01 4.742253e-01 -8.521904e-01 2.437723e+00 0 73905
-2.713886e+11 1.988471e+12 8.432926e+11 9.716092e-02 7.718579e-01 6.283273e-01 5.910517e+00 0 2
-5.805348e+11 -2.022131e+12 4.415371e+11 2.639317e-01 -8.817542e-01 3.909598e-01 1.375823e+01 0 14930
8.880819e+12 -2.193927e+12 1.838425e+12 9.279079e-01 -3.402274e-01 1.524213e-01 -1.601407e+01 0 1
9.096161e+11 3.469231e+12 7.846480e+10 9.784674e-02 9.354324e-01 -3.396942e-01 -1.899488e-01 0 2
4.036330e+11 2.798711e+12 -3.690641e+12 8.227284e-02 5.332284e-01 -8.419612e-01 -6.070847e+00 0 2
-1.405018e+11 3.054678e+11 4.876918e+12 -3.119463e-01 -1.079289e-01 9.439496e-01 -1.342650e+01 0 1
1.372308e+12 9.580640e+09 -1.089189e+12 1.398770e-01 -7.251688e-01 -6.742141e-01 -4.009622e+00 0 1
-1.510394e+12 1.257902e+12 -2.169643e+12 -3.615881e-01 2.871848e-01 -8.870056e-01 1.144265e+01 0 1
3.834553e+11 -1.293422e+12 -2.657017e+12 -9.564862e-02 -6.742392e-01 -7.322929e-01 1.118258e+00 0 53665
1.743597e+12 6.811335e+12 2.690073e+12 2.951429e-01 9.145330e-01 2.766224e-01 1.958949e+00 0 115609
1.650323e+12 -3.762925e+12 -7.854861e+09 6.376242e-01 -7.410248e-01 -2.105175e-01 2.506908e+00 0 1
-1.873314e+12 -5.506022e+11 1.356902e+12 -9.890341e-01 -8.433507e-02 1.212402e-01 -5.567351e+00 0 65352
-1.869451e+12 -3.416582e+12 -3.853230e+12 -1.184261e-01 -5.688594e-01 -8.138638e-01 -5.988781e+00 0 2
-1.497284e+12 8.165838e+11 -1.704720e+12 -6.480149e-01 -1.633720e-01 -7.438994e-01 -6.650121e-01 0 92217
-1.443400e+12 2.326507e+12 -1.246089e+12 -2.260473e-01 8.063848e-01 -5.464853e-01 -1.192733e+01 0 2
7.473488e+12 -6.393602e+12 -8.363754e+12 5.100552e-01 -5.070583e-01 -6.947917e-01 -1.242105e+01 0 1
-6.847550e+11 -9.601554e+11 1.314521e+12 -6.726096e-02 -8.690797e-01 4.900779e-01 5.267954e+00 0 100534
-1.327199e+12 -1.626137e+11 1.360118e+12 -3.266577e-01 2.898160e-01 8.996118e-01 -2.520247e+00 0 324932
-1.933878e+11 7.123886e+11 -3.178388e+12 1.479032e-01 5.735142e-01 -8.057333e-01 -4.324928e+00 0 35667
-1.218951e+12 -1.530577e+12 -1.829511e+11 -1.119112e-02 -9.944707e-01 1.044160e-01 1.679727e+00 0 1
4.232366e+11 1.680351e+12 4.634220e+12 -1.327859e-01 3.634238e-01 9.221123e-01 -1.572296e+00 0 27110
-4.948400e+11 -1.205557e+12 2.589833e+12 8.364947e-02 -5.429277e-01 8.356030e-01 9.545608e+00 0 67871
-1.468176e+12 -1.411542e+12 -6.642131e+11 -5.708469e-01 -8.162815e-01 8.842087e-02 1.898082e+00 0 308578
1.129803e+12 1.907010e+11 -1.382045e+12 5.020947e-01 -1.559398e-01 -8.506372e-01 -6.583049e+00 0 549899
-2.307805e+12 -1.689527e+12 -6.002828e+12 -4.488644e-01 -5.101601e-02 -8.921424e-01 -1.525233e+01 0 1
-7.897890e+10 -5.915628e+12 3.949930e+12 1.525001e-01 -8.682034e-01 4.721933e-01 1.767241e+01 0 1
-2.880250e+12 -1.193236e+12 -1.805216e+12 -8.491733e-01 1.077372e-01 -5.170081e-01 -1.952133e+01 0 1
-1.263598e+12 -2.010034e+12 -5.603195e+11 -3.812145e-01 -9.158859e-01 -1.258110e-01 -1.218663e+00 0 105610
1.808808e+12 7.660600e+11 -2.205408e+12 3.322404e-01 6.062775e-01 -7.225261e-01 1.332028e+01 0 135923
-1.865007e+12 -2.715531e+12 2.451618e+11 -5.701767e-01 -8.034257e-01 -1.714810e-01 3.144214e+00 0 24790
1.357473e+12 7.132330e+11 9.560492e+11 2.592866e-01 -5.501919e-01 7.937628e-01 -1.722172e+01 0 1
-4.221514e+12 3.218517e+12 -4.131505e+12 -5.654192e-01 4.932124e-01 -6.610920e-01 -7.785134e+00 0 35240
-8.688153e+11 6.530948e+11 2.122435e+12 -3.106164e-01 3.704006e-01 8.753975e-01 -6.363669e+00 0 4
8.776882e+11 1.067020e+12 -1.719950e+12 3.976782e-01 3.546291e-01 -8.462212e-01 -3.991165e+00 0 138164
-1.336872e+12 1.489470e+12 -6.631603e+11 -9.488244e-01 3.128253e-01 4.327294e-02 4.235113e+00 0 3
-1.502248e+12 -9.087780e+11 -5.745237e+11 -8.064075e-01 -5.326907e-01 -2.568026e-01 5.786922e+00 0 1
8.367972e+11 -1.603854e+12 9.254138e+11 5.773091e-01 -6.651896e-01 4.735367e-01 1.435550e+00 0 342580
-2.916963e+12 -4.576715e+12 7.465823e+12 -4.013167e-01 -4.374063e-01 8.047488e-01 6.312709e+00 0 1
-8.817639e+11 5.797721e+11 -1.082600e+13 -6.279577e-02 1.562347e-01 -9.857218e-01 -1.045364e+01 0 1
1.344703e+12 -3.882774e+12 2.938326e+11 5.189771e-01 -8.355203e-01 1.804677e-01 4.931073e+00 0 302870
-2.739405e+11 5.495175e+11 -1.695121e+12 4.537992e-01 5.876349e-01 -6.698891e-01 -7.947922e+00 0 75822
-1.015260e+12 5.751931e+11 1.833760e+12 -5.368764e-01 -4.204042e-01 7.314534e-01 2.927027e+00 0 19295
7.869713e+11 -2.038549e+12 2.828242e+11 -7.323610e-02 -9.619973e-01 -2.630545e-01 -1.429795e+01 0 1
9.381546e+11 2.198830e+12 -4.321023e+12 2.693968e-01 3.214837e-01 -9.077850e-01 2.479105e+00 0 2
-1.007444e+11 4.898734e+11 -1.878471e+12 -6.842433e-02 5.452128e-01 -8.355005e-01 4.480512e+00 0 1
-1.636902e+12 1.006111e+13 9.265455e+12 -1.630502e-01 6.583661e-01 7.348257e-01 -1.660721e+00 0 1
7.221310e+11 -4.075599e+12 -8.307020e+11 -1.080742e-01 -9.933882e-01 3.872701e-02 -1.534749e+01 0 115677
-7.234507e+11 -7.295135e+11 1.405060e+12 2.165833e-01 -9.115657e-01 3.494849e-01 4.588621e+00 0 17941
-2.107854e+12 4.459007e+11 7.030575e+11 -8.954624e-01 -9.677212e-02 -4.344908e-01 8.862237e+00 0 1
3.444835e+11 -3.323627e+12 2.927027e+12 -6.737781e-02 -7.476229e-01 6.606968e-01 -8.163700e+00 0 2
1.611550e+12 -9.834264e+11 6.155733e+11 3.085792e-01 -6.570001e-01 6.878442e-01 -8.037283e+00 0 1
-1.597689e+12 1.706160e+11 1.207592e+12 -1.952503e-01 3.629809e-01 9.111104e-01 -4.243127e+00 0 128213
-1.477045e+12 2.228613e+12 1.041620e+12 -5.505647e-01 7.358771e-01 3.941617e-01 -2.193222e+00 0 2228
-1.608497e+12 3.856228e+11 5.541685e+11 -5.460339e-01 5.333351e-01 6.460655e-01 -9.110608e+00 0 8423
-1.688605e+12 -8.375767e+11 4.412657e+11 -2.400210e-01 -9.707385e-01 -7.526576e-03 8.958093e+00 0 4
1.334639e+12 -9.690697e+11 -4.406288e+11 4.607290e-01 -8.795554e-01 -1.187901e-01 -2.431984e+00 0 144312
-7.663833e+11 -2.238645e+12 -4.916966e+11 -6.229109e-01 -7.269980e-01 -2.888873e-01 -1.698883e+01 0 1
-1.301883e+12 -1.575548e+12 -1.723750e+12 -2.636798e-01 -2.403048e-01 -9.341984e-01 -5.694788e+00 0 1
-1.259830e+12 -1.174176e+11 1.177807e+12 -5.568469e-01 1.463665e-01 8.176175e-01 2.324709e-01 0 340329
2.388717e+12 -3.821923e+12 3.028689e+12 2.164436e-01 -7.308276e-01 6.473354e-01 -1.796333e+01 0 1
1.591526e+12 1.007714e+12 -1.883951e+11 6.198836e-01 1.469643e-01 -7.708086e-01 6.766638e-01 0 3
-5.656049e+11 1.185483e+11 -1.600717e+12 -9.946590e-01 1.645755e-03 -1.032026e-01 2.639200e-01 0 29709
2.983996e+10 -1.683090e+12 -8.313092e+11 2.249864e-01 -8.554250e-01 -4.665075e-01 7.607367e+00 0 15966
-4.347192e+11 -2.003414e+12 9.368734e+11 -1.274046e-01 -9.766630e-01 1.729090e-01 -3.440923e+00 0 46875
-1.990208e+12 3.305085e+11 4.686000e+11 -9.150702e-01 3.794426e-01 1.366379e-01 -8.549762e+00 0 1
-9.875019e+11 -1.156494e+12 7.975973e+11 -7.109685e-01 -6.887311e-01 -1.420324e-01 1.825623e+00 0 1
-5.594494e+12 3.251341e+12 3.437997e+12 -8.732209e-01 3.800824e-01 3.049961e-01 1.879416e+01 0 1
2.203749e+12 -4.500362e+11 1.369529e+11 8.858742e-01 1.641886e-01 4.338997e-01 1.060154e+01 0 154338
-1.029184e+12 -1.205160e+12 -1.328312e+12 -4.991448e-01 -8.655811e-01 4.029646e-02 1.949748e+00 0 181476
1.300976e+11 -3.820726e+11 1.831415e+12 3.576110e-02 -3.443954e-01 9.381433e-01 3.617416e+00 0 225381
-1.472464e+12 8.286569e+11 1.812657e+12 -5.990727e-01 1.836288e-01 7.793538e-01 7.198001e+00 0 1
4.093012e+12 1.037265e+12 -2.560434e+12 9.161112e-01 2.620573e-02 -4.000670e-01 -1.604596e+01 0 1
-6.424893e+12 -1.346539e+12 3.035588e+12 -9.363936e-01 -2.403044e-01 2.557748e-01 -3.865323e+00 0 1
1.772787e+12 -1.073214e+12 5.444659e+11 5.942052e-01 -1.996106e-01 7.791507e-01 -2.767926e+00 0 1
-1.847075e+12 1.620614e+12 -5.458455e+12 -2.264753e-01 4.981772e-01 -8.369758e-01 -1.253545e+01 0 1
-1.721861e+12 -1.219853e+11 1.879643e+12 -4.659848e-01 1.780098e-01 8.667010e-01 -6.210665e+00 0 1
1.680434e+12 -2.135871e+11 -1.170552e+11 3.008818e-01 7.757742e-01 -5.546571e-01 1.231327e+01 0 157250
1.645487e+12 7.360486e+11 6.727004e+11 5.851725e-01 -2.943184e-01 7.556122e-01 -2.399324e+00 0 2
2.706440e+12 3.990750e+12 2.653444e+12 4.629869e-01 7.367483e-01 4.927932e-01 -5.598910e+00 0 1
4.762794e+11 3.916532e+12 -1.164316e+11 1.622996e-02 9.626958e-01 -2.700989e-01 -2.104290e+00 0 35936
-1.714840e+12 4.889850e+10 -3.070586e+11 -5.484326e-01 -2.438151e-01 -7.998599e-01 8.264962e+00 0 52876
1.036597e+12 1.661156e+12 -2.787385e+12 2.697577e-01 3.850593e-01 -8.825872e-01 4.645915e+00 0 27829
-8.456499e+10 -1.074677e+12 4.736191e+12 -3.451836e-01 -2.915542e-01 8.921011e-01 -1.483589e+01 0 1
-2.173112e+12 1.480339e+12 6.077990e+11 -8.498171e-01 4.465251e-01 2.800469e-01 2.633048e+00 0 279053
-8.772336e+11 -1.135173e+12 -1.166388e+12 -4.063005e-01 -8.141413e-01 -4.148420e-01 3.892364e+00 0 51655
-1.845172e+12 3.434268e+11 -3.554795e+11 -4.885145e-01 1.516782e-01 -8.592714e-01 3.714360e+00 0 292078
7.863576e+11 -2.010003e+12 -2.260647e+11 3.470976e-01 -9.264567e-01 1.456063e-01 -6.843099e+00 0 3
-1.755501e+12 1.738947e+12 -5.938630e+11 -8.394139e-01 5.274506e-01 -1.310735e-01 9.579368e+00 0 1
-1.614756e+12 -1.169589e+12 1.998428e+12 -1.616321e-01 -6.857527e-01 7.096607e-01 1.643674e-02 0 2
-5.124122e+11 -1.502230e+12 -6.602795e+11 2.560000e-01 -9.614730e-01 -1.001683e-01 1.244575e+01 0 145622
1.359008e+12 9.285284e+10 -1.142310e+12 7.810010e-01 5.681452e-01 2.593232e-01 3.708239e+00 0 7114
1.576255e+12 3.807130e+11 7.600674e+11 9.011970e-01 3.893806e-01 1.903334e-01 7.115460e-01 0 273139
-1.862951e+12 -9.154654e+11 4.553925e+11 -7.447024e-01 -3.066901e-01 -5.927559e-01 -5.638240e+00 0 4
-5.844878e+12 -5.068854e+11 -1.415774e+12 -8.992810e-01 -2.548347e-01 -3.554617e-01 1.364171e+01 0 1
-1.373003e+12 9.811989e+11 -2.027054e+11 -9.772397e-01 2.009121e-01 -6.809422e-02 3.590298e+00 0 427823
2.464248e+12 9.688936e+11 -1.159754e+12 7.373170e-01 -7.303201e-02 -6.715877e-01 -7.347370e-01 0 1
6.521095e+11 -1.652533e+12 -2.321231e+10 4.895848e-01 -7.064707e-01 -5.110831e-01 8.026858e+00 0 4
4.932521e+12 1.613169e+12 9.450986e+09 9.793883e-01 1.169326e-01 -1.646979e-01 -2.227105e+01 0 1
-2.680935e+12 1.423070e+12 1.008872e+12 -9.601468e-01 2.153917e-01 1.781135e-01 1.700370e+00 0 1
-1.516693e+12 3.594688e+11 -7.155800e+11 -3.932875e-01 2.653179e-01 -8.803019e-01 -3.025889e-01 0 121357
-1.251323e+11 -1.784168e+12 9.118663e+10 -8.276542e-01 -3.585706e-01 -4.317589e-01 -1.672771e+01 0 364925
7.991496e+11 1.832462e+12 -2.136152e+11 1.602680e-01 9.823448e-01 -9.650324e-02 4.341751e+00 0 2650
-3.260656e+12 -9.709469e+12 -4.803488e+12 -3.670922e-01 -7.828637e-01 -5.023621e-01 -1.989451e+01 0 2
-2.608613e+11 -9.495130e+11 1.423860e+12 -5.612908e-01 -2.923504e-01 7.742634e-01 -8.183236e+00 0 52218
3.861437e+11 -4.617887e+11 -1.632204e+12 1.967859e-01 7.361707e-01 -6.475554e-01 4.818607e+00 0 5751
4.088148e+11 -1.278864e+12 -2.321111e+12 3.821331e-01 -3.189770e-01 -8.673107e-01 1.156052e+01 0 2
2.768238e+12 -3.738972e+12 -2.096894e+12 7.357284e-01 -5.223559e-01 -4.311010e-01 5.897633e+00 0 1
1.885607e+12 -1.489986e+11 1.499612e+12 5.261667e-01 3.339189e-01 7.820785e-01 1.176518e+01 0 161974
1.789245e+12 -3.176246e+12 8.071169e+11 5.663095e-01 -7.352695e-01 3.723873e-01 1.032820e+01 0 5
-3.743261e+12 -3.001222e+12 5.531039e+12 -6.689118e-01 -3.667197e-01 6.465862e-01 2.004369e+00 0 1
6.939761e+11 1.967333e+12 3.487831e+11 7.251564e-01 6.668289e-01 1.717190e-01 3.873684e+00 0 1
-1.201303e+12 2.446092e+12 1.131570e+12 -6.656394e-01 6.612436e-01 3.459496e-01 -1.416279e-01 0 3
2.132597e+11 -1.461926e+12 -1.292113e+12 -6.712349e-01 -6.406145e-01 -3.729031e-01 -1.274831e+01 0 179707
-7.474021e+11 -1.612353e+12 -6.790828e+12 -2.128262e-02 -3.999950e-01 -9.162702e-01 -5.255977e+00 0 1
-8.259561e+11 1.656538e+12 -4.598163e+11 -5.125230e-01 1.200640e-01 -8.502381e-01 -1.445769e+00 0 1
3.308730e+12 2.719443e+12 -1.105886e+12 6.150585e-01 7.757428e-01 -1.411600e-01 -4.221894e-01 0 1
4.568017e+11 1.908831e+11 2.528167e+12 5.598762e-01 1.166407e-02 8.284942e-01 4.750472e+00 0 4
5.848283e+11 -2.090951e+12 3.131809e+12 3.800319e-01 -2.319182e-01 8.954271e-01 1.896245e+00 0 1
5.923119e+11 -1.294601e+12 1.763852e+12 4.652155e-01 -7.002963e-01 5.414421e-01 5.530085e+00 0 234233
-1.980312e+12 -2.544617e+11 -1.636344e+12 -4.586476e-01 -3.252374e-02 -8.880228e-01 4.816826e+00 0 4
-2.562800e+11 6.075986e+11 1.894529e+12 -1.475122e-01 4.035581e-01 9.029845e-01 4.962041e+00 0 12122
-7.493025e+11 1.559395e+12 -6.785199e+11 -3.531594e-01 9.230323e-01 -1.526096e-01 1.608490e+00 0 286850
5.460176e+12 -4.712962e+12 -1.525987e+12 6.777767e-01 -6.905364e-01 -2.525434e-01 -1.082505e+01 0 41877
8.179943e+10 6.570241e+11 1.742442e+12 6.753193e-01 3.862687e-01 6.282837e-01 4.384663e+00 0 1
8.746423e+12 -3.292864e+12 -3.624386e+12 8.632996e-01 -4.133082e-01 -2.896381e-01 8.817394e-02 0 1
-9.455925e+11 1.618483e+12 1.065094e+12 -2.522048e-01 9.398104e-01 2.305409e-01 1.083568e+00 0 1802
2.059172e+12 -2.537811e+12 5.833138e+10 8.139945e-01 -5.061584e-01 -2.849853e-01 1.489668e+01 0 2
5.007530e+12 7.757191e+12 -2.243943e+12 6.392507e-01 7.382877e-01 -2.151506e-01 -9.367563e-01 0 1
-1.500644e+12 -1.661955e+12 8.650664e+11 -4.122231e-01 -5.756442e-01 7.061911e-01 -5.029547e+00 0 1
-9.629397e+11 -1.123860e+12 1.132345e+12 1.855205e-01 -7.922062e-01 5.813703e-01 7.049125e+00 0 60544
1.520377e+12 8.891562e+11 -7.187237e+11 9.257197e-01 2.348829e-01 2.964338e-01 2.098227e+00 0 3
-1.518237e+12 7.570497e+11 1.723610e+10 -6.338443e-01 -7.682898e-01 8.928763e-02 1.493440e+01 0 8689
6.077718e+12 6.361463e+11 1.503913e+12 9.449816e-01 3.030233e-01 1.232339e-01 2.144611e+01 0 1
1.141432e+13 -1.065527e+13 1.552726e+12 7.025038e-01 -7.113861e-01 2.045184e-02 -1.214362e+01 0 1
-2.130818e+11 1.316796e+12 -1.277775e+12 1.713474e-02 9.506073e-01 -3.099229e-01 -2.455560e+00 0 6615
-5.182979e+12 -2.548783e+12 4.476797e+11 -8.373007e-01 -5.464279e-01 1.854869e-02 -4.070636e+00 0 1
-1.481439e+13 -5.121513e+12 3.813956e+12 -9.480270e-01 -2.400194e-01 2.088913e-01 -5.884019e-01 0 1
-1.494658e+12 1.276576e+11 1.104463e+12 -7.050267e-02 -2.796747e-01 9.575027e-01 7.448307e+00 0 36331
-5.817455e+11 -1.386824e+12 -1.971129e+12 4.241036e-02 -9.520952e-01 -3.028466e-01 1.246494e+01 0 1
1.455007e+12 -6.876293e+11 -8.367740e+11 9.578979e-01 2.853026e-01 3.215621e-02 1.583874e+01 0 2
1.497490e+13 -1.097092e+13 1.553853e+13 6.297239e-01 -3.991246e-01 6.664438e-01 -2.261917e+00 0 1
-8.824416e+12 -1.877953e+12 -2.104695e+13 -4.068332e-01 -1.324516e-01 -9.038492e-01 1.529082e+01 0 1
-1.009043e+12 -7.572490e+10 1.931894e+12 -6.062107e-01 -3.051916e-01 7.344158e-01 6.793711e+00 0 13439
-3.534607e+11 1.474862e+12 1.589832e+12 2.229433e-01 8.059496e-01 5.483991e-01 1.150657e+00 0 7752
1.534221e+12 7.527293e+11 -5.296954e+11 9.144316e-01 4.490107e-02 4.022421e-01 -1.190973e+01 0 3
-1.777397e+12 -3.164660e+11 -1.609740e+10 -7.546068e-01 -5.861005e-01 -2.950504e-01 1.089732e+01 0 66662
-2.962023e+11 -3.653873e+12 7.796291e+11 -1.387036e-01 -9.002367e-01 4.127168e-01 -6.322616e+00 0 1
-2.158600e+12 -2.330226e+12 -1.732058e+12 -2.507810e-01 -7.351968e-01 -6.297575e-01 1.960245e+01 0 1
-7.944657e+11 5.627740e+11 1.606187e+12 -5.734921e-01 -4.667235e-01 6.732577e-01 -8.596622e-01 0 1
-4.874928e+12 -1.764156e+12 -2.078939e+12 -9.068357e-01 -2.588641e-01 -3.326235e-01 8.229558e-01 0 1
2.421297e+12 1.704448e+12 -1.392701e+12 4.881336e-01 5.591190e-01 -6.701578e-01 1.300457e+01 0 1
7.143290e+11 -1.434620e+12 -8.602132e+11 6.916288e-01 -6.130908e-01 3.817973e-01 1.047899e+01 0 1
-1.340660e+12 1.934008e+13 -5.198907e+12 -1.234081e-01 9.511972e-01 -2.828326e-01 9.193500e-01 0 1
-5.487420e+11 -8.196707e+10 -1.642301e+12 -2.994627e-01 6.044614e-01 -7.382063e-01 -5.119344e+00 0 144521
4.840961e+12 -2.963983e+12 -5.395098e+11 8.768444e-01 -4.745313e-01 7.722589e-02 7.152235e+00 0 5
8.944448e+10 -2.696822e+11 -2.112477e+12 3.385310e-01 4.393609e-01 -8.320810e-01 4.463944e+00 0 20471
-1.034455e+12 1.827346e+12 1.016905e+12 -8.073934e-01 5.539276e-01 2.031749e-01 1.113929e+01 0 9380
1.072824e+11 1.867914e+12 1.677065e+12 -1.361063e-01 8.229895e-01 5.515101e-01 -4.260248e-01 0 8997
1.146136e+12 -1.273374e+12 -2.211584e+12 3.800286e-01 -6.438505e-02 -9.227312e-01 -3.843690e+00 0 1
1.058503e+12 1.959093e+12 -3.261909e+12 3.240227e-01 4.613074e-01 -8.259569e-01 3.363000e+00 0 125452
-9.875602e+11 -2.418784e+11 1.472914e+12 -7.508888e-01 2.306746e-01 6.188337e-01 -8.310526e+00 0 250796
1.887588e+12 4.880927e+10 -2.598773e+10 9.200610e-01 -3.117442e-01 2.372833e-01 -8.309585e+00 0 233858
-2.350484e+12 3.225595e+12 2.334808e+12 -4.047514e-01 7.278343e-01 5.535644e-01 -1.118120e+01 0 1
1.177819e+12 -1.090659e+12 5.783061e+11 -4.578362e-01 -2.467330e-01 8.541129e-01 -5.368118e+00 0 7370
1.756517e+11 4.515430e+12 4.908738e+11 -2.422330e-01 9.640904e-01 -1.088705e-01 1.882448e+01 0 2
9.386660e+11 8.633799e+12 2.291296e+12 1.569890e-01 9.589575e-01 2.361249e-01 -1.380968e+01 0 1
-1.286786e+12 -1.422834e+12 -6.009515e+10 -6.821336e-01 -7.008353e-01 2.086230e-01 2.462113e+00 0 44097
-1.755617e+12 -7.527560e+11 1.910141e+11 -6.448402e-01 -5.062550e-01 5.726142e-01 3.033458e+00 0 1
-1.660470e+12 -4.744874e+11 -1.611727e+12 -5.877951e-01 2.873045e-01 -7.562758e-01 -3.150579e+00 0 125029
-1.474883e+12 -1.321080e+11 -1.426420e+12 -7.065651e-01 -5.811458e-02 -7.052577e-01 5.910985e+00 0 3
4.264433e+12 -1.038563e+12 -1.197933e+12 9.246586e-01 1.006808e-01 -3.672462e-01 6.914434e+00 0 1
8.917790e+12 1.718252e+12 2.488075e+10 9.626567e-01 2.694383e-01 -2.636561e-02 1.574860e+01 0 1
4.657316e+12 7.546116e+11 -3.742448e+12 8.637897e-01 5.850829e-02 -5.004439e-01 -8.778405e+00 0 1
-2.054274e+12 -4.744609e+12 3.128025e+12 -1.266615e-01 -8.615578e-01 4.916046e-01 5.212464e+00 0 1
2.641186e+12 -1.726157e+12 -1.466834e+12 7.787810e-01 -2.954581e-01 -5.533576e-01 1.077567e+00 0 88264
1.228496e+12 1.809860e+12 6.400308e+11 2.662441e-01 7.920986e-01 5.492667e-01 7.712432e+00 0 1
1.286378e+12 6.301535e+11 1.084676e+12 1.391745e-01 2.935586e-01 9.457557e-01 7.957502e+00 0 140771
-3.312701e+11 -2.027933e+12 2.757398e+10 -6.675001e-02 -9.611048e-01 2.679964e-01 -1.535388e+00 0 42175
7.464837e+10 -1.969731e+12 -3.695380e+12 -1.060530e-02 -3.453708e-01 -9.384064e-01 2.063300e+00 0 26959
4.889538e+12 6.774389e+10 6.416470e+12 5.339790e-01 -9.462056e-02 8.401865e-01 -1.168543e+01 0 2
3.278246e+11 8.415611e+11 -2.266942e+12 3.443352e-01 3.541978e-01 -8.694695e-01 1.175680e+00 0 187667
-3.371660e+12 -3.103879e+12 -1.077457e+12 -6.294679e-01 -7.695118e-01 -1.078044e-01 -3.339852e+00 0 1
1.312533e+12 4.885664e+11 -2.891470e+12 4.957939e-01 5.307413e-01 -6.873879e-01 -2.129904e+00 0 1
2.164399e+12 4.771736e+11 -2.262653e+11 9.082076e-01 4.068164e-01 9.828195e-02 -2.738445e+00 0 230154
1.525522e+12 1.162138e+12 -8.595951e+11 4.494947e-01 8.560352e-01 -2.552610e-01 1.193273e+01 0 1
6.952095e+11 2.698961e+11 3.808832e+12 9.950038e-02 2.894568e-01 9.520055e-01 8.367274e+00 0 1
9.144310e+11 -4.057830e+12 1.699660e+12 2.682292e-01 -7.798337e-01 5.656081e-01 1.943470e-01 0 2
-6.374631e+11 4.550088e+11 1.507642e+12 -3.224224e-01 -5.774376e-01 7.500731e-01 7.883544e-01 0 69750
-3.918846e+11 -1.641432e+12 1.719456e+11 1.655390e-01 -9.831243e-01 -7.786781e-02 6.717435e+00 0 11105
-6.351816e+11 2.209592e+12 7.464245e+10 -2.606593e-01 7.402034e-01 6.198029e-01 1.114690e+01 0 1
-9.347661e+11 9.205499e+11 2.452896e+12 -3.256165e-01 1.735123e-02 9.453427e-01 6.781143e+00 0 1
-8.935209e+11 -1.775486e+12 -1.022564e+11 -6.850091e-01 -3.412137e-01 -6.436891e-01 -1.894434e+01 0 1
2.288173e+12 -7.299759e+11 9.046758e+11 9.230706e-01 -3.673586e-01 -1.139662e-01 -7.954398e+00 0 1
1.357339e+12 1.936881e+12 2.848851e+11 4.261765e-01 8.457166e-01 -3.211495e-01 1.022140e+01 0 1
1.396841e+12 -1.316223e+12 -4.548526e+11 7.088407e-01 -7.009594e-01 -7.874492e-02 2.377015e+00 0 79473
-3.630895e+12 -5.483238e+11 -2.184470e+12 -6.235657e-01 -2.367685e-01 -7.450547e-01 -1.876879e+00 0 2
2.662539e+12 7.099263e+12 -7.565177e+09 1.976580e-01 9.800753e-01 1.958717e-02 2.148321e+01 0 1
-8.597834e+09 -8.634141e+10 1.817058e+12 -2.183067e-01 -6.845914e-01 6.954688e-01 -2.601856e+00 0 40712
1.097023e+12 3.879909e+12 3.595905e+11 1.193401e-01 9.580568e-01 2.605478e-01 1.109397e+01 0 1
2.529854e+12 -1.026183e+11 1.907428e+12 6.058156e-01 -1.936821e-01 7.716701e-01 -8.730179e+00 0 2
-3.136688e+12 -8.708656e+10 2.206471e+11 -9.789397e-01 1.285474e-01 -1.585959e-01 5.205351e+00 0 1
1.453562e+12 9.455918e+11 -1.839018e+12 1.159268e-01 6.647504e-01 -7.380162e-01 1.693637e+01 0 1
8.142850e+11 1.589828e+12 -4.029127e+11 5.008924e-01 7.127873e-01 -4.909593e-01 -8.138807e+00 0 20992
5.841909e+11 -1.359377e+12 8.324686e+11 2.654547e-01 2.194500e-01 9.388160e-01 1.566590e+00 0 41605
1.160168e+12 3.786940e+12 8.163577e+11 2.584175e-01 9.414144e-01 2.167009e-01 1.028703e+01 0 1
-9.551937e+11 1.826110e+12 8.796201e+11 -7.355333e-02 9.945108e-01 7.441844e-02 1.122815e+00 0 1
-5.293421e+12 -2.004993e+11 1.049147e+12 -9.273305e-01 1.032531e-01 3.597179e-01 -4.245336e-01 0 553310
1.510608e+10 -1.643680e+12 -1.290253e+12 -3.274115e-01 -6.992271e-01 -6.355181e-01 -1.172781e+01 0 1
-9.180111e+11 -9.112044e+11 -1.282936e+12 -9.346420e-01 -3.356839e-01 -1.173063e-01 -9.918561e+00 0 4
-3.255421e+11 1.926790e+12 7.277960e+11 2.652837e-02 6.901395e-01 7.231900e-01 1.498800e+00 0 1
2.808507e+11 1.303842e+12 1.228778e+12 8.372425e-01 1.314658e-01 5.307935e-01 -1.318161e+01 0 362429
1.354835e+12 6.477480e+11 -9.052629e+11 7.459334e-01 6.615975e-01 7.662990e-02 7.526241e+00 0 10662
9.921468e+11 5.841788e+11 -2.941657e+12 2.955281e-01 1.686962e-01 -9.403216e-01 3.832444e-02 0 23713
-1.687407e+12 -2.136413e+11 -6.424089e+10 -5.587780e-01 3.060723e-01 -7.707703e-01 -9.167347e+00 0 94659
-1.373314e+12 -9.268040e+11 1.473257e+12 -2.248936e-01 -6.628816e-01 7.141504e-01 5.407426e+00 0 51186
-4.025245e+11 7.979521e+11 -2.909569e+12 -1.812904e-01 5.421733e-01 -8.204766e-01 -6.149578e+00 0 1
-5.425328e+11 7.556427e+11 2.151979e+12 -7.752755e-01 3.290105e-01 5.391660e-01 1.009598e+00 0 14014
6.181125e+12 1.228558e+12 -2.704422e+12 9.033476e-01 2.960536e-01 -3.103471e-01 -6.092100e-01 0 1
-2.613804e+12 -8.166681e+10 2.042780e+12 -5.661732e-01 3.870956e-01 7.277396e-01 -1.294394e+01 0 2
8.042224e+11 -9.727494e+11 -6.465093e+12 1.078510e-01 2.860480e-02 -9.937555e-01 7.323699e+00 0 1
5.521401e+12 1.082117e+13 -3.549933e+12 3.643492e-01 8.966882e-01 -2.513958e-01 -2.340924e-01 0 2
3.052095e+11 1.269929e+12 -2.440654e+12 4.931925e-01 5.273953e-01 -6.918204e-01 -7.558025e+00 0 20927
9.056345e+11 2.181662e+12 2.033175e+12 4.172546e-02 6.866309e-01 7.258078e-01 4.760622e-02 0 1
4.554650e+12 1.035367e+12 4.023104e+10 9.979063e-01 6.283005e-02 -1.534539e-02 -8.525261e+00 0 25964
-8.217375e+11 1.039172e+12 1.237650e+12 4.228462e-01 8.983793e-01 1.188096e-01 -1.460133e+00 0 1
5.264486e+11 -2.317112e+12 2.499441e+12 4.590926e-01 -6.341802e-01 6.221329e-01 -1.285839e-01 0 1
-1.663889e+12 -1.243242e+12 -2.857309e+12 -6.966555e-01 -3.861788e-01 -6.045966e-01 3.888031e-01 0 83587
7.289456e+10 -1.542591e+12 -1.124693e+12 1.203742e-01 -8.618660e-01 -4.926430e-01 -1.648386e+00 0 68372
-1.203891e+12 -1.141700e+12 -3.810413e+11 -2.451338e-01 -4.202990e-02 -9.685778e-01 -2.059038e+00 0 600931
-2.035828e+12 1.573997e+12 8.990688e+11 -2.180095e-01 7.393352e-01 6.370677e-01 -1.990629e+01 0 1
4.731638e+11 1.364596e+12 -1.111940e+12 7.551643e-02 5.338787e-01 -8.421822e-01 7.174304e+00 0 1
2.521199e+12 -1.520809e+12 8.635723e+11 9.224388e-01 -3.379988e-01 1.867176e-01 1.001928e+01 0 174704
-2.623092e+12 -9.124809e+11 2.743811e+12 -7.136603e-01 7.544026e-02 6.964178e-01 8.957079e-01 0 1
-1.743883e+12 -9.789038e+11 -2.577120e+11 -9.847425e-01 -8.967703e-02 -1.491319e-01 -8.912495e+00 0 194648
4.788024e+11 -1.238222e+12 2.427339e+12 2.693611e-01 -3.925760e-01 8.793911e-01 4.994177e+00 0 387232
-1.063934e+12 1.448595e+12 -6.922439e+10 4.689183e-01 8.779272e-01 -9.674415e-02 -1.294916e+01 0 2
-3.072263e+12 1.407512e+12 -5.190517e+12 -5.553025e-01 9.923429e-02 -8.257068e-01 1.454708e+01 0 1
6.679579e+11 -1.031096e+12 -1.264330e+12 4.537959e-01 -8.227087e-01 -3.423735e-01 4.453660e+00 0 20145
-2.017512e+12 -9.998589e+11 1.731687e+11 -8.241513e-01 -1.832712e-01 5.358976e-01 4.490257e-01 0 1
1.804142e+12 1.766532e+12 -2.089392e+12 3.442992e-01 2.640592e-01 -9.009611e-01 -7.090837e+00 0 1
-1.660185e+12 5.681100e+11 6.441830e+11 -5.978443e-01 2.014697e-01 7.758816e-01 -3.258061e+00 0 112077
6.532420e+11 -2.970328e+12 2.833007e+10 -1.951978e-01 -9.807587e-01 3.186907e-03 -1.605018e+01 0 1
-1.374228e+12 -6.189752e+11 -9.792211e+11 -7.433132e-01 -2.632621e-01 -6.149622e-01 -4.189124e+00 0 13110
6.899737e+11 1.285242e+12 -8.856984e+11 -8.241446e-02 9.675914e-01 2.386937e-01 1.030270e+01 0 56054
-1.599897e+12 -8.206985e+11 -8.124507e+11 -8.548191e-01 -5.074178e-01 -1.086810e-01 -2.113632e+00 0 84751
1.169075e+12 5.104049e+11 1.205419e+12 3.672871e-01 9.046427e-01 2.161524e-01 1.084758e+01 0 432372
-2.223675e+11 7.908005e+11 2.411368e+12 2.299351e-01 -3.086029e-01 9.229811e-01 -5.153325e+00 0 2039
2.080932e+12 2.145492e+12 -4.053489e+12 3.834247e-01 6.311389e-01 -6.742768e-01 1.585518e+01 0 1
-1.191746e+12 -1.920530e+11 1.523567e+12 -1.345701e-01 2.319268e-01 9.633799e-01 -4.096086e+00 0 120866
1.008967e+12 -1.216711e+12 -6.341927e+11 -1.566973e-01 -9.320669e-01 -3.266453e-01 -8.296313e+00 0 250535
4.054830e+11 -1.342389e+13 -1.963982e+12 9.236180e-02 -9.771165e-01 -1.916056e-01 -2.056011e+00 0 1
6.153361e+11 -2.647690e+12 9.957415e+11 3.130263e-01 -8.983068e-01 3.083169e-01 7.962400e+00 0 46585
-2.234049e+11 -1.347380e+12 1.108067e+12 2.838818e-01 -6.722154e-01 6.837671e-01 6.107995e-01 0 1
1.595342e+12 1.480777e+12 -6.913225e+10 7.562191e-01 5.927237e-01 -2.771485e-01 3.150694e+00 0 2945
2.013979e+12 9.370094e+11 5.091415e+11 8.155960e-01 3.139271e-01 4.860586e-01 -7.819753e+00 0 75008
3.964241e+11 -2.976914e+12 -1.394793e+11 2.556369e-01 -9.245570e-01 2.825670e-01 6.946764e+00 0 282712
-6.510394e+10 1.546990e+12 -7.033210e+11 -2.792983e-01 7.309862e-01 6.226168e-01 5.670281e+00 0 5265
-1.301735e+12 2.168530e+12 1.981436e+12 -6.740425e-02 5.725940e-01 8.170635e-01 8.286002e-02 0 65037
-1.243926e+12 -1.260179e+11 -2.435874e+12 -4.467829e-01 4.976781e-01 -7.434390e-01 -1.066708e+01 0 315963
-1.547005e+11 4.316677e+12 -1.496886e+12 -1.281525e-01 8.499936e-01 -5.109675e-01 8.491166e+00 0 1
-2.091484e+12 -1.984601e+12 3.215830e+11 -2.726812e-01 -9.391585e-01 -2.088689e-01 2.791697e+00 0 2
-2.308932e+12 -9.651036e+11 5.928879e+11 -5.867589e-01 -6.255417e-01 5.142096e-01 1.364236e+01 0 3
1.708403e+11 -2.353894e+12 -1.286047e+12 -4.317002e-01 -8.011627e-01 -4.144554e-01 -1.528741e+01 0 17169
-4.568066e+12 -1.020557e+13 8.851156e+10 -3.673168e-01 -9.299258e-01 -1.778513e-02 -1.594981e+00 0 1
3.011938e+12 -6.987653e+11 -3.253056e+11 7.868331e-01 -1.912944e-01 -5.867709e-01 -3.896509e+00 0 41007
2.691856e+12 -7.837242e+11 -8.289494e+11 8.415001e-01 -4.234192e-01 -3.355500e-01 2.841583e+00 0 2
-4.011155e+12 2.947465e+11 -2.108607e+11 -8.807172e-01 4.371019e-01 -1.824255e-01 -1.905542e+01 0 4
1.236566e+13 -1.273064e+12 -3.859814e+11 9.878186e-01 -1.049577e-01 -1.148841e-01 5.641042e+00 0 2
-1.314485e+12 -3.692160e+12 -1.507781e+12 -3.507426e-01 -7.715713e-01 -5.307139e-01 7.324180e+00 0 1
1.280161e+12 2.604185e+10 1.980431e+12 7.995396e-02 -1.707231e-01 9.820697e-01 -7.783062e+00 0 54354
-1.622023e+12 9.853561e+11 -1.171254e+12 -9.549591e-01 -4.519671e-02 -2.932754e-01 5.788910e-01 0 1
-5.736630e+11 -1.216723e+12 -1.464811e+12 -5.888938e-01 -3.899817e-01 -7.078972e-01 -9.214834e+00 0 139354
4.711165e+11 -1.660463e+12 -2.763056e+11 -3.912853e-01 -9.193407e-01 -4.133418e-02 -1.156632e+01 0 172585
8.996076e+11 -4.509062e+10 -1.441806e+12 6.358578e-01 7.186160e-01 -2.815600e-01 4.008503e+00 0 4450
-6.257152e+11 -5.439854e+11 3.102765e+12 -5.933668e-02 -4.985658e-01 8.648186e-01 8.660449e+00 0 2
-1.239576e+12 3.515196e+11 -1.235129e+12 -8.916218e-01 4.243601e-01 1.578893e-01 -8.023571e+00 0 34
2.055991e+11 5.784681e+11 1.887358e+12 -6.616296e-01 -1.440543e-01 7.358632e-01 7.834284e+00 0 155560
8.145477e+11 7.106324e+11 1.779664e+12 4.810303e-01 7.066637e-01 5.188798e-01 6.514243e-01 0 369192
1.130432e+11 -1.674154e+12 7.209040e+11 -7.179369e-02 -6.578672e-01 7.497042e-01 -5.166339e+00 0 129745
4.114010e+12 -1.759035e+12 -5.221551e+12 6.257117e-01 -3.833062e-01 -6.793830e-01 -2.038020e+00 0 199319
1.451326e+12 -8.504943e+11 5.727839e+12 3.895517e-01 -6.657041e-02 9.185956e-01 1.415603e+01 0 1
7.742439e+11 -1.966414e+12 -1.608296e+12 -1.255882e-01 -9.679955e-01 -2.172840e-01 -2.232842e+00 0 1
9.367758e+11 -1.374761e+12 9.224176e+11 -3.543213e-01 -9.268518e-01 1.241051e-01 -1.905655e+01 0 1
2.372056e+12 -1.664353e+12 1.266030e+12 7.590539e-01 -5.755650e-01 3.042401e-01 -1.213561e+01 0 1
-1.606580e+11 -1.122359e+12 -2.550107e+12 -4.499927e-01 -2.620767e-02 -8.926476e-01 -1.137549e+00 0 1
-7.725811e+11 -5.668527e+11 -1.403972e+12 3.273755e-01 5.171691e-01 -7.907980e-01 -1.412717e+00 0 440332
-4.526113e+12 -3.084410e+12 3.290565e+12 -6.028633e-01 -6.067867e-01 5.180403e-01 1.401478e+01 0 95175
1.817073e+12 -1.125204e+12 1.376652e+12 8.387238e-01 -4.694283e-01 2.760061e-01 -3.224084e+00 0 1
4.291651e+11 1.162552e+12 1.163716e+12 2.552123e-01 4.690894e-01 8.454714e-01 -1.526173e+00 0 1
8.086240e+11 1.422049e+12 -6.355931e+11 2.155151e-01 8.887687e-01 -4.045288e-01 7.137560e+00 0 103467
9.572195e+11 -3.041987e+11 1.454738e+12 -4.275767e-01 2.826985e-01 8.586383e-01 -4.740874e+00 0 2
-8.997550e+11 -1.989617e+11 -1.610802e+12 -7.445147e-01 -1.599814e-01 -6.481541e-01 2.142211e+00 0 776
9.542655e+12 4.258142e+12 -6.262691e+12 7.819430e-01 4.076856e-01 -4.715481e-01 1.079981e+01 0 3
-1.273194e+12 1.136579e+12 -5.794748e+11 -9.492457e-01 3.840685e-02 3.121820e-01 5.374502e+00 0 73831
-2.728579e+12 1.858614e+12 -4.040065e+11 -9.270706e-01 1.981769e-01 -3.182232e-01 1.501373e+01 0 1
-1.151863e+12 -1.818119e+11 -1.441953e+12 -4.666056e-01 -5.736817e-01 -6.731779e-01 1.884031e+00 0 26532
7.045432e+11 4.039841e+12 -1.391593e+12 4.220556e-03 9.788749e-01 -2.044166e-01 2.759934e+00 0 35269
-1.359263e+12 -1.124678e+12 -1.906550e+12 -2.763094e-01 -6.271463e-01 -7.282449e-01 1.019538e+01 0 94969
6.682339e+11 4.252473e+11 -2.125797e+12 -1.955630e-02 7.657942e-02 -9.968717e-01 4.429001e+00 0 142848
8.985177e+12 1.736400e+13 1.253973e+13 4.034170e-01 7.562974e-01 5.150428e-01 7.382135e+00 0 5
9.454023e+11 3.785662e+11 -1.752465e+12 5.095083e-01 8.959269e-02 -8.557888e-01 -1.776007e+00 0 11291
7.488497e+10 1.349441e+11 2.412708e+12 5.793210e-01 2.813028e-01 7.650202e-01 -5.747203e+00 0 5
5.585390e+11 -1.520721e+12 1.023524e+12 -2.580700e-02 -4.408207e-01 8.972241e-01 8.222095e+00 0 3
6.399008e+11 -2.791854e+12 -5.553328e+11 2.278867e-01 -9.717793e-01 6.093086e-02 -4.542810e+00 0 138136
-4.645373e+11 1.509689e+11 1.656014e+12 -9.038072e-01 -1.868040e-02 4.275319e-01 -1.260971e+00 0 19670
2.659073e+11 1.748419e+12 -7.613395e+11 -3.563879e-02 6.675236e-01 -7.437353e-01 -2.442260e+00 0 43745
8.783299e+12 1.219075e+13 -1.466293e+12 6.328525e-01 7.605583e-01 -1.450823e-01 -2.325994e+00 0 1
-9.087487e+11 1.377588e+12 5.904695e+11 -3.495161e-01 8.724395e-01 3.415959e-01 -6.448101e+00 0 5
-3.699208e+12 2.424065e+12 -1.778336e+12 -8.822917e-01 3.469836e-01 -3.180624e-01 -2.612530e+00 0 2
1.060029e+12 -1.285108e+12 2.142013e+12 4.599356e-01 -8.408096e-01 2.854795e-01 -7.197550e+00 0 176930
4.924142e+10 -3.353672e+12 9.981287e+11 -2.355438e-01 -9.092153e-01 3.432879e-01 5.018605e+00 0 1
-2.803754e+11 1.621044e+12 4.659702e+11 -1.797759e-01 9.690450e-01 1.692109e-01 -1.336234e+00 0 66032
-2.417910e+12 -4.255312e+11 9.258773e+11 -7.360274e-01 9.236411e-02 6.706210e-01 1.286602e+00 0 376516
-6.993676e+11 3.375339e+12 2.111368e+12 -3.129486e-01 8.899452e-01 3.317541e-01 1.088266e+01 0 29166
3.830337e+11 1.075612e+12 1.952169e+12 -7.991652e-02 4.843503e-01 8.712165e-01 3.654764e+00 0 29253
-1.291854e+12 -6.403061e+11 -9.742675e+11 -9.446492e-01 -3.267220e-01 -2.984488e-02 1.263197e+00 0 71377
-2.564997e+11 1.672827e+12 8.269075e+11 -5.442747e-01 6.833889e-01 4.865641e-01 3.603534e+00 0 1
-4.354182e+12 1.495218e+11 -6.412233e+11 -9.866517e-01 1.331649e-01 9.373154e-02 2.819070e+00 0 3
1.653562e+12 -3.471172e+11 3.318308e+11 3.151361e-01 -1.690377e-01 9.338713e-01 -2.555969e+00 0 25691
1.730717e+12 -3.758865e+10 -1.280888e+11 9.954690e-01 -9.177737e-02 2.486756e-02 1.380834e+00 0 7590
4.959018e+11 1.166400e+11 -2.712019e+12 -4.357092e-02 -2.560920e-01 -9.656700e-01 6.126372e+00 0 1
1.586314e+12 -6.867096e+11 5.568218e+11 6.150419e-01 7.537815e-02 7.848831e-01 1.000525e+01 0 40157
-9.127914e+08 2.472343e+12 3.042395e+11 1.184207e-01 9.876659e-01 1.024332e-01 -1.071453e+01 0 1
-3.281967e+12 -2.522870e+12 1.931608e+12 -7.878907e-01 -4.322991e-01 4.385723e-01 -4.702074e-01 0 1
-2.884344e+12 7.278425e+11 -4.335826e+11 -9.870328e-01 -1.144005e-01 1.126002e-01 1.328543e+01 0 28887
-2.857362e+12 2.167336e+12 1.067579e+11 -7.854710e-01 5.760838e-01 2.261920e-01 4.891961e+00 0 28555
6.485718e+11 6.687190e+11 -1.486809e+12 5.782648e-01 8.088530e-01 1.066139e-01 3.365680e+00 0 1
2.511657e+12 -1.822835e+12 -8.623749e+11 7.773944e-01 -5.054785e-01 -3.743654e-01 5.929262e+00 0 103973
-1.138895e+12 -9.757932e+11 -3.057397e+12 -4.074837e-01 -1.941182e-01 -8.923425e-01 -4.570465e+00 0 1
1.568915e+12 3.885097e+11 9.952769e+11 7.055787e-01 -1.150829e-01 6.992243e-01 -5.169072e-01 0 404446
1.143425e+12 1.175602e+12 -9.966371e+11 9.614613e-01 2.122298e-01 -1.747878e-01 -4.642908e+00 0 22317
-8.721145e+11 -1.800628e+12 -7.621177e+10 1.815971e-01 -9.833401e-01 8.044364e-03 2.437299e+00 0 1
-1.842020e+12 -1.198673e+12 2.006449e+12 -2.297533e-01 -2.900584e-01 9.290208e-01 8.273843e+00 0 147180
1.479017e+12 5.280567e+11 3.028262e+12 3.454031e-01 4.563177e-01 8.200432e-01 -4.326989e-01 0 213624
9.912858e+11 -8.089251e+11 -1.575928e+12 8.839034e-01 1.579520e-01 -4.401886e-01 1.461025e+01 0 1
8.863959e+11 1.597992e+12 2.678637e+11 -1.390617e-01 6.946441e-01 -7.057843e-01 4.498764e+00 0 736966
-9.589601e+10 8.355701e+11 -2.152473e+12 1.768057e-01 3.525670e-02 -9.836141e-01 -4.415409e+00 0 61433
1.584446e+12 -6.020319e+11 5.292332e+11 7.828301e-01 6.215293e-01 -2.963614e-02 1.126421e+01 0 56232
1.133067e+12 7.382451e+11 1.114457e+12 6.346081e-01 6.039354e-01 4.822184e-01 4.120425e+00 0 217548
1.468505e+12 6.946226e+11 1.342469e+12 9.582767e-01 3.368568e-02 2.838505e-01 -1.269481e+01 0 92666
1.628195e+12 -1.298609e+11 -1.379249e+12 4.987620e-01 1.994759e-01 -8.434725e-01 -3.481342e-01 0 45117
-3.816364e+12 -2.603751e+12 2.445339e+12 -7.355726e-01 -3.577653e-01 5.752712e-01 2.313547e+00 0 2
2.424788e+12 4.531853e+11 1.815482e+12 7.479848e-01 -3.577660e-01 5.590368e-01 -1.815223e+01 0 1
2.158372e+11 1.034082e+12 2.046245e+12 2.270438e-01 -1.647798e-02 9.737451e-01 -6.726094e+00 0 2
-1.279158e+12 -2.949440e+11 1.094099e+12 -7.799596e-01 4.248721e-01 4.595071e-01 -1.175542e+01 0 10836
4.824622e+11 6.825336e+11 1.543754e+12 -3.770206e-01 6.804012e-01 6.284184e-01 7.793241e+00 0 57333
1.414274e+11 2.131303e+12 3.074030e+11 4.139688e-01 8.853009e-01 -2.118305e-01 -1.313643e+01 0 2
-9.463221e+11 -1.544896e+11 -1.761346e+12 -4.187116e-01 -6.719844e-01 -6.108335e-01 1.157882e+01 0 2
-1.435152e+12 -5.257525e+11 7.673341e+11 -7.543601e-01 -5.575551e-01 3.465158e-01 4.109754e+00 0 12169
-7.624247e+12 4.406764e+11 2.474793e+12 -9.442483e-01 1.563305e-01 2.897515e-01 4.361656e+00 0 1
1.237092e+12 1.292813e+12 5.468956e+11 9.421147e-01 1.966001e-01 -2.716031e-01 -1.553805e+01 0 3
-7.828818e+11 -7.081421e+12 7.049320e+12 -1.236152e-01 -6.343068e-01 7.631345e-01 -1.004241e+01 0 2
1.049656e+12 1.009867e+12 -8.735981e+11 8.616486e-01 4.150101e-01 -2.921102e-01 -5.302404e+00 0 64121
8.918121e+11 -1.479539e+12 -2.225617e+11 8.183484e-01 -5.656671e-01 -1.016199e-01 7.767731e+00 0 23799
-7.711387e+11 1.456470e+11 1.583578e+12 -9.155469e-01 -3.692040e-01 1.595693e-01 -1.495576e+00 0 51436
-2.053282e+12 7.247591e+11 1.013873e+12 -8.099856e-01 4.293633e-01 3.994629e-01 -7.426942e+00 0 2
-2.036283e+12 -3.538425e+11 1.102080e+12 -8.473743e-01 -5.159349e-01 -1.255708e-01 4.094185e-02 0 1
-8.290328e+11 1.126685e+11 1.628475e+12 -1.262933e-01 6.387631e-01 7.589675e-01 -7.290703e+00 0 342917
2.639340e+12 4.098076e+11 -9.779688e+11 9.770471e-01 2.129891e-01 -3.830225e-03 -5.874258e-01 0 318712
-2.016223e+12 -3.593223e+12 2.460953e+11 -1.996173e-01 -9.792082e-01 -3.611474e-02 1.402921e+01 0 3
4.474349e+11 2.045531e+12 2.146667e+12 -1.376859e-01 8.920019e-01 4.305522e-01 5.415948e-01 0 1
-3.131038e+12 -6.718090e+11 -1.294650e+12 -8.895021e-01 9.448787e-02 -4.470550e-01 -1.692216e+01 0 2
-4.701960e+11 -1.330123e+11 1.698483e+12 -6.746883e-01 -8.988847e-02 7.326089e-01 -2.586485e+00 0 155487
-8.396944e+11 -1.450847e+12 -2.582841e+11 -3.990262e-01 -5.952294e-01 6.974813e-01 -1.389169e+00 0 11150
-6.366268e+11 -2.754315e+11 -1.680952e+12 -5.927570e-01 -2.124660e-01 -7.768509e-01 3.356785e+00 0 361899
5.795304e+09 -1.707195e+12 4.758079e+11 3.879339e-01 -5.730821e-01 7.218616e-01 2.071527e+00 0 3
-1.616991e+12 -1.403807e+12 9.248715e+11 -6.895534e-01 -7.620905e-02 7.202141e-01 -1.328115e+01 0 10207
-1.101295e+11 2.413590e+12 7.862571e+11 3.831597e-01 9.075247e-01 1.720103e-01 -1.564972e+01 0 1
-2.764406e+12 1.329674e+12 -7.641553e+11 -8.498545e-01 1.548982e-01 -5.037399e-01 2.179936e+00 0 65129
2.339657e+12 1.131804e+12 -1.277995e+12 9.197156e-01 -1.550236e-01 -3.606811e-01 -2.033806e+01 0 1
1.595283e+12 2.852313e+11 -1.093714e+12 1.828993e-01 4.695186e-01 -8.637709e-01 -2.045779e+00 0 4
-2.474211e+11 -6.579487e+11 -1.866670e+12 2.151516e-01 1.378010e-01 -9.668095e-01 5.923330e+00 0 2
-1.830413e+12 -2.744190e+12 1.110522e+12 -6.424916e-01 -7.639491e-01 5.988648e-02 -9.230740e+00 0 375536
1.587843e+11 -1.945936e+12 -1.777935e+12 -1.905086e-01 -8.698675e-01 -4.550133e-01 -6.159444e-01 0 5
8.821189e+12 3.414276e+11 -8.498911e+12 7.641300e-01 5.479120e-02 -6.427311e-01 -6.371743e+00 0 1
7.556402e+12 -6.061449e+12 5.124008e+12 7.231075e-01 -5.233335e-01 4.508188e-01 -5.930837e-01 0 91256
1.678082e+12 -6.651364e+11 -5.115598e+10 6.115798e-01 -7.175289e-01 -3.333504e-01 -6.236992e+00 0 14968
1.720863e+12 -6.541166e+11 2.314446e+12 4.823432e-01 -5.101398e-01 7.121112e-01 -1.035044e+01 0 306360
1.434080e+12 -4.862454e+11 -8.049210e+11 1.953128e-01 -9.331539e-01 3.017892e-01 -1.410486e+01 0 2
2.358660e+12 -3.091376e+12 -9.746520e+11 7.703190e-01 -5.884865e-01 -2.455449e-01 2.077968e+01 0 2
1.303551e+12 -1.241709e+11 -1.640952e+12 4.640462e-01 2.117319e-02 -8.855579e-01 5.766289e+00 0 305311
-1.248566e+12 -2.050432e+12 1.951770e+12 -4.852396e-01 -2.033737e-01 8.504009e-01 -1.343265e+01 0 1
-1.584338e+12 1.820508e+12 1.292821e+11 -6.600622e-01 6.315887e-01 4.067106e-01 7.384918e+00 0 300278
-2.958328e+11 -1.073390e+12 1.611035e+12 -4.410564e-01 -5.719999e-01 6.915818e-01 -5.620002e+00 0 230958
-1.958894e+12 1.332721e+12 -3.312486e+12 -4.462174e-01 3.904101e-01 -8.052763e-01 4.822793e+00 0 57324
2.303403e+12 -1.390488e+12 1.011331e+12 5.535473e-01 -7.852552e-01 2.774161e-01 -8.842570e+00 0 78584
1.452702e+12 -1.596714e+12 1.662509e+11 2.570066e-01 -9.031737e-01 -3.438384e-01 -8.107988e+00 0 73734
7.250332e+11 1.413538e+12 -9.815370e+11 -1.516479e-01 6.395314e-01 -7.536594e-01 9.468126e+00 0 56168
6.443576e+11 1.136109e+11 1.719010e+12 -4.143890e-01 -5.748760e-01 7.055489e-01 -5.733586e+00 0 48838
-4.443371e+12 7.594253e+11 -2.386017e+12 -8.746037e-01 -1.098647e-02 -4.847141e-01 8.730798e+00 0 31716
1.923064e+12 -1.028324e+12 -1.475918e+12 7.128569e-01 -5.142595e-01 -4.768356e-01 3.997657e+00 0 42855
3.371631e+12 4.439428e+11 2.476740e+12 5.838266e-01 2.522505e-01 7.716970e-01 1.126229e-01 0 2
-4.535233e+12 -6.258598e+12 -1.432164e+11 -5.800770e-01 -8.131142e-01 4.853884e-02 -5.584311e+00 0 254602
1.318063e+12 1.026819e+12 1.002469e+12 6.913229e-01 7.082865e-01 -1.428384e-01 -2.378121e+00 0 6
-1.614086e+12 7.308191e+11 4.578557e+11 -9.549566e-01 2.967432e-01 -1.195780e-03 4.212897e+00 0 10848
-2.798298e+12 6.985111e+11 5.436116e+11 -7.948491e-01 5.027258e-01 3.398259e-01 -1.346974e+01 0 1
7.717148e+11 -2.010519e+12 -2.324849e+12 4.068301e-01 -5.334136e-01 -7.415923e-01 -1.492664e+00 0 1
-3.377189e+11 2.188882e+12 1.304227e+11 3.757740e-01 8.577154e-01 3.508819e-01 -1.797483e+01 0 1
-3.526710e+12 5.958836e+11 3.259866e+12 -7.821174e-01 -1.283524e-01 6.097689e-01 2.384205e+00 0 89592
1.506850e+12 -1.060231e+12 4.134640e+11 6.013805e-01 -7.710143e-01 -2.094718e-01 -1.015416e+01 0 4
-1.621132e+12 -9.253655e+11 5.181912e+10 -9.829797e-01 -1.000960e-01 1.540513e-01 -9.950429e+00 0 1
4.400992e+12 4.031626e+12 -6.178878e+11 6.014015e-01 7.312408e-01 -3.218743e-01 1.021549e+01 0 1
-1.306590e+12 5.411643e+11 -9.596631e+11 -3.475875e-01 7.719664e-01 -5.322131e-01 -5.440027e+00 0 80633
8.636580e+11 -1.001589e+12 1.153204e+12 6.963853e-01 -5.563249e-01 4.533764e-01 -3.366992e-01 0 599417
1.785089e+12 1.860432e+12 2.261272e+11 7.409148e-01 5.776737e-01 3.425468e-01 3.331255e+00 0 681
-9.358487e+11 -1.181754e+12 -8.010411e+11 -3.733229e-01 -6.951530e-01 -6.143227e-01 1.090556e+01 0 1
8.276995e+11 1.199924e+12 -2.649498e+12 2.837255e-01 1.801197e-02 -9.587364e-01 -7.257967e+00 0 97494
2.644541e+10 1.061138e+12 -1.322857e+12 -7.967214e-01 5.394868e-01 -2.723767e-01 6.463164e+00 0 35051
2.232606e+12 1.316748e+12 -7.927235e+11 9.162674e-01 3.983374e-01 4.220705e-02 -4.914051e+00 0 56905
8.492408e+11 1.137866e+13 5.330234e+12 6.523362e-02 9.379865e-01 3.404789e-01 -9.163082e+00 0 1
-7.531241e+11 -1.569233e+12 3.223506e+12 -2.387270e-01 -2.622847e-02 9.707324e-01 -1.013315e+01 0 3
1.458350e+12 -1.111344e+12 -9.626586e+11 7.692032e-01 -3.938682e-01 -5.031842e-01 7.792381e+00 0 1
2.820085e+11 1.099087e+12 -1.962924e+12 4.125943e-01 5.245512e-01 -7.447228e-01 -1.009445e+01 0 2
-5.254214e+11 -1.692338e+12 6.526919e+11 -5.395355e-01 -4.038319e-01 7.387972e-01 -6.669449e+00 0 68678
-5.110280e+11 6.526081e+11 2.228778e+12 2.646193e-01 4.497341e-01 8.530627e-01 3.885264e+00 0 1
-6.207001e+11 -7.043865e+12 2.422458e+12 5.330147e-02 -9.446647e-01 3.236780e-01 1.364993e+01 0 108010
-9.347839e+11 8.741677e+12 5.027292e+12 -2.341629e-02 7.949302e-01 6.062488e-01 3.409173e+00 0 1
2.021514e+12 -7.462786e+12 -7.702242e+12 2.019363e-01 -6.498465e-01 -7.327491e-01 1.476891e+01 0 1
-4.000042e+12 1.398086e+12 9.447919e+11 -9.091905e-01 1.302181e-01 3.954946e-01 1.064699e+01 0 69714
-6.757362e+11 -1.434314e+12 7.361873e+11 -8.219909e-01 -2.656389e-01 5.037529e-01 -1.573796e+01 0 4
2.677938e+12 1.392225e+12 -4.290735e+12 4.523578e-01 3.076882e-01 -8.370785e-01 -5.331963e+00 0 1
-7.420366e+11 -2.898118e+11 -1.534432e+12 -8.115254e-01 -5.322780e-01 2.410533e-01 4.580733e+00 0 183612
1.024868e+12 -6.904186e+11 -1.493624e+12 -1.574552e-01 -2.978800e-01 -9.415282e-01 -8.938708e-02 0 191330
-9.772739e+11 -2.327345e+11 -1.677301e+12 2.731521e-01 -5.382811e-01 -7.972712e-01 6.121149e+00 0 21644
3.956079e+11 -2.353767e+12 -1.176351e+12 2.395206e-01 -5.442422e-01 -8.040089e-01 -3.149584e+00 0 76932
-9.627698e+11 -1.468611e+12 -2.365481e+12 -6.007625e-01 -1.811104e-01 -7.786420e-01 -8.487954e+00 0 9854
4.315515e+12 -7.523134e+11 3.167327e+12 8.883156e-01 -1.313848e-01 4.400379e-01 -7.123933e+00 0 1
4.790825e+12 -2.676563e+12 -8.571482e+12 4.067604e-01 -1.750473e-01 -8.966072e-01 1.225934e+01 0 2
1.189243e+11 1.110874e+11 2.719380e+12 3.347984e-01 -1.266150e-01 9.337445e-01 -4.920240e+00 0 87124
7.939826e+12 9.911308e+12 4.286276e+12 5.787201e-01 7.007549e-01 4.171638e-01 -1.096933e+01 0 1
1.192147e+12 7.316723e+11 1.554177e+12 4.542157e-01 3.574491e-01 8.160381e-01 -2.800806e+00 0 20904
-9.143396e+12 9.383475e+12 6.040188e+12 -5.958416e-01 6.730542e-01 4.381448e-01 4.738433e+00 0 1
-6.134086e+11 -1.683446e+12 6.773652e+11 3.969903e-01 -9.151950e-01 -6.940301e-02 8.043856e+00 0 54720
-9.016299e+11 1.108893e+11 -3.097576e+12 -6.967546e-02 -9.146495e-02 -9.933678e-01 5.268464e+00 0 1
3.537330e+13 6.364468e+12 5.115339e+12 9.741869e-01 1.521538e-01 1.667608e-01 3.864195e+00 0 1
3.477175e+12 -3.212962e+12 3.188061e+12 4.882595e-01 -5.723493e-01 6.588011e-01 -1.058251e+01 0 1
-3.646365e+12 4.762118e+11 -4.596986e+12 -7.743522e-01 1.711623e-01 -6.091652e-01 3.786243e+00 0 1
2.380874e+12 2.301946e+12 -5.654045e+11 4.104850e-01 8.121089e-01 -4.147061e-01 -1.522511e-01 0 1
-1.172954e+12 9.082519e+11 9.438159e+11 -6.964527e-01 6.978854e-01 1.670615e-01 -1.459903e+00 0 65484
1.109987e+12 1.676600e+12 1.051150e+12 6.076848e-02 9.865538e-01 1.517194e-01 2.004872e+01 0 1
-1.841833e+12 2.856213e+12 -1.415836e+12 -4.391340e-01 8.274279e-01 -3.500348e-01 4.836892e+00 0 6
6.924537e+11 2.673749e+12 -2.043746e+11 4.418110e-01 8.965307e-01 -3.218296e-02 -5.994793e-01 0 528399
-2.521010e+12 -2.160590e+12 1.351815e+10 -4.668585e-01 -8.381094e-01 -2.821627e-01 1.697426e+01 0 1
-6.020693e+12 3.082407e+11 5.824190e+11 -9.402838e-01 -1.085919e-02 3.402184e-01 -7.094982e+00 0 2
-4.324899e+11 1.043957e+12 3.432096e+12 -8.835485e-02 2.952998e-01 9.513104e-01 -5.870636e+00 0 2
-2.756086e+12 -1.225615e+12 1.716504e+10 -9.478830e-01 -3.167532e-01 3.442752e-02 2.748601e+00 0 2
1.553281e+12 -1.972652e+12 2.355101e+12 6.481519e-01 -7.159470e-01 2.594592e-01 -3.945177e+00 0 3133
2.820470e+11 4.982301e+11 -1.835660e+12 6.115724e-01 2.005247e-01 -7.653555e-01 1.581068e+00 0 151087
1.465332e+12 6.151858e+11 -6.175689e+11 8.092151e-01 4.436693e-01 3.851344e-01 8.905611e-01 0 255056
2.882253e+11 1.914007e+12 5.154952e+11 -3.974121e-01 9.071638e-01 -1.382660e-01 1.424694e+01 0 2
-4.281251e+11 2.019998e+12 4.355707e+10 -3.154536e-02 9.582135e-01 2.843092e-01 2.393696e+00 0 1
-6.628989e+12 -8.971986e+12 4.289345e+12 -5.396385e-01 -7.546237e-01 3.732739e-01 1.004089e+01 0 4
-2.004505e+12 2.076708e+12 -1.372324e+12 -5.934505e-01 5.260859e-01 -6.091388e-01 1.047017e+01 0 1
-9.590838e+11 -1.759464e+12 9.107354e+11 -4.657504e-01 -8.075776e-01 3.617941e-01 8.588680e+00 0 1
4.689740e+11 -6.465733e+11 1.840084e+12 -4.895486e-02 -8.670490e-01 4.958120e-01 -9.217760e+00 0 1
-1.010566e+12 -1.323614e+12 9.139336e+11 -3.709083e-01 -5.857478e-01 7.206432e-01 -3.983257e+00 0 169478
4.660075e+11 1.430847e+12 7.885531e+11 6.678600e-01 6.351539e-01 3.879981e-01 -3.064124e+00 0 134412
3.909709e+12 -4.677266e+12 -1.917351e+12 4.844678e-01 -8.603681e-01 -1.582962e-01 1.703884e+00 0 1
-2.403564e+11 1.119362e+12 1.638880e+12 -2.376150e-01 6.987429e-01 6.747573e-01 6.561956e+00 0 2
-2.087850e+12 9.392494e+10 9.859381e+11 -8.842474e-01 1.550682e-02 4.667612e-01 -5.016765e+00 0 116903
2.333359e+12 -2.733154e+11 4.891626e+11 9.277864e-01 -2.254619e-01 -2.972864e-01 -9.873385e+00 0 1
5.401438e+12 -6.542393e+12 -3.757841e+12 6.627785e-01 -6.452215e-01 -3.800183e-01 -6.028636e-01 0 1
-4.146844e+11 6.530745e+11 -1.612961e+12 -8.167286e-01 3.522313e-01 -4.570421e-01 2.636573e+00 0 168521
5.728539e+11 8.072940e+11 1.377619e+12 7.434709e-01 4.148497e-01 5.245482e-01 -1.504052e-01 0 109965
-4.965492e+11 -1.599861e+12 -6.630622e+11 -3.570253e-01 -8.878664e-01 2.902173e-01 2.564761e+00 0 40097
-1.369523e+12 8.254817e+11 3.077466e+12 -4.472365e-01 5.236901e-01 7.250711e-01 -8.466852e+00 0 1
4.832938e+11 -1.344249e+12 -1.714855e+12 4.778903e-01 -8.219669e-01 -3.098245e-01 7.235995e+00 0 12613
1.346964e+12 2.272098e+12 -1.814861e+12 4.108329e-01 6.358878e-01 -6.533476e-01 2.317358e+00 0 206280
1.225248e+12 1.134644e+12 -1.161255e+12 5.969939e-02 9.091825e-01 -4.120961e-01 3.081911e-01 0 1
-1.618886e+12 3.118811e+12 -1.363899e+12 -6.764354e-01 6.423709e-01 -3.602704e-01 1.784928e+01 0 3
-7.019248e+11 2.171308e+12 2.056918e+12 9.779891e-02 3.249682e-01 9.406546e-01 -7.390717e+00 0 80911
-8.457104e+11 -1.073385e+12 -1.384434e+12 8.716048e-03 -9.997912e-01 -1.847981e-02 3.663528e+00 0 42304
1.994312e+12 -3.926882e+11 2.596747e+12 8.325161e-01 -2.861434e-01 4.743827e-01 -6.441247e+00 0 1
-1.228983e+11 -2.313839e+12 8.700723e+11 2.095011e-01 -9.315033e-01 2.973396e-01 1.080597e+01 0 2
4.058573e+11 1.119636e+13 -3.187934e+12 -1.059242e-02 9.512653e-01 -3.081917e-01 -6.544259e+00 0 1
1.779594e+13 1.058527e+13 -1.665837e+13 6.464915e-01 3.777331e-01 -6.628472e-01 1.254586e+01 0 1
2.015531e+12 1.564363e+12 -2.153023e+12 6.546321e-01 2.407871e-01 -7.165741e-01 6.650160e+00 0 2
-6.171425e+11 -3.528755e+12 4.815540e+12 1.968019e-02 -6.320711e-01 7.746605e-01 -2.364592e+00 0 2
-7.126439e+11 1.995044e+12 6.502603e+11 -5.171191e-01 8.283781e-01 2.153543e-01 5.450658e+00 0 1
4.257982e+12 -1.448654e+12 -3.430520e+12 5.924022e-01 -4.686360e-01 -6.553167e-01 -3.326132e+00 0 1
-5.825227e+12 8.698222e+12 3.227946e+11 -6.482755e-01 7.593419e-01 -5.602470e-02 1.799837e+01 0 1
-8.695412e+11 -2.722936e+11 1.617913e+12 -9.329533e-01 -2.660920e-01 2.424731e-01 -4.527607e+00 0 236484
-1.131236e+12 5.959619e+11 1.137030e+12 -2.160899e-01 -4.375642e-02 9.753925e-01 6.418586e+00 0 38933
-1.745633e+12 -7.403863e+11 8.089068e+11 -9.026344e-01 -3.183344e-01 -2.896799e-01 -3.646345e+00 0 52305
-4.811468e+11 8.226144e+11 1.413379e+12 -4.764617e-01 6.203868e-02 8.770037e-01 -3.838409e-01 0 21791
2.242902e+12 -3.744471e+12 3.105656e+11 2.760425e-01 -9.364738e-01 2.163733e-01 -6.214031e+00 0 47211
-9.148699e+11 1.400576e+12 3.992102e+11 -7.453898e-01 5.007789e-01 -4.400165e-01 1.138565e+01 0 91388
3.433013e+12 -4.979998e+12 1.840602e+12 6.770479e-01 -6.174731e-01 4.004162e-01 1.741521e+01 0 28014
-1.468689e+12 -2.093044e+11 1.139172e+12 -8.901529e-01 -3.756902e-01 2.578462e-01 9.523146e+00 0 2
-3.490555e+11 -7.601081e+11 -2.954933e+12 -3.174757e-01 -1.699588e-01 -9.329111e-01 3.359052e+00 0 38769
1.733271e+11 2.373232e+12 -1.337490e+12 3.088938e-01 5.499468e-01 -7.759788e-01 -6.507187e-01 0 1
5.364331e+11 -2.928653e+10 1.982750e+12 6.348477e-01 5.374847e-01 5.550483e-01 -5.333674e-01 0 128114
-2.480462e+12 -2.171001e+12 6.028560e+11 -7.918529e-01 -6.048343e-01 8.452428e-02 3.866611e+00 0 3
1.311746e+11 -1.838547e+12 -8.894874e+11 1.668824e-01 -9.027867e-01 -3.963919e-01 5.983906e+00 0 308283
1.820611e+12 6.536457e+11 8.206510e+11 6.304556e-01 7.726402e-01 7.451744e-02 1.440693e+01 0 2
-7.206421e+11 5.516778e+12 -9.138799e+12 4.273008e-02 5.451239e-01 -8.372658e-01 -1.414409e+01 0 2
7.189827e+11 1.177731e+12 2.279198e+12 4.622534e-01 5.709288e-01 6.784999e-01 2.808639e+00 0 65762
1.546735e+12 5.000945e+11 9.251117e+11 7.581696e-01 -4.351225e-01 4.856410e-01 -1.133419e+01 0 495807
1.662602e+12 -1.481395e+12 7.105082e+10 5.365291e-01 -7.808979e-01 -3.198984e-01 -8.761674e+00 0 35569
-4.215208e+11 1.842013e+12 1.410227e+11 2.572889e-01 5.252212e-01 8.111382e-01 -1.147189e+01 0 1
-1.979720e+11 -7.438247e+11 -1.927382e+12 -1.295055e-01 -6.152823e-01 -7.775963e-01 3.302192e+00 0 176751
1.127631e+12 -2.640728e+12 -8.069065e+11 8.977257e-02 -9.294190e-01 -3.579402e-01 -1.077027e+01 0 134713
-5.044290e+11 -1.227474e+12 1.267521e+12 -7.531229e-01 -3.452938e-01 5.599805e-01 -9.486519e+00 0 37661
1.234526e+13 -2.009591e+13 -1.405374e+13 4.232313e-01 -7.629152e-01 -4.887082e-01 -2.218747e+01 0 2
-3.046967e+12 5.079981e+12 4.433134e+12 -2.222633e-01 7.708797e-01 5.969452e-01 -1.890738e+01 0 1
1.095242e+12 -1.437573e+12 -2.591147e+12 6.479236e-01 -1.684331e-01 -7.428494e-01 1.075796e+01 0 1
-7.735220e+11 -2.273318e+12 -1.610044e+12 8.696590e-03 -9.775744e-01 -2.104106e-01 1.196472e+01 0 1
3.548915e+11 -8.590955e+11 -1.713155e+12 -9.763442e-02 -7.191062e-01 -6.880071e-01 5.835355e-01 0 36042
5.024704e+12 2.197696e+12 -1.250069e+12 9.356104e-01 2.317680e-01 -2.663021e-01 4.134251e+00 0 1
-1.598896e+12 -2.069221e+12 -2.152736e+12 -2.582169e-01 -4.987878e-01 -8.273662e-01 1.002958e+01 0 2
-7.646117e+12 5.101561e+12 7.777094e+10 -8.914932e-01 4.500700e-01 5.173859e-02 2.103428e+01 0 1
-1.327856e+12 -7.681831e+11 -8.427804e+11 -1.382165e-01 8.441006e-02 -9.867984e-01 -3.339322e+00 0 4673
-1.512082e+12 -8.488949e+11 -4.702350e+11 -7.852654e-02 -8.606080e-01 -5.031774e-01 7.884755e+00 0 2
1.716308e+12 -5.095195e+11 -1.006507e+11 6.794626e-01 -2.380033e-01 -6.940353e-01 -4.955067e+00 0 90266
8.777072e+10 -8.327551e+11 1.478706e+12 2.238900e-04 -8.622908e-01 5.064133e-01 1.133077e+00 0 3
-6.392417e+11 8.623969e+11 2.849364e+12 -5.390543e-01 7.732718e-02 8.387139e-01 7.672844e+00 0 2
-9.372274e+11 -1.624727e+12 9.192272e+11 -7.492662e-01 -6.056035e-01 -2.680385e-01 4.089550e-01 0 25529
-5.071052e+12 -8.109316e+12 2.909959e+12 -4.760421e-01 -7.808077e-01 4.046273e-01 7.427955e+00 0 1
3.938132e+11 -1.216239e+12 -1.117616e+12 -6.378007e-01 -6.910260e-01 -3.401374e-01 -9.945999e+00 0 217686
5.559887e+11 7.474189e+10 1.645924e+12 6.537432e-01 2.978128e-01 6.956489e-01 -6.289870e-01 0 13045
9.111497e+11 7.103104e+11 -1.323513e+12 5.534387e-01 7.779136e-01 -2.975837e-01 3.132066e+00 0 23412
1.444833e+11 1.626798e+12 4.738249e+11 -3.211604e-01 6.563224e-01 -6.827128e-01 8.484790e+00 0 13259
-8.492060e+11 -1.976634e+12 8.209466e+11 -3.591599e-01 -8.079155e-01 4.672009e-01 -7.555040e+00 0 1
1.664471e+12 -3.403899e+10 1.032946e+12 8.786850e-01 -4.770221e-01 -1.904345e-02 -8.809223e+00 0 1
-2.409387e+12 -3.063580e+12 -7.578399e+11 -3.901246e-01 -8.243874e-01 -4.101076e-01 1.022932e+01 0 5832
2.583687e+12 1.660723e+12 -6.643136e+11 9.391515e-01 3.384694e-01 5.859171e-02 -9.159622e-01 0 1
-7.249449e+11 -1.107060e+12 -1.099175e+12 1.564189e-01 -7.250157e-01 -6.707350e-01 7.498470e+00 0 66610
1.257945e+11 -2.105965e+11 -2.146893e+12 -4.092235e-02 9.900378e-02 -9.942452e-01 4.132545e+00 0 44001
3.460265e+12 -1.153988e+12 -5.784264e+11 9.816023e-01 -3.059440e-02 1.884700e-01 1.809478e+01 0 1
-1.586292e+11 -1.628061e+12 -1.483242e+12 -8.426209e-02 -7.822216e-01 -6.172757e-01 -8.211921e+00 0 2
-8.292861e+11 1.486417e+11 -1.561464e+12 -2.894423e-01 6.180323e-01 -7.309304e-01 -6.185889e+00 0 118473
-2.478904e+12 -3.908606e+11 2.088529e+12 -6.446842e-01 -3.833932e-01 6.613561e-01 1.905846e+00 0 275749
1.286400e+12 -5.623929e+10 -1.794970e+12 7.185357e-01 -3.634371e-01 -5.929755e-01 -7.586107e+00 0 1
5.589727e+11 4.829406e+12 -6.787496e+10 1.150190e-01 9.908025e-01 -7.128095e-02 6.701271e+00 0 1
1.014144e+12 -2.420985e+12 1.059738e+12 4.028266e-02 -7.679239e-01 6.392732e-01 9.024641e-01 0 1
-1.304940e+12 1.526965e+12 -1.345482e+12 -4.507351e-01 8.916487e-01 -4.243255e-02 -1.185088e+00 0 1
1.221781e+12 1.361306e+12 -3.156067e+12 2.002731e-01 4.764828e-01 -8.560694e-01 6.169927e+00 0 1
1.628843e+12 3.902830e+11 6.083733e+11 5.730525e-01 6.080215e-01 5.494730e-01 5.768962e+00 0 430962
-9.477843e+11 -4.628988e+11 -1.872533e+12 -8.131654e-02 7.578947e-02 -9.938026e-01 2.488175e+00 0 55936
-1.031157e+12 9.115805e+11 1.970868e+12 -7.095673e-01 2.693091e-01 6.511427e-01 5.910436e+00 0 89006
-3.891364e+12 1.691120e+11 6.030658e+12 -6.048742e-01 1.436442e-01 7.832583e-01 -2.290432e-01 0 21717
-5.951054e+11 2.457812e+12 8.371964e+11 -4.827574e-01 4.820294e-01 7.311587e-01 1.479811e+01 0 1
-1.539156e+12 1.687490e+12 4.288666e+11 -2.055550e-01 9.534874e-01 2.204743e-01 -1.257841e+01 0 77990
1.248879e+12 9.661003e+11 1.888720e+12 8.001276e-01 6.690532e-02 5.960868e-01 -9.748439e+00 0 2
-1.798966e+12 1.055851e+12 -1.193238e+12 -8.008077e-01 4.058278e-01 -4.404665e-01 6.034253e+00 0 1
-1.919171e+12 -6.062556e+11 1.278916e+12 -9.613429e-01 2.736734e-01 3.037561e-02 -1.702074e+00 0 1
-7.635504e+11 -1.291497e+12 1.252914e+12 -4.314964e-01 -2.856887e-01 8.556827e-01 -1.204182e+01 0 2
2.329690e+12 7.953339e+12 8.596216e+12 1.468548e-01 7.602485e-01 6.328159e-01 -1.405007e+00 0 1
1.312057e+12 6.969845e+10 -1.333343e+12 3.845685e-01 -1.402817e-01 -9.123750e-01 -6.027451e+00 0 1
-6.484454e+11 1.976091e+12 -5.465054e+11 2.956066e-01 9.374541e-01 -1.838386e-01 -1.479799e+01 0 17953
-2.979406e+13 -2.307898e+11 -1.034094e+13 -9.388966e-01 3.510499e-02 -3.424044e-01 -2.079769e+01 0 1
-1.495873e+12 2.113192e+12 -3.000222e+12 -1.037782e-01 7.051360e-01 -7.014366e-01 1.419626e+00 0 2
-1.707085e+12 -7.153292e+11 9.136176e+10 -8.680332e-01 -4.938605e-01 5.118706e-02 7.630727e+00 0 1
