# 781
5.854896e+13 -3.670987e+13 -8.143358e+13 1.644245e-01 -9.854899e-01 -4.212144e-02 0.000000e+00 1
-2.727292e+13 -8.399569e+13 -9.420548e+13 4.216147e-01 8.641848e-01 -2.746373e-01 0.000000e+00 1
-1.009769e+14 5.731535e+13 -5.247783e+13 8.609657e-01 -4.767843e-01 -1.772423e-01 0.000000e+00 1
-5.099840e+13 4.317336e+13 5.092949e+13 4.806861e-01 -8.718578e-01 9.383400e-02 0.000000e+00 1
4.542260e+12 -1.066844e+14 -1.456266e+13 6.198467e-01 1.291509e-01 7.740220e-01 0.000000e+00 1
9.411402e+13 5.486257e+13 -7.665379e+11 4.208023e-01 2.854313e-01 8.610775e-01 0.000000e+00 1
1.251988e+14 6.143211e+13 7.707969e+13 4.760289e-01 6.037899e-01 6.394015e-01 0.000000e+00 1
1.924284e+12 3.550589e+13 4.391130e+13 8.207690e-02 5.559264e-01 8.271694e-01 0.000000e+00 1
-8.833079e+13 -7.612782e+12 8.735093e+13 4.726459e-01 3.452115e-01 -8.108235e-01 0.000000e+00 1
-8.226692e+12 -1.158752e+13 -1.265028e+14 -8.756766e-01 2.336190e-01 4.226260e-01 0.000000e+00 1
6.969294e+13 1.807826e+13 5.759516e+13 -9.773312e-01 -7.192563e-02 1.991243e-01 0.000000e+00 1
9.044622e+13 5.799178e+13 -8.897203e+13 -5.047345e-01 6.719534e-01 -5.419609e-01 0.000000e+00 1
7.863227e+13 1.209287e+14 3.537380e+13 6.854424e-01 5.040656e-01 -5.254395e-01 0.000000e+00 1
1.008748e+14 -7.563857e+13 7.531004e+13 3.884065e-01 8.159564e-01 -4.282003e-01 0.000000e+00 1
-3.579851e+13 -1.099904e+14 -1.098013e+13 -1.155888e-01 6.580285e-01 7.440683e-01 0.000000e+00 1
3.952737e+13 9.579684e+12 8.229118e+13 1.401409e-01 -1.255444e-01 9.821401e-01 0.000000e+00 1
1.076065e+14 1.200688e+14 4.455143e+13 -1.838158e-01 4.483706e-01 -8.747431e-01 0.000000e+00 1
-3.798793e+11 -7.932184e+13 1.483978e+14 8.098554e-01 -1.181780e-01 -5.746027e-01 0.000000e+00 1
-1.049383e+14 -2.035219e+13 4.889370e+13 -2.134252e-01 -2.522727e-01 9.438263e-01 0.000000e+00 1
-8.391521e+13 2.317605e+12 4.896015e+12 4.591609e-01 -8.185758e-01 -3.451158e-01 0.000000e+00 1
2.244550e+13 2.983858e+13 1.787106e+13 6.300786e-01 4.314534e-01 -6.456384e-01 0.000000e+00 1
7.825115e+13 -1.274610e+14 -5.619781e+13 2.672035e-01 -4.149495e-01 8.697237e-01 0.000000e+00 1
-1.452446e+14 4.188863e+13 -7.029094e+13 -2.652499e-01 -5.804099e-01 -7.699135e-01 0.000000e+00 1
5.557536e+12 2.720014e+13 -3.511975e+13 9.765254e-01 2.153666e-01 3.909455e-03 0.000000e+00 1
8.520212e+13 8.801945e+13 1.867719e+13 -1.804975e-01 2.031367e-01 9.623701e-01 0.000000e+00 1
3.477107e+13 4.429121e+13 1.583834e+14 -5.580589e-01 -3.816050e-01 7.368500e-01 0.000000e+00 1
-4.718565e+13 -1.123631e+14 -1.041334e+14 -9.286015e-01 -3.700476e-01 2.764100e-02 0.000000e+00 1
2.543275e+13 1.608252e+13 6.768143e+13 -6.240632e-01 -4.435472e-01 6.432815e-01 0.000000e+00 1
-1.203111e+14 6.380905e+13 -5.358260e+12 -8.977483e-01 4.342326e-01 7.409480e-02 0.000000e+00 1
-4.154134e+13 8.049925e+13 -9.135880e+13 8.396406e-01 -1.543683e-01 -5.207438e-01 0.000000e+00 1
1.036748e+14 2.708837e+13 6.027876e+12 -2.319563e-01 7.544808e-01 6.139666e-01 0.000000e+00 1
4.757587e+13 -6.171861e+13 -4.911804e+13 -5.061679e-01 8.276192e-01 2.425706e-01 0.000000e+00 1
-3.181771e+13 -8.883619e+13 6.997003e+13 -6.579885e-01 -6.437723e-01 -3.906513e-01 0.000000e+00 1
7.333539e+13 5.699221e+13 -1.140186e+14 -8.028236e-01 -3.308985e-02 -5.952977e-01 0.000000e+00 1
7.673945e+11 -5.458129e+13 1.060741e+14 1.042378e-01 8.768484e-01 4.693307e-01 0.000000e+00 1
-4.502589e+13 -9.556811e+13 -5.669368e+13 1.711891e-01 -3.553731e-01 -9.189147e-01 0.000000e+00 1
1.378732e+14 -7.585315e+13 2.036546e+13 8.016490e-01 -4.440127e-02 5.961438e-01 0.000000e+00 1
8.116140e+13 -4.647594e+13 1.111044e+14 3.574468e-01 2.459189e-01 -9.009749e-01 0.000000e+00 1
5.884424e+13 -1.296791e+13 -4.202712e+13 5.847042e-01 5.843856e-01 5.626850e-01 0.000000e+00 1
6.327345e+13 -1.444015e+14 -3.814818e+13 3.218105e-01 -1.626092e-02 -9.466645e-01 0.000000e+00 1
6.014417e+13 -3.941749e+13 -4.054298e+12 2.227590e-01 8.555253e-02 9.711123e-01 0.000000e+00 1
1.561505e+14 5.346127e+12 -5.188567e+13 -6.589983e-01 7.518265e-01 2.186859e-02 0.000000e+00 1
1.372924e+14 7.012249e+13 -4.366754e+13 -1.974400e-03 -2.185130e-01 9.758321e-01 0.000000e+00 1
-3.978415e+13 -2.047073e+13 -1.271669e+14 8.156992e-01 3.148938e-01 4.852594e-01 0.000000e+00 1
3.830415e+13 6.521453e+13 -6.245444e+13 8.340344e-02 9.060988e-01 4.147636e-01 0.000000e+00 1
-3.845987e+13 -9.886128e+12 3.291960e+13 -5.934476e-01 -3.161584e-01 7.401782e-01 0.000000e+00 1
7.490471e+13 1.252096e+14 -1.029759e+13 -8.020029e-01 5.535116e-01 -2.245355e-01 0.000000e+00 1
-1.210889e+14 -4.937592e+13 6.467658e+13 -8.264919e-01 5.589725e-01 6.678957e-02 0.000000e+00 1
5.043507e+13 -4.204068e+13 1.308756e+14 -2.785585e-01 9.180779e-01 2.820252e-01 0.000000e+00 1
-1.157410e+13 -7.352288e+13 1.397724e+14 3.864243e-01 7.462875e-01 -5.419698e-01 0.000000e+00 1
-3.098347e+13 -1.616269e+14 1.909131e+13 5.051068e-01 4.284268e-01 -7.492113e-01 0.000000e+00 1
-4.017178e+12 1.412931e+14 7.999735e+12 -3.340556e-01 -8.534277e-01 4.000849e-01 0.000000e+00 1
-1.092018e+13 -3.177869e+13 -7.655037e+13 -4.909296e-01 -9.206785e-02 -8.663208e-01 0.000000e+00 1
-7.043054e+13 -7.040639e+13 -5.987336e+13 5.093993e-01 7.647422e-01 3.945651e-01 0.000000e+00 1
1.522925e+13 -4.849993e+13 1.092455e+13 2.533079e-01 7.242407e-01 6.413349e-01 0.000000e+00 1
-8.965986e+13 -9.256657e+12 -7.195325e+13 8.916211e-01 -4.008848e-01 2.104834e-01 0.000000e+00 1
4.143548e+13 -1.300575e+13 1.030653e+14 6.854817e-01 -4.454518e-01 -5.759232e-01 0.000000e+00 1
3.636876e+13 -4.518225e+13 1.567116e+14 -6.161157e-01 -4.316875e-01 6.588228e-01 0.000000e+00 1
-4.236048e+13 3.947657e+13 1.504428e+14 -4.931473e-01 7.371012e-01 -4.620473e-01 0.000000e+00 1
3.460621e+13 8.955558e+13 8.294701e+13 2.815351e-01 3.790809e-01 8.814963e-01 0.000000e+00 1
-1.078326e+14 3.797740e+13 -3.745728e+13 -4.212752e-01 -1.362405e-03 9.069318e-01 0.000000e+00 1
1.127949e+14 7.236390e+13 5.212707e+13 2.116972e-01 -9.499900e-01 2.295719e-01 0.000000e+00 1
1.519845e+13 6.355809e+13 1.052007e+14 5.370681e-01 3.115353e-02 -8.429634e-01 0.000000e+00 1
3.258049e+13 -7.466223e+13 -5.328345e+13 -2.220243e-01 9.728396e-01 -6.548569e-02 0.000000e+00 1
-1.013123e+14 3.240019e+13 -9.700145e+13 2.795474e-01 9.475810e-01 -1.547369e-01 0.000000e+00 1
6.902635e+13 4.052653e+13 -3.336596e+13 9.069824e-01 4.080607e-01 -1.042564e-01 0.000000e+00 1
-5.718365e+13 1.297861e+14 4.919990e+13 -4.560573e-01 -2.759180e-01 -8.460975e-01 0.000000e+00 1
-3.049182e+13 1.255991e+14 -4.483341e+13 1.622203e-01 1.135438e-02 9.866892e-01 0.000000e+00 1
-1.089316e+14 1.976629e+13 4.066967e+13 -7.955595e-01 -6.057692e-01 1.135023e-02 0.000000e+00 1
-1.214565e+13 9.608244e+13 -1.020907e+14 -4.479573e-01 5.044622e-01 -7.381410e-01 0.000000e+00 1
-1.142930e+14 3.789167e+13 6.027887e+13 -9.568335e-01 -1.951526e-01 2.153720e-01 0.000000e+00 1
-1.200205e+14 8.631167e+13 -7.385073e+13 -5.944273e-01 -6.769381e-01 4.340634e-01 0.000000e+00 1
-1.267508e+14 -8.127158e+13 -2.706978e+13 -2.632001e-01 8.032617e-01 -5.343186e-01 0.000000e+00 1
9.348976e+13 2.568636e+12 -1.909543e+13 -2.580799e-01 2.856329e-01 9.229348e-01 0.000000e+00 1
5.874729e+13 2.669536e+13 -9.593207e+10 2.422686e-01 -8.823715e-01 4.033937e-01 0.000000e+00 1
1.892482e+13 -4.458809e+13 1.010839e+14 5.493212e-01 7.779488e-01 3.050277e-01 0.000000e+00 1
8.116621e+12 -1.463726e+11 1.169051e+14 7.753607e-01 2.826739e-01 5.647223e-01 0.000000e+00 1
-4.585853e+13 -1.005821e+14 1.214777e+14 9.489984e-01 -2.283079e-01 -2.174340e-01 0.000000e+00 1
-1.124082e+13 5.933613e+13 4.772778e+13 -3.675031e-01 -6.384680e-01 -6.762396e-01 0.000000e+00 1
-3.514464e+12 9.300846e+13 -4.144105e+13 4.158477e-01 7.605573e-01 -4.986214e-01 0.000000e+00 1
-4.854481e+13 1.249814e+14 7.452948e+13 -9.968078e-01 -3.987683e-02 -6.916637e-02 0.000000e+00 1
5.920423e+13 -9.085387e+13 -8.303227e+13 1.876451e-01 9.004922e-01 -3.923049e-01 0.000000e+00 1
5.219203e+13 1.037332e+14 8.495453e+13 6.125491e-01 -1.461708e-01 -7.767996e-01 0.000000e+00 1
3.008123e+13 -2.490491e+13 1.382719e+14 7.095616e-01 6.958227e-01 -1.111442e-01 0.000000e+00 1
1.316583e+14 -4.776677e+13 8.220121e+13 -9.470784e-01 -6.771552e-02 3.137787e-01 0.000000e+00 1
-1.906072e+13 4.455158e+13 -3.976247e+13 -8.654275e-01 -1.255914e-02 5.008767e-01 0.000000e+00 1
-1.221298e+14 5.794383e+13 -6.542668e+13 -8.535547e-01 4.778330e-03 5.209814e-01 0.000000e+00 1
-3.590950e+12 -4.577523e+13 8.849340e+13 -5.090185e-01 8.264932e-01 2.404352e-01 0.000000e+00 1
-8.282839e+12 -1.428038e+14 8.944544e+13 1.719371e-01 -6.133795e-01 7.708458e-01 0.000000e+00 1
-1.523611e+14 1.835164e+12 2.361048e+13 2.787786e-02 6.685299e-01 7.431625e-01 0.000000e+00 1
-8.165909e+12 -1.097439e+14 -7.842305e+12 5.263278e-01 2.853092e-01 8.009855e-01 0.000000e+00 1
-7.217156e+13 4.091723e+13 9.017216e+13 -3.585014e-01 7.762006e-01 -5.186419e-01 0.000000e+00 1
9.416580e+13 -9.049288e+13 -7.576321e+13 -4.194597e-01 -6.885671e-01 -5.915478e-01 0.000000e+00 1
9.956911e+12 1.253448e+14 1.568760e+12 6.191180e-01 5.553442e-01 5.552348e-01 0.000000e+00 1
1.821411e+13 3.715633e+13 -7.548277e+13 8.095861e-03 1.931639e-01 -9.811331e-01 0.000000e+00 1
-1.035640e+14 -1.422293e+13 -7.822426e+13 5.383635e-01 7.150936e-01 -4.458765e-01 0.000000e+00 1
-9.528861e+13 -9.908639e+13 6.516534e+13 9.422591e-01 -3.286521e-01 6.430822e-02 0.000000e+00 1
3.065347e+13 -9.320466e+13 3.850850e+13 5.142311e-01 5.778918e-01 6.337250e-01 0.000000e+00 1
1.405321e+12 -6.381283e+13 2.255598e+13 5.331350e-02 -9.263215e-01 -3.729426e-01 0.000000e+00 1
1.122223e+14 -6.748814e+11 -9.266320e+13 -4.720794e-01 8.661787e-01 1.639376e-01 0.000000e+00 1
7.477236e+13 4.750321e+13 -8.938771e+13 6.114728e-01 3.465494e-01 -7.113399e-01 0.000000e+00 1
1.321849e+13 -9.581572e+13 -4.735831e+13 4.504175e-01 -8.348635e-01 -3.164285e-01 0.000000e+00 1
1.072547e+14 -2.772507e+12 3.506295e+12 -8.928839e-01 4.423830e-01 -8.399838e-02 0.000000e+00 1
-8.821291e+11 -2.204115e+13 1.199533e+14 2.936606e-01 2.350539e-01 9.265598e-01 0.000000e+00 1
1.116164e+14 -3.790400e+13 -1.138533e+14 4.079693e-01 2.912586e-01 8.652916e-01 0.000000e+00 1
3.564392e+13 1.980282e+13 -7.915803e+13 -1.649747e-01 -6.622274e-01 -7.309160e-01 0.000000e+00 1
1.285357e+13 -8.298010e+13 8.520345e+13 -7.101593e-01 6.316144e-01 -3.110258e-01 0.000000e+00 1
4.927753e+13 1.119737e+13 1.320394e+14 -4.855295e-01 8.722221e-01 -5.907429e-02 0.000000e+00 1
3.772887e+13 1.193846e+13 -1.373239e+14 1.953471e-02 -7.944306e-01 6.070407e-01 0.000000e+00 1
4.066471e+13 -8.971218e+13 7.607119e+13 -8.756840e-01 4.759774e-01 -8.138245e-02 0.000000e+00 1
-4.364563e+12 1.246908e+14 3.525876e+12 1.678946e-01 7.603459e-01 6.274436e-01 0.000000e+00 1
1.400208e+14 -3.351647e+13 -4.043145e+13 4.398638e-01 -8.274738e-01 -3.490085e-01 0.000000e+00 1
-2.432875e+13 1.610160e+14 7.290181e+12 5.487422e-01 -3.757641e-01 7.467820e-01 0.000000e+00 1
8.444529e+13 -1.430621e+14 2.257856e+13 -2.423528e-01 -6.956728e-01 -6.762429e-01 0.000000e+00 1
1.137599e+14 -4.872001e+13 4.107209e+13 -9.577424e-01 2.476435e-01 -1.462951e-01 0.000000e+00 1
-7.576571e+13 -1.133774e+14 7.429990e+13 -4.116120e-01 -8.738345e-01 -2.588221e-01 0.000000e+00 1
6.237986e+13 -1.309826e+14 -3.509736e+12 5.989909e-01 -7.630758e-01 -2.427450e-01 0.000000e+00 1
-3.654361e+13 -1.465762e+14 -1.505937e+13 -8.008442e-01 5.622375e-01 -2.062464e-01 0.000000e+00 1
9.429302e+13 -4.966924e+12 1.018026e+14 -5.429370e-02 -9.181325e-01 -3.925364e-01 0.000000e+00 1
4.256051e+13 -1.923631e+13 3.246460e+13 2.900183e-02 -9.062385e-01 4.217709e-01 0.000000e+00 1
-6.856176e+12 -7.407847e+13 -5.749829e+13 6.788152e-02 8.750023e-01 4.793361e-01 0.000000e+00 1
4.298524e+13 -2.999333e+13 -1.240231e+14 3.459334e-01 -9.260166e-01 -1.510736e-01 0.000000e+00 1
4.396783e+13 1.277281e+14 -9.347535e+13 8.651975e-01 -3.973319e-02 -4.998546e-01 0.000000e+00 1
8.269244e+13 4.554710e+13 -1.305602e+14 5.506537e-01 -6.860600e-01 4.755020e-01 0.000000e+00 1
2.050463e+13 -1.646502e+14 2.899872e+13 -5.220251e-01 -8.325383e-01 -1.853907e-01 0.000000e+00 1
-5.127135e+13 -7.618767e+13 -6.733613e+13 8.067961e-01 5.839472e-01 8.992062e-02 0.000000e+00 1
-9.780221e+13 3.711982e+13 -1.184592e+13 6.608397e-01 -8.976854e-02 -7.451392e-01 0.000000e+00 1
5.636672e+13 1.880758e+13 -7.463476e+13 6.435748e-01 3.847746e-01 6.616343e-01 0.000000e+00 1
6.655089e+13 1.404867e+14 -2.887280e+13 -7.810163e-01 5.956125e-01 -1.877746e-01 0.000000e+00 1
-1.472753e+14 3.590638e+12 -7.480244e+13 -1.254874e-01 3.187028e-01 9.395113e-01 0.000000e+00 1
-2.381750e+13 4.277277e+13 1.379522e+14 -4.284861e-01 -8.448241e-01 3.204246e-01 0.000000e+00 1
6.541185e+13 6.376742e+13 4.238070e+13 -2.298238e-01 8.778057e-01 -4.202834e-01 0.000000e+00 1
-4.078112e+13 -3.129594e+13 -7.597090e+13 -6.510700e-01 7.469733e-01 -1.346800e-01 0.000000e+00 1
-3.867623e+13 -2.647349e+13 1.398781e+14 -7.542311e-01 3.941533e-01 5.251462e-01 0.000000e+00 1
-6.778915e+13 2.568255e+13 6.434335e+13 6.017021e-01 -2.821135e-01 -7.472393e-01 0.000000e+00 1
-4.355105e+13 2.959171e+13 9.891198e+13 -4.589204e-02 9.657861e-01 2.552471e-01 0.000000e+00 1
-9.008661e+13 -3.292423e+12 2.619032e+13 -3.553703e-01 8.963969e-01 -2.649236e-01 0.000000e+00 1
-3.054559e+13 3.792826e+13 1.486827e+14 5.811021e-01 1.918663e-01 -7.908904e-01 0.000000e+00 1
1.192759e+14 2.429214e+13 7.546597e+13 -1.066302e-01 9.672453e-01 2.303617e-01 0.000000e+00 1
-8.999210e+12 6.075056e+13 1.025591e+14 9.477504e-01 -2.104963e-01 -2.397091e-01 0.000000e+00 1
1.209220e+14 -8.247521e+13 3.327129e+13 -6.301270e-01 1.582617e-01 7.601929e-01 0.000000e+00 1
-5.694217e+13 4.441498e+13 -1.908234e+13 -4.570245e-01 -1.467079e-01 -8.772716e-01 0.000000e+00 1
7.885557e+13 7.727580e+13 1.350519e+13 2.845441e-01 -6.747108e-01 -6.810287e-01 0.000000e+00 1
5.225834e+13 -6.950298e+13 -7.179112e+13 -2.608481e-01 -6.869141e-01 6.783121e-01 0.000000e+00 1
9.413733e+12 3.779437e+13 3.465678e+13 -5.234570e-01 -5.885467e-01 -6.161214e-01 0.000000e+00 1
-1.220385e+14 -3.882740e+13 3.350028e+13 -8.702375e-01 2.680016e-01 -4.133544e-01 0.000000e+00 1
3.830904e+13 9.850215e+13 -9.696580e+13 9.210492e-01 2.947626e-01 -2.545258e-01 0.000000e+00 1
5.452755e+13 -9.424144e+13 9.518463e+13 8.656687e-01 -4.999938e-01 2.497809e-02 0.000000e+00 1
-1.179200e+13 1.326640e+13 5.265724e+13 2.875569e-01 -7.873438e-01 5.453446e-01 0.000000e+00 1
9.073763e+13 9.040728e+13 -8.693442e+13 7.676708e-01 -6.396863e-01 -3.850970e-02 0.000000e+00 1
-1.610051e+14 3.073726e+13 -1.429845e+13 -3.349454e-01 3.539007e-01 -8.732502e-01 0.000000e+00 1
4.915285e+13 7.656606e+12 -1.447760e+14 1.042942e-01 6.790026e-01 -7.266899e-01 0.000000e+00 1
5.712687e+13 1.091726e+14 -5.900375e+12 8.608405e-01 3.716903e-01 3.475629e-01 0.000000e+00 1
-2.772505e+13 -1.002788e+14 -2.932679e+13 6.619941e-01 -3.602668e-01 6.572454e-01 0.000000e+00 1
-1.608968e+13 -4.718482e+13 -8.905937e+13 -7.521247e-01 3.254709e-01 -5.730420e-01 0.000000e+00 1
2.152981e+13 1.340136e+14 -3.919114e+13 -6.266191e-01 3.608785e-01 6.907353e-01 0.000000e+00 1
-1.152519e+14 -6.800518e+13 6.287870e+13 -3.533930e-01 -8.066895e-01 -4.736723e-01 0.000000e+00 1
3.074941e+13 -6.126957e+13 -1.125412e+14 -3.959198e-01 8.132237e-01 -4.265147e-01 0.000000e+00 1
-8.079626e+13 -2.011695e+13 -3.058065e+13 -9.438000e-01 -3.032804e-01 -1.313874e-01 0.000000e+00 1
2.499566e+12 -6.453894e+13 6.256814e+13 2.609884e-01 8.876596e-01 3.794016e-01 0.000000e+00 1
7.721294e+13 -6.208703e+13 7.585285e+13 8.606506e-01 4.720298e-01 -1.909667e-01 0.000000e+00 1
1.323732e+14 -9.744551e+13 3.531196e+13 5.321245e-01 7.394866e-02 8.434306e-01 0.000000e+00 1
-1.283048e+13 -4.607605e+12 8.485560e+13 -8.757208e-01 -3.678832e-01 -3.126900e-01 0.000000e+00 1
2.109145e+13 -2.612253e+13 1.399319e+14 6.900689e-01 -3.450883e-01 6.361753e-01 0.000000e+00 1
1.355262e+13 -6.762624e+12 9.161948e+13 3.237183e-01 -8.944269e-01 3.085562e-01 0.000000e+00 1
1.796277e+13 3.855970e+13 -9.625582e+13 -8.818851e-01 -2.804293e-01 -3.789962e-01 0.000000e+00 1
-8.521221e+13 4.792727e+13 1.268238e+14 -1.369306e-01 4.134943e-01 -9.001514e-01 0.000000e+00 1
6.092876e+13 1.069055e+13 -1.572693e+14 -5.818747e-01 -6.157690e-01 -5.312724e-01 0.000000e+00 1
-1.126413e+14 6.900206e+13 9.569927e+13 -8.106421e-01 -1.806484e-01 -5.569789e-01 0.000000e+00 1
1.063802e+14 -6.687815e+12 -4.937983e+13 -2.883916e-01 -1.536149e-01 9.451099e-01 0.000000e+00 1
-9.324152e+13 8.530257e+13 -9.240303e+13 5.861914e-01 -1.005852e-01 -8.039044e-01 0.000000e+00 1
5.719163e+13 1.479482e+14 1.453500e+12 8.311223e-01 1.292707e-02 -5.559394e-01 0.000000e+00 1
6.473664e+12 -1.100436e+14 -9.049050e+10 1.817489e-01 -4.288707e-01 -8.848940e-01 0.000000e+00 1
1.311107e+14 5.885028e+13 6.561071e+13 -6.449559e-01 -1.601278e-01 -7.472557e-01 0.000000e+00 1
-5.869931e+12 -8.122880e+11 3.905862e+13 1.734728e-02 -8.817886e-01 4.713257e-01 0.000000e+00 1
3.894930e+13 6.881544e+12 -6.617114e+13 -5.780365e-01 7.361692e-01 3.520350e-01 0.000000e+00 1
5.904327e+12 1.744542e+13 -1.347920e+14 7.567600e-01 -2.096597e-02 -6.533566e-01 0.000000e+00 1
1.395475e+13 1.193053e+14 -9.089338e+11 -4.568674e-02 -5.957075e-01 -8.019011e-01 0.000000e+00 1
-9.593648e+13 -3.219224e+13 -6.356357e+13 9.143937e-01 3.925830e-01 -9.880715e-02 0.000000e+00 1
1.469289e+12 7.952012e+13 -1.209143e+14 -9.206491e-01 -3.818604e-01 -8.116596e-02 0.000000e+00 1
-4.118701e+13 -9.118335e+13 1.060358e+14 4.378828e-01 -5.176872e-01 -7.350228e-01 0.000000e+00 1
-8.507930e+12 -1.111824e+14 6.749985e+13 -3.855472e-03 -4.865138e-01 8.736644e-01 0.000000e+00 1
-1.237143e+14 -6.491670e+13 7.735130e+13 -4.866456e-01 8.201087e-01 3.009946e-01 0.000000e+00 1
-1.745461e+13 -4.846687e+13 -7.623486e+13 6.515988e-01 -7.330924e-01 -1.949220e-01 0.000000e+00 1
-8.819134e+13 -8.691046e+13 2.181042e+13 9.331104e-01 -9.548178e-02 -3.466818e-01 0.000000e+00 1
-8.408167e+13 1.881003e+13 1.081352e+14 2.490517e-01 8.767434e-01 -4.114539e-01 0.000000e+00 1
-7.065958e+13 -3.518834e+13 -5.920805e+13 -4.935210e-02 4.059573e-01 9.125585e-01 0.000000e+00 1
3.491235e+13 -7.392077e+13 -5.165116e+13 -3.140962e-01 5.416408e-01 7.797236e-01 0.000000e+00 1
-1.062512e+14 5.292985e+13 -4.196747e+13 5.637609e-01 -5.057116e-01 -6.530157e-01 0.000000e+00 1
6.531589e+13 4.069583e+13 4.637890e+13 -9.606530e-01 2.531028e-01 1.143890e-01 0.000000e+00 1
-1.011051e+14 3.041289e+13 -1.053241e+14 8.365269e-01 -2.163945e-01 5.033847e-01 0.000000e+00 1
1.589698e+12 1.129267e+14 -1.247766e+14 7.109177e-01 -3.094454e-01 -6.315375e-01 0.000000e+00 1
1.512769e+14 2.027939e+13 2.328638e+13 3.145365e-01 -6.250872e-01 -7.143758e-01 0.000000e+00 1
-5.918693e+13 4.752264e+13 -5.397677e+13 -6.895288e-01 2.554790e-01 6.777024e-01 0.000000e+00 1
-7.269847e+13 1.502648e+14 -1.975427e+13 3.577803e-01 7.193771e-01 -5.953905e-01 0.000000e+00 1
7.446596e+13 2.060660e+13 1.127341e+14 5.944299e-01 -3.583859e-01 -7.198698e-01 0.000000e+00 1
7.284961e+13 1.910837e+13 -5.985402e+13 4.431446e-01 -7.565873e-01 -4.808310e-01 0.000000e+00 1
-2.781652e+13 -1.121911e+14 1.069096e+14 -5.811949e-01 8.102229e-01 7.583793e-02 0.000000e+00 1
-4.398963e+13 -7.921945e+13 -1.130307e+14 -7.055862e-02 8.970196e-01 -4.363224e-01 0.000000e+00 1
-1.243484e+14 -3.594644e+13 -6.034884e+12 8.242537e-01 5.564133e-01 -1.049285e-01 0.000000e+00 1
-3.922556e+12 -1.153760e+14 8.049729e+13 9.364192e-02 6.703665e-01 -7.360977e-01 0.000000e+00 1
1.337292e+13 1.269752e+14 4.813163e+13 7.088840e-01 1.500468e-01 -6.891803e-01 0.000000e+00 1
1.152222e+14 -2.008178e+13 -4.286135e+13 -4.887831e-01 2.993569e-01 -8.194367e-01 0.000000e+00 1
3.647734e+13 1.060585e+14 1.228938e+13 7.763023e-01 -1.837203e-01 -6.029938e-01 0.000000e+00 1
-9.039047e+13 -6.294568e+13 -4.818798e+13 7.533943e-02 -3.872657e-02 9.964057e-01 0.000000e+00 1
1.268034e+14 -6.806148e+13 -6.422315e+13 7.742316e-01 6.324149e-01 -2.483689e-02 0.000000e+00 1
1.308243e+14 1.027278e+14 -3.131806e+13 -4.347170e-01 -1.209174e-01 8.924125e-01 0.000000e+00 1
1.408583e+13 -1.231634e+14 -4.180138e+13 -5.297355e-01 -7.089421e-01 4.655979e-01 0.000000e+00 1
-7.811494e+13 -5.837731e+13 6.578268e+13 9.857995e-02 8.116671e-01 5.757417e-01 0.000000e+00 1
7.030320e+13 5.752596e+13 1.391270e+14 -4.012378e-01 -8.267869e-01 3.942481e-01 0.000000e+00 1
-3.531202e+13 -4.741817e+13 -1.722769e+13 6.378846e-01 2.154255e-02 7.698306e-01 0.000000e+00 1
-9.682974e+13 7.650342e+13 7.083885e+13 -4.031178e-01 -8.374024e-01 -3.691250e-01 0.000000e+00 1
-1.079151e+14 -3.523630e+12 4.978748e+13 -6.451816e-01 -1.284564e-01 -7.531532e-01 0.000000e+00 1
3.615563e+13 -2.537493e+13 -1.263120e+14 6.671768e-01 1.593476e-01 -7.276561e-01 0.000000e+00 1
4.142872e+13 -3.978883e+13 1.292590e+14 -7.990811e-02 -5.287019e-01 -8.450379e-01 0.000000e+00 1
-7.777827e+13 3.828695e+13 -3.221616e+13 -3.171477e-01 2.281244e-01 9.205306e-01 0.000000e+00 1
1.088644e+13 -6.803652e+13 9.247343e+13 6.581409e-01 1.739760e-02 7.526938e-01 0.000000e+00 1
5.105578e+13 2.248837e+13 -5.156645e+13 -6.601877e-01 -3.701838e-01 6.535412e-01 0.000000e+00 1
7.755545e+13 2.613770e+13 -8.553703e+13 4.319936e-01 7.314265e-01 5.276333e-01 0.000000e+00 1
7.866172e+13 1.117545e+14 5.481057e+13 -9.247129e-01 1.466531e-01 -3.512819e-01 0.000000e+00 1
-2.522468e+13 -2.318301e+13 4.193436e+13 -1.036944e-01 -6.644689e-01 7.400869e-01 0.000000e+00 1
5.471966e+13 2.844240e+13 -1.090754e+14 7.695901e-02 -6.515147e-01 7.547224e-01 0.000000e+00 1
-5.625727e+13 -9.412910e+13 5.388164e+12 8.016585e-01 -4.073736e-01 4.374819e-01 0.000000e+00 1
-7.666323e+12 1.091898e+14 2.691408e+13 -8.725511e-01 4.873609e-01 3.367529e-02 0.000000e+00 1
-8.765069e+13 -6.509544e+13 -4.492571e+13 3.434054e-01 -9.384101e-01 3.820020e-02 0.000000e+00 1
-7.468754e+13 2.379336e+13 -8.866660e+13 -9.746081e-01 2.199372e-01 4.203295e-02 0.000000e+00 1
9.319381e+13 -1.254745e+14 -6.737610e+12 3.534156e-01 -8.882098e-01 2.935656e-01 0.000000e+00 1
-1.072377e+13 7.168432e+13 -6.213874e+13 -8.870947e-01 -3.681036e-01 -2.785008e-01 0.000000e+00 1
-1.251875e+14 -2.376534e+13 -7.102936e+13 6.388548e-01 3.321107e-01 -6.939504e-01 0.000000e+00 1
-2.109251e+13 1.104991e+14 1.167040e+14 -4.070943e-01 -8.870161e-01 2.178912e-01 0.000000e+00 1
3.927231e+13 4.282110e+13 4.436503e+13 6.013106e-01 7.960177e-01 -6.914820e-02 0.000000e+00 1
5.543995e+13 -2.708261e+13 -1.860473e+13 -5.124667e-01 6.905708e-01 5.103820e-01 0.000000e+00 1
-1.093887e+14 7.059881e+13 8.474699e+13 -7.107442e-01 6.620821e-01 2.376762e-01 0.000000e+00 1
-3.521941e+13 -1.511141e+14 2.278141e+13 2.595521e-01 -7.989533e-01 -5.425000e-01 0.000000e+00 1
3.151247e+13 -3.285388e+13 2.107908e+13 7.641297e-01 -1.283698e-01 6.321606e-01 0.000000e+00 1
7.549177e+13 6.212862e+13 1.004536e+14 -4.878817e-01 1.297016e-01 8.632201e-01 0.000000e+00 1
-8.043762e+13 -5.130141e+13 -2.473135e+13 -3.395146e-01 -7.604123e-01 5.536270e-01 0.000000e+00 1
-2.105390e+13 -9.807598e+13 1.016857e+14 2.873258e-01 -3.806575e-01 8.789447e-01 0.000000e+00 1
4.176021e+12 8.045569e+13 1.295289e+14 -6.987528e-01 4.550436e-01 5.519781e-01 0.000000e+00 1
1.279370e+14 4.123346e+13 9.209877e+13 5.127974e-01 -6.834716e-01 5.195242e-01 0.000000e+00 1
5.291886e+13 -7.093147e+13 6.883334e+13 -4.026998e-01 4.914198e-01 -7.722302e-01 0.000000e+00 1
1.228564e+14 -3.771061e+13 -9.089104e+13 -3.606886e-01 -9.325789e-01 1.415623e-02 0.000000e+00 1
6.115290e+13 -1.255350e+14 4.719808e+13 -7.892407e-01 4.862250e-01 -3.750792e-01 0.000000e+00 1
-7.298838e+13 2.397617e+13 -1.239283e+14 -6.663557e-01 -7.369157e-01 -1.136900e-01 0.000000e+00 1
1.786884e+13 -5.071246e+13 3.661450e+13 -2.046259e-01 9.693051e-01 -1.362935e-01 0.000000e+00 1
-1.873697e+13 -1.181364e+14 4.963319e+13 -1.290199e-02 9.315753e-01 -3.633194e-01 0.000000e+00 1
-4.209719e+13 -1.214704e+14 6.977321e+13 6.492192e-01 1.132529e-01 -7.521225e-01 0.000000e+00 1
4.630902e+13 9.706887e+13 7.351883e+13 -5.057804e-01 -3.283473e-01 -7.977307e-01 0.000000e+00 1
-5.879997e+13 8.918365e+13 1.844491e+13 -5.758168e-01 -2.706719e-01 7.714737e-01 0.000000e+00 1
-1.216949e+14 -1.033024e+13 7.168698e+13 -9.266841e-02 -9.932090e-01 7.034489e-02 0.000000e+00 1
-1.470516e+13 4.029399e+13 -1.173111e+14 -4.153862e-01 8.829800e-01 2.186334e-01 0.000000e+00 1
-5.214304e+13 -5.933998e+13 -8.461449e+13 -4.255842e-01 -3.231566e-01 -8.452502e-01 0.000000e+00 1
3.356932e+13 -2.576874e+13 1.179091e+13 7.083365e-01 6.690464e-01 -2.250251e-01 0.000000e+00 1
-3.367574e+13 7.845324e+13 -1.360027e+14 -2.707142e-01 5.314928e-01 -8.026389e-01 0.000000e+00 1
-7.977395e+13 -1.014994e+14 1.121182e+13 -5.741202e-01 2.398350e-01 -7.828571e-01 0.000000e+00 1
-1.051136e+13 -1.443295e+14 8.254814e+12 -2.628883e-01 5.451533e-01 -7.960513e-01 0.000000e+00 1
-2.325744e+13 9.065205e+13 -6.548184e+13 1.747622e-01 8.432318e-01 5.083487e-01 0.000000e+00 1
1.351875e+14 4.706918e+13 3.599652e+13 2.189391e-01 -1.317323e-01 -9.668052e-01 0.000000e+00 1
-1.211534e+14 -2.837686e+13 1.551246e+13 -9.804976e-01 -1.187773e-01 -1.565775e-01 0.000000e+00 1
-1.116866e+14 3.738686e+13 1.120623e+14 -7.009867e-01 -2.137432e-01 6.803907e-01 0.000000e+00 1
-9.505650e+13 8.705226e+13 -9.248674e+13 -9.936537e-01 -1.003486e-01 -5.081861e-02 0.000000e+00 1
-4.448900e+12 -1.996401e+13 1.606620e+12 1.441413e-01 -7.801268e-01 -6.087901e-01 0.000000e+00 1
5.246690e+13 6.329801e+13 4.323728e+13 6.205418e-01 -3.001169e-01 -7.244707e-01 0.000000e+00 1
2.595566e+13 9.391459e+13 6.839659e+13 8.804794e-01 4.732874e-01 -2.747651e-02 0.000000e+00 1
-1.292483e+14 2.113563e+13 3.341990e+13 6.914928e-01 7.190199e-01 6.962844e-02 0.000000e+00 1
-1.006804e+14 -7.814518e+13 2.911560e+13 -2.700396e-01 -7.311760e-01 -6.264665e-01 0.000000e+00 1
-1.970010e+13 1.421951e+14 -1.890184e+13 5.522541e-01 3.063366e-01 7.753536e-01 0.000000e+00 1
-8.383134e+13 3.889148e+13 -1.163106e+14 -5.264357e-02 -9.976178e-01 -4.458021e-02 0.000000e+00 1
1.034134e+14 6.178374e+12 -8.347002e+13 7.569597e-01 5.631967e-01 -3.313931e-01 0.000000e+00 1
-4.501171e+12 5.050646e+12 1.397174e+14 3.303669e-02 -9.878249e-01 -1.520213e-01 0.000000e+00 1
1.597677e+13 -1.105610e+14 8.513044e+13 9.677055e-01 2.403447e-01 7.602947e-02 0.000000e+00 1
-1.634684e+13 9.796430e+13 5.057265e+13 6.512601e-01 7.574910e-01 -4.547219e-02 0.000000e+00 1
-1.592208e+14 -1.546869e+13 1.669722e+13 8.940654e-01 -2.512515e-02 -4.472313e-01 0.000000e+00 1
6.704698e+13 -2.146428e+13 -1.186751e+14 9.095972e-01 -8.064711e-03 4.154130e-01 0.000000e+00 1
-2.301971e+12 -6.480053e+13 -4.410228e+12 3.117207e-01 -9.327753e-01 -1.809987e-01 0.000000e+00 1
-4.384886e+13 2.093174e+13 -1.507651e+14 -9.274332e-01 -2.519641e-01 -2.763726e-01 0.000000e+00 1
-5.393801e+13 -5.419556e+13 -7.450437e+13 -6.302464e-01 5.680364e-01 5.292676e-01 0.000000e+00 1
-7.400151e+13 -3.989018e+13 1.060665e+14 1.175527e-01 1.731818e-01 -9.778494e-01 0.000000e+00 1
1.670066e+13 -4.388422e+13 5.252771e+13 9.179516e-01 3.268443e-01 2.248059e-01 0.000000e+00 1
1.488348e+14 -2.290422e+13 5.883869e+13 -2.347139e-01 9.634078e-01 1.294402e-01 0.000000e+00 1
8.496955e+13 -8.891138e+13 -7.937630e+13 2.121140e-01 6.798622e-01 -7.019936e-01 0.000000e+00 1
9.510159e+12 -2.144325e+13 1.023860e+14 1.588849e-01 7.157848e-01 -6.800057e-01 0.000000e+00 1
9.788589e+13 1.131828e+14 -7.406417e+13 2.291720e-01 6.331244e-01 -7.393468e-01 0.000000e+00 1
-6.125727e+13 6.698185e+13 5.832610e+13 -2.840352e-01 -9.176030e-01 2.780803e-01 0.000000e+00 1
1.077904e+14 7.200019e+13 1.067207e+14 8.350477e-01 -8.446005e-02 -5.436560e-01 0.000000e+00 1
5.615615e+13 2.736500e+12 -8.628182e+13 1.843390e-01 -8.428968e-01 -5.055137e-01 0.000000e+00 1
-1.977034e+13 2.677706e+13 -3.197735e+12 7.070014e-01 6.972565e-01 1.182471e-01 0.000000e+00 1
9.903303e+12 1.182405e+13 -5.171856e+13 1.161260e-01 -7.584113e-01 6.413478e-01 0.000000e+00 1
-5.584904e+13 -5.916006e+13 -6.269424e+13 -4.536224e-01 5.944625e-01 6.639586e-01 0.000000e+00 1
2.545338e+13 1.203964e+14 -4.711805e+13 2.228906e-01 -3.577715e-02 -9.741867e-01 0.000000e+00 1
-1.291780e+14 7.403241e+13 -6.160592e+13 2.739454e-01 -4.951203e-02 9.604699e-01 0.000000e+00 1
6.660676e+13 -5.203666e+13 -7.603446e+13 -6.692636e-01 -9.796661e-02 -7.365384e-01 0.000000e+00 1
1.897939e+13 -1.024818e+14 4.062286e+13 3.435090e-02 -5.267431e-01 -8.493302e-01 0.000000e+00 1
-5.933852e+13 -1.901589e+13 6.468040e+13 -9.973607e-01 7.092790e-02 1.552020e-02 0.000000e+00 1
5.289624e+13 -8.745134e+13 -9.586947e+12 3.847257e-01 9.162586e-01 -1.116081e-01 0.000000e+00 1
3.181722e+13 -7.164283e+13 4.546995e+13 -8.735095e-01 -2.460072e-01 4.200733e-01 0.000000e+00 1
-1.330703e+14 5.805154e+13 -8.685324e+13 4.050106e-01 -8.400644e-01 -3.609129e-01 0.000000e+00 1
-2.744125e+13 4.134895e+13 5.872377e+13 2.874110e-01 -7.633056e-01 5.785841e-01 0.000000e+00 1
-5.952837e+13 5.738907e+13 1.425533e+13 -3.900328e-01 7.016820e-01 -5.962522e-01 0.000000e+00 1
-9.274180e+13 -1.035105e+14 -2.704114e+13 -7.903462e-01 -5.649936e-01 -2.369285e-01 0.000000e+00 1
4.429746e+13 6.062675e+12 8.438786e+13 -2.126446e-01 -4.735052e-01 -8.547368e-01 0.000000e+00 1
-6.499442e+13 1.417112e+14 5.878923e+13 2.734299e-01 -7.635081e-01 -5.850568e-01 0.000000e+00 1
-1.171518e+12 -8.567785e+13 -4.732315e+13 8.517608e-01 4.964534e-01 1.674444e-01 0.000000e+00 1
-1.388676e+13 -5.720353e+13 -8.935202e+13 2.041987e-01 -7.956169e-01 -5.703478e-01 0.000000e+00 1
3.162986e+12 -2.826258e+13 1.531118e+14 -7.992236e-01 6.002601e-01 3.048643e-02 0.000000e+00 1
7.763709e+13 -2.699571e+13 8.879790e+13 9.803858e-01 -1.569097e-01 -1.192599e-01 0.000000e+00 1
-5.743728e+13 -1.790296e+13 -8.907623e+12 7.226501e-01 1.859924e-03 -6.912115e-01 0.000000e+00 1
-8.422957e+13 -7.473720e+12 4.052564e+12 -7.305187e-02 -9.411209e-01 3.300830e-01 0.000000e+00 1
-1.338158e+14 -3.886775e+13 8.358558e+13 5.675151e-01 7.076186e-01 -4.209543e-01 0.000000e+00 1
-1.700028e+13 4.215260e+12 -1.448437e+14 -7.648728e-01 6.242746e-01 1.589053e-01 0.000000e+00 1
1.056576e+14 5.551616e+13 -7.073720e+13 6.105206e-01 3.287991e-01 -7.205247e-01 0.000000e+00 1
7.731278e+13 -4.811345e+12 -6.301836e+13 -9.013157e-01 4.218830e-01 -9.820741e-02 0.000000e+00 1
7.464305e+13 7.563438e+13 -9.702482e+12 9.416307e-02 9.338752e-01 -3.449789e-01 0.000000e+00 1
-6.005496e+13 2.697579e+13 1.526288e+14 -1.160822e-01 8.821781e-01 -4.563844e-01 0.000000e+00 1
9.162740e+13 8.997141e+13 -9.505950e+11 3.333246e-01 -9.428078e-01 -2.853787e-03 0.000000e+00 1
-8.385877e+13 5.974301e+13 7.674205e+13 -4.085719e-02 8.801922e-01 -4.728555e-01 0.000000e+00 1
1.337860e+13 8.329036e+13 -3.085088e+13 5.720887e-01 -3.643173e-01 -7.348384e-01 0.000000e+00 1
2.800619e+13 9.252876e+13 6.522264e+13 7.924092e-01 -5.740513e-01 -2.062832e-01 0.000000e+00 1
5.406001e+13 -2.354758e+13 1.494268e+14 4.414046e-01 8.962159e-01 -4.426167e-02 0.000000e+00 1
-1.535164e+13 -1.267789e+12 6.531488e+13 -7.854012e-02 -8.890882e-01 4.509474e-01 0.000000e+00 1
-1.362024e+14 4.775686e+13 7.889804e+13 -2.728030e-01 5.555134e-01 7.854829e-01 0.000000e+00 1
1.436203e+14 6.134288e+13 3.372984e+13 1.003360e-01 -3.214030e-01 9.416118e-01 0.000000e+00 1
-5.301688e+13 -9.542287e+12 -9.680705e+13 9.008335e-01 2.103995e-01 -3.797776e-01 0.000000e+00 1
1.168669e+14 3.747966e+13 -9.830785e+12 -1.734094e-02 7.100285e-01 -7.039594e-01 0.000000e+00 1
1.859035e+13 -1.535785e+14 -5.228296e+13 5.402859e-01 -3.590856e-01 -7.610182e-01 0.000000e+00 1
1.514168e+14 6.812730e+13 -2.776414e+13 7.270666e-03 4.831263e-01 -8.755205e-01 0.000000e+00 1
-8.940060e+12 3.868022e+13 2.618003e+13 4.308934e-01 -7.254121e-01 -5.367571e-01 0.000000e+00 1
1.586253e+14 4.859559e+12 4.858399e+13 -5.735887e-01 -7.792810e-01 2.524223e-01 0.000000e+00 1
5.362713e+13 -2.629120e+13 9.132056e+13 -1.223867e-01 -9.877663e-01 9.664010e-02 0.000000e+00 1
-1.014002e+14 -2.094467e+13 -5.846596e+13 -6.160265e-01 7.782328e-01 1.219223e-01 0.000000e+00 1
-8.017554e+13 -1.020955e+14 -7.634204e+13 -6.520344e-01 6.013836e-01 -4.617239e-01 0.000000e+00 1
-6.181546e+13 5.949357e+13 1.090668e+14 -9.564020e-01 2.843344e-01 -6.670255e-02 0.000000e+00 1
-2.798553e+13 1.667301e+14 -2.563488e+12 -9.930727e-01 4.307821e-02 -1.093202e-01 0.000000e+00 1
-1.572038e+14 1.592641e+13 -2.356149e+13 1.120545e-01 9.612952e-01 -2.517050e-01 0.000000e+00 1
-1.201506e+14 1.539516e+13 -2.724284e+13 -8.310132e-01 -6.789344e-02 5.520938e-01 0.000000e+00 1
-9.816150e+13 7.683998e+13 7.906943e+13 5.912340e-01 -7.860760e-01 1.803521e-01 0.000000e+00 1
-5.276769e+13 8.685562e+13 9.824325e+13 5.388204e-01 5.431192e-01 -6.439674e-01 0.000000e+00 1
-9.739170e+13 2.503981e+13 7.125613e+13 4.181489e-02 3.434163e-01 9.382520e-01 0.000000e+00 1
-1.631573e+14 -4.277652e+13 -5.959784e+12 4.389761e-01 8.964689e-01 6.036202e-02 0.000000e+00 1
-6.633045e+13 -1.753092e+13 -1.171475e+14 5.992139e-01 -5.090329e-01 -6.179225e-01 0.000000e+00 1
-7.278366e+12 1.586841e+13 1.524516e+14 5.239699e-01 2.368397e-01 -8.181458e-01 0.000000e+00 1
-5.283043e+13 6.269366e+13 3.108685e+13 7.445872e-01 -3.112721e-01 5.905078e-01 0.000000e+00 1
6.915685e+13 9.884681e+13 6.973269e+13 -6.888821e-01 7.908970e-02 -7.205459e-01 0.000000e+00 1
-3.925492e+13 7.455252e+13 1.221364e+14 -7.675655e-01 -3.700785e-01 -5.233403e-01 0.000000e+00 1
8.302567e+13 9.026606e+13 -4.889037e+13 -6.860372e-02 -8.568247e-01 -5.110235e-01 0.000000e+00 1
7.478919e+13 -9.817744e+13 -5.225830e+13 -7.064454e-01 2.222705e-01 -6.719604e-01 0.000000e+00 1
1.470682e+14 1.710570e+13 -6.895643e+13 9.242961e-01 2.408500e-01 2.960877e-01 0.000000e+00 1
7.901521e+13 -4.387969e+13 -1.119024e+14 7.302823e-01 3.022160e-01 6.126608e-01 0.000000e+00 1
1.315344e+14 3.987907e+13 -6.583730e+13 5.150441e-02 8.446486e-01 -5.328378e-01 0.000000e+00 1
5.609442e+13 -6.807417e+13 -1.073144e+14 -3.143792e-01 -7.078119e-01 -6.325883e-01 0.000000e+00 1
3.208025e+13 -7.234591e+13 9.792658e+13 3.991278e-01 7.895364e-01 -4.661859e-01 0.000000e+00 1
2.175574e+13 5.694099e+13 -9.745357e+13 4.746622e-01 8.392561e-01 -2.652262e-01 0.000000e+00 1
4.105338e+13 1.238081e+14 9.956027e+13 -7.116868e-01 -6.854395e-01 1.538652e-01 0.000000e+00 1
-9.163967e+13 -4.993736e+13 -4.796691e+13 -7.656160e-01 -1.838150e-01 -6.164773e-01 0.000000e+00 1
-1.420598e+14 -6.105967e+13 2.472487e+13 -7.045450e-01 -6.679761e-01 2.396336e-01 0.000000e+00 1
-9.348367e+13 8.482389e+13 6.306733e+13 1.276252e-01 -5.739088e-01 8.089131e-01 0.000000e+00 1
6.290449e+13 8.686705e+13 -7.911031e+13 5.054804e-01 -7.530570e-01 -4.211825e-01 0.000000e+00 1
-4.600980e+13 -7.777832e+13 6.702512e+13 -6.239036e-01 1.986084e-01 7.558432e-01 0.000000e+00 1
1.711471e+13 6.769347e+13 -1.342945e+14 -9.307779e-01 -1.273675e-01 3.426806e-01 0.000000e+00 1
-9.826981e+13 8.618224e+13 -2.690060e+13 7.531186e-01 -3.658082e-01 -5.468060e-01 0.000000e+00 1
-8.653577e+12 9.214811e+13 -7.252618e+12 -3.634897e-01 -7.968059e-01 -4.826754e-01 0.000000e+00 1
4.856667e+13 1.484784e+14 -1.330182e+13 9.571003e-01 -2.268051e-01 1.803288e-01 0.000000e+00 1
8.908556e+13 -4.882315e+13 5.278919e+13 3.916657e-01 -8.902009e-01 -2.326809e-01 0.000000e+00 1
7.276883e+13 -1.474668e+13 -1.363285e+14 3.401347e-01 -8.921122e-01 2.973957e-01 0.000000e+00 1
-5.674122e+13 -4.529981e+13 8.543063e+13 -4.911853e-01 8.455347e-01 2.093036e-01 0.000000e+00 1
-9.085879e+13 1.249966e+14 2.251558e+13 -7.755080e-01 -2.220441e-01 5.910024e-01 0.000000e+00 1
9.855543e+13 -9.567785e+13 -7.784290e+13 -5.334655e-01 8.062870e-01 -2.555697e-01 0.000000e+00 1
1.266462e+14 2.092936e+13 7.665905e+13 7.103971e-01 -4.788073e-01 5.158290e-01 0.000000e+00 1
-7.989229e+12 1.561827e+14 3.289110e+13 5.131923e-01 8.281442e-01 -2.254128e-01 0.000000e+00 1
-3.281088e+13 -1.041184e+14 -8.569881e+13 -4.685773e-01 -5.163678e-02 8.819121e-01 0.000000e+00 1
3.917254e+13 1.068632e+14 7.965046e+13 -8.669204e-01 -1.160442e-01 -4.847502e-01 0.000000e+00 1
1.744781e+13 1.762414e+13 1.649156e+14 7.468147e-01 3.314815e-01 -5.765308e-01 0.000000e+00 1
1.144939e+13 -1.637081e+14 -1.898342e+13 -2.301944e-01 8.901794e-01 3.931807e-01 0.000000e+00 1
-1.084307e+14 -3.623994e+13 -1.559210e+13 2.133644e-01 9.502332e-01 -2.270078e-01 0.000000e+00 1
2.131420e+13 6.068389e+13 1.110376e+14 -6.122712e-01 -6.247395e-01 -4.845871e-01 0.000000e+00 1
1.059642e+14 -8.571659e+13 7.254623e+13 -7.413055e-01 -5.203713e-02 6.691474e-01 0.000000e+00 1
6.517815e+13 7.491660e+13 -1.079984e+14 2.227577e-01 -9.471430e-01 2.308659e-01 0.000000e+00 1
4.124218e+13 1.283317e+14 -1.411650e+13 -8.566444e-01 4.653463e-01 -2.227401e-01 0.000000e+00 1
-9.716502e+13 2.235157e+13 1.153038e+14 8.910336e-01 1.954613e-01 -4.096998e-01 0.000000e+00 1
7.757603e+13 1.310354e+14 -1.988654e+13 -6.438309e-01 3.015335e-01 7.032491e-01 0.000000e+00 1
1.092998e+14 3.120356e+13 9.332280e+11 4.824543e-01 1.210225e-01 8.675203e-01 0.000000e+00 1
-1.496157e+14 4.643035e+13 -1.325793e+13 -6.388126e-01 -3.084121e-01 7.048407e-01 0.000000e+00 1
8.213182e+13 -1.003072e+14 2.096784e+13 8.676047e-01 2.875928e-01 4.056507e-01 0.000000e+00 1
2.481037e+13 1.480807e+14 -3.924056e+13 -3.558205e-01 9.168984e-01 -1.808014e-01 0.000000e+00 1
-1.358217e+14 1.205350e+13 -2.768581e+13 1.220945e-01 5.744075e-01 8.094127e-01 0.000000e+00 1
-9.332892e+13 -8.309990e+13 -6.988431e+13 6.608090e-01 2.948611e-01 6.902089e-01 0.000000e+00 1
1.422918e+12 -1.550682e+14 -3.449147e+13 9.847493e-01 -1.714870e-01 2.934152e-02 0.000000e+00 1
-5.501800e+13 -4.161233e+13 1.474606e+14 -1.808936e-01 -5.853457e-01 7.903467e-01 0.000000e+00 1
-2.686568e+13 -1.748244e+11 1.332198e+14 -5.916790e-01 2.973086e-01 -7.493487e-01 0.000000e+00 1
-4.899176e+13 -1.330787e+14 -6.599906e+13 1.770242e-01 9.020752e-01 3.936023e-01 0.000000e+00 1
-5.525652e+12 -5.864848e+13 -1.948862e+13 -5.005313e-01 -1.760806e-01 -8.476226e-01 0.000000e+00 1
-1.029540e+14 8.259944e+13 1.040244e+14 9.591345e-01 1.848404e-01 2.142312e-01 0.000000e+00 1
-2.403094e+12 -4.618841e+13 -1.062587e+13 -7.799871e-01 1.474005e-01 -6.081885e-01 0.000000e+00 1
-8.764137e+13 1.098627e+14 3.271984e+13 1.910864e-01 2.211715e-01 -9.563311e-01 0.000000e+00 1
1.283978e+14 8.234555e+13 -5.269781e+13 -7.933934e-01 -1.817307e-01 5.809482e-01 0.000000e+00 1
-2.941428e+12 -7.036511e+13 -8.838971e+13 5.328788e-01 6.000830e-01 5.966076e-01 0.000000e+00 1
-1.511915e+13 3.482548e+13 1.526832e+14 -1.860031e-01 -6.902313e-01 6.992737e-01 0.000000e+00 1
9.928961e+13 -9.384308e+13 -5.553881e+13 -9.903540e-01 1.056384e-01 8.966335e-02 0.000000e+00 1
-1.725633e+13 1.540153e+13 -1.282721e+14 -3.640283e-01 -2.727649e-01 -8.905519e-01 0.000000e+00 1
-9.967974e+13 -5.808839e+13 -1.142439e+14 -7.365499e-01 -4.414069e-01 5.124980e-01 0.000000e+00 1
-3.346898e+12 5.372005e+13 3.589224e+13 6.848545e-01 3.693666e-01 6.281263e-01 0.000000e+00 1
3.928246e+13 -1.071184e+14 -3.700343e+13 4.671863e-01 -8.533390e-01 -2.314076e-01 0.000000e+00 1
4.600885e+13 -8.978292e+13 -7.219630e+13 -5.649382e-01 -5.546608e-01 -6.108979e-01 0.000000e+00 1
1.791180e+13 -1.550041e+14 5.071155e+13 -3.313947e-01 -2.063096e-01 9.206595e-01 0.000000e+00 1
6.278805e+13 -5.479908e+13 -1.097153e+14 2.951019e-01 5.165892e-01 -8.037726e-01 0.000000e+00 1
-1.304436e+14 1.270216e+13 -6.840368e+13 3.563976e-02 -5.111009e-01 -8.587815e-01 0.000000e+00 1
8.044642e+13 -1.218141e+14 5.439469e+13 5.925384e-01 5.828011e-01 -5.560946e-01 0.000000e+00 1
-2.122311e+13 7.958018e+13 -6.125849e+13 -4.105526e-01 8.124836e-01 -4.139046e-01 0.000000e+00 1
6.293199e+13 3.280904e+13 -1.128535e+14 9.124464e-02 -9.689678e-01 -2.297297e-01 0.000000e+00 1
-5.527063e+13 -6.861694e+13 -7.722931e+13 -3.320251e-01 -5.288525e-01 -7.810726e-01 0.000000e+00 1
-4.090918e+13 1.168443e+13 -6.289736e+13 2.274916e-01 -8.877189e-01 -4.002533e-01 0.000000e+00 1
2.517926e+13 7.010505e+13 6.670978e+13 -9.362444e-01 -2.847822e-01 2.057802e-01 0.000000e+00 1
-3.062678e+13 9.998709e+13 1.331225e+14 -2.297708e-01 -7.698216e-01 -5.954663e-01 0.000000e+00 1
3.230496e+11 -4.965018e+13 -3.471905e+13 1.320555e-01 5.032544e-01 -8.539885e-01 0.000000e+00 1
1.410730e+13 1.281662e+14 -3.350158e+13 2.937606e-01 -9.198781e-01 2.598635e-01 0.000000e+00 1
-7.751793e+13 -3.262856e+13 -4.994187e+13 -8.585198e-01 3.622916e-02 -5.114990e-01 0.000000e+00 1
-1.093275e+14 4.561250e+13 -1.200623e+14 -7.246343e-01 -2.908810e-01 -6.247346e-01 0.000000e+00 1
2.343110e+13 -7.086030e+13 -1.191342e+14 -8.599844e-01 8.330953e-03 -5.102523e-01 0.000000e+00 1
1.089501e+14 -6.416482e+13 3.388937e+13 -8.887278e-01 8.008535e-02 4.513859e-01 0.000000e+00 1
7.482683e+13 -3.863583e+13 -6.496174e+13 6.919595e-01 6.960750e-01 1.914982e-01 0.000000e+00 1
-6.329583e+13 -5.706298e+13 -1.214911e+14 -8.367367e-01 5.446653e-01 -5.666940e-02 0.000000e+00 1
3.931973e+13 7.303226e+13 1.377211e+14 3.053965e-01 8.503290e-01 -4.285715e-01 0.000000e+00 1
1.166601e+14 4.713564e+13 1.921142e+13 -9.854944e-02 1.981782e-02 -9.949348e-01 0.000000e+00 1
1.162182e+14 -6.524948e+12 1.094781e+14 8.301407e-01 -3.417117e-01 -4.405674e-01 0.000000e+00 1
5.569764e+13 3.092180e+13 -3.107108e+13 1.670991e-01 -4.185610e-01 8.926839e-01 0.000000e+00 1
-4.442072e+13 2.306546e+13 -1.055333e+14 1.779210e-01 7.322994e-01 -6.573292e-01 0.000000e+00 1
3.834677e+13 4.197893e+13 -1.576284e+14 2.141959e-01 -7.761354e-01 -5.930716e-01 0.000000e+00 1
-5.731755e+12 -1.185205e+14 -4.119800e+13 -7.485706e-01 -3.416582e-01 -5.682533e-01 0.000000e+00 1
4.615353e+13 1.280393e+14 -8.178213e+13 6.927706e-01 -6.801348e-01 -2.397616e-01 0.000000e+00 1
5.150376e+13 1.312601e+13 -6.361071e+13 -3.638084e-02 -5.744689e-01 -8.177175e-01 0.000000e+00 1
-8.633780e+13 -2.013276e+13 -8.346638e+13 1.010302e-01 6.129751e-01 -7.836163e-01 0.000000e+00 1
-2.946558e+13 9.070102e+13 6.552229e+13 8.189336e-01 3.696607e-01 -4.389747e-01 0.000000e+00 1
5.129457e+13 1.055211e+14 1.179286e+13 -3.302245e-01 8.584275e-01 -3.924970e-01 0.000000e+00 1
1.769011e+13 -7.115942e+13 -9.625139e+13 -4.049627e-01 5.343217e-02 9.127706e-01 0.000000e+00 1
1.590367e+14 -1.296722e+13 -5.138511e+13 -4.171512e-01 5.536625e-01 -7.207237e-01 0.000000e+00 1
6.473795e+13 -3.644221e+13 2.560933e+13 4.921815e-01 -5.776961e-01 6.511718e-01 0.000000e+00 1
-7.072367e+13 -8.357505e+13 -9.209597e+13 5.606348e-01 5.513121e-01 -6.178541e-01 0.000000e+00 1
-5.026837e+13 7.052461e+13 3.951507e+13 8.285543e-01 2.190403e-01 5.152855e-01 0.000000e+00 1
-5.365432e+13 -5.055464e+13 -2.247264e+13 6.142650e-01 3.272839e-02 -7.884208e-01 0.000000e+00 1
1.056735e+14 8.084186e+13 -2.677109e+13 6.299487e-01 -2.804618e-01 7.242278e-01 0.000000e+00 1
-5.704009e+13 -1.365648e+14 -8.035139e+13 4.611567e-01 -2.385274e-01 8.546573e-01 0.000000e+00 1
1.254195e+14 1.054240e+13 8.878446e+13 2.155255e-01 8.380996e-01 5.011365e-01 0.000000e+00 1
-4.602610e+13 -8.803668e+13 -7.405154e+13 6.159753e-01 5.153223e-02 -7.860781e-01 0.000000e+00 1
8.565587e+13 -5.498033e+13 1.315875e+14 3.528844e-01 -7.157459e-01 -6.026445e-01 0.000000e+00 1
6.106154e+13 3.132622e+12 -3.990414e+12 -9.694493e-01 2.833182e-02 2.436503e-01 0.000000e+00 1
-6.832233e+13 2.945400e+13 -1.066760e+14 3.231494e-01 -8.021430e-02 9.429423e-01 0.000000e+00 1
-2.523098e+13 1.511659e+13 1.240702e+14 -8.695504e-01 -1.673917e-01 -4.646097e-01 0.000000e+00 1
1.194235e+14 -9.347454e+13 4.394435e+13 -3.960918e-01 -3.586812e-01 -8.452568e-01 0.000000e+00 1
5.967559e+13 6.328464e+13 3.247844e+13 5.719392e-01 1.100029e-01 8.128868e-01 0.000000e+00 1
8.208201e+13 5.537204e+13 -3.948206e+13 -8.927808e-01 -2.280626e-01 -3.884969e-01 0.000000e+00 1
-6.141953e+13 -7.661293e+13 6.397084e+13 -1.591879e-01 -7.986240e-01 -5.803955e-01 0.000000e+00 1
3.195632e+13 -1.012424e+14 -2.511709e+11 -3.310046e-01 -8.755619e-01 3.518911e-01 0.000000e+00 1
7.986215e+13 1.365854e+13 1.176729e+14 -2.897687e-02 -4.873314e-01 8.727362e-01 0.000000e+00 1
-9.035133e+13 -2.383247e+13 -1.309463e+13 -6.239227e-01 -1.156503e-01 -7.728813e-01 0.000000e+00 1
-1.038554e+12 -1.151362e+14 6.007722e+13 -9.790008e-01 6.184480e-02 1.942489e-01 0.000000e+00 1
-2.547943e+13 1.458193e+14 -7.701799e+13 -4.001545e-01 -4.645410e-01 7.899861e-01 0.000000e+00 1
-8.982637e+13 6.215514e+13 1.213568e+14 -6.452167e-01 -7.529026e-01 1.297422e-01 0.000000e+00 1
3.325365e+13 1.982227e+13 -1.989140e+13 5.455433e-01 3.575536e-02 -8.373196e-01 0.000000e+00 1
-2.966639e+13 -9.902440e+13 3.201138e+12 -4.462911e-01 -1.145404e-01 8.875273e-01 0.000000e+00 1
-1.519372e+12 5.468526e+13 -1.513770e+14 -8.590402e-01 4.067172e-01 -3.108554e-01 0.000000e+00 1
-1.049378e+14 3.776825e+13 -1.668845e+13 -2.059404e-01 -6.947366e-01 6.891514e-01 0.000000e+00 1
9.870572e+11 7.699026e+13 -7.616548e+13 -2.265102e-01 -9.680181e-01 1.078615e-01 0.000000e+00 1
-1.148347e+14 7.978254e+13 3.250633e+13 -7.780813e-01 3.990309e-01 -4.851431e-01 0.000000e+00 1
-5.282031e+13 5.112250e+13 -6.276870e+13 -4.310515e-01 8.625306e-01 2.650199e-01 0.000000e+00 1
-3.916857e+13 -3.822106e+13 1.046213e+14 1.004720e-01 -9.861774e-01 -1.317557e-01 0.000000e+00 1
1.223816e+14 5.239563e+13 -9.802444e+13 -4.122217e-01 8.850956e-01 2.160533e-01 0.000000e+00 1
1.175364e+14 -1.181934e+14 -1.693500e+13 -6.507248e-01 -2.207315e-01 -7.265224e-01 0.000000e+00 1
-7.591150e+12 1.121385e+14 7.224341e+13 3.975763e-01 5.717109e-01 7.176906e-01 0.000000e+00 1
3.669908e+13 6.141417e+13 -1.287516e+14 -5.346947e-01 3.431356e-01 -7.722432e-01 0.000000e+00 1
-1.029565e+14 -3.084069e+13 -1.271229e+14 -8.712454e-01 -3.160063e-01 3.755948e-01 0.000000e+00 1
-1.391271e+14 -1.163456e+13 -2.126749e+13 8.743527e-01 -1.135788e-01 4.718126e-01 0.000000e+00 1
4.968069e+13 -1.118534e+13 3.543223e+13 2.080197e-01 -9.168910e-01 -3.406445e-01 0.000000e+00 1
-9.156194e+13 -1.004945e+14 -6.117007e+13 -8.833048e-01 3.751472e-01 -2.811356e-01 0.000000e+00 1
1.530796e+14 3.623717e+12 -7.832576e+12 -3.858483e-01 -1.927393e-01 -9.022043e-01 0.000000e+00 1
-3.725222e+13 5.272280e+13 1.244685e+14 6.925858e-01 -5.814435e-01 4.269056e-01 0.000000e+00 1
2.601205e+13 -1.364418e+13 -9.775310e+13 9.075163e-01 -4.136478e-01 7.286697e-02 0.000000e+00 1
1.336678e+14 6.579377e+13 -5.253253e+12 -1.408410e-01 7.571918e-01 -6.378279e-01 0.000000e+00 1
1.381520e+13 5.566965e+13 -3.030120e+13 -6.136221e-01 -7.782407e-01 1.334515e-01 0.000000e+00 1
-3.984832e+13 -1.605839e+10 1.198453e+14 -6.917500e-02 -4.253199e-01 -9.023956e-01 0.000000e+00 1
-5.761948e+13 2.830274e+13 8.609045e+13 -8.403202e-01 -5.247282e-01 1.360968e-01 0.000000e+00 1
-1.482581e+14 3.970981e+13 -3.190502e+12 -1.110260e-02 4.127431e-01 9.107798e-01 0.000000e+00 1
-1.396069e+14 -8.275750e+13 -1.588410e+13 -6.420393e-01 6.868074e-01 3.407067e-01 0.000000e+00 1
-1.093011e+14 4.425512e+12 2.002785e+13 -1.868259e-01 6.283211e-02 -9.803817e-01 0.000000e+00 1
1.179118e+14 1.165850e+14 5.346859e+12 1.353394e-01 4.917909e-01 -8.601308e-01 0.000000e+00 1
-1.120873e+14 -9.285557e+13 6.683577e+13 9.941052e-01 -9.230954e-02 -5.686723e-02 0.000000e+00 1
4.881436e+12 2.944069e+13 1.024693e+13 -1.823738e-01 -8.359860e-01 5.175590e-01 0.000000e+00 1
1.114844e+14 -3.584952e+13 7.577162e+13 9.063726e-01 -4.068593e-01 -1.138163e-01 0.000000e+00 1
1.404048e+13 -1.220769e+14 1.100535e+14 -4.721086e-01 7.799248e-01 -4.108903e-01 0.000000e+00 1
-1.413997e+13 -2.373019e+13 8.449767e+13 5.457873e-01 3.153150e-01 7.763328e-01 0.000000e+00 1
-1.134612e+14 7.915166e+12 -1.225688e+14 3.896580e-01 -5.384783e-01 -7.471330e-01 0.000000e+00 1
-6.498406e+13 3.561283e+13 8.245338e+13 -5.152676e-01 3.798112e-01 7.682726e-01 0.000000e+00 1
1.203452e+14 -1.033559e+14 2.014422e+13 2.363348e-01 9.668269e-01 9.691060e-02 0.000000e+00 1
6.592010e+13 5.165350e+13 -1.532069e+13 -4.202632e-02 9.522751e-01 3.023340e-01 0.000000e+00 1
-1.014177e+14 6.151430e+13 -2.718487e+13 1.179910e-01 -7.137662e-01 -6.903738e-01 0.000000e+00 1
7.836124e+13 -5.720008e+13 -8.846670e+13 8.298073e-01 -9.673007e-02 -5.496027e-01 0.000000e+00 1
-1.003018e+14 6.958598e+13 -2.459026e+13 -6.957682e-01 5.120779e-01 5.036693e-01 0.000000e+00 1
-1.021615e+14 -2.359753e+13 1.022605e+14 -8.039580e-01 -5.144454e-01 -2.983244e-01 0.000000e+00 1
1.269132e+14 9.675096e+13 -2.509133e+13 3.773095e-01 7.544361e-01 5.370882e-01 0.000000e+00 1
-5.210082e+13 -3.316656e+13 9.196190e+13 -2.209997e-01 -7.549722e-01 6.173946e-01 0.000000e+00 1
1.373320e+14 3.136352e+13 9.238301e+13 6.840237e-01 -3.204124e-01 -6.553224e-01 0.000000e+00 1
4.381008e+13 1.231825e+14 5.543022e+13 -4.176089e-02 9.666500e-01 -2.526735e-01 0.000000e+00 1
-1.977144e+13 -5.139997e+13 6.342793e+13 -6.727277e-02 8.705701e-01 -4.874239e-01 0.000000e+00 1
2.898277e+13 -7.719986e+13 1.460275e+13 -6.626989e-01 -2.747952e-01 6.966475e-01 0.000000e+00 1
7.796982e+13 -1.877460e+12 6.921690e+13 -6.236938e-01 5.236057e-01 -5.803818e-01 0.000000e+00 1
9.461370e+13 -8.148296e+13 9.032542e+13 -3.038002e-01 -7.669201e-01 -5.652778e-01 0.000000e+00 1
6.776548e+12 5.988098e+13 -1.515538e+14 4.443773e-01 -6.322633e-01 -6.346431e-01 0.000000e+00 1
-3.722379e+12 -7.496826e+13 -1.127402e+14 -1.314070e-01 8.919147e-01 -4.326896e-01 0.000000e+00 1
-1.098894e+14 -1.186605e+14 -5.086361e+13 -5.923466e-01 6.891857e-01 -4.173112e-01 0.000000e+00 1
-2.221577e+13 1.510418e+14 3.245338e+13 5.757232e-01 8.144471e-01 -7.224136e-02 0.000000e+00 1
1.136964e+14 1.022004e+14 -5.500824e+13 -2.393465e-02 -9.777514e-01 -2.083972e-01 0.000000e+00 1
-1.065005e+14 7.751602e+12 -2.924911e+13 7.542717e-01 -6.392325e-01 1.498532e-01 0.000000e+00 1
3.239612e+13 5.199834e+13 1.534664e+14 -3.636009e-01 7.276102e-01 -5.817025e-01 0.000000e+00 1
-4.080585e+13 1.136433e+14 -7.470481e+13 -9.974335e-01 -3.439453e-02 -6.279608e-02 0.000000e+00 1
-3.305224e+13 -2.497872e+13 2.210040e+12 1.365555e-01 6.133759e-01 -7.778963e-01 0.000000e+00 1
4.893007e+13 6.280812e+13 -7.069130e+13 -7.428078e-01 3.269571e-01 -5.842394e-01 0.000000e+00 1
-1.296978e+14 1.854201e+13 -8.529468e+13 8.656527e-01 3.370216e-01 3.702187e-01 0.000000e+00 1
-3.052093e+13 9.024756e+12 -1.190168e+14 -1.558789e-01 2.891628e-01 9.445034e-01 0.000000e+00 1
1.572138e+14 -3.981266e+12 2.932508e+13 -5.479955e-01 -5.342320e-01 -6.436592e-01 0.000000e+00 1
5.253157e+13 -1.358175e+13 -1.440286e+14 -6.641722e-01 6.385510e-01 3.887518e-01 0.000000e+00 1
1.370073e+14 8.148603e+13 4.817392e+13 2.649002e-01 -3.484270e-03 -9.642695e-01 0.000000e+00 1
1.143509e+13 -7.429212e+13 -1.319343e+14 7.799875e-01 5.397259e-01 -3.167261e-01 0.000000e+00 1
6.173760e+12 5.800987e+13 -1.548863e+14 -6.734589e-01 5.556844e-01 -4.875121e-01 0.000000e+00 1
-1.232857e+14 -7.961157e+13 -6.592698e+13 -6.104760e-01 4.495369e-01 6.521010e-01 0.000000e+00 1
-5.452710e+12 1.846357e+13 -7.365955e+13 -8.188080e-01 4.797269e-01 -3.153025e-01 0.000000e+00 1
5.897914e+13 -1.135768e+14 9.850964e+13 3.494115e-01 -5.416086e-01 -7.645729e-01 0.000000e+00 1
2.353081e+13 1.173760e+14 -2.274963e+13 8.803614e-01 -4.647732e-01 -9.460266e-02 0.000000e+00 1
1.369037e+14 3.510214e+13 -9.142819e+13 9.346236e-01 1.411847e-01 -3.264132e-01 0.000000e+00 1
-5.608488e+13 -1.081740e+14 1.063486e+14 -9.400947e-01 -1.509214e-01 3.056871e-01 0.000000e+00 1
1.337139e+13 4.393676e+13 -3.907092e+13 -6.635199e-01 -5.755837e-01 4.779589e-01 0.000000e+00 1
4.203258e+13 -1.158538e+14 -7.410406e+13 7.194762e-01 5.670057e-01 -4.010717e-01 0.000000e+00 1
5.341618e+13 -1.248532e+14 -6.218713e+13 -8.714708e-01 2.875266e-01 -3.973249e-01 0.000000e+00 1
4.271884e+13 -5.683390e+13 -1.005191e+14 -2.620444e-01 1.457442e-01 -9.539871e-01 0.000000e+00 1
3.361494e+13 5.355794e+13 9.872715e+13 -6.419304e-01 2.182179e-01 -7.350553e-01 0.000000e+00 1
-3.749738e+13 9.103701e+13 4.929597e+13 -7.194815e-01 -5.836795e-01 3.763837e-01 0.000000e+00 1
4.859553e+13 -8.916952e+13 -5.830471e+13 5.582217e-01 6.793073e-01 4.763719e-01 0.000000e+00 1
-1.373244e+14 9.441234e+12 -8.194597e+13 3.006079e-01 -8.898441e-01 3.432381e-01 0.000000e+00 1
-3.457756e+13 1.821880e+13 -1.645185e+14 -5.271809e-01 -4.835072e-01 -6.987854e-01 0.000000e+00 1
1.459944e+13 2.194146e+13 -5.154794e+13 9.438801e-01 -1.450011e-01 2.967576e-01 0.000000e+00 1
1.031372e+14 5.223129e+13 -1.538110e+12 8.286189e-02 -7.322576e-01 6.759679e-01 0.000000e+00 1
5.544614e+13 2.759937e+13 4.462617e+13 -5.175520e-01 2.096297e-01 8.295754e-01 0.000000e+00 1
-8.720589e+13 -6.130830e+13 1.041364e+13 -8.979628e-01 2.521029e-01 3.607035e-01 0.000000e+00 1
3.687189e+13 -3.471459e+13 8.641301e+13 7.912217e-01 6.028079e-01 1.029124e-01 0.000000e+00 1
-7.472221e+13 -3.797537e+13 -1.799561e+13 8.153396e-02 -5.237442e-01 -8.479647e-01 0.000000e+00 1
-9.026428e+13 1.200534e+14 -4.260253e+12 9.845443e-01 2.488033e-02 1.733592e-01 0.000000e+00 1
-1.070189e+13 -1.206254e+14 -5.570004e+13 -2.624217e-01 8.998960e-01 -3.483132e-01 0.000000e+00 1
7.873559e+13 -7.161128e+13 -2.031888e+13 9.087211e-01 4.147204e-01 4.725322e-02 0.000000e+00 1
3.573710e+12 9.190722e+13 -9.646452e+13 7.857128e-01 -8.888471e-02 6.121722e-01 0.000000e+00 1
-2.207008e+13 -2.660038e+13 -1.310004e+14 2.954377e-01 8.452398e-01 -4.452934e-01 0.000000e+00 1
-4.227855e+13 4.050541e+13 -1.267199e+14 1.607842e-01 -9.318914e-01 -3.251567e-01 0.000000e+00 1
-4.646530e+13 -1.143327e+14 -5.252820e+13 -2.048133e-01 6.376163e-01 -7.426284e-01 0.000000e+00 1
1.045975e+14 8.120493e+12 -1.737946e+13 -4.699510e-01 -2.622243e-01 8.428431e-01 0.000000e+00 1
-5.967417e+13 4.395919e+13 7.535595e+13 -6.221948e-02 4.907886e-01 8.690543e-01 0.000000e+00 1
3.831770e+13 -9.007120e+13 -5.156819e+13 -5.275576e-01 -2.140155e-02 -8.492496e-01 0.000000e+00 1
-9.103969e+12 1.080513e+14 1.194125e+14 9.877774e-01 9.270209e-02 1.253085e-01 0.000000e+00 1
5.671368e+13 1.492316e+14 5.527049e+13 -3.578338e-01 6.512187e-01 -6.692303e-01 0.000000e+00 1
-1.057014e+14 -3.444519e+13 -1.226269e+14 9.786494e-01 -1.505910e-01 1.398845e-01 0.000000e+00 1
-3.505807e+12 4.533748e+13 6.541370e+13 -9.404704e-01 -3.101141e-01 1.390854e-01 0.000000e+00 1
-2.336724e+13 -3.296547e+13 -1.028846e+14 7.102007e-01 6.884777e-01 1.470149e-01 0.000000e+00 1
1.103965e+13 -9.045782e+13 9.424002e+13 -9.890333e-02 -8.829662e-01 -4.588995e-01 0.000000e+00 1
1.147483e+14 2.686700e+12 5.097715e+13 -3.938400e-01 9.152113e-01 -8.531353e-02 0.000000e+00 1
1.418359e+14 6.436836e+13 -3.120139e+13 3.778832e-01 2.355731e-01 -8.953824e-01 0.000000e+00 1
-4.125653e+13 5.254130e+13 4.328616e+13 -5.999326e-01 -6.751259e-01 -4.292854e-01 0.000000e+00 1
2.400158e+13 1.459528e+14 6.483789e+13 -9.875729e-01 9.678574e-02 -1.238234e-01 0.000000e+00 1
-1.164290e+14 -3.862927e+13 4.198287e+13 3.162426e-01 9.115373e-01 -2.628506e-01 0.000000e+00 1
-8.120280e+13 -3.329408e+13 -5.478503e+13 -4.915797e-01 -6.790400e-01 -5.452101e-01 0.000000e+00 1
4.689780e+13 -6.071740e+13 2.138074e+13 -2.478651e-01 6.799068e-01 6.901374e-01 0.000000e+00 1
-1.298240e+14 3.075844e+13 3.551959e+13 1.567640e-01 -1.412170e-01 -9.774880e-01 0.000000e+00 1
1.235732e+14 1.732315e+13 1.004710e+14 -7.027734e-01 -6.208692e-01 3.473196e-01 0.000000e+00 1
8.916968e+12 -1.223468e+13 3.355485e+12 -5.217155e-02 -4.893223e-01 8.705411e-01 0.000000e+00 1
-1.458111e+14 -7.006327e+13 -2.503275e+13 3.234543e-01 -6.600866e-01 6.779845e-01 0.000000e+00 1
7.167872e+13 1.349276e+14 2.946466e+13 -1.850127e-01 -8.893173e-01 4.181926e-01 0.000000e+00 1
1.304085e+14 -1.434922e+13 2.708731e+13 4.276521e-01 -4.248485e-01 -7.978831e-01 0.000000e+00 1
1.168732e+14 -3.647657e+13 3.903659e+13 -2.847144e-01 -8.771138e-02 9.545912e-01 0.000000e+00 1
-2.646248e+13 1.211810e+13 -1.011307e+14 -7.498027e-01 -5.926851e-01 -2.941434e-01 0.000000e+00 1
-1.384181e+14 4.683692e+13 7.431810e+13 8.282268e-03 -9.294140e-01 3.689457e-01 0.000000e+00 1
-6.668613e+13 1.004788e+14 -6.397158e+13 -5.805795e-02 3.836054e-01 -9.216703e-01 0.000000e+00 1
-3.859030e+13 -1.379878e+14 -6.417968e+13 1.873434e-01 9.822546e-01 -8.856408e-03 0.000000e+00 1
2.266662e+13 -2.312811e+13 -1.322284e+14 -3.428784e-01 -6.173626e-01 7.080239e-01 0.000000e+00 1
1.206617e+14 -4.833880e+13 -9.423159e+13 4.461236e-01 7.816741e-01 4.358432e-01 0.000000e+00 1
1.036657e+14 3.944792e+13 -9.941838e+13 -1.131243e-01 8.011695e-01 -5.876482e-01 0.000000e+00 1
-3.209324e+13 -1.385837e+14 2.577437e+13 -2.844909e-01 -7.106704e-01 6.434380e-01 0.000000e+00 1
-1.403125e+13 -2.656025e+13 -1.340756e+13 -3.123980e-01 -7.408343e-01 5.946193e-01 0.000000e+00 1
-5.778958e+13 6.670642e+13 1.322183e+14 6.181727e-01 -7.257130e-02 7.826851e-01 0.000000e+00 1
4.023675e+13 4.331862e+13 6.365707e+13 6.443524e-01 -2.715209e-02 7.642465e-01 0.000000e+00 1
-1.470601e+13 3.457576e+13 -4.219273e+12 -4.464980e-01 -4.100925e-01 -7.952758e-01 0.000000e+00 1
-9.018990e+13 -5.035247e+13 4.974531e+13 3.931245e-01 6.112459e-01 -6.869000e-01 0.000000e+00 1
5.528832e+13 -4.822070e+13 7.928787e+13 3.259397e-01 5.676756e-01 7.559813e-01 0.000000e+00 1
-1.235267e+14 -8.691999e+13 -1.697967e+13 9.626651e-01 -2.402358e-01 1.247500e-01 0.000000e+00 1
-3.922303e+13 -6.988468e+13 1.425991e+14 -1.154587e-01 2.859427e-01 -9.512655e-01 0.000000e+00 1
-6.952973e+13 3.539420e+13 -1.110274e+14 -8.305071e-02 4.723152e-01 8.775083e-01 0.000000e+00 1
1.306350e+14 -4.090524e+13 9.465251e+13 -1.408177e-01 -1.399507e-01 9.800940e-01 0.000000e+00 1
1.376960e+14 -8.318110e+13 -3.320363e+13 6.491654e-01 -7.389628e-01 1.803283e-01 0.000000e+00 1
-7.732379e+13 8.885627e+13 -8.107711e+13 -4.433954e-01 -8.963050e-01 6.151430e-03 0.000000e+00 1
-5.086721e+13 -5.420220e+12 -1.195154e+13 -5.358518e-01 -7.876381e-01 -3.041201e-01 0.000000e+00 1
-4.412526e+13 1.189852e+14 -8.955622e+13 -6.369212e-01 5.422184e-01 -5.480242e-01 0.000000e+00 1
-4.214452e+13 -1.214666e+14 -3.223423e+13 -5.180262e-01 -2.720432e-01 8.109509e-01 0.000000e+00 1
-1.219920e+14 -7.341807e+13 8.221075e+12 7.078270e-01 7.060154e-01 2.287263e-02 0.000000e+00 1
3.016827e+13 -1.467776e+14 6.325905e+13 -4.255993e-01 6.156968e-01 -6.631611e-01 0.000000e+00 1
-6.417390e+13 -4.613641e+12 4.906405e+13 5.418301e-01 8.224628e-01 1.731330e-01 0.000000e+00 1
8.086516e+13 -3.625770e+13 9.164266e+13 8.807969e-01 -3.724169e-01 2.924080e-01 0.000000e+00 1
-1.438771e+13 -1.025081e+14 1.646392e+13 3.635142e-01 7.612610e-01 -5.369722e-01 0.000000e+00 1
-8.034254e+13 1.983260e+13 8.128099e+13 3.476195e-01 -6.254517e-01 -6.985491e-01 0.000000e+00 1
1.272632e+14 5.969517e+13 8.012011e+13 -6.521834e-01 2.217444e-01 7.249043e-01 0.000000e+00 1
-1.115675e+13 -6.434903e+13 -1.309234e+13 3.224680e-01 2.493174e-01 9.131567e-01 0.000000e+00 1
-1.154547e+14 3.722248e+13 -9.159944e+13 2.310074e-01 -5.652786e-01 -7.918937e-01 0.000000e+00 1
-7.714092e+12 -1.694549e+12 -1.038446e+14 8.240867e-01 -2.061404e-01 5.276241e-01 0.000000e+00 1
4.186600e+13 1.262538e+14 -9.164007e+13 -6.913802e-01 -6.178122e-01 -3.745684e-01 0.000000e+00 1
9.620019e+13 -9.400178e+13 -8.989384e+13 4.904092e-01 7.718370e-01 -4.046807e-01 0.000000e+00 1
2.408675e+13 1.529073e+14 -3.403390e+13 2.978691e-01 -9.533085e-01 4.976778e-02 0.000000e+00 1
2.180617e+13 -3.653109e+13 -6.234832e+13 -5.889172e-01 -3.132301e-01 7.450258e-01 0.000000e+00 1
3.162682e+13 -9.151127e+13 7.976622e+12 -3.420541e-01 -4.483862e-01 -8.258019e-01 0.000000e+00 1
-2.943786e+13 -1.590772e+14 4.243758e+13 -4.926649e-01 8.175343e-01 2.981928e-01 0.000000e+00 1
4.586471e+13 7.602716e+12 -6.002452e+13 3.796286e-01 -7.874528e-01 -4.855927e-01 0.000000e+00 1
8.657618e+12 9.104863e+13 5.352465e+13 -5.728353e-01 6.597973e-01 -4.863407e-01 0.000000e+00 1
-1.532976e+14 5.632332e+13 1.417391e+13 2.647294e-01 6.994117e-01 6.638837e-01 0.000000e+00 1
-3.218097e+13 7.661000e+13 -1.429091e+14 9.859768e-01 -1.336848e-01 9.989063e-02 0.000000e+00 1
-4.041596e+13 2.446881e+13 8.087736e+13 -3.420732e-01 -3.199859e-01 -8.835128e-01 0.000000e+00 1
3.861152e+13 -4.273894e+13 6.306272e+13 8.897214e-01 -3.423764e-01 3.019508e-01 0.000000e+00 1
2.076478e+13 1.421843e+14 7.806374e+13 -8.187439e-01 4.703827e-01 3.292393e-01 0.000000e+00 1
1.352812e+14 -6.747590e+13 3.497523e+12 -9.406528e-01 2.721295e-01 -2.027756e-01 0.000000e+00 1
-7.968510e+13 2.518864e+13 -8.840894e+13 1.723287e-01 2.871042e-01 -9.422707e-01 0.000000e+00 1
5.073657e+12 1.078525e+14 -1.169037e+14 -9.461679e-01 1.818111e-01 2.677890e-01 0.000000e+00 1
-7.231167e+13 7.910144e+13 1.230440e+13 -4.074588e-01 8.721252e-01 -2.708781e-01 0.000000e+00 1
-2.769623e+13 8.950583e+13 7.506356e+13 7.267355e-01 5.275620e-01 -4.399247e-01 0.000000e+00 1
-1.463303e+13 6.275957e+13 -1.147741e+14 7.551618e-01 2.136042e-03 6.555350e-01 0.000000e+00 1
5.508560e+12 2.944536e+13 1.652214e+13 9.751340e-01 -4.658403e-02 -2.166648e-01 0.000000e+00 1
1.328863e+14 -8.676327e+13 -2.919622e+12 -9.487718e-01 3.082844e-02 3.144547e-01 0.000000e+00 1
5.972587e+13 3.518462e+13 1.521689e+14 4.336028e-02 8.332103e-01 -5.512536e-01 0.000000e+00 1
7.976334e+13 -3.307696e+13 1.208395e+14 -6.116770e-01 6.238938e-01 4.864235e-01 0.000000e+00 1
-7.584856e+13 -8.543444e+13 8.183182e+13 8.174884e-01 -5.673350e-01 -9.921528e-02 0.000000e+00 1
6.126185e+13 1.677810e+13 -1.488645e+14 -5.145266e-01 -7.518503e-01 -4.122905e-01 0.000000e+00 1
1.864212e+13 -9.944399e+13 3.874937e+13 -2.371720e-01 -5.751275e-01 -7.829290e-01 0.000000e+00 1
8.308255e+13 6.362303e+13 6.026815e+13 -2.211891e-01 -6.897369e-02 9.727888e-01 0.000000e+00 1
-1.602895e+13 -4.998706e+13 4.887673e+13 8.542445e-02 7.901091e-01 -6.069845e-01 0.000000e+00 1
-5.852903e+12 -4.998958e+13 -2.362631e+13 -6.740823e-01 4.506606e-01 5.852504e-01 0.000000e+00 1
1.107238e+14 -9.470821e+12 -9.491524e+13 8.943201e-01 4.238844e-01 1.432259e-01 0.000000e+00 1
1.912798e+13 9.360191e+13 -1.713122e+13 9.441258e-01 3.232402e-01 6.435955e-02 0.000000e+00 1
3.449426e+13 1.037607e+14 -1.099661e+14 -2.344216e-01 -9.234936e-01 -3.036546e-01 0.000000e+00 1
5.842036e+13 8.547403e+13 2.449155e+13 1.020659e-01 -8.672622e-01 -4.872770e-01 0.000000e+00 1
1.033102e+14 -8.473866e+13 -7.520383e+13 3.456355e-01 3.350988e-01 8.764958e-01 0.000000e+00 1
2.528230e+11 -8.181814e+13 -1.423455e+14 -2.730935e-01 -9.517688e-01 1.398429e-01 0.000000e+00 1
-1.175284e+14 2.258454e+13 7.836898e+13 8.114222e-01 5.840003e-01 2.318750e-02 0.000000e+00 1
2.781686e+13 1.269088e+13 3.819227e+13 -3.454789e-01 5.416459e-01 -7.663316e-01 0.000000e+00 1
2.757423e+13 -2.872062e+13 1.111744e+14 -9.549093e-01 2.956694e-01 -2.697824e-02 0.000000e+00 1
-1.171673e+14 -5.615905e+13 -2.711020e+13 9.604808e-01 -1.615210e-01 2.266884e-01 0.000000e+00 1
4.126557e+13 -6.988175e+13 -1.031492e+14 -7.229504e-01 -3.193506e-01 -6.126646e-01 0.000000e+00 1
1.556666e+14 -2.375588e+13 -1.554588e+13 6.166459e-01 -5.291104e-01 5.829152e-01 0.000000e+00 1
-6.493835e+12 4.567562e+13 2.695103e+13 9.402029e-01 3.257677e-01 9.946799e-02 0.000000e+00 1
-1.598031e+13 -6.013042e+13 -7.526012e+13 -3.672793e-01 6.754906e-01 6.393890e-01 0.000000e+00 1
-9.852259e+12 -7.468522e+13 8.570670e+13 -1.126054e-01 3.115636e-01 -9.435296e-01 0.000000e+00 1
-8.759875e+13 7.651362e+13 -1.204711e+13 6.062312e-01 -2.899763e-01 7.405387e-01 0.000000e+00 1
3.765693e+13 -8.249131e+13 -3.308750e+13 -4.139454e-02 8.012321e-01 -5.969201e-01 0.000000e+00 1
5.277338e+13 -1.319136e+14 -3.378804e+13 5.085350e-02 -8.604167e-01 5.070473e-01 0.000000e+00 1
-9.689637e+13 1.240437e+14 -4.905734e+13 -4.409085e-01 -8.278138e-01 -3.468775e-01 0.000000e+00 1
-1.026662e+14 -1.177605e+14 5.054010e+13 -7.472306e-01 -6.405751e-01 1.769459e-01 0.000000e+00 1
-1.256163e+14 8.841763e+13 -5.727428e+12 -1.359463e-01 4.419001e-01 -8.867034e-01 0.000000e+00 1
-1.081434e+13 2.458244e+12 1.686314e+14 6.311665e-01 -4.108840e-01 -6.578778e-01 0.000000e+00 1
-1.966229e+13 2.476328e+13 -2.728308e+13 -4.462600e-01 -7.242798e-01 -5.256147e-01 0.000000e+00 1
-5.903117e+12 -8.320613e+13 -1.007988e+14 -9.810442e-01 -6.770972e-02 -1.815698e-01 0.000000e+00 1
-4.579750e+13 -3.485718e+13 1.498084e+13 -1.719330e-01 -3.998061e-01 9.003300e-01 0.000000e+00 1
1.131102e+13 3.199072e+13 4.887691e+13 8.465432e-01 8.393996e-02 5.256602e-01 0.000000e+00 1
-8.270256e+13 -8.316238e+13 7.015821e+13 -9.874287e-01 -7.224951e-02 1.405867e-01 0.000000e+00 1
-1.197439e+14 1.140875e+14 1.189095e+13 3.638768e-01 2.814859e-01 8.878960e-01 0.000000e+00 1
4.860357e+13 -1.040769e+14 7.954150e+13 -2.386356e-01 8.737915e-01 4.237234e-01 0.000000e+00 1
-1.368896e+13 -3.491079e+13 1.649032e+13 -7.924622e-01 -3.550914e-01 4.958969e-01 0.000000e+00 1
-8.967942e+13 1.216633e+14 -2.051060e+12 -5.279044e-02 7.929735e-01 -6.069647e-01 0.000000e+00 1
2.017035e+13 -9.350183e+13 -1.367761e+12 -3.533528e-01 -7.329841e-02 -9.326141e-01 0.000000e+00 1
-1.085474e+14 1.311641e+13 -8.520791e+13 -8.079760e-01 -1.167291e-01 5.775372e-01 0.000000e+00 1
-7.271301e+13 -8.576925e+13 4.693305e+13 -8.400595e-02 9.775000e-01 -1.934860e-01 0.000000e+00 1
-6.840985e+13 -4.851209e+13 -1.227032e+14 -7.598605e-01 6.005518e-01 -2.488966e-01 0.000000e+00 1
-8.978233e+13 3.767458e+13 -7.828230e+13 -4.554003e-01 7.197117e-01 5.240474e-01 0.000000e+00 1
-8.382063e+13 -1.437874e+14 -9.555229e+12 -4.722258e-01 8.743232e-01 -1.120786e-01 0.000000e+00 1
-9.729494e+13 1.243084e+13 1.080261e+14 -6.244827e-01 7.542680e-01 -2.027341e-01 0.000000e+00 1
-5.332882e+13 -1.214725e+14 5.935490e+13 9.220900e-01 -3.497009e-01 1.657085e-01 0.000000e+00 1
-2.400977e+13 1.421791e+14 1.801177e+13 8.536836e-01 -4.652325e-01 2.340577e-01 0.000000e+00 1
-4.452274e+12 -1.271683e+14 -6.732684e+13 -6.705975e-01 6.808483e-01 -2.945244e-01 0.000000e+00 1
3.907028e+13 -1.662497e+13 1.130403e+14 -4.590497e-01 6.995557e-01 5.476269e-01 0.000000e+00 1
-3.411445e+13 -2.532127e+13 -1.245244e+14 -2.848662e-01 7.227889e-01 -6.296249e-01 0.000000e+00 1
1.143293e+14 -1.704034e+13 3.886637e+13 8.424703e-01 4.076102e-01 -3.522751e-01 0.000000e+00 1
-5.325460e+13 -3.637572e+12 -8.757135e+13 4.359677e-01 7.272429e-01 -5.301414e-01 0.000000e+00 1
-7.104414e+13 -3.238275e+13 -1.432206e+14 -2.269976e-01 -6.496190e-01 -7.255806e-01 0.000000e+00 1
8.475889e+13 -5.081675e+13 1.158321e+14 2.176068e-01 5.852616e-01 7.810993e-01 0.000000e+00 1
-4.276294e+13 4.277666e+13 -9.247975e+13 -4.890014e-01 7.557424e-01 4.355813e-01 0.000000e+00 1
-1.192450e+14 3.061133e+13 -1.116398e+14 -1.496767e-01 -9.655820e-01 -2.127166e-01 0.000000e+00 1
-8.267736e+13 7.097303e+13 -7.435262e+12 -9.182962e-01 2.310916e-01 3.214478e-01 0.000000e+00 1
-4.085433e+13 2.605819e+13 1.241561e+14 -8.589713e-01 -1.574443e-01 4.872162e-01 0.000000e+00 1
-1.068218e+14 1.292223e+13 -3.058334e+13 3.969391e-01 -8.940391e-01 -2.076857e-01 0.000000e+00 1
-9.532617e+13 -1.184708e+14 4.724001e+13 -5.447328e-01 2.020682e-01 -8.139008e-01 0.000000e+00 1
-4.603608e+13 -9.379929e+13 -6.174962e+13 -6.030640e-01 -7.531771e-01 -2.627511e-01 0.000000e+00 1
2.714716e+13 9.289786e+13 -1.759903e+13 -7.292058e-02 8.035797e-01 5.907133e-01 0.000000e+00 1
2.267562e+13 2.916448e+13 -5.950432e+13 2.775674e-01 -3.856812e-01 -8.798900e-01 0.000000e+00 1
-2.669282e+13 9.645517e+12 -5.156420e+13 -2.344846e-02 3.128452e-01 9.495146e-01 0.000000e+00 1
-3.229233e+13 -7.865966e+13 8.888939e+13 -3.859851e-01 -8.835366e-01 -2.652896e-01 0.000000e+00 1
7.413923e+13 -7.809095e+13 5.484835e+11 -4.223656e-02 6.660614e-01 -7.447001e-01 0.000000e+00 1
-5.857177e+13 -7.671994e+13 1.225457e+14 -1.221175e-01 -9.730921e-01 -1.953945e-01 0.000000e+00 1
-2.259887e+13 1.144570e+14 -6.974593e+13 2.027065e-01 4.902047e-01 -8.477083e-01 0.000000e+00 1
-5.479415e+13 1.189223e+14 5.470825e+12 7.244375e-01 -2.625916e-01 6.373664e-01 0.000000e+00 1
-3.243566e+13 1.583071e+14 -8.434902e+12 -2.750650e-01 -9.126160e-01 -3.024423e-01 0.000000e+00 1
4.292566e+13 1.058428e+14 1.115474e+14 6.772263e-01 6.477355e-01 -3.490031e-01 0.000000e+00 1
7.505026e+13 -1.391431e+14 -3.093933e+13 -5.004817e-02 5.303272e-01 -8.463145e-01 0.000000e+00 1
-3.249489e+12 -1.434378e+14 9.135817e+12 -7.773863e-01 -5.581026e-01 2.901585e-01 0.000000e+00 1
1.176785e+14 -9.012349e+13 1.091595e+13 -4.348010e-01 8.346864e-01 -3.380039e-01 0.000000e+00 1
-2.666963e+13 -1.617348e+13 1.299844e+14 -5.521979e-01 8.193455e-01 -1.541115e-01 0.000000e+00 1
9.015246e+13 1.611652e+13 -3.726044e+12 -5.668602e-02 -6.094425e-01 -7.908012e-01 0.000000e+00 1
4.897945e+13 4.483232e+13 -3.137326e+13 4.563491e-01 8.838845e-01 -1.024392e-01 0.000000e+00 1
-6.767513e+13 1.172056e+14 2.344308e+12 -4.790426e-01 8.752761e-01 -6.640738e-02 0.000000e+00 1
-3.493720e+13 -9.373663e+13 1.042310e+14 3.340668e-01 1.071969e-01 -9.364338e-01 0.000000e+00 1
1.043879e+14 -9.047615e+13 6.601198e+13 3.429170e-01 -2.570135e-01 -9.035220e-01 0.000000e+00 1
7.729620e+13 1.737685e+13 1.442129e+14 -2.776201e-01 -5.698105e-01 7.734617e-01 0.000000e+00 1
-9.385999e+13 -9.387506e+13 7.181663e+13 8.244677e-01 5.648690e-01 3.429379e-02 0.000000e+00 1
1.830140e+12 3.952707e+13 -3.259781e+13 3.609463e-01 -2.160012e-01 9.072272e-01 0.000000e+00 1
4.983402e+13 -6.176674e+13 3.439220e+13 7.408113e-01 4.727551e-01 4.771805e-01 0.000000e+00 1
1.128770e+14 -7.721527e+13 9.098332e+13 -1.130334e-01 -5.492531e-01 8.279762e-01 0.000000e+00 1
4.540154e+13 1.180178e+14 4.285104e+13 -9.120417e-01 2.338513e-01 3.368879e-01 0.000000e+00 1
-1.096224e+14 8.418015e+13 -8.433929e+13 6.329511e-02 9.195948e-01 -3.877358e-01 0.000000e+00 1
1.402598e+13 -5.471200e+13 -4.136343e+12 8.368747e-01 -4.273581e-01 -3.420611e-01 0.000000e+00 1
8.585367e+13 -2.261663e+13 -1.518161e+13 1.238774e-01 6.909932e-02 -9.898887e-01 0.000000e+00 1
5.132534e+13 -3.138902e+13 -1.332869e+14 -8.903576e-01 -4.454069e-01 -9.421332e-02 0.000000e+00 1
3.059067e+13 1.055048e+14 9.294580e+13 1.292633e-01 -7.460487e-02 9.887998e-01 0.000000e+00 1
-1.036855e+14 7.314763e+13 9.189385e+13 8.525116e-01 1.155469e-01 -5.097773e-01 0.000000e+00 1
1.923892e+13 1.251499e+14 -4.740242e+13 -7.126428e-01 -6.806414e-01 1.699046e-01 0.000000e+00 1
-3.399802e+13 5.810802e+12 -1.498289e+14 -2.103546e-01 9.592591e-01 1.886081e-01 0.000000e+00 1
-1.494179e+14 -5.586012e+13 7.197029e+12 2.375419e-01 1.217551e-01 -9.637165e-01 0.000000e+00 1
-1.053890e+14 -8.426697e+13 5.131517e+13 4.228416e-01 -3.186497e-02 -9.056432e-01 0.000000e+00 1
-8.277450e+12 -3.934003e+13 -3.837779e+13 -9.329814e-01 -3.599246e-01 1.587630e-04 0.000000e+00 1
-6.103510e+13 5.217286e+13 4.628581e+13 3.599279e-01 6.857045e-01 -6.326620e-01 0.000000e+00 1
-2.769865e+13 -6.771334e+13 5.954954e+13 -1.667810e-01 7.641197e-01 -6.231413e-01 0.000000e+00 1
7.177988e+12 -4.451870e+13 1.197091e+13 4.071717e-01 -3.107806e-01 -8.588519e-01 0.000000e+00 1
4.928548e+13 -1.243564e+14 3.025774e+13 -1.907906e-01 -5.681165e-01 8.005265e-01 0.000000e+00 1
5.702666e+13 9.704465e+13 -1.727320e+12 -8.513609e-01 4.697466e-01 2.335011e-01 0.000000e+00 1
6.876561e+12 1.367626e+14 2.888729e+13 2.236967e-01 -8.379193e-01 -4.978464e-01 0.000000e+00 1
1.782038e+13 -5.546547e+12 1.355106e+14 -1.835816e-01 -8.100487e-01 5.568832e-01 0.000000e+00 1
5.006782e+13 8.801622e+13 -1.869610e+12 -8.937476e-01 2.968257e-01 3.363178e-01 0.000000e+00 1
-1.103618e+14 3.140944e+13 -1.001155e+14 4.974118e-01 6.208591e-01 -6.059005e-01 0.000000e+00 1
-7.234423e+13 3.305804e+13 2.140362e+13 1.740813e-01 -9.125839e-01 -3.699816e-01 0.000000e+00 1
9.745315e+13 5.863004e+13 -5.857702e+13 1.036324e-01 -6.017828e-01 7.919077e-01 0.000000e+00 1
2.204573e+13 9.520072e+13 -2.891327e+13 8.973387e-01 2.660721e-01 -3.521207e-01 0.000000e+00 1
9.708129e+13 7.714974e+13 1.150154e+14 -1.314176e-02 -4.804742e-01 8.769104e-01 0.000000e+00 1
1.596689e+13 1.560813e+14 1.291089e+13 -3.046739e-01 -7.279377e-01 -6.142317e-01 0.000000e+00 1
-5.571420e+12 -1.416604e+14 4.427610e+13 -2.481087e-01 -9.449098e-01 -2.135123e-01 0.000000e+00 1
7.630552e+13 -5.402170e+13 -9.263623e+12 8.101471e-01 -5.041170e-01 -2.992117e-01 0.000000e+00 1
3.211635e+13 -1.663857e+13 1.977621e+13 3.496603e-01 -9.274370e-01 1.326583e-01 0.000000e+00 1
9.224800e+13 -8.401189e+13 3.233516e+13 5.556470e-01 4.230247e-01 -7.157559e-01 0.000000e+00 1
1.477511e+13 -1.262097e+14 -1.111526e+14 -5.742436e-01 -1.180758e-01 8.101249e-01 0.000000e+00 1
-9.127370e+13 -5.216553e+12 -8.775185e+13 -8.216300e-01 4.525039e-01 -3.466473e-01 0.000000e+00 1
-1.431107e+14 -3.465995e+12 -2.916846e+13 8.171457e-01 5.523330e-01 -1.649276e-01 0.000000e+00 1
8.856309e+13 -8.983274e+13 3.359720e+12 -1.896219e-02 -6.716272e-01 -7.406466e-01 0.000000e+00 1
-3.877374e+13 -1.573010e+13 1.424909e+14 5.735286e-01 -7.784903e-01 2.549859e-01 0.000000e+00 1
9.724916e+13 -4.104860e+13 7.920329e+13 5.780237e-01 -2.784709e-01 7.670349e-01 0.000000e+00 1
9.321390e+13 5.237997e+13 -3.704348e+13 6.955600e-01 7.079916e-01 -1.222465e-01 0.000000e+00 1
-1.120874e+14 -2.480551e+13 -2.016768e+13 -4.153007e-01 -9.074952e-01 -6.307003e-02 0.000000e+00 1
1.193250e+14 -5.840160e+13 -8.210604e+13 -6.423750e-01 4.876005e-01 -5.912698e-01 0.000000e+00 1
-3.073773e+12 1.932224e+13 -1.543677e+14 9.928701e-01 -9.510672e-02 -7.185859e-02 0.000000e+00 1
1.271100e+14 8.077056e+13 6.803202e+12 7.032544e-01 4.187802e-01 5.745053e-01 0.000000e+00 1
2.688949e+13 2.384311e+13 -4.193809e+13 -8.277553e-01 5.123380e-01 -2.287595e-01 0.000000e+00 1
-1.280753e+14 2.035515e+12 -8.282553e+13 -7.315044e-01 -4.911017e-01 4.729909e-01 0.000000e+00 1
-3.166548e+13 -9.497211e+12 1.656660e+14 7.301379e-01 -4.889617e-01 -4.772999e-01 0.000000e+00 1
8.122974e+13 -2.675544e+13 -9.031769e+13 -7.513406e-01 6.250688e-01 2.116043e-01 0.000000e+00 1
1.236451e+14 -2.125142e+13 4.902131e+13 4.101130e-01 5.858404e-01 6.989981e-01 0.000000e+00 1
2.595379e+12 7.272357e+13 5.635379e+12 -9.970933e-02 9.915160e-02 -9.900641e-01 0.000000e+00 1
4.888865e+13 -2.655384e+13 8.038618e+13 -1.431114e-01 2.339570e-01 9.616565e-01 0.000000e+00 1
1.130075e+14 -9.379948e+13 5.880937e+13 8.528454e-01 5.104305e-01 -1.100704e-01 0.000000e+00 1
-1.244307e+14 5.972015e+13 6.113857e+13 -7.822958e-01 -4.494241e-01 -4.313134e-01 0.000000e+00 1
-2.626038e+13 -8.220465e+13 1.420253e+14 2.861151e-01 3.117829e-01 -9.060517e-01 0.000000e+00 1
-4.659265e+13 -6.504235e+13 1.357624e+14 -3.459790e-01 5.558675e-01 7.558504e-01 0.000000e+00 1
6.310091e+13 -1.140982e+14 -2.613764e+13 -6.880479e-01 -3.030254e-01 6.593676e-01 0.000000e+00 1
1.491280e+14 4.839067e+13 -1.857380e+13 2.306119e-01 8.104348e-01 5.385291e-01 0.000000e+00 1
-2.280887e+13 6.686307e+13 -1.023357e+14 -3.212236e-01 8.214449e-01 -4.712151e-01 0.000000e+00 1
4.777536e+13 1.540805e+14 -3.700102e+13 9.889492e-01 6.238699e-02 1.344892e-01 0.000000e+00 1
1.558457e+14 -1.165477e+13 4.666249e+13 9.198753e-01 -3.367271e-01 -2.011075e-01 0.000000e+00 1
4.422845e+13 -5.420629e+13 -4.732534e+13 -8.331072e-01 -3.986392e-01 -3.834309e-01 0.000000e+00 1
-1.202953e+14 -1.523708e+12 -1.142553e+14 4.419085e-01 -6.282242e-01 -6.403524e-01 0.000000e+00 1
5.393428e+13 1.654465e+13 -6.712622e+13 -4.345737e-01 3.161653e-01 8.433180e-01 0.000000e+00 1
-7.083375e+13 -1.055965e+14 6.573141e+13 -8.742755e-01 -3.402340e-01 3.462416e-01 0.000000e+00 1
-5.014112e+13 -1.121262e+14 1.137712e+14 8.083255e-01 5.830292e-01 8.177340e-02 0.000000e+00 1
4.574160e+13 5.213962e+13 6.433761e+12 -1.877173e-02 8.950913e-01 4.454875e-01 0.000000e+00 1
4.088246e+13 5.141730e+13 6.220881e+13 6.374483e-01 -1.888044e-01 -7.470024e-01 0.000000e+00 1
2.682221e+13 -5.114642e+13 1.313529e+14 6.059197e-01 -2.803214e-01 -7.445007e-01 0.000000e+00 1
4.966750e+13 -9.247903e+13 -5.428753e+13 4.075476e-01 -6.350017e-01 -6.562604e-01 0.000000e+00 1
-2.481308e+13 6.468948e+13 -7.633544e+10 -4.955777e-01 2.644299e-01 -8.273328e-01 0.000000e+00 1
-1.233882e+14 -5.416573e+13 9.585074e+13 -9.085172e-01 4.104139e-01 7.846579e-02 0.000000e+00 1
