# 781 1.000000e+07 1.000000e+04 0.000000e+00 1.000000e+00 5.000000e-01
-4.593135e+13 -2.705509e+13 -1.661492e+14 -1.689420e-01 -9.582250e-01 -2.307886e-01 -1.857327e+01 0 11
1.516134e+14 -3.338887e+13 9.524693e+13 8.475930e-01 -4.722579e-01 2.419887e-01 -1.509315e+01 0 5413206
-5.001675e+13 -1.614640e+14 1.675605e+13 -8.836292e-01 -2.781476e-01 -3.766078e-01 -2.922005e+01 0 9005286
2.082486e+13 -1.388793e+14 9.759461e+13 9.594807e-01 -2.013188e-02 2.810542e-01 3.117820e+01 0 17021626
4.023176e+13 3.090546e+13 1.618619e+14 5.567679e-01 5.535178e-01 6.193767e-01 4.893097e+00 0 33106143
1.073336e+13 -1.712075e+14 8.693903e+13 3.359732e-01 -5.490664e-01 7.652765e-01 -1.006743e+01 0 2619652
-6.177619e+13 9.101935e+13 -1.485650e+14 -2.349718e-01 -1.050185e-01 -9.663122e-01 -1.423880e+01 0 65150
1.605353e+14 -5.239464e+13 1.902721e+13 9.662850e-01 -2.082303e-01 -1.514380e-01 1.471325e+01 0 6
1.116264e+14 6.404380e+13 1.189034e+14 -3.321297e-01 7.008234e-01 6.312973e-01 2.761498e+01 0 866661
-7.250951e+13 -3.549015e+13 -1.512274e+14 -6.827576e-02 -5.687838e-01 -8.196483e-01 -9.304020e+00 0 24
-1.138175e+14 8.253276e+13 1.386537e+14 4.359055e-02 8.363812e-01 5.464123e-01 7.671546e+00 0 1090126
1.484306e+14 -7.951273e+13 -7.188527e+13 2.516284e-01 -8.374833e-01 -4.850823e-01 -2.222479e+01 0 4
-7.646412e+13 1.517127e+14 -5.585243e+12 -1.008204e-02 9.268083e-01 3.753993e-01 8.556918e+00 0 70
1.027346e+14 -1.442918e+14 -1.275065e+13 8.994191e-01 -3.643711e-01 2.414105e-01 2.680559e+01 0 15
1.264957e+14 -1.032174e+14 6.580716e+13 9.167019e-01 -3.163595e-01 2.440786e-01 -7.705976e+00 0 11002735
1.442270e+14 7.237023e+13 -5.879411e+13 6.881135e-01 -5.065615e-01 -5.195144e-01 -9.903606e+00 0 2064039
-6.235221e+13 -8.128807e+13 1.355701e+14 4.792189e-01 4.419149e-01 7.583275e-01 -3.955492e+00 0 2023544
7.602830e+13 -6.904143e+13 1.355308e+14 -1.418938e-02 -7.882228e-01 6.152264e-01 6.419593e+00 0 11495978
-2.852800e+13 5.378215e+13 -1.670293e+14 -8.478373e-02 -1.281855e-01 -9.881195e-01 1.432763e+01 0 372150
-1.307011e+14 8.276085e+13 -7.313128e+13 -2.303849e-01 4.393466e-01 -8.682726e-01 -1.862047e+01 0 51
-1.380320e+14 8.314192e+13 5.450810e+13 -9.547979e-01 5.033576e-03 -2.972130e-01 1.678859e+01 0 19118560
7.250561e+12 -1.149922e+14 -1.257731e+14 1.902225e-01 -7.280123e-01 -6.586452e-01 1.255435e+01 0 9
-8.301214e+13 1.419818e+14 4.169445e+13 3.286585e-01 2.671371e-01 9.058816e-01 -6.405254e+00 0 442562
8.869605e+13 -2.285335e+13 1.433421e+14 1.727564e-01 8.776010e-01 4.471820e-01 1.914025e+01 0 45738
7.861378e+12 1.786102e+14 1.236724e+12 -5.358449e-01 8.243193e-01 1.826689e-01 2.818372e+01 0 6490698
1.687119e+14 1.003201e+13 -1.908147e+13 4.645432e-01 2.588036e-01 8.468886e-01 1.478374e+01 0 750567
2.471148e+13 1.670217e+14 -6.283049e+13 7.744202e-01 2.842183e-01 -5.652374e-01 -4.525054e+00 0 3217801
9.048862e+13 1.100604e+14 -9.579532e+13 2.737512e-01 5.726252e-01 -7.727617e-01 1.914118e+01 0 13
5.337009e+13 1.608738e+14 2.987487e+13 -2.685993e-01 3.825288e-01 8.840397e-01 -1.353876e+00 0 874503
-1.009548e+14 3.914747e+13 1.440979e+14 -6.470916e-01 4.346615e-01 6.263720e-01 -1.485642e+01 0 684972
-4.908030e+12 1.542810e+14 8.381326e+13 -7.344060e-02 9.972144e-01 1.303720e-02 -1.218174e+01 0 1493419
1.037355e+14 -1.363611e+14 -2.137404e+13 -9.134722e-02 -5.284321e-01 8.440469e-01 3.030711e+00 0 14540580
5.497190e+13 -1.688176e+14 1.454394e+13 -3.290091e-01 -8.973226e-01 -2.942195e-01 -2.586283e+01 0 1
-1.380296e+14 9.497306e+13 -2.736062e+13 -4.918011e-01 6.696315e-01 -5.565298e-01 -2.825523e+01 0 9
-7.435806e+13 1.411861e+14 6.597658e+13 -5.648981e-01 -3.783374e-01 7.333150e-01 2.853781e+01 0 26
4.531744e+13 -7.807238e+13 1.474137e+14 5.516659e-01 -3.857930e-01 7.394785e-01 -3.028396e+00 0 4041812
-7.700725e+13 1.455467e+14 -4.124047e+13 -9.370685e-01 -3.393917e-01 -8.195017e-02 3.563331e+01 0 7
-1.111478e+14 7.025447e+13 1.083007e+14 -9.239254e-01 -1.068898e-01 -3.673369e-01 4.107333e+00 0 6808072
-9.286544e+13 9.187203e+13 -1.133146e+14 2.327618e-01 -3.348399e-01 -9.130740e-01 -1.986198e+01 0 2
5.898948e+13 -2.467448e+13 1.612195e+14 3.488796e-01 -3.591495e-01 8.656181e-01 7.639639e+00 0 2
6.250774e+13 -1.122722e+14 -1.110214e+14 8.881252e-01 -4.537164e-01 -7.331521e-02 1.713806e+01 0 19
-1.459415e+14 -4.611399e+10 8.647707e+13 -8.845504e-01 4.036996e-02 4.646944e-01 -2.108485e+00 0 1342683
-1.758082e+13 1.891880e+14 -1.167649e+13 -1.174638e-01 9.192959e-01 -3.756293e-01 2.005544e+01 0 72
-9.707015e+13 1.285296e+14 -6.155590e+13 1.882992e-01 9.814895e-01 -3.495389e-02 -1.627385e+00 0 6416840
-6.954295e+13 -1.559781e+14 1.904076e+13 5.099575e-01 -7.786444e-01 3.655903e-01 2.674747e+01 0 2708181
1.051439e+14 3.012696e+13 1.368229e+14 8.118741e-01 -2.343392e-01 5.347388e-01 -1.783557e+01 0 4
1.115568e+14 2.539401e+11 -1.378904e+14 8.522152e-01 -5.183164e-01 -7.125566e-02 -2.687738e+01 0 2733738
8.444613e+13 -1.113572e+14 1.032884e+14 -2.310455e-01 -4.271155e-01 8.741798e-01 3.234968e+00 0 17
2.911684e+13 -9.165053e+13 1.440741e+14 -5.793204e-01 -5.301366e-01 6.191470e-01 1.908539e-01 0 104
8.557289e+13 1.088010e+14 -1.228390e+14 -1.160247e-01 9.061739e-01 -4.066781e-01 2.850851e+01 0 4
7.076837e+13 1.319740e+14 1.093466e+14 7.817551e-01 6.228712e-01 2.983808e-02 6.837805e+00 0 4270290
-1.245583e+14 1.275137e+14 -5.567857e+13 -4.305013e-01 6.696962e-01 -6.051245e-01 -1.911128e+01 0 5215692
1.403616e+14 -9.443514e+13 -5.935328e+13 7.344157e-01 -6.612769e-01 1.527953e-01 -2.218657e+01 0 710707
-8.255981e+13 2.518800e+13 2.256105e+14 -2.186458e-01 2.239724e-01 9.497528e-01 -2.532234e+01 0 15
-8.584450e+13 -3.717033e+13 1.435606e+14 -7.803842e-01 5.922770e-01 2.005206e-01 -5.523008e+00 0 1724712
-1.700784e+14 6.450498e+13 -8.461018e+13 -5.289122e-01 -1.108884e-01 -8.414010e-01 -1.547747e+01 0 10991049
-1.707369e+14 -2.210198e+13 8.021497e+12 -9.319812e-01 1.329834e-02 3.622625e-01 -1.368689e+01 0 663395
1.707008e+14 -9.613502e+13 -1.540327e+13 8.347412e-01 -5.503208e-01 1.881861e-02 2.186231e+01 0 6
1.419377e+14 7.978385e+13 5.063223e+13 -3.497676e-01 9.272934e-01 1.333773e-01 3.795317e+01 0 112705
-1.619049e+14 -3.665666e+13 3.516303e+13 -8.229780e-01 1.390789e-01 5.507851e-01 2.876636e+00 0 157074
2.065159e+13 1.140595e+14 -1.416697e+14 -6.499726e-01 3.956168e-01 -6.488628e-01 2.413768e+01 0 54698
-1.067263e+14 -1.297523e+14 2.674604e+13 -8.112410e-02 -5.503356e-01 8.309932e-01 2.274028e+01 0 12
-1.418195e+14 2.233998e+13 9.378754e+13 -6.135631e-01 -3.635311e-01 7.009889e-01 1.703859e+01 0 11156504
-5.847627e+13 3.738569e+13 1.568966e+14 3.432987e-01 5.460139e-01 7.642086e-01 -1.792460e+00 0 10550489
9.235645e+13 -1.918920e+13 -1.444778e+14 3.974948e-01 2.106377e-01 -8.931012e-01 -2.938733e+00 0 8438868
8.023295e+13 -1.448207e+14 3.965161e+13 7.378942e-01 -4.523040e-01 5.009324e-01 3.905920e+00 0 111
5.845147e+13 5.378891e+13 1.519273e+14 5.297712e-01 6.816406e-02 8.453970e-01 -8.015412e+00 0 1219152
8.571563e+13 1.202681e+14 8.375570e+13 7.060015e-01 -1.506810e-01 6.919951e-01 -2.033605e+01 0 1421408
1.033855e+14 4.247933e+13 1.366447e+14 -3.826399e-01 1.634136e-01 9.093309e-01 1.601917e+01 0 7421658
2.680537e+12 8.083087e+13 1.550023e+14 -1.074721e-01 1.161945e-01 9.873948e-01 -8.659105e+00 0 3368415
1.026535e+14 -4.716595e+13 -1.280438e+14 4.972206e-03 -5.515247e-01 -8.341437e-01 -1.575951e+01 0 2517383
1.145782e+14 -1.324398e+14 9.888476e+12 1.873989e-01 -9.644808e-01 1.861680e-01 -2.405468e+01 0 1496381
9.524342e+11 8.710176e+12 1.694757e+14 -4.450296e-01 4.444982e-01 7.774124e-01 -6.975964e+00 0 7358563
9.500940e+12 -1.779893e+14 -3.950464e+13 -4.800572e-01 -8.594440e-01 -1.757872e-01 -2.403269e+01 0 6532423
2.360973e+13 -7.734095e+13 1.490903e+14 -7.930975e-01 -5.566430e-01 2.472749e-01 -1.371851e+01 0 148257
-1.294179e+14 -1.072104e+14 1.112908e+14 -3.896252e-01 -2.668810e-01 8.814572e-01 1.271926e+01 0 117
-1.684545e+14 -2.137026e+13 -4.955456e+12 -6.769811e-01 5.016448e-01 -5.385621e-01 -2.048610e+00 0 16
-3.275593e+11 8.975278e+13 -1.445696e+14 8.532454e-01 5.025807e-01 -1.392298e-01 -1.783145e+01 0 2
-1.663518e+14 -3.512774e+13 9.221860e+12 -9.454016e-01 -2.105189e-01 -2.487922e-01 9.340138e+00 0 305839
1.876704e+14 2.738639e+13 -5.491840e+13 9.175978e-01 1.947134e-01 -3.465558e-01 1.198050e+01 0 3
1.383994e+14 8.103874e+13 6.874912e+13 9.829729e-01 9.168821e-02 1.592404e-01 -1.814357e+00 0 1410191
-1.565413e+14 -3.862522e+13 6.245238e+13 -7.918398e-01 6.170259e-03 6.106977e-01 1.675543e+01 0 3429590
1.197031e+14 -3.078713e+13 -1.183580e+14 3.782650e-01 5.570415e-01 -7.393377e-01 2.358180e+01 0 2407122
1.467662e+13 -1.703305e+14 -8.298740e+12 -4.986587e-01 -8.667940e-01 -2.765759e-03 2.194846e+00 0 4250191
1.573597e+14 5.521969e+13 -3.129698e+13 2.264115e-01 8.404102e-01 4.923906e-01 2.379431e+01 0 6341813
-1.745497e+14 3.704422e+13 3.777980e+12 -7.699184e-01 1.309056e-01 6.245714e-01 -1.253493e+01 0 6230391
1.558858e+14 1.642375e+13 -7.676813e+13 8.476554e-01 1.587420e-02 -5.303097e-01 -1.323279e+01 0 117
1.738644e+14 5.122910e+13 -2.533955e+13 7.563210e-01 6.250726e-01 1.930360e-01 -3.471777e+00 0 17
1.362509e+13 -6.971188e+12 -1.695083e+14 1.694227e-01 -8.432651e-01 -5.100980e-01 2.952394e+00 0 3492318
4.631176e+13 3.072896e+13 1.700895e+14 4.852586e-01 -4.504594e-01 7.494067e-01 1.277373e+01 0 4642567
-1.342491e+14 -1.207324e+13 1.078090e+14 -3.618550e-02 5.342922e-01 8.445250e-01 -2.000559e+01 0 5705213
2.086449e+12 8.279367e+13 1.481362e+14 -2.800177e-01 9.592294e-01 -3.832766e-02 -1.201545e+00 0 5
1.500809e+14 -6.881033e+13 -1.390478e+14 7.367721e-01 3.717039e-01 -5.648035e-01 2.983223e+01 0 1836145
5.271575e+13 1.222261e+14 1.309025e+14 1.969268e-01 6.460088e-01 7.374907e-01 -1.142163e+01 0 9
-3.633291e+13 7.643535e+13 1.481240e+14 -5.906037e-04 8.980059e-01 4.399830e-01 3.187549e+00 0 1589768
3.572679e+13 -1.130324e+13 1.754999e+14 -7.623653e-01 -1.090048e-01 6.379005e-01 1.146960e+01 0 7191117
1.444907e+14 2.854951e+13 8.498521e+13 6.333716e-01 7.545378e-01 1.717936e-01 -2.626323e-01 0 674195
1.588229e+13 -1.003708e+14 1.448577e+14 5.823481e-02 -5.559042e-01 8.292040e-01 -1.356949e+01 0 16
-9.305290e+13 1.444590e+14 7.261212e+13 -3.512555e-01 3.914624e-01 8.505156e-01 1.452924e+01 0 7
-1.277878e+14 -1.063924e+14 6.300923e+13 -9.837474e-01 -8.920967e-02 1.558292e-01 -2.663933e+01 0 2281872
1.261239e+14 1.145848e+14 -1.669874e+12 8.352373e-01 5.230279e-01 -1.697660e-01 1.658025e+00 0 4618891
3.131232e+13 2.087242e+11 1.730368e+14 9.101101e-01 3.306284e-01 2.497686e-01 2.276389e+01 0 60
2.062343e+13 -7.527749e+13 1.900694e+14 2.217725e-01 -3.103543e-01 9.243902e-01 -1.676409e+01 0 1058701
1.312658e+13 -6.599580e+13 -1.686807e+14 -2.799452e-01 -6.108030e-01 -7.406419e-01 -2.030997e+01 0 33
9.442375e+13 -1.359082e+14 5.111689e+13 8.230675e-01 -4.245253e-01 3.772774e-01 1.258333e+01 0 1198670
-6.493749e+13 -3.819569e+13 1.526681e+14 -9.136555e-01 -7.213789e-02 4.000372e-01 -1.574970e+01 0 117780
1.363949e+14 8.699885e+13 7.835561e+13 5.130845e-01 1.992897e-01 8.348820e-01 -2.378713e+01 0 5496509
4.674927e+12 -8.174491e+13 -1.517023e+14 -2.779852e-01 -9.060256e-01 -3.191266e-01 -1.744816e+01 0 17052990
5.495573e+13 -1.837453e+14 3.948499e+13 1.123540e-01 -9.570309e-01 2.673359e-01 -1.974460e+01 0 16944301
1.417673e+14 9.148812e+13 -2.570026e+13 9.558882e-01 1.798331e-01 2.322451e-01 -1.011562e+00 0 12083565
1.642417e+14 1.387786e+14 6.201646e+13 1.771280e-01 8.272837e-01 5.331298e-01 -7.117307e+00 0 2975843
-4.715169e+13 -6.798799e+12 1.803349e+14 2.518420e-01 -6.226571e-02 9.657632e-01 1.536100e+01 0 2594049
4.848627e+13 -1.013447e+13 -1.646930e+14 6.456957e-01 1.337202e-01 -7.517952e-01 -7.891576e+00 0 1692015
-7.342542e+13 -9.607941e+13 -1.265092e+14 1.138164e-02 -6.673539e-01 -7.446538e-01 -1.494084e+01 0 10057757
-7.582630e+13 1.073210e+14 1.248871e+14 -1.196497e-01 2.806054e-01 9.523364e-01 -1.296259e+01 0 36
1.070434e+14 4.396993e+13 1.308561e+14 3.250394e-02 8.966177e-01 4.416109e-01 3.402901e+00 0 16565616
-1.487634e+14 -4.373243e+13 6.883930e+13 -9.548473e-01 2.289795e-01 1.893013e-01 -1.548292e+01 0 5405844
-1.626250e+14 4.249017e+13 -7.538175e+13 -7.592549e-01 -5.970062e-01 -2.590668e-01 3.359400e+01 0 6
1.578422e+14 -1.084657e+13 1.267651e+14 5.624287e-01 -2.494801e-02 8.264693e-01 1.610328e+01 0 11694761
-3.111149e+13 2.088518e+14 -1.640209e+13 -7.401028e-02 9.943882e-01 -7.559453e-02 -1.698269e+01 0 15
1.484239e+14 4.435281e+13 7.027050e+13 2.728213e-01 -8.125330e-01 5.151297e-01 2.089330e+00 0 6111427
-1.592606e+14 -6.383087e+13 -1.944307e+13 -2.674049e-01 -6.676057e-01 -6.948361e-01 3.032662e+00 0 955406
-9.459808e+13 7.148760e+13 -1.279227e+14 4.246496e-01 9.897492e-02 -8.999315e-01 8.540411e+00 0 4019794
3.328383e+13 -1.010627e+13 -1.749602e+14 3.549647e-01 2.563567e-01 -8.990446e-01 -5.651221e+00 0 222470
-3.422070e+13 -1.655601e+14 2.048885e+13 -9.999931e-01 3.306040e-04 -3.697426e-03 -5.398348e+00 0 1870529
-1.023466e+14 -9.460899e+13 -1.067248e+14 -6.581690e-01 -6.835412e-01 -3.155711e-01 1.723004e+01 0 26534712
-8.131989e+13 -2.318267e+12 -1.637685e+14 6.477032e-02 -3.137205e-01 -9.473037e-01 -9.993625e+00 0 65981
-1.643534e+14 -6.250468e+13 1.013904e+13 -5.936584e-01 -6.290938e-01 -5.018074e-01 2.176124e-01 0 1085055
1.350453e+14 4.476645e+13 1.053244e+14 9.840175e-01 1.476235e-01 -9.958380e-02 -1.123773e+01 0 9
-5.581057e+13 1.773024e+14 1.195036e+13 3.505837e-03 9.040312e-01 4.274522e-01 7.837195e+00 0 13701030
-1.205772e+14 1.015407e+14 -7.301084e+13 -4.811439e-01 6.904491e-01 5.401671e-01 1.428964e+00 0 525136
1.131270e+14 1.313857e+14 2.675344e+13 1.963942e-01 9.460040e-01 -2.578872e-01 2.271563e+01 0 3443981
-1.328626e+14 6.360337e+13 -9.536181e+13 -6.585350e-01 -3.965332e-01 -6.396039e-01 1.871020e+01 0 5429840
1.450754e+14 -1.242768e+14 2.255980e+13 9.971126e-01 5.131332e-02 5.597760e-02 3.378545e+01 0 352665
5.222263e+11 1.031295e+14 1.352839e+14 5.684655e-01 3.651387e-01 7.372386e-01 -1.729264e+01 0 43783
4.676321e+13 -1.768573e+14 -3.201059e+13 3.419078e-01 -9.057132e-01 -2.505647e-01 2.114162e+01 0 2081126
9.181934e+13 -2.230110e+13 1.537034e+14 2.558064e-01 1.700890e-01 9.516474e-01 2.026496e+01 0 39
1.384403e+14 -9.224008e+13 -9.224456e+13 8.200257e-01 -5.207587e-01 2.374200e-01 -1.375947e+01 0 28
-3.099854e+13 3.272233e+13 -1.643781e+14 -1.427603e-01 -4.318104e-02 -9.888149e-01 -7.357213e+00 0 3597897
-5.761991e+13 1.616780e+14 3.601550e+13 7.601552e-01 5.535249e-01 3.402560e-01 -7.514505e-01 0 5120113
1.708077e+14 1.253279e+14 1.488491e+14 3.013624e-01 4.964885e-01 8.140515e-01 -1.343357e+01 0 23
-6.477625e+13 -6.004574e+13 -1.449413e+14 3.404094e-01 -9.216881e-01 -1.860445e-01 5.630081e+00 0 720636
-4.440163e+13 -1.737615e+14 -2.662417e+13 -3.890691e-01 -8.360111e-01 3.869247e-01 1.192637e+01 0 8447430
-1.599358e+14 -4.005327e+13 5.577705e+13 -6.324635e-01 -4.916052e-01 -5.985935e-01 3.008638e-01 0 24554160
7.033736e+13 5.676312e+13 -1.438521e+14 2.136332e-01 5.715624e-01 -7.922609e-01 1.214538e+01 0 5041866
7.650367e+12 1.165616e+14 1.230939e+14 -3.099871e-01 3.796880e-01 8.716335e-01 2.265870e+01 0 4597320
-3.179515e+13 1.623748e+13 -1.670415e+14 2.456239e-01 -4.218734e-01 -8.727495e-01 5.876193e+00 0 1038936
-1.701188e+14 -1.662699e+13 -6.439008e+12 -4.624608e-01 -5.481017e-01 6.969322e-01 -2.584170e+00 0 3193025
1.197903e+14 -1.250799e+13 -1.229681e+14 4.675645e-01 -4.412741e-01 -7.659377e-01 6.702346e+00 0 2924489
-2.355866e+13 1.555920e+14 -7.692034e+13 -5.937011e-01 5.492151e-01 -5.881172e-01 -1.250422e+00 0 3622057
1.387838e+14 -1.076074e+14 -4.043005e+12 7.845378e-01 -5.455901e-01 -2.946726e-01 -1.436724e+01 0 9806824
-7.946506e+13 -1.263342e+14 9.238203e+13 -3.061078e-01 -9.519257e-01 -1.164066e-02 -7.761690e+00 0 4470085
-8.840774e+13 -1.584092e+14 -1.885573e+13 -8.565378e-01 -4.074636e-01 -3.167277e-01 -2.620136e+01 0 9051761
1.659991e+14 2.448292e+13 -6.584526e+13 7.737075e-01 3.771489e-01 -5.090535e-01 -7.733616e+00 0 1
1.036816e+14 1.743273e+13 -1.356025e+14 9.790238e-01 -2.037003e-01 -4.311297e-03 -8.937470e-01 0 4363981
-3.227628e+13 -1.482988e+13 1.719670e+14 -7.562282e-01 -3.292818e-01 5.654135e-01 -8.936781e+00 0 861484
1.114575e+14 -1.127084e+14 7.122154e+13 3.516591e-01 -6.334570e-01 6.892518e-01 7.336472e+00 0 8410103
4.369922e+13 1.714792e+14 1.129617e+13 9.313417e-01 3.385745e-01 -1.340522e-01 -3.802526e+01 0 3
5.802522e+13 -1.065184e+14 -1.333884e+14 7.057946e-01 -6.764243e-01 -2.104856e-01 -6.491357e+00 0 2745187
1.340618e+14 -1.156219e+14 4.204424e+13 6.764897e-01 -6.741440e-01 2.964651e-01 -2.053767e+01 0 563896
2.575846e+13 7.214061e+12 -1.677383e+14 3.486456e-01 -8.703367e-01 -3.477934e-01 -5.234087e-01 0 329645
-5.996191e+13 -3.477224e+13 -1.554909e+14 -4.699442e-01 5.472326e-02 -8.809982e-01 -1.766521e+01 0 176283
-1.394759e+14 8.384275e+13 -5.276350e+13 -7.211556e-01 3.806068e-01 5.788550e-01 -9.908039e+00 0 1080463
-2.713823e+13 -1.185494e+14 -1.208953e+14 -1.916335e-01 -9.181887e-01 -3.467076e-01 -5.928581e+00 0 1268401
-7.103194e+13 -1.327430e+14 -9.959764e+13 -7.477227e-01 -1.568928e-01 -6.452095e-01 1.264007e-01 0 2470084
1.691647e+14 2.725154e+13 -2.252967e+13 8.870099e-01 -2.345611e-01 3.977368e-01 7.533628e-02 0 62938
-7.091507e+13 -1.125896e+14 1.083847e+14 -1.702662e-01 -4.174070e-01 8.926258e-01 -1.017654e+01 0 470485
7.638322e+13 6.175339e+13 -1.396421e+14 3.365731e-02 7.933484e-02 -9.962797e-01 4.874185e+00 0 2609576
-7.321934e+13 8.936071e+13 -1.244943e+14 -6.881707e-01 2.162466e-01 -6.925738e-01 1.610337e+01 0 1867204
-1.017106e+14 1.341187e+14 3.869853e+13 -9.855508e-01 -1.358198e-01 -1.012053e-01 3.668040e+01 0 63
4.529947e+13 1.685498e+14 1.053177e+13 8.567966e-02 9.952070e-01 4.713843e-02 -8.615327e+00 0 8538651
-7.032690e+13 1.180196e+14 -1.013775e+14 -5.420570e-01 3.268817e-01 -7.741593e-01 1.096815e+01 0 3478718
-9.864339e+13 1.063641e+14 -8.877592e+13 -3.762729e-01 5.630487e-01 -7.357954e-01 6.975220e+00 0 6337047
-8.427356e+13 1.090578e+14 -1.065799e+14 -7.640888e-01 -5.270893e-02 -6.429542e-01 1.950450e+01 0 15699371
4.696463e+13 -4.104915e+13 1.588218e+14 -5.665784e-01 4.393793e-01 6.970902e-01 9.533411e+00 0 84993
-1.483953e+14 -9.288270e+13 -1.922824e+13 -7.588799e-01 -4.498246e-01 4.709130e-01 3.012233e+01 0 4136944
-6.666602e+13 -1.590003e+14 6.721253e+13 -9.307533e-01 -1.310177e-01 3.413688e-01 5.713007e-01 0 36682488
-7.126098e+13 -1.623975e+14 -7.664850e+13 -3.625825e-01 -7.506931e-01 -5.522624e-01 2.096816e+01 0 33909119
9.968173e+13 1.743318e+14 -1.578953e+14 6.362248e-01 7.518216e-01 -1.731540e-01 1.975488e+01 0 12460688
6.235686e+13 -7.167664e+13 1.537479e+14 7.891811e-01 -9.450659e-02 6.068457e-01 -4.544021e+00 0 279834
4.920173e+13 1.120590e+14 1.216088e+14 -4.116431e-01 7.864424e-01 4.604980e-01 2.363513e+01 0 304826
-3.750619e+13 1.074954e+14 1.361243e+14 -7.070256e-01 2.806906e-01 6.490975e-01 2.180289e+01 0 219255
1.503786e+14 1.030906e+14 5.275153e+12 8.460535e-01 1.281559e-01 -5.174645e-01 -2.699567e+01 0 10325896
-1.222663e+14 5.804685e+13 1.043717e+14 -6.655951e-01 7.271369e-01 1.680922e-01 7.792886e+00 0 24829448
1.015685e+13 3.786593e+13 1.702850e+14 -3.704582e-01 9.246524e-01 8.819696e-02 -1.334229e+01 0 8257234
-4.461711e+13 1.544909e+14 -9.314944e+13 -3.324993e-01 8.463055e-01 -4.161865e-01 1.922075e+01 0 2455543
1.356387e+14 8.037290e+13 8.435956e+13 6.500519e-01 -1.087573e-01 7.520667e-01 -1.761333e+01 0 1
-1.641663e+14 1.170259e+13 -5.778216e+13 -6.156339e-01 -6.347440e-01 -4.670064e-01 2.912037e+01 0 4
3.962347e+13 -1.028121e+14 1.315797e+14 9.796005e-02 1.986684e-01 9.751588e-01 -7.327897e+00 0 1
-1.011566e+14 -1.360957e+14 -2.239653e+13 -7.641957e-01 -6.211731e-01 1.736346e-01 -1.806827e+01 0 4803728
1.775426e+14 2.570775e+13 1.525877e+13 7.968826e-01 -4.639421e-02 -6.023502e-01 2.220465e+01 0 967010
1.707362e+14 2.761908e+13 8.507008e+12 9.720681e-01 4.219296e-02 -2.308752e-01 -2.234510e+01 0 22
-1.357297e+14 6.155999e+13 1.325487e+14 -7.557119e-01 5.042071e-01 4.179411e-01 -1.870001e+01 0 51
1.487396e+14 4.654899e+13 -8.775741e+13 9.955663e-02 5.445892e-01 -8.327731e-01 -4.023163e+00 0 308518
-1.132956e+14 1.233473e+14 -2.715889e+13 -5.626916e-01 7.329021e-01 -3.824038e-01 -9.275822e+00 0 9
-1.178029e+14 2.718467e+13 1.192546e+14 6.888030e-02 2.571102e-01 9.639242e-01 -1.706509e+01 0 10858019
-6.169135e+13 1.527841e+14 -7.021960e+13 -8.085039e-02 9.825178e-01 1.676963e-01 -1.190819e+01 0 11
-1.064068e+14 -7.619031e+13 1.134839e+14 -3.251321e-01 -7.148595e-01 6.190841e-01 1.610770e+01 0 5969633
-2.802770e+13 1.362859e+14 -9.919139e+13 -8.466875e-01 -1.768089e-01 -5.018554e-01 2.594981e+00 0 4144651
-9.066113e+13 -1.801991e+14 2.487743e+13 -8.055281e-02 -8.061577e-01 -5.861919e-01 -1.021127e+01 0 24076771
-1.485319e+14 -1.027837e+14 -1.649178e+13 -8.587806e-01 -1.685917e-01 4.838107e-01 -1.748172e+01 0 32
1.529607e+14 -4.657800e+13 5.828576e+13 6.667176e-01 -1.965604e-01 7.189239e-01 -2.305639e+01 0 8180757
1.139521e+14 2.093226e+13 1.243525e+14 7.538408e-01 -1.598768e-01 6.373095e-01 -1.750096e+01 0 2
-9.015585e+13 1.408944e+14 2.918052e+13 -1.368771e-02 2.551775e-01 -9.667973e-01 -1.523589e+01 0 1015799
3.434364e+13 -5.041523e+13 -1.614615e+14 9.393889e-02 -9.842597e-01 -1.496944e-01 -1.801087e+01 0 2133836
5.258278e+13 1.773731e+14 2.351067e+13 2.526674e-01 9.216441e-01 2.945019e-01 -1.974879e+01 0 10
-1.436311e+14 -7.985602e+13 4.300510e+13 -7.324182e-01 1.054175e-02 6.807734e-01 2.669967e+00 0 4140803
-2.030666e+13 1.752277e+14 1.821025e+13 -1.762346e-01 9.043832e-01 3.886288e-01 -1.743518e+01 0 1988796
8.560990e+13 1.588538e+14 -1.400181e+13 7.815404e-01 3.042230e-01 -5.446494e-01 -3.206370e+01 0 2
1.167077e+14 9.838172e+13 -7.467459e+13 9.273531e-01 3.200339e-01 -1.938930e-01 4.432593e-01 0 644785
-8.282228e+13 -1.483282e+14 2.372493e+13 -9.342008e-01 -3.565995e-01 1.028459e-02 -2.175779e+01 0 13980003
-1.213890e+14 -1.124669e+14 4.589709e+13 -9.313530e-01 -3.369886e-01 -1.379139e-01 3.546280e+00 0 3193934
2.279903e+12 7.442557e+13 1.582138e+14 6.052961e-01 5.068652e-01 6.137624e-01 1.127886e+01 0 57
1.479836e+14 -8.558385e+13 -9.734842e+12 8.546530e-01 5.165674e-01 -5.221528e-02 1.155420e+01 0 735444
9.683621e+12 1.711844e+14 6.769688e+12 6.255396e-01 5.960611e-01 -5.033998e-01 -2.346041e+01 0 28951
1.727776e+14 -4.404829e+13 2.823196e+13 8.911174e-01 1.602236e-01 4.245448e-01 2.606110e+01 0 21
1.507662e+13 1.417307e+14 1.005565e+14 -4.061806e-01 9.135060e-01 2.289499e-02 2.114076e+01 0 1697780
2.442413e+13 1.412266e+14 -1.019044e+14 4.366452e-01 8.540195e-01 -2.828280e-01 -1.634786e+01 0 26
-1.422910e+14 -8.989062e+13 -2.868933e+13 -7.457894e-01 -5.042974e-01 4.352956e-01 5.179648e+00 0 4872074
1.087147e+14 1.351787e+14 2.431810e+13 -2.092503e-01 8.441753e-01 4.935407e-01 2.606798e+01 0 12546199
8.706920e+13 1.349004e+14 7.466370e+13 9.766902e-01 1.594945e-01 -1.436584e-01 -1.618374e-01 0 2049203
4.026024e+13 1.449822e+14 -9.380456e+13 -4.631881e-01 8.505301e-01 -2.491090e-01 -1.797975e+00 0 7
-7.969904e+13 1.285121e+14 7.689930e+13 -9.024105e-01 2.318159e-01 3.632034e-01 2.746440e+01 0 1236947
6.055802e+12 -1.550866e+14 -7.091296e+13 -2.794915e-01 -8.842834e-01 3.740687e-01 2.290031e+00 0 3
-1.162250e+14 -6.026947e+13 -1.110717e+14 -5.755251e-01 5.528304e-01 -6.026188e-01 -2.437513e+01 0 32
-3.237841e+13 -1.636929e+14 -8.157129e+13 -8.307158e-01 -3.170684e-01 -4.575793e-01 -3.807378e+00 0 15309400
-1.564503e+14 -6.467141e+13 2.344495e+13 -9.118791e-01 3.422933e-01 -2.265212e-01 -2.964648e+01 0 938827
1.186192e+14 -9.987729e+13 -1.154091e+14 6.531703e-01 -4.166038e-01 -6.323052e-01 1.765532e+01 0 17384779
2.063606e+13 -4.557183e+13 -1.693471e+14 2.033638e-01 -4.122743e-01 -8.880727e-01 -9.195833e+00 0 2084359
4.905956e+12 1.664321e+14 4.482241e+13 -1.576792e-01 8.753225e-01 -4.571081e-01 -9.128630e+00 0 239407
7.319092e+13 6.329739e+13 -1.592272e+14 3.134930e-01 6.129376e-01 -7.252790e-01 2.043270e+01 0 25300112
9.183858e+13 -1.381954e+14 8.437450e+13 3.439610e-01 -8.995467e-01 -2.692706e-01 -1.745292e+01 0 14648168
2.552418e+12 1.682762e+14 3.729530e+13 6.031947e-02 8.037962e-01 -5.918389e-01 -1.275520e+01 0 1165401
-4.680671e+13 1.292283e+14 1.039703e+14 -1.996334e-01 2.550466e-01 9.460961e-01 1.236493e+01 0 2
1.085090e+14 -8.048687e+13 -1.243974e+14 6.224949e-01 -6.487255e-01 -4.377846e-01 8.322755e+00 0 2617810
1.450131e+14 -1.772569e+13 -1.442645e+14 7.012491e-01 5.314796e-01 -4.751622e-01 -2.516743e+00 0 15
1.413945e+14 -8.124576e+13 -4.978024e+13 9.147539e-01 -3.205030e-01 -2.459739e-01 1.404549e+01 0 3744277
-1.171644e+14 -1.176241e+14 5.636701e+13 -9.802919e-01 7.321795e-02 -1.834855e-01 -3.846292e+01 0 6
-8.555797e+13 1.127734e+14 -9.905599e+13 -1.473154e-01 9.567773e-01 -2.507495e-01 3.981290e+00 0 9002814
-1.023122e+14 6.722237e+13 1.280803e+14 -2.654618e-01 -2.705994e-01 9.253680e-01 -9.340432e+00 0 6795735
-1.030825e+14 -1.902696e+13 -1.355641e+14 -4.995875e-01 -8.631662e-01 7.318780e-02 -1.909101e+00 0 1
2.117031e+14 -7.842265e+13 -6.039117e+12 6.409471e-01 -7.659299e-01 -5.038001e-02 1.680730e+00 0 61165
3.323446e+13 8.129801e+13 1.462678e+14 4.774584e-01 8.492464e-01 2.254199e-01 1.697305e+01 0 7523365
6.560689e+13 -1.476401e+14 6.312596e+13 -3.077056e-01 -9.279874e-01 2.101349e-01 -2.970020e+01 0 41
-7.584907e+13 4.242099e+13 1.639267e+14 9.062900e-03 5.430719e-01 8.396373e-01 -2.052146e+01 0 12401448
2.781978e+13 5.536704e+13 -1.635729e+14 -3.980124e-01 5.325922e-01 -7.469482e-01 1.695572e+01 0 578582
-1.181988e+14 5.237103e+11 -1.225229e+14 -9.634047e-01 5.449738e-02 -2.624528e-01 3.475565e+00 0 8756712
7.751401e+13 1.465371e+14 -4.950222e+13 3.170358e-01 8.956264e-01 -3.119962e-01 1.686240e+01 0 1851942
-1.418508e+14 -7.197225e+13 8.059752e+13 -7.875346e-01 -4.852049e-02 6.143574e-01 8.262698e+00 0 2
-1.475238e+14 1.033447e+14 -1.198555e+13 -8.852696e-01 -4.244394e-01 -1.901286e-01 6.844131e+00 0 94
6.161039e+12 3.213809e+13 -1.818347e+14 -2.609836e-01 -3.399063e-01 -9.035216e-01 -1.124977e+01 0 20186679
-1.223600e+14 -9.454590e+13 7.518326e+13 -8.100272e-01 9.408826e-02 5.787947e-01 -2.430417e+01 0 1257814
-1.124366e+14 -1.149547e+14 5.749911e+13 4.326354e-01 -4.874327e-01 7.584431e-01 7.740075e+00 0 81165
-1.027797e+14 1.228935e+14 6.242353e+13 -6.358998e-01 7.700697e-01 -5.122560e-02 1.979066e+01 0 137033
1.266853e+14 1.366364e+14 2.827265e+13 -1.519701e-01 8.473226e-01 5.088708e-01 -3.251551e+00 0 1261743
8.746685e+13 -1.480828e+14 3.437510e+13 -2.916191e-01 -5.461836e-01 7.852654e-01 -2.966321e+01 0 36
-1.249260e+14 -1.034071e+14 5.086683e+13 5.652481e-01 -7.537440e-01 3.352082e-01 7.250660e+00 0 13664517
6.598779e+12 9.456368e+13 1.519470e+14 4.241401e-01 2.515819e-01 8.699493e-01 1.750871e+01 0 1102772
-7.506280e+13 -2.751043e+13 1.547990e+14 -1.273452e-01 1.427226e-01 9.815363e-01 -7.500414e+00 0 14228759
5.610673e+13 6.420758e+13 1.606351e+14 -2.923007e-01 7.869348e-01 5.434095e-01 -5.231363e+00 0 6622060
-9.736490e+12 -1.484758e+14 8.509362e+13 5.921610e-01 -7.121977e-01 -3.769878e-01 5.055307e+00 0 5221179
-4.531395e+13 -1.206615e+14 -1.183523e+14 4.849009e-01 -5.518310e-01 -6.784937e-01 2.373119e+01 0 4
4.156568e+13 -4.799596e+13 -1.682048e+14 1.810966e-01 -2.519961e-01 -9.506324e-01 1.313012e+01 0 1812826
1.055566e+14 -8.045779e+13 1.057226e+14 -1.231075e-01 6.334152e-01 7.639566e-01 1.126845e+01 0 234052
1.603082e+14 2.221347e+13 5.095350e+13 2.866977e-01 7.260956e-01 6.249717e-01 1.165405e+01 0 82193
6.426868e+12 -1.925288e+14 9.379341e+13 -2.719683e-01 -6.437948e-01 7.152353e-01 -2.539794e+01 0 698700
8.221886e+13 -4.850391e+13 -1.534061e+14 7.082765e-02 3.748424e-01 -9.243791e-01 -7.986180e+00 0 7658332
-1.382282e+14 -1.035979e+13 -1.339662e+14 -3.626868e-01 5.390266e-01 -7.602030e-01 9.355264e+00 0 2408604
-1.493008e+14 9.460569e+13 2.442479e+13 -6.703499e-01 6.641332e-01 3.309957e-01 7.037154e+00 0 9700340
1.695645e+14 -1.325631e+13 8.846345e+12 9.784123e-01 -1.655604e-01 1.236897e-01 8.924419e-01 0 54267
1.567426e+14 -3.418391e+13 8.836209e+13 -4.908327e-02 7.961269e-03 9.987630e-01 1.926193e+01 0 3833731
-1.856230e+14 -7.029453e+13 3.353844e+12 -8.855360e-01 3.861016e-01 2.583630e-01 -3.775611e+01 0 205980
-5.067957e+13 -1.418318e+14 8.093212e+13 -3.811818e-01 9.207592e-02 9.199035e-01 -1.889495e+01 0 11
-1.143594e+14 -1.202917e+14 -3.825540e+13 -9.366408e-01 -2.518905e-01 -2.434240e-01 1.348933e-01 0 4043391
9.107188e+13 -5.938664e+13 -1.467446e+14 6.841050e-01 -4.702284e-01 -5.575712e-01 2.394985e+01 0 9053547
-1.580961e+14 -5.563420e+13 -6.990613e+13 -9.490611e-01 -2.884573e-01 -1.267891e-01 1.449322e+01 0 4980552
-1.256537e+14 1.275743e+14 -2.252556e+13 -9.782248e-01 1.929361e-01 -7.649822e-02 3.987821e+01 0 1471435
-1.525428e+14 -3.432615e+13 7.243861e+13 -5.656827e-01 -3.933196e-01 7.247778e-01 2.215000e+01 0 128
1.629880e+13 -2.468186e+13 -1.737010e+14 4.702867e-01 -3.214725e-01 -8.218795e-01 2.180290e+01 0 923462
4.969479e+13 1.695127e+14 3.878176e+12 1.468075e-01 7.893134e-01 -5.961811e-01 1.404661e+01 0 15928009
1.536237e+14 1.176781e+12 9.079065e+13 7.802442e-01 -1.601305e-01 6.046298e-01 1.247473e+01 0 12
5.058073e+13 -1.501652e+14 7.971721e+13 5.571350e-01 -8.225014e-01 1.144209e-01 1.376390e+01 0 411574
4.373834e+13 9.014804e+13 -1.381413e+14 2.422578e-01 9.644700e-01 1.053977e-01 1.019797e+01 0 1058180
-1.497604e+14 8.083774e+13 -4.328238e+13 -7.580967e-01 -6.457774e-01 -9.089009e-02 3.211055e+01 0 1281321
-2.166775e+13 -1.443892e+14 8.979306e+13 -8.430808e-01 -3.597318e-01 3.997595e-01 -2.831113e+01 0 9
-6.219408e+13 -1.065927e+14 -1.257792e+14 -6.962000e-01 -4.043064e-01 -5.931627e-01 -2.403680e+01 0 7913394
6.243080e+13 -1.338690e+14 -8.448524e+13 3.698295e-01 3.538060e-01 -8.590969e-01 1.557237e+01 0 394545
-1.785811e+14 1.977058e+13 -1.887425e+13 -7.718980e-01 -2.351490e-01 -5.906594e-01 2.199150e+01 0 1012005
8.748086e+13 1.193313e+14 -8.383946e+13 8.606898e-01 4.921690e-01 -1.303177e-01 2.039551e+00 0 2102226
-1.995128e+13 1.271579e+14 1.313864e+14 1.070530e-01 5.216568e-01 8.464123e-01 4.565831e+00 0 1540805
-1.143864e+14 -1.273638e+14 3.029534e+13 -2.545784e-01 -3.776834e-01 8.902500e-01 -1.958545e+01 0 2057545
-3.622800e+13 1.929498e+14 -4.444376e+13 5.370052e-01 8.324807e-01 -1.363866e-01 -3.434976e+01 0 1
1.506833e+14 -6.653680e+13 -4.125263e+13 4.290641e-01 -7.760936e-01 -4.621502e-01 -2.576227e+01 0 7409280
1.203306e+14 2.439697e+13 -1.298420e+14 9.360387e-01 -2.281624e-01 2.679057e-01 1.124754e+01 0 2513604
7.869330e+13 -7.173364e+13 1.406084e+14 1.105217e-01 -2.798254e-01 9.536680e-01 -1.008242e+01 0 4343053
2.251974e+13 -7.254722e+13 1.539168e+14 -2.458952e-01 -9.399494e-01 2.367078e-01 3.427345e+00 0 494317
7.675740e+13 -1.071937e+14 1.271329e+14 3.745767e-02 -8.225109e-01 5.675145e-01 -2.423135e+01 0 9002569
9.415661e+13 9.479523e+13 -1.105721e+14 9.662234e-01 1.625396e-01 -1.999832e-01 6.770758e+00 0 785807
-1.535338e+14 -7.736898e+13 -7.807256e+12 -8.206361e-01 5.573634e-01 1.261049e-01 -2.918898e+01 0 6927338
1.873448e+13 1.456746e+14 1.053714e+14 -5.996492e-02 7.917603e-01 6.078814e-01 -1.897001e+01 0 62
-5.114847e+13 2.788436e+10 -1.911524e+14 -4.871626e-01 -3.368139e-02 -8.726615e-01 1.597763e+01 0 4814096
-4.187694e+13 -2.966648e+13 -1.622004e+14 -3.543085e-01 -8.914805e-01 -2.823614e-01 -4.961696e+00 0 3417739
6.455966e+13 -1.144680e+14 1.163567e+14 -1.460809e-01 -3.976356e-02 9.884732e-01 -1.505276e+01 0 8922419
-1.562091e+14 5.610693e+13 -3.884186e+13 -5.853902e-01 3.306330e-01 -7.402703e-01 6.244915e+00 0 9842859
-4.901746e+13 1.087568e+14 -1.258511e+14 -1.054958e-01 4.732417e-01 -8.745930e-01 -1.328522e+01 0 177697
-1.111398e+14 1.236177e+14 -3.867708e+13 -7.077743e-01 3.199136e-01 -6.298499e-01 -6.255658e+00 0 11681893
4.315423e+13 -1.374372e+14 -1.141968e+14 5.475009e-01 -5.365678e-01 -6.421353e-01 2.562406e+01 0 5509819
6.644882e+12 1.535163e+14 -7.678610e+13 3.736351e-01 8.723775e-01 -3.152051e-01 -1.833306e+01 0 4456474
-9.909010e+13 1.371715e+14 2.306521e+13 6.478227e-01 7.131410e-01 2.678725e-01 -3.888274e+01 0 6393292
1.427997e+14 -8.635960e+13 -4.936145e+13 6.880068e-02 -9.967070e-01 -4.291467e-02 -4.034049e+01 0 4114808
9.126462e+13 -6.906497e+13 1.403337e+14 7.163874e-01 -1.782746e-02 6.974749e-01 -1.223517e+01 0 52
-3.742392e+13 6.692498e+13 1.516690e+14 -1.084520e-01 5.133583e-01 8.512939e-01 -7.284762e+00 0 4875810
-1.726209e+13 -1.475763e+14 -8.372453e+13 -8.165961e-01 -4.307741e-01 -3.841932e-01 -2.692580e+01 0 994031
1.283760e+14 7.557313e+13 -9.024540e+13 -1.316606e-01 9.275792e-01 -3.496603e-01 2.656311e+00 0 1391548
1.451225e+14 1.311698e+13 -8.705758e+13 8.515909e-01 -4.408673e-01 2.836000e-01 4.366234e+00 0 14373269
-1.633244e+14 -4.891440e+13 1.018411e+13 -9.953011e-01 9.658088e-02 6.918485e-03 7.507224e-01 0 9501556
3.087493e+13 1.900324e+13 -1.677672e+14 6.327926e-01 -1.290490e-01 -7.634919e-01 -9.286411e+00 0 2023770
1.392214e+14 -2.406427e+13 -1.484007e+14 8.421684e-01 -7.292706e-02 -5.342603e-01 2.325856e+01 0 81
-1.327348e+14 -5.738798e+13 1.035466e+14 -8.110546e-01 3.553239e-01 4.646884e-01 -3.487221e+00 0 11551463
-1.573494e+14 3.254304e+13 5.539001e+13 -7.007433e-01 5.656659e-01 4.347193e-01 -2.987422e+01 0 4
1.172850e+14 1.134733e+14 4.797449e+13 6.147206e-01 5.311528e-01 -5.830912e-01 -1.098333e+00 0 10173229
-7.851693e+13 2.090413e+14 -1.296890e+14 1.484548e-01 6.894380e-01 -7.089686e-01 9.400732e+00 0 1
3.354430e+13 4.268720e+13 -1.695048e+14 -4.594143e-01 -1.080652e-01 -8.816238e-01 -1.122519e+01 0 20057973
-2.597743e+13 -1.681579e+14 3.470945e+13 1.409408e-01 -9.135925e-01 -3.814243e-01 -1.030912e+01 0 22
9.688844e+13 -3.274361e+13 -1.355258e+14 9.103965e-01 -1.382653e-01 -3.899498e-01 1.149972e+00 0 1308240
1.692867e+14 1.111991e+13 -8.178269e+13 9.831285e-01 -4.164776e-02 -1.781118e-01 -2.178308e+01 0 96
-2.348106e+13 -3.506480e+13 1.647593e+14 1.839991e-01 -9.304132e-01 3.169789e-01 2.536591e+01 0 6106724
-6.484617e+13 -1.695362e+14 -2.962812e+13 -1.361709e-01 -9.818884e-01 -1.317291e-01 1.641277e+01 0 18007370
-8.047434e+13 1.480300e+14 4.662179e+13 -6.469903e-01 1.908291e-01 7.382329e-01 -6.810941e+00 0 2
-7.919150e+13 1.589115e+14 3.148091e+13 -5.685450e-01 5.300537e-01 6.291261e-01 -3.901932e+00 0 409728
-1.381177e+14 1.056777e+14 -6.324128e+13 -8.888115e-01 4.198978e-01 1.835752e-01 -1.410520e+01 0 18028367
6.377472e+13 -1.515115e+13 1.565806e+14 9.844162e-01 -1.717625e-01 -3.771409e-02 1.237287e+01 0 4563706
7.185307e+13 1.152524e+14 1.079715e+14 -4.271492e-01 5.477193e-01 7.194075e-01 3.445265e-01 0 7924807
3.286623e+13 9.318478e+13 -1.472335e+14 2.930405e-01 6.417946e-01 -7.086797e-01 -1.164911e+01 0 2819506
-5.909414e+13 -4.513203e+13 1.543985e+14 -6.495835e-01 -6.778724e-01 3.442821e-01 1.013122e+01 0 24231861
1.215479e+14 1.247423e+14 9.442528e+12 5.248866e-01 6.404630e-01 -5.606258e-01 -7.714729e+00 0 208975
-8.341807e+13 -1.258671e+14 -9.010097e+13 -6.220335e-01 -2.595795e-01 -7.387102e-01 5.747564e+00 0 8531293
-1.577706e+14 -2.611898e+13 -5.694606e+13 -4.569802e-01 6.670616e-01 -5.883858e-01 -1.337359e+01 0 3322101
-1.289881e+14 -6.035524e+13 9.223650e+13 -6.099623e-01 -6.533861e-01 4.483666e-01 1.473865e+01 0 16
3.545815e+13 6.518147e+13 1.555655e+14 4.773443e-01 1.076413e-01 8.720985e-01 -1.507780e+01 0 106083
1.266140e+14 -6.327093e+13 -1.012219e+14 3.154867e-01 -7.082514e-01 -6.315443e-01 9.202125e+00 0 201419
-1.566801e+14 8.610629e+12 -7.165816e+13 -8.675423e-01 -4.909355e-01 7.970341e-02 -1.357681e+00 0 11674914
9.930173e+13 -1.171389e+14 7.606250e+13 -3.149056e-01 -6.249375e-01 7.143441e-01 -2.860366e+00 0 1549094
-2.424013e+13 8.703802e+13 -2.227975e+14 -2.551586e-01 -1.544493e-01 -9.544839e-01 2.022871e+01 0 3993420
-1.018905e+14 7.950087e+13 -1.124590e+14 -6.988450e-01 7.146762e-01 -2.921485e-02 9.987897e+00 0 44
-6.466910e+13 1.173186e+14 1.255809e+14 -8.059318e-01 4.998001e-01 3.172915e-01 2.579531e+01 0 4774077
-1.036406e+14 -6.468032e+13 1.202962e+14 -9.941082e-01 -8.704160e-02 6.459527e-02 -2.492396e+00 0 9073858
-1.078300e+14 -1.351186e+14 2.733284e+13 -6.376120e-01 -2.677110e-01 7.223446e-01 7.124521e-01 0 13751343
-1.244516e+14 1.142928e+14 5.373741e+13 -8.074245e-01 5.898907e-01 9.730015e-03 1.563724e+01 0 5198525
-3.764252e+13 -1.766669e+14 -1.896487e+13 -8.914827e-01 -2.991385e-01 -3.402568e-01 -1.012752e+00 0 6447446
7.460809e+13 -7.893415e+13 -1.610497e+14 1.536971e-01 -6.726167e-01 -7.238536e-01 9.478802e+00 0 2050264
1.590811e+14 -5.999900e+13 -4.106426e+13 4.113143e-01 -6.433579e-01 -6.456866e-01 -2.205706e+01 0 516999
-1.212760e+14 3.146277e+13 -1.543535e+14 -4.469258e-01 -5.184871e-01 -7.289914e-01 -5.653544e+00 0 60
5.014672e+12 -1.737106e+14 -6.887004e+12 -5.581919e-01 -8.268434e-01 -6.893274e-02 -2.590648e+01 0 5662491
-1.431005e+14 2.871761e+13 9.125338e+13 -7.158788e-01 -5.036067e-01 -4.836299e-01 3.000146e+01 0 2
1.531240e+14 3.678893e+13 -6.333659e+13 9.818404e-01 1.128429e-01 -1.524990e-01 -1.493306e+01 0 14917569
-1.503142e+14 -8.131813e+13 3.286154e+13 -9.582444e-01 -2.541721e-01 -1.310125e-01 1.187722e+01 0 1559298
-1.118879e+14 -3.428578e+13 1.269245e+14 -9.755805e-01 1.570478e-01 1.535535e-01 7.404590e+00 0 2359242
9.799293e+13 -5.350295e+13 -1.276764e+14 6.480623e-01 3.373990e-01 -6.827716e-01 1.064374e+01 0 167369
-1.168477e+14 1.375730e+13 1.224729e+14 1.217618e-02 4.869682e-01 8.733348e-01 2.510534e+00 0 6453937
1.538196e+14 1.222307e+14 3.167265e+13 6.297894e-01 7.751283e-01 5.041232e-02 2.066768e+01 0 31
-3.678988e+13 2.637549e+13 -2.050826e+14 -4.564283e-01 2.639687e-02 -8.893686e-01 2.407561e+01 0 5288363
5.927078e+13 -8.392311e+13 1.614049e+14 1.082476e-01 -6.004249e-01 7.923209e-01 9.269090e+00 0 11791976
-2.507849e+13 1.707588e+14 -1.540224e+13 -6.067643e-01 4.487051e-01 6.561256e-01 3.262550e+01 0 42
1.505610e+14 5.865641e+13 -8.686590e+13 6.214672e-01 2.956802e-01 -7.255011e-01 1.253999e+01 0 24
-9.972181e+12 1.297862e+14 -1.156306e+14 4.404426e-01 8.973749e-01 -2.699153e-02 3.785063e+00 0 3634163
-1.550385e+14 5.644604e+13 3.949202e+13 -6.460140e-01 -7.060359e-01 2.901367e-01 3.424615e+01 0 3056085
1.419409e+14 -9.660466e+12 -9.259653e+13 9.588507e-01 -2.257473e-01 -1.721729e-01 -1.602496e+01 0 6
6.226768e+13 1.335875e+14 -1.070883e+14 6.869183e-01 1.691693e-01 -7.067709e-01 -2.207643e+01 0 1487382
-1.392739e+14 5.164100e+13 9.867024e+13 -6.198568e-01 7.821363e-01 -6.356377e-02 -2.709750e+01 0 27
1.383694e+14 -9.441008e+13 -2.678513e+13 4.498180e-01 6.260739e-02 -8.909232e-01 1.377599e+01 0 1417496
4.191907e+13 -1.614814e+14 -3.290559e+13 9.111079e-01 -1.714170e-01 -3.748315e-01 3.267225e+01 0 7126840
8.074517e+13 -1.540669e+14 3.398389e+13 2.132884e-01 -6.007037e-01 -7.704954e-01 1.040447e+01 0 2
-1.623303e+14 -3.002004e+13 -1.876762e+14 -6.387296e-01 1.200097e-01 -7.600146e-01 -2.102972e+01 0 17151782
5.465750e+13 -1.515732e+14 6.359615e+13 5.943260e-01 -7.441894e-01 3.048914e-01 -6.577025e+00 0 236215
6.760248e+13 7.058540e+13 1.407697e+14 7.451426e-01 2.426517e-01 6.211946e-01 2.333881e+00 0 1092934
-1.119368e+14 1.152154e+14 -1.113882e+14 -7.426602e-01 6.656592e-01 -7.316953e-02 -1.369174e+01 0 29
1.290469e+14 2.190160e+14 2.851771e+13 6.435488e-02 9.100459e-01 4.094812e-01 -1.124991e+01 0 5791085
4.708112e+12 -5.703549e+13 1.686269e+14 3.980107e-01 -3.103597e-01 8.632869e-01 -1.056287e+01 0 1211173
5.277322e+13 -1.562993e+14 -6.363327e+13 -4.245493e-01 -6.470236e-01 -6.333391e-01 -2.477235e+01 0 4882916
-1.061134e+14 -1.339409e+14 -2.610530e+13 -9.697276e-01 -9.705799e-02 2.240717e-01 -5.411135e+00 0 6374179
-1.722358e+14 -1.119593e+14 -1.695698e+13 -6.853106e-01 -4.325944e-01 -5.858424e-01 -1.774523e+01 0 1
-7.656200e+13 8.281536e+13 -1.266792e+14 -5.147540e-01 -5.637129e-01 -6.459536e-01 1.337290e+01 0 475952
1.483514e+14 -8.174742e+13 1.027121e+13 7.346317e-01 -5.893114e-01 -3.361970e-01 -1.723423e-01 0 365401
1.343661e+14 2.010410e+13 -1.032482e+14 5.317481e-01 5.130153e-01 -6.738392e-01 -3.510941e+00 0 28545475
1.860591e+13 -1.171890e+14 -1.217413e+14 2.402934e-01 -1.714714e-01 -9.554353e-01 -6.884694e+00 0 20993993
-1.690249e+14 -9.009045e+12 3.250989e+13 -6.091823e-01 -5.479746e-01 5.732546e-01 2.100869e+01 0 1002513
-1.573082e+14 -7.192550e+13 -4.372763e+12 -6.299536e-01 -6.739870e-01 3.858756e-01 1.923866e+01 0 5966941
-7.329153e+13 1.537769e+14 -2.698592e+13 -3.330476e-01 9.139928e-01 2.317249e-01 -1.002078e+01 0 725816
-1.928348e+13 1.180899e+14 1.276352e+14 6.852459e-02 -9.276899e-03 9.976063e-01 1.423582e+01 0 48
8.539618e+13 -1.080441e+14 1.060836e+14 9.710028e-01 -2.328631e-01 5.411347e-02 2.415797e+01 0 13
-1.659639e+14 4.184074e+13 -1.720863e+13 -6.367436e-01 -5.679700e-01 -5.215052e-01 2.841664e+00 0 4597827
-1.620976e+13 -1.347802e+14 1.123716e+14 -2.925216e-01 -2.457229e-01 9.241490e-01 -2.353873e+01 0 6
-9.521431e+13 -6.892742e+13 1.292538e+14 2.677685e-01 8.848068e-02 9.594119e-01 1.707442e+01 0 4959390
-1.321957e+14 2.515577e+12 1.270382e+14 -5.526086e-01 1.565605e-01 8.186040e-01 9.716878e+00 0 38
-1.704834e+13 -1.925315e+14 -4.124702e+13 -3.962347e-01 -7.578144e-01 5.183778e-01 -2.801455e+01 0 4032061
5.430865e+13 1.590260e+14 1.054027e+14 1.835709e-01 8.839228e-01 4.300956e-01 -1.570477e+01 0 3405073
-6.802937e+13 -1.583727e+14 -1.529692e+13 -2.719058e-02 -9.565143e-01 -2.904152e-01 1.893359e+01 0 8
1.148226e+14 1.527915e+13 1.244219e+14 1.265463e-01 -8.162703e-01 5.636389e-01 -1.969934e+01 0 975017
-1.281310e+14 -5.067321e+13 -1.066157e+14 -7.641382e-01 -3.322746e-01 -5.528892e-01 -4.573233e+00 0 10951460
-1.219514e+14 -1.138586e+14 4.401962e+13 3.937776e-01 -9.154208e-01 8.333037e-02 6.891066e+00 0 1
6.677381e+13 -9.678169e+13 1.463172e+14 7.417328e-01 -6.586164e-01 1.267159e-01 1.820769e+01 0 3728755
-4.823071e+13 6.885637e+13 1.601003e+14 1.356286e-01 -2.756312e-01 9.516472e-01 2.081381e+01 0 585667
2.916856e+13 -1.378317e+14 9.679248e+13 1.334725e-03 -7.401115e-01 6.724828e-01 1.370095e+01 0 4509799
-1.036012e+14 -1.199207e+14 -6.546928e+13 -7.797480e-01 -1.762914e-01 -6.007615e-01 -2.765207e+00 0 7
-6.267445e+13 1.725899e+14 1.783034e+12 -1.785832e-01 9.740193e-01 -1.392641e-01 5.559315e+00 0 10556983
8.013231e+13 2.034178e+13 -1.613416e+14 9.250597e-01 -5.930309e-02 -3.751635e-01 -1.769666e+01 0 316905
3.363021e+13 -4.681105e+13 -1.612654e+14 4.747195e-01 -3.618001e-01 -8.023354e-01 1.748692e+01 0 3076720
1.637019e+14 -4.051748e+13 -4.807140e+13 7.523146e-01 -6.505505e-01 -1.039554e-01 -2.509695e+01 0 11
4.704144e+13 -4.925580e+13 1.653954e+14 -2.103421e-01 -6.574772e-01 7.235191e-01 1.445971e+01 0 2690307
-1.771179e+13 3.016472e+13 -1.664501e+14 -2.269528e-01 1.793873e-01 -9.572422e-01 1.029448e+01 0 836903
-8.962068e+13 2.225697e+13 -1.515544e+14 -1.922801e-01 -1.017017e-01 -9.760559e-01 1.468231e+01 0 5532185
1.066135e+12 -1.618286e+14 -8.894904e+13 3.312437e-01 -4.173086e-01 -8.462453e-01 2.201641e+01 0 1335083
1.146618e+14 8.224744e+13 1.015507e+14 9.545097e-01 -6.582429e-02 -2.908235e-01 -2.998648e+01 0 6197433
7.528301e+13 -1.554277e+14 -1.411496e+13 -5.871863e-01 -8.091559e-01 2.188502e-02 -3.126089e+01 0 6760169
-1.639435e+14 2.962095e+13 -7.067863e+13 -6.013798e-01 5.393461e-01 -5.894473e-01 -3.315284e+01 0 51
1.085178e+14 -1.267364e+14 -5.068731e+13 5.009982e-01 -8.446752e-01 -1.884799e-01 1.073754e+01 0 9936585
-1.061493e+14 -1.057821e+14 -1.145647e+14 4.088354e-02 -7.279482e-01 -6.844121e-01 2.516630e+01 0 10257165
6.210159e+13 6.379776e+13 -1.479077e+14 6.216352e-01 1.487918e-01 -7.690453e-01 5.638184e+00 0 293746
-7.858831e+13 1.329879e+14 -7.102837e+13 -7.133634e-01 -2.949789e-01 -6.356887e-01 2.894179e+01 0 53
-1.287920e+14 -3.834003e+13 1.151124e+14 -7.628624e-01 1.206025e-01 6.352134e-01 -1.462685e+01 0 1125810
-4.562511e+13 -3.064086e+13 -1.619085e+14 -4.998282e-01 -7.694711e-01 -3.976003e-01 -4.686683e+00 0 158993
1.479150e+14 2.121542e+13 -1.363850e+14 6.407143e-01 -5.478577e-01 -5.379006e-01 7.389183e+00 0 27189277
-1.275786e+14 -1.643132e+13 1.127021e+14 -9.407879e-01 3.323060e-01 -6.701427e-02 -1.749502e+01 0 713128
9.067613e+13 -1.079177e+13 1.449577e+14 7.053824e-01 3.293441e-01 6.276688e-01 1.332553e+01 0 2
-1.315786e+14 -1.104245e+14 -4.319475e+13 -8.671641e-01 -3.080165e-01 3.913466e-01 4.685852e+00 0 5575692
-1.117935e+14 1.177189e+14 -5.106967e+13 -6.103576e-01 7.609985e-01 2.198750e-01 -6.643537e+00 0 2001296
-4.647882e+13 -1.168995e+13 -1.627928e+14 6.320432e-01 -3.511569e-02 -7.741371e-01 -5.436807e+00 0 7695552
-1.380787e+14 5.869707e+11 1.106621e+14 -9.489963e-01 2.662143e-01 -1.689260e-01 -2.889688e+01 0 7115469
9.554243e+13 -1.216762e+14 -6.975949e+13 8.202950e-02 -2.825328e-01 -9.557439e-01 8.610804e+00 0 247836
1.613399e+13 2.158287e+13 1.687040e+14 -6.503973e-01 3.530084e-01 6.725834e-01 -6.219687e+00 0 1232849
-1.047018e+14 -5.514844e+13 1.291712e+14 1.078079e-01 -6.479542e-01 7.540111e-01 1.730646e+01 0 2746277
9.598505e+13 2.506948e+13 1.395526e+14 2.344078e-01 -1.949799e-01 9.523843e-01 1.095332e+01 0 47
-1.566968e+14 -2.130034e+12 7.040568e+13 -3.165961e-01 -9.383429e-01 1.388505e-01 3.838812e+01 0 9161877
-6.033476e+13 -7.553320e+13 1.403727e+14 -8.351249e-02 3.229976e-01 9.427079e-01 3.916747e+00 0 728510
3.740176e+13 -1.457908e+13 1.666279e+14 9.253038e-01 2.523705e-01 2.830584e-01 1.026631e+01 0 940594
4.085823e+13 -1.262451e+14 1.120562e+14 8.620250e-01 -3.496624e-01 3.669457e-01 2.571538e+01 0 2514298
1.390668e+13 -2.473059e+14 -2.797347e+13 3.088535e-01 -8.698480e-01 -3.846738e-01 -1.579970e+01 0 624995
1.237138e+14 1.264363e+14 -2.704458e+13 8.294056e-01 2.589010e-01 -4.950320e-01 -2.002577e+01 0 1901323
-5.759613e+13 -1.570755e+14 -5.488356e+13 -5.521523e-01 -7.784977e-01 -2.984446e-01 -1.793191e+01 0 1333527
6.567679e+13 1.037404e+14 1.316416e+14 7.779337e-01 5.766056e-01 2.496899e-01 8.377415e-01 0 19514375
7.567550e+13 -3.224133e+13 -1.484206e+14 -2.992047e-01 5.600775e-01 -7.725217e-01 2.143485e+01 0 7895520
-2.919779e+13 -1.647320e+14 3.173500e+13 -3.154487e-01 -7.322744e-01 -6.035447e-01 9.270105e+00 0 103057
-8.327222e+13 1.148610e+13 -1.475989e+14 -4.107403e-01 2.691991e-01 -8.711052e-01 -1.733811e+01 0 5343923
-2.567593e+13 1.607722e+14 4.963160e+13 -4.952720e-01 4.367213e-01 7.509861e-01 1.564732e+01 0 839601
1.282054e+13 -3.957173e+12 -1.698716e+14 3.405869e-01 -2.350021e-01 -9.103706e-01 -5.348467e+00 0 138506
4.584931e+13 -1.737920e+14 3.071589e+13 2.919988e-01 -9.564061e-01 4.901081e-03 -7.904821e+00 0 3454174
1.483671e+14 -6.462373e+13 -5.169389e+13 6.294168e-01 4.270055e-01 -6.492310e-01 2.486902e+01 0 10
1.650498e+14 -2.933119e+13 4.181353e+13 6.062492e-01 -7.664963e-01 -2.120031e-01 2.553436e+00 0 1
1.182291e+13 -1.748556e+14 -9.689554e+12 4.852892e-01 -8.423531e-01 2.343837e-01 -1.127516e+00 0 5
-4.804918e+13 5.326273e+13 2.730026e+14 -1.014358e-01 1.450184e-01 9.842156e-01 -1.814731e+01 0 551214
-1.581861e+14 6.850633e+13 1.320387e+13 -9.435169e-01 3.169097e-01 9.666496e-02 1.809823e+01 0 1486035
1.284722e+13 -1.405508e+14 -1.016758e+14 -8.492682e-01 -5.050274e-01 1.539181e-01 -3.880145e+01 0 7377525
1.110698e+13 1.654012e+14 -3.998281e+13 8.069300e-01 2.653984e-01 -5.276624e-01 -6.821421e+00 0 4
-1.333413e+14 1.025678e+14 -2.935254e+13 -4.005735e-02 9.948602e-01 9.299752e-02 -8.644826e+00 0 7
1.428940e+14 -7.328894e+13 -5.752898e+13 6.569300e-01 -6.689443e-01 3.477881e-01 -2.004135e+01 0 3422993
-7.265703e+13 -1.258929e+14 1.056087e+14 -8.390840e-01 -4.104083e-01 3.570758e-01 -2.661500e+01 0 5678864
1.333384e+14 5.211904e+13 9.425669e+13 9.448920e-01 1.267608e-01 -3.018456e-01 5.062584e+00 0 3275596
-1.464688e+14 -7.740568e+13 -6.499480e+13 -9.220011e-01 -2.903867e-01 2.561044e-01 1.097934e+01 0 5672547
-6.484201e+13 -1.073167e+14 1.637171e+14 -6.331024e-02 -5.052200e-01 8.606652e-01 -1.627799e+01 0 4394138
-1.812256e+14 3.377050e+13 8.371594e+13 -6.883943e-01 6.204607e-01 3.756886e-01 3.190263e+00 0 3
7.527268e+12 1.549862e+14 -8.650358e+13 6.124392e-01 6.420500e-01 -4.611833e-01 -5.879972e+00 0 1771957
-1.168276e+14 3.556361e+13 -1.208934e+14 -6.713762e-01 -3.946931e-01 -6.272730e-01 2.504468e+01 0 15386714
-5.358825e+13 1.602039e+14 2.241116e+13 -6.470641e-01 5.935420e-01 -4.785560e-01 1.961546e+01 0 3433639
6.519127e+13 1.009324e+14 1.240446e+14 8.817883e-01 2.786849e-01 -3.805051e-01 -3.218208e+01 0 4658377
-7.663171e+13 1.113612e+14 -1.026040e+14 -9.232615e-01 2.296065e-01 3.080083e-01 1.676135e+01 0 2866012
4.576559e+13 5.829759e+13 -1.654624e+14 -3.137177e-01 7.422879e-01 -5.921064e-01 -1.417965e+01 0 1606563
5.734327e+13 -2.619449e+13 -1.587087e+14 1.690656e-01 -2.805777e-01 -9.448243e-01 -1.638633e+01 0 160786
-1.506856e+14 7.981019e+13 -2.263866e+13 5.389164e-02 2.600567e-01 -9.640883e-01 -1.437348e+01 0 644050
-1.436883e+14 1.078883e+14 1.098305e+13 -8.174162e-01 5.604438e-01 1.331673e-01 -1.514309e+01 0 6604421
-1.250467e+14 -1.243246e+14 -1.821899e+13 -6.130171e-01 -6.713234e-01 -4.165752e-01 -1.152799e+01 0 520233
-1.194745e+14 -3.676114e+13 -1.164138e+14 -8.817735e-01 3.948773e-01 -2.579680e-01 -2.312090e+01 0 418725
-1.092068e+14 1.484380e+14 9.568917e+12 -5.475589e-01 7.366273e-01 -3.969376e-01 -1.181556e+01 0 2724614
-2.223516e+13 6.974388e+13 1.530985e+14 3.711520e-01 2.428564e-02 9.282545e-01 -1.254727e+01 0 5355328
-3.701867e+13 -4.933869e+13 1.625118e+14 -8.906531e-01 -6.390811e-02 4.501697e-01 -1.519390e+01 0 3165499
5.815516e+13 -1.634350e+14 1.155253e+13 3.132858e-01 -7.163827e-01 -6.234163e-01 -1.564912e+01 0 3304252
4.981492e+13 -1.627925e+14 -2.797265e+13 -2.051702e-01 -5.085548e-01 -8.362280e-01 2.873775e-01 0 8787907
8.144093e+12 1.311910e+14 1.084358e+14 -1.734488e-03 8.751057e-01 -4.839287e-01 -5.019107e+00 0 40704043
1.266249e+14 -9.677000e+13 -5.973228e+13 3.976969e-01 -4.011415e-01 -8.251804e-01 4.160215e+00 0 1630826
-9.576664e+13 1.410005e+14 -3.786667e+13 -4.706833e-01 7.991893e-01 -3.738366e-01 1.068682e+01 0 5935920
-4.590738e+13 -1.607771e+13 1.822234e+14 3.775647e-01 -2.430088e-01 8.935276e-01 -9.452555e+00 0 1457092
4.739591e+12 1.634031e+14 -4.991874e+13 8.552725e-01 4.936868e-01 -1.574237e-01 -9.703253e+00 0 259892
5.115316e+13 -7.127899e+13 -1.463275e+14 -7.629129e-01 -2.479854e-01 -5.970487e-01 -1.597347e+01 0 14423238
-7.200388e+12 1.614722e+14 6.653699e+13 1.619103e-02 9.707769e-01 2.394368e-01 7.064982e+00 0 2185719
1.491233e+14 -9.494465e+13 6.571733e+12 5.479082e-01 -7.307055e-01 -4.072666e-01 -1.631747e+01 0 179898
-9.466265e+13 1.376131e+14 1.107696e+14 -4.047169e-01 -3.319224e-02 9.138395e-01 2.659279e+01 0 2
-1.096446e+14 -1.087877e+14 -7.033231e+13 6.504548e-02 -7.845455e-01 6.166502e-01 3.499962e-01 0 2732148
-2.491269e+12 5.357617e+13 1.611724e+14 2.158511e-01 5.397362e-01 8.136910e-01 1.165382e+01 0 14890179
-1.618180e+14 -6.397263e+13 -3.576983e+11 -5.500292e-01 -5.734886e-01 6.071068e-01 2.762556e+00 0 7993506
9.088428e+13 8.590828e+13 -1.149326e+14 -2.686404e-01 2.672984e-01 -9.254102e-01 1.717625e+00 0 1385790
8.367512e+13 1.167988e+14 9.511155e+13 -5.647880e-01 6.607201e-01 4.944325e-01 3.239708e+01 0 1769342
-1.168015e+13 -7.778461e+13 1.507545e+14 -5.265423e-01 -7.456852e-01 4.082973e-01 -1.234879e+01 0 83876
-4.313541e+13 1.559323e+14 5.904518e+13 3.501703e-02 7.487293e-01 -6.619503e-01 7.159452e+00 0 4082039
1.435565e+14 5.772527e+13 7.339691e+13 8.045619e-01 -1.816320e-01 -5.654113e-01 -2.045268e+01 0 9451367
-1.721593e+14 -2.964384e+13 1.351956e+13 -5.095441e-01 -7.568646e-01 -4.092931e-01 2.644564e+01 0 16453753
1.557492e+14 6.620056e+13 2.076985e+13 6.132512e-01 -2.845503e-02 7.893752e-01 -1.943647e+01 0 4
-5.382926e+13 -3.188773e+13 -1.582297e+14 -7.648589e-01 -6.332324e-01 -1.183534e-01 8.165681e+00 0 739977
-9.183676e+13 -1.454606e+14 7.444020e+12 -9.477356e-01 -2.710265e-01 1.683503e-01 -3.323807e+01 0 5
-9.091800e+13 -5.868620e+13 -1.457875e+14 4.175695e-01 -6.057330e-01 -6.772911e-01 2.741508e+01 0 1986171
-4.032713e+13 -2.034498e+14 9.741698e+12 -3.916066e-01 -8.639833e-01 -3.165076e-01 -2.427627e+01 0 45
4.021423e+13 1.061624e+14 1.289834e+14 6.945077e-01 4.382412e-01 5.706170e-01 1.540045e+00 0 11344292
1.914436e+14 -2.397820e+13 8.344498e+13 5.428002e-01 -3.140567e-01 7.789328e-01 -2.642085e+01 0 8585293
-1.594066e+14 -2.722984e+13 -5.254498e+13 -3.828115e-01 -8.904166e-01 -2.461982e-01 3.346702e+01 0 13956053
-1.681865e+14 -4.635494e+13 3.480060e+12 -7.290409e-01 -5.938154e-01 3.404154e-01 4.825273e+00 0 4577543
6.872842e+13 -1.418769e+14 -6.805018e+13 3.638936e-01 -7.886102e-01 4.956566e-01 1.525660e+01 0 2
1.176316e+13 -3.766437e+13 -1.649646e+14 7.333871e-01 -2.487835e-01 -6.326533e-01 -1.296346e+00 0 174875
1.375951e+14 5.188099e+13 -1.001431e+14 2.474907e-01 3.776147e-01 -8.922754e-01 1.500344e+01 0 7410397
1.021891e+14 -8.132634e+13 1.162498e+14 2.248211e-01 -6.857333e-01 6.922611e-01 4.790299e-01 0 16
-1.000987e+13 -1.527135e+14 7.620582e+13 -7.719427e-01 -6.343855e-01 -4.073787e-02 -2.554807e+01 0 14823104
6.929369e+13 1.426242e+14 9.070834e+13 6.905209e-01 6.272317e-01 3.602241e-01 -2.475667e+01 0 5570374
-2.592581e+13 -4.742008e+13 -1.614574e+14 1.621110e-02 -9.323086e-01 -3.613004e-01 8.176931e+00 0 14056079
8.286683e+13 2.217563e+13 -1.477677e+14 -3.377330e-02 -6.989527e-01 -7.143700e-01 -2.021758e+01 0 8048431
-1.243233e+14 1.077739e+14 4.702114e+13 -8.845840e-02 6.609154e-01 -7.452288e-01 -6.178203e-01 0 2823237
-6.388679e+13 1.129824e+14 -1.347011e+14 -3.016823e-01 2.095541e-01 -9.300940e-01 -1.586497e+01 0 7921393
1.718330e+14 -7.683177e+13 -1.171468e+13 9.812326e-01 -1.106872e-01 1.578955e-01 -1.232533e+01 0 3
-7.465623e+13 -1.504800e+14 3.687166e+13 -9.079876e-01 -3.577863e-01 -2.180539e-01 -5.623285e-01 0 23
-1.609083e+14 -5.745883e+13 -1.763239e+13 -4.750624e-01 7.349712e-01 -4.838729e-01 -2.724471e+00 0 39
-7.715394e+13 -7.497130e+13 -2.094972e+14 -6.180671e-01 -1.093366e-01 -7.784848e-01 -3.018779e+01 0 40
-1.756439e+14 7.718749e+13 -9.579096e+13 -5.133423e-01 8.075120e-01 -2.905239e-01 -3.218792e+01 0 926021
-1.319352e+14 1.200190e+14 -1.341262e+13 1.102529e-01 9.524611e-01 -2.840107e-01 -2.958665e+00 0 16521865
1.303740e+14 -1.400312e+14 5.093933e+11 8.352531e-01 -5.199511e-01 -1.788943e-01 -1.179117e+01 0 9129734
7.994122e+12 1.657902e+14 -3.527133e+13 9.722073e-01 1.238961e-01 1.986523e-01 -1.910498e+01 0 502041
-4.895428e+13 1.646582e+13 1.617389e+14 -1.491086e-01 7.322608e-01 6.645003e-01 -1.430940e+01 0 447871
-1.022647e+14 -3.236745e+13 1.449758e+14 -3.962487e-01 -8.767497e-01 2.725746e-01 2.956183e+01 0 410815
-4.371770e+13 -1.150628e+14 1.524425e+14 4.147708e-02 -3.992990e-01 9.158821e-01 2.113958e+01 0 11159363
-1.169407e+14 1.498852e+14 1.685758e+11 2.375730e-01 8.613728e-01 -4.489944e-01 -1.187634e+00 0 378796
1.515741e+13 -2.726256e+12 -1.711033e+14 -4.434978e-01 -6.164693e-01 -6.505961e-01 -1.318436e+01 0 35
1.365509e+14 -8.625427e+13 5.817024e+13 7.993752e-01 -5.874362e-01 -1.261666e-01 -1.754976e+01 0 930050
-6.361708e+13 -1.281449e+14 9.221601e+13 -5.579696e-01 -3.926742e-01 7.310793e-01 -9.193550e-01 0 4658956
-8.409818e+13 -1.677634e+14 -2.567052e+12 -6.884118e-01 -6.803088e-01 2.515337e-01 4.758843e+00 0 19
-1.619719e+14 6.235256e+13 -6.325199e+13 -8.386389e-01 -3.552320e-01 4.129104e-01 -5.003785e-01 0 1
1.371210e+14 7.812360e+13 6.309290e+13 1.228393e-01 9.643726e-01 -2.342991e-01 7.553627e+00 0 12133530
5.153022e+13 -1.341863e+14 -1.275770e+14 7.526370e-01 -3.020082e-02 -6.577427e-01 3.269279e+01 0 1
5.922428e+13 1.510995e+14 5.849173e+13 -2.005761e-01 9.723816e-01 -1.193447e-01 2.709911e+00 0 4501750
-6.447422e+13 1.736749e+14 -4.849419e+13 5.535526e-02 7.996804e-01 -5.978687e-01 -2.539113e+01 0 12066
9.347066e+13 5.818110e+13 -1.468579e+14 6.337944e-01 4.515385e-01 -6.280268e-01 8.723526e+00 0 384452
-1.441898e+14 -4.984386e+13 1.388358e+14 -1.531165e-01 -8.531988e-01 4.986052e-01 4.004244e+01 0 25
-1.524255e+14 -8.088851e+13 -1.050682e+14 -9.114858e-01 -4.067692e-01 -6.109405e-02 -1.822787e+01 0 19159629
1.686718e+14 1.077806e+13 -3.496893e+13 4.012542e-01 -2.538598e-01 -8.800854e-01 4.260843e+00 0 13864921
1.550204e+14 4.281241e+13 6.569186e+13 6.648746e-01 7.419011e-01 -8.674400e-02 3.597842e+01 0 6173545
1.116135e+14 1.122966e+14 -9.191761e+13 8.357316e-01 5.210042e-01 -1.735146e-01 6.710185e+00 0 15
1.280877e+14 6.334676e+13 -1.095821e+14 -1.735121e-01 2.789404e-01 -9.445029e-01 -8.784380e+00 0 4
-8.499548e+12 -1.599946e+14 -6.486065e+13 -4.176245e-01 -8.050340e-01 -4.213194e-01 -2.612676e+01 0 361794
-7.328490e+13 9.824989e+13 -1.224026e+14 -5.610117e-01 6.916186e-01 -4.548951e-01 -9.991254e+00 0 3868479
1.504710e+14 4.133299e+13 -7.232356e+13 6.339239e-01 6.391221e-01 -4.355037e-01 2.113809e+01 0 11714661
1.422317e+14 8.819632e+13 3.329463e+13 9.023957e-01 -1.495702e-01 4.041174e-01 -9.165557e+00 0 1811011
-1.660460e+14 1.578459e+13 -3.423873e+13 -7.611434e-01 -6.207415e-01 -1.879910e-01 3.468591e+01 0 2
-1.024657e+14 -8.474302e+13 1.067027e+14 2.229406e-01 3.857827e-01 8.952481e-01 1.237577e+01 0 32
-1.045177e+14 5.355104e+13 -1.245245e+14 4.995393e-01 3.575389e-01 -7.890668e-01 -1.984775e+01 0 4
-1.456529e+14 8.722750e+13 -7.818289e+12 -7.985015e-01 -1.438783e-01 5.845463e-01 6.696494e+00 0 174488
3.395594e+13 -1.311408e+14 1.091473e+14 3.430535e-01 -4.060801e-01 8.470025e-01 1.756671e+01 0 1263898
-5.311310e+13 -4.148728e+13 -1.604259e+14 -7.453375e-01 -6.335809e-01 -2.074783e-01 -8.879977e+00 0 1729328
6.985732e+12 1.295053e+14 -1.297109e+14 -2.084035e-01 9.179143e-01 -3.376409e-01 1.630617e+01 0 2226001
9.952426e+13 -2.355361e+13 -1.409218e+14 3.155143e-01 -2.127476e-01 -9.247644e-01 9.287642e+00 0 1222258
-7.437657e+13 -1.282631e+14 8.401862e+13 -5.161462e-01 -6.184308e-01 5.925676e-01 -1.118230e+01 0 1817469
-1.166719e+14 7.047711e+13 -1.301131e+14 -4.152611e-01 5.050572e-01 -7.566211e-01 8.384043e+00 0 2151143
-1.522144e+14 9.103737e+13 3.471539e+13 -8.799472e-01 2.852123e-01 3.799300e-01 2.100914e+01 0 9140427
1.042229e+14 -8.926228e+13 -1.146456e+14 9.531188e-01 -2.291634e-01 -1.976073e-01 -7.907136e+00 0 3543345
-8.012957e+13 7.944222e+13 -1.307381e+14 -7.214557e-01 -3.606001e-01 -5.911593e-01 2.292467e+01 0 4
1.414608e+14 1.492985e+12 1.395665e+14 3.519872e-01 7.101476e-01 6.097503e-01 1.129912e+00 0 23
2.019865e+13 -3.881045e+13 1.781993e+14 3.019454e-01 -5.136913e-01 8.030879e-01 -1.047294e+01 0 5293870
-3.106073e+13 -3.848586e+13 1.633141e+14 -6.911451e-01 -3.225095e-02 7.219961e-01 -1.165891e+01 0 706630
-1.029617e+13 3.870466e+13 -1.756546e+14 4.054411e-01 -2.419042e-01 -8.815327e-01 1.036629e+01 0 5534603
1.207122e+14 -5.804336e+13 1.044396e+14 9.464139e-01 -9.423500e-02 3.089020e-01 2.505625e+00 0 2178318
2.821890e+13 -7.868694e+13 -1.542789e+14 -7.657541e-01 -6.221433e-02 -6.401172e-01 -9.935812e-01 0 4634324
-2.595940e+13 8.983885e+12 1.674686e+14 -2.407120e-01 9.657516e-01 9.685812e-02 6.061272e+00 0 24725840
1.517452e+14 7.407356e+13 -3.471332e+13 9.447266e-01 -2.862029e-01 -1.599364e-01 -3.011871e+01 0 13365106
8.561916e+13 1.441896e+14 -5.796688e+13 4.005165e-01 8.405813e-01 -3.647048e-01 1.366352e+01 0 4656751
-1.614118e+14 3.502525e+13 4.736383e+13 -4.000841e-01 7.650168e-01 5.046604e-01 -2.459638e+01 0 252880
-1.299111e+14 -3.814085e+13 -1.029666e+14 -1.919851e-01 -7.005863e-01 -6.872558e-01 2.485803e+01 0 1
7.314475e+13 -1.440644e+14 -5.607447e+13 -2.990890e-01 -9.261591e-01 -2.297284e-01 -2.223210e+00 0 6896398
-9.013353e+13 -1.138131e+14 8.843957e+13 -3.371628e-01 -8.475854e-01 4.097808e-01 9.813544e+00 0 1056043
1.939996e+13 2.103066e+14 -3.626990e+13 -8.928496e-02 9.814951e-01 -1.693979e-01 2.404373e+01 0 3340783
1.601033e+14 -5.163584e+12 -8.139207e+13 6.753391e-01 1.650946e-01 -7.187913e-01 1.895691e+01 0 10691659
-4.234737e+13 1.699728e+14 -1.679956e+13 -6.138691e-02 9.966585e-01 5.388328e-02 5.360316e+00 0 21
1.068011e+14 -8.999797e+13 9.680529e+13 2.650590e-01 -1.971154e-01 9.438693e-01 -8.103039e+00 0 690579
1.895355e+14 4.629596e+13 -9.396085e+12 9.232044e-01 -1.531561e-01 -3.524725e-01 9.655557e+00 0 19
-1.432309e+14 7.391049e+13 7.622089e+13 -6.191269e-01 7.592548e-01 -2.005344e-01 5.106729e+00 0 1068981
-1.857500e+14 6.409973e+13 1.043900e+14 -9.628290e-01 -7.333476e-03 2.700121e-01 -4.819201e+00 0 14
3.516368e+13 1.392629e+14 -1.195025e+14 7.772712e-02 6.473532e-01 -7.582166e-01 1.555623e+01 0 9302612
-1.801479e+13 -8.331295e+13 -1.683529e+14 6.675541e-01 -5.436794e-01 -5.087084e-01 2.113720e+01 0 10622280
-1.331083e+14 9.369986e+13 -5.032685e+13 -1.182408e-01 9.928370e-01 1.713875e-02 -3.080370e+01 0 517831
-1.045681e+14 1.231557e+14 -5.486036e+13 -7.630363e-01 5.683555e-01 -3.078112e-01 -1.150570e+01 0 1989331
-1.353709e+13 1.542753e+14 -6.955732e+13 5.983758e-02 9.911715e-01 1.183150e-01 1.775498e+00 0 4
-1.541850e+14 -8.960229e+13 8.314834e+13 -8.071137e-01 -1.822204e-01 5.615721e-01 -2.475680e+01 0 6506309
-7.046215e+13 1.088200e+14 1.155411e+14 -7.938288e-01 4.547627e-01 4.037658e-01 2.089650e+01 0 3
1.452491e+14 -2.302649e+13 -8.486600e+13 -1.244692e-01 1.665858e-01 -9.781393e-01 1.185725e+01 0 3729181
7.815414e+13 -1.517612e+14 1.621700e+13 8.947755e-01 -4.376587e-01 8.849655e-02 2.681748e+01 0 4950357
-1.035360e+14 -9.767342e+13 9.969135e+13 -5.979559e-01 -7.987315e-01 6.690811e-02 -5.807295e+00 0 2238028
1.238418e+14 -1.126757e+14 4.305025e+13 3.958866e-01 -2.990609e-02 9.178123e-01 -4.086915e+00 0 1178426
-1.026668e+14 -8.380417e+13 1.092997e+14 -5.190544e-01 -1.070505e-01 8.480110e-01 4.467900e+00 0 2558786
1.357665e+14 9.337845e+13 4.281829e+13 4.696528e-01 7.742145e-01 -4.242855e-01 1.535875e+01 0 26
-1.718099e+13 8.360675e+12 1.713528e+14 -9.291701e-01 7.985412e-02 3.609241e-01 1.007157e+01 0 5563362
-5.596397e+13 1.543173e+14 5.483803e+13 -7.424011e-01 3.532843e-01 5.692371e-01 1.404735e+00 0 3303419
1.129560e+14 3.677856e+13 -1.221224e+14 -5.496731e-02 -2.151260e-01 -9.750382e-01 -1.721698e+01 0 14151389
9.170799e+13 7.765472e+13 -1.239892e+14 4.284437e-01 -9.571930e-02 -8.984842e-01 -1.657189e+01 0 657375
2.724737e+13 -8.638063e+13 -1.455627e+14 7.380663e-03 2.603618e-01 -9.654829e-01 1.138352e+01 0 16884058
1.249375e+14 -1.170905e+14 -4.460098e+12 3.756955e-01 -8.924947e-01 -2.496118e-01 -2.014896e+01 0 4
1.493397e+14 -3.946356e+13 7.628834e+13 6.946310e-01 2.939938e-01 -6.565481e-01 -9.878941e+00 0 2
1.396473e+14 3.957383e+13 -8.807391e+13 4.643069e-01 6.961858e-01 -5.474893e-01 1.777568e+01 0 14603300
6.673168e+13 -1.596970e+14 7.764722e+13 5.576983e-01 -8.298688e-01 -1.704348e-02 -8.191368e+00 0 12632819
-6.333264e+13 1.511579e+14 -5.106961e+13 -1.334401e-01 5.468693e-01 8.265154e-01 -1.649727e+01 0 1
-7.762158e+11 6.426672e+13 1.643138e+14 -6.504091e-01 3.106208e-01 6.931686e-01 -1.137531e+01 0 3909632
6.626494e+13 -1.607070e+14 2.353417e+13 4.388552e-01 -6.385946e-01 -6.321416e-01 1.234130e+01 0 1509460
-1.489265e+14 -5.248864e+13 -7.028224e+13 -9.566150e-01 -2.818366e-01 -7.386369e-02 1.840211e+01 0 11756589
5.493640e+13 1.687889e+14 5.316457e+13 5.082054e-01 7.461546e-01 4.300937e-01 -1.988518e+01 0 29
-1.645527e+14 3.887482e+13 -4.024117e+13 -7.348868e-01 -6.244748e-01 2.645232e-01 2.483246e+01 0 2
-4.906131e+13 -2.459283e+13 1.608087e+14 -3.372745e-01 2.549840e-01 9.062169e-01 -1.047442e+01 0 8503171
1.402674e+14 8.887450e+13 4.593357e+13 8.826214e-01 4.700818e-01 1.598283e-03 6.301379e+00 0 15007544
-2.762083e+12 -3.268290e+13 1.681645e+14 -5.392256e-02 -9.212591e-02 9.942863e-01 -1.051621e+01 0 7223135
-8.619878e+13 3.658401e+12 -1.584829e+14 -9.623307e-01 -2.397584e-01 -1.282011e-01 -2.951602e+00 0 2185365
-1.745086e+14 -3.370916e+13 2.446884e+13 -6.625641e-01 7.489313e-01 1.051864e-02 -3.511676e+01 0 368421
-6.741010e+13 -1.475020e+14 -5.337513e+13 1.439183e-02 -9.491081e-01 -3.146216e-01 -1.898057e+00 0 22986800
1.097591e+14 -4.298656e+13 -1.365254e+14 7.727167e-01 -1.760734e-01 -6.098419e-01 -1.009040e+01 0 2494528
-7.203874e+13 -1.396484e+14 -6.761555e+13 -6.574304e-01 -6.469861e-01 -3.862567e-01 7.928104e+00 0 14
1.110819e+14 2.141657e+13 1.263767e+14 8.237466e-01 -8.473604e-02 5.605902e-01 -7.336469e+00 0 13146255
-1.196253e+14 1.064767e+14 7.344135e+13 -5.987153e-01 7.886691e-01 -1.397893e-01 -1.273846e+01 0 12690634
1.985719e+14 1.955252e+12 1.378626e+14 6.811152e-01 5.223390e-01 5.130731e-01 -6.616047e+00 0 1024683
-2.386500e+13 -1.536964e+14 -8.665805e+13 3.094838e-01 -6.249292e-01 -7.167171e-01 2.595732e+01 0 4311647
2.191770e+13 -1.653643e+14 7.636160e+13 2.943501e-01 -9.105920e-01 2.901384e-01 -8.503630e+00 0 681141
-2.307677e+13 -1.740765e+14 2.532649e+13 -3.076050e-01 -7.234631e-01 -6.180456e-01 -1.705690e+01 0 5323973
-1.122271e+14 -1.111605e+14 -6.210086e+13 3.413108e-01 -9.293318e-01 -1.408873e-01 2.710264e+01 0 3
1.424033e+14 6.293496e+13 8.143324e+13 6.553081e-01 7.412937e-01 -1.451028e-01 -6.975686e+00 0 2
7.469478e+13 3.515072e+13 1.481761e+14 4.852725e-01 -6.319361e-01 6.042908e-01 1.585586e+00 0 121646
1.207895e+14 5.577952e+13 1.057293e+14 2.084360e-01 9.630623e-01 1.704861e-01 2.499592e+01 0 3944942
1.160874e+14 2.436264e+13 -1.579563e+14 4.099253e-01 -3.706866e-01 -8.333983e-01 -3.013813e+01 0 149883
-6.712624e+12 1.851651e+14 -2.132397e+12 3.824238e-01 5.780175e-01 7.208660e-01 4.233600e+00 0 2
-5.793139e+13 1.301347e+14 9.294247e+13 -1.656979e-01 6.163819e-01 7.698166e-01 -8.088841e+00 0 1017090
8.915601e+13 1.415824e+14 -6.326200e+13 1.277906e-01 9.910094e-01 -3.962197e-02 1.684203e+01 0 8036639
1.611024e+13 -1.662179e+14 4.078456e+13 -1.583626e-01 -9.873252e-01 1.050164e-02 -1.012612e+01 0 11857
-4.322639e+13 -1.543144e+14 -5.844592e+13 8.645261e-01 -3.159520e-01 -3.908567e-01 4.413168e+00 0 2032374
1.464305e+14 -3.611141e+13 -7.780846e+13 7.724585e-01 4.667655e-01 4.306250e-01 7.842151e+00 0 18575270
-1.670276e+14 -3.570482e+13 3.506533e+13 -3.648000e-01 -8.024279e-01 4.722609e-01 7.645348e+00 0 1196077
-8.937593e+13 6.533829e+13 1.360103e+14 -6.373189e-02 9.963504e-01 5.678174e-02 1.576564e+01 0 2271935
-9.082913e+13 -5.559580e+13 -1.376947e+14 -7.678363e-01 -5.700223e-01 -2.924073e-01 -1.022463e+01 0 2
-6.997567e+13 -1.342901e+14 1.020205e+14 -3.218436e-01 -9.159375e-01 2.397400e-01 -1.342095e+01 0 1
6.749923e+12 1.664015e+14 -4.185045e+13 6.982694e-01 5.814325e-01 -4.175597e-01 -3.575953e+01 0 2499734
5.533555e+13 -1.547638e+14 9.475073e+13 4.920466e-01 -8.569930e-01 1.531439e-01 -9.769976e+00 0 12153322
3.919524e+13 -1.619851e+14 5.744143e+13 4.064813e-01 -9.002483e-01 1.559680e-01 1.344607e+01 0 15997819
-4.049301e+13 -1.454840e+14 -8.377970e+13 -8.741414e-02 -3.020959e-01 -9.492612e-01 -1.402427e+01 0 12350800
1.315929e+14 9.135436e+13 -1.006991e+14 6.309889e-01 6.319907e-01 -4.499342e-01 1.797346e+01 0 1902867
1.264065e+14 -1.024782e+14 -8.186019e+13 -8.350123e-02 -9.328823e-01 -3.503685e-01 -3.022666e+00 0 17
-1.413029e+11 -5.902273e+13 -1.871860e+14 -5.415771e-02 -8.314243e-01 -5.529924e-01 -1.454208e+01 0 13750291
-1.375535e+14 -7.900315e+13 -7.108829e+13 -1.515722e-01 -9.865639e-01 6.097107e-02 2.729398e+01 0 7517345
1.215630e+14 8.164691e+13 8.888188e+13 7.183829e-01 5.971539e-01 -3.568379e-01 -3.927031e+00 0 5008561
-1.443414e+14 -6.196489e+13 7.640289e+13 -6.364691e-01 7.505125e-01 1.778707e-01 -7.491885e+00 0 5118931
-1.273039e+14 9.772564e+13 7.004947e+13 -6.120938e-01 7.348115e-01 -2.922214e-01 -2.151074e+01 0 11423022
-1.643475e+14 -1.112868e+14 2.812201e+13 -8.794270e-01 -2.010220e-01 -4.315070e-01 6.806229e+00 0 10710264
-1.494971e+14 3.612113e+13 -7.505546e+13 -4.533931e-01 5.919197e-01 -6.663826e-01 1.220763e+00 0 230221
-2.553857e+13 -8.208037e+13 -1.463719e+14 -7.768028e-01 -3.261998e-01 -5.386754e-01 -2.002246e+01 0 80
-1.665235e+14 -4.271556e+12 -6.867181e+13 -6.490548e-01 -5.374553e-01 -5.383955e-01 2.570874e+01 0 4192063
-3.457514e+12 1.098985e+14 1.363827e+14 3.688422e-02 9.864335e-01 1.599638e-01 8.517693e+00 0 776448
-1.020825e+14 1.354279e+14 5.012990e+12 -9.601302e-01 2.646078e-01 9.018154e-02 4.791528e+00 0 15750613
1.137845e+14 -1.302993e+14 -3.163566e+12 1.768564e-01 -9.781617e-01 1.091851e-01 -2.452935e+01 0 4365776
-1.899843e+13 -1.618687e+14 -5.562211e+13 2.989308e-01 -8.823329e-01 3.634955e-01 1.595995e+01 0 23
-3.719836e+13 1.199012e+14 1.212423e+14 -2.670120e-01 9.617232e-01 6.158816e-02 1.172018e+01 0 19
1.504996e+14 7.264201e+13 3.083565e+13 6.890165e-01 -1.882630e-01 6.998666e-01 -5.139963e+00 0 751471
-1.111890e+14 -5.198977e+13 -1.212062e+14 -5.511946e-01 -3.632851e-01 -7.511381e-01 1.241055e+01 0 10
1.638636e+14 2.985134e+13 3.709163e+13 3.203410e-01 -8.358158e-01 4.458628e-01 -2.982269e+01 0 16487004
3.256329e+13 -5.630532e+13 1.579853e+14 -2.828819e-01 -3.451535e-01 8.949005e-01 1.131673e+01 0 1035263
-8.094443e+13 7.196784e+13 -1.308339e+14 -4.002686e-01 7.533868e-01 -5.217215e-01 -9.638500e+00 0 321588
1.174412e+13 1.269453e+13 1.693725e+14 7.936301e-01 -2.457951e-02 6.079038e-01 9.939360e+00 0 3859511
5.318208e+13 -5.943817e+13 -1.519039e+14 8.489083e-01 -1.831500e-01 -4.957930e-01 -4.823815e+00 0 16161631
6.053618e+13 1.562254e+14 3.424843e+13 2.479221e-01 1.806796e-01 9.517823e-01 5.388239e+00 0 7298598
1.416652e+14 4.120941e+12 -1.039532e+14 -3.000676e-01 2.223475e-01 -9.276427e-01 1.997779e+01 0 7
1.066074e+13 1.293693e+14 1.373957e+14 -2.070992e-01 7.035957e-01 6.797522e-01 1.169423e+01 0 129
-6.097562e+12 -7.188179e+13 1.538765e+14 -4.840712e-01 2.426091e-01 8.407234e-01 -1.992058e+00 0 8005243
-9.152753e+13 1.958256e+13 -1.430717e+14 -9.242459e-01 2.970512e-01 -2.398542e-01 1.264367e+01 0 8640142
-1.004272e+14 -1.494171e+14 -4.700288e+13 -6.011154e-01 -7.402549e-01 -3.011362e-01 1.075600e+01 0 216350
-7.651094e+13 -1.311787e+14 -7.594936e+13 -2.155512e-01 -6.909329e-02 -9.740451e-01 6.540097e+00 0 1099513
-8.974049e+13 5.089518e+13 1.564255e+14 -1.510674e-01 4.145655e-02 9.876538e-01 1.118636e+01 0 10560501
-1.216837e+14 -4.010901e+13 -1.252179e+14 -6.042494e-01 -4.074956e-01 -6.847116e-01 1.854000e+01 0 8835664
-1.156082e+14 -6.495431e+12 1.261410e+14 -4.974029e-01 -8.341300e-01 2.383642e-01 2.017753e+01 0 3043042
-1.425924e+14 -5.988509e+12 9.319199e+13 2.477830e-01 5.697270e-01 7.835910e-01 -2.030670e+01 0 5577908
-1.166814e+14 -8.323745e+13 -1.308385e+14 -1.545134e-01 -4.126135e-01 -8.977058e-01 -8.331277e+00 0 11041097
4.819290e+13 -8.184798e+13 -1.495028e+14 -1.253233e-01 -7.163644e-01 -6.863790e-01 9.091128e+00 0 2202558
1.936748e+14 -1.297219e+14 -1.274845e+13 7.713246e-01 -5.610909e-01 3.003920e-01 -3.049120e+01 0 53
1.656236e+14 -2.515281e+13 3.907981e+13 9.180296e-01 -4.320920e-02 3.941505e-01 1.516733e+01 0 9175207
-6.500885e+13 7.001755e+13 1.541426e+14 -1.282357e-01 4.113773e-01 9.023992e-01 -1.170678e+01 0 5
-7.613956e+12 -1.629640e+14 -5.001228e+13 3.479169e-01 -4.357697e-01 -8.300955e-01 -2.856012e-01 0 5
7.086398e+13 6.045643e+13 1.528000e+14 3.731151e-01 4.803365e-01 7.937645e-01 -1.355013e+01 0 405548
9.093778e+13 -9.639657e+13 -1.153020e+14 -8.943684e-02 -1.095378e-01 -9.899508e-01 -2.166092e+01 0 35
2.207293e+13 1.627689e+14 -5.201416e+13 -3.757244e-01 8.575988e-01 3.512200e-01 1.904116e+00 0 2241675
-9.512925e+13 -1.295025e+14 -1.004242e+14 2.340520e-01 -9.661417e-01 -1.085816e-01 -3.035949e+00 0 27
-1.168304e+14 8.071193e+13 -1.084324e+14 -1.549883e-01 6.434186e-01 -7.496607e-01 -2.377992e+01 0 12
-5.577159e+12 -1.640425e+14 -4.298092e+13 -2.048891e-01 -9.681956e-01 1.435889e-01 -5.437627e+00 0 3273154
1.165106e+14 -3.255467e+13 -1.227634e+14 4.241745e-01 -8.372932e-01 -3.449872e-01 -4.904307e+00 0 4503898
2.961020e+13 -1.557159e+14 -8.435657e+13 3.027536e-01 -9.161026e-01 2.628617e-01 1.315355e+01 0 1064535
-1.281997e+14 -7.572473e+13 9.459090e+13 -1.628840e-01 -6.777550e-01 7.170195e-01 3.353111e+01 0 1952993
1.130163e+14 1.248630e+14 -2.247357e+13 9.893758e-01 2.663323e-02 -1.429201e-01 -8.359949e+00 0 5543461
7.182840e+13 -1.843703e+14 1.343329e+13 4.118881e-01 -8.418349e-01 -3.488011e-01 1.545867e+01 0 9705242
-1.147851e+14 1.210997e+14 -3.083077e+13 -9.831098e-01 -1.410490e-01 1.166206e-01 1.295874e+01 0 3926072
9.705771e+13 6.107040e+13 1.256080e+14 -1.861937e-01 9.264571e-01 3.271226e-01 2.090300e+01 0 15257165
-1.679393e+14 -1.450276e+13 -4.178058e+13 -9.406554e-01 -2.693170e-01 -2.064845e-01 -1.027567e+01 0 3272197
-1.061899e+13 1.371904e+14 1.043407e+14 -7.772568e-01 6.290248e-01 1.413337e-02 3.309548e+01 0 2243999
3.873259e+13 -4.778294e+13 1.715040e+14 2.386828e-03 2.293616e-01 9.733383e-01 2.087295e+01 0 244336
5.712406e+13 -7.979624e+13 1.487010e+14 1.950786e-01 -7.452003e-02 9.779525e-01 8.898279e+00 0 103179
-1.779088e+14 -1.364066e+14 1.185295e+14 -6.589916e-01 -6.775840e-01 3.265118e-01 3.136867e+01 0 1179047
9.401399e+13 8.118506e+13 1.206251e+14 1.573847e-01 -4.304578e-01 8.887835e-01 -2.354115e+01 0 2306147
-1.399873e+14 8.419648e+13 4.681061e+13 -4.371338e-01 7.108817e-01 5.509639e-01 -1.170553e+01 0 503220
3.944102e+13 5.747621e+13 1.569616e+14 5.473621e-01 -1.572205e-01 8.219954e-01 8.903426e+00 0 11
6.118393e+12 -9.231538e+12 -1.749209e+14 -3.297136e-01 -8.156168e-01 -4.754557e-01 1.804288e+01 0 7585843
-4.224272e+13 2.182140e+13 1.633018e+14 -2.600977e-01 7.167262e-01 6.470337e-01 -8.411159e+00 0 579781
2.930646e+13 -4.133346e+13 1.727189e+14 -1.929099e-01 -6.195726e-01 7.608650e-01 -1.840240e+01 0 6767989
2.096754e+14 8.201488e+13 5.634642e+12 8.516822e-01 5.062492e-01 -1.354595e-01 2.177183e+01 0 10
-4.317087e+13 3.932960e+13 1.650784e+14 4.373890e-01 8.054696e-01 3.998870e-01 1.699123e+00 0 4227424
7.448881e+13 -1.551136e+14 1.422533e+13 1.350499e-01 -5.855004e-01 7.993440e-01 -1.957850e+01 0 15537088
-1.069109e+14 8.471993e+13 -1.081966e+14 -5.636393e-02 6.139903e-01 -7.872986e-01 -1.856261e+01 0 6596143
7.185840e+13 1.425553e+14 7.883143e+13 9.392433e-01 5.765357e-02 3.383756e-01 -6.489710e+00 0 24326
3.901180e+13 -9.005898e+13 1.436865e+14 7.272422e-02 -9.385277e-01 3.374566e-01 -1.497346e+01 0 2001772
-1.699641e+14 -2.957253e+12 1.679351e+13 -4.304106e-01 6.244925e-01 -6.517329e-01 -4.257335e-01 0 3338637
-1.340170e+14 -1.054510e+12 1.052708e+14 -8.547356e-01 -4.820734e-01 1.924376e-01 1.822295e+01 0 2
-1.963157e+13 5.078705e+13 -1.888061e+14 4.798465e-02 6.046500e-01 -7.950445e-01 1.249940e+01 0 7565134
1.780830e+14 -6.935702e+13 -4.081013e+13 8.482431e-01 -3.570621e-01 3.911396e-01 -2.113415e+01 0 4980561
-5.593534e+13 8.546065e+13 -1.757095e+14 -5.227150e-01 3.583494e-01 -7.735339e-01 1.448080e+01 0 5239287
-1.890112e+14 2.083443e+13 -1.279788e+13 -9.807196e-01 -1.948375e-01 1.507667e-02 -5.568573e+00 0 5187621
1.294425e+14 2.164178e+13 -1.096146e+14 1.727270e-01 5.723250e-01 -8.016292e-01 3.059221e+01 0 13841359
4.111926e+13 -1.845545e+13 1.652196e+14 8.726006e-01 -1.850465e-01 4.520242e-01 -5.600109e+00 0 8780723
2.741542e+13 1.454329e+14 -8.689388e+13 2.783343e-01 8.559753e-01 4.357021e-01 5.739215e+00 0 123781
-1.403201e+14 -1.179334e+14 -2.575112e+13 -9.425176e-02 -7.616188e-01 -6.411344e-01 2.261072e+01 0 1480708
-7.715133e+13 1.169840e+14 -9.801595e+13 -3.764493e-01 9.198405e-01 1.103600e-01 -1.062093e+01 0 12389439
1.455127e+14 3.010422e+13 8.365794e+13 7.114777e-01 -4.077989e-01 5.722757e-01 -6.120314e+00 0 53936
1.444652e+14 -9.225666e+13 1.172651e+13 4.222781e-01 -8.518120e-01 3.099961e-01 8.248910e+00 0 6
8.766416e+13 1.460538e+14 3.926865e+13 8.794485e-01 4.526564e-01 -1.472162e-01 3.174679e-01 0 10329628
8.943580e+13 -1.433684e+14 -2.165045e+13 -1.140497e-01 -3.760301e-01 -9.195619e-01 1.371381e+01 0 5636734
1.820272e+14 3.376447e+13 4.050868e+11 6.193963e-01 5.758716e-01 -5.335916e-01 2.740923e+01 0 9
-4.742261e+13 1.208558e+14 1.166315e+14 -4.898464e-01 7.080986e-01 5.085734e-01 1.363251e+01 0 4223225
-6.522577e+13 1.262417e+14 -9.260767e+13 -3.620038e-01 9.293824e-01 7.212238e-02 1.112101e+00 0 353846
-1.180952e+14 -8.602948e+13 -9.248779e+13 -7.332332e-01 -6.013730e-01 -3.173635e-01 5.637929e+00 0 34
4.708014e+13 3.627051e+13 -1.641999e+14 9.732711e-01 2.110020e-01 -9.067271e-02 1.177960e+01 0 32181641
-7.224113e+12 -1.783600e+14 -2.478086e+13 3.207175e-01 -9.463541e-01 -3.942460e-02 -1.941790e+00 0 437712
-7.578183e+12 1.550885e+14 2.143374e+14 -6.685556e-02 7.410061e-01 6.681618e-01 2.053459e+01 0 19502892
9.682906e+12 9.416805e+13 -1.711356e+14 6.934704e-02 -2.091390e-01 -9.754239e-01 1.635428e+01 0 4444727
2.127076e+13 -7.982432e+13 1.523841e+14 8.736655e-02 -8.253961e-01 5.577530e-01 -7.059191e+00 0 118206
1.335884e+14 2.610487e+13 1.148946e+14 9.445709e-01 6.951524e-03 3.282340e-01 -1.658524e+01 0 9
1.427144e+14 2.834089e+13 -8.897375e+13 6.437144e-01 -7.459398e-01 1.708966e-01 -3.335356e+01 0 7571381
2.365244e+13 -1.454240e+14 -8.586687e+13 2.775918e-01 -2.143191e-01 -9.364882e-01 1.841761e+01 0 3
1.689360e+14 1.830107e+13 4.986044e+13 9.550988e-01 -2.732406e-01 -1.145680e-01 9.847464e+00 0 4
-9.639529e+13 -1.406287e+14 2.341871e+13 -2.649049e-01 -6.607684e-01 7.022895e-01 -7.260915e+00 0 8463149
1.475586e+14 -8.485894e+13 4.172488e+13 7.712054e-01 4.825231e-01 -4.152272e-01 5.911739e-01 0 2
3.255782e+13 -1.335853e+14 1.012105e+14 -6.941579e-01 -7.036822e-01 1.515786e-01 -2.346008e+01 0 294619
-7.352656e+13 -4.679901e+13 -1.463839e+14 3.758932e-01 -7.816296e-01 -4.977544e-01 1.841516e+01 0 1218197
7.009234e+13 -1.424584e+13 2.069328e+14 3.342415e-01 -2.972507e-01 8.943851e-01 1.625518e+01 0 1370436
-1.600640e+14 -1.586932e+14 4.843110e+12 -9.803320e-01 3.082916e-02 1.949325e-01 -4.334853e+01 0 54
-1.470355e+14 -8.525844e+13 -8.755468e+13 -7.841032e-01 -6.130065e-01 9.698025e-02 -1.578069e+01 0 48
-8.787909e+13 1.075135e+14 -1.169531e+14 -3.851213e-02 6.848470e-01 -7.276684e-01 -1.643533e+01 0 937509
-1.334940e+14 7.827752e+13 -7.101497e+13 -7.201845e-01 -6.731106e-01 1.680964e-01 1.272624e+01 0 18
1.339926e+14 8.449165e+13 -6.112586e+13 -3.381617e-01 4.267547e-01 -8.387652e-01 -2.812799e+00 0 5817999
-1.302406e+12 1.528645e+14 -7.437336e+13 3.012572e-01 6.986134e-01 -6.489864e-01 -1.234885e+01 0 4597093
1.356930e+14 5.865356e+13 -8.315740e+13 2.827453e-01 -7.694369e-01 -5.727320e-01 -1.929529e+01 0 853049
4.993366e+13 -1.630688e+14 -2.204188e+13 -4.883032e-01 -8.567043e-01 -1.661857e-01 -1.034500e+01 0 6898301
9.341667e+13 -1.612577e+14 1.436318e+13 4.511666e-01 -8.544097e-01 -2.577454e-01 1.657615e+01 0 10837380
-1.323186e+14 1.053109e+14 -2.148155e+13 -5.571171e-01 7.073053e-01 -4.351319e-01 -1.338309e+01 0 1112402
8.934257e+13 1.323575e+14 -5.727293e+13 -6.579305e-01 7.514680e-01 -4.922675e-02 1.279629e+01 0 1872742
-1.190815e+14 -6.070407e+12 -1.249253e+14 -5.094771e-01 8.598979e-01 -3.175904e-02 -2.994673e+01 0 19
-2.311831e+13 7.003194e+13 1.546285e+14 -7.442988e-01 3.915820e-01 5.410017e-01 2.012505e+01 0 10245250
6.223488e+13 -1.586716e+14 -4.131044e+13 9.626137e-01 -6.217844e-02 -2.636449e-01 1.730076e+00 0 8097192
1.256054e+14 4.341945e+13 -1.072391e+14 7.701462e-01 5.421200e-01 -3.361261e-01 1.320628e+01 0 8019665
4.906484e+13 8.614035e+12 1.681097e+14 4.751756e-01 7.594475e-01 4.443508e-01 -1.200840e+01 0 3856335
4.357268e+13 1.039097e+14 1.322829e+14 7.301941e-01 2.046118e-01 6.518823e-01 -2.377704e+01 0 20699544
-1.084458e+14 1.368619e+14 3.096411e+13 -7.567277e-01 6.474774e-01 9.020047e-02 1.359880e+01 0 3531838
-4.254797e+13 2.370258e+13 -1.848871e+14 -9.056704e-01 3.314700e-01 -2.643650e-01 -1.274853e+01 0 2453924
7.232968e+13 -1.511748e+14 -8.392504e+13 5.383053e-01 -8.366581e-01 -1.011468e-01 2.090542e+01 0 489830
-9.782532e+13 -1.251323e+14 -6.085560e+13 -2.662318e-01 -1.950361e-01 -9.439712e-01 5.687082e+00 0 897285
9.693112e+13 1.162638e+14 8.742124e+13 7.320882e-02 7.934598e-01 6.042036e-01 -2.601355e+00 0 9562733
2.155716e+13 -1.688780e+14 -6.903200e+12 8.595884e-02 -9.962613e-01 8.632242e-03 -6.978654e+00 0 1990031
-1.403274e+14 -9.463794e+13 -2.138205e+13 -8.316974e-01 4.615093e-01 -3.086884e-01 -2.733642e+01 0 7498557
4.935915e+13 2.629777e+13 -1.638098e+14 5.882603e-02 -4.723408e-01 -8.794508e-01 1.847330e+01 0 9158599
-7.971594e+13 -3.558634e+13 1.475721e+14 -7.299970e-01 -3.127049e-01 6.077171e-01 1.315131e+01 0 4845055
1.402737e+14 1.180390e+13 9.553921e+13 3.791948e-01 7.323364e-01 5.655923e-01 2.623667e+01 0 1533233
-6.696219e+13 -1.477723e+14 -7.390546e+13 -3.805161e-01 -9.240541e-01 3.648970e-02 1.053365e+01 0 2473175
8.033523e+13 -1.613002e+14 2.923708e+13 9.294369e-01 -9.391945e-02 3.568281e-01 3.646849e+01 0 12
1.231683e+14 1.156689e+14 2.550151e+13 5.009908e-01 8.641631e-01 -4.722714e-02 -8.207675e+00 0 4
-1.465119e+14 -8.396316e+13 -4.194231e+13 -9.487079e-01 3.135945e-01 -4.014706e-02 -5.141794e+00 0 2216500
3.200440e+13 -9.535898e+13 -1.371216e+14 -6.640297e-01 1.572444e-01 -7.309848e-01 -2.277993e+01 0 584718
1.582579e+14 4.765569e+11 -6.200506e+13 5.098577e-02 8.867083e-01 -4.595093e-01 3.132734e+01 0 1035503
4.645062e+13 5.537885e+13 -1.705676e+14 -1.198057e-01 9.213083e-01 -3.699157e-01 2.683857e+01 0 8991353
6.378072e+13 -8.706086e+13 -1.317133e+14 7.865278e-01 -4.926599e-01 -3.723712e-01 -5.422932e+00 0 3445635
3.402619e+13 1.246325e+14 1.132737e+14 -5.849003e-01 7.154914e-01 3.820520e-01 2.621896e+01 0 1722181
1.425845e+14 -1.469240e+13 9.385740e+13 4.309094e-01 -2.449998e-01 8.685000e-01 -2.361118e+01 0 1405163
-1.121348e+14 -1.361230e+14 -3.517961e+13 -5.392736e-01 -6.874037e-01 4.864774e-01 -8.078547e+00 0 25695141
