# 781
7.638363e+12 2.886393e+12 -9.649514e+12 7.901897e-01 -1.497591e-01 5.942831e-01 0.000000e+00 1
-1.253990e+13 4.556234e+12 -5.732181e+12 4.460125e-01 8.411208e-01 -3.059228e-01 0.000000e+00 1
3.231791e+12 -6.113346e+12 -1.399767e+13 7.373237e-01 -1.397028e-01 6.609363e-01 0.000000e+00 1
3.870365e+11 -2.222361e+12 -3.972149e+12 -4.974520e-01 -7.384171e-01 -4.552820e-01 0.000000e+00 1
-7.089243e+12 -1.313564e+13 4.741188e+12 -7.472287e-02 -2.401229e-01 -9.678623e-01 0.000000e+00 1
4.462958e+11 -3.137748e+10 -1.575807e+13 1.655941e-01 5.236164e-01 -8.357060e-01 0.000000e+00 1
-6.660464e+12 -6.891212e+12 2.022000e+12 4.731788e-01 -8.731954e-01 -1.167545e-01 0.000000e+00 1
-1.117216e+13 -3.141203e+12 4.878851e+12 2.161166e-01 9.559330e-01 1.987102e-01 0.000000e+00 1
1.306488e+13 -2.161883e+12 -5.554174e+12 5.046205e-01 2.276756e-01 -8.327796e-01 0.000000e+00 1
4.542037e+12 2.830650e+12 -5.506408e+12 -9.167294e-01 -2.691096e-01 -2.952747e-01 0.000000e+00 1
-3.794459e+11 -8.432221e+12 -6.103887e+12 4.263464e-02 -8.072932e-02 -9.958238e-01 0.000000e+00 1
4.396778e+12 5.616625e+12 6.369572e+12 8.070513e-01 5.668768e-01 1.652842e-01 0.000000e+00 1
6.164502e+12 -9.330172e+12 5.107420e+12 1.250600e-01 -3.931717e-01 -9.109204e-01 0.000000e+00 1
-1.258336e+13 -9.357127e+12 5.780098e+12 -5.206789e-01 6.087911e-01 5.985539e-01 0.000000e+00 1
2.038709e+12 -4.988336e+12 -1.512595e+13 -8.214063e-01 -5.430350e-01 1.743694e-01 0.000000e+00 1
4.594318e+12 9.771876e+12 -9.840541e+12 4.699546e-01 -2.824521e-01 8.362796e-01 0.000000e+00 1
3.200138e+12 -9.401161e+12 -2.187770e+12 -3.937179e-01 1.292407e-01 -9.101006e-01 0.000000e+00 1
-1.114255e+13 9.911576e+12 -4.063077e+12 5.616317e-01 -3.449100e-01 7.520685e-01 0.000000e+00 1
-1.955152e+12 7.012535e+12 -9.111556e+11 8.423055e-01 2.564698e-01 4.740724e-01 0.000000e+00 1
-3.859958e+12 -1.607047e+13 9.611713e+11 -3.202611e-01 -6.417935e-01 6.968027e-01 0.000000e+00 1
-4.036150e+12 -3.488460e+11 -3.810366e+12 7.191234e-01 6.894878e-01 8.641790e-02 0.000000e+00 1
6.469070e+12 -6.493776e+12 1.212740e+13 -9.366258e-01 -1.490496e-01 3.170430e-01 0.000000e+00 1
8.639683e+12 -5.921643e+11 2.717491e+12 -6.535711e-01 -1.406346e-01 7.436845e-01 0.000000e+00 1
1.214778e+12 1.392306e+13 -6.875061e+12 -6.468008e-01 -3.272401e-01 -6.888851e-01 0.000000e+00 1
5.381207e+12 1.489558e+13 -2.424040e+12 -6.239258e-01 7.461445e-01 -2.323468e-01 0.000000e+00 1
-8.047502e+12 -2.145323e+12 -3.621878e+12 7.592388e-01 -6.501629e-01 2.906191e-02 0.000000e+00 1
-9.337641e+12 5.350475e+12 -7.082924e+12 3.849753e-01 -4.235071e-01 8.200218e-01 0.000000e+00 1
-1.614801e+12 -6.886821e+12 4.443270e+12 5.792513e-01 7.824027e-01 -2.287225e-01 0.000000e+00 1
-1.705294e+11 -7.892278e+12 3.979434e+11 -9.975096e-01 -4.953564e-02 5.020757e-02 0.000000e+00 1
-2.439060e+12 -7.191896e+12 -1.410276e+13 -1.902572e-01 9.705126e-01 1.480116e-01 0.000000e+00 1
-1.337104e+13 -5.276492e+12 -7.611170e+12 4.405115e-01 -3.206578e-01 -8.385274e-01 0.000000e+00 1
2.711202e+12 -1.738606e+12 -7.113549e+12 5.719591e-01 -7.239552e-01 -3.856834e-01 0.000000e+00 1
-7.862757e+12 -6.584288e+12 -1.086171e+13 -5.498389e-01 4.072789e-01 -7.292469e-01 0.000000e+00 1
8.977266e+12 1.383429e+13 -1.010843e+12 3.937232e-01 -8.393209e-01 -3.748632e-01 0.000000e+00 1
-6.302551e+12 3.684131e+12 9.999729e+12 -3.143106e-01 5.222931e-01 -7.927287e-01 0.000000e+00 1
1.395404e+13 3.420763e+12 3.663411e+12 1.680847e-01 7.749752e-01 6.092298e-01 0.000000e+00 1
-7.430703e+12 1.640189e+12 -3.510944e+12 -1.218545e-01 -1.616861e-01 -9.792901e-01 0.000000e+00 1
1.589395e+13 -5.321347e+10 -5.138616e+12 -2.579983e-01 -7.841492e-01 5.643996e-01 0.000000e+00 1
2.842122e+12 1.300216e+13 -3.333182e+10 4.684013e-01 6.745878e-01 -5.705537e-01 0.000000e+00 1
5.517521e+11 1.277763e+13 -5.710738e+12 6.200968e-01 7.263297e-01 -2.965218e-01 0.000000e+00 1
-1.410852e+13 6.025490e+12 8.292947e+11 -9.372807e-01 -3.383984e-01 -8.361490e-02 0.000000e+00 1
1.177526e+13 8.358320e+12 -6.795623e+12 -7.208027e-01 -5.325244e-01 4.436904e-01 0.000000e+00 1
2.033074e+12 3.130668e+12 -2.136347e+12 -6.944256e-01 -7.179465e-01 4.822788e-02 0.000000e+00 1
6.962840e+12 -6.466706e+12 -7.854365e+12 7.495730e-01 -6.196615e-01 -2.327227e-01 0.000000e+00 1
1.095893e+12 -6.575567e+12 -6.809468e+11 -6.542052e-01 -3.484472e-02 -7.555140e-01 0.000000e+00 1
7.853695e+12 -7.749147e+12 -8.886098e+12 -7.218579e-01 5.000179e-02 6.902325e-01 0.000000e+00 1
1.664735e+12 3.034621e+11 -1.160538e+13 -6.101594e-01 3.244769e-01 7.227864e-01 0.000000e+00 1
-7.792860e+12 2.795906e+12 8.984524e+12 -7.426704e-01 -4.201986e-01 -5.214152e-01 0.000000e+00 1
5.528613e+11 1.132905e+13 6.237928e+12 6.008604e-02 -8.367085e-01 -5.443424e-01 0.000000e+00 1
1.387467e+13 8.661208e+12 1.400380e+12 4.383887e-01 8.658178e-01 -2.411947e-01 0.000000e+00 1
1.392881e+13 2.308770e+12 -4.298819e+12 -4.448619e-01 -6.378647e-01 6.286704e-01 0.000000e+00 1
-1.455674e+12 -4.102716e+10 6.759858e+12 9.434663e-01 3.027287e-01 1.350063e-01 0.000000e+00 1
-3.446514e+12 7.593294e+12 -4.157943e+12 -8.669449e-01 -8.042653e-02 -4.918721e-01 0.000000e+00 1
2.992142e+12 1.467303e+13 -2.465011e+12 -1.204776e-01 -4.940797e-01 -8.610287e-01 0.000000e+00 1
1.224814e+13 -9.798534e+12 7.885377e+11 2.265933e-01 4.672172e-01 -8.546131e-01 0.000000e+00 1
-1.384880e+13 -5.484916e+12 -5.316036e+12 -7.838123e-01 5.397925e-01 3.070217e-01 0.000000e+00 1
1.469206e+13 -2.430946e+12 -6.603921e+12 8.068040e-02 9.816668e-01 -1.726872e-01 0.000000e+00 1
-1.007440e+13 -1.160362e+13 6.934644e+11 -3.750801e-01 8.878978e-01 2.663689e-01 0.000000e+00 1
-4.409077e+12 -1.332616e+12 6.688466e+12 -1.621029e-01 9.147636e-01 3.700407e-01 0.000000e+00 1
-3.897732e+12 1.547856e+13 4.854172e+12 -3.036589e-01 -7.221160e-01 -6.215623e-01 0.000000e+00 1
4.174722e+12 -1.640801e+12 -1.306921e+13 3.833167e-01 -3.252313e-01 8.644610e-01 0.000000e+00 1
1.355870e+13 -2.779748e+12 -5.706477e+12 6.416816e-01 4.890085e-01 5.908599e-01 0.000000e+00 1
-2.191858e+10 -1.338781e+13 -6.320536e+12 -4.384884e-01 3.156522e-01 -8.414818e-01 0.000000e+00 1
-1.100835e+13 7.588089e+12 -9.224181e+12 -7.538063e-01 -5.271507e-01 -3.922859e-01 0.000000e+00 1
1.222764e+12 -5.358457e+12 -1.038587e+13 -9.135092e-01 3.870503e-01 -1.252718e-01 0.000000e+00 1
-1.292383e+13 -6.965342e+12 8.232188e+12 -3.698979e-01 -9.086371e-01 1.937889e-01 0.000000e+00 1
3.723493e+12 -2.991272e+12 3.162674e+11 6.461318e-01 1.847353e-01 7.405313e-01 0.000000e+00 1
-5.446542e+12 -1.220437e+13 4.556793e+12 9.980089e-01 -6.106549e-02 1.578968e-02 0.000000e+00 1
5.156347e+12 -6.092721e+12 4.113691e+12 2.115909e-01 5.900078e-01 -7.791792e-01 0.000000e+00 1
-1.247638e+13 -3.547199e+12 -5.670667e+12 -4.552248e-01 -3.206927e-01 8.306182e-01 0.000000e+00 1
9.187725e+12 -1.897117e+12 6.758606e+12 -3.684687e-01 -7.059304e-01 6.048909e-01 0.000000e+00 1
-1.057021e+13 -4.404238e+12 6.145886e+12 8.083714e-01 -5.456885e-01 2.208159e-01 0.000000e+00 1
-2.152135e+12 -2.321299e+12 -1.402038e+13 -8.080561e-01 5.061713e-01 -3.013901e-01 0.000000e+00 1
2.409299e+12 -7.966170e+12 5.627749e+12 7.440749e-01 -6.430749e-01 1.811278e-01 0.000000e+00 1
1.670880e+12 -1.415589e+13 2.845319e+11 1.210617e-01 -1.045002e-01 9.871291e-01 0.000000e+00 1
-9.186845e+12 -4.797002e+12 1.044019e+13 -1.023718e-01 7.929845e-01 6.005794e-01 0.000000e+00 1
-5.650873e+12 2.666974e+12 2.603860e+12 3.668882e-01 -5.700855e-01 -7.351161e-01 0.000000e+00 1
7.167543e+12 -5.859319e+12 4.037932e+12 6.556890e-01 -5.363552e-02 7.531236e-01 0.000000e+00 1
1.059054e+13 4.778937e+12 6.728785e+12 4.367100e-01 3.724885e-01 -8.188630e-01 0.000000e+00 1
-1.192520e+13 2.321053e+12 3.634240e+12 -3.634104e-02 4.651987e-01 8.844600e-01 0.000000e+00 1
1.054068e+13 1.271252e+13 1.732208e+12 -8.367442e-01 3.673758e-01 -4.060716e-01 0.000000e+00 1
-1.028652e+13 -1.178791e+13 1.065091e+11 3.256333e-01 -7.967568e-01 5.090595e-01 0.000000e+00 1
-5.449259e+11 -1.344242e+13 1.029254e+13 4.465455e-01 3.821780e-01 -8.090347e-01 0.000000e+00 1
-1.312661e+13 -5.118307e+12 -6.235439e+12 -5.320763e-01 -1.796070e-02 8.465059e-01 0.000000e+00 1
9.829010e+12 1.356019e+13 1.164248e+12 -7.630319e-02 -3.852044e-01 -9.196714e-01 0.000000e+00 1
-5.953663e+12 -2.477523e+12 2.681247e+12 2.978484e-01 -3.067382e-02 9.541202e-01 0.000000e+00 1
-8.465086e+12 -1.266814e+13 -1.460034e+12 -9.237386e-01 3.045290e-01 -2.323127e-01 0.000000e+00 1
9.922797e+12 -3.248723e+12 -1.067830e+13 -7.620121e-01 -6.368784e-01 -1.171469e-01 0.000000e+00 1
4.824524e+12 -5.208157e+12 -6.964599e+12 2.629515e-01 -7.234632e-01 -6.383239e-01 0.000000e+00 1
1.264626e+13 8.939036e+12 -4.794045e+12 2.891258e-01 -2.143972e-01 9.329738e-01 0.000000e+00 1
9.038137e+12 1.164455e+13 3.556763e+12 -4.212809e-01 6.712823e-01 -6.098381e-01 0.000000e+00 1
9.958864e+12 -2.029489e+12 1.318171e+13 5.640941e-01 -7.591232e-01 3.248536e-01 0.000000e+00 1
-1.518508e+13 4.633389e+12 1.271482e+12 -5.982608e-01 7.961431e-01 9.077510e-02 0.000000e+00 1
-6.192451e+12 4.624770e+12 -4.557462e+12 -3.799999e-02 -7.412440e-01 6.701592e-01 0.000000e+00 1
1.482187e+13 5.310688e+12 -2.661540e+12 7.061688e-01 -6.742747e-01 -2.160537e-01 0.000000e+00 1
-2.380516e+12 2.818466e+12 -1.040829e+13 2.902820e-01 7.185920e-02 -9.542393e-01 0.000000e+00 1
-1.044251e+13 -1.238178e+12 -5.448468e+12 3.097515e-01 2.176584e-01 9.255694e-01 0.000000e+00 1
-7.451801e+12 -9.630134e+12 1.008711e+13 -9.764934e-01 1.789881e-01 1.200997e-01 0.000000e+00 1
3.619187e+12 1.134621e+12 7.934428e+12 -4.897911e-02 9.156748e-01 -3.989245e-01 0.000000e+00 1
-3.910022e+12 5.235346e+12 1.381206e+13 9.844489e-01 3.466055e-02 1.722178e-01 0.000000e+00 1
-4.015816e+12 -4.481779e+12 -2.567979e+12 6.978942e-01 2.241967e-01 6.802055e-01 0.000000e+00 1
1.177008e+13 -3.087637e+12 4.169651e+12 -8.351211e-01 -5.466156e-01 -6.151591e-02 0.000000e+00 1
9.256079e+12 -4.472787e+12 -1.488630e+12 5.285318e-01 8.286893e-01 1.841963e-01 0.000000e+00 1
-3.788550e+12 3.762118e+11 -1.602505e+13 -8.325867e-01 2.263566e-01 -5.055315e-01 0.000000e+00 1
-4.224579e+12 -1.196209e+13 -4.575904e+12 -7.877340e-01 -3.382549e-01 -5.148386e-01 0.000000e+00 1
8.152458e+12 1.390901e+13 1.001625e+12 4.540086e-01 -1.634525e-01 -8.758764e-01 0.000000e+00 1
1.870698e+12 5.569835e+12 -4.278975e+12 -3.971017e-01 -8.949304e-01 -2.034940e-01 0.000000e+00 1
-1.460986e+12 1.600047e+13 -3.848676e+12 -7.792470e-01 -6.097438e-01 -1.448675e-01 0.000000e+00 1
1.935607e+12 -1.640242e+13 -2.810401e+12 5.160805e-01 -4.298581e-01 7.408663e-01 0.000000e+00 1
4.995935e+12 3.615311e+12 1.189922e+12 -6.248119e-01 4.424291e-01 6.433246e-01 0.000000e+00 1
-1.039018e+13 -1.000777e+13 -3.678961e+12 -3.688587e-01 -8.948104e-01 2.515108e-01 0.000000e+00 1
-6.135163e+12 9.906951e+12 -7.090964e+12 -5.902008e-01 6.622666e-01 4.615906e-01 0.000000e+00 1
-1.615222e+12 -1.416007e+13 3.045424e+11 -9.078334e-01 6.349894e-02 4.144953e-01 0.000000e+00 1
-6.078782e+11 -9.344788e+12 6.329602e+12 1.796640e-02 -8.442736e-01 -5.356112e-01 0.000000e+00 1
-5.461272e+12 4.838492e+12 7.397928e+12 8.442977e-04 -9.120215e-01 -4.101416e-01 0.000000e+00 1
-2.519430e+12 1.954749e+11 1.228162e+13 2.847043e-01 9.578188e-01 -3.907319e-02 0.000000e+00 1
-5.144580e+12 6.440357e+12 -2.746456e+12 -4.364270e-01 8.985144e-01 4.693875e-02 0.000000e+00 1
4.575816e+12 -4.230558e+12 -6.039873e+12 5.583750e-01 -7.490869e-01 -3.564916e-01 0.000000e+00 1
-4.881015e+12 -5.864525e+12 -4.019790e+11 -6.424974e-01 4.718131e-01 6.038124e-01 0.000000e+00 1
4.924357e+12 8.680957e+12 1.221774e+12 -1.960032e-01 9.441486e-01 -2.648888e-01 0.000000e+00 1
-3.808769e+11 3.966817e+12 2.606859e+12 9.333239e-01 -3.154736e-01 -1.714145e-01 0.000000e+00 1
-1.863222e+12 9.977255e+12 1.022948e+13 -7.613978e-02 -2.920185e-01 9.533771e-01 0.000000e+00 1
2.139661e+12 4.032514e+12 -8.808336e+12 6.757987e-01 -6.767938e-01 2.919696e-01 0.000000e+00 1
-6.605115e+11 4.871019e+12 -9.557596e+12 -8.620501e-01 1.470233e-01 4.850296e-01 0.000000e+00 1
1.656751e+13 1.976116e+12 -1.606916e+12 7.319023e-01 -6.316178e-01 -2.556911e-01 0.000000e+00 1
7.367557e+12 6.400048e+12 -6.542304e+12 -1.756274e-01 -7.282243e-01 -6.624533e-01 0.000000e+00 1
-1.286025e+13 4.974959e+12 6.835040e+12 -6.864524e-02 9.620423e-01 2.641256e-01 0.000000e+00 1
1.236015e+13 7.970551e+12 -2.162002e+12 4.946890e-01 -8.810322e-02 -8.645927e-01 0.000000e+00 1
-1.199053e+13 7.298620e+12 -7.442695e+12 6.492733e-01 4.129975e-01 6.386527e-01 0.000000e+00 1
-1.309325e+13 -3.055707e+11 -8.802020e+12 -1.477700e-01 -7.729451e-01 -6.170251e-01 0.000000e+00 1
-7.257379e+12 1.429792e+13 3.407264e+12 6.035395e-01 -7.005042e-01 -3.808332e-01 0.000000e+00 1
1.020931e+13 7.392684e+12 -4.019485e+12 -6.741847e-02 -1.563207e-01 9.854028e-01 0.000000e+00 1
-5.662875e+12 -6.769758e+12 7.544852e+11 -2.108776e-01 -8.677600e-01 4.500258e-01 0.000000e+00 1
-3.304586e+12 4.290242e+12 7.168588e+12 -8.981264e-01 -4.119222e-01 -1.539128e-01 0.000000e+00 1
1.031980e+12 5.810658e+12 7.782604e+12 -4.106358e-01 3.634488e-01 8.362315e-01 0.000000e+00 1
-7.211396e+12 3.179021e+12 -1.173089e+13 -1.508330e-01 -6.013561e-02 -9.867285e-01 0.000000e+00 1
-1.427406e+12 -7.107725e+12 -6.081954e+12 -3.657154e-02 -7.162568e-01 6.968778e-01 0.000000e+00 1
-4.647862e+12 8.592479e+12 1.023940e+13 6.278593e-01 -3.697304e-02 7.774482e-01 0.000000e+00 1
-1.035103e+13 3.198669e+11 7.995041e+12 -4.583501e-01 4.768759e-01 7.500030e-01 0.000000e+00 1
4.871147e+12 1.263681e+13 4.725331e+12 -8.668329e-01 -1.731259e-01 -4.675768e-01 0.000000e+00 1
-5.968834e+12 -9.141938e+12 1.208278e+13 -8.673097e-01 1.590859e-01 -4.716626e-01 0.000000e+00 1
-9.216267e+12 7.002948e+12 4.784184e+12 -3.907498e-01 9.154254e-01 9.649281e-02 0.000000e+00 1
-9.237640e+12 -3.537011e+12 -1.130284e+12 6.927283e-01 -5.255785e-02 -7.192810e-01 0.000000e+00 1
-1.628985e+11 -3.975164e+12 -8.396123e+11 4.831311e-01 1.470569e-01 -8.631099e-01 0.000000e+00 1
-5.265948e+12 -4.129266e+10 1.287571e+13 -9.875156e-01 -1.277207e-01 9.219733e-02 0.000000e+00 1
-6.782508e+12 -7.451474e+12 -1.041843e+13 -4.340894e-01 8.843596e-01 1.716815e-01 0.000000e+00 1
-1.230494e+13 1.094539e+11 -1.158695e+13 -3.987547e-02 7.031345e-01 7.099379e-01 0.000000e+00 1
4.000066e+11 -1.179577e+13 8.251323e+12 4.827129e-01 5.112548e-01 -7.110603e-01 0.000000e+00 1
-8.564948e+11 -4.249506e+12 6.318500e+12 -2.178560e-01 -8.913752e-01 3.974784e-01 0.000000e+00 1
5.245629e+12 -1.538590e+13 4.573502e+12 -6.152111e-01 6.278778e-01 4.767440e-01 0.000000e+00 1
1.334879e+13 3.146667e+12 -8.819394e+12 -7.939524e-01 -6.002782e-01 -9.646546e-02 0.000000e+00 1
-3.079074e+12 -6.333215e+12 1.459328e+13 -9.370065e-02 -1.552487e-01 9.834216e-01 0.000000e+00 1
6.532034e+12 -7.504958e+12 1.359416e+13 -4.416060e-01 -3.344792e-02 8.965854e-01 0.000000e+00 1
-5.889515e+12 -5.831998e+12 -1.459418e+12 1.067621e-01 -6.671854e-01 -7.372011e-01 0.000000e+00 1
5.696167e+12 1.184322e+13 -8.785398e+12 8.262005e-01 -8.720241e-02 -5.565865e-01 0.000000e+00 1
-4.109618e+12 1.082777e+13 2.611522e+12 -7.451711e-01 -5.512757e-02 -6.645908e-01 0.000000e+00 1
-1.420463e+13 -7.440438e+12 -4.481998e+12 9.226479e-01 -3.746728e-01 -9.132966e-02 0.000000e+00 1
-9.350723e+12 7.217510e+12 -6.181894e+12 7.922636e-01 5.336001e-01 -2.959551e-01 0.000000e+00 1
1.113308e+13 -7.497554e+12 5.724705e+12 -2.180284e-01 6.704260e-01 -7.092197e-01 0.000000e+00 1
4.759494e+12 -9.655880e+12 -2.043549e+12 -5.407896e-01 7.670119e-01 -3.453105e-01 0.000000e+00 1
2.561597e+12 5.530030e+12 7.534456e+12 -8.153245e-01 3.718558e-01 4.438121e-01 0.000000e+00 1
-1.239551e+13 5.309034e+12 8.686029e+12 8.594196e-01 2.679720e-02 5.105682e-01 0.000000e+00 1
7.853122e+12 3.330035e+12 7.726223e+12 -9.004631e-03 9.293401e-01 3.691150e-01 0.000000e+00 1
2.896072e+11 -3.150951e+11 -2.170709e+12 -4.860899e-01 5.435938e-01 6.842678e-01 0.000000e+00 1
-8.285128e+11 -2.812249e+12 -8.401386e+12 -6.928318e-01 -7.189160e-01 -5.607123e-02 0.000000e+00 1
4.963368e+12 -9.094970e+12 1.957906e+12 -8.503553e-01 -9.560238e-02 -5.174515e-01 0.000000e+00 1
-3.423624e+12 3.924902e+12 1.621371e+12 8.571870e-01 -2.555560e-01 4.471260e-01 0.000000e+00 1
-1.092511e+13 1.492317e+12 1.108702e+13 3.336032e-01 3.783889e-01 -8.634412e-01 0.000000e+00 1
5.681537e+09 -1.546352e+13 4.084015e+12 3.664482e-01 1.312615e-01 -9.211331e-01 0.000000e+00 1
1.031200e+12 2.596674e+12 3.273142e+12 9.180976e-01 3.891684e-01 -7.513129e-02 0.000000e+00 1
2.294954e+12 3.498309e+12 9.487104e+12 -7.728785e-01 -6.289548e-01 8.411150e-02 0.000000e+00 1
-1.325178e+13 -3.697853e+12 6.020522e+12 4.916338e-01 -7.882537e-01 -3.700707e-01 0.000000e+00 1
3.367399e+12 6.830289e+12 7.388424e+12 -3.064596e-01 -1.642508e-02 9.517420e-01 0.000000e+00 1
1.449308e+12 -1.145402e+13 -4.295185e+12 -5.765584e-01 7.886879e-01 2.134287e-01 0.000000e+00 1
8.271615e+12 6.500297e+12 9.302149e+11 -6.813520e-01 -5.574745e-01 4.743223e-01 0.000000e+00 1
-1.099166e+13 -1.326446e+12 8.415034e+12 -6.930206e-01 1.970355e-01 6.934691e-01 0.000000e+00 1
-4.230220e+12 1.284627e+13 5.622365e+11 -2.174159e-01 8.583458e-01 -4.647288e-01 0.000000e+00 1
8.247351e+12 -7.018629e+11 -1.457437e+12 6.607259e-01 7.469798e-01 -7.390845e-02 0.000000e+00 1
-3.587065e+12 -4.704313e+12 4.958856e+12 5.571107e-01 1.302609e-01 8.201584e-01 0.000000e+00 1
1.174300e+12 1.582211e+12 -1.042093e+13 -8.259148e-01 5.561572e-01 9.248744e-02 0.000000e+00 1
-1.432628e+13 1.842875e+12 7.274565e+12 8.023968e-01 -1.420096e-01 5.796488e-01 0.000000e+00 1
-9.477280e+12 1.340315e+13 3.072899e+12 4.120438e-01 -8.679424e-01 -2.773011e-01 0.000000e+00 1
1.148536e+13 2.870048e+12 5.255168e+12 1.028406e-01 4.866686e-01 8.675123e-01 0.000000e+00 1
-6.332565e+12 -9.577892e+12 -8.910417e+12 -2.214052e-01 1.640244e-01 9.612886e-01 0.000000e+00 1
-4.358359e+12 3.112486e+12 -1.125963e+12 -8.419839e-01 4.296450e-01 3.262948e-01 0.000000e+00 1
-8.853708e+12 3.676041e+12 -3.449052e+11 5.676681e-01 2.537186e-01 7.831857e-01 0.000000e+00 1
3.311496e+12 -9.448505e+12 -1.020692e+13 -9.916862e-01 1.205493e-01 4.501418e-02 0.000000e+00 1
2.265050e+12 5.268733e+12 -1.175116e+13 -4.966686e-02 4.766348e-01 -8.776973e-01 0.000000e+00 1
5.940994e+12 -2.905141e+12 -5.183768e+12 9.644923e-02 7.066450e-01 -7.009639e-01 0.000000e+00 1
-9.788989e+12 -8.807905e+12 2.416883e+12 6.231492e-01 4.697370e-02 7.806911e-01 0.000000e+00 1
5.993078e+12 -1.338910e+13 5.541493e+12 6.904890e-01 -1.235872e-01 7.127069e-01 0.000000e+00 1
-7.162814e+12 -1.302185e+13 2.938701e+12 -2.900542e-01 9.568052e-01 -1.980606e-02 0.000000e+00 1
-1.032167e+12 -1.590976e+13 4.963596e+12 -3.334387e-01 3.100149e-01 -8.903423e-01 0.000000e+00 1
2.644078e+12 2.619810e+12 -1.695374e+12 7.002829e-01 -7.084047e-01 8.812881e-02 0.000000e+00 1
-5.334947e+12 3.549440e+12 5.678213e+12 -3.876901e-01 7.811635e-01 -4.893669e-01 0.000000e+00 1
8.931325e+12 1.564723e+12 1.192695e+13 3.061390e-01 -3.042695e-01 -9.020527e-01 0.000000e+00 1
-5.083491e+12 -9.602542e+12 -3.594885e+12 4.353661e-01 -8.878374e-01 1.490005e-01 0.000000e+00 1
9.067615e+12 -1.097000e+13 7.034194e+12 6.714263e-01 3.982144e-01 -6.249895e-01 0.000000e+00 1
1.046562e+13 7.470224e+12 -2.060956e+12 -1.489005e-01 9.694109e-01 1.951181e-01 0.000000e+00 1
8.741524e+11 3.091898e+12 4.355561e+12 -3.439062e-01 -9.298473e-01 -1.308148e-01 0.000000e+00 1
1.768393e+12 -1.531649e+13 -6.722094e+12 2.667042e-01 -4.802236e-01 8.356160e-01 0.000000e+00 1
2.900521e+12 -9.792814e+12 -7.065602e+12 -8.490379e-01 1.064336e-01 -5.175002e-01 0.000000e+00 1
5.145357e+12 -8.671001e+12 -1.075756e+13 -3.796616e-01 9.066075e-01 -1.841734e-01 0.000000e+00 1
-3.282274e+12 -1.505139e+13 6.685281e+12 -3.904041e-01 -9.190364e-01 5.437541e-02 0.000000e+00 1
2.226404e+12 -7.569324e+11 4.499221e+12 -5.728947e-01 3.689402e-01 7.318981e-01 0.000000e+00 1
-7.206493e+12 -1.379348e+13 1.918660e+12 2.931236e-02 7.608594e-01 -6.482544e-01 0.000000e+00 1
-5.842353e+11 5.551507e+12 -8.816692e+12 1.730778e-02 9.288294e-01 3.701031e-01 0.000000e+00 1
-4.296925e+12 -6.726759e+12 2.108904e+12 7.487400e-01 5.242344e-01 4.056681e-01 0.000000e+00 1
-6.935568e+12 -4.006756e+12 9.423767e+12 3.520409e-01 5.028332e-01 7.894466e-01 0.000000e+00 1
1.618714e+13 2.545878e+12 2.520960e+12 -1.574056e-01 -9.727382e-01 -1.703049e-01 0.000000e+00 1
9.204327e+12 -1.293181e+13 -4.926422e+12 8.058852e-01 -3.841202e-01 4.505560e-01 0.000000e+00 1
-9.600127e+12 4.264378e+12 -3.645870e+12 -3.021191e-01 -8.512736e-01 4.290190e-01 0.000000e+00 1
-5.402224e+12 3.054372e+12 4.289703e+12 3.657274e-01 9.144792e-01 1.731219e-01 0.000000e+00 1
6.904686e+12 -7.738526e+12 -5.699902e+12 3.727223e-01 6.945271e-01 6.153944e-01 0.000000e+00 1
3.941520e+12 8.467319e+12 -1.037815e+13 -8.514552e-01 -3.678296e-01 -3.737986e-01 0.000000e+00 1
1.127085e+13 -9.054247e+12 4.349284e+12 4.296959e-01 -8.845365e-02 -8.986308e-01 0.000000e+00 1
-1.627399e+13 -1.501255e+12 -3.051423e+12 1.390033e-01 -9.509712e-01 -2.762822e-01 0.000000e+00 1
-8.162032e+12 6.989731e+12 1.125103e+13 4.382973e-01 -8.952424e-01 8.022742e-02 0.000000e+00 1
-4.488774e+11 9.244418e+12 -9.592907e+12 7.720048e-01 5.390696e-01 -3.367677e-01 0.000000e+00 1
4.541778e+12 -2.555328e+12 2.274205e+12 -1.583256e-01 -4.233544e-01 -8.920225e-01 0.000000e+00 1
4.651903e+12 -3.507382e+11 5.994334e+12 -5.437387e-01 3.352672e-01 7.693790e-01 0.000000e+00 1
-4.228394e+12 2.987021e+12 1.606088e+13 4.116515e-02 -2.641136e-01 9.636127e-01 0.000000e+00 1
-1.467749e+13 -6.553329e+12 1.884053e+12 3.965160e-01 -8.627238e-01 3.138194e-01 0.000000e+00 1
6.198520e+12 -7.610396e+12 -4.270140e+12 -7.886861e-02 -5.640466e-01 8.219679e-01 0.000000e+00 1
1.409953e+13 -2.333088e+12 -9.031702e+12 -7.044930e-01 4.460393e-01 5.520312e-01 0.000000e+00 1
6.082754e+10 9.595492e+12 -3.086244e+12 1.470193e-01 -9.246218e-01 3.513685e-01 0.000000e+00 1
-2.217597e+11 -1.708977e+12 1.103717e+13 3.131546e-01 -7.898474e-01 -5.273284e-01 0.000000e+00 1
1.331922e+13 -5.025569e+12 6.959828e+12 6.325258e-01 -2.393121e-01 7.366416e-01 0.000000e+00 1
3.567763e+12 -2.102764e+12 8.284900e+12 -6.348402e-01 2.211714e-01 -7.403115e-01 0.000000e+00 1
-3.123986e+12 -1.139765e+13 7.729973e+12 6.170468e-01 -7.063925e-01 3.467894e-01 0.000000e+00 1
4.266545e+12 -1.581318e+13 1.763528e+12 5.519338e-01 -2.914062e-01 7.813140e-01 0.000000e+00 1
4.766183e+12 8.562655e+12 2.152323e+12 7.500449e-01 2.969156e-01 -5.909939e-01 0.000000e+00 1
4.407243e+12 -1.112051e+13 5.038847e+12 -4.154537e-01 9.089052e-01 -3.590958e-02 0.000000e+00 1
-7.513788e+12 -4.345378e+11 2.401460e+12 -7.691029e-01 -6.298356e-01 -1.085712e-01 0.000000e+00 1
3.011067e+12 -7.663707e+12 -1.102911e+12 5.164220e-01 8.461703e-01 1.315455e-01 0.000000e+00 1
6.710426e+12 -6.843834e+12 5.314891e+12 7.411027e-01 4.639071e-01 4.853422e-01 0.000000e+00 1
7.535759e+12 -1.164473e+13 -6.702247e+12 -5.978034e-01 8.015480e-01 -1.232687e-02 0.000000e+00 1
-4.719670e+12 6.901239e+11 -1.187051e+13 -1.710052e-01 7.829142e-01 -5.981660e-01 0.000000e+00 1
3.728631e+12 6.057973e+12 -1.315927e+12 -4.094194e-01 5.909369e-01 6.951038e-01 0.000000e+00 1
7.190655e+11 -6.382629e+12 -1.429023e+13 8.612121e-01 3.253135e-01 -3.904930e-01 0.000000e+00 1
3.502010e+12 -1.248560e+12 1.453084e+13 -8.037628e-01 4.984844e-01 3.247749e-01 0.000000e+00 1
-1.048484e+13 5.295803e+12 -1.041633e+13 3.754291e-02 -9.989026e-01 -2.800216e-02 0.000000e+00 1
-4.095498e+11 -1.504781e+13 5.146853e+11 -9.380359e-02 -9.948135e-01 3.933072e-02 0.000000e+00 1
1.059640e+12 -9.286447e+12 -9.402786e+12 4.074552e-01 -4.948764e-01 7.675139e-01 0.000000e+00 1
-2.475583e+12 1.260436e+13 1.057502e+13 -3.573064e-01 -8.502168e-01 -3.866051e-01 0.000000e+00 1
-1.038735e+13 6.338447e+12 -4.909629e+11 -2.759031e-01 -4.455884e-01 8.516622e-01 0.000000e+00 1
-9.969446e+12 -1.251800e+13 5.148099e+12 1.298001e-01 -9.876690e-01 -8.753266e-02 0.000000e+00 1
-3.693926e+12 5.546006e+12 -1.376106e+13 -1.049830e-01 1.551659e-01 -9.822943e-01 0.000000e+00 1
-2.048229e+12 4.554620e+11 8.646423e+12 2.266024e-01 -7.857439e-01 5.755501e-01 0.000000e+00 1
-6.951970e+12 6.073992e+12 4.861964e+12 -1.750008e-01 -4.044575e-01 8.976574e-01 0.000000e+00 1
-1.426615e+13 -2.660858e+12 7.263667e+12 8.550116e-02 -4.806823e-01 -8.727165e-01 0.000000e+00 1
-9.726787e+12 6.128196e+12 -4.585954e+12 6.899868e-01 5.982474e-01 -4.074534e-01 0.000000e+00 1
6.475224e+12 1.452657e+13 -5.055973e+12 -7.395199e-02 -3.699665e-01 9.260971e-01 0.000000e+00 1
4.901529e+12 -3.505437e+12 -3.882641e+12 5.863224e-01 -5.607734e-01 -5.846017e-01 0.000000e+00 1
5.939062e+12 -2.649117e+12 9.352576e+12 -2.726927e-01 -9.608222e-01 -4.959135e-02 0.000000e+00 1
5.275671e+11 -2.409743e+12 -1.183372e+13 9.820732e-01 1.396975e-01 -1.265574e-01 0.000000e+00 1
1.329356e+12 7.532386e+12 -8.669845e+12 6.925075e-01 -6.884316e-01 -2.156275e-01 0.000000e+00 1
-1.076850e+12 2.565556e+12 -1.317167e+13 3.407342e-01 9.259815e-01 1.626607e-01 0.000000e+00 1
2.695850e+12 1.844553e+12 -9.824534e+12 -2.659008e-01 -1.500308e-01 -9.522539e-01 0.000000e+00 1
1.307125e+13 -2.124414e+12 -6.012658e+12 -1.661634e-01 -7.267604e-01 6.664901e-01 0.000000e+00 1
-5.165490e+11 -1.072896e+13 -1.269073e+13 -2.746172e-01 6.854812e-01 -6.743151e-01 0.000000e+00 1
-1.064954e+13 3.185468e+12 1.667246e+12 9.968317e-01 7.463489e-02 2.749852e-02 0.000000e+00 1
6.201171e+12 -6.233766e+12 -6.717128e+12 -7.110159e-01 3.121052e-01 -6.301165e-01 0.000000e+00 1
5.848755e+11 1.153355e+13 2.316232e+12 -1.151951e-02 -9.822474e-01 1.872360e-01 0.000000e+00 1
1.536930e+12 -2.615442e+12 -6.435036e+11 -8.134903e-01 3.250874e-01 -4.822362e-01 0.000000e+00 1
-4.559621e+12 8.136649e+12 3.887876e+12 1.295834e-01 -1.473078e-03 -9.915674e-01 0.000000e+00 1
-1.472942e+13 -9.863231e+11 -7.660088e+12 7.900720e-01 -5.947152e-01 1.486609e-01 0.000000e+00 1
-1.069181e+12 9.846080e+12 2.234394e+12 -3.149076e-01 2.347406e-01 9.196358e-01 0.000000e+00 1
2.806773e+12 4.841218e+12 -5.165224e+12 -7.313720e-01 -4.160788e-01 -5.403457e-01 0.000000e+00 1
-4.967028e+12 1.385946e+13 4.813847e+12 -6.856777e-01 7.209731e-01 -1.002192e-01 0.000000e+00 1
1.257151e+13 4.876748e+12 8.937824e+12 -7.398157e-01 -5.354493e-01 -4.073902e-01 0.000000e+00 1
1.003834e+13 2.109497e+12 1.687004e+12 5.716349e-01 8.066060e-01 1.504005e-01 0.000000e+00 1
-9.225673e+12 -5.969192e+12 9.595912e+12 -6.430036e-01 7.051949e-01 -2.987415e-01 0.000000e+00 1
-4.173770e+12 -7.721393e+12 -5.014320e+12 4.276247e-01 -8.101461e-01 4.009992e-01 0.000000e+00 1
6.207999e+12 7.119603e+12 5.153295e+12 7.163988e-01 6.344809e-01 -2.901839e-01 0.000000e+00 1
-6.532116e+12 6.913603e+12 6.742389e+12 -9.501063e-01 -8.225304e-02 3.008860e-01 0.000000e+00 1
-7.773894e+11 4.613866e+12 2.329922e+12 -5.121766e-01 3.383050e-01 7.894459e-01 0.000000e+00 1
1.596826e+13 7.083163e+11 -3.222118e+12 -6.051693e-02 -8.420437e-01 -5.360039e-01 0.000000e+00 1
-1.243118e+13 -6.832250e+12 -6.223344e+12 -9.546144e-01 -1.072969e-01 -2.778464e-01 0.000000e+00 1
9.282114e+12 -2.957258e+12 -1.271095e+13 8.742254e-01 -4.639112e-01 1.432350e-01 0.000000e+00 1
7.973288e+12 7.589418e+12 1.281346e+13 6.153248e-01 -5.319582e-01 -5.817180e-01 0.000000e+00 1
1.612043e+12 8.696602e+12 5.261650e+12 8.902722e-01 4.376760e-01 1.259170e-01 0.000000e+00 1
1.177202e+13 -1.691685e+12 -7.372524e+12 8.880107e-02 -7.390941e-01 6.677232e-01 0.000000e+00 1
8.183465e+12 -5.552082e+11 -9.196696e+11 9.992590e-01 -2.371297e-02 3.031680e-02 0.000000e+00 1
-7.290804e+11 8.472155e+12 1.565345e+12 -1.703252e-01 -2.366292e-01 9.565542e-01 0.000000e+00 1
7.393074e+12 6.657388e+12 5.581951e+12 -2.314475e-01 2.288712e-01 9.455422e-01 0.000000e+00 1
1.934059e+11 -5.334382e+12 -8.553922e+12 -8.386371e-01 -5.377034e-01 8.696447e-02 0.000000e+00 1
-9.541262e+12 -6.126575e+12 -7.086915e+12 9.627054e-01 -1.932996e-01 1.892978e-01 0.000000e+00 1
-1.075584e+11 -1.618787e+13 -4.396198e+12 -2.500838e-01 -6.607039e-01 7.077630e-01 0.000000e+00 1
4.347002e+12 -1.064207e+13 8.951292e+12 1.423183e-02 -9.374332e-01 -3.478743e-01 0.000000e+00 1
3.960273e+11 1.011118e+13 -5.383616e+12 -7.237709e-01 5.248743e-01 4.479538e-01 0.000000e+00 1
-1.114277e+12 -5.991510e+12 -1.883068e+12 -8.856499e-01 -4.642375e-01 1.038048e-02 0.000000e+00 1
6.361980e+12 9.297839e+12 7.400189e+12 -9.763803e-01 1.350114e-02 2.156368e-01 0.000000e+00 1
-2.680960e+12 -2.987558e+12 -2.569298e+10 -6.244319e-01 7.583724e-01 -1.869657e-01 0.000000e+00 1
9.766260e+12 -1.356097e+13 -2.831707e+12 -7.114263e-01 -6.601274e-01 -2.410485e-01 0.000000e+00 1
6.719090e+12 6.742484e+12 6.572886e+12 3.667612e-01 -9.275615e-01 -7.152577e-02 0.000000e+00 1
9.090714e+12 -8.695522e+11 6.720762e+12 -9.154564e-01 3.565802e-01 1.865210e-01 0.000000e+00 1
1.301699e+13 1.044721e+13 4.219812e+11 3.552217e-01 4.289937e-01 8.305311e-01 0.000000e+00 1
1.037558e+13 -6.451053e+12 -1.735253e+12 -4.119100e-01 7.742436e-01 4.804966e-01 0.000000e+00 1
-4.589161e+12 2.538237e+12 1.447976e+13 -4.643586e-01 -8.045023e-01 3.703339e-01 0.000000e+00 1
9.378133e+12 -6.552242e+12 -1.246003e+13 1.681515e-01 -7.733733e-01 6.112436e-01 0.000000e+00 1
-3.439029e+12 -1.086309e+13 -2.666954e+12 8.184767e-01 -2.406583e-01 -5.217083e-01 0.000000e+00 1
1.485420e+13 -1.603202e+12 7.570274e+12 -5.098033e-01 -2.351503e-01 -8.275294e-01 0.000000e+00 1
-4.492407e+12 3.564035e+12 1.915714e+12 -5.296925e-01 6.012013e-01 5.983167e-01 0.000000e+00 1
-6.076212e+11 6.929836e+12 -7.826490e+12 5.604590e-01 -8.121526e-01 -1.621535e-01 0.000000e+00 1
1.320705e+12 -2.999046e+12 1.123886e+13 -4.473793e-01 8.448927e-01 2.932714e-01 0.000000e+00 1
-8.189690e+12 -1.406152e+12 -1.429707e+13 7.894085e-01 6.130884e-01 -3.093352e-02 0.000000e+00 1
-1.329069e+13 -2.147861e+12 -6.714675e+12 -6.278237e-01 -1.657467e-01 7.605034e-01 0.000000e+00 1
-7.322725e+12 -3.440702e+12 -6.222660e+12 3.620448e-02 -9.975335e-01 6.013456e-02 0.000000e+00 1
-6.999236e+12 -1.122961e+13 3.703680e+12 -1.842038e-01 -9.753330e-01 -1.216324e-01 0.000000e+00 1
9.765786e+12 1.750973e+12 8.874895e+12 2.535447e-01 9.635482e-01 -8.538139e-02 0.000000e+00 1
8.229825e+11 -8.098325e+12 4.983636e+12 6.448687e-01 -1.098287e-01 -7.563611e-01 0.000000e+00 1
-6.089119e+12 -1.216936e+13 -8.932185e+11 -4.296664e-01 -1.396016e-01 8.921313e-01 0.000000e+00 1
5.965778e+12 1.378298e+13 1.625889e+12 -2.714499e-01 3.793506e-01 8.845383e-01 0.000000e+00 1
2.563854e+12 3.013167e+12 8.904204e+12 9.243315e-01 6.012894e-03 3.815431e-01 0.000000e+00 1
9.496943e+12 1.000443e+13 5.726661e+12 9.630917e-01 1.867187e-01 1.938826e-01 0.000000e+00 1
-1.349143e+13 9.976353e+11 3.556382e+12 8.625861e-02 -5.763369e-01 8.126470e-01 0.000000e+00 1
-9.576021e+12 1.293717e+12 2.563280e+12 9.182696e-01 3.461488e-01 1.922550e-01 0.000000e+00 1
-1.983439e+12 -9.509856e+12 8.697266e+12 -5.315359e-01 1.092716e-01 -8.399579e-01 0.000000e+00 1
6.387331e+12 3.814582e+12 2.596932e+12 -6.387552e-01 -6.782700e-01 3.632376e-01 0.000000e+00 1
5.635182e+11 -5.726965e+12 6.215382e+11 2.029619e-01 9.727467e-01 -1.121177e-01 0.000000e+00 1
-6.540424e+12 5.429402e+12 -1.203603e+13 3.186620e-01 -4.193037e-01 8.500817e-01 0.000000e+00 1
1.136619e+13 5.519683e+12 -1.020144e+13 9.250447e-01 3.093921e-01 -2.203834e-01 0.000000e+00 1
7.037452e+11 -1.357341e+13 3.076892e+12 -5.183023e-01 5.161625e-01 6.818643e-01 0.000000e+00 1
-1.243226e+13 -1.897334e+12 8.846484e+12 5.060033e-01 8.593371e-01 -7.416481e-02 0.000000e+00 1
3.195698e+12 1.069049e+13 5.319484e+12 -3.840432e-01 -9.232438e-01 -1.147225e-02 0.000000e+00 1
1.149183e+13 1.806526e+12 -7.077694e+12 6.540375e-02 7.429035e-01 6.661957e-01 0.000000e+00 1
-1.373632e+13 7.693601e+12 1.836533e+12 3.434384e-01 -5.314251e-01 -7.743626e-01 0.000000e+00 1
5.029264e+12 1.440516e+13 -2.797967e+12 -1.093873e-01 -7.800428e-01 -6.160906e-01 0.000000e+00 1
1.462057e+12 -2.077267e+12 4.610519e+12 -1.354860e-01 -1.840842e-02 9.906082e-01 0.000000e+00 1
3.509534e+12 8.504607e+12 3.769252e+12 -1.654874e-01 -1.733506e-01 -9.708571e-01 0.000000e+00 1
-1.515908e+12 5.341435e+12 1.026524e+13 9.887283e-01 5.132201e-02 -1.406502e-01 0.000000e+00 1
8.378982e+12 1.238618e+13 -4.383312e+12 -1.611397e-02 -2.058753e-02 -9.996582e-01 0.000000e+00 1
1.352668e+12 1.960558e+12 -3.237752e+12 2.050697e-02 9.970061e-01 -7.455438e-02 0.000000e+00 1
-3.259526e+12 -6.975496e+12 -1.393454e+13 -5.596658e-01 5.178418e-02 -8.270989e-01 0.000000e+00 1
1.177401e+13 3.199246e+12 -9.993401e+12 4.666469e-01 -5.541031e-01 -6.893551e-01 0.000000e+00 1
1.343033e+13 -1.189621e+12 7.509753e+12 9.960179e-02 2.836647e-01 -9.537368e-01 0.000000e+00 1
-4.020386e+11 9.627120e+12 -1.274069e+13 -9.201810e-01 2.670962e-01 2.862281e-01 0.000000e+00 1
-1.091417e+13 -8.899940e+12 -3.875660e+12 7.974837e-01 7.178030e-02 5.990553e-01 0.000000e+00 1
2.034869e+12 3.072345e+12 -3.337202e+12 -4.991889e-01 -3.009637e-01 -8.125462e-01 0.000000e+00 1
-1.081395e+13 -3.837958e+12 1.106993e+11 8.239265e-02 9.915714e-01 9.998772e-02 0.000000e+00 1
-1.255279e+13 2.484701e+12 -9.985530e+12 -9.431950e-01 -7.590698e-02 -3.234523e-01 0.000000e+00 1
7.149695e+12 -1.072643e+13 1.862316e+12 2.777041e-01 -7.297934e-02 9.578906e-01 0.000000e+00 1
-7.271658e+12 -8.697128e+11 6.879396e+12 6.165599e-01 7.844655e-01 -6.684126e-02 0.000000e+00 1
-8.835257e+12 1.240827e+13 -2.324731e+12 4.694542e-01 -8.355783e-01 2.853448e-01 0.000000e+00 1
-5.286928e+12 -3.171201e+12 9.729486e+12 5.693788e-01 8.220704e-01 -2.839948e-03 0.000000e+00 1
-1.119497e+13 9.303298e+12 6.236081e+12 -8.951978e-01 4.205151e-01 1.476073e-01 0.000000e+00 1
2.096943e+12 1.272172e+13 5.620671e+12 6.370969e-01 2.038237e-01 -7.433461e-01 0.000000e+00 1
-8.369547e+11 -1.189240e+12 -7.548027e+11 -2.400917e-01 6.975543e-01 -6.751104e-01 0.000000e+00 1
-8.814949e+12 1.295364e+13 5.537854e+12 8.200549e-01 -5.668699e-01 -7.853950e-02 0.000000e+00 1
-1.429959e+13 9.127066e+11 -7.569948e+12 -9.407294e-01 1.810570e-01 2.867867e-01 0.000000e+00 1
-7.025682e+12 5.017314e+12 -3.922818e+12 6.225180e-01 -7.004103e-01 -3.491372e-01 0.000000e+00 1
-6.393054e+12 6.234431e+12 7.096766e+12 -4.624624e-02 5.016026e-02 -9.976699e-01 0.000000e+00 1
-6.782754e+12 -1.179391e+13 4.153328e+12 1.983153e-01 6.432258e-01 -7.395482e-01 0.000000e+00 1
-5.932320e+11 3.813508e+12 -1.617626e+13 -2.578696e-01 2.265915e-02 -9.659140e-01 0.000000e+00 1
1.076427e+13 -1.934969e+12 2.271387e+12 9.962485e-01 -1.025298e-02 8.592946e-02 0.000000e+00 1
8.184515e+12 -5.260368e+12 -2.336245e+12 1.035854e-01 -1.220640e-01 -9.871020e-01 0.000000e+00 1
5.389467e+12 1.117964e+13 -1.018898e+13 -1.079476e-02 -6.187064e-01 7.855481e-01 0.000000e+00 1
-9.224912e+12 -4.291571e+12 -1.289170e+13 -6.154798e-01 -4.752665e-02 -7.867184e-01 0.000000e+00 1
-4.214290e+12 -2.163487e+12 5.914409e+12 -9.415302e-01 2.088816e-01 2.643661e-01 0.000000e+00 1
1.380679e+13 -6.907499e+12 5.799413e+12 5.564096e-01 8.308875e-01 -5.857395e-03 0.000000e+00 1
3.885366e+12 5.102445e+12 1.416693e+13 -3.730105e-01 4.660699e-02 -9.266558e-01 0.000000e+00 1
-4.692526e+12 -3.279879e+12 -4.600917e+12 2.328702e-01 3.750299e-01 -8.972871e-01 0.000000e+00 1
5.014449e+12 2.077184e+12 -8.828560e+11 -2.256626e-01 -5.700734e-01 7.899954e-01 0.000000e+00 1
6.379751e+12 1.595103e+12 -9.767194e+11 -6.135239e-01 7.465232e-01 2.574713e-01 0.000000e+00 1
1.481816e+13 7.288716e+12 2.209829e+12 6.876135e-01 -4.950161e-01 5.311749e-01 0.000000e+00 1
-3.560522e+12 3.804620e+12 1.066035e+13 6.104351e-01 4.618494e-01 -6.434782e-01 0.000000e+00 1
9.694757e+12 1.034841e+13 4.095200e+12 -1.471123e-01 -9.007899e-01 4.085774e-01 0.000000e+00 1
1.322557e+12 3.163714e+12 1.382226e+13 2.343365e-01 -6.134382e-01 7.541750e-01 0.000000e+00 1
5.679626e+12 4.085604e+12 6.780776e+12 3.368384e-01 9.109409e-01 -2.381735e-01 0.000000e+00 1
-1.787976e+12 -5.948820e+12 -4.082661e+12 4.048154e-01 -8.566193e-01 -3.198873e-01 0.000000e+00 1
-7.943999e+12 3.224762e+12 -1.310147e+13 -5.972069e-01 -7.998069e-01 6.043951e-02 0.000000e+00 1
6.476207e+12 -3.370668e+12 7.670471e+12 2.560888e-01 9.297438e-01 2.645656e-01 0.000000e+00 1
5.536140e+12 8.072060e+11 3.964721e+12 4.153051e-01 6.095333e-02 -9.076378e-01 0.000000e+00 1
-1.491718e+13 6.463376e+12 4.076716e+12 -5.957389e-01 -3.806884e-01 7.072280e-01 0.000000e+00 1
9.872424e+12 1.122284e+13 -2.558126e+12 -5.819665e-01 6.143832e-01 -5.327742e-01 0.000000e+00 1
8.771663e+11 -1.658008e+13 -4.157613e+11 -8.773377e-01 -4.154514e-01 -2.401640e-01 0.000000e+00 1
-8.757919e+12 -6.005082e+12 2.058054e+12 -4.243123e-02 -6.385969e-01 -7.683707e-01 0.000000e+00 1
-1.082638e+13 2.912887e+12 -4.917658e+11 2.304383e-01 3.962100e-01 -8.887721e-01 0.000000e+00 1
-1.290029e+11 -4.805398e+12 -1.484934e+13 8.895716e-01 -5.258537e-02 -4.537589e-01 0.000000e+00 1
1.297387e+13 7.542588e+12 9.881996e+11 -8.064529e-01 -3.558349e-01 -4.722449e-01 0.000000e+00 1
-1.039414e+13 -2.642826e+11 9.062916e+12 -5.661050e-01 4.907828e-01 6.623122e-01 0.000000e+00 1
1.019083e+12 -6.700267e+12 1.172950e+13 8.213551e-02 -8.983486e-01 4.315363e-01 0.000000e+00 1
8.174782e+11 -1.071883e+13 -7.295596e+12 -8.897055e-01 4.447973e-01 -1.028566e-01 0.000000e+00 1
1.348762e+12 -6.650025e+12 1.454985e+13 -3.150820e-01 -2.286377e-01 9.211125e-01 0.000000e+00 1
8.303341e+12 -3.763884e+12 -1.053018e+13 4.839639e-02 -3.857961e-01 -9.213138e-01 0.000000e+00 1
7.655679e+12 -9.256612e+12 -2.591176e+12 -2.591576e-01 3.869155e-01 8.849484e-01 0.000000e+00 1
-9.372430e+11 -2.742755e+12 3.341669e+12 3.979717e-01 9.137318e-01 -8.193097e-02 0.000000e+00 1
-7.564606e+11 7.680697e+12 -9.606713e+12 -8.436945e-02 7.981920e-01 -5.964656e-01 0.000000e+00 1
1.082499e+13 6.049346e+12 7.950457e+12 1.539999e-01 -4.189358e-01 8.948613e-01 0.000000e+00 1
-5.775393e+11 8.301241e+12 7.138878e+12 -2.289295e-02 6.664385e-01 7.452085e-01 0.000000e+00 1
-3.598201e+12 1.300981e+13 7.935310e+12 2.858214e-01 2.279152e-01 9.307850e-01 0.000000e+00 1
-7.592772e+11 5.198648e+12 2.653383e+12 8.526203e-01 -4.812699e-01 2.035139e-01 0.000000e+00 1
-2.855776e+12 1.570586e+13 -2.618499e+12 2.803389e-01 -2.792493e-01 -9.183844e-01 0.000000e+00 1
1.357020e+11 -8.851053e+12 8.702434e+12 -2.627023e-01 -9.049257e-01 3.348089e-01 0.000000e+00 1
1.120932e+12 -9.320453e+12 -2.815290e+12 -4.577970e-01 -8.591090e-01 2.288092e-01 0.000000e+00 1
5.764832e+12 -8.765923e+12 2.360327e+12 6.934813e-01 -3.730703e-01 6.163621e-01 0.000000e+00 1
9.930270e+12 -8.564113e+12 -3.428181e+12 -4.386601e-02 6.031070e-01 7.964532e-01 0.000000e+00 1
-6.342003e+12 -4.570650e+12 7.390814e+12 -1.100379e-01 -1.023917e-02 9.938746e-01 0.000000e+00 1
3.983467e+12 -2.720155e+12 -3.859349e+12 -1.057980e-01 7.055416e-01 7.007266e-01 0.000000e+00 1
-2.939011e+12 4.041918e+12 -6.966935e+12 -3.818339e-01 5.233550e-02 9.227480e-01 0.000000e+00 1
-1.074753e+13 5.157467e+12 -1.476774e+12 6.513815e-01 -1.848136e-01 -7.358981e-01 0.000000e+00 1
-9.310010e+12 -1.339589e+12 8.530296e+12 -4.126315e-01 -8.077335e-01 4.210722e-01 0.000000e+00 1
-6.650081e+11 -9.452090e+12 -1.586250e+12 -1.474390e-02 -4.874493e-01 8.730268e-01 0.000000e+00 1
4.831034e+12 -1.367453e+13 5.566954e+11 2.662864e-01 8.215534e-01 5.041245e-01 0.000000e+00 1
1.042394e+13 -5.280909e+12 4.703835e+12 -5.154649e-01 -2.249084e-01 8.268689e-01 0.000000e+00 1
-2.725159e+12 5.968514e+11 9.473927e+12 -8.723500e-01 -9.056656e-02 -4.804197e-01 0.000000e+00 1
-5.164505e+12 7.849428e+12 9.278581e+12 -7.209352e-02 -5.614398e-01 -8.243712e-01 0.000000e+00 1
2.753481e+12 -1.512862e+13 -4.184158e+12 8.374179e-01 4.413860e-01 -3.223502e-01 0.000000e+00 1
-3.965389e+12 1.738865e+12 -2.479286e+12 2.404012e-01 -3.589867e-01 -9.018513e-01 0.000000e+00 1
-4.476885e+12 1.949239e+12 1.146774e+13 -4.710974e-01 8.779815e-01 8.494587e-02 0.000000e+00 1
-4.473577e+12 1.341557e+13 8.814926e+12 4.551838e-01 8.894736e-01 -4.055052e-02 0.000000e+00 1
6.775576e+12 1.171451e+13 -5.011080e+12 6.191225e-03 7.989992e-01 -6.013003e-01 0.000000e+00 1
-2.882256e+12 -1.210572e+13 -1.016763e+13 -3.509290e-01 -3.845314e-02 -9.356122e-01 0.000000e+00 1
6.470481e+11 3.801832e+12 1.041842e+13 -9.677382e-02 -1.636967e-01 9.817526e-01 0.000000e+00 1
2.432220e+12 -5.250898e+12 7.276975e+12 4.419902e-01 2.580997e-02 -8.966485e-01 0.000000e+00 1
9.093266e+12 -9.421155e+12 6.692539e+12 9.298411e-02 -6.201624e-01 -7.789432e-01 0.000000e+00 1
-4.142727e+12 -3.189039e+12 3.740120e+12 -3.727767e-01 8.304141e-01 4.140651e-01 0.000000e+00 1
-9.922796e+12 2.423036e+12 1.303630e+13 -1.945883e-01 -7.096928e-01 -6.771052e-01 0.000000e+00 1
3.214841e+12 1.000805e+13 -1.214523e+13 -3.244186e-01 -3.678772e-01 -8.714464e-01 0.000000e+00 1
5.153696e+12 7.851380e+12 -9.316430e+12 1.083236e-01 -9.928826e-01 -4.949941e-02 0.000000e+00 1
8.357715e+12 -6.708028e+12 -2.279072e+12 -5.037823e-01 -4.514421e-01 -7.364805e-01 0.000000e+00 1
6.727394e+12 -4.470884e+12 6.502626e+12 3.533918e-01 -8.767146e-01 -3.263216e-01 0.000000e+00 1
-6.418234e+12 -2.918022e+12 6.592899e+12 7.670836e-02 8.467734e-01 -5.263940e-01 0.000000e+00 1
1.537569e+13 4.914600e+12 4.107711e+12 1.880151e-01 -9.340769e-01 -3.035633e-01 0.000000e+00 1
8.517265e+12 1.287681e+12 1.273135e+13 5.837273e-01 7.295208e-01 -3.564572e-01 0.000000e+00 1
3.987113e+12 6.752702e+12 6.200775e+11 8.348733e-01 -5.288427e-01 -1.526824e-01 0.000000e+00 1
1.170330e+13 4.535857e+12 -1.088540e+13 -3.826247e-02 9.259167e-01 -3.757847e-01 0.000000e+00 1
-1.048005e+13 -7.325129e+12 8.686783e+12 -7.281411e-01 6.688697e-01 -1.497458e-01 0.000000e+00 1
1.402003e+11 -2.075662e+12 7.864351e+12 7.926588e-01 2.646369e-01 5.492352e-01 0.000000e+00 1
1.188391e+13 3.223725e+12 9.009727e+12 2.618295e-01 -9.650943e-01 -6.191775e-03 0.000000e+00 1
9.140164e+12 1.303189e+13 4.549735e+12 2.296579e-01 6.314780e-02 9.712207e-01 0.000000e+00 1
6.551465e+12 -4.225902e+12 5.639417e+12 -1.103419e-01 -2.247310e-01 -9.681532e-01 0.000000e+00 1
3.062558e+12 -7.011653e+12 -1.868374e+12 -4.809717e-01 -3.915360e-01 -7.844526e-01 0.000000e+00 1
-2.886790e+12 1.214445e+13 -1.341241e+11 -3.350601e-01 8.176049e-01 -4.682489e-01 0.000000e+00 1
-1.256391e+13 6.933552e+12 -5.317890e+12 -6.194534e-01 -4.024575e-01 -6.740219e-01 0.000000e+00 1
3.232099e+12 -7.940739e+12 -4.522192e+12 3.294738e-01 -5.042349e-01 7.982445e-01 0.000000e+00 1
-4.844637e+12 1.559134e+12 -9.324000e+12 -1.779489e-01 -8.856660e-01 -4.288705e-01 0.000000e+00 1
1.822662e+12 4.982075e+12 1.161835e+13 4.896730e-01 8.161183e-01 -3.068736e-01 0.000000e+00 1
-7.310119e+12 8.539629e+12 3.364906e+10 -9.361777e-01 -2.497483e-01 2.473806e-01 0.000000e+00 1
-3.225662e+12 -3.031953e+12 6.137681e+12 1.110172e-01 8.342145e-01 5.401493e-01 0.000000e+00 1
3.826046e+12 -1.672358e+12 -1.317025e+13 7.099178e-01 3.280575e-02 7.035200e-01 0.000000e+00 1
1.965808e+12 -8.458717e+12 -1.353340e+13 -3.247231e-01 -2.673172e-02 9.454313e-01 0.000000e+00 1
-7.438273e+12 -1.335702e+13 2.334176e+11 -7.225549e-01 1.070731e-01 -6.829713e-01 0.000000e+00 1
6.186283e+12 -1.445834e+12 -1.190593e+13 -7.523902e-01 6.568366e-01 -4.974701e-02 0.000000e+00 1
-8.622986e+12 -7.875414e+12 6.086085e+12 -2.131471e-01 -4.427191e-01 -8.709582e-01 0.000000e+00 1
-8.505769e+12 -5.336313e+12 3.577840e+12 6.968849e-01 7.018409e-02 -7.137406e-01 0.000000e+00 1
-4.604420e+12 -5.277566e+12 -6.759956e+12 -3.771425e-01 6.434328e-01 6.661514e-01 0.000000e+00 1
1.078065e+13 -2.695261e+12 1.129097e+13 -7.892021e-01 5.927269e-01 1.607322e-01 0.000000e+00 1
2.979590e+11 -6.215711e+12 8.357809e+12 4.951370e-01 -6.819407e-01 5.383272e-01 0.000000e+00 1
-1.319993e+12 -3.729197e+12 -4.789463e+12 5.148056e-01 -6.441465e-01 -5.657300e-01 0.000000e+00 1
3.816231e+12 3.570485e+12 5.993295e+12 3.031217e-01 -9.284951e-02 -9.484177e-01 0.000000e+00 1
1.093522e+13 4.218832e+12 5.187047e+12 8.777476e-01 4.703508e-01 9.126496e-02 0.000000e+00 1
-9.030297e+12 -1.547279e+12 -1.214604e+13 9.946570e-02 -1.549643e-01 9.829001e-01 0.000000e+00 1
1.093521e+13 1.059328e+13 6.375529e+12 -8.744671e-01 2.602397e-01 -4.093686e-01 0.000000e+00 1
-1.218854e+13 -3.932253e+12 -2.691385e+11 -7.246787e-01 -4.055990e-01 5.570729e-01 0.000000e+00 1
-1.722657e+11 -1.999001e+12 -8.159335e+12 5.471612e-01 -7.528084e-01 3.659155e-01 0.000000e+00 1
3.173030e+12 -1.245064e+13 8.177266e+12 1.182812e-01 -7.558937e-01 6.439210e-01 0.000000e+00 1
5.145841e+12 -6.063300e+12 1.105232e+13 -3.552593e-01 1.830609e-01 -9.166676e-01 0.000000e+00 1
1.013900e+13 -7.838102e+12 -3.248305e+12 2.932360e-01 8.714671e-01 -3.931383e-01 0.000000e+00 1
4.895927e+12 -1.044631e+13 8.248766e+11 -9.305783e-01 -3.649542e-01 -2.885052e-02 0.000000e+00 1
-9.221888e+12 1.671082e+12 -6.897565e+12 3.753590e-01 -7.183338e-01 -5.857492e-01 0.000000e+00 1
-3.024398e+12 5.432654e+12 -1.229373e+13 9.440881e-01 -2.517418e-01 2.128936e-01 0.000000e+00 1
-3.229552e+11 -5.967905e+12 1.507143e+13 9.444422e-01 -1.226009e-02 3.284488e-01 0.000000e+00 1
-1.259527e+13 3.976534e+11 -7.685023e+12 3.123113e-01 2.410260e-01 9.188950e-01 0.000000e+00 1
-1.361316e+13 -4.541887e+12 3.809562e+11 -7.368088e-01 -2.617333e-01 6.233847e-01 0.000000e+00 1
8.081344e+12 -4.421136e+12 1.052394e+13 -6.436845e-01 -3.471555e-01 6.820215e-01 0.000000e+00 1
-9.761889e+11 3.658794e+12 5.939986e+12 4.109216e-01 6.754004e-01 6.123543e-01 0.000000e+00 1
1.335000e+13 -5.248475e+12 2.837524e+12 8.337205e-01 1.744505e-01 5.239056e-01 0.000000e+00 1
-1.940135e+12 3.707703e+12 8.076973e+12 -8.174393e-01 -5.699596e-01 -8.330116e-02 0.000000e+00 1
9.223305e+11 -4.674182e+12 1.455315e+13 1.656060e-03 -3.846350e-01 9.230673e-01 0.000000e+00 1
5.817189e+12 -2.870549e+12 9.706220e+12 9.668223e-01 -2.278490e-02 2.544316e-01 0.000000e+00 1
9.983599e+12 -9.896982e+12 6.519192e+11 9.263360e-01 3.346371e-01 1.729728e-01 0.000000e+00 1
-4.507269e+12 -1.479789e+13 -6.293735e+12 5.876176e-01 7.644948e-01 -2.650533e-01 0.000000e+00 1
-1.154762e+13 7.267987e+12 -8.882055e+12 -4.632457e-01 6.440705e-01 6.087501e-01 0.000000e+00 1
-1.155890e+13 -6.812360e+12 -6.445048e+12 1.676428e-01 -7.780434e-01 -6.054291e-01 0.000000e+00 1
-6.079700e+12 8.894911e+12 1.795690e+12 2.681214e-01 2.237399e-02 9.631253e-01 0.000000e+00 1
-9.433139e+11 -1.079657e+13 9.825033e+11 -4.103954e-01 -9.433111e-02 -9.070156e-01 0.000000e+00 1
5.809498e+12 -1.111285e+13 -8.798661e+12 9.724234e-01 -1.277789e-01 1.951031e-01 0.000000e+00 1
-1.357880e+13 -1.572417e+12 -2.492814e+11 8.865559e-01 3.425977e-01 3.108785e-01 0.000000e+00 1
8.994846e+12 8.081307e+12 6.093266e+12 -8.322077e-01 3.443847e-01 -4.345451e-01 0.000000e+00 1
-1.634197e+11 4.145693e+12 -1.607852e+13 -8.637531e-01 -4.951217e-01 9.372875e-02 0.000000e+00 1
1.122993e+13 -3.679476e+12 -7.684400e+12 3.504700e-01 2.965542e-01 -8.883841e-01 0.000000e+00 1
-9.323402e+12 -4.907102e+12 -2.120205e+11 -8.353061e-01 -4.901701e-01 2.489919e-01 0.000000e+00 1
-1.209715e+13 7.351523e+12 -6.852056e+12 9.491737e-01 1.964305e-01 2.459357e-01 0.000000e+00 1
7.035297e+12 2.936648e+12 -1.493373e+13 1.193382e-01 -9.753991e-01 1.853511e-01 0.000000e+00 1
7.561504e+12 1.426074e+13 -5.505452e+11 3.447155e-01 -8.995157e-01 -2.684079e-01 0.000000e+00 1
3.546089e+11 7.463075e+12 2.438231e+12 -1.319641e-01 -6.159072e-02 9.893392e-01 0.000000e+00 1
2.965029e+12 -1.541419e+13 -4.902435e+12 -7.810879e-01 6.231458e-01 3.988764e-02 0.000000e+00 1
1.381249e+12 -1.607723e+12 -1.751636e+12 9.169258e-01 1.769373e-01 -3.576875e-01 0.000000e+00 1
-8.334864e+12 -6.308482e+12 1.157854e+13 -3.191120e-01 -7.376160e-01 5.950548e-01 0.000000e+00 1
7.736181e+12 -2.529106e+12 -1.486551e+13 -5.081084e-01 8.560224e-01 -9.513958e-02 0.000000e+00 1
7.212643e+12 -1.049963e+13 -9.061290e+12 -3.888095e-01 8.764659e-01 -2.839624e-01 0.000000e+00 1
5.415418e+12 -7.681426e+12 1.038837e+13 -2.906589e-01 -8.710878e-01 -3.958832e-01 0.000000e+00 1
3.743894e+12 -1.473658e+12 4.711102e+12 -6.574666e-01 2.858655e-01 -6.971503e-01 0.000000e+00 1
-2.190032e+12 -7.248483e+12 9.290902e+12 9.790384e-01 -1.528469e-01 1.346163e-01 0.000000e+00 1
-7.942894e+12 4.608321e+12 2.139085e+12 2.041238e-01 -7.209387e-01 6.622544e-01 0.000000e+00 1
1.020219e+13 8.621884e+12 6.507306e+12 -5.886314e-01 3.699246e-01 -7.187968e-01 0.000000e+00 1
-1.409498e+13 6.590859e+12 -3.960537e+12 -6.701901e-01 6.102014e-01 4.224920e-01 0.000000e+00 1
-3.434583e+12 5.296595e+11 -1.608293e+13 7.389795e-01 -6.613092e-01 1.287609e-01 0.000000e+00 1
9.620762e+12 1.249143e+13 -6.017737e+12 -1.000121e-01 -9.783013e-01 -1.814501e-01 0.000000e+00 1
-1.017858e+13 5.060121e+12 1.205933e+13 1.551790e-01 -1.112138e-01 -9.816063e-01 0.000000e+00 1
2.458355e+12 5.313024e+12 1.835087e+12 6.343089e-01 5.662051e-01 5.263687e-01 0.000000e+00 1
-1.038949e+13 -1.242220e+12 -1.101308e+13 -4.872507e-01 8.474575e-01 -2.107192e-01 0.000000e+00 1
1.471825e+13 -6.386729e+12 5.381484e+12 -9.941266e-01 8.825769e-02 -6.263356e-02 0.000000e+00 1
9.080251e+12 3.858036e+12 1.004969e+13 -4.126879e-02 -9.727497e-01 -2.281555e-01 0.000000e+00 1
-7.953115e+12 -6.678017e+12 -5.679680e+12 4.071331e-01 -5.503370e-01 7.289526e-01 0.000000e+00 1
-9.685154e+12 -4.955007e+12 2.181570e+11 8.241191e-01 4.718404e-01 3.133597e-01 0.000000e+00 1
7.423969e+12 -8.653743e+12 8.997831e+12 8.850519e-01 -3.825174e-02 -4.639181e-01 0.000000e+00 1
5.209253e+12 9.501924e+12 4.335610e+12 9.720711e-01 -1.257681e-01 1.981419e-01 0.000000e+00 1
-1.034191e+13 9.346792e+12 8.562612e+12 2.992212e-01 8.463527e-01 4.406289e-01 0.000000e+00 1
1.065519e+13 2.728229e+12 -1.604494e+12 2.536219e-01 4.383775e-01 -8.622651e-01 0.000000e+00 1
-1.054944e+13 -5.250369e+12 1.066921e+13 -3.457127e-01 4.062053e-01 8.458605e-01 0.000000e+00 1
4.184836e+11 -9.939028e+12 -3.315204e+12 -5.098155e-01 8.375127e-01 -1.966228e-01 0.000000e+00 1
-5.460991e+12 9.695250e+12 -1.146394e+13 -2.407276e-01 -4.714718e-01 -8.483894e-01 0.000000e+00 1
-5.611583e+12 7.883651e+12 4.837751e+12 -6.426093e-01 -7.659295e-01 2.013008e-02 0.000000e+00 1
4.417829e+12 -5.883025e+12 8.600017e+12 5.225060e-01 -1.772983e-01 -8.339981e-01 0.000000e+00 1
-3.174880e+12 4.201983e+12 4.438755e+12 3.201849e-01 6.987782e-01 6.396802e-01 0.000000e+00 1
2.468522e+12 -7.877406e+12 1.189923e+12 7.306078e-01 3.435864e-01 5.900514e-01 0.000000e+00 1
6.259986e+12 8.548685e+12 8.616891e+12 -9.296351e-01 -3.592782e-01 8.183934e-02 0.000000e+00 1
-5.183118e+12 4.374528e+12 -9.164116e+12 9.284091e-01 -3.535273e-01 1.143457e-01 0.000000e+00 1
3.063183e+12 1.318863e+13 -4.368258e+12 4.758065e-01 2.518632e-01 -8.427177e-01 0.000000e+00 1
-7.797111e+12 2.245955e+11 -1.101685e+13 3.879164e-01 -6.630458e-01 -6.402274e-01 0.000000e+00 1
2.281458e+12 -1.641187e+12 6.715384e+12 -5.729608e-01 -4.291215e-02 8.184586e-01 0.000000e+00 1
-5.141400e+12 5.492737e+11 -5.346675e+12 7.513855e-01 -2.676652e-01 6.031378e-01 0.000000e+00 1
-1.108179e+12 -9.406701e+12 1.300168e+13 -8.130109e-01 -5.396368e-01 -2.186447e-01 0.000000e+00 1
-7.942515e+12 -7.692004e+12 8.395591e+12 -4.439510e-01 8.848396e-01 -1.413025e-01 0.000000e+00 1
-4.625605e+12 9.368101e+12 3.983543e+12 -3.420041e-01 -5.731241e-01 7.446892e-01 0.000000e+00 1
9.784174e+12 -2.969018e+12 8.683334e+12 8.781401e-01 4.442345e-01 1.775549e-01 0.000000e+00 1
1.285237e+13 2.460110e+12 -2.879277e+12 -6.922363e-01 5.911916e-01 -4.138858e-01 0.000000e+00 1
-5.270994e+11 -8.398775e+12 -5.780244e+12 3.371919e-01 5.016667e-01 -7.966380e-01 0.000000e+00 1
9.129658e+12 -5.007619e+12 1.245502e+13 -1.307968e-01 9.886357e-01 -7.410532e-02 0.000000e+00 1
7.962180e+12 -6.840647e+11 -2.759729e+11 -5.707738e-01 -8.205076e-01 3.137796e-02 0.000000e+00 1
-7.189078e+12 1.116409e+13 -5.722460e+12 -9.886529e-01 1.391333e-01 5.663286e-02 0.000000e+00 1
1.372088e+13 1.687975e+12 -1.533210e+12 -1.018681e-01 -5.559462e-01 -8.249525e-01 0.000000e+00 1
-1.250335e+13 -1.387811e+12 -2.898606e+12 2.445445e-02 1.189909e-02 -9.996301e-01 0.000000e+00 1
-9.456253e+11 5.690765e+12 1.539317e+13 7.215342e-01 2.483388e-01 6.463097e-01 0.000000e+00 1
6.155372e+12 5.855757e+11 -1.249175e+13 2.331323e-01 -3.813363e-01 8.945569e-01 0.000000e+00 1
-6.904025e+12 -1.574173e+12 -2.144175e+12 6.085086e-01 -4.086791e-01 -6.802196e-01 0.000000e+00 1
1.076098e+13 -3.015046e+12 6.333968e+12 5.295171e-01 -5.738378e-02 -8.463562e-01 0.000000e+00 1
4.594894e+12 -3.380686e+12 -4.839040e+12 -6.136150e-01 -6.799738e-01 4.013880e-01 0.000000e+00 1
-1.459775e+13 -3.884694e+12 7.500876e+12 -1.150379e-01 4.713192e-01 -8.744281e-01 0.000000e+00 1
-5.855100e+12 -1.055234e+13 -1.262698e+12 7.397280e-01 2.086784e-01 -6.397310e-01 0.000000e+00 1
5.470617e+12 4.268541e+12 1.419699e+13 -3.740180e-01 -4.117668e-01 8.309986e-01 0.000000e+00 1
-9.014437e+12 7.148067e+12 6.032158e+12 -9.261228e-01 -1.048609e-01 3.623544e-01 0.000000e+00 1
8.565888e+12 4.893449e+11 1.053337e+11 -2.869749e-02 -4.031964e-01 -9.146634e-01 0.000000e+00 1
1.807461e+12 7.332878e+12 4.684246e+12 -5.479292e-01 8.364366e-01 1.213898e-02 0.000000e+00 1
-2.438769e+12 4.694090e+12 4.124857e+12 3.489956e-01 -6.591317e-01 6.661438e-01 0.000000e+00 1
3.041242e+11 -2.508038e+12 1.466463e+13 -7.145874e-01 6.662147e-01 -2.133608e-01 0.000000e+00 1
-2.508733e+12 1.427468e+13 -6.140453e+12 -8.803274e-01 -2.450104e-01 4.061940e-01 0.000000e+00 1
-1.284128e+13 -1.151446e+12 6.464055e+12 9.858551e-02 -2.441679e-02 -9.948290e-01 0.000000e+00 1
-7.666241e+12 9.811197e+12 -5.412734e+12 4.313326e-01 -2.263276e-01 8.733430e-01 0.000000e+00 1
-2.536897e+12 -1.074802e+12 1.444400e+13 -2.323017e-01 1.533580e-01 9.604776e-01 0.000000e+00 1
-5.800959e+12 -3.808711e+12 -3.011284e+12 -3.601608e-02 6.959167e-01 7.172188e-01 0.000000e+00 1
-7.308819e+12 2.636571e+12 -5.715283e+12 9.217646e-01 -9.204823e-02 -3.766659e-01 0.000000e+00 1
-4.954020e+12 -2.057119e+12 -6.400491e+12 4.922278e-01 -3.117464e-01 8.127275e-01 0.000000e+00 1
-5.603761e+12 1.476189e+13 5.396812e+12 -5.802238e-01 8.107874e-01 -7.722805e-02 0.000000e+00 1
3.596230e+12 -1.535310e+13 2.874865e+12 2.825144e-01 3.792898e-01 8.810930e-01 0.000000e+00 1
3.969760e+12 9.012790e+12 7.481662e+12 -7.276925e-01 4.643918e-01 5.047810e-01 0.000000e+00 1
-3.786873e+12 -1.200790e+13 -1.832327e+12 -2.558885e-01 9.077252e-01 3.324997e-01 0.000000e+00 1
1.845239e+12 -2.817809e+11 -7.061084e+12 1.396906e-01 -3.950259e-01 9.079874e-01 0.000000e+00 1
-1.152102e+13 5.471936e+11 8.360966e+12 9.835759e-02 2.403081e-02 -9.948609e-01 0.000000e+00 1
1.372477e+13 -7.686564e+12 1.281725e+12 2.625377e-01 9.325886e-01 2.476942e-01 0.000000e+00 1
-7.363496e+12 1.152675e+13 -7.802336e+12 2.367941e-01 -9.610673e-01 1.424016e-01 0.000000e+00 1
8.701234e+12 1.680033e+11 1.354776e+13 1.483352e-01 2.249590e-01 9.630110e-01 0.000000e+00 1
2.312405e+11 1.471196e+13 -2.628886e+12 -6.364566e-01 -4.608236e-01 -6.185181e-01 0.000000e+00 1
-2.353626e+12 -1.177687e+13 -8.361248e+12 2.100860e-03 5.549982e-01 -8.318489e-01 0.000000e+00 1
4.485034e+12 6.619626e+12 1.095071e+13 -2.127812e-01 8.358148e-01 -5.061005e-01 0.000000e+00 1
7.087295e+12 2.232875e+12 8.730332e+12 4.158299e-02 -2.026595e-01 -9.783660e-01 0.000000e+00 1
-1.412883e+13 -7.685587e+12 -5.156275e+12 3.607970e-02 -7.802656e-01 6.244068e-01 0.000000e+00 1
2.409338e+12 2.123768e+12 5.957244e+12 -5.996431e-01 1.214714e-01 -7.909948e-01 0.000000e+00 1
7.008123e+12 -2.134307e+12 5.963902e+12 -9.479709e-01 -2.229122e-01 -2.272914e-01 0.000000e+00 1
-1.000481e+12 -3.296304e+12 1.328924e+13 -1.156101e-01 9.097439e-01 3.987485e-01 0.000000e+00 1
5.998085e+12 -4.903608e+12 1.239388e+13 9.540162e-01 -1.794944e-02 -2.992171e-01 0.000000e+00 1
6.061806e+12 -1.429349e+13 -4.975200e+12 6.533159e-01 -6.782269e-01 -3.364322e-01 0.000000e+00 1
1.029433e+13 5.251733e+12 -4.976145e+12 4.727459e-01 8.811543e-01 8.849199e-03 0.000000e+00 1
9.093929e+11 1.315404e+13 5.607443e+12 -3.258488e-01 -9.358451e-01 1.342258e-01 0.000000e+00 1
6.498543e+12 1.125076e+13 6.466473e+12 -1.098542e-01 5.143133e-01 -8.505374e-01 0.000000e+00 1
-5.254404e+12 -6.756676e+11 -6.088457e+12 -1.328065e-01 -3.625174e-01 9.224660e-01 0.000000e+00 1
-1.637846e+12 1.291087e+13 4.469120e+12 -1.434847e-01 -6.599989e-01 7.374372e-01 0.000000e+00 1
1.148652e+13 -8.126825e+12 -9.306042e+12 1.074789e-02 -9.187771e-01 3.946303e-01 0.000000e+00 1
-4.564553e+12 -1.921835e+12 1.460622e+13 7.289744e-02 2.486543e-01 9.658452e-01 0.000000e+00 1
6.028939e+12 -1.142096e+13 3.002474e+12 6.311228e-01 -1.422522e-01 -7.625276e-01 0.000000e+00 1
-4.911978e+12 -1.026218e+13 4.370064e+12 -3.792332e-01 -1.277430e-01 -9.164409e-01 0.000000e+00 1
-3.732447e+12 -2.870461e+12 -1.306573e+13 -7.903226e-01 5.435207e-01 2.827992e-01 0.000000e+00 1
-1.254184e+13 2.945046e+12 -3.241528e+11 9.728839e-01 -2.201947e-01 7.078920e-02 0.000000e+00 1
-3.506847e+12 -1.325021e+13 5.418944e+12 -3.844356e-01 8.778528e-01 2.856285e-01 0.000000e+00 1
5.827087e+12 7.879107e+12 -9.071967e+12 -7.761019e-01 -4.328352e-01 -4.586060e-01 0.000000e+00 1
-1.086544e+13 6.294000e+12 -7.329148e+12 -9.619860e-01 9.971358e-02 -2.542441e-01 0.000000e+00 1
9.175435e+12 -3.281393e+12 8.869992e+12 7.825023e-02 -5.326857e-01 -8.426879e-01 0.000000e+00 1
-1.858566e+12 -1.308620e+13 1.350298e+12 -2.395942e-01 3.123923e-01 -9.192419e-01 0.000000e+00 1
-9.009742e+12 -6.825288e+12 -1.771432e+12 3.348164e-01 -3.354842e-01 8.805387e-01 0.000000e+00 1
-1.616763e+11 8.106437e+12 5.316088e+12 6.421639e-01 7.340671e-01 -2.208416e-01 0.000000e+00 1
1.233273e+13 -3.288366e+12 1.072707e+13 5.615258e-03 -1.621290e-01 -9.867536e-01 0.000000e+00 1
-5.882229e+12 5.754555e+12 4.758179e+12 4.071727e-01 -8.918388e-01 -1.970633e-01 0.000000e+00 1
6.412979e+11 -1.664939e+12 7.302188e+12 -9.669714e-01 -2.388229e-01 -8.904973e-02 0.000000e+00 1
-1.598006e+13 3.225622e+12 -2.160764e+12 -5.020860e-01 3.299794e-02 8.641879e-01 0.000000e+00 1
9.424127e+11 -1.930849e+12 1.584737e+13 -1.843910e-01 -9.713910e-01 -1.496643e-01 0.000000e+00 1
1.307736e+13 -2.802491e+12 -2.302473e+12 9.753025e-01 -2.062375e-01 -7.906367e-02 0.000000e+00 1
1.599102e+12 -2.403663e+11 1.117228e+13 1.180795e-01 -8.869504e-01 -4.465157e-01 0.000000e+00 1
-9.807763e+12 8.647734e+12 9.211031e+12 -6.313185e-01 -7.385178e-01 2.367032e-01 0.000000e+00 1
-1.024404e+13 -3.965772e+12 7.507742e+12 8.638986e-01 3.265738e-01 -3.834433e-01 0.000000e+00 1
1.310163e+12 -2.745566e+12 -2.521282e+12 4.317953e-01 -2.227907e-01 8.740235e-01 0.000000e+00 1
-5.492026e+12 1.530108e+12 1.557441e+13 9.395936e-01 -1.888412e-01 2.854870e-01 0.000000e+00 1
-4.772274e+12 -7.326554e+12 -7.652965e+12 8.434816e-01 5.364518e-01 2.753473e-02 0.000000e+00 1
5.755848e+12 4.626791e+12 1.164670e+13 9.913617e-01 -8.267449e-02 1.018177e-01 0.000000e+00 1
3.798830e+12 -9.514325e+11 1.499347e+13 -6.969091e-01 -2.419780e-01 -6.751033e-01 0.000000e+00 1
2.283669e+12 -3.823743e+12 8.417360e+12 9.825042e-01 1.309834e-01 1.323964e-01 0.000000e+00 1
3.388801e+12 -1.285960e+13 -6.027242e+11 -4.642141e-01 -8.263147e-01 -3.189188e-01 0.000000e+00 1
1.412383e+13 1.555840e+12 9.173798e+12 8.989267e-01 -3.838608e-01 -2.111437e-01 0.000000e+00 1
-8.146041e+11 -6.204852e+12 7.881501e+12 5.422398e-01 -2.241596e-01 8.097706e-01 0.000000e+00 1
2.365375e+12 1.611994e+13 3.975224e+12 5.094919e-01 8.366889e-01 -2.009221e-01 0.000000e+00 1
6.388861e+12 1.522362e+13 1.072126e+12 -6.940958e-02 -8.311467e-01 -5.517041e-01 0.000000e+00 1
1.167551e+13 -4.881030e+12 8.479366e+11 1.378819e-01 7.118432e-01 6.886711e-01 0.000000e+00 1
1.327411e+13 7.334898e+12 4.715024e+12 5.353405e-01 7.541375e-01 -3.803776e-01 0.000000e+00 1
8.870981e+12 6.159947e+12 -8.032827e+12 7.468978e-01 -6.648314e-01 -1.195412e-02 0.000000e+00 1
2.622149e+12 -4.759518e+12 -1.427618e+13 -9.323993e-01 2.433636e-01 -2.672184e-01 0.000000e+00 1
-3.130495e+12 4.681033e+11 4.020786e+12 9.559296e-01 8.954918e-02 -2.796061e-01 0.000000e+00 1
-7.066535e+12 1.176870e+13 -5.060470e+09 3.892807e-01 -3.946090e-02 9.202735e-01 0.000000e+00 1
-1.196864e+12 7.160970e+12 9.054322e+12 -5.563929e-01 1.773207e-01 -8.117785e-01 0.000000e+00 1
7.054485e+12 8.470562e+12 4.210840e+12 -7.173615e-01 5.921456e-01 -3.670913e-01 0.000000e+00 1
1.290007e+13 -7.363476e+12 6.654138e+12 2.809821e-01 2.754148e-01 -9.193453e-01 0.000000e+00 1
4.984770e+12 -7.195089e+12 -2.719080e+12 3.882304e-01 8.360492e-01 3.876840e-01 0.000000e+00 1
2.339260e+12 -7.731615e+12 -1.393930e+13 -1.403296e-01 3.452001e-01 9.279787e-01 0.000000e+00 1
3.024005e+12 4.108507e+12 -4.839834e+12 -7.303615e-01 -4.966317e-01 4.689659e-01 0.000000e+00 1
-1.009331e+13 5.794587e+12 -1.195685e+11 7.453501e-01 -6.287052e-01 2.217727e-01 0.000000e+00 1
-7.556750e+12 -2.387199e+12 3.344560e+12 -6.232518e-01 -7.334817e-01 -2.712226e-01 0.000000e+00 1
7.253751e+12 -8.251767e+12 -3.056536e+12 -2.850496e-01 6.994425e-01 -6.553830e-01 0.000000e+00 1
3.010177e+12 1.776830e+10 -1.368809e+13 -5.043513e-01 7.920514e-01 3.439249e-01 0.000000e+00 1
-3.855311e+12 3.178070e+12 6.351037e+12 -2.566583e-01 -9.361033e-01 -2.404933e-01 0.000000e+00 1
-2.867949e+12 7.725168e+12 -1.107396e+13 4.694680e-01 -7.698694e-01 4.323204e-01 0.000000e+00 1
6.337263e+12 1.846973e+12 9.731194e+12 1.005123e-01 -6.767096e-01 -7.293568e-01 0.000000e+00 1
-7.868474e+12 7.449953e+12 4.618083e+12 2.182596e-01 8.417783e-01 4.937328e-01 0.000000e+00 1
5.477894e+12 -1.094711e+13 6.698377e+12 -5.977494e-01 7.790112e-01 1.893073e-01 0.000000e+00 1
-7.066683e+12 -1.189282e+13 -5.512861e+11 2.290237e-01 8.119001e-01 -5.369976e-01 0.000000e+00 1
-1.214021e+13 6.696711e+12 -7.832738e+12 -9.336076e-01 1.669494e-01 3.170248e-01 0.000000e+00 1
-6.987191e+12 1.792632e+12 -1.446409e+13 6.649011e-01 4.459128e-01 -5.992231e-01 0.000000e+00 1
7.973600e+12 8.226754e+12 -1.848951e+11 -9.099603e-01 -1.346250e-01 -3.922351e-01 0.000000e+00 1
-1.074952e+11 -9.099715e+12 -1.161234e+13 2.850158e-02 9.983733e-01 -4.938128e-02 0.000000e+00 1
4.679565e+12 -2.083471e+12 -1.419356e+13 6.518479e-01 2.894066e-02 7.577973e-01 0.000000e+00 1
-1.343071e+13 -3.998137e+12 6.337386e+12 -6.516287e-01 -9.926864e-02 -7.520145e-01 0.000000e+00 1
-8.031983e+12 -3.674189e+12 -9.614440e+12 -4.930609e-01 3.885725e-01 -7.783973e-01 0.000000e+00 1
8.130322e+12 1.251820e+13 6.705342e+12 -8.543920e-01 -4.737627e-01 2.134555e-01 0.000000e+00 1
1.635520e+13 -2.140480e+12 -1.533051e+12 6.019914e-01 -6.063492e-01 -5.195643e-01 0.000000e+00 1
-8.990275e+12 -2.886494e+12 -4.328710e+11 6.605377e-01 7.423619e-01 1.121996e-01 0.000000e+00 1
5.129537e+12 -1.108474e+13 8.275070e+12 9.032838e-01 -3.032631e-01 -3.034960e-01 0.000000e+00 1
-3.586250e+12 4.528337e+12 4.105439e+12 -5.188704e-01 4.171184e-01 7.461808e-01 0.000000e+00 1
4.101823e+12 -8.477157e+12 -1.222948e+13 2.869860e-01 9.092281e-01 -3.015681e-01 0.000000e+00 1
-1.512974e+13 2.115562e+12 3.056475e+11 -8.871340e-01 4.213679e-01 -1.882613e-01 0.000000e+00 1
1.178747e+12 8.449286e+11 7.743114e+12 1.672969e-01 1.386074e-01 9.761146e-01 0.000000e+00 1
1.051977e+13 4.774081e+12 1.213187e+13 2.146640e-01 -8.884458e-01 4.056889e-01 0.000000e+00 1
2.615500e+12 3.814354e+12 -1.264602e+13 4.249169e-01 -8.544036e-01 -2.990653e-01 0.000000e+00 1
-7.313014e+12 5.218186e+12 4.070605e+12 -4.799480e-01 2.142608e-01 8.507304e-01 0.000000e+00 1
1.462316e+13 -5.502768e+12 -5.324051e+12 -9.392936e-02 -9.363319e-01 -3.383191e-01 0.000000e+00 1
-1.144111e+13 -4.543973e+12 7.115020e+12 6.659858e-01 -6.283857e-01 4.019879e-01 0.000000e+00 1
6.834923e+12 -1.072040e+13 -1.076590e+13 -7.005352e-02 2.953062e-01 9.528309e-01 0.000000e+00 1
-9.076147e+11 6.068963e+12 -3.044587e+12 8.349851e-01 4.875350e-01 -2.551658e-01 0.000000e+00 1
3.423234e+12 6.854129e+12 5.340413e+12 -4.101671e-01 3.610475e-01 -8.375008e-01 0.000000e+00 1
4.981495e+12 5.039424e+12 -9.818329e+12 3.586106e-02 -3.579212e-01 9.330629e-01 0.000000e+00 1
-7.469189e+12 4.913287e+11 1.271966e+13 -4.034164e-02 4.686975e-01 8.824371e-01 0.000000e+00 1
4.826430e+12 -8.157759e+12 -3.515348e+12 -9.642907e-01 -1.857057e-01 -1.888300e-01 0.000000e+00 1
-1.073270e+13 1.475058e+12 -5.306549e+12 3.098531e-01 -7.311452e-01 6.077974e-01 0.000000e+00 1
-7.861825e+12 -4.933184e+12 -7.908512e+12 3.120052e-01 -3.974469e-01 8.629535e-01 0.000000e+00 1
-5.114942e+12 -1.480631e+13 -5.610710e+12 -8.022174e-01 4.784008e-03 -5.970128e-01 0.000000e+00 1
8.619382e+11 -1.297503e+13 9.735624e+11 -6.203934e-01 -1.351582e-01 -7.725570e-01 0.000000e+00 1
-6.795321e+12 -4.872887e+12 1.040435e+13 9.925664e-01 1.156907e-01 -3.778369e-02 0.000000e+00 1
9.131904e+12 -3.769281e+12 -1.058843e+13 9.810694e-01 1.344068e-01 1.394192e-01 0.000000e+00 1
-4.394266e+12 -1.150806e+13 7.350491e+11 -5.545358e-01 -6.653471e-01 4.998032e-01 0.000000e+00 1
9.950084e+11 1.334274e+13 9.620360e+12 4.035436e-01 -1.931291e-01 -8.943454e-01 0.000000e+00 1
5.261896e+12 -2.681217e+12 -9.104452e+12 9.601920e-01 -2.121794e-01 1.816897e-01 0.000000e+00 1
1.808883e+12 5.964576e+12 -1.182551e+13 9.693928e-01 1.294486e-01 2.086161e-01 0.000000e+00 1
7.625782e+12 -1.268062e+13 6.345844e+12 3.744592e-02 -7.468624e-01 6.639235e-01 0.000000e+00 1
-1.110112e+13 3.187241e+12 2.260517e+12 -5.338614e-01 -3.878438e-01 7.513782e-01 0.000000e+00 1
-7.996633e+12 8.916639e+12 4.726631e+12 5.721849e-01 -1.860116e-01 7.987516e-01 0.000000e+00 1
-8.778561e+12 7.893782e+12 3.535498e+12 2.106818e-01 -8.779649e-01 4.298731e-01 0.000000e+00 1
-1.198782e+13 -4.661905e+12 2.114935e+12 -1.175257e-01 5.775462e-02 -9.913890e-01 0.000000e+00 1
-1.172810e+13 6.461350e+12 6.247626e+12 -9.562762e-02 -4.614702e-01 -8.819868e-01 0.000000e+00 1
3.099335e+12 -3.432188e+12 -1.391522e+13 -2.343603e-01 6.172924e-01 -7.510162e-01 0.000000e+00 1
-6.715443e+12 3.406213e+12 1.501166e+13 -2.982754e-01 9.543680e-01 -1.461504e-02 0.000000e+00 1
1.464365e+13 1.747629e+12 8.149629e+12 6.261282e-01 3.038707e-01 -7.180711e-01 0.000000e+00 1
1.583582e+13 1.956228e+12 1.382063e+12 9.155245e-01 3.838076e-01 -1.204436e-01 0.000000e+00 1
7.260407e+12 -8.088669e+12 -5.369562e+12 -8.787353e-01 -4.767652e-01 -2.278367e-02 0.000000e+00 1
1.016841e+13 2.074445e+12 1.195869e+13 8.604750e-01 4.796836e-01 1.717162e-01 0.000000e+00 1
-6.372096e+12 -6.396241e+12 8.563884e+11 3.501755e-01 -2.044946e-01 9.140892e-01 0.000000e+00 1
6.938145e+12 6.296340e+12 -1.297890e+13 3.997407e-01 -4.899351e-01 -7.747070e-01 0.000000e+00 1
1.597724e+12 9.974511e+12 6.495315e+12 5.608417e-01 8.277944e-01 1.459672e-02 0.000000e+00 1
1.641456e+13 3.695147e+12 6.346250e+11 5.374781e-01 -7.218072e-01 4.360180e-01 0.000000e+00 1
-1.001040e+13 3.679585e+12 -3.298155e+12 -6.323386e-01 -2.017470e-01 7.479613e-01 0.000000e+00 1
9.577825e+12 1.150169e+13 3.778551e+12 5.545978e-01 -3.766305e-01 7.420045e-01 0.000000e+00 1
-1.365277e+13 -7.974295e+12 -1.901850e+12 6.757827e-01 -5.562517e-01 4.836339e-01 0.000000e+00 1
-2.357987e+12 -1.045617e+13 5.785435e+12 -8.452005e-01 3.273921e-01 -4.224340e-01 0.000000e+00 1
-1.120547e+13 1.795051e+12 6.654870e+12 -2.555819e-01 -9.537994e-01 -1.579386e-01 0.000000e+00 1
-8.979238e+12 -1.192824e+13 -7.203710e+12 -7.976115e-01 9.179033e-02 5.961463e-01 0.000000e+00 1
-7.749372e+12 -8.745924e+12 -2.773875e+12 1.225169e-01 -1.500191e-02 9.923530e-01 0.000000e+00 1
-5.459344e+12 -1.005052e+13 8.748325e+11 8.680585e-01 -1.256878e-01 -4.802884e-01 0.000000e+00 1
-1.975595e+12 -3.934272e+12 6.396434e+12 -9.501457e-01 1.979474e-01 -2.409148e-01 0.000000e+00 1
5.805561e+12 1.430736e+13 -2.661247e+12 4.373177e-01 4.385261e-02 8.982373e-01 0.000000e+00 1
6.228392e+12 2.231102e+11 1.212500e+13 -2.968557e-01 7.249898e-01 6.215034e-01 0.000000e+00 1
7.948262e+11 -1.402369e+12 5.796048e+12 -9.647091e-01 9.226046e-02 -2.466258e-01 0.000000e+00 1
-4.007112e+12 -1.005659e+13 -3.595821e+12 5.989710e-01 -6.163669e-01 5.112002e-01 0.000000e+00 1
-9.921096e+12 1.083485e+13 -3.458592e+12 7.392646e-01 -1.570020e-01 6.548574e-01 0.000000e+00 1
-2.528305e+12 4.565952e+12 7.972291e+12 2.418466e-01 -9.510642e-01 1.923204e-01 0.000000e+00 1
-9.857191e+12 1.250322e+13 1.361986e+12 9.563756e-01 -2.919882e-01 9.411609e-03 0.000000e+00 1
1.030100e+13 -4.775881e+12 1.679569e+12 -5.914973e-01 6.897179e-01 4.176364e-01 0.000000e+00 1
-6.766658e+12 -1.092297e+12 -1.247665e+13 -8.818232e-01 2.096341e-01 4.224231e-01 0.000000e+00 1
-1.340687e+13 2.728283e+12 8.928758e+09 -7.082138e-01 1.802518e-01 -6.825998e-01 0.000000e+00 1
-1.223954e+13 6.601535e+12 5.789953e+12 6.685715e-01 7.398141e-01 -7.541342e-02 0.000000e+00 1
1.188004e+13 1.110855e+11 -7.953746e+11 8.187348e-01 3.436336e-01 -4.599883e-01 0.000000e+00 1
-5.706780e+12 1.016559e+13 -1.149129e+13 6.381003e-01 -7.531723e-01 1.598732e-01 0.000000e+00 1
-9.880880e+12 2.677448e+12 -4.158895e+11 -3.724583e-01 4.551906e-01 8.087499e-01 0.000000e+00 1
1.014760e+13 -3.945013e+12 1.242776e+13 -6.887219e-01 7.158044e-01 -1.152661e-01 0.000000e+00 1
1.740172e+12 3.612894e+12 1.422995e+13 -5.053289e-01 2.303076e-02 8.626195e-01 0.000000e+00 1
-8.950632e+12 -1.197406e+13 7.865628e+12 -2.733627e-01 -7.787905e-01 5.645868e-01 0.000000e+00 1
8.720691e+12 -4.136358e+12 1.097778e+13 -8.287231e-02 -6.282440e-01 7.735901e-01 0.000000e+00 1
-2.472128e+12 -1.533879e+13 6.954935e+11 7.478787e-01 -5.276567e-01 4.028100e-01 0.000000e+00 1
-8.422800e+12 -3.420996e+11 -4.843306e+12 3.025881e-01 -4.202290e-01 8.554811e-01 0.000000e+00 1
4.296987e+11 -1.225017e+13 -7.779333e+12 3.119631e-01 -1.525460e-01 -9.377679e-01 0.000000e+00 1
-5.497469e+12 -3.542556e+12 -4.709156e+11 -4.528797e-01 -8.389482e-01 -3.017714e-01 0.000000e+00 1
-6.170834e+12 -1.032346e+13 6.026712e+12 5.714193e-01 -7.600020e-01 3.096400e-01 0.000000e+00 1
3.882358e+12 -5.091228e+12 3.678008e+12 2.756191e-01 -1.547256e-01 -9.487329e-01 0.000000e+00 1
8.462889e+12 -1.653429e+12 -4.245923e+12 1.562818e-01 -8.421174e-01 -5.161534e-01 0.000000e+00 1
-4.419789e+12 7.475071e+11 9.069130e+12 -7.420105e-01 -9.032245e-02 6.642757e-01 0.000000e+00 1
4.070275e+12 -3.489858e+12 -1.137724e+13 1.107820e-01 9.927585e-01 -4.645380e-02 0.000000e+00 1
7.823819e+12 -7.278128e+12 -1.170348e+13 -7.651663e-01 -3.568231e-01 5.359084e-01 0.000000e+00 1
7.473031e+12 1.228331e+13 -2.638064e+12 -9.602350e-01 1.081446e-01 -2.573974e-01 0.000000e+00 1
-5.496281e+12 2.496618e+11 -1.282330e+13 5.629326e-01 4.721858e-03 8.264893e-01 0.000000e+00 1
-1.056303e+13 -2.223735e+12 -6.329980e+12 1.798226e-01 -7.142095e-01 -6.764382e-01 0.000000e+00 1
9.437662e+12 -7.251453e+12 -2.614354e+12 -4.329143e-01 -5.246144e-01 -7.330518e-01 0.000000e+00 1
9.925516e+12 4.880264e+12 -1.011933e+13 -4.489827e-01 -6.390213e-01 6.245529e-01 0.000000e+00 1
-1.524914e+13 -5.592321e+12 -3.714245e+12 5.084914e-01 -4.080102e-01 -7.582640e-01 0.000000e+00 1
-1.089879e+13 5.194969e+12 -2.237169e+12 1.254943e-01 6.515453e-01 7.481576e-01 0.000000e+00 1
-1.056754e+13 -6.175669e+12 8.684031e+11 7.833456e-01 4.971181e-01 -3.731531e-01 0.000000e+00 1
-1.411573e+13 -6.406171e+11 5.925563e+12 -7.655769e-01 2.411910e-01 -5.964218e-01 0.000000e+00 1
-4.306337e+12 -1.154531e+13 -6.018240e+12 3.465259e-01 9.343140e-01 8.352890e-02 0.000000e+00 1
9.359634e+12 2.426964e+12 3.127524e+12 -4.616768e-01 6.602878e-01 5.923466e-01 0.000000e+00 1
9.900740e+12 -6.203361e+12 -5.674277e+12 8.567597e-01 2.285124e-02 -5.152093e-01 0.000000e+00 1
2.113788e+12 4.134826e+12 8.550763e+12 -5.711439e-01 4.493618e-01 6.869269e-01 0.000000e+00 1
5.621796e+12 1.246787e+13 -5.708831e+12 1.140462e-02 -9.009083e-01 -4.338596e-01 0.000000e+00 1
4.356105e+12 -1.354105e+13 -5.328569e+12 9.135120e-01 -3.920348e-01 1.086488e-01 0.000000e+00 1
8.495988e+11 -1.169115e+12 -1.553620e+13 -5.723189e-02 -4.402590e-01 8.960449e-01 0.000000e+00 1
2.985783e+12 -3.187717e+12 3.469981e+12 9.919588e-01 -1.105109e-01 6.168540e-02 0.000000e+00 1
1.247622e+13 -3.730200e+12 -3.284353e+12 6.457945e-01 -2.173461e-01 -7.319222e-01 0.000000e+00 1
-1.446382e+13 -7.261416e+12 -3.160751e+11 -6.687661e-01 -5.499599e-01 5.002959e-01 0.000000e+00 1
-3.317121e+12 3.504256e+12 -1.199936e+13 8.404183e-01 -2.000622e-02 -5.415689e-01 0.000000e+00 1
8.880197e+12 -9.791381e+12 -9.909931e+12 -1.113776e-01 3.269243e-01 -9.384645e-01 0.000000e+00 1
1.113785e+13 -8.237500e+12 -5.672260e+12 -1.074845e-01 -9.095710e-01 4.014072e-01 0.000000e+00 1
-5.290532e+12 -3.073583e+12 2.990919e+12 -9.202869e-01 -8.349883e-02 3.822302e-01 0.000000e+00 1
-5.171466e+12 -8.037033e+12 -6.408587e+12 -4.923832e-01 -9.230110e-02 8.654705e-01 0.000000e+00 1
1.088708e+13 8.153141e+12 -9.335034e+12 -4.011930e-01 7.387077e-01 5.416227e-01 0.000000e+00 1
-1.295687e+13 -7.574066e+12 -4.619341e+12 -5.255078e-01 -7.383089e-01 -4.227783e-01 0.000000e+00 1
9.424347e+12 5.025081e+12 -1.065800e+12 7.053900e-01 -2.817867e-01 -6.504008e-01 0.000000e+00 1
-6.845940e+12 -1.264709e+12 -5.836092e+12 7.116937e-01 -2.425191e-01 -6.593001e-01 0.000000e+00 1
1.179232e+13 -4.301794e+12 4.334005e+12 -7.881081e-01 2.674197e-01 5.544117e-01 0.000000e+00 1
-1.021435e+13 6.514285e+12 9.556076e+12 1.453796e-01 -2.104079e-01 -9.667436e-01 0.000000e+00 1
-8.276502e+11 8.919008e+12 -8.373532e+11 7.720607e-01 2.260214e-01 -5.940006e-01 0.000000e+00 1
-1.146828e+13 -7.682091e+12 -9.434637e+12 -6.172829e-01 9.608893e-02 7.808513e-01 0.000000e+00 1
-1.460019e+13 2.826515e+12 -6.231463e+11 -1.056572e-01 -4.526699e-01 8.853963e-01 0.000000e+00 1
-1.157872e+13 1.087644e+13 -2.563463e+12 -5.707485e-01 -7.372978e-01 3.614388e-01 0.000000e+00 1
6.693920e+11 1.000543e+13 5.148272e+12 -1.784723e-02 -8.733815e-01 -4.867096e-01 0.000000e+00 1
1.209505e+13 -3.021021e+12 -1.437865e+12 6.619681e-01 -7.163441e-01 -2.205657e-01 0.000000e+00 1
-1.946198e+12 1.324384e+13 9.085228e+12 -4.135843e-01 2.273383e-01 -8.816265e-01 0.000000e+00 1
-1.224725e+13 -5.052628e+12 4.315448e+12 -6.012658e-01 -7.975249e-01 -4.932927e-02 0.000000e+00 1
-7.174108e+11 -5.931289e+11 -5.222064e+12 5.399586e-01 6.044637e-01 -5.857204e-01 0.000000e+00 1
1.301358e+12 -2.166326e+12 -8.257396e+12 5.933465e-01 -7.518882e-01 2.874091e-01 0.000000e+00 1
1.878521e+12 5.834572e+12 -1.521511e+13 4.513199e-01 -8.113371e-01 3.715406e-01 0.000000e+00 1
6.546728e+12 3.154756e+12 -4.976911e+12 -6.346526e-01 3.593693e-01 -6.841563e-01 0.000000e+00 1
1.818599e+12 1.338543e+12 -6.704566e+12 -7.520176e-01 2.898258e-02 6.585055e-01 0.000000e+00 1
-4.153849e+12 3.627380e+12 1.106634e+13 -6.305289e-01 -7.716014e-01 8.405145e-02 0.000000e+00 1
5.438125e+12 -4.991303e+12 1.202272e+13 5.483043e-01 -5.676478e-01 -6.141159e-01 0.000000e+00 1
-4.984486e+12 -4.929202e+12 7.537756e+12 -1.128198e-01 -9.341622e-01 -3.385449e-01 0.000000e+00 1
2.432264e+12 4.379949e+12 -1.279239e+13 -9.168823e-01 7.732315e-02 3.915966e-01 0.000000e+00 1
6.146048e+11 -1.626544e+12 -1.120110e+13 4.115968e-02 -9.964896e-01 -7.289913e-02 0.000000e+00 1
-8.789092e+12 -8.562128e+12 1.011179e+13 2.369412e-01 -6.750799e-01 -6.986601e-01 0.000000e+00 1
-1.443146e+13 4.636034e+12 -5.677571e+12 -8.332259e-01 -1.743386e-02 -5.526578e-01 0.000000e+00 1
-8.868326e+12 -1.231760e+13 -2.033560e+12 -1.741932e-01 -4.937891e-01 -8.519560e-01 0.000000e+00 1
-1.509229e+13 3.824616e+12 3.390043e+12 -2.790087e-01 -9.694090e-02 -9.553829e-01 0.000000e+00 1
-7.267533e+12 5.080441e+12 1.121458e+12 9.297680e-01 3.604092e-01 7.507757e-02 0.000000e+00 1
-2.546185e+12 -6.903471e+12 4.023220e+12 -2.079171e-01 9.427776e-01 2.606546e-01 0.000000e+00 1
-5.092933e+12 2.580306e+12 1.251015e+13 -4.059205e-01 -7.097161e-01 -5.757878e-01 0.000000e+00 1
-1.034991e+13 8.377721e+12 -5.807592e+12 3.915914e-01 7.211496e-01 -5.714888e-01 0.000000e+00 1
9.963395e+11 -6.889927e+12 1.419243e+13 9.719608e-01 -2.082446e-01 1.092078e-01 0.000000e+00 1
