# 781 1.000000e+06 1.000000e+04 0.000000e+00 1.000000e+00 5.000000e-01
-1.175677e+13 -1.018766e+13 1.148358e+13 -8.169254e-01 -2.997301e-01 4.927421e-01 4.309343e+00 0 2147557
-7.714185e+12 1.604592e+13 2.202826e+12 -4.820677e-01 2.614987e-01 8.361992e-01 -2.942326e+00 0 1
1.412180e+13 -8.032891e+12 7.088905e+12 2.294029e-01 -9.681489e-01 1.003093e-01 -1.034491e+01 0 662472
-1.004334e+13 -1.364190e+13 -2.917252e+12 3.519121e-02 -5.636277e-01 -8.252790e-01 7.899293e+00 0 984045
9.592995e+12 -1.424214e+13 -4.055214e+12 5.418793e-01 -8.396055e-01 3.780671e-02 -3.390485e+00 0 255293
-4.104643e+12 -1.984877e+13 -3.634084e+12 6.302334e-02 -5.452447e-01 -8.359045e-01 -1.118947e+01 0 1848452
-9.746832e+12 6.661477e+12 1.225174e+13 8.850221e-03 9.771325e-01 -2.124468e-01 -9.354551e+00 0 1418926
1.627914e+13 -5.830915e+12 7.516584e+11 1.638002e-01 -8.882108e-01 -4.292447e-01 -1.153078e+01 0 758455
-9.441128e+12 -1.487561e+13 -1.256267e+13 -8.218637e-01 -2.965960e-01 -4.863855e-01 7.050514e+00 0 13
1.600827e+13 -2.619404e+12 9.177730e+12 9.461229e-01 -3.170407e-01 -6.585360e-02 4.608547e+00 0 160543
8.767198e+12 1.560792e+13 -3.508085e+12 5.840382e-01 6.151792e-01 -5.295790e-01 9.428551e-01 0 354560
2.768444e+12 -5.567744e+12 -1.582054e+13 1.779213e-01 1.945095e-01 -9.646295e-01 -5.147980e+00 0 5
7.322153e+12 1.165701e+13 1.041294e+13 -6.328979e-01 6.872890e-01 3.564747e-01 9.394061e+00 0 1
-3.965763e+12 2.121653e+13 -4.546432e+12 -2.098433e-01 9.641196e-01 -1.626013e-01 -8.647248e+00 0 741212
1.913499e+12 9.784643e+12 -1.423306e+13 -7.383117e-01 4.496272e-01 -5.027238e-01 6.919964e+00 0 206154
1.496896e+13 1.984204e+13 -1.437511e+12 9.635175e-01 2.394127e-01 -1.196478e-01 2.626660e+00 0 659162
-1.378157e+13 -3.246722e+13 7.814494e+12 -2.031440e-01 -9.034448e-01 3.775182e-01 1.548696e+01 0 7
-5.447567e+12 1.521768e+13 5.711423e+12 1.710345e-01 6.251837e-01 -7.615067e-01 -7.502218e+00 0 368254
6.794693e+12 1.711344e+13 8.635940e+12 7.719724e-01 6.031790e-01 2.005833e-01 4.294835e+00 0 1387999
-3.255492e+12 -1.665961e+13 -8.540670e+12 2.299380e-01 -5.493058e-01 -8.033627e-01 -6.096353e+00 0 590226
1.172077e+13 -6.184149e+12 -1.677067e+13 4.390766e-02 -6.652296e-01 -7.453467e-01 -1.042635e+01 0 2111010
-4.857987e+12 5.798714e+12 1.658405e+13 -1.513426e-01 1.857763e-01 9.708669e-01 2.637906e+00 0 138561
-1.137611e+13 -3.632088e+12 1.238283e+13 -8.956849e-01 -1.219630e-02 4.445221e-01 -6.167979e+00 0 166627
-1.428675e+13 -1.339822e+13 -8.643791e+11 -7.946561e-01 -5.934993e-01 -1.275942e-01 -7.627143e+00 0 1753840
1.006796e+13 1.165460e+13 1.014004e+13 3.574878e-01 -2.386031e-01 9.029236e-01 -8.127627e+00 0 910435
5.409357e+12 -6.454324e+12 -1.488476e+13 6.700432e-01 -3.328147e-01 -6.635334e-01 3.408572e+00 0 345233
1.618144e+13 1.310562e+13 1.599740e+12 9.194671e-01 3.284355e-01 2.161259e-01 4.495827e+00 0 439939
1.129368e+13 -1.116797e+13 7.431147e+12 -4.831747e-01 -5.692121e-01 6.652366e-01 1.580434e-01 0 747507
1.623115e+13 9.826873e+12 3.419269e+12 4.816571e-01 6.079445e-01 6.311972e-01 8.035989e+00 0 393349
1.022069e+13 -1.291498e+13 -7.510725e+12 -2.073956e-01 -7.932074e-01 -5.725461e-01 -1.304696e-01 0 134355
1.246842e+13 -1.144664e+13 -1.514194e+12 9.521874e-01 2.565167e-01 -1.659468e-01 1.063285e+01 0 974812
9.586830e+12 1.418042e+13 -2.089936e+12 9.019159e-02 8.495507e-01 -5.197394e-01 7.399109e+00 0 417402
1.357535e+13 4.727265e+12 1.179948e+13 5.721369e-01 -1.437024e-01 8.074707e-01 -1.551499e+01 0 1679713
9.983090e+12 1.045915e+13 -1.246867e+13 5.392411e-01 -3.410664e-01 -7.699953e-01 2.731829e+00 0 15
1.403163e+13 1.352987e+13 -9.486577e+12 2.850745e-01 9.368770e-01 2.024698e-01 -2.870398e+00 0 12210
-1.135684e+13 -2.153910e+12 1.268595e+13 -3.391394e-01 5.983095e-01 7.259547e-01 3.170199e-01 0 68222
3.990512e+12 8.904892e+11 -1.753430e+13 4.495532e-01 2.778630e-02 -8.928213e-01 2.827721e+00 0 552849
-1.297500e+13 1.398903e+13 -3.105933e+12 -7.876248e-01 5.301379e-01 -3.140079e-01 -5.350764e+00 0 155718
4.679596e+12 1.027780e+13 1.359809e+13 -1.175749e-01 3.166363e-01 9.412320e-01 -7.154716e+00 0 641909
5.536554e+12 2.055414e+13 8.596042e+12 7.360353e-01 5.421659e-01 4.053494e-01 6.386778e-01 0 992785
-1.842181e+12 -1.639937e+13 1.767900e+13 -3.025497e-01 -8.821159e-01 3.610198e-01 -1.129442e+01 0 71508
-9.085671e+12 1.458794e+13 -1.826186e+12 -8.188477e-01 4.848743e-01 -3.072220e-01 -2.160265e+00 0 1250839
-1.515466e+12 -1.712326e+13 4.466778e+11 3.533660e-01 -4.228985e-01 8.344395e-01 7.598986e+00 0 734337
1.154512e+13 1.208412e+13 6.757688e+12 9.784782e-01 1.730744e-01 1.123643e-01 -1.051567e+01 0 377495
-1.324549e+13 1.227935e+12 -1.276567e+13 5.497609e-02 -6.218554e-02 -9.965493e-01 6.185539e+00 0 742896
3.742940e+12 1.149152e+13 1.344010e+13 -8.189456e-02 2.651689e-01 9.607178e-01 -8.798387e+00 0 1268821
1.169942e+13 1.575096e+13 5.921388e+12 8.737100e-01 3.967734e-01 2.814279e-01 1.295582e+00 0 262579
5.101265e+12 -3.197221e+12 -1.588039e+13 2.053017e-02 9.341422e-01 -3.563100e-01 -3.160775e+00 0 36908
-1.705156e+13 -6.812845e+12 2.366683e+12 -3.043130e-01 -1.899745e-01 9.334363e-01 8.624565e+00 0 576001
3.558894e+12 -1.840961e+13 3.768728e+12 -5.935669e-01 -6.911920e-01 4.122280e-01 -8.921908e-01 0 1313959
-1.045586e+13 -1.426429e+13 7.019588e+12 -1.778626e-01 -9.708623e-01 1.605966e-01 -1.104106e+00 0 675898
-8.895500e+12 2.438567e+12 1.458292e+13 -2.253659e-01 9.638396e-01 1.422091e-01 1.521675e+00 0 123475
8.708359e+12 -1.506291e+13 3.548759e+12 -2.188017e-01 -9.445409e-01 2.448843e-01 -1.057150e+01 0 899369
-1.661435e+13 4.454302e+11 -5.798299e+12 -3.379355e-01 -9.223346e-01 -1.873459e-01 1.779006e+00 0 1945447
-4.426210e+12 -1.209879e+13 -1.209437e+13 4.422692e-01 -4.935159e-01 -7.488925e-01 -6.347047e-01 0 12715
-9.742859e+12 1.372630e+13 -4.085005e+12 -4.415735e-01 6.465732e-01 -6.220578e-01 -4.260993e+00 0 628294
9.932413e+12 -5.845688e+12 1.292338e+13 6.668748e-01 4.125734e-01 6.205330e-01 -1.943954e+00 0 426228
-9.066537e+12 1.060578e+13 -1.417798e+13 -1.582947e-01 3.650484e-01 -9.174325e-01 5.927195e+00 0 854371
-1.154631e+13 4.085318e+12 1.466192e+13 -6.678609e-01 -5.489893e-01 5.025660e-01 -2.476514e+00 0 410446
-6.440151e+12 -9.917804e+12 1.227420e+13 -9.009555e-01 2.830640e-01 3.288678e-01 1.268841e-01 0 715241
-1.122137e+13 3.148508e+12 1.399685e+13 -6.161678e-01 5.111442e-01 5.992236e-01 3.639647e+00 0 66076
1.168749e+13 1.289381e+13 -6.000985e+12 -1.255954e-01 9.009808e-01 -4.152822e-01 1.177725e+01 0 635813
-1.711956e+13 1.021644e+13 2.951834e+12 -9.273727e-01 3.741139e-01 4.317932e-03 -2.442961e+00 0 988701
1.011953e+13 -1.370476e+13 -5.190921e+11 -1.962520e-01 -8.508529e-01 -4.873751e-01 -8.423560e+00 0 557587
8.003696e+12 -1.589137e+13 -4.621420e+12 4.083924e-01 -8.446164e-01 3.461775e-01 7.116200e+00 0 2062845
5.229612e+12 -1.690146e+13 3.219000e+12 5.574203e-01 -8.287347e-01 4.981409e-02 -3.072526e+00 0 245888
1.060066e+13 -6.085799e+12 -1.267701e+13 8.366008e-01 -5.477240e-01 9.880914e-03 7.184398e+00 0 649530
1.681924e+13 -3.290472e+12 -3.531226e+12 8.748079e-01 -4.741954e-01 9.924609e-02 2.722825e+00 0 79588
-8.306798e+12 1.444927e+13 6.653700e+12 -3.933678e-01 8.910938e-01 -2.263042e-01 -4.575513e+00 0 974501
-1.304509e+13 8.735911e+12 -1.713760e+13 -6.027295e-01 2.519321e-01 -7.571310e-01 -1.217541e+01 0 475362
1.028244e+13 1.445632e+13 -6.986255e+12 7.507432e-01 5.606050e-01 -3.494376e-01 6.612637e+00 0 710316
1.689112e+13 -1.262877e+12 -1.970676e+12 7.095961e-01 -5.606768e-01 -4.267492e-01 2.741548e-01 0 113873
1.253983e+13 1.189257e+13 5.259501e+11 5.456441e-02 7.510074e-01 -6.580354e-01 5.675225e-01 0 14
-6.530557e+12 1.455107e+13 -8.513396e+12 1.563763e-01 9.052087e-01 -3.951502e-01 2.794897e+00 0 261976
2.712803e+13 1.021690e+13 3.750297e+12 7.199875e-01 6.934852e-01 -2.638687e-02 -6.550839e+00 0 2041872
-6.934805e+12 -1.055034e+13 -2.041493e+13 2.421187e-01 -2.220728e-01 -9.444905e-01 -4.083920e+00 0 470969
-1.385694e+13 1.884844e+12 1.399119e+13 -7.736167e-01 -1.734305e-01 6.094579e-01 5.963461e+00 0 1103055
1.430578e+13 -1.596051e+12 -9.107878e+12 9.000579e-01 2.876406e-01 -3.273510e-01 -1.883880e+00 0 777075
-9.154432e+12 -1.503111e+13 -6.545609e+12 -9.788060e-02 -2.629361e-01 -9.598354e-01 -1.005730e+01 0 473760
-1.367654e+13 7.965251e+12 6.440879e+12 -8.995179e-01 -4.548646e-02 4.345095e-01 8.390898e+00 0 21641
-1.674099e+13 -2.573599e+12 2.686780e+12 -9.168490e-01 1.087133e-02 3.990861e-01 4.162925e+00 0 57241
1.580578e+13 -9.206503e+12 -8.925749e+12 7.595978e-01 -6.325485e-01 -1.513060e-01 5.991346e+00 0 579953
-7.285423e+12 -1.535207e+13 1.227609e+12 6.419960e-01 -7.555032e-01 -1.305983e-01 1.019227e+01 0 27177
1.738574e+13 -9.496459e+12 4.358631e+12 8.202839e-01 -4.498200e-01 3.532653e-01 -5.602406e+00 0 395399
-1.406060e+13 -8.840485e+12 4.585582e+12 -6.066269e-01 2.908171e-01 7.398846e-01 -1.510561e+00 0 1068936
1.611309e+13 -3.438603e+12 -4.210692e+12 6.905839e-01 1.526833e-01 7.069523e-01 -1.931704e+00 0 1
-1.667935e+13 2.651817e+12 2.029858e+12 -9.031386e-01 2.349340e-01 3.593698e-01 4.510642e+00 0 174316
-5.569814e+12 -1.057003e+13 1.308228e+13 -3.167544e-01 2.736467e-01 9.081763e-01 -6.819381e+00 0 4
-1.156845e+13 -7.623594e+12 1.145690e+13 6.361036e-02 -1.467912e-01 9.871201e-01 7.554235e+00 0 1633267
-1.194955e+13 8.359138e+12 9.081779e+12 4.246849e-01 5.586345e-01 7.124396e-01 -7.995175e+00 0 2265
2.506062e+13 1.221711e+13 2.576816e+12 8.789900e-01 1.656969e-01 4.471254e-01 2.895349e+00 0 616284
-3.176706e+12 -9.830329e+12 1.412263e+13 4.300120e-01 -8.719353e-01 2.341336e-01 7.469822e+00 0 23008
-2.627637e+12 2.602720e+13 -1.204685e+13 -6.357678e-01 6.830160e-01 -3.595670e-01 1.810117e+01 0 18
1.276113e+13 -9.137835e+12 -6.561081e+12 9.623555e-01 1.887573e-01 1.955569e-01 9.897825e+00 0 2104707
-9.010680e+12 1.080244e+13 -1.170254e+13 -6.365331e-01 5.264024e-01 -5.636720e-01 -3.748845e+00 0 89069
1.285484e+13 -1.180207e+13 -6.204421e+12 7.863520e-01 -2.216601e-01 -5.766432e-01 -6.453502e+00 0 325879
5.999546e+12 1.148049e+11 1.913411e+13 4.142482e-01 3.316302e-01 8.475965e-01 -3.895938e+00 0 254439
7.339050e+12 -1.219045e+13 9.283947e+12 7.522157e-01 -6.163107e-01 2.330935e-01 5.503328e-01 0 43440
1.130726e+13 -1.571836e+13 -8.077895e+12 5.639072e-02 -9.437707e-01 -3.257560e-01 -9.672578e+00 0 811519
-8.428796e+12 -4.722821e+12 -1.403646e+13 -1.110192e-01 3.815882e-01 -9.176411e-01 1.140934e+01 0 610223
-3.575606e+12 -1.843323e+13 6.804789e+12 1.099068e-01 -8.332912e-01 5.417991e-01 -2.520995e+00 0 162281
-1.850538e+13 2.280233e+12 2.752725e+12 -5.472997e-01 -2.876569e-01 7.859495e-01 8.184419e+00 0 45276
-1.393226e+13 1.341585e+13 -2.205009e+10 -6.723818e-01 2.904201e-01 -6.808515e-01 -4.245867e+00 0 1022179
3.027829e+12 1.156276e+13 -1.205541e+13 2.055528e-01 9.786016e-01 9.321112e-03 4.163290e+00 0 1733064
2.667161e+12 -1.804401e+13 -9.867073e+11 6.803637e-01 -6.802202e-01 2.727739e-01 1.075657e+01 0 1209964
-1.175877e+12 -2.156765e+13 -7.470641e+12 2.863933e-01 -9.226651e-01 -2.582015e-01 -7.066162e+00 0 2217107
-1.062299e+13 -5.725817e+11 -1.390079e+13 2.289535e-01 4.157153e-01 -8.802052e-01 5.956544e-01 0 85927
8.019991e+12 1.084123e+13 -1.060334e+13 6.682359e-01 -3.604446e-01 -6.507999e-01 7.328236e-01 0 198765
-8.818905e+12 7.985752e+12 -1.308365e+13 -8.384306e-01 2.031224e-01 -5.057424e-01 1.183325e+01 0 69393
-1.063040e+13 7.312955e+11 -2.691849e+13 -3.022120e-01 5.285845e-01 -7.932631e-01 -1.328505e+01 0 714874
9.284766e+12 -5.433433e+12 -1.316053e+13 7.648463e-01 -1.060655e-01 -6.354214e-01 -1.360352e+00 0 961892
2.623818e+12 -6.377403e+12 1.606868e+13 6.161916e-01 5.039119e-01 6.052939e-01 -1.976199e+00 0 436809
-9.771558e+12 -4.620196e+12 -1.350513e+13 -7.844620e-01 1.620213e-01 -5.986389e-01 -7.002761e+00 0 149142
-1.067039e+13 8.994810e+12 -1.136391e+13 -6.717176e-01 -1.623377e-01 -7.228014e-01 -3.629413e+00 0 26155
1.363133e+13 -1.214264e+13 -2.010939e+12 5.461761e-01 -7.861846e-01 -2.891462e-01 -9.606755e+00 0 509176
-1.463026e+13 2.101809e+12 -8.766788e+12 -8.883409e-01 2.286297e-01 -3.982196e-01 5.070640e+00 0 93007
1.171325e+13 1.081321e+13 -8.535013e+12 6.091060e-01 7.275419e-01 -3.157098e-01 3.633747e+00 0 122541
-1.156747e+13 -5.244621e+12 -1.209409e+13 -3.311885e-01 -8.315863e-01 -4.458457e-01 6.924312e+00 0 930180
1.046648e+12 1.621193e+13 -6.986510e+12 -6.630736e-02 8.354193e-01 5.455987e-01 -6.259502e+00 0 1037656
-2.539657e+09 9.836887e+11 -1.698242e+13 -5.270881e-01 -1.796717e-01 -8.306000e-01 -2.032793e+00 0 995660
-4.149076e+12 -4.447889e+12 -1.613970e+13 -2.401384e-01 -6.069031e-01 -7.576293e-01 3.626210e+00 0 90218
-9.543721e+12 -2.637735e+13 -5.671211e+11 -1.235057e-01 -9.637274e-01 -2.365923e-01 1.360448e+01 0 230472
3.907460e+12 8.940721e+12 2.749564e+13 2.222034e-01 1.100213e-01 9.687729e-01 -5.943751e+00 0 422333
1.758154e+13 -1.064379e+13 -7.257597e+12 8.725170e-01 -4.278403e-01 -2.359382e-01 5.899760e+00 0 10
-1.131236e+13 -1.056579e+13 1.020217e+13 -4.356260e-01 -8.752279e-01 -2.102525e-01 8.037838e+00 0 369842
-9.954672e+12 1.299783e+13 -9.073340e+12 -7.125619e-01 6.264252e-01 -3.159858e-01 8.262133e+00 0 84935
-1.666931e+13 7.773749e+12 -1.556731e+12 -6.512507e-01 7.237788e-01 2.280720e-01 -9.080481e+00 0 701
8.956982e+12 -1.199087e+13 -8.506098e+12 4.455796e-01 3.327222e-01 -8.311165e-01 -9.979006e-01 0 136909
1.411468e+13 -3.818723e+12 1.075058e+13 9.690071e-01 -9.816667e-02 2.266903e-01 1.055449e+01 0 65114
8.921483e+12 -1.522841e+13 9.237037e+10 7.678612e-01 -1.992757e-01 -6.088336e-01 -2.292631e+00 0 1007534
4.792301e+12 5.432728e+12 -1.594906e+13 4.393114e-01 2.217291e-01 -8.705411e-01 3.290162e+00 0 211954
2.573110e+13 3.470788e+13 2.158271e+13 6.628108e-01 6.664994e-01 3.412630e-01 1.030980e+01 0 359435
1.376140e+13 1.034125e+13 2.457640e+12 1.049633e-01 7.590624e-01 6.425006e-01 8.800180e+00 0 370234
1.401264e+13 -1.207267e+12 -9.736390e+12 7.482522e-01 5.324009e-01 -3.958130e-01 -1.682657e+00 0 145398
4.364890e+11 1.407954e+13 -1.354587e+13 4.458835e-01 6.018808e-01 -6.625159e-01 4.494288e+00 0 232303
5.921136e+12 1.593851e+13 3.355390e+11 6.594725e-01 2.514988e-01 7.084098e-01 -1.109812e+01 0 1110480
-1.708537e+13 -1.075218e+13 7.380852e+11 -8.647795e-01 -3.663324e-01 3.434487e-01 3.136518e+00 0 25126
3.622401e+12 -2.028417e+13 8.987135e+12 3.824274e-01 -6.015740e-01 7.013259e-01 -5.208713e+00 0 50445
4.770287e+12 -1.670796e+13 -7.148889e+12 -3.693902e-01 -6.722124e-01 -6.416240e-01 2.719567e+00 0 2879634
-6.260184e+12 -4.718524e+11 -1.697815e+13 -2.817609e-01 -3.064399e-01 -9.092334e-01 -5.178433e+00 0 677724
1.181482e+13 1.729440e+13 8.210399e+12 4.996806e-01 5.319020e-01 6.836662e-01 8.252131e+00 0 1235835
-7.221623e+12 1.542771e+13 -8.612992e+11 -1.450395e-01 7.699041e-01 6.214589e-01 1.160189e+00 0 234835
1.710128e+13 -6.054001e+12 -1.482292e+12 9.362169e-01 -3.309766e-01 1.181205e-01 -4.876822e+00 0 413786
-9.256872e+12 -1.772336e+13 -2.339671e+12 -5.494653e-01 -4.922142e-01 -6.751393e-01 1.602873e+00 0 498977
1.121028e+13 -1.309765e+13 -4.260824e+12 7.084461e-01 -6.442262e-01 2.882304e-01 -1.537333e+00 0 483521
-1.099404e+13 -5.525019e+12 1.318416e+13 -8.714339e-01 -4.896678e-01 -2.878245e-02 -4.971377e+00 0 786816
1.095801e+13 -1.338609e+13 8.086450e+12 3.628623e-01 -8.626007e-01 3.524926e-01 5.091584e+00 0 3020314
1.432991e+13 9.395244e+12 8.912369e+11 5.189904e-01 -1.088955e-01 -8.478153e-01 2.144920e+00 0 2
-1.478268e+13 9.251352e+12 5.960771e+12 -3.141461e-01 3.110890e-01 8.969592e-01 5.025244e+00 0 485515
1.075971e+13 -9.046648e+12 -1.217057e+13 3.249754e-01 -4.867598e-01 -8.108366e-01 -7.197418e+00 0 232823
3.212022e+12 1.331601e+13 1.485033e+13 6.978955e-01 6.141711e-01 3.684232e-01 -1.759792e+01 0 394777
-4.515542e+12 -1.425817e+13 -8.058366e+12 -1.706159e-01 -9.644536e-01 2.017906e-01 -2.979267e+00 0 42868
-1.338073e+13 -4.022075e+12 -9.994275e+12 -2.714469e-01 -5.928602e-01 -7.581776e-01 6.562575e+00 0 927570
-1.220725e+13 1.000056e+13 -1.905470e+13 -2.857692e-01 7.420639e-01 -6.063638e-01 -8.423993e+00 0 86566
1.743055e+13 4.409577e+12 -1.635752e+12 7.528414e-01 3.964029e-01 5.254470e-01 9.202109e+00 0 386101
7.912666e+10 1.778160e+13 1.283613e+12 -4.444429e-01 8.928435e-01 7.280801e-02 -4.241403e+00 0 503442
-6.539482e+12 -1.443235e+13 -6.112487e+12 -1.180995e-01 -7.295532e-01 -6.736503e-01 3.571468e-01 0 729460
1.758710e+13 9.272364e+12 7.806198e+12 2.885464e-01 9.045288e-01 3.139565e-01 -3.664070e+00 0 459425
-1.709774e+13 -9.772902e+11 5.075675e+12 -9.737762e-01 1.615871e-01 1.601548e-01 -4.488274e+00 0 486095
-1.045441e+13 -1.032922e+13 9.507813e+12 -6.246880e-01 -5.649910e-01 5.390270e-01 5.544066e+00 0 370146
-1.719565e+13 -4.699467e+12 -1.608593e+13 -7.098416e-01 -1.040089e-01 -6.966399e-01 -1.206934e+01 0 2624834
-9.014907e+12 -3.933271e+12 1.389981e+13 -4.704823e-01 -8.515841e-01 -2.311947e-01 -2.765085e-01 0 31988
-8.097558e+12 -5.253376e+12 -1.411322e+13 5.436435e-01 -5.607196e-01 -6.245360e-01 -1.226204e+00 0 5811
1.042368e+13 4.458902e+12 -1.269672e+13 9.587746e-01 2.210081e-01 -1.786243e-01 3.752174e+00 0 32430
6.854970e+12 -1.304457e+13 8.633305e+12 8.832381e-01 -3.244840e-02 4.678007e-01 1.025140e+01 0 246978
-2.316330e+13 -1.926662e+12 -8.387118e+12 -5.845504e-01 -8.151596e-02 -8.072521e-01 8.449978e+00 0 228228
1.659307e+13 6.892177e+12 2.848691e+11 5.703193e-01 1.440420e-01 8.086951e-01 -5.539502e+00 0 5
7.451148e+12 -8.858179e+12 1.509866e+13 8.555850e-01 -5.153074e-01 4.932181e-02 8.571504e+00 0 555725
1.566182e+12 4.956160e+12 1.645897e+13 4.663262e-01 1.947294e-01 8.629139e-01 -2.693678e+00 0 339695
1.013201e+13 -2.349715e+12 -1.340861e+13 8.616780e-01 2.528850e-01 -4.399548e-01 1.464712e+00 0 390605
5.113803e+11 7.562816e+12 -1.592471e+13 2.417038e-01 4.088478e-01 -8.800129e-01 -6.676967e+00 0 1017701
-4.836575e+12 -1.280054e+13 -1.015621e+13 6.468192e-01 -7.619876e-01 3.161989e-02 2.427151e+00 0 225332
1.586393e+13 6.800974e+12 -4.542029e+12 7.188544e-01 -3.684992e-01 5.894546e-01 -1.168705e+01 0 1431257
-1.093254e+13 1.530802e+13 2.342282e+11 -1.832954e-01 9.666362e-01 1.789339e-01 -1.162970e+01 0 23
8.168166e+12 1.414049e+13 -5.034774e+12 4.351257e-01 4.779651e-01 -7.630301e-01 2.066957e+00 0 131881
-1.442646e+13 -3.638132e+12 -8.428268e+12 -7.930390e-01 1.133584e-01 -5.985307e-01 -5.362492e+00 0 68246
-4.189249e+12 -1.310444e+13 1.147549e+13 -1.881072e-01 -9.612161e-01 2.016910e-01 -2.831267e+00 0 2
-1.500669e+13 1.555058e+13 -7.140180e+12 -8.846414e-01 3.431837e-01 -3.156495e-01 1.078960e+01 0 58572
3.382791e+12 5.097593e+12 1.664864e+13 3.941352e-01 2.357801e-01 8.882934e-01 3.286530e+00 0 138586
-6.017896e+12 -1.621915e+13 -2.997386e+12 8.991391e-02 -8.780247e-01 4.700937e-01 8.071486e+00 0 803631
4.088434e+12 -1.705199e+13 2.527076e+12 5.635873e-01 -4.376243e-01 7.006099e-01 1.021552e+01 0 245925
1.026091e+13 3.453794e+12 -1.311241e+13 -1.013053e-01 1.330346e-01 -9.859204e-01 4.621133e+00 0 304942
-6.105203e+12 1.400020e+13 7.582730e+12 6.020395e-01 5.216667e-01 6.044934e-01 -8.736750e+00 0 9719
1.493101e+12 2.432344e+13 -6.428091e+12 -1.280464e-01 9.061031e-01 -4.032138e-01 9.334179e+00 0 2659273
3.562285e+12 -1.759487e+13 1.463562e+13 -7.199521e-02 -8.287325e-01 5.549947e-01 5.188086e+00 0 122486
1.298719e+13 9.540811e+12 -9.022703e+12 8.238445e-01 5.437195e-01 1.601539e-01 6.329685e+00 0 1418932
-6.312189e+12 1.501251e+13 5.617711e+12 -9.769363e-01 9.717342e-02 1.901387e-01 -2.349446e+00 0 307174
1.542867e+13 -7.173726e+12 -2.300296e+12 6.752906e-01 -3.303432e-01 -6.594361e-01 3.308687e+00 0 1
-6.986288e+12 1.683739e+13 -3.141452e+12 -1.463988e-01 9.866510e-01 7.132479e-02 5.009364e+00 0 54456
-2.288492e+12 1.741043e+13 1.962681e+12 4.704691e-01 7.501001e-01 -4.647672e-01 -1.242215e+01 0 1447000
2.140869e+12 -1.727583e+13 -4.913171e+12 3.753809e-01 -9.002677e-01 -2.204704e-01 -1.723160e+00 0 1039139
8.903863e+12 1.558792e+12 -1.524326e+13 6.068018e-01 5.885442e-01 -5.342353e-01 -3.516374e+00 0 1911541
1.452389e+13 1.176584e+13 -9.747215e+12 1.798877e-01 6.011808e-01 -7.786027e-01 1.278637e+01 0 265303
-1.099946e+13 -1.031328e+13 8.270604e+12 -5.016689e-01 -8.573932e-01 1.149141e-01 -1.896260e+00 0 176731
1.193338e+13 1.349552e+12 -2.155986e+13 -8.221214e-03 2.551504e-01 -9.668664e-01 8.728497e+00 0 1734914
7.575088e+12 1.591499e+13 -2.608640e+12 3.294683e-01 6.989109e-01 6.348025e-01 -5.777951e+00 0 286340
1.330162e+13 1.994224e+13 2.883581e+13 2.220287e-01 6.861147e-01 6.927842e-01 -1.028376e+01 0 15
-7.666022e+12 -1.534474e+13 -6.072944e+12 6.199185e-01 -6.888679e-01 -3.757154e-01 1.255843e+01 0 49230
1.340074e+13 -9.646540e+12 -4.219095e+12 8.724184e-01 1.739101e-01 4.567728e-01 -1.429380e+00 0 17
-1.785154e+13 -3.046127e+12 1.048174e+12 -7.141539e-01 -6.556241e-01 2.452371e-01 1.081401e+01 0 184488
-1.801538e+13 -2.836298e+12 -3.185069e+12 -7.866156e-01 -5.435439e-02 -6.150459e-01 -9.097020e+00 0 233671
-1.761115e+13 -3.284682e+12 -7.716105e+11 -5.103746e-01 -8.010831e-01 -3.127038e-01 1.415247e+00 0 143157
-5.377774e+12 -1.543335e+13 4.690632e+12 -9.576394e-01 -2.345193e-02 2.870135e-01 -8.470557e+00 0 885165
1.514723e+13 -1.251385e+13 3.616200e+12 9.414469e-01 -3.191117e-01 1.088368e-01 1.139828e+01 0 196922
8.338667e+12 -3.296206e+12 -1.662352e+13 4.179958e-01 -2.806356e-01 -8.640157e-01 -8.399141e+00 0 329579
-8.798065e+12 -9.283470e+12 1.164193e+13 -8.966669e-01 -3.100466e-01 -3.160055e-01 3.754291e+00 0 8209
-7.466329e+12 -1.499386e+13 4.356483e+12 -2.492968e-02 -9.365054e-01 -3.497658e-01 -3.353782e-01 0 585865
1.787428e+13 -6.362934e+12 6.519075e+12 5.227269e-01 -8.505328e-01 5.788316e-02 3.046015e-01 0 17239
1.021462e+13 -1.450024e+13 -6.435053e+11 6.212806e-01 -7.424599e-01 -2.505268e-01 4.593429e+00 0 134806
7.002432e+12 -1.447248e+13 6.756002e+12 -5.857382e-01 -7.891810e-01 -1.846727e-01 -1.261109e+01 0 6
-5.776695e+12 1.373141e+13 -1.079980e+13 3.362594e-01 9.012558e-01 -2.732537e-01 -1.190542e+01 0 578011
6.029240e+12 -4.511964e+12 -1.620621e+13 -5.498171e-01 -3.812547e-01 -7.431998e-01 4.588048e+00 0 7146
1.656223e+12 1.409526e+13 1.389722e+13 1.678494e-01 1.370312e-01 9.762423e-01 6.997969e+00 0 625026
-1.564646e+13 -1.709765e+12 1.342594e+13 -9.017587e-01 -1.323163e-01 4.114896e-01 -7.169373e+00 0 513541
-9.918087e+12 7.782607e+12 -1.324885e+13 -7.236697e-01 6.008918e-01 -3.394574e-01 -2.297864e+00 0 85868
-1.569395e+12 -2.244237e+12 -1.922478e+13 -6.437716e-01 -1.562436e-01 -7.490969e-01 5.122433e+00 0 86840
-9.184241e+12 5.108805e+12 -1.438030e+13 -5.329201e-01 2.964009e-01 -7.925545e-01 6.317118e+00 0 1606920
9.289935e+12 6.951237e+12 -1.623908e+13 2.360487e-01 9.640195e-01 -1.222597e-01 -2.772167e+00 0 280634
-1.633530e+13 1.044818e+13 -1.707524e+12 -6.392617e-01 4.715005e-01 -6.074798e-01 6.558711e+00 0 1038235
1.171982e+13 -1.690785e+13 -1.678520e+13 6.706747e-02 -7.384566e-01 -6.709573e-01 -1.314662e+01 0 204892
-1.361730e+13 -3.280104e+12 1.135364e+13 -9.492386e-01 -8.529922e-02 3.027706e-01 -8.312439e+00 0 144159
1.249157e+13 2.316491e+11 -1.193156e+13 9.909709e-01 -1.326769e-01 -1.932745e-02 -4.169250e+00 0 1731443
-9.949272e+12 4.391498e+12 -1.322502e+13 1.352055e-01 5.889965e-01 -7.967450e-01 -6.144731e+00 0 17027
7.967273e+12 -1.475208e+13 -4.065207e+12 4.013301e-01 -9.100704e-01 1.034697e-01 -3.759365e+00 0 1124052
2.395195e+12 -1.755547e+13 -5.869475e+12 4.358310e-01 -6.879516e-01 5.803222e-01 -6.977248e-01 0 104857
-4.359155e+12 1.523446e+13 -6.636412e+12 -3.551073e-01 9.326317e-01 6.400659e-02 3.473356e+00 0 252200
8.977595e+12 9.706553e+12 -1.266533e+13 6.544898e-01 1.194915e-02 -7.559764e-01 -8.789711e+00 0 434733
-8.881296e+11 -1.042145e+13 -1.358905e+13 -7.478251e-01 -2.225824e-01 -6.254716e-01 -8.146233e+00 0 331404
-9.251144e+12 1.526759e+12 1.469049e+13 -8.133448e-01 -5.323251e-01 2.347345e-01 1.068671e+00 0 652489
4.723070e+12 4.734624e+12 -1.586416e+13 6.480563e-01 6.949567e-01 -3.115418e-01 1.048374e+01 0 1011074
6.532478e+12 -1.252979e+13 -1.589721e+13 2.276445e-01 -8.891783e-01 -3.969129e-01 7.002014e+00 0 484399
1.605646e+12 1.663715e+13 1.756499e+13 -6.260193e-02 5.953965e-01 8.009894e-01 -7.781638e+00 0 612176
-1.370354e+13 -2.370350e+12 -1.395574e+13 -3.465545e-01 2.614254e-02 -9.376655e-01 -7.794992e+00 0 3
6.109911e+12 1.733414e+13 2.988896e+12 7.522994e-01 6.497688e-01 1.088403e-01 -8.474301e+00 0 3202778
3.017588e+12 6.797057e+12 1.604623e+13 -2.246855e-01 4.027062e-01 8.873241e-01 -2.225996e+00 0 579012
3.948484e+12 1.432574e+13 -8.609987e+12 7.265050e-01 4.876763e-01 4.841098e-01 4.835687e+00 0 89881
1.636654e+13 1.025003e+13 -1.592724e+12 6.233477e-01 6.384309e-01 4.514904e-01 -1.929955e+00 0 745691
3.519052e+12 1.711151e+13 -4.549697e+12 6.859091e-01 5.129863e-01 -5.161140e-01 1.434185e+00 0 1
2.673215e+12 -1.694961e+13 7.671630e+12 1.964889e-01 -9.574212e-01 2.115108e-01 -8.644745e+00 0 785470
5.773084e+12 -8.927624e+12 -1.341588e+13 -6.405800e-01 -1.606469e-01 -7.508993e-01 -6.016418e+00 0 1110528
-4.810832e+12 1.081640e+13 -1.215340e+13 -2.092853e-02 2.341199e-01 -9.719825e-01 8.452251e-01 0 164704
-1.605234e+12 -1.679109e+13 4.119312e+12 -4.283244e-01 -8.647128e-01 -2.623166e-01 -6.501057e+00 0 178074
8.404014e+12 -1.524527e+13 6.221774e+12 7.850817e-01 -6.048860e-01 1.332656e-01 7.222720e+00 0 438273
1.531352e+13 -9.226602e+12 3.038784e+12 9.351882e-01 -3.392457e-01 -1.016631e-01 9.231052e+00 0 405560
1.311228e+13 -8.047540e+12 7.894574e+12 6.334169e-01 -4.950903e-01 -5.947005e-01 2.798008e+00 0 215385
-5.679862e+12 -1.579048e+13 -4.324797e+12 5.322299e-03 -9.834183e-01 1.812735e-01 1.117231e+01 0 730773
9.179739e+12 -6.595912e+12 -1.294321e+13 9.153493e-01 -3.575063e-01 -1.852699e-01 -6.063492e+00 0 362330
1.056898e+13 -1.322229e+13 1.594249e+13 7.006217e-01 1.842670e-01 6.893293e-01 1.498715e+01 0 70237
-5.023979e+12 -1.503100e+13 1.053582e+13 -4.341602e-01 -7.993139e-02 8.972825e-01 -9.997486e+00 0 682334
-5.560536e+12 -1.575072e+13 -5.593325e+12 -9.674281e-01 -4.984235e-03 -2.530968e-01 -1.188911e+01 0 2
-1.742721e+13 3.625671e+12 -2.134439e+12 -8.379692e-01 -4.885944e-01 -2.430700e-01 -3.703916e-01 0 6
-1.479415e+13 -8.335570e+12 8.428179e+09 -5.595570e-01 -6.120998e-01 -5.587752e-01 -3.491884e+00 0 8
7.225286e+12 -1.760676e+13 9.538645e+12 -1.178054e-01 -6.766259e-01 7.268420e-01 8.236060e+00 0 488712
-2.247217e+12 -2.332222e+13 -1.807598e+13 2.200366e-01 -5.197685e-01 -8.254845e-01 -6.329421e+00 0 745203
-1.944340e+11 -2.078700e+12 -1.719805e+13 2.947093e-01 1.639635e-01 -9.414151e-01 -3.925961e+00 0 918904
9.375485e+12 9.371845e+12 -1.421392e+13 3.679184e-01 8.083617e-01 -4.595513e-01 7.654413e+00 0 852011
1.313433e+13 -5.609081e+12 -9.582325e+12 9.672544e-02 -9.605010e-01 -2.609254e-01 -9.973151e+00 0 45188
1.607153e+13 -2.430693e+12 5.842924e+12 9.477141e-01 9.078592e-02 3.059344e-01 -2.923959e+00 0 255773
9.856891e+12 5.451151e+12 -1.335367e+13 1.758671e-02 7.413567e-01 -6.708808e-01 7.663747e+00 0 167250
1.078542e+13 2.785533e+12 -1.284741e+13 1.149761e-02 4.202406e-02 -9.990504e-01 -5.666723e+00 0 553927
1.729271e+13 1.030574e+12 9.881810e+11 6.782871e-01 5.550407e-01 -4.815147e-01 -4.557051e+00 0 24130
9.225916e+12 9.910273e+12 1.421422e+13 1.497022e-01 8.134266e-01 5.620733e-01 -5.175757e+00 0 499408
1.212965e+12 -2.018796e+13 3.547516e+11 -2.429440e-01 -9.459869e-01 2.146787e-01 -1.347510e+01 0 257222
1.329796e+12 1.678692e+13 3.626412e+12 -5.718099e-01 3.910166e-01 7.212069e-01 6.926758e+00 0 116261
-1.033987e+13 1.896789e+13 9.413627e+12 -7.103017e-01 6.847833e-01 1.629212e-01 9.702803e+00 0 703669
4.838419e+12 1.248036e+13 -1.105665e+13 -4.352659e-01 1.147836e-01 -8.929549e-01 -4.750049e+00 0 60016
1.904413e+13 7.852435e+11 -3.608347e+12 9.343968e-01 2.346415e-01 -2.680412e-01 -5.757658e+00 0 5
1.160517e+13 9.087478e+12 8.884364e+12 9.065032e-01 -2.951797e-01 3.018623e-01 -1.750373e-01 0 1
-1.499894e+13 7.066980e+12 -4.815416e+12 -9.289302e-01 3.367063e-01 1.540051e-01 3.734701e+00 0 683046
1.295632e+13 1.248745e+13 3.595502e+12 5.512422e-02 9.643650e-01 -2.587693e-01 1.167619e+01 0 2100209
-9.207792e+12 1.410236e+13 -3.088126e+12 -6.371092e-01 5.028119e-01 5.841850e-01 -1.141185e+00 0 215388
1.361751e+13 7.467080e+12 7.457193e+12 5.810174e-01 5.301643e-01 6.175310e-01 -3.616338e+00 0 49122
1.100850e+13 1.257695e+13 4.895601e+12 8.917570e-01 -3.878907e-01 2.330457e-01 -3.716096e+00 0 1
-8.972598e+12 -6.190123e+11 -1.441793e+13 -7.886749e-01 -2.481345e-01 -5.625132e-01 -2.676591e+00 0 369137
1.117618e+13 -2.150581e+13 1.006800e+13 3.104882e-01 -9.408201e-01 1.358476e-01 4.260281e+00 0 187390
-1.105778e+13 -8.266678e+12 -1.022975e+13 2.039912e-01 1.541452e-01 -9.667610e-01 -4.601446e+00 0 173354
-4.372396e+12 -6.253361e+12 1.797857e+13 -5.962690e-01 -7.799106e-01 1.902703e-01 -7.245244e+00 0 75143
-1.677179e+13 3.138184e+12 1.263056e+13 -4.310806e-01 7.584736e-01 4.887610e-01 3.748870e+00 0 392147
-1.533852e+13 1.467962e+13 1.199987e+13 -7.786135e-01 1.507110e-01 6.091365e-01 -6.002827e+00 0 3185861
1.853491e+13 -2.857497e+12 1.553349e+12 5.647953e-01 -5.588381e-01 -6.072119e-01 2.833045e+00 0 1
-1.209614e+13 -2.230953e+12 -1.198015e+13 -8.268940e-01 -1.224224e-01 -5.488707e-01 6.049346e+00 0 49146
3.485919e+12 1.162250e+13 -1.819140e+13 -1.581331e-02 8.140899e-01 -5.805235e-01 8.921946e+00 0 3336468
-9.175048e+12 1.468240e+13 1.672505e+12 -8.913930e-01 3.817472e-01 -2.443104e-01 9.096942e+00 0 183266
1.094463e+13 -1.787762e+13 -4.910196e+12 5.546681e-01 -6.654384e-01 -4.995348e-01 -5.139843e+00 0 1
-3.221476e+12 1.707950e+13 2.028033e+12 2.955262e-01 8.530379e-01 -4.301054e-01 2.848598e+00 0 1812371
1.581050e+13 -7.253767e+12 7.932508e+12 7.261054e-01 -6.867541e-01 3.376036e-02 3.333209e+00 0 782899
1.165675e+13 -1.259375e+13 1.254969e+11 1.841345e-02 -4.871199e-01 -8.731409e-01 3.981428e+00 0 152373
-2.167711e+13 1.045849e+12 1.475508e+12 -9.389842e-01 -3.122900e-01 1.441654e-01 1.235770e+01 0 694009
-1.590715e+13 1.525500e+12 8.644149e+12 -8.648863e-01 -2.300595e-01 4.461438e-01 -4.852459e-01 0 7
1.047163e+13 6.964818e+12 1.145361e+13 -5.450928e-02 4.295093e-02 9.975891e-01 6.138661e+00 0 3
-9.554143e+12 -1.201367e+13 8.124842e+12 -8.736863e-01 -4.497936e-01 1.853590e-01 7.070026e-01 0 10
-9.357955e+12 8.864287e+12 -1.141895e+13 -8.188273e-01 4.461658e-01 -3.611896e-01 1.008051e+01 0 3591955
-4.859364e+12 -1.704830e+13 -5.876224e+12 3.548026e-02 -7.856158e-01 6.176965e-01 9.157370e+00 0 441283
8.212967e+12 -1.049361e+13 1.105889e+13 6.017075e-01 -7.587662e-01 -2.494431e-01 4.954946e+00 0 18615
-1.268520e+13 6.150805e+12 -9.513351e+12 -3.463583e-01 -1.257183e-01 -9.296402e-01 -2.877199e-02 0 147450
-2.238861e+12 -1.363546e+13 -1.058421e+13 -7.563053e-01 -6.246789e-01 -1.943669e-01 9.368515e-01 0 1
1.020217e+13 8.038008e+12 -1.512406e+13 3.646286e-01 3.129583e-01 -8.769852e-01 -4.055431e+00 0 1089597
1.832099e+13 -6.929391e+12 -9.770633e+12 9.449354e-01 -3.127734e-01 -9.628057e-02 -7.786491e+00 0 1399936
1.524905e+13 -9.301301e+12 1.070509e+12 8.063150e-01 -5.691636e-01 1.609623e-01 3.649658e+00 0 974829
8.274773e+12 -2.599370e+12 -1.535734e+13 1.905749e-01 5.789378e-01 -7.927876e-01 -1.916801e+00 0 1176695
-1.441287e+13 4.802698e+12 8.611020e+12 -5.253798e-01 4.258134e-01 7.366540e-01 3.081806e+00 0 4073
-1.473268e+13 -7.749435e+12 5.522659e+12 -2.682052e-01 -8.734197e-01 4.064529e-01 9.567903e+00 0 453163
-1.143863e+13 2.783751e+12 -1.273439e+13 -9.944504e-01 -6.155034e-03 -1.050266e-01 4.887113e+00 0 1206652
-2.615879e+12 1.269458e+13 -1.141775e+13 -1.998318e-01 5.381300e-01 -8.188305e-01 6.221680e+00 0 581318
-1.067338e+13 5.719514e+12 1.765105e+13 -6.231506e-01 6.563961e-01 4.252382e-01 2.961515e+00 0 391866
-5.118594e+12 -8.996430e+12 1.879892e+13 -5.090504e-01 -6.143533e-01 6.028579e-01 -8.655311e+00 0 338905
9.736900e+12 1.033756e+13 -1.694529e+13 6.043739e-01 6.483420e-01 -4.630171e-01 -6.780123e+00 0 958169
6.279086e+12 6.180752e+12 1.469398e+13 1.987100e-01 7.538072e-01 6.263298e-01 5.391251e+00 0 640157
3.891899e+12 1.157464e+13 -1.188328e+13 2.818611e-01 6.343145e-01 -7.198607e-01 -3.451180e-01 0 847203
-1.718610e+13 -4.934572e+12 -1.175307e+13 -9.341381e-01 -2.844390e-01 -2.155933e-01 -4.840924e+00 0 1632
1.156760e+13 1.267263e+13 -9.235616e+12 6.328761e-01 7.188903e-01 -2.875145e-01 -6.414688e+00 0 1713246
-7.325389e+11 1.898519e+13 -5.331061e+12 -1.093062e-01 9.487440e-01 -2.965418e-01 4.742730e+00 0 1
-1.328523e+12 9.726603e+12 -1.431074e+13 -2.003902e-01 1.606412e-01 -9.664565e-01 4.931289e+00 0 377728
-1.473769e+13 1.291279e+13 1.031850e+12 -9.900051e-01 -1.843309e-02 -1.398216e-01 9.422500e-01 0 91351
1.300935e+13 1.490428e+13 -2.280476e+12 7.851584e-01 5.739848e-01 -2.325246e-01 2.074870e+00 0 427925
-6.217007e+12 1.709318e+13 2.434538e+12 -8.255370e-01 5.377514e-01 1.712076e-01 8.881086e+00 0 487074
6.800550e+12 -1.208079e+13 9.963870e+12 7.359523e-01 1.552552e-02 6.768554e-01 6.538844e+00 0 909011
4.641038e+12 -1.276333e+13 -1.085551e+13 9.725862e-01 -1.305268e-01 1.924546e-01 2.054022e+00 0 1611095
-1.387535e+13 -1.162070e+13 -1.361180e+12 -9.508630e-01 -2.381156e-01 -1.978900e-01 5.442643e-01 0 168211
9.731694e+12 8.947639e+12 -1.133122e+13 6.705580e-01 7.254798e-01 -1.550192e-01 -7.184323e+00 0 176245
1.156888e+13 -6.154989e+12 1.292270e+13 6.527934e-01 1.520860e-01 7.421122e-01 7.817632e+00 0 20730
5.622864e+12 -1.279263e+13 1.000380e+13 1.295316e-01 -3.819655e-01 9.150541e-01 6.390187e+00 0 4
1.119656e+13 -1.688484e+13 -8.347629e+12 5.420874e-01 -8.402920e-01 -7.113510e-03 -7.913052e+00 0 587969
-9.531711e+12 2.645939e+12 2.051744e+13 -5.031681e-01 -8.193913e-02 8.602952e-01 -6.806699e+00 0 410147
1.941171e+13 -4.804668e+12 1.290690e+13 6.686670e-01 -6.848148e-01 2.896775e-01 -9.330381e+00 0 1510395
-5.261905e+12 6.430268e+12 1.528618e+13 4.009566e-01 8.535177e-01 3.327782e-01 2.539570e+00 0 406386
1.402273e+13 1.740629e+12 -1.089259e+13 2.764336e-01 1.151663e-01 -9.541075e-01 -4.234777e+00 0 35115
1.142482e+12 1.931262e+13 -2.544894e+12 4.026272e-01 9.048651e-01 1.382405e-01 2.241426e-01 0 3
-1.742934e+13 -4.146718e+12 -1.348885e+12 -9.190704e-01 -3.852583e-01 -8.297984e-02 6.050068e+00 0 1417817
-7.364700e+12 1.511813e+13 -3.130350e+12 -4.675323e-02 9.767843e-01 2.090612e-01 -5.701395e+00 0 609168
-1.769063e+13 1.798285e+13 8.926115e+12 -7.156964e-01 5.987575e-01 3.595389e-01 -6.444838e+00 0 447726
5.779301e+12 -5.681592e+10 2.124703e+13 4.182019e-01 -3.781181e-01 8.259139e-01 -7.943366e+00 0 566240
-2.764533e+12 -1.202573e+13 1.217525e+13 4.142860e-01 -8.947815e-01 1.665327e-01 6.721847e+00 0 560800
-2.019195e+13 5.452606e+12 8.780265e+11 -6.783895e-01 -3.786234e-02 -7.337262e-01 9.977401e+00 0 1410988
2.607391e+12 -7.812902e+12 1.541875e+13 -6.214651e-04 -9.428734e-01 3.331507e-01 -8.380276e+00 0 833197
-1.192345e+13 -1.099578e+13 -5.011628e+12 -2.795548e-01 -5.027764e-01 -8.179640e-01 -8.865546e+00 0 605790
9.612019e+12 2.981314e+12 -1.686937e+13 6.232674e-01 6.481155e-01 -4.375889e-01 8.247097e+00 0 133077
-3.777049e+12 1.385579e+13 -9.402073e+12 -1.339986e-01 8.809606e-01 4.538203e-01 3.767627e+00 0 1078894
-1.502347e+12 -1.042472e+13 -1.370844e+13 3.766832e-01 -9.235784e-01 7.150307e-02 9.616035e+00 0 2626468
-1.004597e+12 -1.300910e+13 1.111412e+13 8.167685e-01 -5.203049e-01 2.493433e-01 1.820724e+00 0 517679
-1.695774e+13 -9.838105e+09 7.056835e+12 -9.012679e-01 3.221237e-01 -2.897454e-01 -7.023542e+00 0 263128
-8.615216e+12 -1.005389e+13 1.072751e+13 -4.882015e-01 -8.021203e-01 -3.438928e-01 -3.125282e+00 0 3881
1.353004e+13 -3.988244e+12 1.081595e+13 5.676837e-01 7.590994e-01 3.185958e-01 5.449868e-02 0 1
-7.331475e+12 -1.438537e+13 9.041410e+12 6.618862e-01 -6.982760e-01 2.726121e-01 -2.739482e+00 0 1524151
-8.199892e+12 -5.555950e+12 -1.381212e+13 -4.478914e-01 -3.136630e-01 -8.372627e-01 -4.108911e+00 0 201378
8.166382e+12 1.544978e+13 -1.375809e+13 2.090399e-01 5.098947e-01 -8.344518e-01 5.095187e+00 0 198337
-2.760335e+12 1.458525e+13 -8.362527e+12 -8.663016e-01 4.995212e-01 3.872448e-04 -1.173522e+00 0 1865869
-8.964344e+12 -1.589927e+13 8.890815e+12 -3.545115e-01 -8.697693e-01 3.432536e-01 6.009714e+00 0 1267375
-7.094111e+12 1.069522e+13 -1.205671e+13 -8.657380e-02 -1.606527e-01 -9.832068e-01 3.735597e+00 0 175977
1.693335e+13 -3.931047e+12 1.109766e+12 8.675261e-01 1.943619e-01 4.578448e-01 1.125078e+01 0 819928
4.604385e+12 -1.596030e+13 4.205307e+12 -1.930990e-01 -7.867594e-01 5.862785e-01 -9.658644e+00 0 3
1.811649e+12 -1.715474e+13 2.630665e+12 -4.918707e-01 -8.420604e-01 2.213538e-01 7.053894e-01 0 112368
-1.240714e+13 -5.882765e+12 -1.082842e+13 -7.965214e-01 -2.635536e-01 5.441444e-01 -9.750883e+00 0 1130840
1.047157e+13 -1.658559e+13 2.848341e+12 2.883371e-01 -8.956782e-01 3.385591e-01 -5.872194e+00 0 140595
-8.351697e+12 4.380332e+12 1.817769e+13 -6.806506e-01 -9.314817e-02 7.266624e-01 6.816759e+00 0 7377
-1.739112e+13 7.323012e+11 -3.698608e+12 -5.351231e-01 -7.761480e-01 3.335230e-01 6.405442e-01 0 1422672
-1.903301e+13 -1.329574e+13 2.794499e+12 -7.868051e-01 -5.819465e-01 2.056113e-01 -8.914821e+00 0 563500
8.485857e+12 1.382301e+13 -6.482104e+12 6.764793e-01 4.817312e-01 -5.570555e-01 -5.701630e+00 0 738383
3.066273e+11 1.621785e+13 -6.525076e+12 1.536647e-01 9.142994e-01 -3.747582e-01 4.976005e+00 0 1288031
7.296856e+11 -8.796116e+12 1.479221e+13 -1.175555e-03 -9.972127e-01 -7.460166e-02 4.659596e+00 0 753526
6.731157e+12 1.379456e+13 -8.567959e+12 -4.029587e-01 6.037341e-01 -6.878441e-01 1.270087e+01 0 2338412
-1.503499e+13 9.217864e+12 2.613281e+12 -6.014371e-01 -1.119071e-01 7.910438e-01 7.569273e+00 0 22530
-5.764157e+12 -6.929414e+12 -1.501978e+13 -8.618774e-01 -4.360063e-01 -2.589708e-01 1.871931e+00 0 62708
6.115200e+12 1.418401e+13 7.232537e+12 2.969784e-01 7.133339e-01 6.347902e-01 -5.469234e+00 0 853936
-1.156071e+13 4.041975e+12 1.215653e+13 -9.100526e-01 -1.930905e-02 4.140428e-01 -2.951562e+00 0 3872891
1.041516e+13 1.327724e+13 1.708824e+12 5.606460e-01 2.418152e-01 -7.919605e-01 -3.251259e+00 0 286593
-5.901714e+12 -1.472898e+13 -7.226782e+12 -8.344932e-01 -4.938849e-01 -2.443334e-01 2.857474e+00 0 144857
-4.799841e+12 1.636041e+13 5.126777e+12 -2.280793e-01 7.108288e-01 6.653587e-01 7.589472e+00 0 115771
-1.322422e+13 1.166149e+13 -1.287195e+12 -7.684044e-01 3.479366e-01 5.371171e-01 -1.127894e+00 0 796497
1.368868e+12 1.703412e+13 -1.398129e+12 -3.576820e-01 4.863193e-01 -7.972184e-01 6.394186e+00 0 1645853
-8.625395e+12 -1.174716e+13 -1.938681e+13 -2.685600e-01 -8.426417e-01 -4.667231e-01 -5.834072e+00 0 92551
-1.592887e+13 1.164064e+13 -1.509012e+13 -6.084751e-01 4.507980e-01 -6.530997e-01 -9.041391e+00 0 2619562
-9.397995e+12 1.487000e+13 -4.487593e+11 -7.544194e-01 2.984841e-01 -5.846012e-01 -4.570304e+00 0 2
1.532455e+13 -2.153602e+12 -7.159496e+12 8.940959e-01 3.424676e-02 -4.465643e-01 4.950781e+00 0 2
9.443034e+11 5.086183e+12 1.913986e+13 -5.615689e-01 3.096645e-01 7.672993e-01 7.256874e+00 0 370257
-9.243384e+12 2.555765e+12 1.483545e+13 -1.152509e-01 2.077547e-01 9.713677e-01 -1.257055e+01 0 88302
-3.622145e+12 9.414774e+12 -1.469067e+13 -4.419993e-01 6.495464e-01 -6.186487e-01 -3.917359e+00 0 791596
-3.758496e+12 7.863005e+12 1.491043e+13 -2.406004e-02 9.941784e-01 1.050262e-01 4.308036e+00 0 52610
-2.364989e+13 -5.649240e+12 4.875132e+12 -9.816197e-01 1.541612e-01 1.125041e-01 2.067757e-01 0 1203294
3.267783e+12 1.129975e+13 -1.340017e+13 7.417365e-01 2.212339e-02 -6.703264e-01 2.675377e+00 0 560098
-3.468455e+12 2.762713e+12 1.729914e+13 -4.795728e-01 1.061137e-01 8.710625e-01 5.923900e+00 0 121911
-2.029579e+13 9.749241e+12 -1.306479e+13 -6.180982e-01 1.976551e-01 -7.608463e-01 -9.356309e+00 0 266327
-1.309423e+13 -1.184927e+13 -1.064076e+12 -8.806771e-01 -1.877942e-01 4.349037e-01 -1.027991e+01 0 2852843
-6.348101e+11 1.555945e+12 1.692359e+13 4.502108e-02 -1.520734e-01 9.873433e-01 -1.313469e+00 0 10955
3.856995e+12 2.809473e+12 -1.934084e+13 6.432723e-01 1.664350e-01 -7.473287e-01 -8.408433e+00 0 30590
-1.442414e+13 8.016300e+12 4.592260e+12 -7.769422e-01 5.234408e-01 -3.498149e-01 -5.704736e+00 0 11973
9.328906e+12 -6.722623e+11 1.431423e+13 8.920357e-01 -5.459713e-02 4.486552e-01 -4.556464e+00 0 1182226
-5.402017e+12 -3.497027e+12 -1.820512e+13 -4.513863e-01 -4.089353e-01 -7.931093e-01 6.990108e+00 0 129364
-1.672501e+13 -4.905292e+12 1.269535e+12 -5.553909e-01 -1.702606e-01 8.139731e-01 5.288271e+00 0 1063276
8.668397e+12 -1.369433e+13 8.201448e+12 4.901439e-01 -8.097056e-01 -3.227010e-01 7.334241e+00 0 569340
4.941280e+12 -3.574211e+12 -1.682830e+13 -1.253520e-02 7.419606e-01 -6.703263e-01 -2.109383e+00 0 280838
1.508241e+13 5.749413e+12 -5.837069e+12 7.433967e-01 -6.154476e-01 -2.618885e-01 -1.076267e+01 0 24954
-1.058101e+13 -8.926843e+12 -9.862990e+12 -3.076105e-01 3.833584e-01 -8.708686e-01 6.058870e-01 0 1400755
1.668292e+13 -8.112248e+10 3.096394e+12 7.769505e-01 4.092045e-01 4.784346e-01 5.290793e+00 0 261770
-1.190399e+13 -1.784447e+13 -2.124050e+11 2.189414e-01 -9.559759e-01 1.953835e-01 -1.513121e+00 0 364395
-1.704985e+13 2.062334e+10 2.842130e+12 -7.381556e-01 5.725088e-01 3.568752e-01 -1.226270e-01 0 264688
-3.808836e+12 1.278571e+13 1.096243e+13 -6.062788e-01 7.914974e-01 7.718735e-02 -7.046232e-01 0 1111282
-1.240524e+12 -1.033610e+13 1.381458e+13 -2.871709e-01 -4.698337e-01 8.347390e-01 -6.902244e+00 0 1954826
1.095845e+13 -1.650800e+12 -1.446532e+13 6.928768e-01 -5.497817e-01 -4.665425e-01 6.005430e+00 0 464314
-1.246067e+13 7.887735e+12 -9.884653e+12 -2.179392e-01 6.230787e-01 -7.511827e-01 -1.251173e+01 0 948499
1.558354e+12 5.210917e+12 -1.609543e+13 5.785432e-01 7.970823e-01 -1.730536e-01 -6.304083e+00 0 107657
-1.705796e+13 -2.615456e+12 1.549144e+12 -8.085652e-01 -9.642159e-02 -5.804525e-01 -5.658836e+00 0 279540
-1.236289e+13 -1.517210e+13 -8.080414e+12 -1.160689e-01 -9.822743e-01 -1.471914e-01 -5.550908e+00 0 413797
-7.723597e+12 -1.409772e+13 7.265848e+12 -9.868153e-01 3.929319e-02 -1.570082e-01 -1.264299e+01 0 46738
-1.610677e+13 6.582801e+12 -4.279767e+11 -3.331622e-01 4.144415e-01 -8.469010e-01 2.401538e+00 0 143467
1.452670e+13 9.126747e+12 -4.469679e+12 6.087917e-01 6.502539e-01 -4.544695e-01 7.975787e+00 0 1286363
-2.398682e+12 1.617029e+13 -4.629849e+12 -8.643879e-01 4.098206e-01 -2.913430e-01 5.442928e+00 0 239969
1.553286e+13 -7.276737e+12 6.566412e+12 9.332467e-01 -1.112779e-01 3.415668e-01 9.096877e+00 0 67969
-1.375344e+13 2.021563e+13 9.173233e+12 -5.904716e-01 7.996760e-01 1.089106e-01 -6.240096e+00 0 138456
-5.549852e+12 3.176603e+13 -7.850163e+12 -2.316885e-01 9.716081e-01 -4.793845e-02 8.369139e+00 0 1175657
1.201666e+13 -1.251564e+12 1.403851e+13 9.427319e-01 -2.191148e-02 3.328310e-01 -5.211190e+00 0 166280
-1.316886e+13 -7.077446e+12 1.070286e+13 -9.167711e-01 -1.492302e-01 3.704878e-01 3.496373e+00 0 127374
-2.316560e+13 5.476427e+12 5.193496e+10 -8.160327e-01 5.710999e-01 8.908176e-02 -1.676438e+01 0 343926
1.049447e+13 1.474072e+13 -4.861948e+12 7.912926e-01 5.017762e-01 -3.493949e-01 -9.697659e+00 0 290262
-1.464347e+13 2.449437e+12 9.439881e+12 -7.570304e-01 5.054569e-01 4.140270e-01 -9.418693e+00 0 310208
-4.284113e+12 1.843618e+13 8.715360e+12 -4.948990e-01 4.491940e-01 7.438412e-01 -4.897985e+00 0 878162
8.870218e+12 8.933795e+12 1.369461e+13 2.861531e-01 3.150591e-01 9.049056e-01 -3.618268e+00 0 713778
8.247255e+12 -1.595412e+13 -1.401604e+12 2.365760e-01 -3.895643e-01 -8.900963e-01 1.636637e+00 0 106854
-1.169652e+13 1.083731e+13 -7.651135e+12 -8.777672e-01 -1.676487e-01 -4.487968e-01 -3.231384e+00 0 136983
6.767349e+12 1.539036e+13 -2.576016e+12 -3.309045e-01 2.962062e-01 -8.959710e-01 7.539815e+00 0 1
1.739964e+13 2.651747e+12 6.316333e+12 6.781291e-01 6.552483e-01 3.328522e-01 1.199488e-01 0 33320
5.591569e+12 1.407559e+13 -9.240198e+12 3.264435e-01 6.490919e-01 -6.871058e-01 4.405948e+00 0 466239
3.159977e+12 6.073561e+12 1.696520e+13 -2.921307e-02 1.437980e-01 9.891758e-01 -5.320232e+00 0 886667
-4.128122e+13 -2.181236e+13 2.837053e+12 -7.975566e-01 -5.983702e-01 7.652877e-02 1.405882e+01 0 1614193
-1.323436e+13 4.131604e+12 -1.039157e+13 -4.540096e-01 -5.186304e-01 -7.244983e-01 8.728724e-02 0 165378
-1.789378e+13 -1.489226e+12 -3.969003e+12 -9.603384e-01 -2.225363e-01 1.680113e-01 -5.398117e+00 0 7
1.504331e+13 -1.063619e+13 -9.191060e+12 7.636111e-01 -1.728218e-01 -6.221179e-01 1.135738e+01 0 371250
1.082357e+13 -1.650977e+13 -5.056713e+12 6.210749e-01 -7.510564e-01 2.240095e-01 -3.797628e+00 0 1320332
9.599396e+12 -5.072140e+12 -1.306174e+13 1.579504e-01 -9.005352e-01 -4.050777e-01 9.996607e-01 0 288893
1.477443e+13 -9.919264e+12 4.434471e+12 6.575004e-01 -4.613024e-01 5.957292e-01 4.890857e+00 0 184807
9.891914e+12 5.437322e+12 -1.293791e+13 8.336989e-01 2.640358e-01 -4.850064e-01 5.097012e+00 0 268215
1.251762e+13 1.090433e+13 -5.854875e+12 8.593031e-01 -2.693214e-02 5.107571e-01 2.135302e+00 0 789126
1.096712e+13 -1.289205e+13 3.205762e+12 6.882327e-01 -3.197600e-01 6.512214e-01 -6.836119e+00 0 887480
-1.434084e+13 -8.950740e+12 3.282422e+12 -6.969181e-01 -4.357613e-01 -5.695765e-01 -7.309515e+00 0 562248
7.438095e+12 1.885921e+12 -2.044928e+13 7.148911e-01 1.398389e-01 -6.851101e-01 -5.927263e+00 0 642923
1.211662e+13 -1.100518e+13 -4.660991e+12 -3.184327e-01 -6.607959e-01 -6.796686e-01 2.672328e-01 0 30199
3.266454e+11 3.785375e+12 -1.693869e+13 -1.950787e-01 -3.898102e-01 -8.999957e-01 9.360810e+00 0 984472
4.698477e+12 9.302401e+12 1.359752e+13 -7.955226e-01 1.032453e-01 5.970630e-01 -8.890744e-01 0 115334
-1.226521e+13 -1.300364e+13 -5.462125e+12 -6.215145e-01 -2.882848e-01 -7.284309e-01 2.960643e+00 0 314535
-8.732342e+12 -1.459689e+13 -6.754542e+12 -4.686702e-01 -6.122102e-01 -6.368256e-01 -1.057869e+00 0 178319
9.851027e+12 1.157703e+13 7.767257e+12 5.420465e-01 7.745971e-01 3.258603e-01 1.460613e+00 0 2
4.849601e+12 -2.413326e+13 -9.591761e+12 2.415615e-01 -6.193779e-01 -7.470067e-01 -3.336868e+00 0 11
1.493318e+13 6.401274e+12 -5.059247e+12 3.764524e-01 5.063743e-01 -7.758019e-01 5.315059e+00 0 46966
3.982002e+12 1.470608e+13 1.392465e+13 -4.090633e-02 6.809707e-01 7.311673e-01 7.316199e+00 0 619156
-9.117671e+12 1.483031e+13 -1.955304e+12 -5.674849e-01 7.088074e-01 -4.189904e-01 -5.166501e+00 0 36873
-1.223960e+13 -2.836575e+12 1.267928e+13 2.602242e-02 -7.591671e-01 6.503754e-01 -1.808870e+00 0 149749
-1.849424e+13 1.391765e+12 -1.025199e+12 -9.852718e-01 1.584223e-01 -6.435740e-02 -5.224685e+00 0 5
-9.027111e+12 1.440850e+13 -2.715234e+12 -5.768002e-01 7.991019e-01 1.695217e-01 6.858996e+00 0 460520
-4.143044e+12 1.606863e+13 4.160910e+12 -3.204613e-02 7.924276e-01 6.091235e-01 5.260571e+00 0 4600453
2.324422e+12 -1.378358e+13 -1.475297e+13 4.310665e-01 -6.211447e-01 -6.544928e-01 8.432379e+00 0 370409
1.264143e+13 -7.078107e+12 9.030851e+12 2.290203e-01 -4.957599e-01 8.377182e-01 -6.829815e+00 0 355325
1.689279e+13 -4.583980e+12 5.653550e+12 9.732316e-01 1.229453e-01 1.941771e-01 6.525662e+00 0 873851
1.258187e+13 -1.838679e+13 -2.931553e+12 8.171934e-01 -4.865535e-01 3.089671e-01 1.290406e+01 0 1401493
-1.523494e+13 1.620594e+13 -1.195884e+12 -7.133779e-01 4.995935e-01 -4.914249e-01 9.440506e+00 0 3
2.984290e+13 5.730607e+12 -5.303317e+11 9.452602e-01 2.303036e-01 2.311785e-01 -8.625482e+00 0 292307
-1.823348e+13 2.670001e+12 -2.303967e+12 -7.101591e-01 6.908597e-01 -1.355987e-01 5.099462e+00 0 1889539
8.620057e+12 9.829792e+12 -1.217156e+13 8.537257e-01 4.645054e-01 -2.353448e-01 -6.298310e+00 0 154822
9.090965e+12 -1.352926e+13 -1.003381e+13 -1.102147e-01 -9.755041e-01 -1.903799e-01 -9.740372e+00 0 145964
-1.834746e+12 6.584375e+12 -1.662938e+13 2.308616e-01 5.941134e-01 -7.705402e-01 -5.402358e+00 0 600870
1.026691e+13 3.062734e+12 -1.337361e+13 -2.734255e-01 6.938670e-01 -6.661735e-01 6.927573e-01 0 596251
6.601542e+12 -1.585213e+13 6.065762e+12 4.088377e-01 -7.011890e-01 5.841111e-01 -4.451413e+00 0 155154
3.731578e+12 -1.743511e+13 -5.846819e+12 3.229498e-01 -7.582642e-01 -5.663382e-01 -3.021935e+00 0 3051781
-1.728912e+13 -7.307783e+12 -1.123890e+13 -9.663624e-01 -2.395389e-01 -9.362053e-02 6.147312e+00 0 5
-1.410423e+13 -7.821646e+12 5.941055e+12 -4.414229e-01 -5.323750e-01 7.223037e-01 -4.957079e+00 0 815503
4.917614e+11 1.653286e+13 6.012707e+12 -1.597057e-01 8.707861e-01 4.650007e-01 -4.135118e+00 0 1
4.175816e+11 -5.708347e+12 1.604219e+13 5.531637e-01 -5.599537e-01 6.168158e-01 2.635742e+00 0 151645
4.973016e+12 -6.662125e+12 -1.550255e+13 3.633154e-01 -1.847369e-03 -9.316644e-01 -1.399709e+00 0 34881
4.522726e+12 1.764018e+13 -1.460262e+12 -3.454029e-01 9.380161e-01 -2.868177e-02 -2.969578e+00 0 3
-3.367584e+12 -1.175559e+13 -1.617893e+13 -2.677339e-01 -7.834098e-01 -5.608812e-01 7.265004e+00 0 210697
2.494349e+12 1.286315e+13 -1.119933e+13 5.224969e-01 8.483250e-01 -8.568346e-02 -1.237780e+01 0 467143
1.327230e+13 1.787531e+12 1.072644e+13 8.663421e-01 3.158166e-01 -3.869254e-01 -4.229460e+00 0 627398
-6.468535e+12 3.006353e+12 -1.979345e+13 -7.928502e-01 2.582224e-01 -5.520052e-01 -7.367626e+00 0 90088
-3.575164e+13 -5.285652e+12 1.228035e+13 -9.855991e-01 -1.506814e-01 7.674309e-02 9.207262e+00 0 241977
-8.214668e+12 5.759343e+12 1.369655e+13 -8.614194e-01 1.806372e-01 4.746861e-01 4.827624e+00 0 966370
1.864324e+12 -1.649881e+13 6.025717e+12 -8.739970e-01 -4.757492e-01 -9.895436e-02 1.147346e+00 0 50961
-4.262797e+12 1.663900e+13 -1.047118e+13 2.932682e-01 9.494391e-01 -1.120680e-01 1.159415e+00 0 529842
-8.828658e+12 -1.369306e+13 -8.483021e+12 -7.028189e-01 -6.425963e-01 -3.051486e-01 3.136094e+00 0 2
-1.412207e+13 -1.388542e+13 -1.573578e+13 -7.029652e-01 -4.081409e-01 -5.824611e-01 -1.134053e+01 0 69386
-6.591932e+12 -1.519152e+13 -1.033164e+13 -4.158756e-01 -5.934898e-01 -6.890699e-01 5.856305e+00 0 309148
-5.768051e+12 -1.504874e+13 -6.474350e+12 -4.406711e-01 -7.776275e-01 4.484467e-01 -7.477162e+00 0 4
5.336354e+12 1.047139e+13 1.406602e+13 4.064903e-01 -1.332778e-01 9.038820e-01 4.407020e+00 0 884135
1.790823e+13 1.305146e+12 2.734441e+12 7.307256e-01 6.468478e-01 -2.182383e-01 7.938860e+00 0 3
2.045866e+13 -1.472344e+12 -5.750949e+12 6.822059e-01 1.819398e-01 -7.081617e-01 1.293958e+01 0 1523539
4.568156e+13 1.889295e+12 -1.636516e+12 9.919914e-01 7.231533e-02 -1.035544e-01 1.065082e+01 0 695466
1.355566e+13 -5.902725e+11 1.092410e+13 9.751350e-01 1.948894e-01 -1.054985e-01 7.526927e+00 0 1879762
1.101972e+13 1.038306e+13 7.883262e+12 9.629059e-01 -2.526204e-01 9.484239e-02 4.677021e-01 0 313091
-2.734223e+13 -2.858168e+11 4.239714e+12 -9.496080e-01 1.335041e-01 -2.835866e-01 -1.014843e+01 0 316249
2.163227e+13 -4.386175e+12 1.040804e+13 5.725941e-01 -9.294474e-02 8.145534e-01 4.927532e+00 0 237547
2.723159e+12 -7.813034e+12 -1.586203e+13 4.086086e-01 -2.834058e-01 -8.675945e-01 -5.920908e+00 0 71707
1.024111e+12 -1.915671e+13 3.917651e+12 3.001689e-01 -8.719109e-01 -3.868720e-01 -4.276890e+00 0 1698520
-1.197062e+13 3.300189e+12 1.168536e+13 -4.305514e-01 6.155894e-01 6.600570e-01 2.069202e-01 0 1
-2.376405e+13 -6.177848e+12 4.042353e+13 -5.748801e-01 -3.111842e-02 8.176457e-01 9.199257e+00 0 237204
1.141039e+13 1.648751e+13 -3.295062e+12 4.098117e-01 8.674413e-01 -2.821345e-01 1.060965e+01 0 146197
4.949108e+12 1.431185e+13 1.002541e+13 3.797545e-01 7.896963e-01 -4.818363e-01 -4.296486e+00 0 11195
1.837401e+13 -1.377723e+13 -1.921890e+11 6.838267e-01 -5.299537e-01 -5.015277e-01 3.991494e+00 0 332275
1.929904e+13 -2.460748e+12 -7.239101e+12 8.190771e-01 -3.424416e-01 4.602677e-01 -8.255706e+00 0 702478
1.762539e+13 1.129408e+13 -8.206774e+11 8.274320e-01 5.234647e-01 2.033250e-01 8.481936e+00 0 805536
4.565564e+12 1.778383e+13 -1.541800e+12 5.574193e-01 8.163994e-01 -1.509162e-01 7.173860e+00 0 51732
3.778287e+12 8.919630e+12 -1.487614e+13 -1.638784e-01 2.000689e-01 -9.659795e-01 5.447326e+00 0 793953
-7.283023e+12 1.382205e+13 -1.077220e+13 -9.885209e-01 1.113046e-01 -1.021655e-01 -2.878674e+00 0 971123
-1.046361e+13 2.893755e+12 1.695315e+13 1.842468e-01 2.403814e-01 9.530320e-01 5.936581e+00 0 70733
1.653121e+13 2.069297e+12 -4.825112e+12 5.081205e-01 -6.951390e-01 -5.085227e-01 3.476178e-01 0 2
3.531032e+12 1.677582e+13 -7.503981e+12 1.347964e-01 8.415374e-01 5.231106e-01 1.006438e+01 0 2
-1.694390e+13 9.390086e+12 4.526172e+12 -2.183680e-01 8.265945e-01 5.187070e-01 -1.046459e+01 0 37541
8.878453e+12 -1.358940e+13 5.408372e+12 -3.267333e-01 -8.488811e-01 -4.155073e-01 -6.447090e-01 0 62390
-9.564999e+12 -1.618691e+13 1.009182e+12 -4.983874e-01 -8.366326e-01 2.272793e-01 -6.172929e+00 0 657588
-8.345213e+12 -8.764051e+12 -1.974054e+13 -2.511978e-01 -6.246456e-01 -7.394035e-01 9.469610e+00 0 1305068
8.805111e+12 1.536224e+13 -2.346354e+12 1.563311e-01 8.434221e-01 5.140036e-01 -8.606769e-01 0 728571
7.240768e+12 -1.561283e+13 -1.444271e+13 5.519302e-01 -7.617367e-02 -8.304039e-01 8.976318e+00 0 5
1.078676e+13 1.443417e+13 -8.587257e+12 1.956429e-01 3.371518e-01 -9.208977e-01 6.496336e+00 0 126023
-2.180709e+13 -4.884679e+12 -4.088969e+12 -7.699439e-01 -1.940370e-01 -6.078947e-01 -5.442443e+00 0 2
1.612952e+13 -2.523357e+12 -1.102401e+13 2.209351e-01 3.416496e-01 -9.134896e-01 8.907436e+00 0 908292
-1.306688e+13 7.814892e+12 7.706421e+12 -2.439579e-01 6.574380e-01 7.129235e-01 -1.133573e+00 0 528131
1.844112e+13 6.189423e+12 -1.523289e+13 9.073625e-01 2.213422e-01 -3.573526e-01 -8.567234e+00 0 712396
-8.748237e+12 -2.469695e+12 1.508193e+13 -6.292930e-01 -6.991491e-01 3.393831e-01 -3.891742e+00 0 65670
7.097486e+12 6.781723e+12 -1.516934e+13 2.304454e-02 3.527166e-01 -9.354464e-01 -4.326135e+00 0 104
-8.027027e+12 -1.070515e+13 -1.048352e+13 -5.506961e-01 -7.206459e-01 4.211927e-01 4.080565e+00 0 3212
-6.718453e+12 -9.569167e+12 -1.876205e+13 -6.948806e-01 -4.004346e-01 -5.973216e-01 4.120353e+00 0 848760
-5.001721e+12 -1.376530e+13 8.878273e+12 -9.753940e-01 1.696844e-01 1.407615e-01 -1.023290e+01 0 62718
-7.872273e+12 -4.677214e+12 1.494950e+13 -4.893986e-02 6.736043e-01 7.374701e-01 -7.388316e+00 0 534968
-1.072229e+13 1.062258e+13 8.572008e+12 4.572041e-02 3.583537e-01 9.324657e-01 1.114500e+00 0 2219320
1.101657e+13 -9.387478e+12 -1.057672e+13 1.515565e-01 -9.537228e-01 -2.596987e-01 -8.461774e+00 0 936887
1.317968e+13 7.965259e+12 8.855336e+12 6.660268e-01 -8.406832e-02 7.411753e-01 -7.636201e+00 0 72983
-1.311214e+13 -1.370188e+11 -1.204864e+13 -5.724952e-01 -1.586113e-01 -8.044201e-01 6.375407e+00 0 1
-6.044799e+12 -1.853947e+12 -1.876858e+13 -7.381918e-01 5.091629e-01 -4.425224e-01 -9.732084e+00 0 114022
-4.577486e+12 -2.757358e+12 1.648010e+13 -4.506531e-01 -8.603829e-01 2.380192e-01 5.043494e+00 0 470303
-1.567322e+13 3.592284e+12 -1.087405e+13 -3.352191e-01 3.911986e-01 -8.570833e-01 -7.886445e+00 0 17923
2.031937e+13 6.773526e+12 -1.150230e+13 9.725360e-01 2.297671e-01 3.715925e-02 7.001161e+00 0 94022
1.507479e+13 8.051765e+12 5.186234e+12 9.027706e-01 6.344375e-02 4.254176e-01 2.319404e+00 0 253933
1.080579e+13 -1.160027e+12 -1.361941e+13 6.851591e-01 -5.106553e-01 -5.194114e-01 -1.050897e+01 0 710493
8.735013e+12 1.817903e+13 -4.753095e+12 -8.866999e-02 9.224210e-01 3.758684e-01 1.136122e+01 0 384652
-1.329965e+13 -1.131688e+12 -1.047094e+13 -8.758200e-01 -4.729845e-01 9.604669e-02 8.834372e+00 0 213764
1.072571e+13 2.844884e+12 -1.372237e+13 4.419665e-01 -5.352703e-01 -7.198272e-01 8.221445e+00 0 511251
1.329096e+13 -1.464043e+13 5.906760e+12 7.815218e-01 -4.432758e-01 4.390105e-01 1.047631e+01 0 1252172
-1.742332e+13 -4.820620e+12 -4.836837e+12 -7.213849e-01 -4.233892e-01 5.480378e-01 -5.265113e+00 0 1019544
-1.744914e+13 6.031362e+11 -5.185207e+12 -9.859100e-01 -1.592504e-01 5.119414e-02 -6.740674e+00 0 105447
-6.736748e+11 -1.511168e+13 1.231259e+13 1.860304e-02 -8.954781e-01 4.447167e-01 1.073771e+01 0 1440717
1.363423e+13 1.073135e+13 -5.553532e+12 8.591648e-01 5.115317e-01 1.308348e-02 4.697943e+00 0 119135
-1.173877e+13 -1.404882e+13 3.359012e+12 -8.419381e-01 -4.524868e-01 2.939319e-01 3.000432e+00 0 40366
1.552222e+13 6.286951e+12 3.378870e+12 6.668616e-01 7.048485e-01 2.418349e-01 -1.933981e+00 0 369280
1.796686e+13 1.377213e+11 -1.235600e+12 9.858726e-01 -1.670545e-01 1.216909e-02 -6.437029e+00 0 467788
7.812911e+12 -3.300361e+12 1.508075e+13 9.627076e-01 -1.708942e-01 2.097364e-01 4.699492e+00 0 94589
2.711209e+13 8.928671e+12 1.293214e+12 5.865658e-01 8.098878e-01 4.718727e-03 1.591770e+01 0 388036
2.040636e+12 1.397918e+13 1.141600e+13 -5.089004e-01 7.669672e-01 3.908730e-01 8.984680e-02 0 2317885
1.410690e+13 1.195415e+13 8.864030e+12 5.804364e-01 6.165572e-01 5.319312e-01 -4.421182e+00 0 11419
9.862019e+12 -5.764017e+12 1.313232e+13 1.043378e-01 -8.250858e-01 5.552901e-01 -1.191577e+01 0 1549163
1.505413e+13 7.478379e+12 -6.527134e+12 2.861574e-01 7.567924e-01 -5.876897e-01 1.087501e+01 0 40410
-9.333057e+12 1.355602e+13 5.953170e+12 -7.629627e-01 -2.324756e-01 6.031940e-01 -6.348284e+00 0 18
8.006529e+12 1.789609e+13 3.261137e+13 4.289016e-01 3.659861e-01 8.258920e-01 -1.685639e+01 0 1032485
-7.960652e+12 -8.466351e+12 -1.265825e+13 -6.660971e-01 -6.812894e-01 3.035777e-01 6.465851e+00 0 249048
9.341242e+12 -1.166447e+13 1.198242e+13 -2.945715e-01 -9.337229e-01 2.034432e-01 -8.644159e+00 0 1
1.116540e+13 4.359442e+12 1.228976e+13 -1.104362e-01 4.190062e-01 9.012423e-01 1.058778e+01 0 740906
1.437129e+13 1.838133e+13 1.604021e+13 3.873928e-01 4.398147e-01 8.102406e-01 7.614298e+00 0 37181
6.119233e+12 1.211657e+13 1.048147e+13 1.043868e-01 5.154370e-01 8.505458e-01 6.586962e+00 0 819640
7.362178e+11 -2.144760e+13 -5.496279e+12 -2.981058e-01 -8.541500e-01 -4.260994e-01 3.079839e+00 0 1376741
-2.818186e+13 1.290767e+13 6.810634e+12 -8.422335e-01 3.067775e-01 4.433174e-01 1.038863e+01 0 17331
9.358524e+12 1.407577e+13 1.004260e+13 1.166814e-01 9.811924e-01 -1.537753e-01 -6.331057e+00 0 1802307
-4.970459e+12 8.777737e+12 1.537488e+13 -6.436570e-01 -2.874521e-01 7.092792e-01 1.415079e+01 0 71129
-2.366660e+13 -1.831879e+13 5.580114e+12 -8.775420e-01 -2.252222e-01 4.233143e-01 2.489845e+00 0 483589
6.153509e+12 -1.585946e+13 -3.423154e+12 -6.680293e-01 -7.423733e-01 5.117419e-02 -1.597597e+01 0 3
5.133063e+12 7.335116e+12 1.807693e+13 2.319319e-01 8.071149e-01 5.429301e-01 -8.179913e+00 0 911876
-1.106615e+13 4.061723e+12 1.239441e+13 -6.907832e-01 -3.034973e-01 6.562834e-01 -2.972307e+00 0 485051
4.593901e+12 -1.599530e+13 -5.620433e+12 3.299825e-01 -8.613691e-01 -3.862058e-01 -2.090020e+00 0 848894
-3.356894e+12 1.489721e+13 7.521595e+12 -2.509849e-01 8.788680e-01 -4.057062e-01 -1.994588e+00 0 48263
-4.864778e+12 8.632855e+12 -1.849671e+13 -4.579833e-01 3.511637e-01 -8.166611e-01 5.998064e+00 0 1624194
-1.772519e+13 -6.627832e+11 -1.213186e+12 -8.495739e-01 3.218295e-01 4.179115e-01 -8.242471e+00 0 352715
5.910803e+12 1.882254e+13 3.682751e+12 5.377111e-01 6.559864e-01 5.296685e-01 -9.885466e+00 0 596317
-1.210641e+13 -1.271873e+13 1.283910e+12 -6.203529e-01 -7.817474e-01 -6.350842e-02 4.003185e+00 0 70810
1.506042e+13 -1.062743e+13 1.065933e+12 7.450253e-01 -2.419650e-01 6.216030e-01 -2.872375e+00 0 1918423
-1.228424e+12 2.291032e+13 7.491911e+12 -4.286446e-01 6.582001e-01 6.188994e-01 -3.188807e+00 0 71252
-1.685277e+13 4.471962e+12 -8.060161e+11 -9.317103e-01 -2.766089e-02 -3.621476e-01 9.467739e+00 0 383511
-1.647072e+13 -3.976876e+12 1.801489e+12 -3.787027e-01 3.340916e-01 8.631147e-01 -8.524776e+00 0 3
-1.411725e+13 6.683332e+12 8.059779e+12 -3.114394e-01 -1.676413e-01 9.353619e-01 -4.772160e+00 0 989469
1.352564e+13 -4.899906e+12 -9.522614e+12 9.260338e-01 1.161542e-01 -3.591232e-01 -1.007956e+00 0 25158
-5.387269e+12 -6.990090e+11 1.633331e+13 -8.122038e-01 5.045896e-01 2.927700e-01 -6.123869e+00 0 144261
-1.776483e+13 1.785689e+12 -4.294520e+12 -9.255203e-01 -3.105020e-01 -2.167965e-01 1.065105e+01 0 14
2.849196e+12 -1.089838e+13 -2.819170e+13 -8.716816e-02 -1.518104e-01 -9.845584e-01 -7.261511e+00 0 596343
-1.182551e+13 7.452691e+12 -1.231744e+13 -7.110379e-01 7.025982e-01 -2.794250e-02 -1.081621e+01 0 359487
1.979821e+13 1.685117e+13 -1.068135e+13 8.013705e-01 5.975346e-01 2.752620e-02 -8.590724e+00 0 309528
2.646186e+11 1.874520e+13 8.953522e+11 2.536724e-01 8.774331e-01 -4.071381e-01 -6.917489e+00 0 7
-1.055254e+13 3.898564e+12 1.269748e+13 -6.171236e-01 6.731953e-01 4.073901e-01 -5.838703e-01 0 1042105
1.836714e+13 2.035725e+12 -8.322259e+12 8.993958e-01 2.999873e-01 3.179541e-01 1.064639e+01 0 932730
4.255659e+12 9.644732e+12 -1.354449e+13 5.471691e-02 9.984174e-01 1.299252e-02 6.414935e+00 0 900917
-1.062336e+13 1.624281e+13 -2.017571e+13 -9.785146e-02 6.967474e-01 -7.106111e-01 3.252214e+00 0 819391
-8.851045e+12 4.601543e+12 -1.424895e+13 -7.405702e-01 -2.530081e-01 -6.225293e-01 1.126779e+01 0 996605
2.405538e+12 -1.726466e+13 -2.465676e+12 -4.237483e-01 -4.621104e-01 -7.790323e-01 1.228097e-01 0 3
1.478948e+13 -1.052518e+12 1.371746e+13 6.545256e-01 -2.125440e-01 7.255490e-01 7.998169e+00 0 1350030
1.261106e+12 -1.858352e+13 -5.328759e+12 -4.135655e-01 -8.878180e-01 2.018487e-01 8.347457e-02 0 1917551
1.614100e+13 -3.215954e+11 5.326886e+12 8.139359e-01 -1.433504e-01 -5.629912e-01 5.455104e+00 0 295340
4.955056e+12 2.788953e+12 1.773634e+13 6.509799e-01 -5.837873e-02 7.568468e-01 -6.156942e+00 0 837198
-9.277088e+12 2.550730e+12 1.691135e+13 1.780072e-01 -6.062340e-01 7.751088e-01 -3.485058e+00 0 14545
-8.698293e+12 -1.228128e+13 7.888289e+12 6.348163e-01 -5.725293e-01 5.188627e-01 1.219589e+01 0 1
-6.773396e+12 -1.222511e+13 1.277964e+13 -9.086638e-01 -4.148293e-01 4.739965e-02 -1.305258e+01 0 289108
-1.025388e+13 -3.215597e+12 1.797608e+13 -6.990806e-01 -6.352355e-01 3.282716e-01 -7.272990e+00 0 1015767
-1.804067e+13 3.751230e+09 -1.128839e+13 -9.303743e-01 3.651148e-01 -3.308694e-02 6.783186e+00 0 2301770
-3.197052e+12 -1.890696e+12 -1.657773e+13 -3.638859e-01 -8.911025e-01 -2.711521e-01 3.118616e+00 0 1866342
-8.076886e+12 1.553938e+13 1.658129e+13 -2.478546e-01 4.374737e-01 8.643986e-01 -1.083052e+01 0 546378
-1.082981e+12 -6.813308e+12 1.635271e+13 -1.457585e-02 -8.834785e-01 4.682449e-01 5.470881e+00 0 735295
-1.645400e+13 7.058275e+11 -5.294415e+12 -8.985828e-01 3.189872e-01 3.013240e-01 3.393488e+00 0 537550
-1.193479e+13 -1.612047e+13 3.660715e+12 -2.539220e-01 -8.455710e-01 -4.696096e-01 1.770843e+01 0 719612
-1.480959e+13 -6.356419e+12 -5.872086e+12 -8.237523e-01 2.987898e-01 -4.818265e-01 -9.417539e+00 0 1372915
1.798897e+13 -3.767022e+12 -8.220375e+11 6.389112e-01 -7.020785e-01 3.144492e-01 -3.232744e-01 0 148059
1.091334e+13 -1.337166e+13 -2.062078e+12 3.511416e-01 -7.522823e-01 -5.574683e-01 2.791127e+00 0 120839
-4.706903e+11 9.333389e+12 1.416840e+13 -9.479398e-01 -6.387535e-02 3.119778e-01 -1.265399e+00 0 664028
-1.485107e+13 3.408308e+12 9.175027e+12 -5.606868e-01 -3.467046e-01 7.519483e-01 -5.515092e+00 0 151335
1.575396e+13 -9.194685e+12 8.531640e+12 4.486685e-01 -8.579115e-01 2.503687e-01 -9.165599e+00 0 110587
-1.312479e+13 7.845421e+12 9.161210e+12 -1.156942e-01 8.661431e-01 4.862211e-01 -9.956286e+00 0 3
-1.013533e+12 -7.660896e+12 -1.624276e+13 -2.018858e-01 1.060977e-02 -9.793516e-01 -6.421644e+00 0 135767
-4.666340e+12 8.587038e+12 -1.387347e+13 4.701317e-02 6.034673e-01 -7.960006e-01 -5.367914e-02 0 142287
1.389021e+13 -1.158088e+13 -4.232642e+12 7.034678e-01 -2.596269e-01 6.616094e-01 8.922715e+00 0 452186
1.149254e+12 1.541222e+13 -7.207215e+12 -5.101670e-01 8.565479e-01 -7.781610e-02 -1.204599e+00 0 1
1.129491e+13 9.314823e+12 -1.106591e+13 8.490506e-01 1.296603e-01 -5.121536e-01 2.308999e+00 0 40612
-1.036829e+13 5.476789e+12 -1.351008e+13 -4.261281e-01 4.683216e-01 -7.740089e-01 5.455695e+00 0 913341
-2.773078e+12 2.710748e+12 -1.855949e+13 4.904401e-01 9.886272e-02 -8.658491e-01 -6.542432e+00 0 1344575
3.979883e+12 1.535309e+13 1.031431e+13 -3.911392e-01 9.197443e-01 3.287226e-02 1.248528e+01 0 1361682
-9.872876e+12 4.735599e+11 -1.525404e+13 -2.597693e-01 7.357572e-01 -6.254449e-01 3.622242e+00 0 204319
6.151588e+12 6.672103e+12 -1.640438e+13 4.791530e-01 2.768944e-01 -8.329117e-01 -7.474860e+00 0 295519
1.840785e+13 -6.163599e+12 -4.714500e+12 7.634213e-01 -6.002842e-01 2.384256e-01 -9.655482e+00 0 1079920
9.739470e+12 6.658465e+12 1.416535e+13 4.219560e-01 -4.497259e-01 7.872101e-01 -1.243048e+01 0 303921
-9.169784e+12 -9.685343e+12 -1.093783e+13 -8.088881e-01 -4.122339e-01 -4.192413e-01 -5.870825e+00 0 64295
8.976017e+12 3.178240e+12 -1.424836e+13 4.685369e-01 8.185621e-01 -3.323090e-01 2.571006e-01 0 163396
-1.577618e+13 1.043015e+13 -1.937070e+12 -9.684805e-01 -1.365996e-01 2.082934e-01 8.914850e+00 0 88553
9.384593e+12 -6.237006e+12 -1.293241e+13 2.630438e-01 1.378806e-01 -9.548806e-01 6.804384e+00 0 77478
-1.026488e+13 7.427989e+12 -1.145740e+13 -1.057408e-01 1.436487e-01 -9.839634e-01 -3.434795e+00 0 1273709
1.352578e+13 -1.029667e+13 -2.173950e+11 7.678503e-01 -5.441119e-01 3.381542e-01 2.617617e+00 0 117779
-4.624036e+12 -1.615046e+13 -3.118438e+12 -1.975813e-01 -7.703420e-01 6.062465e-01 -5.762326e+00 0 1941324
-9.338726e+12 -1.476959e+13 2.953212e+12 -9.298542e-01 -3.639997e-01 -5.362296e-02 -6.991167e-01 0 1248851
8.950328e+12 -1.603838e+13 6.584364e+12 3.124861e-02 -7.992334e-01 6.002078e-01 2.409649e+00 0 23586
1.264525e+13 8.668130e+12 -7.576305e+12 8.294073e-01 2.511098e-01 -4.990265e-01 1.958200e+00 0 227857
-1.259520e+13 1.265019e+13 1.656063e+12 -9.185270e-01 2.300465e-01 -3.215380e-01 -9.737791e-01 0 1
-2.971207e+12 1.522952e+13 -7.976508e+12 -1.736118e-01 9.739065e-01 1.461679e-01 -7.644821e+00 0 61807
-1.717131e+13 2.432538e+12 8.085270e+11 -5.360499e-01 8.010279e-01 -2.664674e-01 1.931803e+00 0 1193069
-3.182297e+12 -1.677387e+13 -7.722651e+12 -6.693296e-01 -7.050689e-01 2.342557e-01 -8.785562e+00 0 270591
2.059681e+13 -3.566833e+12 -6.418850e+12 8.349675e-01 -5.490432e-01 -3.716075e-02 1.667158e+00 0 78227
-1.015814e+13 8.221139e+12 1.222168e+13 -2.871499e-02 6.835917e-01 7.292995e-01 -1.126018e+01 0 872456
-1.101754e+13 7.441391e+12 -1.057284e+13 4.432220e-01 6.828445e-01 -5.807561e-01 -8.700730e+00 0 75953
2.640870e+12 1.813053e+12 -1.703612e+13 -6.245420e-02 2.029854e-01 -9.771880e-01 -3.184300e+00 0 52606
8.614535e+12 -1.340147e+13 6.806722e+12 6.987221e-01 -7.069138e-01 -1.098194e-01 -2.544447e+00 0 744921
-7.850205e+12 9.870832e+12 1.218618e+13 -1.277837e-01 8.766739e-01 4.638040e-01 -7.296967e+00 0 868888
3.175282e+12 -1.638465e+13 -3.069577e+12 1.158121e-01 -6.754388e-01 -7.282651e-01 -7.306715e-01 0 495796
-9.709749e+12 -1.420288e+13 -2.050580e+12 2.114175e-01 -8.953844e-01 -3.919050e-01 1.324252e+01 0 1106423
1.958499e+13 2.226837e+13 3.263088e+12 7.792413e-01 5.648680e-01 2.714906e-01 9.473903e+00 0 33422
3.610004e+12 -4.016750e+12 1.825166e+13 2.787044e-01 2.182243e-01 9.352551e-01 -3.923738e+00 0 31799
-1.185156e+13 -6.889575e+12 1.504450e+13 -4.223934e-01 -1.273366e-02 9.063231e-01 -6.598193e+00 0 99204
-6.247680e+12 -8.719879e+12 1.323822e+13 2.585469e-01 8.000339e-02 9.626801e-01 -2.191399e+00 0 38247
6.488803e+11 -1.081812e+13 1.309483e+13 -8.323392e-01 -4.206068e-01 3.609728e-01 -1.598941e+00 0 565558
-1.205149e+13 1.144900e+13 -6.158247e+12 -8.770970e-01 3.185604e-01 3.594721e-01 -4.530757e+00 0 263094
-1.087883e+13 -6.414583e+11 -1.301291e+13 4.050851e-01 4.104689e-02 -9.133571e-01 -1.224738e+00 0 193371
-1.417633e+13 -9.354778e+12 2.286415e+12 -3.198734e-01 -5.542779e-01 -7.684120e-01 -3.510817e+00 0 185413
-2.151024e+13 3.527942e+12 -1.959976e+11 -8.258443e-01 3.220614e-01 -4.628796e-01 7.204441e+00 0 259468
-6.113356e+10 -1.164438e+13 1.254679e+13 5.838263e-01 -7.853885e-01 -2.056981e-01 6.300600e+00 0 150646
-5.395034e+12 -1.656749e+13 -4.868029e+10 6.493112e-02 -8.885877e-01 -4.540880e-01 -3.188994e+00 0 1499001
-3.048901e+12 2.030132e+13 -6.089322e+12 1.972077e-01 9.802603e-01 1.410290e-02 -7.856119e+00 0 21728
-4.260605e+12 1.135676e+13 1.490666e+13 -4.935775e-01 6.479251e-01 5.801503e-01 6.393544e+00 0 1280082
-5.790018e+12 -5.460410e+12 -1.702248e+13 2.659322e-01 2.485206e-01 -9.314062e-01 5.287666e+00 0 1576234
-1.133466e+13 1.389713e+13 -9.268874e+12 -8.040047e-01 1.229605e-01 -5.817708e-01 -3.836957e+00 0 559674
1.765320e+13 8.536348e+11 5.020536e+12 8.318107e-01 5.510241e-01 -6.680853e-02 6.143394e-01 0 1902763
7.812292e+12 -7.718865e+12 -1.633825e+13 2.289114e-01 -7.033863e-01 -6.729393e-01 -1.046003e+01 0 139094
-1.329565e+12 -7.751327e+12 1.506518e+13 -8.083537e-01 8.121756e-02 5.830678e-01 -9.909419e+00 0 1568062
-1.510240e+13 -6.208401e+12 7.546762e+12 -8.027873e-01 -5.777934e-01 -1.472665e-01 -4.358835e+00 0 10
1.431508e+12 3.148040e+12 -1.810015e+13 2.025344e-01 -7.422802e-02 -9.764579e-01 4.422963e+00 0 207610
9.042870e+12 4.740742e+12 -1.396035e+13 7.279171e-02 9.726695e-01 -2.204889e-01 8.349519e+00 0 277669
-1.846368e+13 -5.518203e+12 -2.278655e+12 -8.791830e-01 -1.490435e-01 -4.525741e-01 -9.001229e+00 0 511896
-8.858326e+12 9.343253e+12 -1.293182e+13 -2.707952e-01 5.936581e-01 -7.577862e-01 5.939825e+00 0 35551
-5.116909e+12 -4.663617e+12 -1.803527e+13 -9.149458e-02 -2.951979e-01 -9.510452e-01 7.376476e+00 0 11832
-3.308810e+12 -1.601197e+13 6.851052e+12 -5.487046e-01 -8.307675e-01 9.353406e-02 3.583526e+00 0 85098
-9.322617e+12 -4.735955e+12 1.860359e+13 -3.866385e-01 9.364872e-02 9.174642e-01 4.411395e+00 0 234835
1.577460e+13 6.799163e+12 4.641214e+12 3.734221e-01 8.733667e-01 3.127084e-01 -1.477410e+00 0 260121
1.301092e+13 -5.947503e+12 1.264129e+13 7.591840e-01 4.882237e-01 4.304384e-01 -4.058842e+00 0 11
2.256907e+12 1.618772e+13 -5.724400e+12 -3.898022e-01 9.199644e-01 4.147069e-02 1.284818e+01 0 1171363
1.509864e+13 1.010823e+12 -7.883697e+12 -8.591720e-02 -3.854247e-01 -9.187306e-01 1.895032e+00 0 1721502
1.901309e+12 1.076824e+13 -1.296691e+13 -8.815518e-01 6.855002e-02 -4.670839e-01 5.228137e+00 0 489063
-1.507076e+13 9.429447e+12 -6.329134e+12 -5.299539e-01 7.343249e-01 4.241648e-01 -1.069254e+01 0 43157
4.725298e+12 -6.267627e+12 1.784176e+13 2.765514e-01 -6.869504e-01 6.720257e-01 -9.608437e+00 0 5534
-1.632168e+13 -1.219924e+13 -2.613629e+12 -3.728872e-01 -7.584472e-01 -5.345212e-01 1.145128e+01 0 1406685
-1.115304e+13 1.299724e+13 1.785947e+12 -6.499923e-01 7.591722e-01 3.417084e-02 -3.714111e+00 0 787328
-2.353310e+12 1.448277e+13 8.734442e+12 -9.429047e-01 1.976809e-01 2.680541e-01 1.471505e+00 0 88180
-5.409664e+12 4.600415e+12 -1.651669e+13 -9.435758e-01 1.992360e-01 -2.645179e-01 4.620637e+00 0 345934
-1.243717e+13 -1.050030e+13 -9.332207e+12 -9.667388e-02 -7.914229e-01 -6.035760e-01 -7.941800e-01 0 25520
-2.234855e+12 1.693571e+13 -5.566568e+11 -4.270713e-01 8.073682e-01 4.071446e-01 7.488312e+00 0 305674
1.741320e+13 -3.662770e+12 9.081020e+12 7.780234e-01 -3.342331e-01 5.319472e-01 -1.087796e+01 0 1145723
-8.362816e+12 -1.064759e+13 -1.758347e+13 -5.678691e-01 -5.754555e-01 -5.885369e-01 5.255024e+00 0 1504262
-4.714080e+12 -4.273505e+12 -1.651223e+13 5.501923e-01 -1.569505e-01 -8.201555e-01 5.003010e+00 0 17087
5.948503e+12 -3.603019e+12 -1.587180e+13 3.154548e-01 -7.635823e-01 -5.634096e-01 3.004346e+00 0 698696
1.326359e+12 2.321232e+12 -1.743062e+13 -6.353090e-01 2.104307e-01 -7.430352e-01 -4.362694e+00 0 237447
-7.188408e+12 1.935184e+12 1.526055e+13 -5.811906e-01 -6.083049e-03 8.137447e-01 -7.910737e+00 0 162503
1.489782e+13 4.555700e+12 -8.273751e+12 2.704147e-01 -6.364435e-01 -7.223680e-01 3.245616e+00 0 339879
1.098509e+13 7.584745e+12 -1.199258e+13 8.913748e-01 2.129328e-01 -4.001382e-01 -5.860544e+00 0 361293
1.053891e+13 -1.888950e+12 1.326465e+13 7.148327e-01 -6.027938e-01 3.544769e-01 7.143242e+00 0 611554
1.823445e+12 -1.306225e+13 1.212946e+13 -3.623301e-01 -7.049625e-02 9.293800e-01 -6.766111e+00 0 176748
-9.007153e+11 -1.523092e+13 7.460089e+12 4.920813e-02 -5.795441e-01 8.134539e-01 4.320680e+00 0 1110928
-1.692826e+13 -7.579110e+11 -4.230449e+12 -4.240655e-01 -7.256766e-01 -5.418136e-01 -5.176690e+00 0 318341
2.133428e+12 5.118908e+12 -1.622921e+13 -6.233263e-01 -4.150798e-01 -6.627013e-01 -3.630297e+00 0 417021
-1.570609e+13 1.576923e+13 -1.545069e+11 -3.208969e-01 9.343003e-01 -1.552679e-01 -1.169259e+01 0 1061962
8.894696e+12 2.188138e+12 1.575209e+13 3.239065e-02 4.209367e-01 9.065115e-01 -2.550407e+00 0 1882326
1.327829e+13 -2.301250e+12 1.066104e+13 6.631097e-01 -2.357743e-01 7.104196e-01 4.560790e+00 0 1102095
-1.243596e+13 -1.170925e+13 -8.484266e+11 -8.890022e-01 -4.520039e-01 -7.326367e-02 4.447792e+00 0 4
6.173978e+12 1.276499e+13 9.315114e+12 5.962218e-01 8.028071e-01 -4.501014e-03 6.900344e+00 0 5
2.210843e+12 -2.102364e+13 -6.347213e+12 -3.125944e-01 -8.567517e-01 -4.101966e-01 -9.584447e+00 0 462534
-1.466961e+13 8.691090e+12 -6.317962e+12 1.473025e-01 8.399680e-01 -5.222602e-01 -1.184699e+01 0 6
4.835571e+12 -7.436327e+11 1.648481e+13 -2.118832e-01 -2.413708e-02 9.769969e-01 6.410586e+00 0 64625
-1.215208e+13 -1.215839e+13 6.142208e+11 -3.860872e-01 -1.276375e-01 9.135893e-01 -6.897139e+00 0 4
-1.446536e+11 1.044337e+13 -1.521157e+13 5.173843e-01 4.042682e-01 -7.542418e-01 -6.571365e+00 0 23805
-8.289683e+12 -7.933945e+12 -1.445689e+13 3.969249e-01 -2.258728e-01 -8.896247e-01 -5.619600e+00 0 481835
1.649824e+13 -2.746775e+12 -3.682763e+12 7.853993e-01 -1.351444e-01 -6.040562e-01 6.341903e+00 0 4
-8.234699e+12 1.115507e+13 1.453227e+13 -6.514283e-02 4.929078e-01 8.676395e-01 5.886642e+00 0 35807
1.619192e+13 2.752886e+12 -7.963561e+12 9.405549e-01 -1.237119e-01 -3.163098e-01 -5.868535e+00 0 176944
-1.007488e+13 1.763389e+13 -7.239473e+12 2.876363e-01 9.574275e-01 2.445354e-02 -1.235535e+01 0 714474
1.602032e+13 1.638606e+13 -5.797860e+12 6.262407e-01 7.763008e-01 7.196898e-02 1.190839e+01 0 827354
-1.517954e+13 2.112295e+12 -7.301113e+12 -3.869482e-01 4.537885e-01 8.027123e-01 -6.650814e+00 0 1653847
1.259437e+13 1.317923e+13 9.482972e+11 5.962620e-01 7.889183e-01 -1.485917e-01 9.074339e+00 0 1905748
1.194408e+12 1.468673e+13 -9.524537e+12 -6.332274e-01 7.563293e-01 -1.642835e-01 1.058961e+01 0 1665363
1.672360e+13 8.432900e+12 -2.367460e+12 6.888649e-01 3.033228e-01 -6.583771e-01 -6.929257e+00 0 468583
-1.182638e+13 2.840175e+12 -1.584721e+13 -8.549409e-01 3.220381e-01 -4.066541e-01 -7.612398e+00 0 8453314
-8.200471e+12 -9.964300e+12 -1.183895e+13 -2.311744e-01 -8.412587e-02 -9.692684e-01 -4.809364e+00 0 13862
9.332721e+12 -1.514183e+13 8.746850e+11 8.008880e-01 -5.545552e-01 2.259356e-01 8.435450e+00 0 1292970
1.889804e+13 1.114358e+13 -9.798678e+12 6.940052e-01 4.048061e-01 -5.953896e-01 5.378623e+00 0 322690
2.486875e+12 1.594044e+13 -7.119367e+12 3.222876e-01 3.536381e-01 -8.781064e-01 -7.877851e+00 0 6
2.608926e+12 1.544436e+13 1.113647e+13 -3.566542e-01 8.667116e-01 3.487246e-01 -4.722182e+00 0 214550
-1.709460e+12 7.844551e+12 -1.500357e+13 -2.372725e-02 4.111192e-01 -9.112727e-01 -3.620709e+00 0 438819
-9.416004e+12 -4.883046e+12 -1.365780e+13 -5.663347e-01 7.140004e-01 -4.116653e-01 2.022756e+00 0 60347
8.012993e+12 1.408729e+13 5.696960e+12 2.634332e-01 6.124715e-01 7.453064e-01 -3.292792e+00 0 2260252
-3.693422e+12 1.306526e+13 -1.058894e+13 -8.598001e-01 3.265281e-01 -3.925852e-01 -6.123331e-01 0 391537
1.900603e+12 -2.124995e+13 5.965864e+12 2.059728e-01 -9.568538e-01 -2.049535e-01 7.357736e+00 0 185769
-3.637146e+13 -8.767455e+12 2.336216e+12 -9.960634e-01 3.382011e-03 8.857873e-02 -1.083206e+01 0 818371
-1.038099e+13 2.661429e+12 1.323438e+13 -6.013611e-01 -4.290632e-01 6.739953e-01 9.790360e+00 0 1116043
-9.561396e+12 1.320041e+13 6.437728e+12 2.579954e-01 8.984373e-01 3.553151e-01 -1.161226e+01 0 3
1.865529e+13 -2.339465e+11 -1.291089e+13 9.519102e-01 -2.863091e-01 1.090600e-01 3.539584e+00 0 701099
-3.298191e+12 1.595749e+13 -4.752003e+12 -4.397918e-01 8.944190e-01 8.122679e-02 3.864632e+00 0 420318
4.074146e+12 9.614024e+12 1.800589e+13 -2.423923e-01 5.210059e-01 8.184124e-01 7.372272e+00 0 5
-1.261767e+13 -9.895759e+11 -1.378095e+13 -9.605377e-01 3.899638e-02 -2.754026e-01 -9.014347e+00 0 160933
1.694160e+13 2.031243e+12 2.308119e+12 9.717012e-01 -1.419436e-01 -1.888087e-01 -4.923765e+00 0 151858
-1.277151e+13 -8.371704e+12 7.483633e+12 1.604313e-01 -6.813736e-01 7.141371e-01 1.343444e+00 0 32624
6.978317e+12 -6.066808e+12 -1.446684e+13 7.779476e-01 -5.232582e-01 -3.478482e-01 8.092102e+00 0 1148199
-1.271880e+13 1.761977e+11 -1.290019e+13 1.287089e-01 -4.913276e-01 -8.614123e-01 -1.705784e+00 0 948237
5.292202e+12 1.042039e+13 -1.334118e+13 7.208059e-01 3.741554e-01 -5.834780e-01 2.908893e+00 0 176271
8.283443e+12 -5.076582e+12 -1.413955e+13 4.474993e-01 -6.896019e-01 -5.693800e-01 -6.515349e+00 0 667955
9.690799e+11 -1.512893e+13 8.073445e+12 7.534152e-01 -9.911352e-02 6.500323e-01 6.600818e+00 0 438752
-1.672496e+13 1.227423e+13 -6.283134e+11 -6.934799e-01 7.172892e-01 -6.768908e-02 -1.410940e+01 0 1011609
-1.658177e+13 8.647876e+11 6.039181e+12 -7.669155e-01 -6.224050e-01 1.563732e-01 -3.480703e+00 0 1415213
-2.214360e+12 2.701401e+12 1.663689e+13 2.763722e-01 5.929614e-01 7.563169e-01 4.289780e+00 0 818724
1.329833e+13 2.757581e+12 1.304204e+13 9.186012e-01 -2.946566e-01 2.633424e-01 3.473311e+00 0 66474
-4.515491e+12 4.284256e+11 1.817504e+13 -4.398062e-02 2.415170e-01 9.693994e-01 7.977452e+00 0 86514
5.978177e+12 1.439839e+13 -1.378924e+13 2.753464e-01 3.542321e-01 -8.937024e-01 6.283897e+00 0 399474
4.607193e+12 2.402243e+13 -9.681310e+12 5.114785e-01 6.616447e-01 -5.482846e-01 2.513616e+00 0 101215
8.149618e+12 1.454946e+13 -4.555332e+12 7.566974e-01 1.627083e-01 -6.331943e-01 -1.045153e+01 0 1435682
1.626228e+13 -4.930575e+12 1.464072e+12 8.876378e-01 3.527658e-01 -2.960667e-01 7.417606e+00 0 52270
-1.135638e+13 -2.838723e+12 -1.303106e+13 -1.158788e-01 3.926059e-01 -9.123775e-01 -7.711260e+00 0 59215
6.022838e+12 -7.717392e+12 -1.597439e+13 -1.381159e-01 -5.499234e-01 -8.237161e-01 2.838002e+00 0 100744
3.999009e+12 -1.666567e+13 3.160548e+11 5.278959e-01 -6.599307e-01 5.346189e-01 8.030053e+00 0 113976
1.308581e+13 -4.498713e+11 1.165876e+13 7.910171e-01 -3.860361e-01 4.746242e-01 5.095557e+00 0 14
-5.216919e+12 -7.986016e+12 -1.623923e+13 -3.480768e-01 -5.064978e-01 -7.888615e-01 -3.727549e+00 0 17562
1.679233e+13 1.809936e+12 2.530628e+12 9.765482e-01 2.139549e-01 -2.401847e-02 -3.646280e+00 0 549388
1.572426e+13 -4.325913e+12 -5.025848e+12 -1.206095e-01 -2.622452e-01 -9.574345e-01 -1.028924e+01 0 2
-1.725811e+12 -2.266783e+12 -1.700835e+13 4.626331e-01 7.539421e-01 -4.664139e-01 4.315599e+00 0 232226
1.389643e+13 9.381212e+12 -4.100293e+12 8.629660e-01 4.224868e-01 2.771184e-01 4.476351e+00 0 378797
-1.072329e+13 2.114255e+13 -4.765040e+11 -3.562929e-01 9.272072e-01 -1.155086e-01 -6.666241e+00 0 390928
1.162873e+13 1.916134e+12 1.282235e+13 8.041676e-01 5.382842e-01 2.521200e-01 -4.567918e+00 0 50066
2.013584e+12 -3.438970e+11 -1.753663e+13 7.949036e-01 3.587632e-01 -4.893029e-01 -4.892314e+00 0 147912
-1.069292e+13 -2.020736e+12 1.303874e+13 -9.650697e-01 9.885897e-02 2.426259e-01 1.085431e+00 0 425913
-8.504949e+12 1.438915e+13 5.823083e+12 5.691604e-02 6.386276e-01 7.674082e-01 1.494864e-01 0 641480
-1.576209e+12 2.117202e+13 4.879313e+12 -9.217713e-02 9.521635e-01 2.913554e-01 7.930257e+00 0 155116
-1.073274e+13 1.633011e+13 1.670732e+13 -4.489523e-01 8.613390e-01 2.377749e-01 4.054540e+00 0 174180
-9.535274e+12 5.441250e+12 -1.338802e+13 -8.273236e-01 5.571259e-01 -7.173763e-02 8.227222e+00 0 1699485
-1.317596e+12 -8.327485e+12 -1.578392e+13 -4.943858e-02 -9.062333e-01 -4.198774e-01 -5.366346e+00 0 560747
8.575627e+11 1.286172e+13 1.162364e+13 5.993676e-01 7.713494e-01 2.139594e-01 -1.701241e+00 0 1276560
1.779449e+13 8.470364e+12 1.435959e+13 2.881409e-01 8.221408e-01 4.909779e-01 -3.226779e+00 0 413197
1.068099e+13 3.378170e+12 1.310736e+13 9.312603e-01 -1.283569e-01 3.409968e-01 1.174266e-02 0 2392949
1.647166e+13 -2.293050e+12 -7.403837e+12 9.505111e-01 -1.061259e-02 -3.105092e-01 -7.042034e+00 0 771797
1.489813e+13 -3.169563e+11 -8.780414e+12 3.038524e-01 -3.471782e-01 -8.872097e-01 5.748668e+00 0 7
-1.500628e+13 -4.311410e+12 7.173269e+12 -7.725228e-01 4.672809e-01 4.299501e-01 -5.785937e-01 0 2
-1.437603e+13 -8.833273e+12 5.077921e+12 -6.708155e-01 -6.152807e-01 4.140486e-01 -4.162299e+00 0 432250
-7.912192e+11 -1.149766e+13 -1.704108e+13 -3.347720e-01 -6.540880e-01 -6.783042e-01 6.728504e+00 0 842101
1.950520e+13 -6.519226e+12 -4.576082e+12 9.325891e-01 9.426234e-02 3.484138e-01 9.466018e+00 0 705220
-6.391011e+12 -1.400049e+13 -7.462820e+12 -6.882340e-01 -5.939909e-01 -4.165438e-01 1.763107e+00 0 1014785
-1.692372e+13 -4.884115e+11 6.245689e+12 -3.133423e-01 -3.317849e-01 8.897952e-01 -4.728142e+00 0 28811
1.653769e+13 -1.016916e+11 3.805696e+12 3.974365e-01 -5.157032e-01 -7.590088e-01 -6.836903e+00 0 372886
-1.204420e+13 -1.237169e+13 -6.342342e+11 -6.846556e-01 -2.801300e-01 -6.728848e-01 1.976677e+00 0 915915
9.761239e+12 -1.406244e+13 -1.384351e+12 7.794766e-01 -2.996400e-02 -6.257143e-01 1.021520e+01 0 2165304
7.922053e+12 1.609254e+13 -4.598690e+10 -3.171886e-01 9.375893e-01 1.425402e-01 1.382838e+01 0 1
5.215854e+10 -1.604302e+13 5.578780e+12 7.378496e-01 -6.749525e-01 -4.124029e-03 6.586774e+00 0 1340211
