# 781 1.000000e+07 1.000000e+04 0.000000e+00 1.000000e+00 5.000000e-01
-1.465465e+14 -3.685597e+13 -8.829898e+13 -8.535940e-01 2.530943e-01 -4.553247e-01 -1.876554e+01 0 21
-1.466283e+14 6.036251e+13 7.611201e+13 -8.463109e-01 7.898254e-02 -5.268012e-01 -1.178539e+01 0 1
6.215706e+13 1.477456e+14 8.371733e+13 4.823589e-01 7.658487e-01 4.252126e-01 1.214047e+01 0 1
1.468487e+14 9.304068e+13 4.273320e+13 7.470828e-01 5.328702e-01 -3.973873e-01 1.699247e+01 0 83
4.667906e+13 -4.172513e+12 1.630239e+14 5.099948e-01 7.744570e-01 3.743282e-01 3.527416e+00 0 4935652
-1.312780e+14 2.175013e+13 1.080029e+14 -8.867943e-01 -4.077799e-01 2.175119e-01 2.118375e+01 0 1015520
4.216192e+13 1.753574e+14 5.087403e+13 7.551834e-01 4.339075e-01 -4.913475e-01 6.067914e+00 0 29763576
2.493929e+13 -1.064045e+14 -1.320467e+14 8.242307e-01 -4.877287e-01 -2.876880e-01 1.892320e+01 0 7108935
-1.092698e+14 -8.713548e+13 9.946484e+13 -1.608328e-01 -8.907542e-01 4.250761e-01 2.531443e+01 0 9905172
1.171924e+14 -1.235864e+14 -2.204287e+13 3.749884e-01 -9.214197e-01 -1.018307e-01 -2.218280e+01 0 8
-1.786617e+14 6.945578e+12 1.549185e+13 -4.900449e-01 7.349247e-01 4.687662e-01 -5.601013e+00 0 2046477
1.002527e+13 -1.500169e+14 -8.032098e+13 -4.128373e-01 -7.515666e-01 5.145027e-01 1.045751e+00 0 1824244
-8.654674e+13 -1.400898e+14 -4.411349e+13 2.170064e-01 -9.716016e-01 9.433188e-02 9.069790e+00 0 2737393
1.633407e+13 1.884953e+14 -2.565902e+13 -3.612909e-02 9.962601e-01 7.848935e-02 1.285275e+01 0 1212740
6.087364e+13 1.598290e+14 -6.904020e+13 -4.558801e-01 8.505323e-01 -2.622370e-01 3.118017e+01 0 11365904
-9.336252e+13 -5.068265e+13 -1.692555e+14 -2.144477e-01 -8.298731e-01 -5.150949e-01 -8.775091e+00 0 234802
-1.458015e+14 6.782026e+13 -6.319472e+13 -4.933550e-01 5.342167e-02 -8.681860e-01 1.669425e+01 0 15626004
1.560028e+14 -5.365260e+13 -8.904379e+13 8.288852e-01 -5.488431e-01 -1.082613e-01 6.758432e+00 0 1847697
1.080501e+14 -6.667050e+13 1.443892e+14 1.302185e-01 -5.974252e-01 7.912814e-01 -1.859449e+01 0 7
-9.320703e+13 1.442714e+14 -5.055325e+13 -7.262155e-01 4.711463e-01 -5.006319e-01 1.956117e+01 0 2555289
1.754995e+14 -6.461216e+13 2.377998e+13 9.557502e-01 1.389638e-01 2.592885e-01 -9.983671e-01 0 4
-8.635149e+13 -4.557804e+13 -1.426485e+14 -4.328202e-01 -3.503654e-01 -8.306087e-01 1.260735e+01 0 1302166
-4.091095e+13 1.537787e+14 -6.812911e+13 -4.573776e-01 8.821827e-01 -1.120687e-01 1.239562e+01 0 3312011
1.524060e+14 7.465884e+13 8.530977e+12 4.445948e-01 8.602617e-01 -2.495700e-01 1.893750e+01 0 6302759
5.438276e+13 1.179911e+14 -1.268301e+14 3.184610e-01 9.466893e-01 4.859964e-02 -1.448150e+01 0 12468882
1.858077e+13 9.422202e+13 -1.476467e+14 7.675450e-01 3.156554e-01 -5.578856e-01 -2.625998e+01 0 2397247
6.309250e+13 -1.599786e+14 -2.078912e+13 -2.752039e-01 -7.510551e-01 -6.001492e-01 -1.262170e-01 0 3109715
-3.345075e+13 1.827334e+14 4.985954e+13 1.058404e-01 9.853081e-01 -1.340362e-01 1.255142e+01 0 1030562
1.538839e+14 5.177335e+13 5.003171e+13 -1.472886e-01 9.890926e-01 1.342343e-03 3.006163e+01 0 2791112
6.942368e+13 9.785133e+13 1.285483e+14 -6.085768e-01 6.731134e-01 4.201817e-01 3.055203e+00 0 11016485
-8.621610e+13 1.520888e+14 1.179502e+14 4.030543e-02 2.976284e-01 9.538306e-01 1.749195e+01 0 4
2.811757e+13 1.658806e+14 6.143325e+13 3.715348e-01 6.694209e-01 6.433021e-01 -1.889688e+01 0 688138
1.118198e+13 5.219963e+13 1.614163e+14 -9.537390e-01 2.120393e-01 2.131226e-01 -6.466484e-01 0 2715898
1.080434e+14 -1.275208e+14 3.071899e+13 1.481027e-01 -7.814702e-01 6.061105e-01 7.426378e+00 0 13
1.230048e+14 4.786551e+13 1.096396e+14 8.848240e-01 -3.987820e-01 -2.409553e-01 -2.630363e+01 0 16929467
-1.576157e+14 9.219122e+13 2.402331e+13 -9.826673e-01 7.783360e-02 1.682465e-01 -3.142912e+00 0 8527908
-5.024858e+13 -1.460711e+14 -7.130981e+13 -7.666168e-01 -4.299807e-01 -4.768808e-01 -9.621102e-01 0 218818
8.327541e+13 -1.085091e+14 1.114197e+14 8.948732e-01 -2.203031e-01 3.881604e-01 -5.910298e+00 0 13474868
3.802936e+13 7.275486e+13 1.498102e+14 -9.247726e-02 2.599363e-01 9.611873e-01 1.345370e+01 0 5834108
9.831292e+13 1.262280e+14 6.821687e+13 5.008125e-01 6.603530e-01 5.595720e-01 9.482730e+00 0 4231080
1.036212e+14 -9.901305e+13 -1.339926e+14 8.511433e-01 1.828068e-01 -4.920740e-01 2.581242e+01 0 124412
-1.468606e+14 -8.689086e+13 2.540935e+13 -5.339801e-01 -8.352961e-01 1.309416e-01 -6.990897e-01 0 22
-1.463114e+14 -1.029219e+14 -5.044615e+13 -8.386733e-01 -3.377650e-01 4.272492e-01 -1.989968e+01 0 3213247
3.834262e+13 -1.256692e+14 1.140528e+14 8.683501e-02 -9.855655e-01 1.453283e-01 2.705943e+00 0 109253
-1.525845e+14 7.428909e+13 1.510503e+13 -8.875479e-03 6.103439e-01 -7.920868e-01 -2.333761e+00 0 158363
1.881010e+13 -1.954109e+14 1.595884e+13 2.373717e-01 -6.717912e-01 -7.016774e-01 2.335287e+01 0 535791
1.590268e+14 -4.088192e+13 4.387297e+13 3.365052e-01 1.828132e-02 9.415041e-01 1.114761e+01 0 75662
-4.711633e+13 -7.217373e+12 -1.639214e+14 -7.377138e-01 -2.297614e-01 -6.348134e-01 2.054917e+01 0 2893288
7.956450e+13 -1.496285e+14 6.000197e+13 8.900004e-01 -4.177563e-01 -1.826994e-01 -1.369995e+00 0 28
-4.516753e+13 -1.208410e+14 -1.130556e+14 -4.486769e-01 8.019056e-02 -8.900890e-01 -2.244902e+01 0 19163581
-1.275387e+14 9.884691e+13 -5.528630e+13 9.964460e-02 9.824581e-01 1.576297e-01 -1.302972e+01 0 2187040
8.135977e+13 3.774284e+13 1.439866e+14 6.765723e-01 2.536912e-01 6.912963e-01 4.409552e+00 0 588491
-1.043076e+14 1.240011e+14 5.497726e+13 -7.298875e-01 5.581174e-01 3.946761e-01 1.139693e+01 0 2596650
-1.020851e+14 -5.472604e+13 1.523109e+14 -1.374503e-01 -5.696716e-01 8.102973e-01 -4.531366e+00 0 1396944
1.145083e+14 -1.095270e+14 8.619812e+13 1.845834e-01 -8.770610e-01 4.435008e-01 8.358552e+00 0 3461249
1.458175e+14 -1.588681e+13 9.051801e+13 9.137900e-01 2.907105e-01 2.836818e-01 1.149397e+01 0 3415129
-1.362785e+13 -4.502691e+13 -1.660034e+14 1.583796e-01 1.307044e-01 -9.786890e-01 -1.650658e+01 0 4100070
-5.543940e+13 -1.236290e+14 1.035773e+14 -6.871699e-01 3.549714e-01 6.338712e-01 -9.310495e+00 0 3539945
-7.083072e+13 1.034729e+14 1.143810e+14 -5.497916e-01 5.769851e-01 -6.040012e-01 7.539318e+00 0 237042
-1.932490e+13 -6.303409e+13 -1.589575e+14 -1.286398e-01 -9.812063e-01 1.438264e-01 1.544686e+01 0 1357757
-7.199246e+13 -1.543804e+14 4.561844e+13 -5.532280e-01 -6.859496e-01 4.726647e-01 9.794171e+00 0 97082
-6.621555e+13 -1.557735e+14 -1.119176e+13 -1.909443e-01 -9.812521e-01 2.616430e-02 9.385053e+00 0 180373
-1.562272e+14 7.424892e+13 3.294708e+13 -3.277789e-01 6.118114e-01 7.198943e-01 6.872135e+00 0 3470480
-1.181999e+14 8.299193e+13 1.008572e+14 -9.700429e-01 -1.427018e-01 1.966036e-01 -7.877417e+00 0 904373
-2.474493e+13 -6.273684e+13 1.558497e+14 -2.758801e-01 -9.593857e-01 5.889985e-02 -8.807922e+00 0 3926012
-8.135978e+13 1.330067e+14 8.678390e+13 2.430313e-01 5.050931e-01 8.281406e-01 -2.984267e+01 0 5
-1.602175e+14 -5.291716e+13 2.204298e+13 -8.782480e-01 4.705330e-02 4.758848e-01 -2.893423e+01 0 1
-1.610250e+14 -4.587914e+13 4.332943e+13 -4.491325e-01 -4.590292e-01 -7.665325e-01 1.949376e+01 0 2879255
2.003286e+14 -8.237899e+12 -5.990678e+12 8.706391e-01 -1.961495e-01 -4.511240e-01 -1.944440e+01 0 10564397
1.388921e+14 7.494467e+12 -1.267995e+14 6.229141e-01 -4.269577e-01 -6.555038e-01 -2.692279e+01 0 69
4.845723e+13 -7.810153e+12 1.631946e+14 1.424517e-02 1.224470e-01 9.923728e-01 1.082196e+01 0 115680
1.353005e+14 -7.523305e+13 -7.641575e+13 5.438894e-01 3.242557e-01 -7.739784e-01 6.820602e+00 0 3166517
-2.823829e+13 -5.837863e+13 1.597533e+14 2.419820e-01 -9.691176e-01 -4.749554e-02 -5.696156e+00 0 545293
1.298625e+14 -6.380117e+13 8.862684e+13 3.609853e-01 -2.565595e-01 8.965862e-01 4.945488e+00 0 37635975
-2.790192e+13 1.175892e+14 -1.272472e+14 6.999926e-01 4.351102e-01 -5.662946e-01 -2.361564e+01 0 72508
-1.655149e+14 5.213447e+13 4.854326e+13 -7.286869e-01 -6.700316e-01 1.416795e-01 3.864663e+01 0 9663872
-1.146988e+14 -1.289455e+14 1.127345e+13 -4.993343e-01 -7.682004e-01 -4.006662e-01 1.114332e+01 0 1193149
-7.928878e+13 1.893256e+14 4.361152e+13 3.254156e-01 9.442440e-01 5.007941e-02 -2.100581e+00 0 2
1.194174e+14 8.333948e+13 -8.927235e+13 9.298849e-01 4.588316e-03 -3.678220e-01 -2.114432e+01 0 2639982
4.303272e+13 3.931230e+13 -1.652768e+14 5.887403e-01 3.581168e-01 -7.246636e-01 7.144498e+00 0 16237495
-1.267415e+14 -3.272180e+14 9.339562e+13 -1.992374e-01 -9.720166e-01 1.244512e-01 3.080096e+01 0 6
-1.510502e+14 -5.567850e+13 -5.897286e+13 -7.337769e-01 3.815145e-01 5.621549e-01 3.726927e+00 0 17838132
1.053907e+14 -2.200260e+12 -1.328814e+14 7.941558e-01 6.074290e-01 1.861654e-02 6.822070e+00 0 12087894
-2.637571e+13 -1.983526e+14 4.131648e+13 -5.366908e-01 -8.386430e-01 9.295637e-02 -2.349152e+01 0 4809271
3.770712e+13 1.538598e+14 7.231372e+13 1.712780e-01 9.431897e-01 -2.847052e-01 2.014318e+01 0 213547
-7.870597e+12 4.008988e+13 -1.710619e+14 -5.073533e-01 6.097487e-01 -6.089328e-01 -1.547179e+01 0 2229156
5.736328e+13 3.268770e+13 1.565637e+14 2.309918e-01 8.284220e-01 5.102547e-01 1.672353e+01 0 9
-1.431052e+14 -1.126029e+14 -3.895298e+13 3.223772e-02 -8.952016e-01 -4.444940e-01 3.750063e+00 0 20
2.382422e+13 -1.524617e+14 -8.206929e+13 5.430158e-01 -3.066354e-01 -7.817344e-01 1.627280e+01 0 4342818
-5.785634e+13 1.473192e+14 6.918433e+13 -9.632951e-01 2.643168e-01 4.689538e-02 2.996683e+01 0 367030
-1.493956e+14 7.882674e+13 -3.055436e+13 -3.229938e-01 5.053863e-01 -8.001623e-01 1.141857e+01 0 34637
-1.324419e+14 -2.932804e+13 1.030947e+14 -5.732264e-01 -7.269749e-01 -3.780464e-01 2.083714e+01 0 2571708
4.824479e+13 -1.406907e+14 8.205403e+13 6.711598e-01 2.371895e-02 7.409331e-01 2.054922e+01 0 1167356
1.076366e+14 -8.847303e+13 1.745197e+14 5.790731e-01 -5.410176e-01 6.098970e-01 1.975905e+01 0 4265512
1.166739e+14 1.756116e+13 1.253724e+14 7.451535e-01 3.563891e-01 5.636781e-01 1.506381e+01 0 1618939
5.777649e+13 -1.545499e+14 5.115203e+13 4.943474e-01 9.832155e-02 8.636860e-01 2.506250e+01 0 3693359
-7.906012e+13 1.800193e+13 1.497009e+14 -9.612710e-01 -2.614447e-01 8.720461e-02 1.430443e+01 0 14
-6.052458e+13 7.123172e+13 -1.592243e+14 -9.249619e-01 -1.393333e-01 -3.535983e-01 3.268654e+01 0 376901
1.052353e+14 -1.082174e+14 1.296755e+14 2.826993e-01 -5.031866e-01 8.166299e-01 -2.175541e+01 0 12
2.679220e+13 -7.576740e+13 1.513693e+14 -1.882691e-01 -7.320136e-01 6.547602e-01 9.412090e+00 0 2954900
8.090134e+13 -1.331303e+14 1.186380e+14 6.183539e-01 -4.808447e-01 6.216324e-01 -1.029737e+01 0 630607
-1.115133e+13 1.245290e+14 1.146853e+14 -9.467701e-01 3.109044e-01 -8.345581e-02 -2.687910e+00 0 2419092
-7.976995e+13 1.019055e+14 1.221985e+14 -1.839141e-01 -1.078995e-01 9.770022e-01 -7.130987e+00 0 3598298
2.152820e+13 7.181103e+13 2.323317e+14 -7.441389e-02 6.298536e-01 7.731410e-01 -1.563438e+01 0 5255796
-9.406730e+13 2.850226e+13 1.393242e+14 3.246640e-02 9.746741e-02 9.947090e-01 -1.084075e+01 0 4
1.325602e+14 1.101518e+14 -3.325792e+13 6.580546e-01 1.339698e-01 -7.409563e-01 -2.320001e+01 0 10057139
-1.549628e+14 -5.392828e+13 -5.794071e+13 -9.455376e-01 -2.335707e-01 -2.267231e-01 3.503707e+00 0 1422351
-2.552240e+13 -2.179811e+13 -1.832478e+14 -6.224107e-01 -4.445705e-01 -6.441754e-01 -1.294703e+01 0 1235505
1.124615e+14 -1.193843e+14 -4.843645e+13 9.224573e-01 -1.759410e-01 3.436820e-01 2.024651e+01 0 8617685
-6.982182e+13 1.034897e+14 1.158471e+14 -4.162686e-01 2.930907e-01 8.607080e-01 -1.082125e+01 0 1
1.663076e+14 1.149128e+12 6.601483e+13 3.068321e-01 -8.838965e-01 3.529603e-01 -3.248940e+00 0 14
2.528647e+13 -6.911139e+13 -1.611823e+14 6.287049e-01 -4.934522e-01 -6.010283e-01 -6.053639e+00 0 5584747
-1.624284e+14 7.493908e+13 1.067015e+13 -9.810262e-01 1.740208e-01 -8.546612e-02 -1.593762e+01 0 451204
1.984539e+14 -4.880316e+13 -9.345565e+12 9.408258e-01 -2.138375e-02 -3.382151e-01 -8.247697e+00 0 1163842
-1.355802e+14 1.167711e+14 -1.087029e+14 -8.028389e-01 1.377531e-01 -5.800636e-01 2.940069e+01 0 9911597
1.021286e+14 1.348334e+14 2.328479e+13 -2.692024e-01 7.692614e-01 5.794540e-01 2.483568e+01 0 3477935
1.887308e+12 -1.344251e+14 1.136367e+14 -7.183261e-01 -6.562164e-01 2.310578e-01 -2.814650e+01 0 5595296
-2.211609e+13 -8.455985e+13 1.461864e+14 -3.835628e-01 -8.994930e-01 2.092652e-01 5.114840e+00 0 818694
-1.625903e+14 5.442110e+13 2.513573e+13 -8.861649e-01 3.308047e-01 3.244689e-01 -6.388753e+00 0 746297
9.489645e+13 1.089652e+14 -9.000161e+13 3.927387e-01 7.995947e-01 -4.543178e-01 -9.836291e-01 0 980352
-5.107393e+13 1.254015e+14 1.031407e+14 -6.747692e-01 2.461270e-01 6.957787e-01 -1.077463e+00 0 206656
-8.584257e+13 -5.231332e+13 1.422236e+14 -7.465498e-01 2.719421e-01 6.072157e-01 -2.141780e+01 0 17
-3.763356e+11 4.558986e+13 -1.677611e+14 4.499437e-01 -5.125711e-01 -7.313149e-01 -1.371772e+01 0 4960570
1.145525e+14 8.513314e+13 9.194730e+13 7.886564e-01 -1.489147e-01 5.965279e-01 -7.542163e+00 0 212821
-1.236809e+14 1.282150e+14 3.502088e+13 -7.561379e-01 6.492094e-01 -8.235661e-02 1.828644e+01 0 13
-9.785047e+13 1.408253e+14 3.180030e+13 -6.821581e-01 4.793919e-01 5.521266e-01 2.561822e+01 0 14622827
-7.866444e+13 -7.681471e+12 -1.536921e+14 -3.019848e-01 7.473445e-01 -5.918458e-01 -1.968132e+01 0 4229865
1.474145e+13 -1.212370e+14 -1.330220e+14 -6.026716e-01 -3.566033e-01 -7.138775e-01 2.330568e+00 0 4639741
-1.147142e+14 -1.554647e+14 -1.952348e+13 -7.419933e-01 -6.347705e-01 -2.156671e-01 1.076058e+01 0 38
-9.310847e+13 1.312980e+14 -7.170924e+13 -3.716969e-01 8.766518e-01 3.054882e-01 7.737793e+00 0 24
-1.567807e+14 -1.900989e+13 -1.434306e+14 -5.908725e-01 -4.731453e-01 -6.534548e-01 -1.117543e+01 0 3694187
-1.610575e+14 5.501960e+13 7.320701e+12 -4.811758e-01 6.271401e-01 6.125072e-01 2.680014e-01 0 3855125
7.778991e+13 1.548569e+14 2.167378e+13 7.341052e-02 9.951660e-01 -6.523478e-02 -3.183676e-02 0 4831310
-1.367465e+14 -1.080469e+14 4.427993e+13 -4.960634e-01 -8.352699e-01 -2.371609e-01 2.134130e+01 0 6495679
-1.432387e+14 -1.646847e+13 9.436013e+13 -7.969618e-01 -3.178929e-01 5.136107e-01 -3.041955e+00 0 1378842
-6.320976e+13 8.147898e+13 1.359658e+14 1.683005e-03 -4.421250e-01 8.969519e-01 1.124031e+01 0 2095957
-1.288490e+14 -7.236075e+13 8.668270e+13 -6.536862e-01 -6.762997e-01 3.395778e-01 1.488275e+01 0 6398905
6.117156e+13 9.323175e+13 1.286765e+14 -2.538638e-01 7.258945e-01 6.392420e-01 3.654499e+00 0 249814
-8.247595e+13 -6.858708e+13 1.449032e+14 -2.868790e-01 -3.267521e-02 9.574094e-01 -1.710695e+01 0 14
1.543836e+14 -1.042434e+14 2.020480e+12 9.977885e-01 -4.745784e-02 4.653802e-02 2.531866e+00 0 1
1.749579e+14 -1.608315e+13 -1.021144e+13 4.843200e-01 -7.413484e-01 4.645822e-01 -2.659993e+01 0 4
1.654360e+13 1.389272e+14 -1.021215e+14 4.122785e-01 9.001374e-01 1.406379e-01 -2.607599e+01 0 6
4.064257e+13 -1.295996e+14 -1.126429e+14 1.484287e-01 -2.309348e-01 -9.615810e-01 -1.351173e+01 0 22826104
-2.862689e+13 -2.453041e+12 1.827608e+14 7.880062e-01 1.792329e-02 6.154064e-01 -1.762200e+01 0 6445002
-1.160780e+14 2.752434e+13 1.209448e+14 -8.020021e-03 6.242735e-01 7.811647e-01 -1.903996e+01 0 701134
-6.546850e+13 -3.927025e+13 1.568240e+14 3.784806e-01 -7.677166e-01 5.170721e-01 1.226486e+00 0 932314
-5.208644e+13 -1.038845e+14 -1.256517e+14 -5.190052e-01 -7.538315e-01 -4.029537e-01 3.296884e+00 0 2011343
-1.454208e+14 -6.436540e+13 -5.985805e+13 -8.969369e-01 -3.122761e-02 4.410545e-01 -3.847444e+00 0 3710263
1.929740e+13 1.475962e+14 1.033238e+14 -4.911836e-02 8.741770e-01 4.831169e-01 1.669279e+01 0 1319182
1.422434e+14 9.092356e+13 -2.854901e+13 8.205311e-01 4.612002e-01 3.376730e-01 8.730814e+00 0 24
-1.276770e+14 4.857501e+13 -1.006021e+14 -9.715275e-01 3.914451e-02 -2.336709e-01 -2.750006e+00 0 5
-9.141507e+13 9.374817e+13 1.128504e+14 2.306261e-01 9.585785e-01 -1.671490e-01 -3.241252e+01 0 1100753
6.359206e+13 -1.185609e+14 1.181808e+14 -9.929161e-02 -6.058954e-01 7.893238e-01 2.806181e+00 0 9
-1.373488e+14 7.504371e+13 -6.672023e+13 1.572875e-01 7.215272e-01 -6.742842e-01 -4.784248e+00 0 21
-1.248253e+14 9.453755e+13 -8.155135e+13 -9.631087e-01 -9.847572e-02 -2.504478e-01 2.674285e+01 0 23930315
-4.644619e+13 1.320095e+14 1.237150e+14 -5.920197e-01 7.802680e-01 2.017289e-01 -1.154370e+01 0 2202386
-1.318663e+14 5.900639e+13 9.126867e+13 -6.795003e-01 6.445440e-01 -3.504887e-01 7.600852e+00 0 7
1.246794e+14 9.728440e+13 -1.098600e+14 7.267468e-01 -4.476397e-02 -6.854453e-01 3.902106e+00 0 1476418
1.308960e+14 -9.683886e+13 -5.825505e+13 6.081530e-02 -4.450776e-01 -8.934246e-01 -2.189690e+01 0 3
4.218780e+13 2.258807e+13 1.644858e+14 -5.414887e-01 -1.646699e-01 8.244234e-01 -8.360186e+00 0 9070172
-1.352222e+14 -9.077353e+13 -5.922008e+13 -6.815807e-01 -7.287918e-01 6.565275e-02 1.255634e+01 0 3168062
-4.283035e+13 7.187153e+13 -1.566295e+14 -4.565735e-01 4.798661e-01 -7.491790e-01 -1.548066e+01 0 2959170
-5.019967e+13 -8.355357e+13 -1.553167e+14 -4.007559e-01 -8.259771e-01 -3.964298e-01 1.374604e+01 0 1122080
-1.141325e+14 -5.003461e+13 -1.179105e+14 1.287246e-02 -8.560888e-01 -5.166684e-01 3.097188e+00 0 7649286
-8.757461e+13 -1.356612e+14 7.272102e+13 -5.460588e-01 -7.936515e-01 2.682107e-01 -1.189614e+01 0 4658245
-1.261903e+14 8.208672e+13 8.242500e+13 1.179217e-01 3.927425e-01 9.120569e-01 9.082715e+00 0 6989107
-1.427192e+14 -6.552038e+13 -6.458740e+13 -1.778586e-01 -5.988068e-01 -7.808948e-01 8.013548e+00 0 14860
-2.186170e+13 1.570122e+14 -6.580210e+13 -2.589442e-01 4.418870e-01 -8.588852e-01 -1.328524e+01 0 24
1.316130e+14 9.614270e+13 -9.835925e+13 9.573798e-01 1.853014e-01 -2.215564e-01 -2.821245e+01 0 5896036
1.221008e+14 -7.896801e+13 9.358973e+13 1.132098e-01 -9.902302e-01 8.141081e-02 -4.290691e+00 0 185233
-5.989766e+13 -1.015974e+14 1.265059e+14 7.208337e-01 -7.246106e-02 6.893099e-01 -3.578704e+00 0 1022472
1.112812e+14 -1.279388e+14 -6.411461e+13 -1.214878e-01 -9.920766e-01 -3.201229e-02 2.985978e+00 0 43
-1.247003e+14 -1.048892e+14 -5.816311e+13 -3.548410e-01 -7.791981e-01 -5.166606e-01 2.095242e+01 0 5
2.955214e+13 1.661663e+14 -2.445072e+13 -6.916229e-01 5.808850e-01 -4.292206e-01 9.866292e+00 0 652290
7.505868e+13 -7.406732e+13 1.335303e+14 -9.556819e-02 -8.935163e-01 4.387430e-01 -2.549532e+01 0 865541
-1.388326e+14 7.223908e+13 -6.770847e+13 2.154561e-02 7.951729e-01 -6.059999e-01 -2.209696e+01 0 2876532
1.719586e+14 2.277023e+13 -8.696939e+13 9.158754e-01 -1.303785e-01 -3.797021e-01 1.048078e+01 0 3031836
9.939763e+13 -2.473522e+13 1.469572e+14 1.259161e-01 -8.681213e-01 4.801151e-01 8.782896e-01 0 239978
-1.352985e+13 5.629105e+13 1.632666e+14 4.833331e-01 -2.130395e-01 8.491191e-01 5.311868e+00 0 883691
6.815488e+13 -1.536605e+14 -5.218155e+13 5.595651e-01 -6.242212e-01 -5.451924e-01 1.712295e+01 0 555345
-3.899732e+13 1.010222e+14 -1.410898e+14 -3.386001e-01 8.543799e-01 -3.941889e-01 -9.891701e+00 0 3928474
-1.304813e+14 8.649397e+13 6.567838e+13 -4.788116e-01 3.574885e-01 8.018363e-01 -1.416440e+01 0 10
6.551552e+12 -1.800568e+14 -1.127722e+14 -2.271910e-01 -9.738175e-01 -7.979897e-03 -2.113000e+01 0 12
-1.487157e+14 -1.153638e+12 -9.203113e+13 -8.709877e-01 -2.343841e-01 -4.317922e-01 1.663843e+01 0 3972256
6.509690e+13 -2.410666e+13 1.548970e+14 4.427487e-01 -2.165970e-01 8.700915e-01 3.417521e+00 0 947236
4.177771e+13 -1.515018e+14 -1.092951e+14 6.274635e-01 -5.427692e-01 -5.582931e-01 2.189965e+01 0 2849984
1.094788e+14 1.109188e+14 6.884400e+13 8.857771e-01 -3.485882e-03 -4.640978e-01 -2.173987e+01 0 11513309
-1.621962e+14 7.754804e+13 2.552729e+13 -4.631158e-01 6.163207e-01 -6.369242e-01 -2.367676e+01 0 27
-6.455230e+13 -2.233726e+12 1.706791e+14 -3.641738e-01 6.186461e-01 6.961713e-01 -2.443300e+01 0 5391477
-2.243535e+14 8.339605e+13 -8.613914e+13 -8.480808e-01 1.193358e-01 -5.162537e-01 -1.172470e+01 0 120
1.053482e+14 -1.417761e+14 1.149180e+13 7.493245e-01 -3.060434e-01 -5.872395e-01 1.698974e+01 0 6290910
1.998007e+13 1.791054e+14 -2.092325e+12 5.655536e-01 8.016750e-01 -1.935623e-01 -1.090547e+00 0 919350
-9.856050e+13 -2.969854e+12 -1.412135e+14 -8.550452e-01 1.576521e-01 -4.940075e-01 -6.890801e+00 0 2914204
1.409176e+14 1.092109e+14 8.475730e+12 9.786662e-01 9.989819e-02 -1.795352e-01 1.228487e+01 0 5201546
1.181738e+14 -1.072703e+14 1.019092e+14 5.700652e-01 -2.179291e-01 7.921696e-01 2.211123e+01 0 180072
1.066869e+14 1.019992e+14 -9.315243e+13 4.102951e-01 9.027492e-01 -1.292355e-01 2.472117e+01 0 1
1.607436e+13 -8.661175e+13 1.473336e+14 -2.373127e-01 -9.261013e-01 2.932902e-01 1.012632e+01 0 1085729
-3.406479e+13 8.920838e+13 1.756144e+14 -4.296645e-01 1.015782e-01 8.972571e-01 1.959369e+01 0 12009976
1.568922e+13 -1.650836e+14 3.567367e+13 -2.652229e-02 -9.157703e-01 -4.008258e-01 -5.655305e+00 0 283796
1.394460e+14 1.358016e+13 -9.979443e+13 9.121658e-01 -1.992953e-01 -3.580991e-01 7.281430e+00 0 438663
-1.595416e+14 1.176056e+13 -7.526333e+13 -8.525187e-01 5.224472e-01 1.614821e-02 -2.830600e+01 0 2600300
3.854718e+12 -1.642843e+14 -5.928898e+13 7.186557e-01 -6.951088e-01 -1.891191e-02 2.552668e+01 0 12527959
8.316814e+13 -1.097343e+14 1.021715e+14 2.602127e-01 -4.013187e-01 8.781985e-01 -1.748652e+01 0 56
-1.318817e+14 -1.154098e+14 1.653538e+13 -9.323377e-01 -2.727741e-01 2.373620e-01 1.620955e-01 0 6
-8.176422e+13 1.493341e+14 2.936636e+13 1.023113e-01 8.983012e-01 -4.273023e-01 -2.610761e+01 0 3192956
-4.715310e+13 1.170236e+14 -1.152078e+14 -2.660363e-01 5.099140e-01 -8.180540e-01 1.078192e+01 0 13813396
-1.042442e+14 -1.352695e+14 5.416589e+13 -8.545159e-01 -1.775533e-01 4.881367e-01 -3.041326e+01 0 13
-2.419684e+13 1.438715e+14 1.144310e+14 2.538958e-02 9.756396e-01 2.179051e-01 -1.462857e+01 0 2
-5.007749e+13 7.369206e+13 -1.447106e+14 1.111592e-03 9.968101e-01 -7.980245e-02 3.947243e+00 0 639256
-3.331765e+13 -1.492904e+14 7.994222e+13 -6.757007e-01 -5.065940e-01 5.355288e-01 5.660882e+00 0 2
1.139882e+14 3.314483e+13 1.252257e+14 8.521316e-01 4.920493e-01 -1.782110e-01 -1.174276e+00 0 9
2.466460e+13 2.058483e+14 -7.255210e+13 -2.503198e-01 9.499485e-01 -1.869168e-01 -7.313937e+00 0 11450684
-4.427129e+13 4.515762e+13 2.223284e+14 -1.898647e-01 2.375012e-01 9.526513e-01 1.657454e+01 0 7034194
1.347247e+14 -1.150206e+14 -7.607051e+13 3.021663e-01 -1.235588e-01 -9.452136e-01 -1.631452e+01 0 1766996
-1.788907e+14 2.255858e+13 -6.447913e+13 -8.696591e-01 1.894299e-01 -4.558612e-01 -1.410910e+01 0 399623
3.079179e+13 -6.274496e+13 -1.551101e+14 8.023622e-01 1.273864e-01 -5.830845e-01 1.580856e+01 0 8
-1.277011e+14 -4.483057e+12 -1.614262e+14 -7.556091e-01 6.519488e-02 -6.517703e-01 -1.800023e+01 0 4131666
-1.593171e+13 -1.459391e+14 -1.026711e+14 3.446783e-01 -3.706293e-02 -9.379889e-01 -2.687462e+00 0 9631224
1.492332e+14 -6.005904e+13 7.780831e+13 -1.360886e-01 -9.278461e-01 3.472484e-01 -3.708063e+01 0 4
1.000849e+14 1.436881e+14 5.949850e+13 3.932628e-01 4.945851e-01 7.750677e-01 -2.852148e+01 0 1356798
-1.138081e+14 -1.292551e+14 -5.458745e+12 5.522542e-02 -9.224539e-01 3.821375e-01 2.571302e+01 0 1538260
1.133928e+14 -1.243355e+14 -2.639250e+13 -2.270557e-01 -9.722506e-01 -5.634304e-02 -2.671262e+01 0 1992103
-1.107237e+14 1.341097e+14 9.240523e+12 -7.130928e-01 5.849552e-01 -3.864273e-01 1.353349e+01 0 1486195
-1.718496e+14 5.370812e+13 2.001896e+13 -4.703119e-01 7.387875e-01 4.827005e-01 -2.804065e+01 0 335216
-6.017855e+13 9.299884e+13 -1.294492e+14 -9.368636e-02 9.757785e-01 -1.976844e-01 3.310391e+00 0 12
9.838314e+13 6.064454e+11 -1.406487e+14 4.700842e-01 -8.748693e-02 -8.782749e-01 -2.001084e+01 0 3353547
4.723374e+13 -1.143582e+14 1.383232e+14 2.256709e-01 -5.495347e-01 8.044155e-01 1.040853e+01 0 2
1.728967e+13 -2.904439e+11 -1.692468e+14 4.017395e-01 -7.279276e-01 -5.556319e-01 -4.924248e+00 0 215984
5.988719e+13 5.335652e+12 1.598815e+14 6.540301e-01 3.576665e-01 6.665729e-01 9.507411e+00 0 9411775
7.114911e+13 -9.927157e+12 1.541884e+14 1.326944e-01 2.192488e-01 9.666034e-01 -2.051331e+00 0 1486924
-1.155963e+14 -1.033118e+14 -7.387407e+13 3.873579e-02 -9.267305e-01 -3.737247e-01 8.858439e+00 0 3998304
-1.678692e+14 8.163545e+13 7.006138e+13 -7.092498e-01 4.938536e-01 5.030639e-01 1.427273e+01 0 6219171
-1.466197e+14 -6.681115e+13 -5.542440e+13 -3.715305e-01 -4.212698e-02 -9.274645e-01 -2.937836e+01 0 5279258
1.719920e+14 -1.372601e+14 -1.774098e+14 1.964167e-01 -5.630850e-01 -8.027178e-01 7.218474e+00 0 4642677
9.231184e+13 5.421313e+13 1.430586e+14 3.103316e-01 -2.578754e-01 9.149834e-01 -1.922587e+01 0 284526
-1.794983e+14 5.744086e+13 -8.320432e+10 -9.139710e-01 -1.684801e-01 -3.691496e-01 2.407832e+01 0 1778951
1.644823e+13 -5.886803e+13 1.596909e+14 1.534686e-01 -5.930244e-01 7.904236e-01 -6.226373e+00 0 1008592
3.370754e+13 -1.438676e+14 8.733828e+13 5.565021e-02 -1.185147e-01 9.913916e-01 6.625207e+00 0 2657399
6.999334e+13 -1.057305e+13 1.899854e+14 5.163860e-01 -6.061982e-01 6.048713e-01 -2.294520e+01 0 74
-1.295025e+14 1.098941e+14 1.088953e+14 -6.459458e-01 3.055010e-01 6.995879e-01 1.393057e+01 0 9917797
-3.150432e+13 -6.971233e+13 -1.525640e+14 5.171595e-01 -3.869917e-01 -7.634026e-01 2.765139e+01 0 4536516
-8.817740e+13 7.331499e+13 1.442056e+14 -8.163911e-01 3.419867e-01 4.653501e-01 2.001239e+01 0 18
4.697805e+13 -9.867880e+13 -1.927347e+14 2.565763e-01 -7.136203e-01 -6.518548e-01 -2.115185e+01 0 7864422
1.218753e+14 -1.176515e+14 -8.554960e+12 6.709444e-01 4.797229e-02 -7.399543e-01 1.190023e+01 0 260197
4.726928e+13 -1.621618e+14 5.849113e+13 7.703490e-01 -6.195929e-01 1.505557e-01 2.241785e+01 0 6067769
1.423085e+14 -1.668392e+14 -2.367150e+12 8.226998e-01 -5.590268e-01 -1.032182e-01 -1.136483e+01 0 4
1.056196e+14 -1.251711e+14 -4.658560e+13 4.594010e-01 -8.870410e-01 4.592423e-02 -7.911753e+00 0 2698573
1.266938e+14 1.213759e+12 1.191091e+14 2.445110e-01 -5.175106e-01 8.199983e-01 7.614237e+00 0 7053432
4.297552e+13 -1.141950e+14 1.187177e+14 -4.195550e-01 -5.884809e-01 6.911322e-01 7.154123e+00 0 10682910
-1.644582e+14 6.215784e+13 -5.024120e+11 -6.049592e-01 7.814522e-01 -1.528292e-01 -3.146758e+01 0 15
-1.145868e+14 1.110759e+14 -9.780610e+13 -2.948582e-01 3.900991e-01 -8.722851e-01 -1.811506e+01 0 15086841
-5.706699e+13 1.220940e+14 -1.062353e+14 -3.685931e-01 6.361869e-01 -6.777945e-01 -7.064282e+00 0 699371
-1.630121e+14 -2.061669e+13 5.211900e+13 -7.449200e-01 -2.615307e-02 -6.666410e-01 6.331409e+00 0 6272087
1.098207e+14 -4.668872e+13 1.205545e+14 6.359581e-02 -6.974343e-01 7.138213e-01 -1.218890e+01 0 679468
-1.330235e+13 -2.753190e+13 -1.688960e+14 1.955121e-01 -6.843829e-01 -7.024209e-01 1.131568e+01 0 29548
-8.365604e+13 1.409327e+14 -5.111420e+13 5.150088e-01 7.287035e-01 -4.513947e-01 -3.696426e+00 0 1744656
4.513115e+13 1.169326e+14 -1.172808e+14 9.352222e-01 3.208314e-01 1.497552e-01 -2.270642e+01 0 719527
-4.862973e+13 -1.637259e+14 -8.701551e+12 -6.847896e-01 -6.970304e-01 -2.126306e-01 -2.961373e+01 0 5468224
-6.243953e+13 1.772977e+14 1.868343e+13 -1.485698e-01 9.815864e-01 -1.200635e-01 -1.636221e+01 0 21
-6.152842e+13 2.395545e+13 1.596097e+14 1.587157e-01 5.577878e-01 8.146669e-01 -1.063422e+01 0 1
1.154882e+14 -2.800240e+13 1.228970e+14 5.320048e-01 7.516380e-01 3.898863e-01 3.337796e+01 0 6
5.558962e+13 -5.078114e+13 1.625292e+14 -4.236956e-01 -5.898850e-02 9.038819e-01 1.020743e+01 0 5624300
1.393538e+14 -1.008403e+14 -4.672916e+13 8.924551e-01 -2.392994e-01 -3.824391e-01 1.690054e+01 0 450510
-6.856460e+12 9.239849e+13 -1.575358e+14 -2.336048e-01 3.437464e-01 -9.095423e-01 1.080334e+01 0 454327
-1.196512e+14 -6.520340e+13 1.032954e+14 -8.284580e-01 -4.515954e-01 -3.312385e-01 1.342761e+01 0 37
1.086459e+14 -9.356987e+13 1.024513e+14 2.866479e-01 -4.974159e-01 8.187860e-01 1.801574e+01 0 19
1.535523e+14 -8.239968e+13 -1.392613e+13 8.663792e-01 -2.547680e-01 -4.295117e-01 1.287598e+01 0 7417451
-1.693320e+14 3.717726e+13 -2.778229e+13 -9.937665e-01 1.086870e-01 2.480336e-02 -2.244699e+00 0 5247090
-8.822810e+13 4.558796e+13 -1.378840e+14 -2.454636e-01 9.433994e-01 2.230364e-01 -1.687415e+01 0 2334282
-1.559547e+14 7.023529e+12 -7.566605e+13 -2.673967e-01 -1.155531e-01 -9.566329e-01 -5.399676e+00 0 7579375
1.998451e+14 -3.845657e+13 -7.637319e+13 8.106985e-01 -1.949149e-01 -5.520654e-01 1.476745e+01 0 4241331
1.616388e+14 -2.795493e+11 -7.165781e+13 8.900984e-01 3.687717e-01 2.678289e-01 1.265066e+01 0 1984607
-2.009217e+14 3.328260e+13 -3.712610e+13 -7.823269e-01 -4.967121e-01 -3.758214e-01 7.199007e-01 0 43
2.897555e+13 2.887441e+13 -1.663809e+14 1.503315e-01 3.774664e-02 -9.879148e-01 1.385335e+01 0 2028040
-1.647976e+14 4.302734e+13 -2.038655e+13 -7.588343e-01 4.680415e-01 4.528882e-01 -1.819462e+01 0 3144238
1.709834e+13 -1.856277e+13 -1.685697e+14 6.042401e-01 -6.901232e-02 -7.938081e-01 -2.045654e+00 0 139988
-6.393061e+13 7.116356e+13 1.400750e+14 -4.681042e-01 3.727648e-01 8.012021e-01 2.834751e+00 0 713834
-7.598351e+13 1.602254e+14 -2.759808e+13 -6.701779e-01 7.181546e-01 -1.873917e-01 2.505810e+01 0 4
-1.223996e+14 6.121717e+13 -1.032099e+14 -6.191848e-01 7.851040e-01 1.489260e-02 5.890009e+00 0 2111098
1.460872e+14 -9.922588e+13 -1.915267e+13 4.024534e-01 -9.153208e-01 1.480239e-02 -2.558120e+00 0 10117902
1.238553e+14 -1.188097e+14 -7.692719e+13 -6.162916e-02 -9.327326e-01 -3.552628e-01 -9.839290e-01 0 15
-7.998814e+13 -2.815119e+12 -1.505815e+14 2.018709e-01 -6.443857e-01 -7.375738e-01 -4.006537e+00 0 1173540
1.742629e+14 1.588901e+13 -1.078971e+13 6.609253e-01 7.463040e-01 -7.879134e-02 2.709740e+01 0 33
1.350454e+14 1.458781e+14 -2.483701e+13 3.614747e-02 9.060155e-01 -4.216981e-01 3.476597e+01 0 2
-7.337210e+13 -1.583022e+14 2.749954e+13 -2.438313e-01 -9.160873e-01 -3.183244e-01 -1.336397e+01 0 8
-1.436171e+14 -4.333075e+12 -9.060593e+13 -6.975031e-01 -6.298094e-01 3.418033e-01 3.054985e+01 0 14834761
-1.680335e+14 -2.124729e+13 -1.985745e+13 -2.960516e-01 -9.159486e-01 2.709088e-01 3.082812e+01 0 88
-5.713832e+13 1.520685e+14 5.498540e+13 -5.195148e-01 7.837423e-01 -3.403709e-01 -3.221922e+00 0 7935654
-1.725473e+14 -2.194228e+13 6.893085e+13 -8.316497e-01 5.552065e-01 -1.022761e-02 2.545782e+00 0 577461
1.040840e+14 2.026048e+13 1.383751e+14 4.033382e-01 -1.954655e-01 8.939304e-01 2.854085e+00 0 644843
2.480512e+13 -1.692537e+14 1.439354e+11 -4.036087e-01 -8.299669e-01 -3.850388e-01 -1.698683e+01 0 524372
1.436327e+14 -1.279153e+14 1.868360e+13 7.024097e-01 7.311585e-02 7.080076e-01 3.071106e+01 0 2
-1.631467e+14 -5.070376e+13 -4.056020e+13 -9.812201e-01 -1.077361e-01 -1.600000e-01 -1.992661e+01 0 27
-1.297712e+14 -1.091848e+14 -2.875347e+12 -6.752137e-01 1.108933e-01 -7.292387e-01 -2.065495e+01 0 288602
-1.227092e+13 -5.780425e+13 1.613800e+14 -3.695229e-01 -1.525493e-01 9.166142e-01 5.321924e+00 0 10767473
5.512654e+13 2.696738e+13 1.600368e+14 9.456311e-02 -5.536136e-01 8.273873e-01 -1.622452e+01 0 3683860
9.128519e+12 -6.171130e+13 -1.613706e+14 -5.872361e-01 2.986720e-01 -7.522957e-01 -2.273135e+01 0 2966285
1.841100e+13 -1.251777e+14 1.516286e+14 3.787044e-02 -2.362860e-02 9.990033e-01 2.091582e+01 0 35
7.390171e+13 1.659317e+14 -1.928624e+13 5.159725e-01 8.384016e-01 1.756561e-01 1.331771e+01 0 8378210
-5.204895e+13 8.902856e+13 -1.351927e+14 -6.635631e-01 7.430684e-01 -8.679543e-02 -1.495508e+00 0 351210
6.978223e+13 -1.467617e+14 -5.044784e+13 -6.043420e-01 -7.953956e-01 4.600627e-02 -2.977555e+01 0 1584778
-6.192785e+13 1.544579e+14 4.730417e+13 -9.617485e-02 6.222843e-01 7.768608e-01 7.178337e+00 0 3905156
-5.751470e+13 1.552310e+14 -4.020096e+13 -7.889618e-01 6.088891e-01 8.242208e-02 1.427616e+00 0 2274569
1.535421e+14 -6.807636e+13 5.047974e+13 8.270550e-01 -2.470734e-01 5.049107e-01 2.233060e+01 0 1539574
1.408147e+14 1.237421e+14 -5.771548e+13 5.506916e-01 7.022887e-01 -4.511423e-01 -1.046191e+01 0 7309145
-2.499499e+13 7.834501e+13 1.867166e+14 -3.430491e-01 5.182736e-01 7.833963e-01 -1.578207e+01 0 7233885
1.397364e+12 2.199794e+14 -1.919494e+14 2.292284e-01 8.495132e-01 -4.751649e-01 -2.648016e+01 0 6990164
-9.085561e+13 -1.210481e+14 8.423281e+13 -9.623391e-01 -1.750601e-01 2.079840e-01 -2.463764e+01 0 1259473
-1.135335e+14 3.639967e+13 1.272437e+14 -5.058218e-01 1.609686e-01 8.474865e-01 1.505962e+01 0 29589161
1.744776e+14 3.968911e+13 -1.154944e+13 8.766399e-01 -2.066298e-01 -4.345189e-01 1.011973e+01 0 485309
4.015982e+13 -4.626165e+13 -1.591624e+14 6.373902e-02 -7.025712e-01 -7.087532e-01 -1.108697e+01 0 678979
2.756389e+13 -1.870074e+14 -1.217375e+14 1.488310e-01 -8.683031e-01 -4.731797e-01 2.013106e+01 0 17479749
-5.437368e+13 -2.449500e+12 1.758138e+14 -4.408159e-01 -2.844571e-01 8.513316e-01 -7.776434e+00 0 2112105
6.489334e+13 -1.104551e+14 -1.112977e+14 -3.365289e-01 8.235229e-03 -9.416371e-01 -1.323601e+01 0 967961
-1.295108e+14 -1.036637e+14 -3.893690e+13 -2.014991e-01 -9.618395e-01 -1.851025e-01 1.867506e+01 0 131345
1.404474e+14 -3.914338e+13 -8.774868e+13 -5.716975e-02 -8.805595e-01 -4.704749e-01 -5.950327e+00 0 3
-1.262530e+14 -1.279598e+14 3.593484e+13 -9.334009e-01 -3.505556e-01 7.663879e-02 -2.319822e+01 0 4725660
-6.390013e+13 1.591965e+13 -1.584944e+14 -9.389755e-01 -3.259498e-01 -1.099173e-01 1.431346e+01 0 8759355
1.053951e+14 1.305305e+14 -2.928951e+13 5.951773e-01 -1.644921e-01 -7.865789e-01 -2.506218e+00 0 941605
-1.974115e+14 -1.193991e+14 4.717685e+13 -6.380516e-01 -7.527050e-01 -1.622509e-01 2.443557e+01 0 23761445
-7.422074e+13 -1.195969e+14 9.949118e+13 -9.201007e-01 -3.547954e-01 -1.659363e-01 -1.676259e+01 0 1
-6.496082e+13 -1.633266e+14 -2.058285e+13 -8.691152e-01 -2.230212e-01 -4.414752e-01 -3.360503e+01 0 2
1.342795e+14 -1.202701e+14 5.979713e+13 5.690101e-01 -7.803596e-01 -2.593577e-01 -1.980110e+01 0 6
1.387181e+14 2.811629e+13 1.024204e+14 8.298055e-01 -4.184703e-01 -3.691958e-01 -2.240000e+00 0 1578465
9.819828e+13 -5.658809e+13 1.275732e+14 -1.479597e-01 -9.190152e-01 3.654024e-01 -1.707299e+01 0 177468
-1.401207e+14 5.877984e+13 7.585851e+13 -6.074765e-01 6.115068e-01 5.069831e-01 -4.430635e+00 0 2893350
1.703442e+14 -1.037621e+13 4.953825e+13 7.969551e-01 -5.882032e-01 1.374028e-01 -5.725302e+00 0 3410400
-1.825088e+14 -3.512340e+13 1.574891e+13 -9.736048e-01 1.516726e-01 1.705554e-01 7.236682e+00 0 19858136
-6.861019e+13 5.323094e+11 -1.723163e+14 2.332743e-01 1.496444e-01 -9.608276e-01 1.289473e+01 0 28
6.616469e+13 1.270269e+14 -9.712520e+13 9.534230e-01 3.001842e-01 -2.956445e-02 -1.785913e-01 0 252871
-1.405237e+14 -8.899592e+13 5.062832e+13 -7.765254e-01 -2.037700e-01 -5.962265e-01 -1.773542e+01 0 110798
-1.646491e+14 3.821336e+13 -3.609923e+13 -7.933837e-01 3.102220e-01 -5.237410e-01 -1.992693e+01 0 36
-5.705736e+12 1.602648e+14 5.822835e+13 2.738652e-01 9.538469e-01 -1.231823e-01 -1.363849e+01 0 643799
1.143648e+14 7.276095e+13 1.066028e+14 7.539041e-01 -2.949083e-01 5.870756e-01 8.610270e-01 0 488550
-9.727031e+13 -4.957756e+13 1.301326e+14 6.619976e-01 -5.917059e-01 4.600470e-01 1.983157e+01 0 4800506
2.385187e+13 5.677863e+13 -1.593385e+14 3.428917e-01 4.116812e-01 -8.443600e-01 7.956701e+00 0 2561011
9.078346e+13 -1.186545e+14 1.103340e+14 4.801633e-01 -8.594774e-01 1.753333e-01 -2.138535e+01 0 15966706
3.072766e+13 1.501796e+14 -7.884844e+13 1.505464e-01 9.447826e-01 -2.910699e-01 5.886791e+00 0 4515401
-1.635266e+14 3.580462e+13 4.695635e+13 -8.226971e-01 -3.301344e-02 5.675206e-01 2.041037e+01 0 16
1.152422e+14 7.697281e+13 1.185140e+14 1.304075e-01 3.182108e-01 9.390079e-01 2.301702e+01 0 1455014
-1.146024e+14 3.512335e+13 -1.218091e+14 -8.396063e-01 -4.533672e-01 -2.991980e-01 2.425502e-01 0 5219701
5.899645e+12 8.206036e+13 -1.494416e+14 -1.454579e-01 9.417607e-01 -3.031977e-01 1.222179e+01 0 2451726
-6.906172e+13 -1.260593e+14 -1.024195e+14 -5.480680e-01 -6.543135e-01 -5.210522e-01 -2.256695e+01 0 609816
9.068023e+13 1.437984e+14 2.117816e+13 2.966419e-01 8.075803e-01 5.097231e-01 -2.030813e+01 0 1414747
7.546810e+13 -1.522592e+14 -1.470579e+13 -6.551196e-01 -5.750124e-01 -4.900806e-01 -4.211580e+01 0 1
-3.350910e+13 5.727891e+13 -1.578836e+14 -5.361970e-01 3.771433e-01 -7.551528e-01 -1.758803e+01 0 725086
-1.806847e+14 1.217687e+13 -1.588107e+14 -7.940376e-02 1.859396e-01 -9.793475e-01 1.614778e+01 0 1
-1.180641e+14 4.734019e+13 -1.138094e+14 -7.065307e-01 5.851133e-01 -3.980663e-01 2.013447e+00 0 2530732
3.142655e+13 1.334724e+14 -1.100510e+14 6.163238e-02 1.197430e-01 -9.908900e-01 1.525205e+01 0 1
1.454882e+14 1.082663e+14 -2.221613e+12 7.944475e-01 5.787453e-01 1.841386e-01 -2.238330e+01 0 3601236
8.929159e+12 -1.014589e+14 -1.404716e+14 -4.423100e-01 -8.496551e-02 -8.928285e-01 1.879940e+01 0 11524494
3.731591e+13 4.209243e+13 1.616384e+14 -3.680306e-01 8.396576e-01 3.994103e-01 2.439348e+01 0 10329989
-7.381551e+13 2.700943e+13 1.624530e+14 -4.323377e-01 -2.846729e-01 8.555965e-01 -2.566884e+00 0 4398091
-1.041633e+14 1.751963e+13 1.336538e+14 -9.942191e-01 -5.954364e-04 -1.073683e-01 1.020492e+01 0 4340528
3.017203e+12 5.740591e+13 1.692082e+14 -1.024413e-01 5.368544e-01 8.374325e-01 9.893224e+00 0 33144324
-8.848138e+13 1.508607e+14 -9.864346e+13 -4.630521e-01 8.594668e-01 -2.165631e-01 -2.558006e+01 0 3704487
-7.782506e+13 -8.700144e+13 1.245010e+14 -2.810481e-02 -9.968153e-01 7.462762e-02 7.564253e-01 0 5
-1.241049e+14 7.065958e+13 9.261104e+13 -4.232795e-01 -3.435422e-01 8.383396e-01 1.675984e+01 0 20546924
8.856356e+13 1.488185e+14 -2.033961e+13 4.264091e-01 7.879843e-01 -4.441351e-01 5.983998e+00 0 7057248
1.495955e+14 7.164237e+13 -4.119755e+13 9.370230e-01 3.414154e-01 7.364394e-02 -7.937253e+00 0 3285506
7.931083e+13 9.694159e+13 -1.310464e+14 -2.311275e-01 2.935096e-01 -9.275948e-01 -7.693536e+00 0 2875747
-1.736993e+14 -5.391953e+13 -4.345025e+13 -3.850619e-01 -3.190581e-01 -8.659846e-01 2.927836e+01 0 4980621
-1.553358e+14 3.776133e+13 -9.066676e+13 7.816809e-03 4.158073e-01 -9.094191e-01 9.232402e+00 0 19406022
7.741801e+13 5.907148e+13 -1.398060e+14 6.795020e-01 2.156706e-01 -7.012583e-01 3.056550e+00 0 1651412
-3.226384e+13 6.072669e+13 1.554901e+14 -7.507122e-01 2.586793e-01 6.078784e-01 1.703972e+01 0 7095666
1.078052e+14 2.331250e+13 1.759242e+14 -7.062546e-02 -3.658430e-01 9.279930e-01 1.373448e+01 0 2
1.906925e+14 -3.404831e+13 -4.861577e+13 9.545970e-01 2.837070e-01 -9.085620e-02 2.777237e+01 0 4
-9.694676e+13 -1.151584e+13 -1.409872e+14 -7.548110e-01 -9.374765e-02 -6.492086e-01 1.004393e+01 0 949329
8.383939e+13 1.519707e+14 -5.863089e+13 6.851713e-01 4.176799e-01 -5.967276e-01 7.377778e+00 0 4503769
9.394462e+13 -1.002259e+13 1.455993e+14 7.631588e-01 -5.110818e-01 3.954543e-01 -1.701518e+01 0 6
1.034554e+14 -1.060782e+14 -8.383244e+13 -3.182591e-01 -3.615966e-04 -9.480037e-01 -8.335263e+00 0 476059
6.148748e+12 -1.555819e+14 -6.899402e+13 3.358454e-02 -9.947184e-01 9.699207e-02 -7.227700e+00 0 2526278
-6.356921e+12 -1.845558e+14 7.723037e+13 -1.592029e-01 -4.200881e-01 8.934094e-01 -2.396967e+01 0 319203
1.319489e+14 1.996590e+12 -1.116176e+14 5.314442e-01 8.402787e-01 1.072327e-01 5.673409e-01 0 1201156
9.795246e+13 -1.362163e+14 2.719740e+13 -2.840867e-01 -7.637655e-01 -5.796180e-01 -2.215667e+01 0 13392584
5.751251e+13 -1.708783e+14 4.049292e+12 2.102231e-01 -9.325158e-01 -2.936335e-01 -2.039976e+01 0 14392005
1.684440e+14 3.211486e+13 4.310577e+13 9.300482e-01 -2.786308e-01 -2.395314e-01 -3.495068e+01 0 5
6.542517e+13 -1.649408e+14 -1.900739e+13 6.881382e-01 -5.013752e-01 -5.244890e-01 -1.909017e+00 0 10610096
7.268414e+13 2.378748e+13 -1.891967e+14 1.055185e-01 5.443617e-01 -8.321876e-01 -1.085488e+01 0 6706402
1.040879e+14 1.138902e+14 9.714367e+13 1.323573e-01 8.641814e-01 4.854607e-01 2.825981e+01 0 6286725
6.625413e+13 -8.116604e+13 1.337935e+14 6.220264e-02 -9.543189e-01 2.922434e-01 -1.937850e+00 0 2315178
-1.303657e+14 8.649208e+12 1.169979e+14 -7.281731e-01 -3.682510e-01 5.780616e-01 -5.386665e+00 0 16102211
-8.000531e+13 -1.525278e+14 4.076925e+13 -9.931334e-01 7.559496e-02 -8.928246e-02 -3.785107e+01 0 15280545
9.969504e+13 -1.310102e+14 7.234559e+13 -3.943905e-01 -7.705980e-01 5.006344e-01 5.098046e-02 0 14896785
-8.999036e+13 -1.111351e+14 -9.663824e+13 -1.380970e-01 -4.638508e-01 -8.750838e-01 -3.508222e+00 0 25
-1.464675e+14 -5.368327e+13 7.001998e+13 -9.758485e-01 -1.600930e-01 1.486270e-01 -1.646483e+01 0 11196174
1.530012e+13 2.834194e+12 -1.691064e+14 -6.673979e-01 2.407442e-01 -7.047143e-01 1.815010e+01 0 1766740
3.903121e+13 1.081334e+14 1.837755e+14 -5.859938e-02 8.100661e-01 5.834029e-01 2.556724e+01 0 36
-1.262179e+14 8.451029e+13 -8.416964e+13 -2.812029e-01 3.720303e-01 -8.846007e-01 -1.060281e+01 0 9403463
-1.540704e+14 7.013658e+13 1.661561e+13 -9.958334e-01 -8.422938e-02 3.494615e-02 -2.619203e-01 0 9952106
-6.767484e+13 7.678213e+13 -1.380922e+14 3.975059e-02 9.472019e-01 -3.181643e-01 4.220478e+00 0 38
-3.739694e+13 -1.635106e+14 2.899155e+13 -4.965373e-01 -4.642467e-01 -7.334342e-01 -1.358911e+01 0 2
-1.522899e+14 1.616171e+13 -7.564712e+13 -9.683311e-01 8.197371e-02 2.358288e-01 6.153977e+00 0 831669
1.219090e+14 -1.144181e+14 3.458424e+13 7.548508e-01 -2.296074e-02 6.554945e-01 1.890669e-01 0 3008291
5.406657e+13 1.608823e+14 -9.998370e+12 7.249367e-01 -1.699812e-01 -6.675127e-01 -2.737245e+01 0 9060030
7.663473e+13 -1.384598e+14 6.235992e+13 3.176034e-01 -6.014085e-01 7.331002e-01 -4.244351e+00 0 301875
-1.109694e+14 -1.221431e+14 4.901335e+13 2.981188e-01 -6.721024e-01 6.777931e-01 5.604188e-01 0 1657115
-2.009411e+13 1.920070e+14 -2.780920e+12 3.311060e-03 8.446662e-01 5.352832e-01 -1.848494e+01 0 5
-1.351712e+14 -9.184016e+13 5.211578e+13 -6.478323e-01 -5.869287e-01 4.856214e-01 4.729884e+00 0 4355540
-1.691136e+14 -3.037231e+13 2.042696e+13 -5.256293e-01 6.613856e-01 -5.350542e-01 -3.475607e+01 0 11
-2.807687e+12 1.763366e+14 4.064378e+12 -9.444859e-02 9.770699e-01 -1.908240e-01 1.620672e+01 0 8176636
9.091563e+13 -1.447956e+14 -1.242313e+13 5.446991e-01 -7.648458e-01 -3.439676e-01 1.626603e+01 0 14062659
-3.047133e+13 -1.840191e+13 -1.722168e+14 2.909109e-01 -1.279206e-01 -9.481599e-01 1.115137e+01 0 5286386
-1.262181e+14 5.375847e+12 -1.132154e+14 -8.605450e-01 -2.142922e-01 4.621051e-01 8.061153e+00 0 126098
6.967310e+13 -9.778755e+13 1.201723e+14 -5.045788e-01 -4.482650e-01 7.378745e-01 -9.995838e+00 0 4309382
1.706910e+14 -4.300573e+13 1.152477e+14 8.792199e-01 -4.735646e-01 -5.204683e-02 1.668458e+01 0 386069
-1.295072e+14 -2.567049e+13 1.102736e+14 -9.264063e-01 2.006669e-01 3.185971e-01 -1.348851e+01 0 1132273
1.136181e+14 -1.181514e+14 -5.888637e+13 7.220958e-01 -5.238895e-01 4.517936e-01 -7.809820e+00 0 621250
7.464266e+12 6.976345e+13 1.588994e+14 5.264754e-01 6.564204e-01 5.403110e-01 7.209599e+00 0 24995848
1.373371e+13 6.524073e+13 -1.592333e+14 -7.808761e-01 -3.006645e-01 -5.475705e-01 2.592742e+01 0 4309829
-1.693517e+14 -2.208194e+13 1.199111e+13 -9.825958e-01 8.551118e-02 -1.649041e-01 -1.995313e+01 0 18757078
-1.361209e+14 -1.393457e+14 3.871101e+13 -5.737000e-01 -1.526191e-01 8.047209e-01 -2.605507e+01 0 9330233
-5.697564e+12 4.482168e+13 1.658995e+14 4.497926e-01 -6.824498e-02 8.905219e-01 -9.324801e+00 0 1659995
8.376173e+13 -1.515288e+14 1.616777e+12 1.853014e-01 -5.732328e-01 7.981651e-01 1.365967e+01 0 13244439
-1.022315e+14 -7.384673e+13 -1.148564e+14 1.617227e-01 -3.250093e-01 -9.317804e-01 2.109439e+01 0 1
-3.197241e+12 8.770645e+12 1.696242e+14 -7.502360e-01 3.955304e-01 5.298128e-01 8.064763e+00 0 4179615
-3.871677e+13 6.089938e+13 2.316200e+14 -9.779492e-02 6.497974e-01 7.537900e-01 -2.393158e+01 0 107
1.147103e+14 -9.798858e+13 -8.302696e+13 9.758388e-01 9.426561e-02 1.971109e-01 2.642071e+01 0 1701247
2.263729e+13 1.623628e+14 -5.219506e+13 2.330793e-01 5.787766e-01 -7.814676e-01 8.225598e+00 0 487870
3.679168e+13 1.405032e+14 1.122766e+14 6.666839e-01 5.495427e-01 5.035230e-01 6.409906e+00 0 2816567
1.467506e+14 -7.170124e+13 -5.280533e+13 6.704436e-01 -5.375640e-01 5.114003e-01 3.035946e+00 0 3092875
-4.784264e+13 1.484104e+14 1.261562e+14 -2.458025e-01 8.850027e-01 3.954129e-01 -1.757901e+01 0 23
-1.589189e+14 5.713918e+13 3.180975e+13 -5.548145e-02 3.049453e-01 9.507524e-01 2.029106e+00 0 4
1.422055e+14 6.762088e+12 9.619719e+13 5.745373e-01 -7.749862e-01 2.632550e-01 -1.883397e+01 0 1255427
1.569885e+14 6.004462e+13 2.983712e+13 9.298589e-01 -2.750872e-02 -3.668864e-01 6.926679e-01 0 1707079
-2.954669e+13 8.080155e+13 1.591918e+14 3.768246e-01 2.522688e-01 8.912708e-01 1.090989e+01 0 5120592
-1.283872e+14 -1.820990e+13 -1.225585e+14 -8.779220e-01 3.168311e-01 3.589861e-01 -2.564402e+01 0 1643321
-1.501101e+14 9.656517e+13 8.502921e+13 -2.265545e-01 8.984790e-01 3.760433e-01 -1.690437e-01 0 1966082
2.862150e+11 -1.539285e+14 8.969846e+13 9.514707e-02 -9.746868e-01 2.023180e-01 -1.133395e+01 0 2512098
1.579954e+14 -2.082911e+13 -5.839260e+13 -1.545767e-01 1.937313e-01 -9.688004e-01 -7.522613e+00 0 15563009
-8.285045e+13 -1.254047e+14 -1.489963e+14 7.900947e-02 -8.317358e-01 -5.495207e-01 2.612984e+01 0 7
-5.911541e+13 1.450790e+14 7.172089e+13 -3.972766e-01 3.324420e-02 9.170966e-01 2.114450e+01 0 5797737
-4.229989e+13 1.379805e+14 9.194095e+13 -8.542823e-01 3.919357e-01 -3.414501e-01 2.529197e+01 0 360463
-7.626166e+13 1.301596e+14 8.408332e+13 -3.444947e-01 8.344421e-01 4.301510e-01 -1.267906e+01 0 20553692
6.745271e+13 1.391589e+14 -9.811645e+13 4.275280e-02 6.192444e-01 -7.840335e-01 -4.882007e+00 0 14
1.704342e+14 4.511758e+13 3.264447e+13 8.849724e-01 4.304245e-01 1.776473e-01 -1.245906e+01 0 190155
2.073013e+14 -1.900048e+13 7.636878e+13 8.708777e-01 -4.503723e-01 1.968165e-01 1.375821e+01 0 847347
-1.214909e+13 1.698763e+14 5.371072e+12 -3.745438e-01 9.147953e-01 -1.512169e-01 2.273205e+01 0 10706879
1.101946e+14 1.245134e+14 -3.369760e+13 8.885083e-01 -3.493769e-01 2.974707e-01 -3.896282e+01 0 1
-4.452041e+13 1.728748e+14 -1.858875e+13 -3.650854e-01 7.067185e-01 6.060211e-01 1.732775e+01 0 362172
-1.705256e+14 4.252674e+13 -3.376368e+12 -4.476561e-01 8.838651e-01 -1.355969e-01 -2.945045e+01 0 103
-1.524356e+14 -6.153236e+13 -6.583210e+13 -6.534623e-01 2.237743e-01 -7.231266e-01 3.193832e+00 0 2324223
6.634062e+13 -1.271645e+14 -1.176578e+14 7.676921e-01 -3.885929e-01 -5.095531e-01 2.656790e+01 0 5744660
1.874163e+14 -8.834261e+13 4.388919e+12 9.112661e-01 -4.080872e-01 -5.530742e-02 1.798502e+01 0 9205659
4.697119e+13 -4.472407e+13 -1.696215e+14 7.965260e-01 -3.885118e-01 -4.632546e-01 2.864376e+01 0 2547552
-6.196947e+13 -6.263476e+13 1.508934e+14 -8.632354e-01 -3.556537e-01 3.582388e-01 7.950577e+00 0 1238880
-3.983632e+12 7.171113e+13 -1.609049e+14 -3.490481e-01 8.179485e-01 -4.573026e-01 -9.251160e+00 0 9970721
1.076254e+14 -1.010295e+14 8.643772e+13 1.154349e-01 -9.691637e-01 -2.177074e-01 -1.806894e+01 0 2333352
-8.796957e+13 -9.385491e+13 -1.171042e+14 -5.664218e-02 -6.585678e-01 -7.503866e-01 -6.825623e+00 0 179836
-7.406883e+13 9.649438e+13 -1.207680e+14 2.168843e-01 8.206628e-01 -5.286529e-01 -2.139669e+01 0 3170938
-8.707508e+13 2.519267e+13 1.438695e+14 -2.716077e-01 8.569329e-01 4.380586e-01 -1.919988e+01 0 2179503
-8.468648e+13 -1.019502e+14 1.061725e+14 3.005746e-01 -9.532892e-01 -2.991087e-02 2.541006e+01 0 5408785
7.170224e+13 -1.438478e+14 7.201251e+13 -6.358156e-01 -6.413819e-01 4.293806e-01 -7.281277e-01 0 1
1.618811e+14 2.887077e+13 5.575539e+13 9.662540e-01 -1.963383e-01 1.667470e-01 -1.762628e+01 0 8199526
8.918868e+13 -1.109847e+14 9.552951e+13 -2.625620e-01 -5.804909e-01 7.707733e-01 -6.948769e+00 0 643210
1.037610e+14 -9.520822e+13 9.923149e+13 6.150517e-01 3.207717e-01 7.202895e-01 2.152040e+01 0 8209053
-4.109111e+13 -6.954686e+13 1.507076e+14 -4.037546e-01 9.892462e-02 9.095033e-01 2.805277e+00 0 18624620
1.142436e+14 1.226399e+14 -6.020711e+13 2.395764e-01 9.206605e-01 -3.082002e-01 -2.133623e+00 0 3376722
-8.910916e+12 4.215803e+13 1.645678e+14 -6.125297e-01 -4.810810e-01 6.271909e-01 -2.835877e+00 0 1050188
-1.078435e+14 2.999060e+13 1.309138e+14 -1.307286e-01 1.196957e-01 9.841661e-01 1.634022e+01 0 978057
6.492979e+13 1.622659e+14 2.280420e+13 -4.090598e-02 7.687409e-01 6.382509e-01 -7.017290e-01 0 15779768
3.209901e+13 9.656871e+13 -1.359272e+14 -2.233175e-01 3.374127e-01 -9.144845e-01 8.595573e+00 0 983757
-7.906257e+13 -1.029635e+14 1.097487e+14 -5.796255e-01 -7.771661e-01 -2.450450e-01 -8.137865e+00 0 9668848
1.295034e+14 -1.106039e+14 -5.723543e+12 2.499686e-01 -8.880939e-01 -3.857524e-01 8.030893e-01 0 5220661
-1.841444e+13 -1.527668e+14 8.029845e+13 -9.902359e-03 -9.901570e-01 1.396105e-01 -1.271661e+01 0 6997240
-1.728691e+14 -1.350121e+13 -4.012784e+12 -8.535434e-01 4.443212e-01 2.721072e-01 -1.487556e+00 0 8834200
2.312506e+13 9.710414e+13 1.390984e+14 -1.012900e-01 -3.552280e-01 9.292757e-01 -1.814118e+01 0 3775499
5.460457e+13 5.970101e+13 -1.852488e+14 1.516275e-01 5.742185e-01 -8.045385e-01 1.624671e+01 0 6379730
1.174963e+14 -2.020149e+13 -1.287093e+14 3.766494e-01 -7.542358e-01 -5.378324e-01 -2.208138e+01 0 2047453
8.586170e+13 4.339458e+13 -1.397287e+14 8.357553e-02 3.420745e-01 -9.359488e-01 -3.369645e+00 0 22
1.606035e+14 4.894209e+13 4.517577e+13 -1.414862e-02 6.448189e-01 7.642045e-01 2.721029e+01 0 2905498
5.610331e+13 -2.029282e+14 1.443020e+14 -9.670061e-02 -8.141530e-01 5.725416e-01 -2.737742e+01 0 31
-1.629445e+14 -1.038717e+14 -9.754916e+12 -6.794690e-01 -7.253042e-01 -1.107058e-01 -5.610522e+00 0 606732
1.463512e+14 -8.577219e+13 -3.363152e+13 9.205739e-01 3.904767e-01 -8.465979e-03 3.070480e+00 0 4
-1.070194e+14 -7.992052e+13 -1.099606e+14 -9.283792e-01 3.306897e-01 1.695769e-01 -2.374138e+00 0 3
7.407577e+13 1.634427e+13 1.542211e+14 -1.827218e-02 -5.272367e-01 8.495220e-01 2.856709e+00 0 2872802
2.906189e+13 -1.044201e+14 -1.307231e+14 -4.302747e-01 5.443745e-01 -7.200834e-01 1.862816e+01 0 932469
-1.145458e+14 -7.537652e+13 1.098647e+14 -6.535813e-01 3.421556e-01 6.751008e-01 -1.472028e+00 0 44
9.162171e+13 -8.949777e+13 1.118558e+14 5.180298e-01 -6.858714e-01 5.111022e-01 3.069544e+00 0 3697632
1.152142e+13 -1.502802e+14 9.810898e+13 5.536533e-01 -7.564323e-01 -3.482502e-01 2.485565e+01 0 67
1.525536e+14 2.563935e+13 -7.639005e+13 4.970164e-01 7.646340e-01 -4.102555e-01 3.280544e+01 0 7225724
5.380360e+12 -1.084523e+14 -1.327599e+14 -1.451351e-01 -6.152626e-01 -7.748469e-01 -1.339489e+01 0 4445851
8.849647e+13 -1.124852e+14 9.859179e+13 -2.997370e-02 -9.945806e-01 9.955386e-02 -2.151895e+01 0 7729506
-2.926032e+13 -7.015915e+13 -1.565759e+14 -5.624992e-01 -5.781511e-01 -5.910465e-01 -1.853008e+01 0 5612671
1.107311e+13 2.352862e+13 -1.713537e+14 8.299336e-01 3.408278e-01 -4.416407e-01 -1.635669e+01 0 10506336
-4.974200e+13 6.810083e+13 1.545921e+14 -2.211797e-01 -2.411881e-01 9.449380e-01 -5.865296e+00 0 605571
6.582095e+13 1.638356e+14 2.345797e+13 2.310840e-01 4.579382e-01 8.584246e-01 -1.253747e+01 0 2395535
1.327315e+14 1.031792e+14 4.382724e+13 1.372718e-01 9.529362e-01 -2.703130e-01 9.208098e+00 0 2948116
-4.172296e+13 5.518805e+13 -1.602911e+14 -5.935722e-01 3.023406e-01 -7.458298e-01 -1.113255e+01 0 15569447
-1.628077e+14 -4.326846e+13 -2.950396e+13 -7.383505e-01 -6.499918e-01 -1.798589e-01 2.190002e+01 0 1743439
-6.117013e+13 -5.932317e+13 1.508443e+14 -4.118551e-01 -2.581104e-01 8.739305e-01 1.267823e+01 0 2681869
-2.715755e+13 -1.240292e+14 -1.256223e+14 1.051411e-02 -9.134147e-01 -4.068945e-01 1.906678e+01 0 368723
1.212092e+14 -1.093296e+14 6.807392e+13 6.125675e-01 -7.830514e-01 -1.076639e-01 9.239130e+00 0 70
-9.931626e+13 -1.557057e+14 2.547080e+13 -9.034098e-02 -8.757315e-01 4.742708e-01 3.368107e+01 0 90
-1.469813e+14 7.655435e+12 8.487936e+13 -1.654355e-01 -5.542538e-01 8.157413e-01 6.427291e+00 0 705314
-8.272998e+13 1.434635e+14 5.984159e+13 2.756402e-01 4.588502e-01 8.446769e-01 -2.376425e+01 0 2143026
-1.309984e+14 1.083579e+14 -3.277561e+12 -7.265195e-01 6.851999e-01 5.167746e-02 1.016924e+01 0 4003631
8.164769e+13 -1.482090e+14 -6.285010e+13 4.847303e-01 -8.365370e-01 -2.554257e-01 1.571603e+01 0 7
-2.359079e+13 1.182445e+14 1.213666e+14 -4.407317e-02 9.689397e-01 2.433382e-01 -1.486803e+01 0 414163
1.264566e+13 -1.413319e+14 -9.793824e+13 3.246716e-01 3.604048e-01 -8.744694e-01 1.845471e+01 0 345849
4.789125e+13 2.868364e+13 1.800699e+14 3.693087e-01 7.863426e-03 9.292735e-01 -1.453609e+01 0 7124469
1.489248e+13 -1.507508e+14 -7.739200e+13 5.530784e-01 1.157746e-01 -8.250458e-01 1.158535e+00 0 6
-8.764197e+13 -9.716265e+13 1.349270e+14 2.175408e-01 -3.176702e-01 9.229093e-01 2.287006e+01 0 94
-3.743971e+13 -5.432050e+13 1.586145e+14 8.478759e-01 -8.913111e-02 5.226492e-01 1.308107e+01 0 21066
1.337709e+14 -5.321265e+13 -8.974107e+13 1.406751e-01 -9.893820e-01 3.652081e-02 -3.069837e+01 0 2661254
7.342198e+13 -1.497639e+14 5.638193e+13 5.146028e-01 -8.446931e-01 1.472326e-01 -1.169605e+01 0 21146295
1.202819e+14 5.467831e+13 -1.105867e+14 5.015352e-01 7.180914e-01 -4.825009e-01 1.811105e+01 0 23
8.438174e+13 -1.183980e+14 9.270095e+13 4.718470e-01 -8.774095e-01 8.667743e-02 -1.483301e+01 0 15672153
9.765737e+11 1.710326e+14 8.802180e+11 2.805730e-01 7.553519e-01 5.922181e-01 -1.909741e+01 0 3
-4.457826e+13 1.633175e+14 1.965318e+13 8.594559e-01 5.073196e-01 6.294745e-02 -2.807156e+01 0 1529880
1.661331e+14 -2.671893e+13 3.078823e+13 9.602899e-01 1.201647e-01 2.518011e-01 2.917385e-01 0 1015706
-3.388074e+13 1.582372e+14 -6.127585e+13 2.183814e-01 6.183017e-01 7.549918e-01 -2.620370e+01 0 1949345
-1.414836e+14 5.877040e+13 -8.261909e+13 -6.459712e-01 2.004158e-01 -7.365832e-01 -1.379142e+01 0 13
9.435931e+13 9.769213e+13 -1.023563e+14 7.344203e-01 5.863450e-01 -3.417988e-01 -4.398011e-01 0 31074847
-1.462915e+14 1.670779e+12 8.841185e+13 -2.580309e-01 9.501045e-01 1.752757e-01 -1.373969e+01 0 5631389
-8.653331e+13 1.037455e+14 1.416074e+14 -7.902296e-01 2.535637e-01 5.578912e-01 -9.919830e+00 0 5472224
-1.319503e+14 1.019154e+14 -5.139801e+13 -8.615878e-01 4.302130e-01 -2.694129e-01 -4.222493e+00 0 3890650
-7.848348e+13 -1.202456e+14 -9.225906e+13 -2.581995e-01 -7.792368e-01 -5.710718e-01 1.269795e+01 0 26
-5.746901e+13 -1.010438e+14 -1.253121e+14 -5.753563e-02 -4.878581e-01 -8.710248e-01 1.325750e+01 0 275506
-9.044483e+13 -1.392582e+14 -3.460771e+13 -4.398301e-01 -8.536949e-01 -2.788450e-01 -6.482891e+00 0 103
1.738985e+14 8.277127e+13 -7.512551e+13 9.041410e-01 3.664625e-01 -2.196229e-01 -2.075828e+01 0 4815715
1.319691e+14 -1.211194e+14 3.241128e+13 8.584249e-01 -5.115407e-01 3.785120e-02 -5.767554e+00 0 172379
8.776208e+13 1.449357e+14 1.207411e+13 5.083088e-01 4.127120e-01 -7.558379e-01 -8.389698e+00 0 1026461
1.222182e+14 -4.360038e+13 -1.104934e+14 8.603998e-01 -3.468083e-01 -3.734115e-01 -4.882699e+00 0 726969
-1.940806e+13 -1.701735e+14 -9.168091e+12 1.207848e-02 -5.933335e-01 8.048661e-01 -7.302321e+00 0 2465263
-1.260141e+14 1.725691e+14 -6.757989e+13 -2.403237e-01 9.182740e-01 3.146703e-01 -2.431692e+01 0 8
-9.366314e+13 1.377946e+14 3.490465e+13 -3.801822e-01 8.973696e-01 2.240295e-01 2.173122e+00 0 429000
1.541019e+14 -5.287156e+13 -5.108736e+13 3.986221e-01 -6.588390e-01 6.379903e-01 -2.243270e+01 0 140662
1.172959e+14 8.302824e+13 -9.242973e+13 5.711999e-01 6.386907e-01 -5.155626e-01 1.551783e+01 0 20401419
-1.536033e+14 -2.502526e+13 -7.560212e+13 -2.999526e-01 -1.844027e-01 -9.359616e-01 -1.531004e+01 0 18759019
-9.063439e+13 3.154520e+13 1.458341e+14 -9.538371e-01 6.046926e-02 2.941739e-01 1.528489e+01 0 1749373
6.676419e+13 1.159369e+14 1.085361e+14 6.381747e-01 6.962084e-01 3.286746e-01 4.468923e+00 0 6576122
-8.956626e+13 -1.330837e+13 1.518874e+14 2.282189e-01 -3.987442e-01 8.882113e-01 -1.109912e+01 0 561468
-1.205394e+14 1.042235e+14 -6.642629e+13 -4.505432e-01 8.484415e-01 2.777732e-01 5.344951e+00 0 3870977
5.422237e+13 1.553562e+14 8.753828e+13 8.928735e-01 4.467348e-01 5.661134e-02 -3.156915e+01 0 31
3.686208e+13 -1.596287e+14 -5.598518e+13 5.403754e-01 -8.087860e-01 -2.320769e-01 -8.080450e+00 0 531108
1.436123e+14 4.345452e+13 9.231495e+13 5.817808e-01 -2.152316e-01 7.843510e-01 1.053297e+01 0 1
-1.191246e+14 -1.429383e+14 -8.529358e+12 -8.002799e-01 -5.947337e-01 -7.644548e-02 -2.279511e+01 0 1010185
-2.051484e+13 -1.683558e+14 -1.857663e+13 5.829481e-01 -7.542907e-01 -3.020216e-01 2.299530e+01 0 10312629
6.981564e+13 -1.656435e+14 3.741225e+13 4.150640e-01 -8.741353e-01 2.522091e-01 1.378561e+01 0 3
1.508262e+14 9.154861e+13 7.950497e+12 7.785836e-01 6.081136e-01 1.549365e-01 -9.433817e+00 0 3181365
-1.136750e+14 -5.239279e+13 1.155338e+14 -1.526956e-01 -8.940995e-01 4.210347e-01 1.717600e+01 0 2445975
1.522200e+14 -4.724270e+13 -5.869595e+13 5.026372e-01 2.785145e-02 8.640487e-01 -8.573756e+00 0 24
1.829951e+14 1.612089e+13 4.766650e+13 9.893420e-01 1.453008e-01 9.490021e-03 2.662909e+01 0 8580214
-1.162134e+14 1.339388e+14 -2.140539e+13 -7.907751e-01 3.642705e-01 -4.919164e-01 2.366893e+01 0 2973689
1.278979e+14 1.161545e+14 -4.972394e+13 3.812818e-01 6.108863e-01 -6.938603e-01 1.175939e+01 0 431863
1.392909e+14 -9.619438e+13 3.034733e+13 8.675908e-01 -1.986659e-01 -4.558707e-01 -7.233828e+00 0 30661
-9.459655e+12 -1.809384e+14 -1.164784e+14 1.649414e-01 -9.839872e-01 -6.755359e-02 2.179577e+01 0 9776310
4.928808e+13 -1.121647e+14 1.238064e+14 1.047142e-01 -9.524211e-01 2.862323e-01 8.058757e+00 0 10433065
7.246648e+13 -2.768370e+13 -1.510087e+14 -9.689356e-02 -8.962912e-01 -4.327514e-01 -1.267872e+01 0 276007
1.294283e+14 1.114136e+13 -1.307070e+14 6.263078e-01 6.352178e-01 -4.519258e-01 -3.053571e+00 0 7698073
-1.221800e+14 -1.141215e+14 -1.211824e+14 -3.621939e-01 -2.800730e-01 -8.890302e-01 1.117446e+01 0 14
5.019875e+12 -1.840259e+14 -7.878121e+13 6.669096e-01 -5.623178e-01 -4.889072e-01 3.470183e+01 0 2872469
-9.882894e+12 6.986098e+13 1.607158e+14 6.018636e-01 -1.395718e-02 7.984770e-01 6.574011e+00 0 1691328
-9.498116e+13 1.281747e+14 -6.759411e+13 -8.798384e-01 1.513641e-01 -4.505256e-01 3.871586e+01 0 8925870
-1.004452e+14 1.510496e+14 -3.557658e+12 7.517339e-02 9.858411e-01 1.498878e-01 4.410501e+00 0 4
-7.864644e+13 -1.449557e+14 -5.975666e+13 -4.332623e-01 -5.503587e-01 -7.137150e-01 1.148013e+01 0 4868533
1.413032e+14 6.378040e+13 -6.995843e+13 6.327894e-01 6.280831e-01 4.528678e-01 4.036162e+00 0 99804
-3.489140e+13 1.707322e+14 -9.588936e+12 -2.502607e-01 9.145203e-01 3.178400e-01 -7.757698e+00 0 23
4.867454e+13 -1.662414e+14 -9.805129e+12 4.619310e-01 -8.816566e-01 9.644397e-02 -1.008413e+01 0 4
-1.051039e+14 1.158212e+14 6.666398e+13 -1.491888e-04 9.248548e-01 3.803204e-01 -2.978745e+00 0 4979128
-7.872462e+13 1.027835e+14 1.136066e+14 -4.459149e-01 8.950633e-01 -4.644752e-03 -7.945459e+00 0 5546845
-1.619631e+13 1.141263e+14 -1.353185e+14 1.187691e-01 -1.428805e-01 -9.825879e-01 -1.329768e+01 0 7
-1.141764e+14 -1.252489e+14 -1.084078e+13 -4.692277e-01 -5.317661e-01 -7.050179e-01 7.558137e+00 0 3571387
-2.708384e+13 1.169079e+14 -1.209148e+14 -6.838549e-01 6.267840e-01 -3.734760e-01 -3.993913e+00 0 5225050
1.308141e+14 8.352560e+13 -8.927274e+13 8.683846e-01 4.052040e-01 2.858633e-01 1.265742e+01 0 2852115
-1.505647e+14 6.842088e+13 -4.366136e+13 -6.844817e-01 5.235063e-01 -5.073717e-01 5.331306e+00 0 661821
-1.146238e+13 -1.022583e+13 1.758963e+14 -1.892409e-02 5.079425e-01 8.611831e-01 1.245985e+01 0 1571855
8.650893e+13 -1.465877e+14 6.442104e+13 -4.247130e-02 -6.656316e-01 7.450710e-01 4.280092e+00 0 7854107
1.521198e+14 1.114104e+14 1.424813e+13 5.569544e-01 4.028625e-01 7.262944e-01 -1.264634e+01 0 1279716
-7.723792e+13 -1.359500e+14 7.427149e+13 -4.378062e-01 -6.650418e-02 8.966063e-01 7.627230e-01 0 3
-1.671217e+14 2.015525e+13 -2.778497e+13 -9.206429e-01 2.739596e-01 -2.781417e-01 7.449207e+00 0 2095637
1.341771e+13 9.585599e+13 -1.410132e+14 4.009626e-01 6.026581e-01 -6.899509e-01 2.050131e+00 0 6903386
3.641825e+13 1.703903e+14 -2.157181e+13 -5.151265e-01 5.677975e-01 -6.420675e-01 2.745276e+01 0 18460243
-9.998862e+12 -1.194074e+14 -1.470742e+14 3.565737e-01 -6.916617e-01 -6.280599e-01 -6.004622e+00 0 18333656
-1.611034e+14 5.095476e+13 -1.747373e+13 -8.988399e-01 -2.446995e-01 3.636056e-01 2.571251e+01 0 2
-4.078571e+13 -7.951284e+13 -1.592373e+14 -2.864515e-01 4.070152e-01 -8.673432e-01 1.272677e+01 0 17
-1.657853e+14 2.397759e+13 -2.670315e+13 -3.282821e-01 8.460675e-01 -4.200008e-01 -2.483693e+01 0 22
1.490857e+14 2.953608e+13 1.202272e+14 8.604162e-01 -2.104529e-01 4.641050e-01 1.157361e+01 0 4969293
1.086239e+14 -2.465040e+13 -1.377616e+14 6.063711e-01 5.314026e-01 -5.915449e-01 2.066506e+01 0 343998
7.341560e+13 1.157682e+14 -1.033426e+14 5.504618e-01 4.822663e-01 -6.814771e-01 -1.746337e+01 0 5859604
3.809082e+13 1.743936e+14 7.543676e+13 3.393308e-01 7.628931e-01 5.503169e-01 7.247234e+00 0 5634979
-1.330047e+14 2.883378e+13 -1.028215e+14 -8.455016e-01 2.177736e-01 -4.875467e-01 1.093769e+01 0 2175068
1.116022e+13 -4.253978e+13 -1.658180e+14 -6.923939e-01 2.378936e-02 -7.211274e-01 -1.436261e+01 0 2051303
-6.360339e+13 6.123954e+13 1.626071e+14 5.648250e-01 4.296331e-01 7.045482e-01 -2.492871e+01 0 3876712
-3.431210e+13 1.665539e+14 -3.536287e+13 3.839339e-01 8.606594e-01 -3.344549e-01 -2.920007e+01 0 15359196
-4.653372e+13 1.686261e+14 -1.857684e+13 -6.527095e-01 5.015229e-01 -5.678425e-01 2.255190e+01 0 12234
9.715978e+13 6.845659e+13 -1.256773e+14 4.583069e-01 3.792103e-01 -8.038373e-01 -7.944187e+00 0 7240774
-1.072698e+14 -1.020487e+14 8.829822e+13 -7.804673e-01 -6.226344e-01 5.654330e-02 -1.146897e+01 0 72
-1.685392e+14 -2.608822e+13 -6.434757e+13 -5.094835e-01 1.717140e-01 -8.431731e-01 1.108141e+01 0 100
-1.337719e+14 1.170490e+14 2.256071e+13 -9.843929e-01 -1.694537e-01 -4.749810e-02 3.420908e+01 0 19481939
-2.733235e+13 1.722064e+14 7.518806e+13 3.755126e-01 9.262661e-01 3.195785e-02 2.775460e+00 0 11
1.203878e+14 1.718263e+12 1.286112e+14 4.149455e-01 -8.800300e-01 2.310139e-01 3.373926e+00 0 14130401
-1.497941e+14 -3.849401e+13 7.141272e+13 -1.773988e-01 -5.984069e-01 7.813059e-01 1.745442e+01 0 1308277
1.458112e+14 -9.375815e+13 -5.184742e+13 8.930118e-01 1.322535e-01 4.301615e-01 -1.855801e+00 0 8985142
-4.188702e+13 1.454974e+14 9.415514e+13 7.655467e-01 2.769426e-01 5.807245e-01 -6.017835e+00 0 407217
-1.523936e+14 8.149033e+13 -4.117155e+13 -9.995146e-01 2.962012e-02 -9.650772e-03 -6.550760e+00 0 2930875
-1.350573e+14 7.597659e+13 9.227069e+13 -7.697441e-01 5.315631e-01 3.534609e-01 1.394819e+01 0 17
-4.615872e+13 -3.091914e+13 2.311914e+14 -1.127127e-01 -9.213805e-02 9.893465e-01 1.433153e+01 0 6516444
-6.471197e+13 -2.112140e+13 1.564690e+14 -7.316361e-01 1.963090e-01 6.528181e-01 3.203608e+00 0 2067232
7.048201e+13 -1.366233e+14 -7.918831e+13 5.448469e-01 -1.510228e-01 -8.248236e-01 1.835006e+01 0 5109217
-1.165662e+14 -1.639173e+14 5.749347e+13 -6.414817e-01 -1.265259e-01 7.566323e-01 -2.826568e+01 0 25
8.277433e+13 -1.153407e+14 -1.079011e+14 -1.270339e-01 -8.839366e-01 -4.500206e-01 2.907218e+00 0 1270770
-1.427014e+14 -7.225028e+13 -6.608781e+13 1.590688e-01 -7.824508e-01 -6.020530e-01 3.751658e+01 0 600272
1.147853e+14 -6.844115e+13 1.050272e+14 9.052527e-01 -3.434528e-01 2.501154e-01 1.210687e+01 0 3950
1.315463e+14 2.425435e+13 -1.051281e+14 9.182085e-01 -2.681538e-01 -2.915246e-01 1.503125e+00 0 865327
4.356111e+13 -1.541958e+14 7.616823e+13 -2.810041e-02 -9.979624e-01 -5.728318e-02 -2.699443e+01 0 4151941
-8.792497e+13 -8.622189e+13 1.256557e+14 -5.659002e-01 -6.314062e-01 5.301728e-01 -8.770758e+00 0 3783769
-6.281213e+13 1.279995e+14 9.185962e+13 2.526664e-01 9.612418e-01 1.103352e-01 -1.758322e+01 0 22
-1.205844e+14 1.167123e+14 5.052874e+13 -6.530095e-01 7.242805e-01 2.213514e-01 1.059192e+01 0 7771364
1.755495e+14 -9.687418e+12 7.966699e+13 6.032429e-01 -8.602917e-02 7.929041e-01 -1.740972e+01 0 5
6.297697e+13 1.938122e+13 1.628588e+14 -3.666763e-01 -2.961459e-01 8.819558e-01 -1.204240e+01 0 977740
1.349353e+11 -5.718877e+13 -1.966246e+14 -9.939347e-02 9.839684e-02 -9.901712e-01 2.182798e+01 0 1344021
1.965307e+13 -6.335536e+13 -2.163820e+14 1.086057e-01 -8.110873e-01 -5.747540e-01 -1.834790e+01 0 321933
1.662391e+13 -3.453181e+13 -1.660202e+14 2.360445e-01 -7.678365e-01 -5.955755e-01 5.944082e+00 0 1847915
-7.607280e+13 5.627298e+13 -1.574444e+14 -1.518610e-01 -2.122837e-02 -9.881739e-01 -9.925594e+00 0 4731536
2.855424e+13 5.441613e+13 -1.647123e+14 3.679912e-01 -4.602801e-01 -8.079138e-01 1.837046e+00 0 2406021
1.749624e+14 -4.875661e+12 4.539898e+13 8.794195e-01 3.652699e-01 3.052855e-01 -7.242534e+00 0 1
-7.851405e+13 5.116425e+13 1.448001e+14 3.407854e-01 2.574431e-01 9.042059e-01 -1.092900e+01 0 4
3.793450e+13 -3.421708e+13 -1.642726e+14 -1.578336e-01 -6.978468e-01 -6.986404e-01 1.314393e+01 0 5938705
6.731657e+13 1.476526e+14 5.403653e+13 5.378435e-01 7.326114e-01 4.171390e-01 1.419832e+00 0 553428
-1.524742e+13 -8.632148e+13 -1.455018e+14 -6.133826e-01 -4.231364e-01 -6.668713e-01 3.732281e+00 0 1734867
-3.801770e+13 6.265286e+13 -1.592574e+14 -2.888847e-01 8.532973e-01 -4.340845e-01 1.584465e+01 0 22128861
-7.248059e+13 -1.324332e+14 -8.902012e+13 -2.760857e-01 -8.676132e-01 -4.135505e-01 2.458252e+01 0 12879906
1.710310e+14 -1.237764e+13 -1.877376e+13 6.032726e-01 -5.360878e-01 -5.904846e-01 -5.121418e+00 0 2107017
-1.070235e+14 1.070843e+14 8.778712e+13 9.153412e-03 3.000353e-01 9.538842e-01 7.635763e+00 0 7692762
-1.228992e+14 -4.330207e+13 1.165006e+14 -9.638454e-01 -1.945403e-01 -1.820882e-01 -1.684758e+01 0 1
9.377766e+13 2.455292e+13 1.411912e+14 7.312848e-01 -2.570659e-01 6.317751e-01 -1.238809e+01 0 2589474
-8.466059e+13 -7.831825e+13 -1.246135e+14 -1.514072e-01 4.180986e-01 -8.956949e-01 1.811551e+01 0 30
1.686995e+14 -2.536174e+13 1.306096e+13 5.165397e-01 8.080353e-01 -2.833121e-01 4.096965e+01 0 1
7.853563e+13 -1.295427e+14 7.703241e+13 8.024785e-01 -3.769793e-01 -4.625093e-01 6.344441e+00 0 40071
9.525827e+13 1.024244e+14 -1.126483e+14 3.587731e-01 6.386254e-01 -6.807639e-01 -1.078055e+01 0 5212424
5.584453e+13 -1.514952e+14 5.297813e+13 4.415345e-02 -9.971929e-01 6.047159e-02 -2.424571e+00 0 2488189
-1.944395e+14 3.236938e+13 -9.971273e+12 -9.927901e-01 6.861187e-02 9.828645e-02 1.409844e+01 0 743489
5.417572e+13 -1.154305e+14 -1.179367e+14 8.311519e-01 -4.001441e-01 -3.860975e-01 1.903198e+01 0 11455104
-8.123210e+13 1.066421e+14 -1.072132e+14 -4.177991e-01 9.025977e-01 -1.037368e-01 5.596898e+00 0 2488616
-4.363468e+13 -6.023758e+13 1.549205e+14 -9.460038e-02 5.355711e-01 8.391748e-01 -1.223819e+01 0 13
5.912089e+13 -1.232066e+14 1.024804e+14 6.058803e-01 -3.340391e-01 7.220297e-01 2.015238e+01 0 1774445
-1.387929e+14 9.827651e+13 3.719125e+13 -3.728532e-01 4.302432e-01 8.221139e-01 -1.469000e+01 0 299533
-2.499419e+13 4.615818e+13 -1.665331e+14 6.313843e-02 9.705306e-01 -2.325593e-01 1.181912e+01 0 4702606
-9.750204e+13 6.877882e+13 1.208658e+14 -7.700161e-01 5.155462e-02 6.359381e-01 -4.526973e+00 0 657293
-1.259077e+14 -1.038338e+14 5.618145e+13 -3.008383e-01 -9.425799e-01 1.450495e-01 -9.841978e-01 0 13724113
-1.590238e+13 1.693084e+14 -3.084295e+13 4.797329e-01 7.674217e-01 4.253473e-01 1.980024e+00 0 8
-9.681642e+10 -8.279103e+13 -1.482367e+14 -7.432351e-01 -4.350174e-01 -5.082926e-01 -1.294832e+01 0 5926763
-6.288803e+13 1.471856e+13 1.568761e+14 8.689388e-01 1.977804e-01 4.536830e-01 -1.780947e+01 0 2985693
1.713693e+14 1.471832e+13 4.209097e+13 5.705430e-01 -2.315637e-01 7.879460e-01 8.351589e+00 0 3341335
-3.867952e+13 -1.010331e+14 -1.310124e+14 6.388207e-01 -6.343962e-01 -4.352581e-01 8.616641e+00 0 2499823
-7.069397e+13 1.449238e+14 -7.573432e+13 3.100662e-01 4.060210e-01 -8.596545e-01 7.160104e+00 0 75
6.209487e+13 -1.574857e+14 -3.441451e+13 6.546087e-01 -3.195282e-01 -6.851198e-01 4.984802e+00 0 5504335
-1.646286e+14 9.964214e+12 5.636663e+13 -7.041016e-01 -3.175962e-01 -6.351169e-01 2.184613e+01 0 16114654
-3.460400e+13 2.709572e+13 -1.718830e+14 1.699122e-01 6.285655e-01 -7.589699e-01 1.562605e+01 0 1110616
-1.663859e+14 3.912007e+13 -2.500432e+11 -7.573257e-01 -4.274611e-01 4.936951e-01 2.626925e+01 0 24713086
-1.436343e+14 -3.246754e+13 -9.016544e+13 -9.373951e-01 -3.152860e-01 -1.479366e-01 8.864004e+00 0 14
5.495898e+13 2.680040e+13 1.591512e+14 -6.248644e-01 1.928724e-01 7.565347e-01 -2.689000e+00 0 797733
1.880400e+14 3.809895e+13 -1.314247e+13 9.590902e-01 2.545589e-01 -1.238784e-01 2.109798e+01 0 4578858
4.349814e+13 8.587412e+13 -1.700678e+14 3.367412e-01 -1.587256e-01 -9.281226e-01 -1.806179e+01 0 3858176
1.283149e+14 -2.464239e+13 -1.246500e+14 6.395192e-01 3.197955e-01 -6.991037e-01 -3.458654e+00 0 61475
7.483921e+13 1.520290e+14 -9.189112e+12 8.393738e-01 4.962221e-01 2.218452e-01 -2.155763e+01 0 5755490
-1.614533e+14 -4.747880e+13 -2.911783e+13 -2.099844e-01 -6.351184e-01 7.433244e-01 -2.852604e+00 0 8470963
1.511802e+14 -8.424930e+13 -8.686332e+12 6.498037e-01 -7.574186e-01 6.381351e-02 -1.830685e+01 0 67016
5.681876e+13 6.858132e+13 1.615257e+14 1.760846e-01 9.452448e-01 2.747843e-01 1.828649e+01 0 1766556
-1.541099e+14 -4.033239e+13 -5.928772e+13 -9.741401e-01 4.355672e-02 2.217066e-01 7.318233e+00 0 366772
-1.330361e+14 -6.705596e+13 -8.153777e+13 -2.243958e-01 -6.221817e-03 -9.744782e-01 8.059824e+00 0 7613710
1.771940e+14 3.362952e+13 5.939422e+12 6.955268e-01 -5.917822e-01 -4.074755e-01 -9.203244e+00 0 503111
-1.669646e+14 2.071608e+13 -2.145181e+13 -9.860331e-01 -5.985855e-02 1.554211e-01 2.331053e+00 0 181097
7.939937e+13 1.552233e+14 5.253135e+13 -5.744774e-01 7.877988e-01 2.221458e-01 3.829108e+01 0 3
1.232431e+14 7.231244e+13 1.587640e+14 1.863663e-01 8.365151e-01 5.152768e-01 -1.531855e+00 0 14258342
4.878187e+13 -5.222949e+13 1.587472e+14 9.516574e-01 -2.965087e-01 8.019187e-02 -1.129850e+01 0 889340
1.094953e+13 -1.307499e+14 -1.105722e+14 6.382979e-01 -4.364850e-01 -6.340793e-01 -1.129141e+01 0 5
-1.250029e+14 1.093177e+14 -5.021725e+13 -3.083540e-01 9.275050e-01 -2.113109e-01 -1.623777e-01 0 18
5.375957e+13 -6.853795e+13 -1.633050e+14 1.460479e-01 2.142059e-01 -9.658084e-01 1.239178e+01 0 6677641
-1.587482e+14 1.609627e+13 -6.071000e+13 -9.250982e-01 3.191100e-01 2.058207e-01 -1.187331e+01 0 41
7.578137e+13 7.183229e+13 -1.363129e+14 4.869529e-01 -3.403618e-01 -8.043822e-01 5.437259e+00 0 6194739
1.007112e+14 1.590661e+14 6.089043e+13 7.306983e-01 4.764878e-01 4.889165e-01 -2.538879e+01 0 3
3.554467e+12 -1.650598e+14 -4.469754e+13 1.851262e-01 -9.669572e-01 -1.752772e-01 -1.511721e+01 0 6
-1.064223e+14 1.347996e+14 -8.811037e+13 -8.581776e-01 5.103878e-01 5.509543e-02 -1.279239e+01 0 8170984
-1.559524e+14 9.683479e+13 -1.564002e+13 -4.832973e-01 8.356749e-01 2.609046e-01 6.616031e+00 0 1
1.357437e+14 1.006388e+14 -2.785484e+13 5.974222e-02 6.859521e-01 7.251900e-01 1.777704e+01 0 3215195
6.082211e+12 -1.775651e+14 -3.795355e+13 -2.979494e-01 -8.441161e-01 4.457512e-01 -1.682855e+01 0 4442831
-1.453482e+14 8.949675e+13 -2.560595e+13 -8.882605e-02 9.850537e-01 -1.475774e-01 -2.969449e+01 0 3722107
-1.149023e+14 -1.650171e+14 1.686957e+13 -8.049763e-01 -4.619321e-01 -3.723331e-01 -2.858840e+01 0 6
-1.289419e+14 7.352907e+13 -9.602618e+13 -6.359284e-01 6.830057e-01 -3.593025e-01 1.032480e+01 0 3955159
6.438929e+13 -1.576743e+14 -1.777916e+13 1.230952e-01 -4.738380e-01 -8.719662e-01 5.072199e+00 0 3262477
1.426732e+14 -9.487777e+13 3.525675e+13 7.541145e-01 -6.202757e-01 -2.157993e-01 8.400685e+00 0 20
8.278673e+13 2.571794e+13 1.729923e+14 5.417211e-01 -7.972619e-02 8.367688e-01 -1.744182e+01 0 1432207
-1.370108e+13 -3.337117e+13 -1.659632e+14 7.940666e-01 -5.697677e-02 -6.051545e-01 6.319842e+00 0 3399989
-1.460519e+14 -1.288230e+13 9.378621e+13 2.066230e-01 -6.674946e-02 9.761411e-01 2.226298e+01 0 7286751
-5.906107e+13 1.030328e+14 -1.558098e+14 2.318526e-01 9.253265e-01 -3.000254e-01 7.262294e+00 0 70
1.779598e+14 -4.126500e+13 1.041468e+14 9.296157e-01 -2.515643e-01 2.693141e-01 1.310017e+01 0 9199812
-1.673616e+13 1.346384e+14 -1.259682e+14 5.359793e-02 9.885461e-01 1.410812e-01 1.237463e+01 0 2299932
-4.718593e+13 6.914142e+13 -1.492506e+14 -7.731127e-01 -7.809553e-02 -6.294425e-01 1.613044e+01 0 7627443
-1.152222e+13 -1.588332e+14 -7.273452e+13 4.690370e-01 -8.719348e-01 1.404775e-01 3.935742e+01 0 59
1.290390e+14 -8.659639e+13 -7.315292e+13 9.413788e-01 3.019363e-01 1.504675e-01 -7.443007e-01 0 11
-1.304142e+14 5.174369e+11 -1.098716e+14 -9.916412e-01 1.697735e-03 -1.290151e-01 9.329390e+00 0 4130768
1.009975e+14 -8.623607e+13 1.102974e+14 7.967077e-01 2.509450e-01 5.498031e-01 -1.266106e+00 0 4465465
-3.657092e+13 -1.527943e+12 -1.659131e+14 -1.825526e-01 -1.761038e-01 -9.672962e-01 -1.131760e+01 0 4134973
-5.558438e+13 1.229537e+13 1.747163e+14 -4.965075e-01 2.619489e-01 8.275646e-01 1.576444e+01 0 39
-4.072960e+13 8.849663e+13 -1.415082e+14 -3.772605e-02 5.867047e-01 -8.089217e-01 9.567008e+00 0 5403408
-1.318375e+14 -9.912345e+13 -4.868742e+13 -9.424002e-01 -3.103840e-01 -1.246740e-01 -1.670060e+01 0 1
-5.937374e+13 -6.152163e+13 1.471702e+14 -5.399685e-02 3.982139e-01 9.157020e-01 -9.057445e+00 0 48535815
1.678920e+14 -2.800272e+13 6.815298e+11 4.989984e-01 -7.973020e-01 3.395734e-01 -1.049139e+01 0 2469324
1.408975e+13 3.242931e+13 1.662903e+14 5.741441e-01 2.653547e-01 7.745614e-01 2.628452e+00 0 903299
4.678443e+13 1.603293e+14 -7.883280e+13 -3.435724e-02 3.822082e-01 -9.234373e-01 -1.092260e+01 0 7154425
-9.492610e+13 1.413152e+14 -8.108170e+11 -5.974835e-01 7.517735e-01 -2.790163e-01 6.304643e+00 0 681128
3.468928e+13 1.616770e+14 -5.710989e+13 6.716581e-02 8.705100e-01 4.875460e-01 -9.351234e+00 0 4
-3.600496e+13 -2.286693e+13 1.685025e+14 -9.549690e-01 1.470171e-01 2.577211e-01 1.535251e+01 0 878753
-1.197921e+14 1.319408e+14 1.358301e+13 -6.015139e-01 7.931870e-01 -9.505488e-02 -1.079419e+01 0 3208227
-4.188198e+13 7.998954e+12 -1.663348e+14 -2.958743e-01 1.140207e-01 -9.483974e-01 -7.464759e+00 0 921789
-1.202775e+14 -4.904464e+13 -1.107205e+14 -7.009166e-01 -4.203776e-01 5.761931e-01 1.278767e+01 0 7876752
-1.142663e+13 -1.627236e+14 5.920959e+13 -7.690215e-01 -6.283951e-01 1.171562e-01 -2.641040e+01 0 2342161
-7.557401e+13 3.205198e+13 -1.488092e+14 -8.564527e-02 2.197309e-02 -9.960834e-01 -1.725392e+01 0 2873643
1.606438e+14 -6.187717e+12 9.060328e+13 3.453015e-01 -3.288848e-01 8.789776e-01 1.621378e+01 0 26431941
1.370413e+14 8.318715e+13 6.022939e+13 9.503118e-01 3.070038e-01 5.153669e-02 8.136126e+00 0 6
1.362291e+14 8.129801e+13 6.901178e+13 6.105435e-01 -5.839551e-01 5.350075e-01 -9.386302e+00 0 2967252
1.727944e+14 6.904149e+12 -1.074925e+12 8.616240e-01 3.836800e-01 -3.322557e-01 1.708803e+01 0 1715243
1.066131e+14 8.739127e+13 1.620709e+14 7.003238e-01 1.231159e-01 7.031281e-01 6.656947e+00 0 4153658
1.183715e+14 -3.364911e+13 1.192748e+14 8.765359e-01 -4.674197e-01 1.149072e-01 -2.020348e+01 0 754517
3.532486e+13 1.297004e+14 1.034259e+14 8.331341e-01 1.170240e-01 5.405487e-01 -1.644285e+01 0 130430
-1.219062e+14 4.993553e+13 1.179969e+14 3.474393e-03 5.825780e-01 8.127674e-01 -2.108588e+01 0 10182107
2.407494e+14 -6.790402e+13 4.127881e+13 9.130269e-01 -2.321169e-01 3.354157e-01 -2.198980e+01 0 2642440
1.020218e+14 6.293829e+13 1.221192e+14 6.420976e-02 -4.085915e-01 9.104560e-01 3.454819e+00 0 2366292
-1.023803e+14 1.411946e+14 5.731343e+12 -6.879586e-01 3.200745e-01 6.513565e-01 1.994634e+01 0 18
6.024687e+13 1.258909e+14 -1.132215e+14 -6.472792e-02 8.428667e-01 -5.342154e-01 -2.774961e+00 0 9182332
2.303453e+13 -1.313140e+14 -1.229530e+14 8.528137e-01 -5.164885e-01 -7.712671e-02 -3.191775e+00 0 4455312
-8.327667e+13 1.373688e+14 -1.135270e+14 -9.107562e-02 8.182504e-01 -5.676015e-01 -2.523483e+01 0 5539090
-7.203915e+13 -3.426057e+13 1.511383e+14 -9.222312e-01 -1.745620e-01 3.449895e-01 4.465118e+00 0 10741136
1.192867e+14 -6.206090e+13 1.039594e+14 2.819695e-01 1.955311e-01 9.392874e-01 -7.895239e+00 0 11
-1.346793e+14 1.023175e+14 4.738350e+13 -7.729021e-01 6.333905e-01 -3.793112e-02 -1.887375e+01 0 10
-1.421489e+14 -8.840043e+13 2.880841e+13 -7.268328e-01 -3.037927e-01 -6.159741e-01 -8.272873e+00 0 2
7.775085e+12 8.144942e+13 -1.572557e+14 3.525082e-01 -3.251891e-01 -8.774908e-01 -2.096929e+01 0 15931767
1.512315e+13 5.925952e+13 -1.594358e+14 2.453578e-01 6.566815e-01 -7.131402e-01 -1.149304e+01 0 5307407
1.469373e+14 5.276269e+12 8.641708e+13 3.505926e-01 2.759289e-01 8.949570e-01 1.294847e+01 0 2707541
-1.152015e+14 2.186778e+13 -1.235482e+14 -9.504645e-01 3.086834e-01 -3.649306e-02 -1.263164e+01 0 24
9.429351e+13 -1.294534e+14 5.605970e+13 3.373342e-01 -4.487734e-01 8.275313e-01 1.569930e+01 0 940012
4.420822e+13 -1.079938e+12 -1.712703e+14 1.937590e-01 -4.599326e-02 -9.799704e-01 -1.437221e+01 0 1484168
1.502272e+14 -2.595268e+13 8.503291e+13 8.927652e-01 3.919500e-01 2.221385e-01 -7.654009e+00 0 5
-7.183519e+13 6.505926e+13 1.566274e+14 -2.339088e-01 -1.738886e-01 9.565822e-01 1.742936e+01 0 2056735
7.628231e+13 -1.530397e+14 -3.775614e+13 5.582412e-01 -5.639350e-01 6.085590e-01 2.453714e+01 0 16037745
-8.719874e+13 -1.040394e+14 -1.020164e+14 -7.906302e-01 -6.093285e-01 6.018939e-02 1.147385e+00 0 11933464
7.350719e+13 1.478989e+14 -1.287462e+14 1.762119e-01 4.950040e-01 -8.508351e-01 -1.336788e+01 0 19697228
-1.501991e+14 6.879242e+13 4.987931e+13 -8.884168e-01 -1.663559e-01 4.278333e-01 2.544730e+01 0 14
3.290494e+12 -5.994533e+13 1.708034e+14 7.511582e-01 -3.488310e-01 5.604269e-01 -1.109498e+01 0 9053184
-7.550727e+12 -1.435029e+14 -1.074201e+14 3.783783e-01 -7.303874e-01 -5.686512e-01 -1.167735e+01 0 3305015
-1.052712e+14 9.640467e+13 1.003506e+14 -8.253499e-01 1.460085e-01 5.454163e-01 2.305128e+01 0 5385661
9.917549e+13 -5.090956e+12 1.408424e+14 -1.532655e-01 8.264589e-01 5.417337e-01 2.921721e+01 0 25
-9.906626e+13 1.031233e+14 -9.239903e+13 -6.423264e-01 6.077554e-01 -4.669584e-01 -1.962418e+01 0 12
8.647079e+13 1.462614e+14 -2.020840e+13 7.070224e-01 4.437540e-01 -5.506375e-01 6.773703e+00 0 3
-5.895026e+13 -1.467372e+14 6.333294e+13 -4.852739e-01 -8.728162e-01 -5.197253e-02 -1.464929e+01 0 7381558
-5.980976e+13 8.305436e+13 -1.359604e+14 7.599311e-01 6.312464e-01 -1.550251e-01 -3.456682e-01 0 2
-1.557698e+14 2.021176e+13 7.087663e+13 -2.792546e-01 7.192548e-01 6.361521e-01 -2.151068e+01 0 1889564
-1.660291e+14 1.324096e+13 -6.418266e+13 -5.224627e-01 8.394101e-01 1.497446e-01 -3.621018e+01 0 253937
1.469475e+14 2.517183e+13 9.051917e+13 4.364442e-01 -1.520356e-02 8.996029e-01 1.198277e+01 0 1
1.439024e+14 7.852946e+13 5.272990e+13 3.188564e-01 7.062979e-01 6.320395e-01 1.875006e+01 0 4003465
-1.420792e+14 6.846810e+13 -6.295665e+13 -6.337810e-01 7.507308e-01 1.863461e-01 -2.842463e+00 0 1464307
4.216274e+12 1.001439e+14 -1.701922e+14 -6.301261e-01 4.420425e-01 -6.383882e-01 2.668998e+01 0 497594
-1.428090e+13 -6.384369e+13 1.573208e+14 3.863263e-01 -3.244764e-01 8.634044e-01 1.139706e+01 0 374391
-2.639886e+13 -8.208071e+13 1.655607e+14 -3.218186e-01 -4.626214e-01 8.260837e-01 6.975571e+00 0 13071189
-9.656873e+13 -4.743182e+13 1.524283e+14 2.168914e-02 5.062468e-02 9.984822e-01 1.781891e+01 0 50
-1.447849e+14 -8.030850e+13 9.366125e+13 -6.107833e-01 -2.188322e-01 7.609575e-01 9.952167e+00 0 4890993
-3.688757e+13 -1.724912e+14 2.392477e+13 -7.979972e-01 -5.324326e-01 2.823404e-01 -3.062319e+01 0 6686559
-1.262363e+13 1.437648e+14 -1.092942e+14 7.165696e-01 5.436616e-01 -4.369897e-01 -5.523647e+00 0 3529180
2.020359e+12 -1.359305e+14 1.028776e+14 2.182141e-01 -6.207055e-01 7.530653e-01 1.079244e+01 0 2
1.490108e+13 -1.550743e+14 7.952249e+13 1.232083e-01 -8.839007e-01 -4.511532e-01 -1.039823e+01 0 10082972
7.189762e+13 1.681139e+14 -8.748688e+12 5.063504e-03 9.202749e-01 3.912396e-01 2.133286e+01 0 2400131
-1.686904e+13 4.624627e+12 -1.716282e+14 -9.465981e-02 -5.744622e-01 -8.130392e-01 -5.200534e+00 0 3185561
-1.989203e+13 -1.560860e+14 7.611174e+13 -9.192305e-01 -3.585487e-01 -1.626593e-01 -3.974094e+01 0 15799008
-4.777287e+13 2.782113e+13 -1.621382e+14 -4.365297e-01 -5.683070e-01 -6.974733e-01 2.195215e+01 0 4335962
7.079923e+13 1.511205e+14 3.624292e+13 -4.523631e-01 8.917965e-01 8.156904e-03 6.731393e+00 0 3871567
-1.680429e+14 2.199305e+13 -2.105816e+13 -9.372291e-01 2.065072e-01 -2.809916e-01 8.083928e+00 0 292785
-1.294284e+13 -8.277120e+13 1.625117e+14 7.818930e-01 -2.886007e-01 5.525875e-01 2.666501e+01 0 2618012
-2.085815e+14 -1.344658e+14 1.332131e+13 -6.317457e-01 -7.667561e-01 1.139412e-01 3.167794e+01 0 33527791
-3.632768e+13 -4.640404e+13 1.638833e+14 -6.995294e-02 -7.630672e-01 6.425223e-01 -1.254687e+01 0 11897846
5.891486e+13 -1.558554e+14 4.190911e+13 -4.816249e-01 -8.761576e-01 -1.963010e-02 -4.673715e+00 0 6
1.428058e+14 7.699419e+13 7.305934e+13 6.531552e-01 6.958940e-01 -2.985296e-01 2.240977e+01 0 10456853
-1.452812e+14 -1.641939e+12 -9.115027e+13 1.453955e-01 -6.748793e-01 -7.234626e-01 2.843737e+00 0 161538
-4.275939e+13 -2.371577e+13 -1.747697e+14 -8.736528e-02 1.497665e-01 -9.848540e-01 1.152759e+01 0 12929742
-6.927895e+13 2.432783e+13 1.550642e+14 -6.388821e-01 1.392682e-01 7.565937e-01 -2.803970e+00 0 1763576
-1.306137e+14 1.097869e+14 -2.908930e+13 -8.530750e-01 4.738395e-01 -2.184927e-01 1.862182e+01 0 5
-4.133691e+13 1.110745e+14 -1.216816e+14 -9.985230e-01 4.631432e-02 2.840473e-02 2.700320e+01 0 1467249
-2.065855e+13 -3.612334e+13 1.902482e+14 5.001697e-01 -6.414077e-01 5.817443e-01 -1.604877e+01 0 2250280
9.690849e+13 -1.441416e+14 -8.596662e+13 3.019338e-01 -8.384883e-01 -4.536224e-01 1.133708e+01 0 3
