# 781 1.000000e+07 1.000000e+04 0.000000e+00 1.000000e+00 5.000000e-01
7.002248e+13 -1.562492e+14 -1.832028e+13 4.392461e-01 -8.917036e-01 1.092138e-01 3.762657e+00 0 8611829
2.295551e+13 7.478890e+13 -1.614478e+14 -1.326793e-01 2.651951e-02 -9.908042e-01 9.910225e+00 0 4395571
-7.289105e+13 1.564771e+14 -2.236856e+13 -8.909422e-01 -1.395080e-01 -4.321568e-01 -1.132087e+00 0 18
-1.601812e+14 6.296871e+13 8.330251e+12 -6.358408e-01 1.402335e-01 7.589737e-01 -1.011917e+01 0 565106
-1.283924e+14 -1.113221e+14 -2.301476e+13 -4.370166e-03 -7.179235e-01 -6.961083e-01 -4.384006e+00 0 475549
-9.087057e+13 -8.470806e+13 1.157401e+14 2.540035e-01 3.235547e-01 9.114793e-01 1.092005e+01 0 2153087
1.405539e+14 -9.364032e+13 2.392763e+13 3.207745e-01 -7.480637e-02 9.441969e-01 -8.991870e+00 0 365668
-2.532435e+13 -9.830360e+13 -1.360037e+14 2.250299e-01 3.742353e-01 -8.996163e-01 4.114287e+00 0 44662
5.755967e+13 1.543840e+14 6.333984e+13 -5.186220e-01 5.318364e-01 6.694634e-01 -6.649825e+00 0 4190748
1.397177e+14 9.362704e+13 -2.583075e+13 6.330718e-01 5.491047e-01 5.456227e-01 -6.605632e+00 0 766856
-5.513671e+13 1.542472e+14 5.576347e+13 -1.678489e-01 9.260443e-01 3.380365e-01 -1.952233e+01 0 2000994
5.046005e+13 -3.201564e+13 1.587446e+14 -5.485507e-02 7.912460e-01 6.090326e-01 3.703175e+00 0 3966579
-5.520623e+12 4.298734e+13 -1.681474e+14 -1.901929e-01 5.257187e-01 -8.291239e-01 -7.106286e+00 0 766352
-1.368422e+13 -5.262895e+13 1.606866e+14 6.206155e-01 5.028566e-01 6.016407e-01 -6.337323e+00 0 96576
-1.076061e+14 2.761709e+13 -1.293263e+14 -5.746804e-01 -8.141982e-01 -8.260589e-02 -2.461991e+00 0 2428108
9.256464e+13 -3.211705e+13 1.420828e+14 9.836692e-01 -1.437854e-01 -1.082620e-01 -1.085526e+01 0 2785998
-4.293530e+13 -1.248608e+14 1.116668e+14 -3.083636e-01 2.376362e-01 9.211085e-01 1.252310e+01 0 2145043
-1.915086e+14 4.804813e+13 1.533783e+13 -9.920969e-01 -1.212575e-01 3.225611e-02 -1.657359e+01 0 4521642
1.154737e+14 9.970837e+13 7.571414e+13 2.919132e-01 8.752112e-01 3.857357e-01 -5.157711e+00 0 1358474
1.180321e+14 -1.143515e+14 5.182773e+13 3.674710e-01 -7.805146e-01 5.057292e-01 -1.012618e+01 0 2892864
-1.507772e+14 4.942001e+13 6.564444e+13 -7.251987e-01 4.395109e-01 5.300161e-01 -6.524230e+00 0 863362
-9.192590e+13 -8.635957e+13 -1.955512e+14 -3.861053e-01 -7.084474e-01 -5.907834e-01 -1.383093e+01 0 2339904
2.791952e+13 1.643759e+14 3.201455e+13 1.181146e-01 -1.619662e-01 9.797019e-01 -8.334818e+00 0 50802
-9.499929e+13 4.308913e+12 -1.433446e+14 -5.957293e-01 7.554547e-02 -7.996246e-01 -3.922440e+00 0 1
4.858735e+13 1.469781e+14 7.391792e+13 1.701758e-01 4.962063e-01 8.513633e-01 1.796644e+01 0 16050651
2.551888e+13 -1.491140e+14 -8.031904e+13 -1.327020e-01 -9.841225e-01 1.178688e-01 -8.558475e+00 0 2023678
7.225326e+12 -9.375927e+13 -1.416579e+14 1.065418e-01 -3.609487e-01 -9.264799e-01 4.919229e+00 0 1394156
-1.431651e+14 -3.994984e+13 -8.207553e+13 -9.407763e-01 -2.312056e-01 2.479594e-01 -3.577729e+00 0 5454611
-1.414711e+14 6.603888e+13 6.703133e+13 -7.761201e-01 3.599724e-01 5.177426e-01 -6.357689e+00 0 7
4.519157e+13 -1.587929e+14 5.020520e+13 6.903917e-01 8.177857e-02 7.187987e-01 -4.858638e+00 0 5424600
9.468502e+13 -1.418066e+14 -2.368184e+13 3.860867e-02 -9.859212e-01 -1.626923e-01 -1.709764e+01 0 5236424
-4.899366e+13 -1.167973e+14 -1.226423e+14 -2.937188e-01 -4.451101e-02 -9.548550e-01 -2.150978e+01 0 6791235
-1.996711e+13 1.396064e+14 -9.929670e+13 -1.683286e-01 8.895001e-01 -4.248001e-01 1.117743e+01 0 3120840
8.829605e+13 -1.206019e+14 -8.265161e+13 4.719100e-01 -8.793280e-01 6.390001e-02 -1.106241e+01 0 603918
1.118642e+13 1.783991e+14 5.150022e+12 3.335573e-01 8.434494e-01 4.211089e-01 6.170169e+00 0 2268834
-8.150520e+13 1.483355e+14 6.695704e+13 -9.394704e-01 3.245780e-01 1.097473e-01 -8.345482e+00 0 5954846
-1.977727e+14 1.628932e+13 -5.901503e+13 -8.459677e-01 4.179725e-01 -3.311158e-01 -2.214280e+01 0 1128059
-8.615587e+13 -9.946944e+13 1.076891e+14 -2.371700e-01 -3.612300e-01 9.018111e-01 -3.893465e+00 0 168199
-6.123710e+13 -1.050400e+14 -1.225671e+14 -5.701821e-01 -6.744503e-01 -4.690513e-01 6.499870e+00 0 776951
4.029588e+13 -1.262562e+14 1.063637e+14 -5.862628e-01 -7.915882e-01 1.722907e-01 1.313907e+00 0 10684270
1.264841e+14 3.530337e+12 1.162376e+14 -4.512145e-01 5.229239e-02 8.908821e-01 1.563396e+01 0 2651212
-1.145888e+14 5.365841e+13 -1.799489e+14 -8.429566e-01 9.407287e-02 -5.296928e-01 2.254016e+01 0 6480034
-4.203656e+13 -1.248062e+14 1.141429e+14 -7.219324e-01 -6.704625e-01 1.711539e-01 -1.240140e+01 0 5345872
1.526547e+14 -9.347741e+13 2.267940e+12 8.525482e-01 3.603152e-01 -3.785955e-01 -5.635708e+00 0 7233634
1.305176e+14 1.031796e+14 -3.791084e+13 5.886996e-01 3.173029e-01 -7.434727e-01 -1.034164e+01 0 7216212
-5.386588e+13 9.068550e+13 -1.440696e+14 -6.994411e-02 -1.436144e-02 -9.974475e-01 -7.400282e+00 0 14289801
6.274205e+12 1.129857e+14 -1.555182e+14 -2.351811e-01 6.330052e-01 -7.375596e-01 1.426743e+01 0 1355765
7.175567e+13 1.318687e+14 -9.166132e+13 2.214491e-02 3.574113e-01 -9.336845e-01 1.423595e+01 0 964939
-8.028153e+13 -1.500316e+14 1.030288e+13 -8.237789e-02 -9.774108e-01 1.946331e-01 -6.257339e+00 0 26694768
-1.962414e+13 3.474709e+12 1.684752e+14 -7.604280e-01 -4.133455e-01 5.008939e-01 5.701282e+00 0 2046980
-6.095285e+13 -7.341664e+13 -1.413090e+14 7.030077e-01 1.653999e-01 -6.916814e-01 -9.689319e+00 0 1916700
-9.621401e+13 -2.955568e+13 -1.435939e+14 9.655665e-02 -4.167247e-01 -9.038901e-01 1.655545e+01 0 4407548
-6.319778e+13 -1.622289e+14 1.171424e+13 -4.121771e-01 -5.724411e-01 -7.088167e-01 -2.129633e+01 0 2431558
1.013151e+14 4.623354e+13 -1.299722e+14 3.305907e-01 5.374053e-01 -7.758256e-01 1.567330e+01 0 3398097
5.132067e+13 1.228814e+14 -1.192540e+14 -4.662104e-01 7.619566e-01 -4.495219e-01 -5.044473e+00 0 13044733
-9.526491e+13 -1.605961e+14 -6.120682e+13 1.741246e-02 -4.737787e-01 -8.804718e-01 -1.848179e+01 0 7270000
1.710448e+14 -3.890979e+13 -1.041401e+14 7.742509e-01 -6.292979e-01 6.722894e-02 -2.166315e+01 0 13723275
-2.336032e+13 1.599385e+14 5.689951e+13 -7.635248e-01 -7.179831e-03 6.457386e-01 -9.331791e+00 0 11021268
-1.394857e+14 -4.398908e+13 9.735419e+13 -7.715119e-01 -6.336261e-01 -5.733623e-02 1.304148e+01 0 413586
-8.436794e+13 -1.566277e+13 1.470873e+14 -5.865014e-01 5.062458e-01 6.322431e-01 7.997583e+00 0 1484993
2.986909e+13 7.532794e+13 1.525764e+14 5.072861e-01 4.831117e-01 7.136273e-01 1.747928e+01 0 836144
-7.643974e+12 -1.361471e+14 1.055524e+14 5.378450e-01 -1.751626e-02 8.428617e-01 1.256277e+01 0 2134140
1.446296e+14 9.302525e+13 -1.133394e+13 9.574545e-01 -2.870209e-01 2.999648e-02 -1.774486e+01 0 3573012
4.767886e+13 3.716604e+13 -1.592095e+14 3.270372e-01 -8.467235e-01 -4.196499e-01 1.730220e+01 0 6937497
-7.394152e+13 1.156887e+14 -1.057958e+14 -6.673481e-01 7.146792e-01 2.094759e-01 -4.814428e+00 0 5550652
1.571209e+14 -1.680501e+12 -6.519197e+13 7.100971e-01 -7.025331e-01 4.700467e-02 -5.795949e-01 0 4946413
-2.082748e+13 -1.623096e+14 4.581070e+13 -6.051645e-01 -6.258034e-01 4.920834e-01 -7.852787e+00 0 7671587
5.462969e+13 1.596397e+14 3.306503e+13 6.214281e-01 4.742038e-01 6.236648e-01 -1.580080e+01 0 3026807
9.384939e+13 -1.389188e+14 -4.231515e+13 4.528970e-01 -6.655149e-01 -5.932741e-01 -7.754546e+00 0 2065656
-1.538774e+13 -2.596525e+13 1.708524e+14 3.924418e-01 -2.217851e-01 8.926370e-01 9.456574e+00 0 2005003
-9.344790e+13 4.315773e+13 -1.354865e+14 3.478530e-01 6.589880e-01 -6.668831e-01 -1.550486e+01 0 6991954
-1.305539e+14 9.447987e+13 -5.988226e+13 -8.326035e-01 5.079000e-01 2.209277e-01 -9.446205e+00 0 8173535
1.211431e+12 -1.331730e+14 -1.064411e+14 2.318406e-01 -8.472072e-01 -4.780062e-01 6.431080e+00 0 2089939
4.957035e+13 -8.952590e+12 1.685327e+14 7.443546e-01 -5.014082e-01 4.410511e-01 1.406689e+01 0 7048739
-1.332577e+14 6.445050e+12 -1.372699e+14 -7.567727e-01 5.874637e-01 -2.866732e-01 1.320388e+01 0 3681912
1.148687e+13 1.731746e+14 -2.674583e+13 -5.770779e-02 9.840968e-01 -1.679979e-01 9.347792e+00 0 12007538
6.118421e+13 9.928252e+13 1.442189e+14 7.750908e-01 1.948494e-01 6.010557e-01 -2.005070e+01 0 3450982
-1.595350e+14 2.184496e+13 5.979367e+13 -9.543137e-01 -1.914722e-02 -2.981924e-01 -9.519415e+00 0 1926933
1.507128e+14 -7.230857e+13 3.278019e+13 8.843102e-01 -1.963461e-01 4.236079e-01 6.028331e+00 0 1459644
5.744061e+12 5.788374e+13 -1.601599e+14 8.338277e-01 -1.545022e-01 -5.299627e-01 -1.172859e+01 0 2851308
8.776240e+13 -5.100535e+13 -1.510299e+14 2.300400e-01 1.696481e-02 -9.730333e-01 -1.486756e+01 0 5049973
-1.986246e+13 -2.175773e+14 1.577998e+13 -5.974499e-01 -6.302960e-01 4.957626e-01 1.182043e+01 0 2717800
-7.282610e+13 -5.437455e+13 1.520272e+14 -4.803634e-01 5.802192e-01 6.577208e-01 -1.786154e+01 0 16924312
-5.283126e+12 -1.630652e+14 6.098966e+13 9.816549e-02 -9.532500e-01 -2.857936e-01 -8.059483e+00 0 3086537
1.385278e+14 7.694184e+13 1.076704e+14 8.523889e-01 4.310008e-01 2.960936e-01 -2.095756e+01 0 2714118
-1.682345e+14 1.590482e+13 1.638106e+13 -3.329123e-01 6.307856e-01 -7.009129e-01 1.313230e+00 0 15236325
1.553763e+14 1.159062e+13 -7.395771e+13 7.763390e-01 1.241069e-01 -6.179767e-01 -4.685703e+00 0 430174
1.611199e+14 -4.474701e+13 3.014060e+13 7.000838e-01 5.008479e-01 5.089540e-01 1.567859e+01 0 14351
-1.717447e+14 -2.618938e+13 5.488021e+13 -9.146800e-01 -3.705497e-01 -1.614106e-01 1.389261e+01 0 6565420
-1.257024e+14 1.045244e+14 -6.717269e+13 -9.182875e-01 3.235287e-01 2.282043e-01 -5.730747e+00 0 11060296
-1.217053e+14 -1.535628e+14 8.668177e+12 -2.433455e-02 -9.108763e-01 4.119613e-01 -1.800958e+01 0 19140395
1.860532e+11 -1.763518e+14 4.906973e+13 -6.609534e-02 -6.831252e-01 7.273041e-01 9.904867e+00 0 1019949
1.710062e+14 7.799410e+12 -3.368934e+13 7.112696e-01 -4.992334e-01 -4.948348e-01 -1.917176e+01 0 8034910
1.155388e+14 5.191524e+13 -1.154841e+14 8.549082e-01 -4.986418e-01 -1.431377e-01 -2.883796e+01 0 1970011
-1.840671e+14 -2.538402e+13 8.167225e+13 -9.377644e-01 -1.357135e-01 3.196558e-01 1.506459e+01 0 19426032
1.600942e+14 6.182538e+13 3.622737e+12 6.341930e-01 6.926497e-01 3.435633e-01 1.037698e+01 0 2211006
9.496790e+13 1.762196e+13 1.648959e+14 5.770500e-02 -4.353662e-01 8.984021e-01 1.574976e+01 0 2445421
-7.938798e+13 -1.020487e+14 1.147420e+14 -2.643016e-01 2.953118e-01 9.181152e-01 1.856536e+01 0 7207196
9.684527e+13 9.626618e+13 1.186020e+14 2.396802e-01 -1.829366e-01 9.534609e-01 -1.623923e+01 0 7389553
-8.286545e+13 4.520425e+13 -1.493547e+14 -1.831642e-01 -1.904415e-01 -9.644599e-01 -7.390159e+00 0 1061709
-1.059390e+13 1.541147e+14 1.023848e+14 -3.838826e-01 3.402509e-01 8.584075e-01 -1.469690e+01 0 3779994
1.333175e+14 -1.044790e+14 -2.678516e+13 8.468117e-01 -4.888003e-01 -2.097241e-01 -5.591570e+00 0 13227106
8.303358e+13 -1.835217e+14 1.058672e+14 3.207878e-01 -8.422398e-01 4.332750e-01 2.162734e+01 0 3457859
1.260256e+14 3.254833e+13 1.137386e+14 8.304859e-01 2.101203e-01 5.158902e-01 1.506790e+01 0 5203632
-6.355346e+13 8.814595e+13 1.307120e+14 7.183806e-01 4.176593e-01 5.563182e-01 2.949870e+00 0 106779
-1.668256e+14 2.328326e+13 -3.150325e+13 -8.763868e-01 2.504569e-01 -4.113606e-01 -1.719779e+01 0 3459540
-2.000036e+12 5.956691e+13 -1.590656e+14 -1.322688e-01 -5.917314e-01 -7.952100e-01 -1.339436e+01 0 10544687
7.445863e+13 1.052176e+14 -1.115284e+14 6.414113e-01 2.292772e-01 -7.321363e-01 -8.592201e+00 0 580221
-1.344455e+14 1.054104e+14 -6.399919e+13 -9.882292e-01 1.058259e-01 -1.104710e-01 1.751066e+01 0 348258
3.427800e+13 2.454283e+13 1.870834e+14 -1.994377e-01 7.476826e-02 9.770539e-01 -1.618556e+01 0 6047497
1.382335e+14 -5.741000e+13 -8.036857e+13 -2.516382e-01 -9.673723e-01 -2.948042e-02 -2.095375e+01 0 19
-8.782675e+13 -8.764018e+13 -1.225137e+14 -6.049097e-01 -1.486150e-01 -7.823029e-01 7.423257e+00 0 2445668
1.540637e+14 7.231455e+13 1.383718e+13 6.605717e-01 5.194542e-01 -5.420446e-01 4.437509e+00 0 7151199
-1.360915e+14 4.455021e+13 2.154052e+14 -4.753154e-01 9.412109e-02 8.747666e-01 1.443986e+01 0 733628
2.949530e+13 -1.017337e+14 -1.544883e+14 -5.324505e-01 -3.108548e-01 -7.873156e-01 -1.758028e+01 0 6266360
-4.840808e+12 -6.331869e+13 -1.589163e+14 -3.622313e-02 1.702444e-01 -9.847359e-01 -6.172456e+00 0 1255463
-5.328455e+13 8.338362e+13 1.391539e+14 4.275505e-01 7.513776e-01 5.026254e-01 2.658520e+00 0 1168548
-7.272041e+13 7.991780e+13 -1.313821e+14 -1.638845e-01 9.859143e-01 3.338919e-02 2.739057e+00 0 3030796
1.157623e+14 5.899743e+13 -1.111077e+14 3.159572e-01 9.474144e-01 5.076329e-02 -1.133127e+00 0 3229156
-8.914964e+13 -5.828655e+13 1.334895e+14 -3.413408e-01 5.964639e-01 7.264415e-01 -1.084416e+01 0 7625823
-6.085709e+12 6.394923e+12 -1.775399e+14 4.526831e-01 -3.742501e-03 -8.916636e-01 -9.213076e+00 0 808532
-1.715531e+14 3.631415e+13 6.973151e+13 -8.490676e-01 4.716355e-01 2.380003e-01 9.634298e+00 0 49277
-1.583553e+14 1.028133e+13 7.495094e+13 -2.881577e-01 8.726506e-01 3.942664e-01 8.449388e+00 0 1060144
-1.489751e+14 1.066542e+13 9.003492e+13 -6.630607e-01 -7.431037e-01 9.026347e-02 2.160260e+01 0 3667165
3.897775e+13 -1.092088e+14 -1.345016e+14 4.561554e-01 -7.193534e-02 -8.869879e-01 1.415695e+01 0 764170
6.522256e+13 1.634199e+13 -1.567273e+14 2.190652e-02 -1.755758e-01 -9.842221e-01 -4.119346e+00 0 601909
1.173106e+14 9.881384e+13 7.835278e+13 9.170712e-01 9.717553e-02 -3.867006e-01 7.972919e+00 0 17219384
1.591638e+14 -9.236508e+12 -9.453217e+13 9.047772e-01 4.213954e-01 6.167730e-02 1.636061e+01 0 8089679
-9.954218e+13 -6.013989e+13 -1.239765e+14 3.004904e-01 -3.948651e-01 -8.682092e-01 -5.354577e+00 0 2623392
5.141422e+13 1.009015e+14 1.421771e+14 -4.130016e-02 3.369089e-01 9.406310e-01 -6.748903e+00 0 1984014
1.358799e+14 -4.376103e+13 9.413857e+13 7.427832e-01 -1.713986e-01 -6.472215e-01 -8.232427e+00 0 287893
1.534768e+14 -1.530653e+14 -1.217534e+13 9.397870e-01 -2.618209e-01 2.196593e-01 -1.255830e+01 0 6117151
1.341660e+14 -6.157887e+13 8.743857e+13 8.553747e-01 5.514248e-02 5.150665e-01 1.438534e+01 0 6645898
-3.980009e+13 8.869343e+13 1.393925e+14 1.173640e-01 9.453467e-01 3.042126e-01 1.633840e+00 0 164758
1.130066e+14 1.261976e+14 -9.724668e+12 2.867971e-01 8.680042e-01 -4.053594e-01 4.731159e+00 0 6652090
1.382591e+14 9.705442e+13 2.501465e+13 8.802802e-01 1.260710e-01 4.573980e-01 8.394929e+00 0 2936839
1.309297e+13 3.357503e+13 -1.703716e+14 5.320319e-01 7.782175e-01 -3.336459e-01 -1.205314e+01 0 892144
-6.758375e+13 -1.405303e+14 7.198749e+13 -7.796114e-01 -3.834209e-01 4.951712e-01 -1.045421e+01 0 1588244
-1.140021e+14 -3.414498e+13 1.398868e+14 -7.699315e-01 -1.973200e-01 6.068528e-01 1.255223e+01 0 7572900
-6.379307e+13 1.489923e+14 9.977930e+13 -7.316544e-01 6.812523e-01 2.402260e-02 -1.233861e+01 0 1009224
-1.569475e+14 -6.484448e+13 -2.273659e+13 -8.576497e-01 -3.428832e-01 3.832339e-01 7.797993e+00 0 1058531
-1.473186e+14 -8.506961e+13 2.414971e+13 -9.924470e-01 2.919283e-02 -1.191500e-01 7.402319e+00 0 524139
-1.723783e+14 -6.476229e+13 4.124496e+13 -9.604472e-01 2.726871e-01 5.641709e-02 -2.175338e+01 0 3189868
6.417120e+13 -6.922932e+13 1.412028e+14 8.887838e-01 -3.730480e-01 2.662679e-01 -3.375827e+00 0 5353297
1.051391e+14 -9.254012e+13 1.195577e+14 7.157090e-01 -6.983538e-01 7.908138e-03 2.121951e+01 0 2578446
-7.907120e+13 1.519394e+14 1.657570e+13 -8.641155e-01 4.948511e-01 -9.179722e-02 1.447219e+01 0 5265569
-1.679580e+14 -4.051861e+12 2.604924e+13 -8.228768e-01 5.636719e-01 7.174754e-02 5.967265e+00 0 65375
-4.873888e+13 2.956024e+13 1.603580e+14 -2.314038e-01 -3.929161e-01 8.899827e-01 1.327488e+01 0 12306895
3.392618e+13 1.712897e+14 -1.223596e+13 3.924792e-01 7.942024e-01 4.638993e-01 -9.630760e+00 0 1739211
-1.414138e+14 -6.866004e+13 -6.379825e+13 -2.638434e-01 -6.106984e-02 -9.626303e-01 1.988696e+00 0 8152607
-1.361665e+14 1.835204e+13 -1.356680e+14 -1.809753e-01 -1.057858e-01 -9.777818e-01 1.857587e+01 0 6178915
-1.392556e+14 1.155115e+14 -5.869310e+13 -5.998667e-01 7.835049e-01 1.621113e-01 -2.192913e+01 0 6406796
7.159801e+13 1.317780e+14 -1.101905e+14 2.248175e-02 7.153585e-01 -6.983958e-01 1.242958e+01 0 3922021
-3.144634e+13 1.468707e+14 -9.528658e+13 8.468932e-02 7.446388e-02 -9.936211e-01 -1.227253e+01 0 550457
7.718208e+13 -1.317694e+14 -7.894334e+13 3.959224e-01 -8.880183e-01 2.338138e-01 -4.746714e+00 0 77164
1.424990e+14 -1.061464e+14 5.254992e+13 9.708701e-01 -2.307485e-01 6.454749e-02 2.247430e+01 0 7292173
3.996283e+13 1.511427e+14 7.125628e+13 5.282894e-01 6.903833e-01 4.942482e-01 4.392699e+00 0 3448518
-2.006850e+13 -1.211513e+14 1.196391e+14 -6.659953e-01 -6.852668e-01 2.947196e-01 -1.210417e+01 0 3042344
1.162129e+14 -1.197279e+14 3.634494e+13 8.312397e-01 -5.233486e-01 -1.874749e-01 -3.299675e+00 0 2308528
1.095808e+14 1.360711e+14 2.601355e+13 1.913005e-01 9.742087e-01 -1.196726e-01 -6.849758e+00 0 2650668
-6.389760e+12 1.221198e+14 1.189355e+14 -4.233346e-01 8.505879e-01 -3.119102e-01 -1.068668e+01 0 6393285
-8.621091e+13 -1.025912e+14 -1.092228e+14 -7.010314e-01 -5.229425e-01 -4.848567e-01 -8.778726e+00 0 2002922
-4.120480e+13 8.943295e+13 -1.385749e+14 8.283747e-01 4.297683e-01 -3.592972e-01 -1.970013e+01 0 7100647
6.318554e+12 -2.572758e+13 -1.702648e+14 3.724832e-01 -5.136723e-01 -7.729146e-01 4.805978e+00 0 18023032
-3.150288e+13 7.740109e+13 1.488418e+14 -8.966043e-01 -5.376454e-02 4.395568e-01 9.751929e+00 0 1089334
-3.808244e+13 -1.220704e+14 1.150106e+14 -5.050346e-01 -7.850940e-01 3.585629e-01 7.021911e+00 0 1086313
-8.330970e+13 -1.251853e+14 7.976699e+13 -4.980348e-01 -8.123791e-02 8.633434e-01 5.573377e+00 0 1349804
-1.076042e+14 -9.106088e+13 9.675796e+13 3.312863e-01 -2.306273e-01 9.149101e-01 1.113693e+01 0 2400714
-7.870871e+13 8.939482e+13 -1.302091e+14 -9.310914e-01 -3.165312e-01 -1.813195e-01 2.535024e+01 0 1235319
8.333666e+13 1.086335e+14 -1.025361e+14 -4.217104e-01 6.952448e-01 -5.820609e-01 1.106024e+01 0 1930215
-8.777831e+13 1.245997e+14 -7.583344e+13 -7.270709e-01 4.547594e-01 5.143557e-01 6.059482e+00 0 1014450
-5.042291e+13 9.481827e+13 -1.316303e+14 -3.271167e-01 1.422783e-01 -9.342117e-01 5.940467e+00 0 3389501
1.637238e+14 -6.507293e+13 5.356126e+13 2.475127e-01 -5.988700e-01 7.616378e-01 7.385163e+00 0 731128
9.317459e+13 1.180214e+14 8.053209e+13 7.586888e-01 -6.236283e-03 6.514233e-01 -1.434581e+01 0 2345601
-5.843575e+13 -5.651535e+13 1.491831e+14 -4.572443e-01 -8.827086e-01 1.084124e-01 -5.895607e+00 0 2192574
-1.783792e+14 -1.311836e+13 -4.209622e+13 -4.638005e-01 -4.309442e-01 -7.740647e-01 -7.694305e+00 0 692369
-1.463143e+14 -4.724249e+13 -8.795375e+13 -5.565734e-01 -3.265858e-01 -7.639160e-01 2.032609e+01 0 446353
1.129556e+14 -1.046735e+14 7.350083e+13 4.038198e-01 -2.925599e-01 8.667977e-01 -5.502591e+00 0 424137
3.486686e+13 1.051199e+14 -1.286737e+14 9.916182e-01 1.284772e-01 -1.367119e-02 7.687625e-01 0 7463
6.932242e+13 -2.804052e+13 -1.570125e+14 2.912733e-01 -5.609789e-02 -9.549937e-01 -5.220552e+00 0 472031
1.363368e+14 1.109080e+14 2.761718e+13 5.215997e-01 7.593535e-01 3.889936e-01 1.910050e+01 0 9916027
-7.548055e+13 4.913449e+13 -1.446153e+14 1.135265e-02 5.205271e-01 -8.537697e-01 8.324174e+00 0 137856
-1.691965e+14 2.009330e+13 -2.397919e+13 -9.243222e-01 2.748656e-01 -2.647214e-01 8.781260e+00 0 851052
-1.718639e+14 -1.510021e+13 -2.841222e+13 -9.841837e-01 -1.622494e-01 -7.111647e-02 8.412045e+00 0 11245105
-1.077789e+14 1.227587e+14 -5.549565e+13 -8.515944e-01 4.374423e-01 -2.888447e-01 -2.593169e+00 0 5489112
2.227651e+13 1.361074e+14 9.881521e+13 -9.097112e-01 4.026814e-01 -1.013570e-01 2.190944e+01 0 767774
-1.375087e+14 1.033452e+14 -1.767182e+12 -5.662123e-01 6.024224e-01 -5.625752e-01 6.599928e+00 0 2967144
1.127377e+13 2.273123e+14 4.943484e+13 -3.833517e-01 9.095318e-01 1.606030e-01 2.459035e+01 0 6328609
6.366060e+13 1.596759e+14 3.484062e+13 2.718102e-01 6.836495e-01 -6.773054e-01 1.897510e+01 0 900363
-4.501216e+13 1.129628e+14 -1.702560e+14 -5.603059e-01 7.896825e-01 -2.499178e-01 2.141214e+01 0 12096540
6.266774e+13 -1.474555e+14 6.331360e+13 -4.950937e-02 -9.972225e-01 -5.564221e-02 1.451245e+01 0 354579
2.702450e+13 1.155624e+14 -1.230858e+14 -2.765830e-01 9.412659e-01 1.937019e-01 -9.494643e+00 0 3710093
3.409829e+13 -1.607116e+14 -5.161705e+13 2.616756e-01 -4.207463e-01 -8.686187e-01 1.393340e+01 0 43
-4.974339e+13 1.665221e+14 -1.372601e+13 -8.620073e-01 4.151024e-01 2.909182e-01 2.119890e+01 0 4644107
1.014709e+14 -1.365421e+14 1.010689e+13 7.883374e-01 -5.683767e-01 2.355253e-01 -7.196101e+00 0 6193286
-1.286421e+14 -8.167890e+13 8.405999e+13 -6.284101e-01 -2.170950e-01 7.469742e-01 -9.467985e+00 0 6913823
-1.629351e+14 9.325500e+13 -1.567505e+13 -5.938182e-01 7.966348e-01 1.129286e-01 1.075368e+01 0 13833037
7.881016e+13 -1.296211e+13 1.505402e+14 -1.674208e-01 2.728788e-01 9.473687e-01 -1.623245e+01 0 8631529
-3.249609e+14 -1.619883e+14 3.007723e+13 -7.802163e-01 -5.755144e-01 2.450422e-01 -2.421646e+01 0 5537490
-1.474520e+14 8.778552e+13 -1.530291e+13 -7.155964e-01 3.355257e-01 -6.126535e-01 9.248101e+00 0 4530034
4.766599e+13 -1.591670e+14 7.115970e+13 1.664449e-01 -9.121758e-01 3.744749e-01 6.699276e+00 0 5285268
1.087421e+14 2.864608e+13 1.399450e+14 8.146699e-01 -3.722815e-01 4.446565e-01 -1.423599e+01 0 4257618
-5.098602e+13 -1.067909e+14 -1.342881e+14 6.390581e-01 -3.554959e-01 -6.820758e-01 1.270733e+01 0 1003220
-1.376677e+14 -9.114642e+13 7.957251e+13 -7.570394e-01 -6.514401e-01 -5.017110e-02 1.493952e+01 0 277395
1.215556e+14 1.175183e+14 -2.145453e+13 5.768873e-01 8.117038e-01 -9.131242e-02 9.475035e+00 0 540738
1.203942e+14 -1.222857e+14 6.151639e+11 3.223297e-01 -8.657494e-01 -3.828597e-01 -9.120949e+00 0 726005
7.146029e+13 -8.475844e+13 -1.329633e+14 2.452687e-01 -6.698104e-01 -7.008547e-01 -8.485807e+00 0 461575
-7.499744e+13 1.624957e+14 -3.643239e+13 1.577901e-01 9.731923e-01 1.673291e-01 -1.273245e+01 0 3141341
3.255606e+13 7.566328e+13 -1.554682e+14 -1.907757e-01 7.128275e-02 -9.790421e-01 -6.674302e+00 0 3727773
1.396057e+14 4.911033e+13 -1.143241e+14 9.749368e-01 1.838861e-01 -1.252360e-01 1.226151e+01 0 5417686
1.256223e+14 -1.098717e+14 -3.761572e+13 -1.042100e-01 -9.460773e-01 3.067214e-01 -1.211855e+01 0 4314167
1.240793e+14 8.197247e+13 8.312293e+13 4.992708e-01 8.492699e-01 1.716662e-01 1.595728e+01 0 7550615
-2.778945e+13 -3.425834e+13 2.012275e+14 -3.974911e-01 1.368617e-01 9.073421e-01 -1.402305e+01 0 633164
5.281716e+13 -1.485828e+14 -6.456560e+13 -5.462321e-01 2.186754e-02 -8.373484e-01 -1.250690e+01 0 2081606
-7.062958e+12 -8.479473e+13 -1.496605e+14 -5.479784e-01 -5.278730e-01 -6.488989e-01 -8.821169e+00 0 3656522
5.986182e+13 9.771969e+13 1.266594e+14 -5.130814e-01 -1.712878e-01 8.410755e-01 -1.005322e+01 0 1749291
-1.090066e+14 -9.526492e+13 9.210624e+13 3.536629e-02 1.707823e-01 9.846739e-01 -2.182348e+01 0 5307437
1.035954e+14 -1.138111e+14 7.217575e+13 9.701093e-01 -2.133218e-01 1.156799e-01 -6.296796e+00 0 7468574
-1.464812e+14 -8.714410e+13 6.083534e+11 2.196976e-01 -9.540260e-01 2.038808e-01 1.797820e+01 0 10190588
2.465806e+13 1.132378e+13 1.801014e+14 -3.482754e-01 -1.682085e-01 9.221768e-01 -1.933824e+01 0 6930244
-3.405501e+13 -1.308391e+13 -1.681849e+14 -8.163515e-01 5.106702e-01 -2.697891e-01 7.606836e+00 0 1391079
2.518430e+13 -3.241312e+13 -1.650437e+14 9.998527e-01 1.220325e-02 1.206829e-02 9.532297e+00 0 1704342
-1.382494e+14 8.151155e+13 -5.487855e+13 -6.334615e-01 -6.304003e-01 -4.486892e-01 1.537129e+01 0 532016
-6.491223e+12 1.704321e+14 -1.973147e+13 5.930958e-01 6.311998e-01 -4.998241e-01 6.809874e+00 0 7827438
1.353904e+14 -8.991523e+13 -5.326925e+13 9.111136e-01 -4.121416e-01 3.378590e-03 -4.788303e+00 0 126911
-5.354900e+12 -1.852491e+14 -7.688699e+13 -1.001499e-01 -9.889798e-01 -1.090361e-01 -1.998080e+01 0 7185068
-7.650271e+13 -1.218098e+14 -9.385819e+13 2.581857e-01 -8.972247e-01 -3.582288e-01 -1.005215e+01 0 37
1.399373e+13 1.018074e+14 1.350294e+14 8.294453e-01 8.087664e-02 5.527020e-01 -1.182697e+01 0 1715273
1.532359e+14 6.329034e+13 3.812093e+13 8.834049e-01 4.504196e-01 1.292980e-01 1.107863e+01 0 10562745
4.555646e+13 -1.076676e+14 1.317672e+14 -2.848290e-01 -9.545681e-01 8.759088e-02 -1.381618e+01 0 8888072
1.168004e+14 1.143610e+14 5.240947e+13 2.253277e-01 8.049741e-01 5.488571e-01 1.522926e+01 0 6498921
-3.835396e+13 -1.599830e+14 4.394618e+13 2.655474e-01 -9.523356e-01 1.501385e-01 8.789792e+00 0 2477097
1.531125e+14 4.637686e+13 9.268309e+13 8.625866e-01 4.418466e-01 2.464060e-01 2.491963e+01 0 7697756
5.764279e+13 1.467623e+14 -6.907761e+13 8.694220e-01 4.515448e-01 2.005310e-01 -8.959617e+00 0 14845089
4.091379e+13 -9.166209e+13 -1.466841e+14 -2.522006e-01 5.401050e-01 -8.029206e-01 -1.620880e+01 0 1492619
-1.647315e+14 -2.560975e+13 -3.844278e+13 -8.756598e-01 1.491462e-02 -4.826981e-01 4.273197e+00 0 9458667
-1.656927e+14 -1.349585e+13 5.831225e+13 -3.950715e-01 -6.298816e-02 9.164884e-01 -1.583220e+01 0 2700059
-1.763490e+14 -5.918089e+13 3.909174e+13 -6.328764e-01 -7.739181e-01 -2.276286e-02 1.738902e+01 0 2945179
1.621703e+14 1.343869e+13 5.793826e+13 7.531930e-01 -6.255365e-01 -2.034809e-01 6.806970e+00 0 7943345
9.155098e+13 7.711885e+13 -1.203668e+14 -3.507890e-01 8.455077e-01 -4.025714e-01 8.105316e+00 0 931205
-1.295889e+14 4.801876e+13 9.915560e+13 -8.102775e-01 1.415991e-01 5.686827e-01 -7.744529e+00 0 3765395
-1.500566e+14 9.207659e+11 -8.563723e+13 -5.256007e-01 8.312845e-01 -1.808589e-01 -1.309726e+01 0 2811732
-1.380609e+14 8.571738e+13 5.142693e+13 -8.376879e-01 -4.154159e-01 3.545541e-01 1.535358e+01 0 566596
-2.538606e+13 5.057395e+13 1.636927e+14 -4.442418e-01 2.350402e-01 8.645261e-01 -1.090547e+01 0 1976229
1.899888e+14 1.270673e+14 -1.064762e+14 8.228791e-01 4.275373e-01 -3.742751e-01 2.307350e+01 0 10912902
-1.439614e+14 8.737743e+13 -3.739586e+13 -5.246632e-01 8.323795e-01 -1.785295e-01 -1.258270e+01 0 843434
4.996248e+13 1.622038e+14 4.318211e+13 -1.573059e-01 9.518735e-01 2.630433e-01 -3.876449e+00 0 5
9.365592e+12 1.406649e+14 1.017490e+14 -1.132406e-01 9.470899e-01 -3.003288e-01 1.481707e+01 0 12580781
2.934549e+13 1.628526e+14 4.483779e+13 -3.178952e-01 9.314105e-01 1.772488e-01 -2.499216e+00 0 7114386
1.211206e+14 -1.428712e+14 -1.487238e+13 3.809183e-01 -8.902603e-01 -2.496753e-01 -1.817006e+01 0 5511607
-1.555022e+14 6.889423e+13 -1.997443e+13 -8.928394e-01 4.191404e-01 1.648005e-01 -1.411737e+01 0 3632629
-8.194181e+13 1.494353e+14 -1.013096e+13 -1.745206e-01 9.741299e-01 1.435744e-01 1.209052e+00 0 2893704
1.334472e+14 -5.436601e+13 -1.040876e+14 9.021999e-01 2.493111e-01 -3.519649e-01 1.835842e+01 0 1110780
7.645614e+13 9.851952e+12 -1.514452e+14 5.036803e-02 -2.350064e-01 -9.706879e-01 -4.679526e+00 0 5158103
1.294038e+14 -1.249322e+14 1.548835e+14 2.876704e-01 -8.761489e-01 3.867930e-01 1.838879e+01 0 1246986
9.333952e+13 9.159283e+13 -1.086953e+14 3.778267e-02 8.598592e-01 5.091313e-01 9.482718e+00 0 113190
-1.641183e+13 -1.279254e+14 1.130193e+14 3.155834e-01 -2.338873e-01 9.196216e-01 1.226448e+01 0 11719510
-7.459052e+13 1.132307e+14 1.145770e+14 5.815291e-02 4.584398e-01 8.868208e-01 9.118752e+00 0 4335329
4.890480e+13 -1.647764e+14 8.905693e+12 7.807953e-01 -4.499097e-01 4.335204e-01 1.414324e+01 0 4
1.451413e+14 6.690895e+13 8.748083e+13 3.099035e-01 8.393387e-01 4.466210e-01 -1.092710e+01 0 99447
-8.781217e+13 1.380480e+14 -4.648135e+13 -7.115951e-01 7.025211e-01 -9.824050e-03 -1.477404e+01 0 10081029
-7.615914e+12 1.884367e+14 2.175797e+13 -4.390385e-02 6.770966e-01 -7.345833e-01 -1.226557e+01 0 7998139
-1.809388e+14 2.511509e+13 5.837351e+13 -8.978414e-01 -1.000685e-02 4.402053e-01 1.877710e+01 0 9625603
-1.016087e+14 -3.607954e+13 1.313322e+14 -2.881699e-01 1.479961e-01 9.460736e-01 1.500052e+01 0 9578941
-1.461295e+14 8.860833e+13 -9.787341e+12 -2.224787e-01 9.623300e-01 1.562825e-01 -1.085705e+01 0 370685
-1.465084e+14 -5.035662e+13 -7.567315e+13 -5.730277e-01 -8.150873e-01 -8.527575e-02 1.517233e+01 0 291249
-1.421002e+14 8.808735e+13 3.340904e+13 -8.533308e-01 5.195063e-01 -4.404267e-02 7.836361e+00 0 957490
1.058941e+14 1.312597e+14 -1.117036e+14 2.408875e-01 9.635805e-01 1.161283e-01 2.216416e+01 0 26775
-8.907236e+13 1.641278e+13 1.435956e+14 -3.500027e-01 9.129165e-01 2.099561e-01 -1.314464e+01 0 4446360
9.649741e+13 5.944950e+12 -1.439627e+14 5.356604e-01 -4.812375e-01 -6.938864e-01 8.994085e+00 0 773370
8.250536e+13 1.417093e+14 -5.259370e+13 4.705598e-01 8.240690e-01 -3.154106e-01 1.930465e+01 0 536642
7.906874e+13 6.267376e+12 1.638674e+14 5.411122e-01 2.061919e-01 8.152806e-01 -9.480534e+00 0 5821394
5.012645e+13 -1.682633e+14 -5.907255e+12 7.826307e-01 -5.490494e-01 2.933154e-01 -1.053200e+01 0 832004
-3.159166e+13 1.730771e+14 1.215183e+12 4.381917e-01 8.245493e-01 3.579198e-01 1.019813e+01 0 3883247
1.217645e+14 1.600852e+14 -1.122575e+14 7.655222e-01 3.831917e-01 -5.168558e-01 1.278390e+01 0 369040
7.886686e+13 1.465734e+14 -3.813606e+13 -1.452225e-01 9.778499e-01 -1.507316e-01 8.679726e+00 0 341911
1.297207e+14 1.164360e+14 4.621296e+13 9.112536e-01 3.160004e-01 -2.641222e-01 -2.600164e+01 0 6473577
5.763284e+13 -2.011513e+14 3.787425e+13 3.658255e-01 -9.297612e-01 -4.142330e-02 -1.386817e+01 0 465060
1.088788e+14 1.325387e+14 -5.641180e+12 7.976100e-01 -8.936497e-02 5.965167e-01 4.575858e+00 0 4543573
1.693254e+14 -1.184222e+13 -2.123274e+13 6.705850e-01 -7.080660e-01 -2.212650e-01 4.999879e+00 0 4123764
6.027990e+13 -6.441037e+13 1.678415e+14 7.966623e-01 -1.611706e-02 6.042097e-01 1.739877e+01 0 24252412
9.807848e+13 1.454937e+14 1.667309e+13 -3.172798e-01 9.327565e-01 -1.711694e-01 -1.020463e+01 0 1634228
3.122652e+13 -1.721120e+14 5.867742e+12 -5.252417e-01 -7.695192e-01 -3.632648e-01 4.173334e+00 0 3014203
-1.487283e+14 -7.891315e+13 -8.546038e+13 -6.718788e-01 -7.134394e-01 1.989548e-01 -1.147555e+01 0 2272298
1.307160e+13 1.680568e+14 3.411072e+13 -6.546670e-01 7.211340e-01 -2.266648e-01 -1.381810e+01 0 2781499
-5.767660e+13 -1.665455e+13 -1.656168e+14 -1.609301e-01 -3.464380e-02 -9.863576e-01 -9.378041e+00 0 987023
-4.351333e+13 1.498539e+14 -7.065139e+13 -3.799083e-01 1.121647e-01 -9.181987e-01 -8.712820e+00 0 10539216
8.570316e+13 -3.623284e+12 1.463480e+14 8.251327e-01 -5.244224e-01 -2.100884e-01 -3.144124e+00 0 22707257
-1.107202e+14 -3.347691e+13 -1.363923e+14 -1.674994e-01 -1.474505e-01 -9.747832e-01 -1.347429e+01 0 1358374
-1.060301e+14 -7.679656e+13 -1.084159e+14 -8.262428e-01 -5.079434e-01 2.435497e-01 -1.539578e+01 0 6155356
-5.760882e+13 -1.048094e+14 -1.210056e+14 -2.239405e-01 -5.614869e-01 -7.966073e-01 4.010365e+00 0 983115
1.697694e+14 -4.258332e+11 -1.252509e+13 9.662101e-01 -1.556653e-01 -2.054418e-01 6.117043e+00 0 11
-1.656354e+14 -2.923793e+13 -5.138302e+13 -7.116581e-01 4.471747e-01 -5.418280e-01 -1.330310e+01 0 3189634
9.950125e+12 1.777976e+14 1.256495e+13 5.787595e-01 8.123489e-01 -7.160110e-02 1.746848e+01 0 9205613
-7.828034e+13 -1.460876e+14 3.745256e+13 -6.020954e-01 -3.376801e-01 7.235007e-01 4.671081e+00 0 14894963
5.258433e+13 1.378334e+14 -8.848658e+13 4.325178e-01 8.137195e-01 -3.883155e-01 5.066626e+00 0 3515795
-8.789640e+13 4.912799e+12 1.487940e+14 -3.350248e-01 2.845673e-01 8.982092e-01 5.717219e+00 0 2516245
-1.526802e+14 -1.722137e+13 7.560267e+13 -5.502737e-01 -8.437918e-02 8.307100e-01 1.116687e+01 0 5784692
-1.576265e+14 6.155123e+13 3.011386e+13 -6.150577e-01 5.093846e-01 6.018566e-01 -7.771338e+00 0 6115427
-4.157281e+13 -5.638489e+13 1.551976e+14 3.837650e-01 -8.781105e-01 2.857384e-01 -1.016132e+00 0 405483
-6.085140e+13 9.602437e+13 -1.270640e+14 7.134614e-01 3.970244e-01 -5.773599e-01 3.600240e+00 0 996916
-1.296830e+14 -1.388807e+13 1.096136e+14 -9.331636e-01 3.582543e-01 2.931719e-02 7.415986e+00 0 633228
-1.518330e+14 -4.945362e+13 -6.498411e+13 -8.867237e-01 -2.012412e-01 -4.162006e-01 -8.149404e+00 0 9018917
-8.789318e+13 -9.752391e+13 -1.197467e+14 -6.830760e-01 -6.179676e-01 -3.892599e-01 8.011555e+00 0 4626755
1.249634e+14 1.193096e+14 -1.119394e+12 5.196843e-01 1.088123e-01 -8.474008e-01 1.131437e+01 0 40434
1.121519e+14 -1.322365e+14 -3.979811e+13 -3.905736e-01 -7.808476e-01 -4.875750e-01 9.409594e+00 0 1269452
-9.332732e+13 3.372115e+13 1.445380e+14 -8.922384e-01 -3.418766e-02 4.502686e-01 -7.794326e+00 0 4290753
-1.536969e+14 -1.257284e+14 1.179764e+13 -8.024538e-02 -9.419224e-01 -3.261026e-01 2.110518e+01 0 15761640
1.321076e+13 -1.601367e+14 -1.170706e+14 4.300165e-01 -4.344885e-01 -7.913947e-01 1.779878e+01 0 4527647
-6.271481e+13 4.999519e+13 1.561061e+14 -6.263496e-01 4.208138e-01 6.562027e-01 8.581064e+00 0 18059731
5.359800e+13 1.403885e+14 -8.594295e+13 1.403590e-01 -1.247448e-01 -9.822108e-01 8.849284e+00 0 4189665
1.113665e+14 -9.134688e+13 -9.317130e+13 4.398223e-01 -8.701196e-01 2.223697e-01 2.942326e+00 0 21285050
-9.529282e+12 -6.780029e+13 -1.571600e+14 5.612298e-02 6.456012e-01 -7.616097e-01 3.776852e+00 0 976523
1.485465e+14 -8.872835e+13 1.084167e+13 1.082840e-01 -9.593178e-01 -2.607373e-01 1.366982e+01 0 761215
-9.455051e+13 4.578457e+13 -1.459366e+14 -2.264013e-01 8.235493e-01 -5.201048e-01 -1.981869e+01 0 25573383
4.401544e+13 -1.454525e+14 7.563302e+13 8.791522e-01 -3.987807e-01 -2.608935e-01 -1.800430e+00 0 147525
6.313753e+13 1.297999e+14 -8.982819e+13 4.807708e-02 9.471640e-01 3.171261e-01 1.458427e+01 0 2940389
1.619770e+14 4.393927e+13 3.018014e+13 9.685207e-01 1.053304e-01 -2.255510e-01 -1.548452e+01 0 1844462
1.572046e+14 9.584237e+13 1.085814e+13 9.534171e-01 -1.538824e-01 2.594533e-01 -2.470030e+01 0 1052738
-6.928014e+13 -6.467106e+13 -1.504685e+14 -2.950577e-01 -6.642120e-01 -6.868504e-01 -1.165989e+01 0 1071725
9.927381e+13 -1.048563e+14 9.002568e+13 8.728410e-01 -1.690778e-01 4.577787e-01 1.010907e+00 0 384586
1.193740e+14 -1.336514e+14 5.356784e+13 6.516239e-01 -6.252611e-01 4.294588e-01 -1.893811e+01 0 264686
1.453501e+14 -2.287012e+13 8.537942e+13 9.368591e-01 -3.342349e-01 1.028688e-01 -1.008043e+01 0 2976000
-1.544259e+14 1.265589e+13 6.963453e+13 -7.527444e-01 -4.153677e-01 5.107304e-01 1.130038e+01 0 724146
-8.763430e+13 1.440903e+14 -6.577634e+13 3.729236e-01 6.339269e-01 -6.775431e-01 7.496696e+00 0 430205
1.391494e+14 9.796478e+13 4.048925e+12 7.590447e-01 2.832706e-01 5.861816e-01 1.367744e+01 0 2029451
-1.349366e+14 -1.469666e+14 7.590709e+13 -8.937670e-01 -4.408400e-01 -8.270844e-02 1.379451e+01 0 76
1.620372e+14 -3.918945e+13 -3.178095e+13 8.541038e-01 -2.129368e-01 4.745152e-01 -2.396922e+00 0 301328
-7.779071e+13 -9.910341e+13 1.387276e+14 -5.435712e-01 -2.216050e-01 8.095811e-01 -2.147570e+01 0 16621736
-1.566189e+14 -2.600255e+13 7.426841e+13 9.012314e-02 -3.058068e-01 9.478186e-01 1.860575e+01 0 6340764
-9.517656e+13 1.150962e+14 8.639773e+13 1.669089e-01 2.036314e-01 9.647153e-01 -1.412656e+01 0 1224145
-1.036923e+14 -1.295370e+14 -4.784391e+13 5.182552e-02 -6.318733e-01 -7.733371e-01 1.275452e+01 0 1014780
2.967847e+13 3.235599e+13 -1.642141e+14 5.746628e-01 3.037627e-01 -7.599282e-01 3.894834e+00 0 1878785
1.321652e+13 2.927423e+13 1.729350e+14 -2.814478e-01 -2.438393e-01 9.280784e-01 -5.894188e+00 0 11772625
-2.020584e+13 -1.423511e+14 -9.001938e+13 -7.832158e-01 -1.635976e-01 -5.998407e-01 -1.516904e+01 0 5869530
-6.198392e+13 -1.028016e+14 -1.198833e+14 -5.893767e-01 -6.684343e-01 -4.536856e-01 -3.483246e+00 0 3499073
-1.566496e+14 3.882799e+13 6.010159e+13 -2.418565e-01 7.201649e-01 6.502830e-01 1.329754e+01 0 31207259
-6.389017e+13 -1.499297e+14 4.897426e+13 1.311255e-01 -8.752324e-01 4.655903e-01 7.944697e+00 0 1093007
-1.404743e+14 -4.511376e+13 -8.547842e+13 -9.081101e-01 -3.762568e-01 -1.837575e-01 1.167951e+01 0 4923468
-1.429015e+14 2.580070e+13 9.034787e+13 -9.357287e-01 -1.261302e-01 3.293978e-01 -5.164633e+00 0 2374911
1.506485e+14 -8.250512e+13 1.812619e+13 7.873574e-01 -6.162512e-01 -1.739902e-02 1.316007e+01 0 7434640
1.220666e+14 1.235778e+14 3.578384e+13 -2.509361e-01 9.436749e-01 2.156591e-01 2.822871e+01 0 21489866
2.248658e+13 -9.490371e+13 1.557337e+14 -1.774206e-01 -8.918900e-01 4.159978e-01 1.223772e+01 0 6846751
-1.762963e+14 -1.846932e+12 -1.546625e+13 -9.785463e-01 1.906047e-01 7.821182e-02 -1.615633e+01 0 5814257
-8.193428e+13 -1.528835e+14 -6.277061e+12 -9.739753e-01 -2.175296e-01 6.366268e-02 -1.625605e+01 0 27
-1.063115e+14 1.234505e+14 5.854260e+13 -1.247565e-01 6.156428e-01 7.780872e-01 -1.042568e+01 0 1341376
-3.912231e+13 1.479893e+14 9.856959e+13 4.667554e-01 7.998022e-01 3.774332e-01 -2.072087e+01 0 2529510
-9.873347e+13 -1.356184e+14 3.672898e+13 -3.887064e-01 -8.023946e-01 4.528469e-01 -4.442989e+00 0 1539795
1.671680e+14 1.778729e+13 -3.459751e+13 7.530729e-01 -6.400810e-01 1.522418e-01 -1.104246e+01 0 27139
-1.186290e+14 1.146592e+14 -4.462372e+13 -7.826410e-01 6.191795e-01 6.395171e-02 -1.166218e+01 0 2788044
6.894917e+13 1.754806e+14 5.926827e+13 2.260757e-01 9.367365e-01 2.672349e-01 -8.354501e+00 0 10383574
7.395837e+13 -1.157089e+13 1.543151e+14 8.475471e-01 -4.956131e-01 1.898198e-01 1.428516e+01 0 20496022
-1.068958e+14 1.129124e+14 7.184695e+13 -3.090152e-02 2.451245e-01 9.689990e-01 -9.092262e+00 0 22467214
8.171903e+13 1.553906e+14 4.462434e+13 6.368944e-01 4.189405e-01 6.471896e-01 -1.243553e+01 0 2304283
1.557210e+14 -7.229539e+13 3.802012e+13 4.872587e-01 -5.926249e-01 -6.413850e-01 -2.390811e+01 0 26228940
-1.691766e+14 -9.567381e+12 1.116637e+13 -8.175742e-01 -4.891734e-01 3.037794e-01 -1.371234e+01 0 10928303
-1.156055e+14 8.490911e+13 1.085736e+14 1.753493e-01 2.365997e-01 9.556533e-01 1.203216e+01 0 2693099
1.054674e+14 -1.033497e+14 9.469169e+13 5.393878e-01 -1.798044e-01 8.226367e-01 1.885495e+01 0 603054
-6.603183e+13 -1.627445e+14 -1.798292e+13 -8.992070e-01 -1.476468e-01 -4.118582e-01 1.500413e+01 0 358188
1.845205e+14 1.373471e+14 -1.315899e+13 9.726017e-01 1.131041e-01 -2.031095e-01 -3.568088e+01 0 9108073
9.577151e+13 1.158383e+14 -8.172982e+13 3.751801e-01 4.884140e-01 -7.878399e-01 9.222061e+00 0 9453438
1.970530e+14 8.377230e+13 -8.474485e+13 9.737565e-01 -2.087335e-01 -9.071136e-02 -2.536103e+01 0 7380227
-7.188512e+13 -5.550375e+13 -1.482737e+14 3.444011e-01 -1.744596e-01 -9.224704e-01 -9.470530e+00 0 10668259
-1.153793e+14 1.261324e+14 2.021329e+13 -3.337396e-01 6.284800e-01 -7.025886e-01 -1.098942e+01 0 575497
-1.386019e+13 1.672580e+14 -3.181473e+13 9.727184e-02 7.038421e-01 -7.036650e-01 -1.069607e+01 0 1080888
1.181654e+14 8.003013e+13 9.826030e+13 6.821394e-02 9.765810e-01 2.040500e-01 1.638898e+01 0 7304904
-8.629010e+13 -6.871262e+13 1.316766e+14 -9.937150e-01 -5.027444e-02 1.000146e-01 6.465601e+00 0 6452855
-5.358641e+13 -9.244724e+13 -1.419627e+14 -5.673225e-01 -2.142348e-01 -7.951406e-01 -2.002304e+01 0 18432
-1.249201e+14 -1.103501e+13 -1.338810e+14 -8.427047e-01 -2.594838e-01 -4.717171e-01 1.759317e+01 0 3804477
1.076467e+14 3.533734e+13 1.262857e+14 4.115709e-01 -3.975887e-01 8.200809e-01 -1.034920e+01 0 520780
-1.236266e+14 -3.792897e+13 1.101644e+14 -8.236734e-01 -5.601043e-01 8.857354e-02 1.166707e+01 0 17
1.741007e+14 -3.399437e+13 1.093279e+13 8.431751e-01 5.039278e-01 -1.873834e-01 2.236049e+01 0 3998242
-7.778792e+12 -1.161670e+14 1.235241e+14 -6.904295e-01 -6.555509e-01 3.058758e-01 -1.223235e+01 0 6180822
-2.579040e+12 1.623524e+14 4.930831e+13 2.368855e-01 4.590756e-01 -8.562329e-01 -1.372183e+01 0 2681872
-4.494427e+13 1.621426e+14 -4.707792e+13 4.153873e-01 8.932793e-01 1.717714e-01 -1.581427e+01 0 538946
-9.344936e+12 1.587065e+14 -7.579955e+13 -2.865563e-01 8.918359e-01 3.500202e-01 9.791211e+00 0 2498255
1.454636e+14 -8.776252e+13 -8.613414e+13 6.360668e-01 -3.416313e-01 -6.918866e-01 -1.965651e+01 0 1005259
5.952021e+13 -8.864790e+13 1.342081e+14 7.086150e-02 -9.516181e-01 2.990011e-01 6.332452e+00 0 4194452
1.127922e+14 -4.047839e+13 1.205575e+14 7.079420e-01 -6.812518e-01 -1.863170e-01 5.259430e+00 0 414984
-3.245558e+12 1.774725e+14 1.479837e+12 8.625863e-01 4.824683e-01 1.522142e-01 -2.838573e+01 0 8975586
-2.246044e+13 6.821127e+13 -1.616817e+14 1.901111e-01 9.502571e-01 -2.467169e-01 1.012846e+01 0 3608460
8.014203e+13 1.437852e+14 5.591786e+13 5.427005e-01 5.448722e-01 6.392108e-01 1.329862e+01 0 230734
-1.215766e+14 -1.197641e+14 -3.687145e+13 -2.218001e-01 -9.417431e-01 -2.528333e-01 -4.915077e+00 0 3812596
4.677682e+13 -1.082805e+14 1.225077e+14 7.047126e-01 -4.521921e-01 5.467196e-01 1.189006e+01 0 692979
-8.971172e+13 -1.431347e+14 2.963609e+13 -1.179109e-02 -9.651340e-01 2.614906e-01 -7.447463e-01 0 3748239
1.265436e+13 1.374167e+14 -1.346536e+14 -1.305308e-01 6.660177e-01 -7.344264e-01 -1.115312e+01 0 6501990
1.575419e+14 -6.321253e+13 -5.119561e+12 3.152435e-01 1.815028e-01 -9.314925e-01 -3.776730e+00 0 3
1.254440e+14 -1.314147e+14 -2.639365e+13 2.521434e-01 -3.409921e-01 -9.056203e-01 1.342894e+01 0 37135
1.790550e+14 7.881560e+13 5.522923e+13 6.003088e-01 7.985289e-01 4.450737e-02 -1.152911e+01 0 3665190
6.051020e+13 1.614918e+14 2.079060e+11 8.884748e-01 3.331196e-01 3.156642e-01 -1.444927e+01 0 4187045
1.020713e+14 -8.386262e+13 -1.102837e+14 -2.501409e-01 -8.045566e-01 -5.386263e-01 -2.082191e+01 0 1313813
1.796523e+13 1.527543e+14 -8.643675e+13 -2.190813e-01 9.686337e-01 1.172698e-01 -9.501821e+00 0 28240093
-1.042587e+13 9.888844e+13 -1.635914e+14 -6.911981e-01 3.369068e-01 -6.393270e-01 2.015730e+01 0 3325231
1.640404e+13 -1.268716e+14 1.132186e+14 4.493814e-01 8.864545e-02 8.889310e-01 -6.394215e+00 0 11378482
-1.448224e+14 8.706329e+13 9.623321e+13 -6.969635e-01 9.187379e-02 7.111969e-01 -1.688845e+01 0 803742
3.170416e+13 -6.123472e+13 -1.628648e+14 7.567221e-02 -8.644919e-02 -9.933782e-01 -1.419692e+01 0 1421371
-4.669617e+13 1.471162e+14 -7.055382e+13 -1.262874e-01 7.529608e-01 -6.458340e-01 -7.610943e+00 0 1779348
3.661503e+13 -3.708007e+13 1.644015e+14 -1.623188e-01 3.298617e-01 9.299698e-01 -1.170655e+01 0 5595722
1.062502e+14 5.078532e+13 -1.232005e+14 6.406609e-01 7.677482e-01 -1.078328e-02 -4.792638e+00 0 753327
-1.647743e+14 -3.084485e+13 -3.532231e+13 -7.067340e-01 6.982196e-01 -1.140898e-01 -1.142328e+01 0 50708
-3.970556e+13 1.607023e+14 -6.186097e+13 -4.916444e-02 6.914809e-01 -7.207198e-01 -1.024056e+01 0 326192
4.294878e+13 -1.444555e+14 -7.955724e+13 4.624096e-01 -1.503558e-01 -8.738252e-01 -8.003151e+00 0 906794
1.846032e+14 -2.417561e+13 2.103848e+13 6.542095e-01 -7.135473e-01 2.507194e-01 -1.799591e+01 0 3544764
2.605781e+14 -1.953141e+14 6.303782e+13 7.798868e-01 -5.877795e-01 2.151554e-01 2.271098e+01 0 1166395
-1.714184e+14 2.906401e+13 1.184203e+13 -3.313177e-01 -3.745380e-01 8.659965e-01 1.352252e+01 0 1091038
1.090557e+14 -1.324735e+14 5.315147e+13 1.452188e-01 -9.773819e-01 1.537403e-01 1.308716e+01 0 5831840
8.517843e+13 -2.534271e+13 1.585001e+14 -2.785508e-01 -3.200368e-01 9.055307e-01 9.724914e+00 0 3227538
1.716004e+14 1.170581e+13 1.158020e+13 4.448330e-01 8.690085e-01 2.166746e-01 -1.250450e+01 0 345620
-3.697965e+12 1.150269e+14 1.435076e+14 2.166627e-01 7.663389e-01 6.047991e-01 -3.008617e+01 0 19163866
-1.618451e+14 -1.691038e+13 -5.505764e+13 -8.086953e-01 -5.283509e-01 -2.585675e-01 -7.655168e+00 0 4336632
1.231882e+14 -1.043287e+14 5.366659e+13 -4.335032e-01 -6.477773e-01 6.264659e-01 1.765146e+00 0 2
9.914867e+13 1.428568e+14 9.686937e+13 1.139233e-03 9.702209e-01 2.422191e-01 -8.666594e+00 0 8847562
-1.749529e+14 -4.215473e+12 -5.867948e+13 -5.625671e-01 -6.527917e-01 -5.073275e-01 2.322104e+01 0 5788271
-4.832671e+13 -1.528471e+14 -6.139342e+13 -1.882992e-01 -9.785762e-01 8.325921e-02 7.760782e+00 0 7338700
1.838620e+14 1.203159e+13 -9.025835e+13 5.248147e-01 -2.970684e-01 -7.976966e-01 -2.889417e+01 0 10674329
5.435311e+13 9.797597e+13 -1.407116e+14 2.128392e-01 7.412896e-01 -6.365447e-01 2.218220e+01 0 9127808
-1.874041e+13 1.442904e+14 -8.802995e+13 5.303958e-01 4.087607e-01 -7.426944e-01 1.184407e+00 0 4161782
6.084064e+12 -1.157428e+14 1.265106e+14 -8.565957e-01 -3.998363e-01 3.261514e-01 2.656534e+00 0 2857066
1.744132e+14 -3.576243e+13 -7.925924e+12 3.839366e-01 -9.164620e-01 -1.126504e-01 7.091772e+00 0 2747518
4.625832e+13 7.753230e+13 -1.455075e+14 1.746996e-01 9.831346e-01 5.409630e-02 -6.651768e+00 0 407744
-1.441839e+13 -5.715969e+13 -1.831736e+14 1.277986e-03 -9.428391e-01 -3.332460e-01 1.266409e+01 0 12514844
-6.293711e+13 -2.937202e+13 1.691374e+14 -3.462609e-01 5.415625e-01 7.660375e-01 -2.168601e+01 0 307155
1.346596e+14 -1.143578e+14 1.642452e+13 7.965410e-01 -1.868941e-01 -5.749722e-01 -1.061035e+01 0 5712528
1.049645e+14 -1.158925e+14 -8.338520e+13 8.729055e-01 -1.408164e-01 -4.671261e-01 1.300597e+01 0 363267
1.506296e+14 -3.413859e+13 7.202064e+13 5.956531e-01 -6.909510e-01 4.096146e-01 1.003526e+00 0 514203
1.087820e+14 -1.824936e+13 1.305293e+14 4.551302e-01 -7.729517e-01 4.420431e-01 -6.779975e+00 0 2622607
-1.077699e+14 -7.444262e+13 -1.091720e+14 -5.454409e-01 -3.887457e-01 -7.425436e-01 5.252835e+00 0 16716543
-1.658469e+14 2.428867e+13 5.541220e+13 -9.375862e-01 2.841385e-01 2.004927e-01 -1.817473e+01 0 7186641
2.675391e+13 -1.575298e+14 6.454788e+13 1.714729e-02 -5.982304e-01 8.011406e-01 1.201152e+01 0 4497813
9.247835e+13 -8.821842e+13 -1.230765e+14 -4.165452e-01 -8.190165e-01 -3.945909e-01 6.072009e+00 0 6080304
1.671180e+14 -4.779192e+13 6.116672e+12 9.159927e-01 -3.941143e-01 7.504235e-02 -9.550852e+00 0 17506371
-9.785527e+13 -3.950712e+13 1.758845e+14 -1.160608e-01 1.713013e-01 9.783587e-01 -2.051842e+01 0 319154
1.591006e+14 5.310120e+13 -6.107270e+13 5.125919e-01 7.526718e-01 -4.132005e-01 2.061565e+01 0 7745699
-2.850771e+13 1.525011e+14 -7.057832e+13 1.471323e-01 1.869346e-01 -9.712917e-01 -1.187631e+01 0 927240
-4.265292e+12 -1.299630e+14 -1.237011e+14 -2.700348e-01 -6.468748e-01 -7.131859e-01 -2.003373e+01 0 1091852
1.047926e+14 7.315723e+13 -1.128077e+14 9.462698e-01 -2.186049e-01 -2.382969e-01 -9.968987e+00 0 8075632
-9.377806e+13 -1.000832e+14 1.063882e+14 -9.361427e-01 -3.461603e-01 -6.172488e-02 -1.702761e+01 0 1580442
1.538799e+14 -3.157105e+12 9.729721e+13 8.532203e-01 2.735703e-01 -4.440432e-01 -1.072294e+01 0 9004085
-8.703371e+13 1.130626e+14 -9.239133e+13 -5.574947e-01 -3.090292e-01 -7.705197e-01 -7.330469e+00 0 4508213
1.117811e+14 1.132518e+14 -6.289158e+13 8.014625e-01 4.540283e-01 -3.892508e-01 -9.597634e+00 0 5
1.051740e+14 -1.067150e+13 -1.525910e+14 4.902373e-01 -1.849211e-01 -8.517462e-01 -1.061271e+01 0 5102562
-5.571896e+13 1.220826e+14 -1.043508e+14 5.856208e-01 8.017105e-01 1.196185e-01 -1.188569e+01 0 6723694
-1.904540e+13 1.775003e+14 -8.160987e+12 2.534118e-01 5.399913e-01 -8.026156e-01 8.951201e+00 0 352768
8.600400e+13 1.469976e+14 3.860641e+13 2.861801e-01 8.745092e-01 -3.915797e-01 1.650130e+01 0 10857735
3.452727e+13 -1.715164e+14 1.643359e+14 6.330275e-02 -6.424744e-01 7.636881e-01 1.493461e+01 0 44801961
-1.475435e+14 -1.726472e+13 8.265069e+13 -1.946611e-01 6.984604e-01 6.886654e-01 -1.530625e+01 0 132993
1.191201e+14 9.587372e+13 7.751209e+13 6.692235e-01 7.407970e-01 5.796322e-02 -7.676607e+00 0 3919135
5.378952e+13 -9.321427e+13 -1.412373e+14 2.946238e-01 2.208794e-01 -9.297361e-01 -8.129960e+00 0 1458635
-1.154434e+14 -1.109334e+14 9.699550e+13 -9.678520e-01 -3.042157e-02 -2.496738e-01 -2.569824e+01 0 1339889
-1.695552e+14 -1.968432e+12 -1.199062e+13 -6.994353e-01 2.243274e-01 -6.785776e-01 3.450941e+00 0 2987143
-1.379360e+14 -1.404076e+13 -1.225067e+14 -5.605801e-01 3.137784e-01 -7.663505e-01 -1.772547e+01 0 9765819
1.975715e+13 -1.341173e+14 -1.052208e+14 7.801736e-01 -6.002812e-01 1.760446e-01 -5.255155e+00 0 9793830
6.983026e+13 -7.579188e+13 -1.357703e+14 4.679341e-01 -3.661938e-01 -8.043256e-01 1.152856e+01 0 11718654
1.167823e+14 3.608668e+13 -1.189116e+14 7.776299e-01 -2.864774e-01 -5.596628e-01 -1.290004e+01 0 8969633
-1.335659e+14 1.319088e+14 6.799487e+13 -7.479944e-01 6.571482e-01 9.306255e-02 -1.345373e+01 0 577354
-8.263636e+12 -1.326864e+14 1.058320e+14 2.677107e-01 -9.634993e-01 2.044064e-04 -9.285883e+00 0 5178751
1.313328e+14 -1.623031e+14 1.045423e+14 2.896579e-01 -7.867549e-01 5.450826e-01 -2.443657e+01 0 21113668
-2.627168e+13 -6.394449e+13 -2.150479e+14 -4.110055e-01 -3.447669e-01 -8.439255e-01 2.692276e+01 0 3746430
1.401959e+14 -2.480896e+13 9.626302e+13 7.804534e-01 4.888813e-01 3.897275e-01 2.415655e+01 0 9870415
-1.010761e+14 -1.431487e+14 -5.207494e+13 -9.857404e-01 -1.098405e-01 1.274793e-01 -2.032048e+01 0 3593245
-8.802397e+13 9.592171e+13 1.104990e+14 -4.646048e-01 4.759566e-01 7.467313e-01 4.705291e+00 0 6511209
-1.092039e+14 -2.384200e+13 -1.383723e+14 4.849386e-01 2.314886e-01 -8.433550e-01 -1.294443e+01 0 2197375
-2.001132e+13 1.506793e+14 7.939819e+13 5.008870e-01 8.618259e-01 -7.980204e-02 -1.418179e+01 0 209489
-4.512022e+13 6.765126e+13 1.524164e+14 -6.628918e-01 -6.723166e-02 7.456906e-01 -5.373038e+00 0 415371
-9.602496e+13 -1.401333e+14 -3.534075e+13 -5.062738e-01 -8.158991e-01 -2.792767e-01 -2.435687e+00 0 1417391
-6.778397e+13 1.273546e+14 -1.006150e+14 -1.711106e-01 2.399689e-01 -9.555815e-01 -1.767111e+01 0 11939825
1.497048e+14 8.729929e+13 6.146374e+13 2.710870e-01 8.138538e-01 5.139590e-01 -1.551463e+01 0 6415644
3.307237e+13 2.854554e+13 -1.906927e+14 -8.889511e-02 7.719022e-02 -9.930455e-01 -1.395545e+01 0 9471822
-4.238329e+13 -1.805479e+14 5.736985e+13 2.912561e-01 -7.458840e-01 5.990217e-01 -1.521867e+01 0 6117832
-9.774938e+13 5.545025e+13 -1.413600e+14 -7.959143e-01 4.218260e-01 -4.342617e-01 1.385435e+01 0 4265071
4.679026e+13 -7.371703e+13 -1.936770e+14 6.529407e-01 -1.977801e-02 -7.571507e-01 -1.681650e+01 0 1476925
-1.608866e+14 5.147607e+12 7.105829e+13 -7.777110e-01 -6.025596e-01 1.791297e-01 -9.460059e+00 0 2700142
1.148871e+14 -6.876727e+13 1.041570e+14 9.069741e-01 1.174432e-01 4.044812e-01 1.214538e+01 0 183953
9.788950e+12 -1.599639e+14 5.981468e+13 -6.097359e-01 -7.569573e-01 2.350272e-01 -1.041154e+01 0 11213568
5.462395e+12 2.980437e+13 1.681192e+14 6.777020e-01 1.931421e-01 7.095182e-01 -6.940981e+00 0 4133975
1.536965e+13 1.637506e+14 -4.799129e+13 2.538249e-01 8.958978e-01 -3.646094e-01 -1.449597e+01 0 630283
-8.178047e+13 -1.328985e+14 6.784364e+13 -9.699856e-01 1.005539e-01 -2.213975e-01 -9.325891e+00 0 596147
-1.192324e+14 -1.388101e+14 -1.032450e+13 -2.807323e-01 -9.543899e-01 1.016332e-01 -1.158224e+01 0 22783511
2.058202e+13 -1.383365e+14 -9.909885e+13 4.584554e-01 -8.873919e-01 4.852107e-02 -2.058285e+00 0 1015590
-9.516953e+13 -1.381181e+14 -8.210424e+13 -7.477273e-01 -5.179407e-01 -4.155013e-01 -1.737841e+01 0 20442526
4.371147e+13 -2.238810e+14 2.414807e+13 -1.183674e-01 -9.751977e-01 1.870256e-01 1.614679e+01 0 1211507
1.091506e+14 -6.316789e+13 1.156390e+14 2.355607e-01 2.347287e-01 9.430873e-01 -2.280657e+00 0 1
-1.453105e+14 1.753301e+13 -1.080192e+14 -8.675516e-01 -2.940423e-01 -4.011151e-01 -1.058280e+01 0 6578730
3.403398e+13 -1.935418e+13 -1.701647e+14 9.827920e-03 -5.526194e-01 -8.333758e-01 1.190611e+01 0 5090865
4.390146e+13 -1.542180e+14 6.154827e+13 5.888953e-01 -7.560748e-01 -2.855755e-01 -8.602135e+00 0 727098
-5.893052e+13 -1.591703e+14 -7.716114e+12 3.142830e-01 -7.147440e-01 -6.247938e-01 1.427218e+01 0 10235390
-4.507662e+13 1.581205e+14 4.934344e+13 5.725079e-01 7.362502e-01 3.607912e-01 -1.156232e+01 0 137207
-1.181183e+14 1.295941e+14 -1.376667e+14 -6.370211e-01 1.505904e-01 -7.559939e-01 -1.640581e+01 0 7509193
-1.202461e+14 -4.854401e+13 -1.197349e+14 -6.481983e-02 -9.128789e-01 -4.030516e-01 -8.825214e+00 0 7086355
-4.235584e+13 -4.383941e+13 -1.646641e+14 -3.707660e-01 -1.921985e-01 -9.086211e-01 8.721856e+00 0 241548
6.277465e+13 -4.869066e+13 -1.588445e+14 1.231667e-01 2.832154e-01 -9.511146e-01 1.298038e+01 0 4420225
-1.169240e+14 -1.222249e+14 3.060775e+13 -6.564777e-01 2.137857e-01 7.234174e-01 -2.293388e+01 0 10201948
1.634298e+14 -2.316630e+13 3.943269e+13 1.560146e-01 -9.148595e-01 3.724131e-01 -1.081614e+01 0 1455390
-1.079952e+14 1.078400e+12 -1.331983e+14 -9.407657e-01 -2.614093e-01 -2.159283e-01 -1.765020e+01 0 2373220
-1.701504e+14 -6.101336e+12 1.852298e+13 -8.653492e-01 4.108570e-01 2.869971e-01 1.056338e+01 0 639204
1.363326e+14 -9.711059e+13 3.501734e+13 8.048552e-01 -2.450877e-01 5.405000e-01 1.001386e+01 0 9951561
-4.055668e+13 1.504474e+14 -6.762985e+13 7.421004e-01 6.522632e-01 1.544012e-01 -1.077429e+01 0 222358
1.097226e+14 6.842059e+13 -1.130403e+14 8.670850e-01 -4.958761e-01 4.764974e-02 -1.416263e+01 0 19130852
2.695689e+13 3.593056e+13 1.724893e+14 6.210520e-01 2.842976e-01 7.303899e-01 -1.207508e+01 0 8421006
-8.889191e+13 1.315430e+14 -6.297734e+13 -3.331063e-01 9.414691e-01 -5.173220e-02 7.042614e+00 0 14128742
-1.703832e+14 -5.770509e+12 2.657315e+12 -7.313776e-01 -6.770201e-01 8.204008e-02 -3.392162e+00 0 1514055
-1.668785e+14 -2.606272e+13 1.032149e+14 -2.955545e-01 1.933120e-01 9.355629e-01 2.043161e+01 0 14030556
-1.211609e+14 -3.046774e+13 -1.196716e+14 -7.384844e-01 3.209047e-01 -5.930101e-01 1.037316e+01 0 122844
1.275221e+14 1.054657e+14 -4.061853e+13 8.634613e-01 5.014807e-01 -5.432942e-02 2.792399e+00 0 2662
-6.008679e+13 -1.224192e+14 1.051471e+14 4.335253e-01 -1.857406e-01 8.817915e-01 1.172312e+01 0 16029675
5.469376e+13 -1.350419e+14 1.258478e+14 -2.877674e-01 -9.350132e-01 2.072202e-01 -1.708769e+01 0 1486502
2.048584e+14 -1.293176e+13 3.887766e+13 9.539711e-01 -1.315841e-01 2.694898e-01 1.601082e+01 0 18336502
-1.291017e+14 1.300354e+14 3.889653e+13 -9.235115e-01 2.715454e-01 2.709052e-01 2.384068e+01 0 16153057
8.733235e+13 1.474807e+14 7.377873e+12 5.720442e-01 8.082447e-01 1.396635e-01 -1.019124e+01 0 4726443
-2.821137e+13 -1.354756e+14 9.866016e+13 2.810596e-01 -9.408334e-01 -1.893096e-01 -5.347529e+00 0 8
1.461596e+14 8.631167e+13 -5.793653e+12 -1.527426e-01 8.359253e-01 5.271609e-01 2.244529e+01 0 895903
-1.095661e+14 1.144269e+14 6.571508e+13 -5.148628e-01 2.496384e-01 8.201201e-01 1.715271e+01 0 999028
1.412065e+12 1.110193e+14 1.309163e+14 -3.294380e-01 6.054087e-01 7.245350e-01 1.148998e+01 0 566968
-2.665147e+13 1.700176e+14 4.175292e+13 -2.843854e-01 9.500232e-01 -1.287665e-01 1.068062e+01 0 11601672
1.375482e+14 -1.188946e+14 -4.183801e+13 3.334883e-01 -2.654250e-01 -9.046188e-01 -1.080884e+01 0 2094173
3.148317e+13 -1.629463e+14 -7.375157e+13 -1.152250e-01 -9.627341e-01 2.446756e-01 1.243979e+01 0 13882183
1.910848e+13 1.200596e+14 1.269342e+14 -8.417300e-01 8.706038e-02 5.328331e-01 1.825575e+01 0 7357031
-6.074243e+13 -1.384788e+14 8.156952e+13 -8.005317e-01 -2.500090e-01 5.446508e-01 4.745946e+00 0 7855968
8.608926e+12 -1.324216e+14 1.058608e+14 6.566781e-01 -6.048348e-01 4.504983e-01 7.975407e+00 0 13595863
-4.782920e+13 1.677690e+14 -3.525153e+13 -1.761218e-01 9.203610e-01 3.491659e-01 -1.536471e+01 0 428020
2.918490e+13 5.749677e+13 1.630377e+14 1.837814e-01 9.367288e-01 2.979322e-01 -1.979377e+01 0 8187938
1.515775e+14 -1.186550e+13 -8.690955e+13 9.470125e-01 2.592186e-01 1.896655e-01 -1.378111e+01 0 4070053
3.158938e+13 -1.307973e+14 -1.054607e+14 -7.182958e-01 -4.882425e-01 -4.956514e-01 6.664002e+00 0 397330
-2.487709e+14 2.714807e+13 -4.296439e+13 -9.532865e-01 2.004234e-01 -2.259983e-01 -1.698962e+01 0 497280
1.153029e+14 9.988210e+13 -7.635461e+13 8.090089e-01 -4.821649e-01 -3.361868e-01 2.572304e+00 0 2885010
-5.998665e+13 3.592640e+13 1.546339e+14 -7.056211e-01 7.042980e-01 7.786622e-02 6.631936e+00 0 1168117
-1.661431e+13 -1.519461e+14 -7.827362e+13 -7.793068e-01 -6.185892e-01 -1.001411e-01 2.264949e+00 0 9
-1.136222e+14 1.145644e+13 1.410231e+14 -8.462702e-01 -6.956669e-02 5.281924e-01 -1.891329e+01 0 777429
5.131225e+13 -1.357249e+14 -8.813134e+13 -1.011952e-01 -9.807015e-02 -9.900211e-01 4.883500e+00 0 2949645
-4.263018e+13 -1.066915e+14 -1.300988e+14 3.005199e-01 -2.806711e-01 -9.115435e-01 -8.952814e+00 0 2651249
-2.470467e+13 -6.557290e+13 1.618190e+14 -4.440981e-01 -5.375102e-01 7.168401e-01 7.393728e+00 0 6836760
8.530331e+13 -1.269378e+14 8.004098e+13 1.825015e-01 5.682106e-02 9.815623e-01 1.008674e+01 0 4123766
6.308398e+13 -1.549957e+14 -6.644372e+13 6.851323e-02 -8.120902e-01 5.794959e-01 1.291767e+01 0 11918009
-8.728691e+13 8.666860e+13 1.189381e+14 1.402266e-01 9.042550e-01 4.033106e-01 1.213136e+00 0 2177789
-1.069340e+14 1.607251e+14 4.343011e+13 -5.225413e-01 8.040887e-01 2.835348e-01 1.437311e+01 0 8293780
1.451133e+14 1.394771e+13 9.060267e+13 8.668853e-01 1.576913e-01 -4.729094e-01 -1.279678e+01 0 926339
-1.245549e+14 -1.166901e+14 6.800157e+13 -2.475276e-01 -9.611545e-01 1.221148e-01 -5.432490e+00 0 13509473
1.384874e+14 -8.087428e+13 5.670374e+13 5.705770e-01 2.492103e-01 7.825191e-01 -4.717513e+00 0 3681547
1.274305e+14 -9.326470e+13 -6.286969e+13 8.948467e-01 -2.378560e-01 3.777220e-01 1.396378e+01 0 5508046
8.531880e+12 -1.663179e+14 -4.232967e+13 -8.627348e-01 -4.369898e-01 -2.544180e-01 -2.201026e+01 0 11335036
1.279523e+14 -8.494531e+13 7.644369e+13 3.447355e-01 -5.467806e-01 7.630127e-01 6.479863e+00 0 5894935
7.869980e+12 -1.319916e+14 1.077343e+14 -5.039936e-01 -7.975391e-01 -3.315446e-01 7.955413e+00 0 1134402
-6.424830e+12 1.687052e+14 -1.171501e+14 -5.004106e-02 8.607191e-01 -5.066147e-01 -2.224177e+01 0 48767
-1.572214e+14 -1.649375e+13 -6.442340e+13 -8.278489e-01 9.489025e-02 -5.528671e-01 -9.111125e+00 0 5886734
-5.051557e+13 -1.638189e+14 2.933215e+13 -6.604863e-01 -7.502274e-01 3.027611e-02 5.051287e+00 0 2256126
-4.227135e+13 4.743700e+13 -1.579589e+14 -7.138282e-01 6.015346e-01 -3.586159e-01 -1.410623e+01 0 1622140
-8.007308e+13 -1.166964e+14 1.031719e+14 -8.430482e-01 -1.298570e-01 5.219262e-01 -1.202662e+01 0 897473
1.610838e+14 3.745511e+13 -3.980899e+13 8.359307e-01 -5.270936e-01 1.529452e-01 6.126681e+00 0 5750854
1.180338e+14 -1.056727e+14 -7.853334e+13 6.654892e-01 -3.831832e-01 -6.405425e-01 -1.332420e+01 0 1039794
5.534674e+12 4.619610e+13 -1.708502e+14 3.646890e-01 -3.644194e-01 -8.568550e-01 -1.444126e+01 0 1502607
2.515358e+13 2.467128e+13 2.124221e+14 -1.079629e-01 3.048822e-01 9.462510e-01 -1.512123e+01 0 5781968
1.381084e+13 2.073659e+14 7.672502e+12 4.077693e-01 9.055965e-01 1.167014e-01 9.897162e+00 0 12646596
-3.644228e+13 -1.799851e+14 -3.726310e+13 -2.704747e-01 -9.535292e-01 -1.327614e-01 -1.029103e+01 0 11605017
-9.125456e+13 1.361419e+14 -4.959731e+13 -2.730248e-01 6.853223e-02 -9.595628e-01 6.386065e+00 0 2106609
1.691978e+14 -1.218807e+13 4.756909e+12 3.674664e-01 -2.866843e-01 -8.847488e-01 7.573441e+00 0 15
-9.296030e+12 1.246698e+14 -1.170797e+14 1.683045e-01 -1.310094e-01 -9.769903e-01 -1.120322e+01 0 2057408
-4.478391e+13 9.523619e+13 -1.332768e+14 -1.499023e-01 9.108416e-01 -3.845736e-01 -8.753122e+00 0 134636
-8.968396e+13 1.392886e+14 3.709247e+13 -7.216878e-01 4.326149e-01 5.403804e-01 6.140985e+00 0 238258
-1.446073e+14 -6.888783e+13 -6.387060e+13 -7.702768e-01 -6.355729e-01 -5.216141e-02 -1.523291e+01 0 510966
-7.411410e+13 -1.480023e+14 4.204074e+13 -8.055186e-01 -3.908854e-01 -4.453632e-01 3.465253e+00 0 31762
1.253247e+14 -1.117106e+14 -3.159081e+13 8.340069e-01 -3.672882e-01 -4.117425e-01 -4.764316e+00 0 440217
-1.159730e+14 -1.659038e+13 1.234209e+14 -6.189320e-02 4.517219e-03 9.980726e-01 2.683415e+01 0 9104662
-9.265439e+13 1.563984e+14 -2.679731e+13 8.361829e-02 9.127363e-01 -3.999005e-01 -1.162778e+01 0 32193908
-1.641287e+14 5.193779e+13 -7.320995e+12 -7.034434e-01 -5.993230e-01 3.820724e-01 2.791413e+01 0 150782
-1.666547e+14 3.677631e+13 2.994710e+13 -9.795759e-01 -3.768352e-02 1.975120e-01 1.696530e+01 0 25796673
1.400281e+14 4.991188e+13 9.388509e+13 8.043216e-01 2.084526e-01 5.564300e-01 -2.500719e+01 0 498876
-1.051802e+14 3.195414e+13 1.294748e+14 -6.813418e-01 -5.181249e-02 7.301293e-01 -3.234443e+00 0 1730520
1.428486e+13 -6.891068e+13 -1.577929e+14 8.604533e-01 2.012750e-02 -5.091316e-01 8.877947e+00 0 4395264
-1.620895e+14 -2.596233e+13 4.466181e+13 -8.480061e-01 3.911779e-01 -3.575829e-01 2.646609e+00 0 1699053
-1.091151e+14 3.515469e+13 -1.254310e+14 -5.975041e-01 4.016528e-01 -6.940201e-01 4.936060e+00 0 402192
-7.927590e+13 1.470385e+14 3.639463e+13 -3.917462e-01 9.125054e-01 -1.177657e-01 -7.147374e+00 0 4
-1.381593e+13 -7.850172e+13 -1.558536e+14 -3.959253e-01 -9.089623e-01 -1.305019e-01 -1.490969e+01 0 1305404
-4.872966e+13 -1.619923e+14 -1.575903e+13 -4.177043e-01 -8.180544e-01 3.953607e-01 7.136490e+00 0 1450102
-3.112431e+12 -1.679136e+14 -2.445829e+13 1.359539e-01 -9.217700e-01 3.631205e-01 -3.037634e+00 0 12045364
1.411857e+14 6.303193e+13 8.112897e+13 3.053182e-01 4.086782e-01 8.600947e-01 -5.957599e+00 0 2058684
-2.764633e+12 1.202969e+14 1.402877e+14 2.406911e-02 -3.090215e-01 9.507505e-01 1.316868e+01 0 1915010
-1.566716e+14 -1.379177e+14 8.301254e+13 -5.612275e-01 -6.226445e-01 5.452866e-01 2.623393e+01 0 916463
1.667031e+14 -4.927739e+13 1.941701e+13 6.234904e-01 1.226192e-01 7.721556e-01 -1.519383e+01 0 7850421
1.516627e+14 -7.162124e+13 2.999942e+13 3.315816e-01 -9.362396e-01 1.162282e-01 8.235349e+00 0 18
4.761129e+13 -1.123428e+14 1.185664e+14 2.224738e-01 -5.364107e-01 8.141062e-01 3.432964e+00 0 305236
-8.800893e+13 2.204400e+14 7.085826e+13 -4.555636e-02 8.610398e-01 5.064930e-01 -1.680809e+01 0 494005
-6.149491e+13 -2.406745e+14 4.780153e+13 -1.742522e-01 -9.767244e-01 -1.250822e-01 -1.701642e+01 0 10603404
1.198777e+14 -5.671731e+13 1.062974e+14 7.064197e-01 -3.601169e-01 -6.093332e-01 1.541119e+01 0 7937513
1.399428e+14 -3.153776e+13 1.134682e+14 4.332074e-01 -4.136774e-01 8.007511e-01 -1.072778e+01 0 947070
1.351563e+14 2.557866e+13 1.062191e+14 7.419963e-01 -4.652621e-01 4.826724e-01 4.896959e+00 0 1800262
3.956571e+13 -5.794403e+13 1.578748e+14 8.159735e-01 4.101209e-01 4.074163e-01 1.347766e+01 0 1880210
1.871582e+14 -3.207428e+13 -2.684362e+13 5.688153e-01 -2.755795e-01 -7.749227e-01 -1.607253e+01 0 33389662
1.379824e+13 1.444253e+14 -8.846263e+13 -6.210485e-01 4.330021e-01 -6.533054e-01 8.467006e+00 0 149399
-1.181926e+14 1.003528e+14 6.928159e+13 -4.116095e-01 2.232696e-01 8.835883e-01 -1.976624e+01 0 13297947
7.297184e+13 1.426771e+14 5.614055e+13 2.173225e-01 1.245591e-01 9.681198e-01 9.626909e+00 0 1358589
1.090735e+14 -1.517864e+14 -8.261475e+13 6.799931e-02 -9.374483e-01 -3.414186e-01 -2.877774e+01 0 4349735
1.858869e+14 6.310867e+13 8.451247e+13 4.997459e-01 7.709253e-01 3.948775e-01 -1.553405e+01 0 9529239
1.211365e+14 -1.037335e+14 -5.895262e+13 3.761452e-01 -8.384457e-01 -3.943649e-01 1.325640e-01 0 528846
2.198436e+13 1.460791e+14 8.722477e+13 -1.400098e-01 9.901493e-01 1.310569e-03 7.861193e+00 0 5612658
-9.062828e+13 2.562796e+13 1.425055e+14 8.399494e-03 8.138005e-01 5.810836e-01 8.936116e+00 0 4228577
1.840183e+13 6.707176e+13 1.553455e+14 -2.810874e-01 -6.688334e-01 6.882236e-01 4.320501e+00 0 61276
-1.083175e+14 -1.378024e+14 -3.265626e+13 -3.557613e-01 -9.295813e-01 9.650128e-02 -6.039955e+00 0 2083293
1.714235e+14 5.576363e+13 3.094129e+13 8.710454e-01 -3.084885e-01 3.822495e-01 1.125327e+01 0 1074506
9.881297e+13 -8.403532e+11 -1.831727e+14 4.130432e-01 1.074193e-01 -9.043541e-01 2.349910e+01 0 8371253
1.242452e+12 -1.101644e+14 1.318774e+14 8.860987e-01 2.154536e-01 4.103765e-01 1.266964e+01 0 1473914
1.040937e+14 -1.091622e+14 -9.223938e+13 5.730689e-01 -2.753153e-01 -7.718766e-01 1.201312e+01 0 703082
-6.101057e+13 -9.970457e+13 1.441494e+14 -8.722124e-01 -8.159814e-02 4.822731e-01 1.227240e+01 0 1315447
-7.417017e+13 1.086084e+14 1.070956e+14 -2.676814e-01 7.378976e-01 6.195594e-01 -8.427318e-02 0 8569
-7.199756e+13 2.249547e+13 -1.761569e+14 1.573983e-01 8.355992e-01 -5.263077e-01 -2.319622e+01 0 505404
-5.153027e+13 1.208818e+14 1.072820e+14 8.537559e-01 5.141394e-01 8.222813e-02 -1.146818e+00 0 139932
-3.787885e+13 -1.147633e+14 -1.256827e+14 3.969324e-01 -7.326544e-02 -9.149190e-01 -7.850960e+00 0 3744334
-9.054062e+12 -3.296176e+13 1.730064e+14 -7.589480e-01 -4.806199e-01 4.393204e-01 9.142033e+00 0 5796460
-1.306873e+12 -7.694795e+13 1.568414e+14 6.562354e-01 1.977012e-01 7.281960e-01 -8.126578e+00 0 3065756
-1.080068e+14 -1.171725e+14 -6.611552e+13 1.538171e-01 -9.323002e-01 -3.273479e-01 -2.418455e+00 0 3943217
-8.193244e+13 -7.187378e+13 1.325501e+14 -4.528597e-01 -8.241867e-01 3.400505e-01 8.337806e+00 0 5721670
-1.340031e+13 -1.537674e+14 8.278746e+13 -1.668304e-01 -6.749540e-01 7.187521e-01 -1.634073e+01 0 5433149
2.523489e+13 -9.157025e+13 1.515342e+14 3.334800e-01 -8.391979e-01 4.295789e-01 -1.655372e+01 0 4444442
-3.985737e+13 9.301887e+13 1.383766e+14 -8.921776e-01 3.764237e-01 -2.496483e-01 -6.539975e+00 0 13380969
-1.213972e+14 -4.633899e+13 -1.167557e+14 -7.143132e-01 -4.130731e-01 -5.649135e-01 6.974220e+00 0 2388520
1.354537e+14 -8.035252e+13 -6.368204e+13 5.563854e-01 -2.600253e-01 7.891908e-01 4.565818e+00 0 2330500
9.284674e+13 -4.913321e+12 -1.473995e+14 3.444005e-01 -7.370632e-01 -5.814861e-01 9.264384e+00 0 7368819
1.107893e+14 1.112580e+14 -6.866606e+13 2.039969e-02 2.674614e-01 -9.633526e-01 1.031016e+01 0 5184778
4.072540e+13 8.920539e+13 1.656501e+14 -2.228851e-01 7.155483e-01 6.620520e-01 1.754354e+01 0 1145629
-1.030703e+14 -1.172641e+14 -7.078600e+13 -1.732242e-01 -2.448037e-01 -9.539730e-01 -1.373591e+01 0 4265507
-6.914336e+13 -4.789263e+13 -1.581760e+14 -9.021527e-01 -2.899699e-01 -3.194337e-01 -1.329551e+01 0 632673
-1.226045e+14 1.058241e+14 -7.578179e+13 -3.269233e-01 9.379790e-01 -1.153976e-01 1.132747e+01 0 3803382
3.406584e+13 -1.494974e+14 -7.252436e+13 -5.005613e-01 -4.510936e-01 -7.388863e-01 4.803774e+00 0 3457120
2.593965e+13 1.015289e+14 1.445186e+14 -2.037397e-02 7.659330e-01 6.425975e-01 1.281633e+01 0 8026619
1.409330e+14 -8.488277e+12 9.744330e+13 9.419329e-01 -3.241434e-01 8.771295e-02 1.462673e+01 0 4196578
1.491209e+14 7.168776e+13 -4.023429e+13 5.572513e-01 1.708682e-01 -8.125731e-01 -6.684785e+00 0 6039876
-5.688620e+13 1.621723e+14 5.057288e+13 -8.292395e-01 3.237758e-01 -4.555558e-01 -1.184556e+01 0 44797
-1.271949e+14 5.346837e+13 1.045235e+14 -9.022746e-01 -8.906642e-02 4.218622e-01 1.377222e+01 0 3613877
6.695796e+13 -9.179355e+13 -1.294029e+14 7.115271e-01 -4.894793e-01 -5.041222e-01 2.099692e+01 0 6218697
9.467383e+13 -8.493742e+13 1.132246e+14 7.214669e-01 -6.236732e-01 -3.008607e-01 -4.977585e+00 0 10801326
-1.185402e+14 5.127169e+13 1.175362e+14 -6.218032e-01 3.758039e-01 6.871188e-01 -1.484885e+01 0 4999749
3.967652e+13 -6.052881e+12 -1.674621e+14 -3.292298e-02 -6.545193e-01 -7.553281e-01 1.239116e+01 0 346470
1.480812e+14 9.390060e+13 -3.227901e+12 5.604473e-01 8.185000e-01 -1.263194e-01 -2.726501e+00 0 246845
3.614512e+13 -9.460782e+13 -1.580147e+14 8.452053e-02 -8.580777e-01 -5.065166e-01 -1.946608e+01 0 6284181
-1.316674e+14 -1.465108e+14 -5.592573e+12 -7.462242e-02 -8.432487e-01 5.323186e-01 -1.137603e+01 0 11031238
-8.392654e+13 -6.849500e+13 1.394740e+14 7.181460e-03 1.525818e-01 9.882648e-01 1.458445e+01 0 2991134
-1.696278e+14 -2.465733e+12 6.330072e+12 -6.025112e-01 -7.391097e-01 -3.011597e-01 1.521793e+01 0 61592
-1.821077e+14 1.412174e+13 -2.194098e+12 -9.882166e-01 8.160613e-02 1.294926e-01 -2.258143e+01 0 817408
1.503245e+14 7.976628e+13 1.283393e+13 8.374493e-01 4.714280e-01 2.764674e-01 6.264162e+00 0 2174906
1.013067e+14 1.221638e+14 1.317025e+14 3.728480e-02 9.422832e-01 3.327344e-01 2.641306e+01 0 778533
1.248831e+14 8.344994e+13 -7.878470e+13 5.161521e-01 8.520678e-01 -8.699058e-02 -5.003202e+00 0 4929286
1.202726e+14 -9.057560e+13 -7.892515e+13 9.808784e-01 -1.206707e-01 1.526964e-01 -1.460393e+00 0 8791839
1.518480e+14 -8.660965e+13 3.122191e+12 6.314787e-01 -7.738613e-01 -4.871694e-02 5.496018e+00 0 3382291
1.359378e+14 -9.497104e+12 1.388940e+14 2.833498e-01 -7.240800e-01 6.288251e-01 1.478596e+01 0 2380181
1.668808e+14 -3.274164e+13 1.983614e+13 9.367380e-01 -8.772249e-02 3.388610e-01 1.112350e+01 0 552333
1.439010e+14 -8.625891e+13 -2.713472e+13 5.783490e-01 -4.714492e-01 6.657688e-01 -3.830281e+00 0 122932
1.808012e+14 4.371289e+13 -4.077055e+13 7.037057e-01 5.189373e-01 -4.852858e-01 -1.258153e+01 0 4667265
-9.341409e+13 -1.437392e+14 4.614684e+13 -8.207066e-01 -3.514302e-01 4.504858e-01 7.305587e+00 0 8858302
-4.349233e+13 1.173178e+14 1.170548e+14 1.896317e-02 2.829960e-01 9.589336e-01 4.088658e+00 0 2742560
1.166140e+14 -1.318173e+14 6.719099e+12 6.583012e-01 -7.359647e-01 -1.580998e-01 -1.131358e+01 0 9972197
7.648687e+13 9.597395e+13 1.173727e+14 9.622960e-01 -2.297383e-01 -1.456255e-01 8.908913e+00 0 502679
1.095816e+14 1.329734e+14 3.631085e+13 -1.327657e-01 9.883948e-01 7.381791e-02 -4.541580e+00 0 2851463
-1.204859e+14 -9.629846e+13 -8.874037e+13 -3.335785e-01 -9.421194e-01 3.371006e-02 -1.157016e+01 0 6508083
3.342524e+12 4.372770e+13 1.840874e+14 -4.155183e-01 1.631015e-01 8.948421e-01 -1.491994e+01 0 5580812
1.491710e+14 -7.304964e+13 -4.431856e+13 8.135541e-01 -3.376099e-01 -4.734441e-01 -3.046585e+00 0 1185627
3.019627e+13 1.636291e+14 -1.317493e+14 3.317696e-01 3.932236e-01 -8.574988e-01 2.000157e+01 0 8881180
-1.433112e+14 -8.053077e+13 5.704595e+13 -1.862993e-01 -9.700735e-01 1.557243e-01 -4.965068e+00 0 18397952
-1.525467e+14 -1.175712e+14 -1.199752e+13 -5.828578e-01 -8.109828e-01 -5.083026e-02 1.437779e+01 0 2538239
-6.837320e+12 2.117830e+14 5.299761e+13 -4.545706e-03 9.711466e-01 2.384401e-01 -2.012253e+01 0 16277020
5.392820e+13 1.322331e+14 -9.169282e+13 -3.235062e-01 2.706213e-01 -9.067016e-01 -4.076213e+00 0 5
-1.239327e+14 9.784968e+13 -6.418066e+13 3.367707e-01 9.339465e-01 1.197052e-01 5.523410e+00 0 2682018
-1.048378e+14 8.160847e+13 -1.109581e+14 -6.584992e-01 7.485165e-01 7.811458e-02 -9.266018e+00 0 2017410
-1.264192e+14 -1.121715e+14 -1.787406e+13 -7.979736e-01 -5.723277e-01 -1.888891e-01 1.228913e+01 0 12193621
8.686610e+13 -1.719849e+14 5.209733e+12 1.440510e-01 -8.551786e-01 -4.979146e-01 -1.942558e+01 0 636670
4.006252e+13 -1.331133e+14 1.098018e+14 -1.058166e-01 -9.895149e-01 9.830067e-02 -1.547060e+01 0 42037603
3.225715e+13 5.776682e+13 1.565963e+14 2.081974e-01 -1.216074e-01 9.704976e-01 -1.303582e+01 0 6163346
1.864097e+14 1.953497e+12 -3.690950e+13 7.298937e-01 6.757232e-01 -1.032154e-01 -1.170998e+01 0 3654892
-3.166056e+13 -1.125919e+14 1.234485e+14 3.069541e-01 -8.806971e-01 -3.607656e-01 5.966969e+00 0 181408
8.836165e+12 -1.702534e+14 1.770211e+13 -1.801616e-01 -9.731577e-01 -1.431990e-01 1.334098e+01 0 9876859
-1.150609e+14 7.843745e+13 1.001248e+14 2.362714e-01 7.996714e-01 5.519977e-01 -1.131065e+01 0 5215450
-9.989176e+13 -5.964565e+13 1.278309e+14 3.328486e-01 -9.076678e-01 2.556382e-01 -1.096290e+01 0 5786361
2.619900e+13 3.430445e+12 1.684066e+14 -3.276661e-01 6.349535e-01 6.996206e-01 1.497558e+01 0 660397
-1.881501e+14 7.597323e+12 9.315602e+13 -9.972747e-01 -7.306930e-02 1.019895e-02 -1.714769e+01 0 5004168
1.210899e+14 1.565798e+14 -4.244510e+13 8.160976e-01 5.384065e-01 2.100077e-01 -2.317631e+01 0 7140146
-3.028499e+13 1.174935e+14 1.205414e+14 -3.178846e-01 2.817592e-01 9.052962e-01 -4.272004e+00 0 1054055
-1.393257e+14 8.111854e+13 5.382641e+13 -6.667599e-01 6.978340e-01 2.616468e-01 4.539994e-01 0 62504
-9.980489e+13 -1.385338e+14 2.086714e+13 -7.929751e-01 1.660587e-01 5.861869e-01 -2.331115e+01 0 1595644
1.267130e+14 4.445001e+13 1.251253e+14 9.759857e-01 1.233785e-01 -1.795263e-01 1.040831e+01 0 1739121
-1.031162e+14 1.526992e+14 -1.055679e+13 -2.806510e-01 7.324824e-01 -6.202455e-01 -2.242235e+01 0 22480338
7.238896e+12 -6.770644e+13 -1.582437e+14 -4.196499e-01 3.699137e-01 -8.288895e-01 -1.939885e+01 0 4134825
-1.251479e+14 1.576350e+13 1.289580e+14 -8.720838e-01 4.434720e-01 -2.068873e-01 -2.180415e+01 0 21597326
9.189416e+13 -1.379765e+14 -4.896859e+13 -1.734531e-03 -9.734185e-01 2.290273e-01 1.600495e+01 0 3064106
-9.876272e+13 -8.540579e+12 1.539350e+14 -8.495700e-01 -4.408041e-01 2.896940e-01 -9.205117e+00 0 2547707
-8.974942e+13 -2.405853e+13 1.514022e+14 -8.793626e-01 -7.395662e-03 4.760952e-01 9.992140e+00 0 1350879
1.544943e+14 6.759377e+13 -3.852463e+13 8.928389e-01 -4.476215e-01 4.973528e-02 4.944065e+00 0 15317359
1.640937e+14 -6.075418e+13 -1.370228e+13 7.663831e-01 -5.280469e-01 -3.658188e-01 1.342056e+01 0 19181142
-1.240137e+14 5.110811e+13 -1.107682e+14 -6.788003e-01 -2.529147e-01 -6.893942e-01 -6.209265e+00 0 17223677
1.105785e+14 -3.504641e+13 -1.771561e+14 4.900475e-01 -1.011030e-01 -8.658127e-01 1.994246e+01 0 2430556
-1.263421e+13 -1.025852e+14 1.375405e+14 -2.351396e-01 -9.506929e-01 2.022188e-01 7.818045e+00 0 127707
-2.560158e+13 2.077066e+14 1.984906e+14 -3.311459e-01 5.488953e-01 7.675001e-01 2.645877e+01 0 20514931
1.156542e+14 -9.052950e+12 1.277514e+14 2.547317e-01 3.173350e-01 9.134606e-01 -3.771304e+00 0 15652052
1.602971e+14 5.902258e+13 2.376719e+12 1.313196e-01 9.843915e-01 -1.171687e-01 1.449943e+01 0 5646078
-1.624971e+14 -6.059406e+13 -1.644804e+13 -3.390841e-01 -9.376378e-01 -7.653298e-02 -9.804587e+00 0 23043674
8.380873e+13 7.025567e+13 1.416730e+14 6.302677e-01 7.476874e-01 2.091079e-01 1.639642e+01 0 16333470
-4.555434e+13 -1.677897e+13 1.627080e+14 -8.204471e-01 -5.206592e-01 2.361791e-01 -9.164531e+00 0 4933034
-4.142592e+13 -7.596250e+13 1.474317e+14 -2.927958e-01 2.748144e-01 9.158317e-01 -7.916677e+00 0 1054765
-7.154710e+12 -4.457905e+13 -1.659344e+14 4.772483e-01 -4.644382e-01 -7.460102e-01 -3.514575e+00 0 308777
-1.416650e+14 1.119508e+14 4.206349e+13 -9.350261e-01 1.822185e-01 3.041753e-01 1.879465e+01 0 2047136
-1.233626e+14 4.172891e+13 -1.090237e+14 -5.538809e-01 5.410676e-01 -6.328205e-01 2.259307e+00 0 3001519
-4.158428e+13 2.003684e+14 1.085658e+13 -5.125452e-01 7.934189e-01 -3.283045e-01 -1.106631e+01 0 5813562
-1.369180e+13 -1.021644e+14 -1.497018e+14 -5.219623e-01 -7.258100e-01 -4.480573e-01 1.285285e+01 0 3085885
-1.624505e+14 -1.913150e+13 -4.616952e+13 -8.295957e-01 -3.095662e-01 4.646933e-01 -2.328791e+00 0 2488113
1.543935e+14 7.525283e+13 8.801135e+12 6.967464e-01 2.240121e-01 6.814419e-01 1.183932e+01 0 14332103
-1.132772e+14 -1.281021e+14 -6.722086e+11 -8.940989e-01 -3.383962e-01 2.933858e-01 3.926160e+00 0 2123076
-1.086533e+14 -1.313631e+14 4.957937e+12 2.674598e-01 -9.560215e-01 -1.203669e-01 -3.135196e+00 0 7303748
4.859516e+13 -1.285355e+14 -9.953600e+13 1.748117e-01 -3.174970e-01 -9.320067e-01 -1.517901e+01 0 6816760
4.831501e+13 -1.542759e+14 -8.949560e+13 6.564760e-01 -7.542448e-01 1.241365e-02 -1.610001e+01 0 2902243
5.586856e+13 -6.609977e+13 2.403999e+14 5.876588e-01 -3.538382e-01 7.276370e-01 -2.228726e+01 0 8263256
-6.349099e+13 -2.254290e+13 -1.567613e+14 -7.291662e-01 -6.771463e-01 9.894242e-02 -8.187165e+00 0 552389
-6.505626e+13 1.664244e+14 -4.565267e+13 -9.779012e-01 1.843282e-01 -9.865281e-02 2.105381e+01 0 2950790
1.634199e+14 1.087620e+13 -5.728810e+13 7.287581e-01 4.139105e-01 5.455179e-01 -1.003294e+01 0 4507097
1.140992e+14 -2.997514e+13 1.244271e+14 8.969052e-01 -3.159893e-01 3.093732e-01 1.990464e+00 0 61468
-3.151642e+13 -8.592956e+13 -1.524915e+14 4.936689e-01 -2.560143e-01 -8.311123e-01 1.731833e+01 0 10356819
-1.215013e+14 -1.419325e+14 -1.230874e+13 -8.771180e-01 -3.249838e-01 3.536235e-01 -1.700151e+01 0 4358755
7.497672e+11 -5.437616e+13 -1.613065e+14 3.221015e-01 -4.739152e-01 -8.195456e-01 5.506912e+00 0 252648
-1.227050e+14 1.432465e+14 -2.380054e+13 -2.598859e-01 5.373808e-01 -8.022974e-01 1.509789e+01 0 10346024
8.504413e+13 -1.322529e+14 7.197759e+13 6.575349e-01 -6.015508e-01 -4.536347e-01 -1.022236e+01 0 633998
-6.446235e+13 -6.604288e+12 -1.571295e+14 -1.430472e-01 9.077669e-01 -3.943308e-01 -1.163029e+01 0 1061036
-7.567011e+13 1.884878e+13 -1.509451e+14 -6.042091e-01 2.766880e-01 -7.472450e-01 -1.182595e+01 0 1322119
-6.834152e+13 -5.685263e+13 1.478001e+14 -4.223435e-01 5.392501e-01 7.285844e-01 1.186878e+01 0 11824036
8.089846e+13 -8.897331e+13 1.197845e+14 9.360692e-01 -1.990305e-01 2.901058e-01 -1.555325e+00 0 1512779
1.530982e+14 7.746624e+13 6.706478e+13 8.706458e-01 -1.868530e-01 4.550404e-01 -1.843486e+01 0 713174
3.474039e+13 -1.252989e+14 1.177007e+14 8.873858e-01 -4.555129e-01 7.109519e-02 -1.200308e+01 0 2368165
1.494664e+13 -1.385189e+14 -9.705402e+13 -7.917346e-01 -5.532627e-01 -2.589531e-01 2.239637e+00 0 3331219
6.734012e+13 6.842651e+13 1.449400e+14 7.539913e-01 3.090253e-01 5.796554e-01 1.622384e+01 0 19848399
7.209133e+13 1.653774e+14 6.041804e+12 -5.683114e-03 9.099183e-01 -4.147487e-01 -1.119893e+01 0 1373674
-1.074930e+14 1.275328e+14 8.239351e+13 -3.406740e-02 8.808314e-01 4.722028e-01 -1.995346e+01 0 7029251
-1.042253e+14 -1.384611e+14 2.318168e+12 -2.329826e-02 -7.581868e-01 6.516210e-01 1.059459e+01 0 3269290
4.773929e+13 -1.500610e+14 1.030165e+14 1.434241e-01 -4.734243e-01 8.690794e-01 1.474343e+01 0 8887787
-8.638192e+13 -1.738495e+14 -8.669556e+13 2.420711e-02 -9.995698e-01 1.655827e-02 1.981476e+01 0 30781157
8.669469e+13 -8.203863e+13 1.342286e+14 8.613431e-01 -1.834156e-01 4.737582e-01 1.574497e+01 0 3777395
-1.378180e+14 5.975190e+13 -1.053046e+14 -6.775960e-01 6.835127e-01 -2.714298e-01 -1.605016e+01 0 1308155
5.289470e+12 -1.702567e+14 -5.114106e+12 -2.143799e-01 -8.272648e-01 -5.193016e-01 3.349738e+00 0 770894
-4.437110e+13 -5.360492e+13 1.650552e+14 -1.401399e-01 -4.128460e-01 8.999550e-01 1.322662e+01 0 371801
3.827345e+13 -1.148208e+14 1.401323e+14 2.323659e-01 -9.044361e-01 3.577730e-01 1.649007e+01 0 3020023
8.416113e+12 9.787811e+13 1.407063e+14 6.567108e-01 6.350456e-01 4.067531e-01 -1.631197e+01 0 2534188
-1.617146e+13 -2.505889e+12 1.706500e+14 2.461741e-01 -2.145435e-02 9.689882e-01 -1.027192e+01 0 5756535
1.213714e+13 -1.291724e+13 -1.704998e+14 2.972054e-01 -4.208029e-01 -8.570845e-01 9.335143e+00 0 814645
-1.680098e+13 1.238999e+14 1.211890e+14 7.289065e-02 7.924572e-01 6.055564e-01 1.032423e+01 0 1694603
-1.562026e+14 -1.401810e+13 7.424384e+13 -8.949505e-01 2.513461e-01 -3.686309e-01 -1.302376e+01 0 35791
1.142700e+14 -7.501691e+13 -1.012456e+14 8.851211e-01 -3.167161e-01 3.409567e-01 1.329231e+01 0 1007455
-1.447947e+14 7.036471e+13 5.892422e+13 -6.170278e-01 7.410653e-01 2.647621e-01 -7.972419e+00 0 28567719
-9.592183e+13 -5.098265e+12 -1.400652e+14 -6.722285e-01 7.303563e-01 -1.211961e-01 -9.525047e+00 0 46095
1.035850e+14 -1.952541e+14 5.797086e+13 3.810188e-01 -9.072008e-01 -1.783577e-01 -2.072894e+01 0 6245774
2.850472e+13 7.056748e+13 -1.743767e+14 6.044549e-01 5.025120e-01 -6.181553e-01 2.269954e+01 0 9734625
4.095352e+12 -2.178714e+13 -1.687386e+14 3.609180e-01 1.844934e-01 -9.141665e-01 -6.783751e+00 0 4619030
-1.558953e+14 -3.413652e+13 -6.527115e+13 -4.933423e-01 -8.013920e-01 -3.382075e-01 1.340140e+01 0 4787100
-6.274410e+12 9.051277e+13 -1.434920e+14 -9.306776e-01 -2.154221e-01 -2.956900e-01 -2.973916e+00 0 499892
-1.219366e+14 -3.348679e+13 1.174264e+14 -1.408405e-01 3.348958e-01 9.316699e-01 -1.996598e+01 0 7617
9.551561e+13 1.643081e+14 3.255846e+13 4.163295e-01 7.093352e-01 -5.687823e-01 -1.939017e+01 0 5352370
-2.252687e+12 -1.123053e+14 1.410745e+14 5.803991e-01 -3.411468e-01 7.394293e-01 2.358287e+01 0 252005
-8.307242e+13 1.314721e+14 6.930467e+13 -6.642334e-01 6.729668e-01 3.254376e-01 -3.876993e+00 0 4
1.518130e+14 -4.404187e+13 -6.191906e+13 9.076672e-01 1.746575e-01 -3.816216e-01 7.400691e+00 0 347471
2.148405e+13 1.726753e+14 -6.462865e+12 1.670216e-01 8.807370e-01 -4.431773e-01 1.665130e+01 0 1614687
6.089946e+13 1.497442e+14 5.404581e+13 -5.994435e-01 7.548306e-01 2.662674e-01 -5.256284e-01 0 1505452
-5.313323e+13 -1.078269e+14 -1.222191e+14 3.728921e-01 -8.465385e-01 -3.798999e-01 -3.390922e+00 0 320648
-1.070356e+14 1.095696e+14 8.556570e+13 -8.481725e-01 -2.664446e-01 4.578327e-01 1.619950e+01 0 6943330
5.410948e+13 -6.942681e+13 1.519343e+14 5.227098e-02 -3.961652e-01 9.166902e-01 1.839865e+01 0 16329872
1.179732e+14 -7.576860e+13 1.022723e+14 1.847508e-01 -5.721053e-01 7.991012e-01 -9.861914e+00 0 17580
1.380476e+14 2.800513e+13 9.553681e+13 6.708789e-01 4.533852e-01 5.868248e-01 6.774997e+00 0 5646491
-3.749262e+11 -1.780923e+14 1.059143e+14 -9.020509e-02 -8.432130e-01 5.299574e-01 1.720886e+01 0 6909885
7.665369e+13 -1.104859e+13 -1.520728e+14 -6.780512e-02 2.434994e-01 -9.675280e-01 6.715486e+00 0 24352266
-1.743284e+14 1.221538e+14 3.795579e+13 -4.570677e-01 8.286899e-01 3.230514e-01 1.366669e+01 0 1369081
-1.136244e+14 -1.247643e+14 3.154247e+13 -6.894860e-01 -1.868960e-01 -6.997706e-01 2.101258e+00 0 9884893
-1.710981e+14 -6.684701e+11 3.214404e+13 -5.674236e-01 -1.891393e-01 -8.014092e-01 1.007043e+01 0 827069
-1.586663e+14 5.191809e+13 3.377053e+13 -7.018667e-01 5.966657e-01 -3.890671e-01 -2.148274e+01 0 2871233
4.248489e+13 -1.874747e+14 -2.883662e+13 -4.798626e-01 -8.753345e-01 -5.934216e-02 1.484483e+01 0 2366883
-1.479949e+14 -5.962423e+13 7.968293e+13 -8.330768e-01 -3.906553e-01 3.916267e-01 2.065793e+01 0 1874017
-1.446006e+14 9.682798e+13 4.472804e+12 -8.993919e-01 3.902213e-01 -1.970318e-01 -6.705860e+00 0 1987844
-1.495710e+14 -7.583940e+13 2.671807e+13 -6.095091e-01 -7.087068e-01 -3.552932e-01 -5.104694e+00 0 3760871
2.488024e+13 1.171965e+14 -1.308131e+14 -3.788333e-01 8.957553e-01 -2.326108e-01 -9.521718e+00 0 94371
-2.801955e+13 1.368470e+14 -9.625198e+13 -3.025461e-01 8.744705e-01 -3.791665e-01 -1.384088e+00 0 7409253
-1.354916e+14 7.743452e+13 -7.174672e+13 -7.505149e-01 -3.667594e-02 6.598350e-01 1.490690e+01 0 2990851
1.396401e+14 6.272760e+13 -7.752645e+13 5.906303e-01 7.734474e-01 2.300758e-01 -9.274517e+00 0 29198
-7.047367e+13 1.358140e+14 7.332299e+13 -6.891325e-01 1.074607e-01 7.166231e-01 -4.431307e+00 0 5151401
9.025827e+13 6.511368e+13 -1.345685e+14 9.429168e-01 1.374693e-01 -3.033315e-01 -9.124735e+00 0 5192182
1.098451e+14 1.260602e+14 -2.851400e+13 4.561245e-01 -9.234884e-02 8.851114e-01 7.351640e+00 0 911476
1.113207e+13 -1.506686e+14 -8.587454e+13 6.123992e-02 -7.619663e-01 -6.447147e-01 -9.241613e+00 0 24059681
1.053718e+14 -1.333649e+14 1.317361e+13 1.851163e-01 -8.937149e-01 4.086633e-01 5.174028e+00 0 5783172
-8.943024e+13 -1.232387e+14 8.431511e+13 -5.946266e-01 -8.016275e-01 -6.174681e-02 -1.964952e+01 0 1737922
-1.194354e+14 5.510200e+12 -1.204705e+14 3.203638e-01 -1.621977e-01 -9.333054e-01 -5.006532e+00 0 5628844
1.507507e+14 4.641691e+13 -6.788358e+13 6.091615e-01 -2.745069e-01 -7.440216e-01 -8.790292e+00 0 1160524
