# 781
6.060833e+13 -2.997050e+13 -1.507782e+14 8.934542e-02 -3.520443e-01 9.317093e-01 0.000000e+00 1
-4.907437e+13 -3.780705e+13 9.546288e+13 -7.090202e-01 -3.057788e-01 6.354444e-01 0.000000e+00 1
9.116177e+13 -1.047900e+14 -7.302088e+13 -5.964711e-01 -2.349771e-01 -7.674685e-01 0.000000e+00 1
-5.667148e+13 6.655412e+12 8.153844e+13 -6.302783e-01 -3.618854e-01 -6.868684e-01 0.000000e+00 1
-3.226451e+13 -2.011386e+13 6.416159e+13 -4.648679e-01 -7.484997e-01 -4.729123e-01 0.000000e+00 1
7.074078e+13 1.273284e+14 -7.545962e+13 6.638289e-01 8.280816e-02 7.432860e-01 0.000000e+00 1
1.306936e+14 -2.030811e+13 -7.422622e+13 -5.459388e-01 -3.809459e-01 -7.462111e-01 0.000000e+00 1
9.922387e+13 7.309725e+12 1.104851e+14 6.793256e-01 6.503739e-01 -3.398979e-01 0.000000e+00 1
1.250223e+13 4.258099e+13 -9.540332e+13 2.795722e-01 5.081265e-01 -8.146452e-01 0.000000e+00 1
4.674881e+13 7.257145e+13 8.472510e+13 3.561427e-01 -7.839148e-01 5.085667e-01 0.000000e+00 1
1.070396e+14 2.489120e+11 1.551966e+13 6.260590e-01 -2.502761e-01 -7.385201e-01 0.000000e+00 1
-4.268150e+13 1.355670e+14 4.983400e+12 5.914896e-01 -4.464810e-01 -6.714125e-01 0.000000e+00 1
-3.214818e+13 8.099772e+13 4.205145e+13 -2.744991e-01 -8.786904e-01 3.905809e-01 0.000000e+00 1
4.532041e+13 -1.381328e+14 -2.776453e+12 -4.559106e-01 -4.388649e-01 7.743017e-01 0.000000e+00 1
-1.441770e+14 -6.036396e+12 6.596801e+13 -1.906131e-01 -5.367926e-02 9.801965e-01 0.000000e+00 1
4.260852e+13 -1.147234e+14 6.068595e+13 -6.747305e-01 1.579178e-01 -7.209721e-01 0.000000e+00 1
4.539325e+13 5.502480e+13 1.342989e+14 3.233382e-01 -9.358617e-01 -1.400547e-01 0.000000e+00 1
1.204838e+14 5.862082e+13 -9.899776e+13 -3.094048e-01 -2.804383e-01 9.086380e-01 0.000000e+00 1
7.085084e+13 -3.733430e+12 6.713737e+13 -5.113524e-01 1.369313e-01 8.483917e-01 0.000000e+00 1
-2.694841e+13 1.373533e+13 -3.037053e+13 -3.652233e-01 -3.829841e-02 9.301318e-01 0.000000e+00 1
-5.287615e+12 -7.786155e+13 3.638699e+13 5.093981e-01 8.269023e-01 2.382145e-01 0.000000e+00 1
1.215644e+14 -2.359043e+13 -1.123727e+14 -9.679158e-01 1.336545e-01 2.127803e-01 0.000000e+00 1
6.008807e+12 -6.812819e+13 -7.201993e+12 3.909525e-01 -8.889754e-01 2.384928e-01 0.000000e+00 1
-3.333081e+12 -2.994091e+13 4.320781e+13 7.138563e-02 6.357307e-01 7.686030e-01 0.000000e+00 1
-1.743162e+13 3.760541e+13 -9.124932e+13 8.923921e-01 4.197028e-01 1.657889e-01 0.000000e+00 1
-1.836539e+13 1.095757e+14 -1.265559e+14 -8.906366e-01 4.497562e-01 -6.697569e-02 0.000000e+00 1
-6.628179e+13 1.104338e+14 4.615630e+13 -4.896624e-01 -4.114636e-01 7.687187e-01 0.000000e+00 1
6.781877e+12 4.672677e+13 1.591314e+14 5.560064e-01 -4.846077e-01 6.752868e-01 0.000000e+00 1
-1.754050e+13 6.990702e+13 -1.168354e+14 -8.897311e-01 -1.763101e-02 4.561445e-01 0.000000e+00 1
-1.201315e+14 2.306290e+13 -1.065354e+14 -3.466560e-01 -2.283695e-01 -9.097675e-01 0.000000e+00 1
6.189646e+13 9.349802e+13 7.818154e+13 3.041685e-01 -3.230621e-01 -8.961654e-01 0.000000e+00 1
7.044381e+13 1.766091e+13 8.088271e+13 -3.049894e-01 -4.598497e-01 -8.339782e-01 0.000000e+00 1
4.242958e+13 -1.416508e+14 -5.729834e+13 -8.903950e-01 3.877027e-01 2.385025e-01 0.000000e+00 1
1.872813e+13 9.273168e+13 -8.808519e+13 9.853720e-01 -5.108610e-02 -1.625801e-01 0.000000e+00 1
4.881726e+13 -5.686659e+13 -1.388299e+14 -5.240997e-01 -8.036862e-01 -2.817942e-01 0.000000e+00 1
4.961696e+13 7.608003e+13 -1.232578e+14 1.069046e-01 -3.992022e-01 -9.106091e-01 0.000000e+00 1
5.855914e+13 1.280263e+14 -8.685620e+13 -5.522417e-01 -6.699662e-01 -4.961596e-01 0.000000e+00 1
7.738490e+12 1.381787e+13 -3.540847e+13 -1.336555e-01 9.890460e-01 6.264346e-02 0.000000e+00 1
-2.836415e+13 1.037796e+14 -2.934901e+13 -4.549302e-01 1.416156e-01 8.791948e-01 0.000000e+00 1
3.748531e+13 1.150853e+14 2.309542e+13 5.066420e-02 -8.207583e-01 -5.690246e-01 0.000000e+00 1
-1.078747e+14 9.419264e+13 -5.022523e+13 8.879692e-01 1.976487e-01 -4.152659e-01 0.000000e+00 1
9.072613e+13 -2.219147e+13 -4.855201e+13 1.984652e-01 -2.634622e-01 9.440335e-01 0.000000e+00 1
5.137868e+13 -3.617063e+13 1.242526e+14 -4.721816e-01 5.627626e-01 -6.784857e-01 0.000000e+00 1
-4.774406e+12 1.416487e+13 1.656160e+14 -7.036237e-01 -6.950765e-01 1.475883e-01 0.000000e+00 1
2.391470e+13 -6.637295e+13 1.419896e+14 -7.649511e-01 -6.440876e-01 9.791626e-04 0.000000e+00 1
1.046976e+14 -6.433490e+13 6.144743e+11 -9.234754e-01 -2.107609e-01 -3.205824e-01 0.000000e+00 1
6.206139e+13 -5.022119e+13 -1.470634e+14 -3.480950e-02 -5.706131e-01 -8.204810e-01 0.000000e+00 1
8.981125e+12 2.027042e+13 -9.945126e+13 5.654311e-01 -4.338518e-02 -8.236537e-01 0.000000e+00 1
-2.294657e+13 -1.540792e+14 -4.378412e+13 9.792460e-01 2.036661e-02 -2.016496e-01 0.000000e+00 1
1.115449e+14 9.641243e+11 7.367700e+13 -3.309123e-02 -9.974450e-01 -6.331151e-02 0.000000e+00 1
-6.361074e+13 1.119878e+14 -8.571851e+13 6.916285e-01 -7.221582e-01 1.172845e-02 0.000000e+00 1
3.203611e+13 6.031561e+13 -7.871356e+13 -7.929742e-01 -5.678877e-01 -2.206707e-01 0.000000e+00 1
7.578561e+13 -1.231602e+14 9.878082e+12 -8.645977e-01 8.545215e-02 4.951452e-01 0.000000e+00 1
-5.235857e+13 1.023974e+14 1.026358e+14 2.612430e-01 -6.799572e-01 6.851353e-01 0.000000e+00 1
9.053004e+11 -4.375254e+12 1.386574e+13 1.248379e-01 -7.864396e-01 -6.049201e-01 0.000000e+00 1
-1.163721e+14 -2.922383e+13 -9.240304e+13 4.162604e-01 6.687798e-01 -6.160040e-01 0.000000e+00 1
-8.568256e+13 -6.965899e+13 3.326215e+13 -9.325214e-01 2.071097e-02 -3.605203e-01 0.000000e+00 1
-7.181640e+13 -3.137429e+11 9.978176e+13 1.190095e-01 -7.320184e-02 -9.901910e-01 0.000000e+00 1
4.924740e+13 2.404298e+13 3.197887e+13 -9.533131e-01 -1.899224e-01 2.347844e-01 0.000000e+00 1
-5.450316e+13 6.211027e+13 -1.477325e+14 2.440157e-01 -8.179368e-01 -5.209950e-01 0.000000e+00 1
6.907176e+13 -6.579540e+13 8.766908e+13 8.850647e-01 -4.327067e-01 -1.715382e-01 0.000000e+00 1
5.444863e+13 4.102161e+13 -7.194850e+13 1.422588e-01 -7.116877e-01 -6.879412e-01 0.000000e+00 1
8.137734e+13 1.232530e+14 -3.190300e+13 -2.424473e-01 5.621346e-02 -9.685347e-01 0.000000e+00 1
1.133102e+14 9.920361e+13 -3.098141e+13 4.089659e-01 8.014052e-01 4.364591e-01 0.000000e+00 1
9.640247e+11 -1.347038e+13 -1.390130e+14 -4.911242e-01 -8.697926e-01 -4.751760e-02 0.000000e+00 1
7.077931e+12 -6.080508e+13 3.070827e+13 -8.503246e-01 5.088433e-01 1.342634e-01 0.000000e+00 1
6.385029e+13 -6.752222e+13 2.593118e+13 8.327593e-01 -4.380361e-01 -3.385800e-01 0.000000e+00 1
-3.963230e+13 1.027385e+14 -7.556848e+13 -5.924763e-01 7.942114e-01 1.349077e-01 0.000000e+00 1
-1.368209e+14 -5.101417e+13 -7.175504e+13 -8.972011e-01 -1.216856e-01 -4.245266e-01 0.000000e+00 1
1.282244e+14 2.061844e+13 5.480302e+12 4.056221e-01 -3.252948e-01 8.541979e-01 0.000000e+00 1
2.929018e+13 -1.239760e+14 1.112293e+14 -6.934305e-01 6.968760e-01 -1.830793e-01 0.000000e+00 1
1.282560e+14 -2.662264e+13 4.596611e+13 2.944822e-01 -6.947041e-01 6.562519e-01 0.000000e+00 1
2.256514e+13 -1.342852e+14 8.362909e+13 2.531618e-01 -9.209867e-01 -2.961293e-01 0.000000e+00 1
1.180836e+14 7.625803e+13 1.702145e+13 1.917343e-01 9.725907e-01 1.315495e-01 0.000000e+00 1
-2.192424e+13 -7.232366e+13 1.061374e+14 -1.722722e-02 -9.234547e-01 3.833205e-01 0.000000e+00 1
2.362038e+13 6.744645e+12 1.339074e+14 -7.208339e-01 6.375432e-01 -2.719139e-01 0.000000e+00 1
-1.863769e+11 -4.871140e+13 -8.217013e+13 6.804047e-01 -5.504173e-01 -4.838288e-01 0.000000e+00 1
-3.686307e+13 6.975301e+13 1.049283e+14 -1.306215e-02 -7.708936e-01 -6.368300e-01 0.000000e+00 1
9.133979e+13 5.993949e+13 6.813609e+13 -9.440039e-01 -5.722673e-02 -3.249333e-01 0.000000e+00 1
-1.449395e+14 -2.384209e+13 -2.079600e+13 -4.377748e-01 8.441829e-01 -3.093679e-01 0.000000e+00 1
-4.811274e+13 -1.500492e+13 9.196699e+13 3.611162e-02 -9.797161e-01 -1.971098e-01 0.000000e+00 1
1.184733e+14 -9.710302e+13 1.321057e+13 -3.807431e-01 7.883806e-01 -4.832088e-01 0.000000e+00 1
-7.477267e+13 -6.174062e+13 1.151492e+14 1.468682e-01 -9.602130e-01 2.375303e-01 0.000000e+00 1
-6.070790e+13 -9.163304e+13 1.269656e+13 4.684997e-01 6.606051e-01 5.866080e-01 0.000000e+00 1
7.650707e+13 -4.481894e+13 1.167280e+14 -7.683028e-01 2.482517e-01 5.899847e-01 0.000000e+00 1
-9.541068e+13 -3.801202e+13 3.108562e+13 -6.968492e-01 6.691618e-01 2.581158e-01 0.000000e+00 1
1.498582e+14 1.370608e+12 -4.259709e+13 -5.040198e-01 -2.418051e-01 8.291528e-01 0.000000e+00 1
2.401785e+13 8.840778e+13 5.079873e+13 8.529522e-01 5.205854e-01 3.825488e-02 0.000000e+00 1
5.688766e+13 6.315272e+13 -7.898895e+13 4.396826e-01 -7.482374e-01 4.968099e-01 0.000000e+00 1
3.698501e+13 3.373747e+13 -1.081599e+14 -6.366036e-01 9.300775e-02 -7.655621e-01 0.000000e+00 1
-2.736966e+13 4.109444e+13 -1.529770e+14 3.267924e-01 6.782773e-01 -6.581387e-01 0.000000e+00 1
-6.856979e+13 1.483915e+14 -2.067309e+13 -6.311689e-01 -6.696213e-01 3.914501e-01 0.000000e+00 1
-8.568660e+11 -9.220111e+13 9.374129e+13 6.965101e-01 2.941303e-01 6.544929e-01 0.000000e+00 1
1.521612e+14 1.926402e+13 -1.016822e+13 -3.689271e-01 5.284013e-01 7.646469e-01 0.000000e+00 1
-7.145725e+13 3.125153e+13 2.094520e+13 -4.212986e-02 -7.465167e-01 -6.640315e-01 0.000000e+00 1
-8.541029e+13 5.941155e+13 -1.503382e+13 -3.237968e-01 -4.109924e-02 -9.452336e-01 0.000000e+00 1
-1.532623e+14 7.096829e+12 1.893716e+13 -5.793604e-01 -1.413040e-01 8.027295e-01 0.000000e+00 1
-1.081776e+13 -1.540604e+14 5.093481e+13 7.073329e-01 5.918245e-01 3.865540e-01 0.000000e+00 1
1.240629e+14 -1.272994e+13 1.928607e+13 -2.507247e-01 8.384451e-01 -4.838874e-01 0.000000e+00 1
8.397133e+13 -2.758624e+13 9.190085e+13 -1.961168e-01 6.872147e-01 6.994814e-01 0.000000e+00 1
-2.612878e+13 -3.081050e+12 5.011027e+12 -7.747643e-02 5.608194e-01 8.243051e-01 0.000000e+00 1
-1.304109e+11 -9.377693e+13 -5.544358e+13 9.543622e-01 1.085757e-01 -2.782158e-01 0.000000e+00 1
6.815613e+13 4.844455e+12 -9.291045e+13 -4.040093e-01 4.875413e-01 7.740026e-01 0.000000e+00 1
-2.304080e+13 -1.076489e+14 -1.111056e+14 -2.070123e-01 7.317237e-01 6.494046e-01 0.000000e+00 1
4.329242e+13 9.663568e+13 -8.225497e+13 3.294819e-01 -9.322958e-01 -1.492186e-01 0.000000e+00 1
-6.181287e+13 1.517241e+13 -5.731959e+13 4.674545e-01 1.958148e-01 8.620574e-01 0.000000e+00 1
1.219713e+14 8.355498e+13 6.807390e+13 -1.914485e-01 9.288715e-01 -3.170885e-01 0.000000e+00 1
6.115856e+12 -6.867673e+13 8.970325e+13 8.062772e-01 3.011371e-01 5.091498e-01 0.000000e+00 1
8.571457e+13 4.341708e+13 1.313810e+14 -5.794961e-03 8.515990e-01 -5.241618e-01 0.000000e+00 1
-7.309346e+13 5.732968e+13 -9.346490e+13 9.000981e-01 2.640559e-01 -3.465513e-01 0.000000e+00 1
5.369134e+13 1.139847e+14 1.092915e+14 -1.018414e-01 -4.107074e-01 -9.060617e-01 0.000000e+00 1
4.173747e+13 1.653425e+13 -1.521294e+14 -6.351342e-01 -6.994546e-01 -3.276704e-01 0.000000e+00 1
-3.323786e+13 7.457210e+13 -1.472519e+14 -7.151980e-02 -9.900849e-01 -1.208999e-01 0.000000e+00 1
-1.024876e+14 5.654695e+13 -3.148911e+13 -5.276247e-01 7.668335e-01 -3.654839e-01 0.000000e+00 1
-1.387260e+14 1.468038e+13 -4.121886e+13 2.892654e-01 -8.690724e-01 4.012963e-01 0.000000e+00 1
9.850051e+13 6.949820e+13 -6.709888e+12 6.052359e-01 3.276613e-01 -7.254844e-01 0.000000e+00 1
7.940664e+13 -1.526751e+13 -7.788420e+13 5.070178e-01 -8.373034e-01 -2.045870e-01 0.000000e+00 1
6.257203e+13 1.065996e+14 -7.732465e+13 -2.627949e-01 7.142241e-01 -6.487086e-01 0.000000e+00 1
-9.953814e+13 8.133781e+13 4.946322e+13 2.587942e-01 6.716673e-01 -6.941820e-01 0.000000e+00 1
-1.314508e+14 -6.952093e+13 -3.194888e+13 -2.176316e-01 -6.747953e-01 -7.051863e-01 0.000000e+00 1
7.313487e+13 1.026566e+13 1.415031e+14 -3.279935e-01 -1.685096e-01 -9.295293e-01 0.000000e+00 1
9.653214e+13 -8.962613e+13 -2.218001e+13 -1.739802e-01 -4.592566e-03 9.847384e-01 0.000000e+00 1
-6.801704e+12 -7.599208e+12 -1.568754e+14 3.186100e-01 3.446980e-01 -8.829898e-01 0.000000e+00 1
-3.430213e+13 5.395753e+12 1.390323e+14 -8.346768e-01 -5.501118e-01 2.629860e-02 0.000000e+00 1
5.082351e+13 6.806708e+13 -3.475919e+13 7.775795e-01 -5.050064e-01 -3.746180e-01 0.000000e+00 1
-2.440005e+13 -1.097377e+14 9.153237e+13 -8.075652e-02 -4.632782e-01 8.825258e-01 0.000000e+00 1
-3.641313e+13 4.537348e+13 -8.611821e+13 -6.732196e-01 -2.416710e-01 -6.988351e-01 0.000000e+00 1
-4.671308e+13 -7.096445e+13 1.293244e+14 -5.937105e-01 -1.953524e-02 -8.044415e-01 0.000000e+00 1
1.125572e+14 -8.597470e+13 -6.901317e+13 5.870330e-01 -6.517158e-01 4.802694e-01 0.000000e+00 1
4.748840e+13 8.876457e+13 -1.161448e+14 -9.617131e-01 -2.703373e-02 2.727218e-01 0.000000e+00 1
-7.684900e+13 5.930937e+13 -2.302712e+13 -4.227419e-01 9.062310e-01 -5.890159e-03 0.000000e+00 1
3.967642e+13 -5.156622e+12 -1.685669e+11 3.270367e-01 4.726965e-01 -8.182940e-01 0.000000e+00 1
-4.032580e+12 3.624296e+13 -2.923778e+12 -9.121607e-01 1.385034e-03 -4.098303e-01 0.000000e+00 1
-4.279767e+13 -1.845559e+13 5.310625e+13 4.477002e-01 -8.785663e-01 1.663906e-01 0.000000e+00 1
9.454081e+13 1.555096e+13 1.212222e+14 3.590539e-01 -8.769358e-01 -3.194745e-01 0.000000e+00 1
7.121773e+13 7.083344e+13 -1.017817e+14 2.646395e-01 9.266992e-01 -2.668230e-01 0.000000e+00 1
1.240833e+14 2.320652e+13 5.525785e+13 1.149260e-01 8.009431e-01 -5.876072e-01 0.000000e+00 1
5.005279e+13 4.904569e+13 -1.226047e+14 4.641156e-01 1.058551e-01 -8.794267e-01 0.000000e+00 1
-6.793138e+12 7.916222e+13 -1.805170e+13 -4.279067e-01 -5.680110e-02 -9.020363e-01 0.000000e+00 1
-9.351936e+13 -1.065375e+13 -1.702776e+13 -7.616529e-01 6.164572e-01 1.996632e-01 0.000000e+00 1
7.411418e+13 1.479412e+13 5.785272e+11 -2.511639e-01 2.339484e-01 -9.392470e-01 0.000000e+00 1
2.575484e+13 1.426190e+14 -2.249738e+13 -6.445834e-01 1.261414e-01 -7.540561e-01 0.000000e+00 1
-1.529909e+14 -6.889202e+13 1.224511e+13 -1.602282e-01 2.710870e-01 -9.491252e-01 0.000000e+00 1
7.006366e+13 6.376882e+13 4.365176e+13 8.028499e-01 -1.749225e-01 5.699422e-01 0.000000e+00 1
-4.446870e+12 -6.491454e+13 1.228785e+14 -3.511245e-01 -8.438940e-01 -4.056531e-01 0.000000e+00 1
9.180892e+13 2.273925e+13 -1.376087e+14 6.769638e-01 -2.747894e-01 -6.827963e-01 0.000000e+00 1
-4.614908e+12 1.593800e+14 3.724632e+13 9.011375e-01 -2.641970e-01 3.437313e-01 0.000000e+00 1
-4.949600e+13 1.296452e+14 -5.150290e+13 -4.906227e-01 -8.697411e-01 -5.328991e-02 0.000000e+00 1
-2.496313e+13 5.678442e+13 1.222987e+14 8.650122e-01 3.246741e-01 -3.825450e-01 0.000000e+00 1
4.765598e+13 4.308521e+13 -9.243522e+13 7.042182e-01 5.137491e-01 -4.900393e-01 0.000000e+00 1
-4.338297e+13 -2.078392e+13 -6.854944e+13 3.522736e-02 -6.798300e-01 7.325231e-01 0.000000e+00 1
-8.613088e+13 -3.630867e+13 5.095509e+13 -4.056104e-02 -8.620957e-01 5.051196e-01 0.000000e+00 1
-8.658263e+13 -1.002430e+14 -1.017539e+13 4.113106e-01 8.574589e-01 3.091727e-01 0.000000e+00 1
-1.823937e+13 1.271547e+14 5.252428e+13 -8.735682e-01 4.782092e-01 -9.052399e-02 0.000000e+00 1
2.030068e+13 8.967390e+12 1.629299e+14 -9.244622e-01 -1.404206e-01 3.544737e-01 0.000000e+00 1
1.177296e+14 5.390421e+13 3.473576e+13 -6.136087e-01 6.569887e-01 4.380071e-01 0.000000e+00 1
-6.732521e+13 4.041782e+13 -2.642601e+13 3.824473e-01 5.856815e-01 -7.146406e-01 0.000000e+00 1
6.233387e+13 5.162608e+13 -2.785254e+13 -2.311251e-01 5.412558e-01 -8.084698e-01 0.000000e+00 1
9.434723e+13 -1.276722e+14 -1.988862e+13 1.254174e-01 1.681534e-01 9.777499e-01 0.000000e+00 1
-6.601753e+13 1.141023e+14 6.358602e+13 6.019241e-01 4.907176e-02 7.970441e-01 0.000000e+00 1
1.261724e+14 9.428217e+11 -6.074721e+13 -8.954742e-01 -4.447692e-01 -1.750326e-02 0.000000e+00 1
1.012058e+12 4.187116e+13 -4.556566e+13 -8.572471e-01 -4.490348e-01 2.519824e-01 0.000000e+00 1
2.515492e+13 -1.047067e+14 3.750677e+13 -1.125103e-01 -1.871972e-01 9.758579e-01 0.000000e+00 1
-2.878092e+13 -3.350002e+13 -9.861768e+13 -4.914011e-01 7.249212e-01 4.827154e-01 0.000000e+00 1
-1.230134e+14 -4.478348e+13 -8.779582e+13 -1.155672e-01 6.973249e-01 7.073770e-01 0.000000e+00 1
5.564202e+13 9.134281e+13 5.207886e+13 -6.613895e-02 -3.335209e-03 9.978048e-01 0.000000e+00 1
3.513503e+13 -4.723157e+13 -1.368599e+14 8.423694e-01 2.229408e-01 -4.906232e-01 0.000000e+00 1
1.071257e+14 4.532898e+13 -5.548033e+13 2.262428e-01 7.269641e-01 -6.483343e-01 0.000000e+00 1
-3.451415e+13 1.093401e+14 -6.850949e+13 5.337468e-01 -1.056424e-01 8.390197e-01 0.000000e+00 1
7.555041e+13 -4.331308e+13 -1.340687e+14 -7.494315e-01 -5.873550e-01 3.055593e-01 0.000000e+00 1
3.522629e+13 1.099678e+14 -3.767869e+13 9.432011e-01 -1.631430e-01 2.894063e-01 0.000000e+00 1
-9.480886e+13 -2.959334e+13 -3.600034e+13 6.321917e-01 -2.481614e-01 -7.339957e-01 0.000000e+00 1
8.721658e+13 3.682101e+13 6.899470e+13 -1.046969e-01 9.358058e-01 -3.366097e-01 0.000000e+00 1
8.114462e+13 4.341772e+13 -1.160751e+14 -3.772618e-01 -9.224178e-01 8.257646e-02 0.000000e+00 1
4.482726e+11 -4.952370e+13 1.331048e+14 -2.074857e-01 6.350124e-01 7.441162e-01 0.000000e+00 1
1.135363e+14 1.092958e+14 -5.935554e+13 -9.479356e-01 -2.209060e-01 2.293874e-01 0.000000e+00 1
1.022243e+14 -2.421738e+13 1.239506e+14 1.719059e-01 -2.381497e-01 9.558938e-01 0.000000e+00 1
-6.957744e+13 -7.757269e+13 -6.286913e+13 -9.923267e-01 1.219510e-01 2.038700e-02 0.000000e+00 1
-7.283036e+13 9.620090e+13 8.136631e+12 7.617734e-01 6.167885e-01 1.981746e-01 0.000000e+00 1
2.894253e+12 3.937207e+13 -1.460762e+13 -8.023761e-01 2.420240e-01 5.455428e-01 0.000000e+00 1
9.621054e+13 -3.365602e+13 -6.949774e+13 9.882813e-01 -1.500534e-01 -2.800112e-02 0.000000e+00 1
1.200606e+14 -2.430303e+12 9.856519e+13 -8.572538e-01 5.130974e-01 4.297586e-02 0.000000e+00 1
-1.202450e+13 1.089048e+14 -8.655964e+13 -3.492012e-01 4.230326e-01 8.361232e-01 0.000000e+00 1
-6.525413e+13 1.051177e+14 1.064499e+14 3.276992e-01 -6.987208e-01 -6.359265e-01 0.000000e+00 1
-5.995171e+13 1.282423e+14 3.914467e+13 -9.657861e-01 1.676453e-01 1.978695e-01 0.000000e+00 1
-1.295992e+14 4.396965e+13 -9.111391e+13 -2.004142e-02 -5.797453e-01 -8.145513e-01 0.000000e+00 1
-2.945247e+13 1.119923e+14 1.156115e+14 6.061130e-01 -4.666857e-01 -6.440741e-01 0.000000e+00 1
-4.223385e+13 1.181738e+14 -1.970712e+13 7.669083e-01 -4.115747e-01 4.924002e-01 0.000000e+00 1
1.450861e+14 4.534154e+13 5.710756e+12 3.308207e-01 -1.674516e-01 -9.287183e-01 0.000000e+00 1
6.296588e+13 -7.334117e+13 6.663103e+13 -5.607827e-01 -3.694408e-01 -7.409698e-01 0.000000e+00 1
4.830802e+13 -1.137222e+14 -7.859534e+13 -2.413319e-01 -6.116446e-01 7.534254e-01 0.000000e+00 1
-1.122509e+14 -3.085707e+13 7.593104e+13 -3.927439e-01 -7.878352e-01 -4.744132e-01 0.000000e+00 1
2.071650e+13 1.668273e+14 8.255374e+12 6.154659e-01 2.981320e-01 7.296019e-01 0.000000e+00 1
6.069028e+12 -3.609908e+13 -8.821661e+13 9.743844e-01 -2.244857e-01 1.346094e-02 0.000000e+00 1
-7.491873e+13 7.190896e+13 -4.842431e+12 5.336519e-01 -5.535543e-01 -6.393695e-01 0.000000e+00 1
-8.148762e+13 6.049878e+13 8.192055e+13 -3.044605e-01 -8.814579e-01 -3.610205e-01 0.000000e+00 1
1.496524e+13 5.159680e+13 -6.243209e+12 5.494857e-01 4.877730e-01 6.783384e-01 0.000000e+00 1
-3.640980e+13 5.171587e+13 -8.958354e+13 3.363890e-01 6.741271e-01 6.575676e-01 0.000000e+00 1
-5.352261e+13 3.073574e+13 3.229116e+13 -8.033488e-01 -5.253510e-01 2.804230e-01 0.000000e+00 1
2.339105e+13 -5.370931e+13 5.415544e+13 -4.863335e-01 -7.442130e-01 -4.578501e-01 0.000000e+00 1
7.634409e+13 2.217834e+13 -1.121975e+14 -2.095700e-01 -4.738922e-01 -8.552816e-01 0.000000e+00 1
6.083278e+13 8.075182e+13 -1.342899e+14 2.086707e-01 7.125858e-01 6.698344e-01 0.000000e+00 1
-2.920904e+13 2.070662e+13 -5.430436e+13 -2.938686e-01 -4.046671e-01 8.659595e-01 0.000000e+00 1
-7.815753e+13 -6.003182e+13 7.255021e+13 -7.248220e-01 3.250462e-01 -6.074356e-01 0.000000e+00 1
1.994782e+13 6.261578e+13 6.648511e+13 -5.929425e-01 5.538641e-02 8.033378e-01 0.000000e+00 1
-1.067453e+14 -2.823148e+13 -8.379526e+13 8.692471e-01 4.638389e-01 1.710641e-01 0.000000e+00 1
1.335309e+14 5.218914e+13 8.253454e+13 4.305446e-01 9.018944e-01 3.489703e-02 0.000000e+00 1
-1.323840e+14 -4.189489e+12 3.502366e+13 -9.975076e-02 -4.521066e-01 -8.863687e-01 0.000000e+00 1
1.058536e+14 -5.186097e+13 1.156023e+14 -1.978234e-01 -9.442561e-01 2.631468e-01 0.000000e+00 1
-1.019233e+14 -1.660300e+13 1.637831e+13 7.736797e-01 -5.101985e-01 3.756558e-01 0.000000e+00 1
-8.204654e+13 -3.341984e+13 -5.393050e+13 -4.104728e-01 9.118002e-01 -1.150547e-02 0.000000e+00 1
-8.216130e+13 3.387023e+13 -1.039187e+14 -8.146080e-01 5.599633e-01 1.511780e-01 0.000000e+00 1
1.726995e+13 2.449651e+13 -4.508214e+13 6.529983e-01 7.450255e-01 1.361260e-01 0.000000e+00 1
-5.783117e+13 -6.552798e+13 3.028610e+13 -4.434388e-01 -7.076810e-01 -5.500452e-01 0.000000e+00 1
-6.849154e+13 9.388828e+13 1.029917e+14 9.042152e-01 -8.402407e-02 4.187300e-01 0.000000e+00 1
1.048383e+14 -7.925707e+13 -9.612114e+13 1.246904e-01 -5.074834e-02 -9.908970e-01 0.000000e+00 1
4.385905e+13 6.088526e+12 1.320172e+14 -5.526638e-01 -6.893202e-01 4.684020e-01 0.000000e+00 1
-9.648376e+13 1.054817e+14 1.255768e+13 6.873960e-01 -6.288420e-01 -3.633791e-01 0.000000e+00 1
-1.365630e+13 -6.338633e+12 1.421072e+14 -6.351453e-01 6.610420e-01 -3.995172e-01 0.000000e+00 1
-7.772577e+13 -9.314790e+13 -6.792964e+13 9.022655e-01 4.311389e-01 -6.020964e-03 0.000000e+00 1
3.046173e+13 -8.531855e+13 2.456845e+13 -8.651995e-01 2.293890e-01 4.458817e-01 0.000000e+00 1
2.005004e+13 1.398844e+14 -4.660856e+13 -9.992623e-01 3.840139e-02 -3.747119e-04 0.000000e+00 1
3.524285e+13 -8.718455e+12 1.396724e+14 -1.437864e-01 4.646114e-01 8.737630e-01 0.000000e+00 1
-4.052866e+13 -1.903374e+13 9.363969e+13 7.582711e-01 6.182208e-01 -2.069492e-01 0.000000e+00 1
6.760491e+13 2.319801e+13 1.218678e+14 -8.333607e-01 -4.546893e-01 -3.142731e-01 0.000000e+00 1
-2.917939e+13 1.379506e+14 4.490251e+13 2.465444e-01 -4.911355e-01 -8.354650e-01 0.000000e+00 1
-3.160737e+13 9.088501e+12 -1.497905e+14 -4.437577e-01 8.957385e-01 -2.704802e-02 0.000000e+00 1
1.174787e+14 8.237029e+13 -1.518297e+13 -6.672519e-03 6.960831e-01 -7.179302e-01 0.000000e+00 1
9.610362e+13 8.711497e+13 3.787151e+13 7.745148e-01 2.817552e-01 5.663398e-01 0.000000e+00 1
-2.949286e+13 -5.534310e+13 8.137018e+13 3.129633e-01 -4.169820e-01 -8.533346e-01 0.000000e+00 1
-8.749362e+13 -1.142258e+14 9.044449e+12 -4.338880e-01 1.795656e-01 8.828915e-01 0.000000e+00 1
-1.088674e+13 2.362909e+13 5.205032e+12 9.512569e-01 3.065387e-01 -3.382740e-02 0.000000e+00 1
-8.450153e+13 9.341759e+13 9.483570e+13 -3.985939e-01 -8.634686e-01 -3.091033e-01 0.000000e+00 1
-7.004319e+12 1.043258e+14 -3.721983e+13 -5.771905e-01 5.312086e-01 -6.202166e-01 0.000000e+00 1
-6.039721e+13 7.270653e+13 -7.342009e+13 -6.837685e-01 7.279694e-01 5.021137e-02 0.000000e+00 1
2.803668e+12 -3.825467e+13 7.575848e+13 5.271743e-02 5.670495e-01 -8.219949e-01 0.000000e+00 1
1.174450e+14 -1.720458e+13 -1.032552e+13 -3.396550e-01 8.270431e-01 4.479221e-01 0.000000e+00 1
-8.221552e+12 -1.597336e+14 2.601899e+13 -3.890735e-01 8.063658e-01 4.454167e-01 0.000000e+00 1
1.239502e+14 -1.050029e+13 -5.409288e+13 8.325444e-01 5.231105e-01 1.822778e-01 0.000000e+00 1
3.753268e+13 1.939270e+13 -1.304933e+14 -6.936766e-01 -5.552875e-01 -4.587684e-01 0.000000e+00 1
1.629381e+13 -3.245179e+13 -1.167411e+14 -6.381578e-03 9.992853e-01 3.725892e-02 0.000000e+00 1
-5.393529e+13 1.146003e+14 -1.104253e+14 5.514048e-01 -6.457637e-01 5.281496e-01 0.000000e+00 1
3.192951e+13 4.562503e+13 -1.595145e+14 8.792988e-01 -4.731805e-01 -5.416506e-02 0.000000e+00 1
-1.170344e+14 6.649466e+13 1.407107e+13 -3.111988e-01 8.487881e-01 -4.274507e-01 0.000000e+00 1
-3.176079e+13 -6.612684e+13 9.442517e+13 -8.412676e-01 -4.795781e-02 5.384875e-01 0.000000e+00 1
3.806368e+13 -1.017096e+14 -4.825125e+13 5.311223e-01 8.292429e-01 -1.739694e-01 0.000000e+00 1
-6.677519e+12 1.630187e+13 -9.846618e+13 -5.293006e-01 6.052703e-01 5.945493e-01 0.000000e+00 1
-3.429304e+13 1.224626e+14 -1.084595e+14 -6.649754e-01 -1.805006e-01 -7.247256e-01 0.000000e+00 1
1.023963e+13 -7.030637e+12 -9.153373e+13 -4.097045e-01 7.989884e-01 4.401816e-01 0.000000e+00 1
1.216264e+13 1.654578e+14 1.010068e+13 -4.116203e-01 6.921818e-01 -5.928348e-01 0.000000e+00 1
-5.183814e+13 7.759075e+13 -3.446524e+12 2.536948e-02 -1.822806e-01 -9.829192e-01 0.000000e+00 1
1.709785e+13 5.104564e+13 -8.159159e+13 -5.092088e-01 -8.530653e-01 -1.139565e-01 0.000000e+00 1
-1.046315e+14 2.432601e+13 1.093537e+14 8.457234e-01 -4.388962e-01 3.035162e-01 0.000000e+00 1
-4.668848e+13 -5.863868e+13 -1.197263e+14 -2.895094e-01 8.756843e-01 3.864729e-01 0.000000e+00 1
6.613119e+13 -1.166071e+14 4.500798e+13 1.985569e-02 5.664204e-01 8.238772e-01 0.000000e+00 1
-5.278841e+13 -7.643934e+13 1.323739e+14 1.914229e-01 9.360413e-01 -2.952692e-01 0.000000e+00 1
-7.743013e+13 -8.732896e+13 -8.397081e+13 6.534474e-01 5.005719e-01 -5.678330e-01 0.000000e+00 1
1.286161e+14 -7.602607e+13 8.498491e+12 -7.430736e-02 4.710581e-01 -8.789669e-01 0.000000e+00 1
3.995965e+12 -4.216139e+13 3.718645e+13 9.253300e-03 7.648083e-01 -6.441915e-01 0.000000e+00 1
1.202673e+14 -2.151173e+13 -1.102187e+14 -1.090200e-01 3.924974e-01 9.132691e-01 0.000000e+00 1
-5.662625e+13 -9.965998e+13 -7.537877e+13 -2.280653e-01 5.707659e-01 7.888045e-01 0.000000e+00 1
-4.863957e+13 6.300808e+13 7.115331e+13 -6.522623e-01 -7.579024e-01 1.174276e-02 0.000000e+00 1
-3.495769e+12 5.175817e+13 -1.067964e+14 -8.381464e-01 3.909121e-01 -3.803924e-01 0.000000e+00 1
-4.894814e+13 -1.578487e+14 6.464708e+12 1.062371e-01 -9.839581e-01 -1.433183e-01 0.000000e+00 1
-1.131030e+14 -2.497922e+13 -1.000362e+14 -6.990445e-01 -4.594358e-01 5.479558e-01 0.000000e+00 1
-1.554802e+14 4.735958e+13 -1.001430e+13 -2.704541e-01 -1.147080e-01 -9.558748e-01 0.000000e+00 1
-9.416478e+13 3.856707e+13 -1.132342e+14 -3.541461e-01 9.037781e-01 2.403449e-01 0.000000e+00 1
-6.445659e+13 -2.067515e+13 -6.420166e+13 -7.644794e-01 -1.412047e-01 -6.289933e-01 0.000000e+00 1
3.393913e+12 1.266685e+14 1.716984e+13 9.255345e-01 -3.639015e-01 -1.046971e-01 0.000000e+00 1
-8.435989e+13 1.638936e+13 -1.402029e+14 -2.630772e-01 -2.408930e-01 9.342168e-01 0.000000e+00 1
-5.930094e+13 -6.947729e+13 1.112287e+14 -9.934328e-01 2.843578e-02 1.108276e-01 0.000000e+00 1
1.247142e+13 -1.291585e+14 1.079288e+14 -6.221867e-01 7.007950e-01 3.489556e-01 0.000000e+00 1
-9.140289e+13 7.725982e+13 -6.764572e+13 -1.857195e-01 6.628600e-01 -7.253446e-01 0.000000e+00 1
-5.483320e+13 -1.431250e+14 -5.308841e+13 -5.822413e-01 6.111130e-01 -5.362238e-01 0.000000e+00 1
-1.514345e+14 3.248327e+13 6.555215e+12 -6.815759e-01 4.576625e-01 -5.709635e-01 0.000000e+00 1
-6.265239e+13 -1.082168e+14 -6.946584e+13 7.323961e-02 5.974965e-01 -7.985198e-01 0.000000e+00 1
-7.159284e+13 5.078395e+13 2.153150e+13 1.652469e-01 -1.494321e-01 -9.748659e-01 0.000000e+00 1
5.910313e+13 -6.671706e+13 -5.008374e+13 -5.326134e-01 7.242877e-01 4.378702e-01 0.000000e+00 1
-1.920861e+13 -1.512977e+13 2.635367e+12 1.792385e-01 1.178713e-01 9.767190e-01 0.000000e+00 1
3.917709e+13 -7.604023e+13 -1.233815e+14 4.048350e-01 -1.402091e-01 -9.035762e-01 0.000000e+00 1
-6.911125e+13 -3.691395e+13 -1.034112e+14 -4.496791e-01 -8.841484e-01 -1.267689e-01 0.000000e+00 1
4.488330e+13 -1.445493e+14 5.015359e+12 -8.329841e-01 5.521003e-01 3.636918e-02 0.000000e+00 1
-6.837356e+13 -5.922848e+13 2.774701e+13 -7.750470e-02 3.290169e-01 -9.411381e-01 0.000000e+00 1
-1.028911e+14 5.382087e+13 -1.205171e+14 7.439327e-02 -5.020777e-02 -9.959643e-01 0.000000e+00 1
-2.161773e+13 6.285788e+11 -1.407828e+13 -9.174225e-01 2.738491e-01 2.886912e-01 0.000000e+00 1
-5.977030e+11 8.280860e+13 1.344507e+14 6.598975e-01 -6.155155e-01 -4.309013e-01 0.000000e+00 1
-7.967867e+13 9.649365e+13 1.610520e+13 1.358421e-01 9.746690e-01 1.776719e-01 0.000000e+00 1
5.454273e+13 -9.449483e+13 -1.079849e+14 -1.836472e-01 -1.927258e-01 9.639141e-01 0.000000e+00 1
-6.437723e+13 -4.760475e+13 1.076365e+14 5.296892e-01 8.068987e-01 2.614265e-01 0.000000e+00 1
9.981487e+13 2.548247e+13 -3.089621e+13 -8.895900e-01 4.479543e-01 -8.925529e-02 0.000000e+00 1
-9.522678e+13 -7.686602e+13 -7.512757e+13 6.695803e-01 -1.742239e-01 7.220168e-01 0.000000e+00 1
9.401494e+13 -6.998413e+13 5.305886e+13 -2.102572e-01 9.388517e-01 -2.726709e-01 0.000000e+00 1
-2.317807e+13 1.540416e+14 -5.081651e+13 5.982347e-01 -8.013077e-01 4.605108e-03 0.000000e+00 1
8.404689e+13 3.698331e+13 5.663047e+13 -4.898375e-03 8.024187e-01 5.967413e-01 0.000000e+00 1
-1.087245e+14 -1.268477e+14 1.666183e+13 -7.917104e-01 -5.577939e-01 2.491197e-01 0.000000e+00 1
-8.549131e+13 -1.437368e+13 -1.619201e+13 -9.376181e-01 3.382423e-02 -3.460178e-01 0.000000e+00 1
7.165822e+12 2.648040e+13 -9.677705e+13 -1.610673e-01 9.548048e-01 2.498103e-01 0.000000e+00 1
7.340145e+13 -8.738499e+13 -2.353201e+13 2.321871e-01 2.291284e-01 -9.452986e-01 0.000000e+00 1
4.564319e+13 -6.698097e+13 1.119126e+14 -3.781724e-01 -5.359949e-01 -7.547815e-01 0.000000e+00 1
-6.819507e+13 -6.485327e+13 -1.184748e+14 -9.132279e-01 -1.876947e-02 -4.070167e-01 0.000000e+00 1
7.700622e+13 -1.402425e+14 2.377764e+13 5.056057e-01 8.626931e-01 1.111420e-02 0.000000e+00 1
-1.027327e+14 -4.786974e+12 -9.102285e+13 3.605168e-01 -1.327132e-01 -9.232631e-01 0.000000e+00 1
6.933467e+13 -8.040174e+12 1.254297e+14 -2.369354e-01 -5.777604e-01 -7.810599e-01 0.000000e+00 1
-9.716423e+13 9.101229e+12 3.531529e+13 -7.343951e-01 -6.752881e-01 6.818932e-02 0.000000e+00 1
-7.954147e+13 1.745960e+13 -7.080306e+13 7.582173e-01 -5.705885e-01 3.154923e-01 0.000000e+00 1
-4.460718e+13 3.596492e+13 -6.058366e+13 7.726228e-01 -4.988720e-01 -3.926585e-01 0.000000e+00 1
-9.816258e+13 1.638005e+13 1.023602e+14 -2.290858e-01 -9.173459e-01 3.255705e-01 0.000000e+00 1
5.925869e+13 1.498735e+14 -2.200609e+12 7.395179e-01 -2.550263e-01 -6.229565e-01 0.000000e+00 1
5.078425e+13 1.362158e+14 2.443617e+13 -4.991120e-01 -7.298849e-01 -4.670709e-01 0.000000e+00 1
4.697968e+13 1.037034e+14 3.593398e+12 -2.258855e-04 -4.064623e-01 9.136675e-01 0.000000e+00 1
-4.772709e+13 -1.185076e+14 7.102103e+13 -9.260754e-01 1.775971e-01 3.329320e-01 0.000000e+00 1
-2.968903e+13 -6.194344e+13 -5.946048e+12 -1.720915e-01 8.418018e-01 -5.116193e-01 0.000000e+00 1
-1.732133e+13 -1.254849e+14 -1.022736e+13 -9.612534e-01 -2.098536e-01 -1.787552e-01 0.000000e+00 1
1.152451e+13 3.149076e+13 -6.275609e+13 4.474684e-01 7.174097e-01 5.339433e-01 0.000000e+00 1
1.443128e+14 -1.247383e+13 2.931930e+13 1.592024e-01 8.281526e-01 5.374177e-01 0.000000e+00 1
5.675245e+12 6.430320e+13 -1.389004e+14 2.035248e-01 -3.761956e-01 -9.039107e-01 0.000000e+00 1
2.053839e+13 -1.790326e+13 3.387323e+13 3.330198e-01 -6.908756e-02 9.403854e-01 0.000000e+00 1
-1.575162e+12 2.409993e+13 8.919725e+13 2.380130e-01 -9.009340e-01 3.628605e-01 0.000000e+00 1
6.447708e+13 3.763032e+12 -3.732285e+13 -7.121292e-01 -1.010527e-01 6.947376e-01 0.000000e+00 1
-9.617157e+13 1.280623e+14 -1.512041e+13 1.596392e-01 7.023444e-01 6.937058e-01 0.000000e+00 1
1.458615e+13 1.192849e+14 3.425006e+13 9.858981e-02 5.900960e-01 -8.012907e-01 0.000000e+00 1
-2.930484e+12 8.157600e+13 -6.818264e+13 -7.613605e-01 -6.119377e-01 -2.141552e-01 0.000000e+00 1
9.791209e+13 1.142869e+14 3.159112e+13 -8.571806e-01 5.143001e-01 -2.714661e-02 0.000000e+00 1
-1.120280e+13 1.087262e+14 5.413786e+12 3.106891e-01 9.243001e-01 2.216792e-01 0.000000e+00 1
-9.523206e+13 2.539678e+13 -8.636631e+13 -1.274993e-02 -5.895457e-01 -8.076344e-01 0.000000e+00 1
-1.990136e+13 5.188896e+12 -8.711254e+13 -5.174968e-01 -5.940277e-01 -6.158963e-01 0.000000e+00 1
1.066002e+14 -1.278440e+14 1.458442e+13 -3.786354e-01 5.801848e-01 -7.211247e-01 0.000000e+00 1
-8.492281e+13 3.478733e+13 4.648431e+13 -9.213190e-01 2.857261e-01 -2.636891e-01 0.000000e+00 1
4.028729e+13 -2.593453e+12 8.042336e+13 -2.641177e-01 2.594627e-01 -9.289354e-01 0.000000e+00 1
-3.722556e+13 -1.124188e+14 2.780547e+13 -8.673963e-01 -1.047638e-01 4.864650e-01 0.000000e+00 1
7.415051e+11 5.618353e+13 -5.682489e+13 -2.989052e-01 -7.640926e-01 5.716802e-01 0.000000e+00 1
-3.589353e+13 -7.195644e+13 4.278640e+13 1.671879e-01 -9.175358e-01 -3.607995e-01 0.000000e+00 1
-4.380445e+13 -5.884459e+13 9.008140e+12 -8.352157e-01 -3.921366e-02 -5.485225e-01 0.000000e+00 1
-4.550670e+13 7.827313e+13 8.577232e+13 -6.985006e-01 -5.163892e-01 4.954181e-01 0.000000e+00 1
-8.632950e+13 -5.854750e+13 -1.227941e+14 -1.000613e-02 -7.503236e-02 -9.971309e-01 0.000000e+00 1
5.070553e+13 3.482168e+13 3.238159e+13 -7.296112e-01 -1.088132e-01 -6.751498e-01 0.000000e+00 1
-7.584255e+13 9.246146e+13 -4.537563e+13 -3.061268e-01 -9.360086e-01 -1.737076e-01 0.000000e+00 1
-5.361341e+13 -9.301583e+13 1.098441e+14 -6.151002e-01 5.804214e-01 -5.336316e-01 0.000000e+00 1
8.121565e+13 -4.555379e+13 1.114509e+14 -1.938666e-01 -9.396289e-01 2.819810e-01 0.000000e+00 1
6.486196e+13 8.204205e+13 8.295876e+13 -4.281364e-01 -1.438512e-02 -9.035996e-01 0.000000e+00 1
-1.140008e+14 -4.511470e+13 -6.103018e+12 -4.539305e-01 -5.375356e-01 7.106354e-01 0.000000e+00 1
-5.952254e+13 4.887179e+13 5.219102e+13 -4.369911e-01 8.988875e-01 -3.224969e-02 0.000000e+00 1
3.225835e+13 7.621383e+13 1.340081e+14 6.119930e-01 -1.620012e-01 7.740931e-01 0.000000e+00 1
-8.048620e+13 -4.209178e+13 -1.270246e+14 4.182761e-01 6.209469e-01 6.629254e-01 0.000000e+00 1
3.511720e+13 -8.895396e+13 5.743459e+13 9.400156e-01 -2.676123e-01 2.115523e-01 0.000000e+00 1
3.484146e+13 1.419161e+14 -4.885425e+13 -7.777494e-01 -4.540700e-01 -4.346565e-01 0.000000e+00 1
9.810943e+13 1.944139e+13 7.353942e+13 -4.799099e-01 -3.224074e-01 8.159289e-01 0.000000e+00 1
-9.898965e+13 5.828339e+13 1.169994e+14 -1.069014e-01 9.327029e-01 -3.444377e-01 0.000000e+00 1
4.327142e+13 -1.382404e+13 9.611237e+13 2.183678e-01 -9.620887e-01 1.634042e-01 0.000000e+00 1
-5.878254e+13 2.654446e+13 -1.431059e+14 9.852159e-01 -3.482709e-02 -1.677400e-01 0.000000e+00 1
-6.834697e+13 -1.326156e+14 -2.466269e+13 3.559800e-01 -4.360810e-01 -8.265057e-01 0.000000e+00 1
1.276914e+14 -4.394235e+12 4.153985e+13 -4.564393e-01 -6.581742e-01 -5.987236e-01 0.000000e+00 1
-1.269019e+14 -3.675554e+13 -6.578851e+13 3.013582e-01 -7.019973e-02 9.509234e-01 0.000000e+00 1
-4.979665e+13 -8.609869e+13 -1.048694e+14 2.410320e-01 -4.108199e-01 8.792784e-01 0.000000e+00 1
-7.298503e+13 1.138237e+14 8.451898e+13 -7.530522e-01 -6.479837e-01 -1.141474e-01 0.000000e+00 1
5.416180e+13 -1.097793e+14 1.158526e+14 -6.908619e-01 -2.960078e-01 6.596130e-01 0.000000e+00 1
-7.831708e+12 1.048172e+14 9.483277e+13 -3.454756e-01 -4.156604e-01 8.413519e-01 0.000000e+00 1
9.994825e+13 -2.401092e+13 6.957717e+13 6.077169e-01 -2.861193e-01 -7.408211e-01 0.000000e+00 1
-4.278440e+13 -4.702299e+13 -6.448208e+13 3.292246e-01 -5.547121e-01 7.641372e-01 0.000000e+00 1
5.349288e+13 -2.904332e+13 1.025037e+14 7.554635e-01 -8.007946e-02 -6.502785e-01 0.000000e+00 1
7.713722e+13 -1.744814e+13 -3.142957e+13 6.610258e-01 -8.603204e-02 -7.454149e-01 0.000000e+00 1
9.251786e+13 2.467167e+13 -9.065888e+13 -9.746930e-01 -3.903050e-02 -2.201138e-01 0.000000e+00 1
4.311564e+13 7.572200e+13 5.394333e+13 7.167590e-01 1.411907e-01 6.828776e-01 0.000000e+00 1
8.443350e+13 2.384458e+13 -1.403413e+14 2.473690e-01 5.545130e-01 -7.945590e-01 0.000000e+00 1
-1.919300e+13 8.061895e+13 -1.037026e+14 -8.405451e-02 -9.930719e-01 8.211580e-02 0.000000e+00 1
2.579596e+12 5.039697e+13 -2.522067e+13 9.151856e-01 3.711061e-02 -4.013204e-01 0.000000e+00 1
4.063739e+13 6.812596e+13 3.873555e+13 -1.401218e-01 7.340238e-01 -6.645111e-01 0.000000e+00 1
-1.570206e+14 9.343894e+12 -1.747708e+13 -2.531631e-01 -9.592585e-01 1.254255e-01 0.000000e+00 1
1.433844e+14 5.594219e+13 -5.629304e+13 -5.376062e-01 7.015470e-01 4.677727e-01 0.000000e+00 1
-1.178299e+12 1.289994e+14 9.318212e+13 9.709960e-01 -1.543694e-01 -1.825841e-01 0.000000e+00 1
-1.431261e+14 7.438764e+13 4.462660e+13 8.610590e-01 -3.624710e-01 -3.566401e-01 0.000000e+00 1
-3.232186e+13 -8.060957e+13 1.693799e+11 -4.827773e-02 -2.853633e-01 9.572027e-01 0.000000e+00 1
-3.810015e+13 3.780760e+13 -7.708283e+13 -8.903606e-01 -3.917435e-01 2.319376e-01 0.000000e+00 1
4.134560e+13 1.660409e+13 1.022332e+14 3.622361e-01 3.549998e-01 -8.618353e-01 0.000000e+00 1
7.136299e+12 4.935471e+13 1.517755e+14 1.752210e-02 -1.042171e-01 9.944002e-01 0.000000e+00 1
1.157622e+14 -3.358292e+13 -1.552402e+13 7.721344e-02 -1.767902e-01 9.812152e-01 0.000000e+00 1
-3.748431e+13 1.197361e+14 -7.468716e+13 -7.537935e-01 -2.904423e-01 -5.894393e-01 0.000000e+00 1
1.259676e+14 7.668946e+12 -5.081962e+13 -9.736944e-01 -2.242101e-01 -4.060752e-02 0.000000e+00 1
-3.173640e+13 -7.855611e+13 1.052988e+14 -5.984776e-01 7.999413e-01 -4.380112e-02 0.000000e+00 1
-7.823347e+13 5.953026e+13 -1.211611e+14 -7.345074e-01 6.296795e-01 -2.529872e-01 0.000000e+00 1
4.504344e+13 -6.424409e+13 -8.731471e+12 6.262951e-01 5.709371e-01 -5.308344e-01 0.000000e+00 1
-3.286582e+13 4.429783e+13 -1.457585e+14 -7.332822e-01 4.050223e-01 5.461264e-01 0.000000e+00 1
-5.037245e+13 -3.967462e+12 -1.309113e+13 1.850243e-01 -6.333765e-01 -7.513989e-01 0.000000e+00 1
1.702817e+13 -5.938158e+13 5.074098e+13 -6.113467e-01 -5.639780e-01 -5.551433e-01 0.000000e+00 1
3.800154e+13 3.534415e+13 1.093148e+14 -6.398083e-01 -6.692647e-01 3.777963e-01 0.000000e+00 1
6.567332e+13 1.460136e+14 7.110458e+12 9.992380e-01 3.711450e-02 1.208426e-02 0.000000e+00 1
1.064679e+14 1.216436e+14 3.741237e+12 -5.436540e-01 -7.945972e-01 2.702879e-01 0.000000e+00 1
9.028284e+13 1.307380e+14 4.751626e+13 -8.254491e-01 -5.146930e-01 -2.317862e-01 0.000000e+00 1
-7.973308e+13 -9.375739e+12 1.291763e+13 8.785548e-01 -3.245212e-01 -3.504674e-01 0.000000e+00 1
-4.200625e+13 1.292802e+14 -3.590447e+13 8.445807e-01 1.521861e-01 5.133448e-01 0.000000e+00 1
-1.043704e+14 -5.367820e+13 -2.928716e+13 6.309565e-01 7.734000e-01 -6.120737e-02 0.000000e+00 1
-3.490615e+13 -3.439907e+13 4.227550e+13 2.284047e-01 9.625590e-01 1.459846e-01 0.000000e+00 1
3.672961e+13 -1.447860e+14 1.634342e+13 -7.133833e-01 3.805092e-01 -5.884701e-01 0.000000e+00 1
-2.004647e+13 -8.204048e+13 3.475523e+13 -6.695485e-01 5.238426e-01 5.265869e-01 0.000000e+00 1
2.528271e+13 -6.545125e+13 3.866365e+12 7.598200e-02 9.725060e-01 -2.201335e-01 0.000000e+00 1
-7.180068e+13 1.733282e+12 1.011128e+14 5.304837e-01 5.627758e-01 6.339325e-01 0.000000e+00 1
1.302033e+14 -1.849208e+13 1.904221e+13 -4.489739e-01 2.258103e-01 8.645416e-01 0.000000e+00 1
5.596318e+13 -2.605042e+13 -1.079532e+14 -3.946228e-01 5.739811e-01 7.175086e-01 0.000000e+00 1
-5.794260e+13 5.009794e+13 -1.163684e+14 6.975198e-01 3.808957e-01 -6.069469e-01 0.000000e+00 1
-5.761359e+13 -1.131698e+14 8.223270e+13 -5.020864e-01 5.199433e-01 -6.910631e-01 0.000000e+00 1
1.202960e+14 2.775008e+13 5.685675e+12 -3.226222e-01 4.657399e-01 -8.240153e-01 0.000000e+00 1
4.992932e+13 -9.041740e+13 1.149016e+14 3.536438e-01 4.766138e-01 8.048449e-01 0.000000e+00 1
-8.234796e+13 5.277362e+13 -1.009972e+14 8.135575e-01 9.804745e-03 5.814018e-01 0.000000e+00 1
1.325119e+14 4.337859e+13 -9.137828e+13 1.193111e-01 -6.374801e-01 7.611728e-01 0.000000e+00 1
8.105779e+13 4.272764e+13 9.235772e+13 1.889068e-01 -8.120908e-01 5.521076e-01 0.000000e+00 1
7.437968e+13 3.877542e+13 -1.399380e+14 -5.371647e-01 7.758547e-01 3.309133e-01 0.000000e+00 1
7.797502e+12 -1.536431e+14 -4.492169e+13 -2.595832e-01 -5.453188e-01 7.970220e-01 0.000000e+00 1
2.366818e+13 -1.494608e+14 -4.062476e+13 5.594538e-01 -3.438578e-01 7.541706e-01 0.000000e+00 1
-9.684066e+13 6.655720e+13 -6.720519e+12 -1.825733e-01 3.742474e-01 -9.091787e-01 0.000000e+00 1
1.196113e+14 7.734574e+13 8.174600e+13 -8.847091e-01 -4.058456e-01 -2.293015e-01 0.000000e+00 1
2.435655e+13 5.066390e+13 7.797027e+13 -1.869343e-01 -8.526073e-01 4.879716e-01 0.000000e+00 1
3.786027e+13 -1.913929e+13 8.023289e+13 -6.911199e-01 -7.020119e-01 1.718502e-01 0.000000e+00 1
-6.231019e+12 -1.343733e+14 -1.041171e+13 -9.488024e-01 1.827447e-02 3.153412e-01 0.000000e+00 1
-1.527226e+14 5.301314e+13 4.288984e+13 -4.770282e-01 -6.328977e-01 6.098233e-01 0.000000e+00 1
1.171225e+14 -8.342091e+13 -1.017879e+13 7.070236e-01 6.266336e-01 -3.277925e-01 0.000000e+00 1
1.185155e+14 4.486039e+13 -9.032717e+12 -1.746954e-01 -7.052481e-01 6.871002e-01 0.000000e+00 1
-3.019284e+13 7.654842e+13 1.206905e+14 -2.802898e-01 9.598784e-01 -8.434137e-03 0.000000e+00 1
-3.607451e+13 3.151108e+13 1.428283e+14 -3.149898e-01 9.421901e-01 -1.142771e-01 0.000000e+00 1
3.427513e+13 -4.694891e+13 -1.524648e+14 9.839244e-01 -8.759511e-02 1.556272e-01 0.000000e+00 1
-6.394772e+13 -1.488180e+12 1.183185e+13 -8.715143e-01 4.885787e-01 -4.187622e-02 0.000000e+00 1
3.871217e+13 6.002190e+13 -1.438340e+14 2.654862e-01 -9.425262e-01 -2.028825e-01 0.000000e+00 1
-7.601246e+12 -8.756590e+13 6.881257e+13 -8.377039e-01 -2.635199e-01 -4.783403e-01 0.000000e+00 1
2.498145e+13 -3.377018e+12 -5.444393e+13 -5.348754e-01 6.754891e-01 -5.075655e-01 0.000000e+00 1
6.585161e+12 -1.445036e+14 6.484639e+13 4.404035e-01 8.942107e-01 8.019944e-02 0.000000e+00 1
7.507859e+13 1.409907e+13 -6.900359e+13 5.764597e-01 -8.142474e-01 6.852294e-02 0.000000e+00 1
-1.481163e+14 -3.451168e+13 -7.044588e+13 4.096540e-01 9.072841e-01 -9.496963e-02 0.000000e+00 1
-4.817335e+13 -9.671985e+13 -1.222969e+14 8.427059e-01 -4.017933e-01 -3.583419e-01 0.000000e+00 1
7.315064e+11 -3.533833e+13 -1.170445e+14 2.381305e-01 9.637940e-01 1.199789e-01 0.000000e+00 1
4.484956e+13 -1.068551e+14 -8.592935e+13 -8.741887e-01 -1.855648e-01 4.487314e-01 0.000000e+00 1
2.267379e+13 1.395213e+13 2.894095e+13 -4.760133e-01 3.059267e-01 -8.245121e-01 0.000000e+00 1
-9.877346e+13 1.823865e+13 9.624997e+13 1.384490e-01 4.961650e-02 -9.891259e-01 0.000000e+00 1
-1.533624e+14 2.415058e+13 3.648805e+13 2.073777e-01 9.733936e-01 9.746526e-02 0.000000e+00 1
-2.894121e+13 -2.666059e+13 7.018110e+13 6.000559e-01 -5.265363e-01 6.022395e-01 0.000000e+00 1
-4.256183e+13 -6.704863e+13 -5.188192e+13 2.849591e-01 -8.216540e-01 -4.936426e-01 0.000000e+00 1
1.127495e+14 -9.444771e+13 3.891749e+09 -4.967064e-01 5.186638e-01 6.958956e-01 0.000000e+00 1
-2.328684e+12 3.262965e+13 3.958137e+13 -1.448956e-01 -9.695016e-01 1.976662e-01 0.000000e+00 1
-3.381027e+13 1.211141e+14 -8.677859e+13 8.895040e-01 -1.895431e-01 4.157596e-01 0.000000e+00 1
6.771020e+13 8.381748e+13 2.556528e+13 -4.950655e-01 2.396860e-01 8.351411e-01 0.000000e+00 1
-5.888207e+13 -7.799909e+13 5.369002e+13 -4.141035e-01 3.426938e-01 8.432551e-01 0.000000e+00 1
-3.401009e+13 5.796419e+12 5.674544e+13 6.594065e-01 5.331568e-01 5.300253e-01 0.000000e+00 1
8.609878e+13 -3.689793e+13 1.300868e+14 -1.042841e-01 -3.964609e-01 -9.121094e-01 0.000000e+00 1
4.066166e+12 -5.011434e+13 6.412746e+12 -2.695143e-02 8.459818e-01 -5.325302e-01 0.000000e+00 1
-4.970669e+13 -1.052509e+14 8.625265e+13 5.488859e-01 4.329830e-02 8.347751e-01 0.000000e+00 1
1.106342e+14 4.548179e+13 -6.191756e+13 -1.501416e-01 8.997244e-01 4.098214e-01 0.000000e+00 1
2.435474e+12 -3.492571e+13 6.925453e+13 1.290100e-01 -9.532217e-01 -2.733585e-01 0.000000e+00 1
3.081662e+13 4.631672e+13 -1.525242e+14 3.938196e-01 7.561505e-01 -5.226304e-01 0.000000e+00 1
-4.737479e+13 -1.543322e+14 3.876444e+13 1.437475e-01 -1.483965e-01 -9.784248e-01 0.000000e+00 1
-3.078381e+13 4.861748e+13 8.180426e+13 8.254431e-01 2.040236e-01 -5.263250e-01 0.000000e+00 1
-2.274067e+13 3.979607e+13 8.895208e+12 7.987073e-01 -5.229211e-01 -2.976915e-01 0.000000e+00 1
4.114406e+13 1.679612e+13 -1.035460e+14 7.473956e-01 6.264503e-01 -2.212688e-01 0.000000e+00 1
-6.214389e+13 4.865570e+13 -1.483427e+14 2.653775e-03 3.120855e-02 9.995094e-01 0.000000e+00 1
-9.774925e+13 6.607599e+13 -5.430779e+13 8.321171e-01 2.369662e-01 -5.014261e-01 0.000000e+00 1
-7.487862e+13 -3.446706e+13 1.254649e+14 -5.510250e-01 -7.940350e-01 -2.566709e-01 0.000000e+00 1
-7.546782e+13 1.218364e+14 -5.490563e+13 6.203964e-01 6.009685e-01 5.039298e-01 0.000000e+00 1
1.253408e+13 -1.571716e+14 -5.978356e+13 -1.898287e-01 6.561832e-01 -7.303346e-01 0.000000e+00 1
-1.147738e+14 -7.812764e+12 -3.363077e+13 -9.100436e-01 3.024183e-01 2.834851e-01 0.000000e+00 1
-1.351651e+14 6.700343e+13 7.142912e+13 -1.947418e-01 8.648304e-01 -4.627571e-01 0.000000e+00 1
-6.832553e+13 1.483062e+13 6.926727e+13 2.789176e-01 1.367610e-01 9.505269e-01 0.000000e+00 1
1.610776e+12 1.359719e+13 -8.439433e+12 8.105544e-01 8.580423e-02 -5.793437e-01 0.000000e+00 1
6.769897e+13 -9.169471e+13 -8.852613e+13 -3.545914e-01 6.179382e-01 7.017245e-01 0.000000e+00 1
1.498239e+11 -8.569142e+13 1.997165e+13 4.785489e-01 4.368122e-01 7.616995e-01 0.000000e+00 1
-7.951595e+13 -2.316233e+13 -6.629816e+12 -8.394482e-01 3.079509e-01 4.477644e-01 0.000000e+00 1
1.003106e+14 4.718571e+12 -4.682469e+13 -3.714393e-01 -2.226143e-01 9.013744e-01 0.000000e+00 1
1.612516e+13 1.273360e+14 1.287182e+13 -1.666897e-01 -3.317457e-01 9.285253e-01 0.000000e+00 1
4.462752e+13 -5.410390e+13 -8.230556e+12 -4.303946e-02 8.363748e-01 5.464657e-01 0.000000e+00 1
7.099107e+13 3.198690e+13 7.972460e+13 -8.315181e-02 1.853526e-01 -9.791477e-01 0.000000e+00 1
-1.173047e+14 9.879497e+13 -2.492067e+13 1.732069e-01 3.028710e-01 -9.371598e-01 0.000000e+00 1
1.012266e+14 6.337606e+13 4.404094e+13 -9.126949e-01 1.327987e-01 -3.864614e-01 0.000000e+00 1
-2.809405e+13 -1.212862e+14 6.923930e+13 -7.724350e-02 3.892747e-01 9.178772e-01 0.000000e+00 1
-6.155749e+13 1.470693e+13 -7.932970e+13 -3.986430e-01 -9.019790e-01 1.658845e-01 0.000000e+00 1
6.547826e+13 5.678089e+13 -1.233207e+14 -7.853162e-01 4.285633e-02 -6.176098e-01 0.000000e+00 1
-2.936755e+13 -1.455721e+14 7.123299e+13 -4.919687e-01 -8.702447e-01 2.531717e-02 0.000000e+00 1
6.232704e+13 -3.650102e+13 3.587536e+13 8.012872e-01 8.746043e-02 -5.918525e-01 0.000000e+00 1
9.337259e+13 3.932978e+13 7.278690e+13 9.927532e-01 1.145636e-01 3.628111e-02 0.000000e+00 1
-8.191295e+13 4.790966e+13 -1.081462e+14 4.336114e-02 -7.882672e-01 -6.138034e-01 0.000000e+00 1
-3.503951e+13 -2.800376e+13 8.069791e+13 -8.863854e-01 3.551378e-01 2.969816e-01 0.000000e+00 1
1.360946e+13 1.391753e+14 -6.672983e+13 1.037924e-01 -2.454719e-01 -9.638312e-01 0.000000e+00 1
1.115651e+14 3.770927e+13 1.034552e+14 4.520900e-01 -8.741638e-01 1.773481e-01 0.000000e+00 1
-8.704745e+13 -4.006484e+13 -1.373218e+14 7.341107e-02 -1.878656e-01 -9.794475e-01 0.000000e+00 1
-6.208025e+13 -7.018159e+13 5.579170e+13 1.265548e-01 -8.013957e-01 5.845929e-01 0.000000e+00 1
-5.226393e+13 -1.142553e+14 5.320869e+13 8.934970e-01 2.056421e-01 -3.992174e-01 0.000000e+00 1
-9.082339e+12 -5.490726e+13 1.206757e+14 4.853164e-01 1.901125e-01 -8.534197e-01 0.000000e+00 1
8.531760e+13 -1.520592e+13 -5.414162e+13 -5.205593e-01 -8.382335e-01 -1.624276e-01 0.000000e+00 1
-1.075803e+14 -8.840710e+13 6.739717e+13 1.946108e-02 -9.750177e-01 -2.212729e-01 0.000000e+00 1
4.058088e+13 -5.158821e+13 -3.626531e+13 7.208143e-02 -9.875618e-01 -1.397355e-01 0.000000e+00 1
8.789838e+13 5.255846e+13 4.931440e+13 -2.243828e-01 -4.339226e-01 8.725615e-01 0.000000e+00 1
-3.491190e+13 6.700223e+13 -2.966051e+13 -8.588460e-01 3.324709e-01 3.896751e-01 0.000000e+00 1
-1.038592e+14 4.378442e+13 -5.226259e+13 6.701012e-01 7.003129e-01 -2.460207e-01 0.000000e+00 1
6.487682e+13 -1.213309e+14 -3.248329e+13 -2.004858e-01 -1.582565e-01 -9.668300e-01 0.000000e+00 1
-8.866958e+13 -4.374875e+13 9.421935e+13 4.934172e-01 1.177680e-01 -8.617831e-01 0.000000e+00 1
3.300209e+12 6.198407e+12 3.536651e+13 2.656489e-01 7.291809e-01 -6.306551e-01 0.000000e+00 1
-7.768904e+12 4.390314e+13 -1.067785e+14 7.697625e-01 -7.427734e-02 6.339941e-01 0.000000e+00 1
4.457378e+12 9.125845e+13 6.777018e+13 3.249327e-01 -5.171459e-01 7.918200e-01 0.000000e+00 1
-3.318138e+13 -4.460434e+13 1.535638e+14 -5.090758e-02 -8.607070e-01 -5.065491e-01 0.000000e+00 1
1.008115e+13 1.387357e+14 4.603527e+13 6.045159e-01 6.500089e-01 4.604877e-01 0.000000e+00 1
8.017770e+12 7.190110e+13 -1.134042e+14 -7.119299e-01 1.823335e-01 6.781669e-01 0.000000e+00 1
3.029624e+13 1.261149e+14 -2.092760e+13 -4.693423e-01 5.293038e-01 7.067923e-01 0.000000e+00 1
3.607293e+13 2.480167e+13 -1.137623e+14 -5.968460e-02 -2.512584e-02 -9.979010e-01 0.000000e+00 1
8.871308e+12 -1.217759e+14 -8.395418e+13 -6.760507e-01 -1.321141e-01 7.249147e-01 0.000000e+00 1
4.533105e+13 6.887563e+13 -1.382556e+14 6.393757e-01 7.681556e-01 -3.370050e-02 0.000000e+00 1
1.004396e+14 1.143134e+14 5.215927e+13 -3.993334e-01 -8.880027e-01 -2.280000e-01 0.000000e+00 1
-6.125827e+13 -7.231592e+13 5.395702e+13 4.997388e-01 -8.373653e-01 2.215412e-01 0.000000e+00 1
-4.311853e+13 -1.184335e+14 -1.004597e+14 -8.916315e-01 2.371481e-01 -3.856864e-01 0.000000e+00 1
3.574528e+13 -1.283844e+14 1.344047e+13 7.186896e-01 5.740880e-01 -3.923114e-01 0.000000e+00 1
-2.751504e+13 1.212523e+13 -1.331796e+14 4.180633e-01 -7.187646e-02 -9.055699e-01 0.000000e+00 1
1.233018e+14 -4.806198e+13 1.729922e+13 -8.959556e-01 -4.184782e-01 1.487934e-01 0.000000e+00 1
1.177191e+12 9.847313e+13 -7.828679e+13 3.570032e-01 -1.395599e-01 -9.236188e-01 0.000000e+00 1
-1.478165e+14 -1.362783e+13 -7.639238e+13 7.925654e-01 -5.989182e-01 -1.146172e-01 0.000000e+00 1
6.289080e+13 8.811974e+13 8.297460e+13 -2.268045e-01 3.607290e-01 9.046736e-01 0.000000e+00 1
-1.576582e+13 5.427510e+13 -8.606982e+12 9.379489e-01 -1.470883e-01 -3.140334e-01 0.000000e+00 1
2.946192e+13 5.642239e+13 -4.137598e+13 -8.177017e-01 2.195837e-01 -5.321156e-01 0.000000e+00 1
-2.104275e+13 -3.046982e+13 6.918283e+13 6.768589e-01 7.316465e-01 -8.096503e-02 0.000000e+00 1
-1.069223e+14 -1.133762e+14 6.184590e+13 9.819969e-01 1.848419e-01 -3.892962e-02 0.000000e+00 1
1.262187e+14 4.923774e+13 6.720721e+13 1.474021e-02 -6.460858e-01 7.631225e-01 0.000000e+00 1
4.625590e+13 -5.832462e+13 9.895896e+13 7.440375e-01 -3.101249e-01 5.918030e-01 0.000000e+00 1
-5.737423e+13 1.869592e+13 -1.041780e+14 2.335130e-01 -3.742661e-01 -8.974389e-01 0.000000e+00 1
-5.789960e+12 -3.669518e+13 -4.673065e+13 9.351995e-03 -9.997859e-01 -1.845991e-02 0.000000e+00 1
1.262852e+14 3.251105e+13 6.979340e+13 8.450360e-01 -5.342598e-01 2.192267e-02 0.000000e+00 1
-1.078152e+14 -4.623427e+13 -3.015225e+13 -9.881460e-01 -8.263746e-02 1.293771e-01 0.000000e+00 1
2.135430e+13 4.787718e+13 -3.243632e+13 -6.289632e-01 3.491473e-01 6.946232e-01 0.000000e+00 1
6.329360e+13 1.281125e+14 -7.483463e+13 9.781944e-01 -1.536260e-01 1.397667e-01 0.000000e+00 1
-1.249224e+14 1.071854e+14 -3.853957e+13 2.598988e-01 -3.372953e-01 -9.048119e-01 0.000000e+00 1
-6.358110e+13 2.829218e+13 6.602311e+13 1.784661e-01 4.339242e-01 8.830966e-01 0.000000e+00 1
4.864291e+12 -9.571782e+13 5.766245e+13 5.190476e-01 5.524879e-01 6.521861e-01 0.000000e+00 1
-8.269613e+13 1.202730e+14 3.380831e+13 -2.560867e-01 -1.902265e-01 -9.477518e-01 0.000000e+00 1
7.949566e+13 1.117037e+14 -4.124032e+13 -9.513904e-01 -2.774281e-02 -3.067354e-01 0.000000e+00 1
-2.869473e+12 6.977273e+13 -7.789662e+13 -1.923304e-01 -9.389186e-01 -2.853783e-01 0.000000e+00 1
2.362588e+13 -2.261991e+12 7.282257e+13 -8.960316e-01 3.489446e-01 2.745269e-01 0.000000e+00 1
-1.458999e+14 6.575739e+13 -5.431850e+12 1.164063e-01 7.710183e-01 6.260834e-01 0.000000e+00 1
1.071796e+14 -5.380607e+13 -6.686318e+13 6.524279e-01 4.415999e-01 6.158956e-01 0.000000e+00 1
-3.282145e+13 -1.384594e+14 1.155911e+13 6.576427e-01 -6.960620e-01 -2.881036e-01 0.000000e+00 1
1.258667e+14 7.832205e+12 1.725004e+13 6.066183e-02 8.493959e-01 5.242582e-01 0.000000e+00 1
1.430387e+13 -1.536987e+14 4.858731e+13 2.579079e-01 -9.657375e-01 2.888821e-02 0.000000e+00 1
-1.504949e+14 -5.705537e+12 7.426526e+13 -7.390638e-01 6.717745e-01 -5.003705e-02 0.000000e+00 1
-7.800466e+13 5.748861e+13 6.726228e+13 3.053430e-01 9.324845e-01 -1.929722e-01 0.000000e+00 1
-3.778240e+13 3.071813e+13 1.510867e+14 -9.281886e-01 -1.531552e-01 3.391304e-01 0.000000e+00 1
-3.768992e+13 -4.261595e+13 7.866816e+13 -8.436132e-01 1.684647e-01 -5.098396e-01 0.000000e+00 1
3.919500e+13 -3.546354e+13 -1.159188e+14 7.477417e-01 3.793691e-02 6.629051e-01 0.000000e+00 1
1.394234e+14 -2.851528e+13 2.181531e+13 4.983333e-01 6.669670e-01 5.539124e-01 0.000000e+00 1
-1.194581e+14 -1.145288e+14 3.097864e+13 1.173374e-01 -5.023104e-01 -8.566891e-01 0.000000e+00 1
-2.229747e+13 2.387529e+12 -1.639098e+14 -5.212475e-01 5.320118e-01 -6.672814e-01 0.000000e+00 1
-1.028307e+14 -9.017351e+13 -1.201883e+13 -9.717482e-01 -7.815228e-02 2.227051e-01 0.000000e+00 1
4.005076e+13 -8.454686e+12 -4.154291e+13 -3.355850e-01 7.874229e-01 5.170570e-01 0.000000e+00 1
-2.029259e+13 -1.109542e+14 -2.242418e+13 -4.825974e-01 8.712883e-01 8.919913e-02 0.000000e+00 1
-5.774934e+13 -1.216853e+14 4.181786e+13 -7.817975e-01 -4.548935e-01 -4.264558e-01 0.000000e+00 1
8.782436e+13 9.117347e+13 -6.612022e+13 3.103290e-01 5.954248e-01 7.410568e-01 0.000000e+00 1
-6.091387e+13 1.431364e+14 -4.628953e+13 -7.825214e-01 -4.302548e-01 4.500456e-01 0.000000e+00 1
7.214989e+13 4.872686e+13 1.008885e+14 6.107991e-01 -6.665411e-01 -4.273728e-01 0.000000e+00 1
2.868312e+13 -2.031528e+13 1.342180e+14 3.378883e-01 9.082615e-01 2.467642e-01 0.000000e+00 1
-3.722625e+13 6.194142e+13 6.633194e+12 -7.658613e-01 3.307000e-01 5.514472e-01 0.000000e+00 1
4.326549e+12 -1.111963e+14 7.491041e+13 3.031900e-01 9.328336e-01 1.946726e-01 0.000000e+00 1
4.885205e+13 1.253501e+13 1.507248e+14 -8.477712e-01 -1.631628e-02 5.301111e-01 0.000000e+00 1
-2.051821e+13 1.402850e+14 -6.430634e+13 2.430739e-01 5.470361e-01 8.010409e-01 0.000000e+00 1
-8.649857e+13 7.322824e+13 2.277233e+13 -7.188493e-01 9.423282e-02 6.887495e-01 0.000000e+00 1
-8.222288e+13 -1.357624e+14 2.884212e+13 3.300716e-01 -6.244545e-01 -7.078908e-01 0.000000e+00 1
-2.320896e+13 -1.620386e+14 4.195579e+13 5.159798e-01 7.739540e-01 3.670968e-01 0.000000e+00 1
6.033142e+13 -4.822758e+13 -7.432023e+12 8.788920e-01 -2.859296e-01 3.818288e-01 0.000000e+00 1
-1.414774e+14 8.273765e+13 2.882351e+13 -4.470010e-02 -9.834324e-01 1.756776e-01 0.000000e+00 1
2.880194e+12 -6.262723e+13 -1.268974e+13 -6.490327e-01 4.751211e-01 5.941519e-01 0.000000e+00 1
7.890414e+13 1.028848e+14 1.653677e+13 -2.016356e-01 -7.561690e-01 6.225363e-01 0.000000e+00 1
-2.568340e+13 -8.057143e+13 1.069421e+14 9.651105e-01 5.828631e-02 -2.552731e-01 0.000000e+00 1
9.796478e+13 1.783695e+13 3.685604e+13 2.999345e-01 5.789892e-01 -7.581628e-01 0.000000e+00 1
-1.848436e+13 -2.009439e+13 7.653762e+12 -4.530748e-01 -7.858904e-01 -4.208319e-01 0.000000e+00 1
7.074718e+13 -2.908926e+13 1.435489e+14 3.828463e-01 7.757016e-01 -5.017128e-01 0.000000e+00 1
-9.065662e+13 -1.032774e+13 4.558069e+13 4.685901e-01 -8.803450e-01 7.359386e-02 0.000000e+00 1
2.800239e+13 -6.661582e+13 4.675171e+13 4.034746e-01 4.007511e-01 -8.225611e-01 0.000000e+00 1
-1.386971e+13 1.292807e+14 -2.238518e+13 -1.999009e-01 5.602435e-01 -8.038451e-01 0.000000e+00 1
-1.056879e+14 7.010502e+13 7.976611e+13 9.632024e-01 -9.440483e-02 -2.516523e-01 0.000000e+00 1
-9.867314e+12 -8.175538e+13 -1.831694e+13 -7.150515e-02 9.973708e-01 -1.177124e-02 0.000000e+00 1
-1.028097e+14 1.189717e+14 8.295652e+12 2.377576e-01 -6.338154e-02 -9.692544e-01 0.000000e+00 1
-1.361688e+13 -8.899540e+13 6.149667e+13 -1.302377e-01 -8.988548e-01 -4.184473e-01 0.000000e+00 1
2.723390e+13 -2.577535e+13 1.208561e+14 9.820932e-01 -1.850898e-01 -3.513868e-02 0.000000e+00 1
-1.025198e+14 2.134889e+13 7.435784e+13 -6.996880e-01 5.910156e-01 -4.014191e-01 0.000000e+00 1
1.105822e+14 -6.557108e+12 5.433276e+12 3.060016e-01 -7.703570e-02 9.489091e-01 0.000000e+00 1
4.074113e+13 1.103172e+14 -1.147082e+14 -4.859120e-01 -1.693345e-01 8.574470e-01 0.000000e+00 1
6.648787e+13 4.252839e+13 -1.492043e+14 -3.558993e-01 -1.187902e-01 -9.269437e-01 0.000000e+00 1
7.587945e+13 -8.679383e+12 2.320047e+13 -5.049866e-01 -2.357953e-01 8.302946e-01 0.000000e+00 1
-6.568084e+13 4.668828e+12 -4.326158e+13 -1.621053e-01 9.696366e-01 1.831031e-01 0.000000e+00 1
1.051818e+13 -1.529871e+14 2.750544e+11 -2.311833e-01 -9.334368e-01 2.743173e-01 0.000000e+00 1
-4.602175e+13 1.476518e+14 1.532915e+13 5.115758e-01 -3.210706e-01 -7.969968e-01 0.000000e+00 1
-1.485319e+14 2.269070e+13 -2.932768e+13 3.235985e-01 -2.555583e-01 9.110291e-01 0.000000e+00 1
1.195780e+14 -4.999547e+13 1.042872e+14 -4.917676e-01 1.476620e-01 -8.581145e-01 0.000000e+00 1
5.357427e+12 -1.431577e+14 6.661114e+13 2.296506e-01 2.559311e-01 9.390207e-01 0.000000e+00 1
-3.155170e+13 -1.541127e+14 -3.810480e+13 8.996002e-01 -3.441819e-01 2.688088e-01 0.000000e+00 1
-3.216696e+13 -4.677456e+13 -2.344592e+12 8.148009e-01 -5.019523e-01 2.900748e-01 0.000000e+00 1
-1.038925e+14 1.317710e+13 9.624233e+13 -1.776121e-01 -3.774772e-01 -9.088261e-01 0.000000e+00 1
7.012304e+13 8.218059e+13 8.570440e+13 -7.608622e-01 1.101045e-01 6.395042e-01 0.000000e+00 1
-1.342678e+14 -9.650138e+13 -1.346597e+13 -3.311322e-01 -7.918711e-01 5.131195e-01 0.000000e+00 1
1.033150e+14 -8.217019e+13 -8.087839e+13 7.098005e-01 -3.634236e-01 6.034124e-01 0.000000e+00 1
4.166481e+12 -5.127554e+13 -1.036257e+14 8.560243e-01 4.968124e-01 1.428278e-01 0.000000e+00 1
-8.270116e+13 -4.383241e+12 5.766646e+13 5.431957e-01 -2.285933e-01 -8.078883e-01 0.000000e+00 1
-1.002662e+14 -6.397417e+13 -1.139685e+14 3.334650e-01 -5.771895e-01 7.454216e-01 0.000000e+00 1
1.513336e+14 7.087841e+13 3.095932e+12 3.666788e-03 -2.054053e-01 -9.786701e-01 0.000000e+00 1
-2.036489e+13 4.931559e+13 1.349794e+14 8.752689e-01 -8.784494e-02 4.755919e-01 0.000000e+00 1
6.646831e+13 8.712087e+13 1.151963e+14 6.952465e-01 7.127087e-01 -9.315862e-02 0.000000e+00 1
1.304581e+14 -2.376369e+13 -6.843617e+13 4.823211e-01 7.553269e-01 4.436751e-01 0.000000e+00 1
5.056077e+13 -1.673153e+13 4.309781e+13 1.636973e-01 9.804554e-01 1.091350e-01 0.000000e+00 1
-9.323231e+13 -7.812192e+13 7.815726e+13 2.488235e-01 -8.023802e-01 -5.424693e-01 0.000000e+00 1
-1.252002e+14 -7.357159e+13 7.222167e+13 -8.847892e-01 -4.566309e-01 9.293160e-02 0.000000e+00 1
-3.287210e+13 1.256445e+14 6.967007e+13 -4.710520e-01 3.215057e-01 8.214281e-01 0.000000e+00 1
3.529715e+12 1.266400e+14 -1.898518e+13 7.620807e-01 5.026638e-01 4.081203e-01 0.000000e+00 1
3.685245e+12 -1.881284e+12 -3.162364e+13 6.041572e-01 -7.440412e-01 -2.853012e-01 0.000000e+00 1
-7.272109e+13 -2.849336e+12 -5.906627e+13 3.163254e-01 5.924595e-03 9.486323e-01 0.000000e+00 1
-2.556016e+13 1.357406e+14 7.732187e+13 8.248633e-01 -4.373371e-01 -3.582412e-01 0.000000e+00 1
1.516037e+14 6.498502e+13 3.131269e+13 -2.509476e-01 -4.723599e-01 8.449268e-01 0.000000e+00 1
-1.334629e+14 -8.209298e+13 -4.653711e+13 9.492095e-01 1.195522e-01 -2.910474e-01 0.000000e+00 1
5.891245e+13 1.107601e+13 -1.375966e+14 -5.709691e-02 7.807960e-01 6.221717e-01 0.000000e+00 1
1.100767e+14 7.970782e+13 7.323265e+13 -4.016638e-02 -7.110200e-01 7.020236e-01 0.000000e+00 1
-6.798458e+13 8.397494e+13 -1.044971e+14 -4.536290e-01 4.339140e-01 -7.784211e-01 0.000000e+00 1
-5.723401e+13 3.520716e+13 1.360888e+14 6.120288e-01 6.053223e-01 5.089260e-01 0.000000e+00 1
8.691480e+10 6.028048e+13 -1.557623e+14 -4.214545e-01 -8.344506e-01 -3.550611e-01 0.000000e+00 1
-1.678670e+13 4.013014e+13 1.283541e+14 3.701871e-01 9.284169e-01 -3.167859e-02 0.000000e+00 1
3.241791e+13 -3.262868e+13 2.757868e+13 -2.609049e-02 -6.956359e-01 7.179206e-01 0.000000e+00 1
-6.914322e+13 -1.276706e+14 4.580200e+13 6.324751e-01 3.409716e-01 -6.954953e-01 0.000000e+00 1
9.664472e+13 2.821192e+13 8.677128e+13 4.604954e-01 8.398340e-01 -2.874418e-01 0.000000e+00 1
-1.111277e+14 -3.116981e+13 3.493735e+13 4.127956e-01 6.053440e-01 -6.805574e-01 0.000000e+00 1
-1.258835e+14 -2.363232e+13 1.034612e+13 -2.925991e-01 8.272392e-01 4.796468e-01 0.000000e+00 1
3.809892e+13 -7.924310e+13 -3.148747e+13 -2.975003e-01 -9.538800e-01 -4.008159e-02 0.000000e+00 1
1.401905e+13 5.911617e+13 -8.526345e+13 -1.277575e-01 8.968480e-01 4.234875e-01 0.000000e+00 1
1.119295e+13 -1.037423e+14 1.300849e+14 5.949983e-01 -2.705908e-02 -8.032713e-01 0.000000e+00 1
-1.090492e+14 -2.944365e+12 2.557855e+13 -4.149184e-01 -7.440331e-01 -5.236960e-01 0.000000e+00 1
-1.458260e+14 -1.381716e+13 3.719085e+13 -9.490669e-01 -5.575782e-02 3.101017e-01 0.000000e+00 1
1.384284e+14 -2.650367e+13 1.163773e+13 7.346227e-01 -6.265959e-01 -2.602057e-01 0.000000e+00 1
5.330528e+12 4.869610e+13 -9.932181e+13 6.014278e-01 -4.624020e-01 6.515128e-01 0.000000e+00 1
8.249637e+13 -6.991365e+13 -1.197092e+14 -5.623635e-01 -8.121792e-01 -1.552809e-01 0.000000e+00 1
-4.766719e+13 -4.802125e+13 3.970037e+13 -4.352187e-01 -2.790366e-01 8.559925e-01 0.000000e+00 1
7.529221e+13 -3.546837e+13 -1.188495e+14 1.849869e-02 8.285143e-01 5.596623e-01 0.000000e+00 1
-7.415734e+13 1.427669e+14 3.375839e+13 -5.365543e-01 7.588276e-01 -3.691749e-01 0.000000e+00 1
1.102345e+14 7.381728e+13 -5.637129e+13 8.394853e-01 -3.102793e-02 -5.424958e-01 0.000000e+00 1
-1.339614e+14 -4.418153e+13 -7.391674e+13 3.776833e-01 5.530651e-01 -7.426132e-01 0.000000e+00 1
3.511681e+13 -8.604487e+13 -4.018827e+13 9.141562e-01 -4.053372e-01 4.489784e-03 0.000000e+00 1
1.124145e+14 -1.108595e+14 -5.607819e+13 2.749869e-01 3.693887e-01 8.876566e-01 0.000000e+00 1
-9.450453e+13 -1.221607e+13 -1.336651e+14 -7.186845e-01 -4.875693e-01 4.957507e-01 0.000000e+00 1
-2.702234e+13 1.012099e+14 8.937371e+13 -3.622039e-01 8.810046e-01 -3.043668e-01 0.000000e+00 1
-2.419340e+12 -1.481125e+13 -1.092474e+14 -6.677252e-01 -4.659533e-01 5.805433e-01 0.000000e+00 1
-1.416779e+14 2.328471e+12 -5.284675e+13 8.451769e-01 5.214213e-01 -1.174554e-01 0.000000e+00 1
-5.854170e+13 1.233987e+14 -2.820492e+13 -4.072298e-01 -2.688446e-02 -9.129299e-01 0.000000e+00 1
8.427104e+13 -1.009976e+14 6.481254e+13 1.406017e-02 -2.635495e-01 9.645434e-01 0.000000e+00 1
9.195341e+13 6.774112e+13 -5.240706e+13 -5.356007e-01 8.029227e-01 -2.616238e-01 0.000000e+00 1
9.231554e+13 1.360237e+14 -1.236563e+13 -2.044299e-01 -7.093249e-01 -6.745863e-01 0.000000e+00 1
1.125156e+13 -4.974808e+13 8.723636e+13 3.298170e-02 -1.653720e-01 -9.856796e-01 0.000000e+00 1
7.902804e+13 7.985051e+13 1.157708e+14 -7.462742e-02 -2.835499e-01 9.560493e-01 0.000000e+00 1
-5.074504e+13 -5.174759e+13 -1.394701e+14 -7.519357e-01 -2.310385e-01 6.174253e-01 0.000000e+00 1
-7.920640e+13 -7.522362e+13 2.604467e+13 6.104196e-01 7.873746e-01 -8.619221e-02 0.000000e+00 1
-5.506705e+13 -1.490127e+14 3.964687e+13 1.551103e-01 5.791688e-01 -8.003151e-01 0.000000e+00 1
-8.692721e+12 7.369748e+13 -9.781296e+13 3.199673e-01 -3.339683e-01 -8.866150e-01 0.000000e+00 1
-1.141168e+14 3.622424e+13 5.565380e+13 8.185481e-01 -3.068765e-01 -4.855984e-01 0.000000e+00 1
7.210510e+13 5.797187e+13 -1.260212e+14 -9.281142e-01 -3.694695e-01 4.578639e-02 0.000000e+00 1
5.062431e+13 1.006667e+14 -5.848207e+13 6.826213e-01 3.493209e-01 6.418746e-01 0.000000e+00 1
-3.964170e+13 -1.018596e+14 9.647369e+13 4.217851e-01 -8.879868e-01 -1.832394e-01 0.000000e+00 1
-9.657051e+13 -1.030892e+14 -1.644294e+13 4.866659e-01 4.125328e-01 -7.700474e-01 0.000000e+00 1
4.664721e+13 -6.821379e+13 1.104838e+14 -5.730486e-01 4.404791e-01 6.910814e-01 0.000000e+00 1
-4.868865e+13 -1.364832e+13 -1.572242e+14 -7.376837e-01 5.294022e-01 4.189941e-01 0.000000e+00 1
5.645724e+13 -5.548895e+13 -2.843336e+13 -6.946797e-01 -1.373687e-01 -7.060807e-01 0.000000e+00 1
-1.271001e+12 1.570531e+14 -3.243619e+13 1.150861e-01 -8.763263e-01 4.677686e-01 0.000000e+00 1
2.781774e+13 1.047617e+14 3.555186e+12 3.484664e-01 7.369030e-01 5.792626e-01 0.000000e+00 1
7.178730e+13 1.192278e+14 -8.091566e+13 -1.831950e-01 -3.469522e-01 9.198173e-01 0.000000e+00 1
-7.753735e+13 8.086051e+13 7.871450e+13 9.092948e-01 9.932940e-02 4.041244e-01 0.000000e+00 1
-2.873189e+13 -1.566109e+14 -5.201109e+13 5.080895e-01 2.411796e-01 8.268479e-01 0.000000e+00 1
-1.943493e+13 -8.291610e+13 -8.559530e+13 9.616948e-01 -2.226019e-01 1.599736e-01 0.000000e+00 1
4.601516e+13 -6.688414e+13 -1.034589e+14 -8.329653e-01 4.375068e-01 3.387573e-01 0.000000e+00 1
-9.188089e+13 -5.597019e+12 -1.275883e+14 -8.199637e-01 4.448276e-01 3.602610e-01 0.000000e+00 1
-6.330616e+13 -6.169662e+12 3.770983e+13 -6.500131e-01 7.463518e-01 -1.429754e-01 0.000000e+00 1
8.180704e+12 -1.468468e+14 1.867246e+13 -4.132296e-01 3.570637e-01 -8.377033e-01 0.000000e+00 1
-7.554633e+12 8.726351e+13 -3.121513e+13 1.971809e-01 -9.077873e-01 -3.701918e-01 0.000000e+00 1
1.351559e+13 6.147907e+13 -1.310086e+14 8.838760e-01 -4.463814e-01 -1.396668e-01 0.000000e+00 1
-2.008181e+13 -8.328858e+13 -4.678994e+10 -8.942656e-01 -4.412275e-01 -7.488265e-02 0.000000e+00 1
-4.137113e+13 -1.040228e+13 1.241947e+14 -4.141051e-01 -5.957654e-01 6.881719e-01 0.000000e+00 1
5.428161e+13 -1.505884e+14 -4.087012e+13 -8.462794e-01 -2.035901e-01 4.923029e-01 0.000000e+00 1
-1.088523e+14 -2.784685e+13 -8.603360e+13 -3.618856e-01 7.879828e-01 4.981183e-01 0.000000e+00 1
2.155923e+13 -8.363802e+13 1.383430e+14 1.579315e-01 9.732578e-01 -1.668142e-01 0.000000e+00 1
5.093730e+13 -4.251968e+13 1.107113e+14 8.103637e-01 -5.725238e-01 1.246082e-01 0.000000e+00 1
2.598820e+13 8.848127e+13 9.855569e+12 -8.304028e-01 -4.964013e-01 2.530158e-01 0.000000e+00 1
-1.100416e+14 -5.126440e+13 8.333663e+13 2.779618e-01 9.113598e-01 -3.035794e-01 0.000000e+00 1
8.260041e+12 1.245313e+14 -2.047563e+13 -9.507515e-01 2.730773e-01 1.466304e-01 0.000000e+00 1
8.367142e+13 -2.010665e+13 1.063343e+14 1.080742e-01 -9.876800e-01 1.131736e-01 0.000000e+00 1
-9.154045e+13 -1.020900e+14 4.820945e+13 6.996949e-01 6.324816e-01 3.322560e-01 0.000000e+00 1
-3.370611e+12 6.467938e+13 -8.560679e+13 4.026239e-01 4.703061e-01 7.853064e-01 0.000000e+00 1
-2.603135e+13 4.530921e+13 -1.538885e+14 -3.170500e-01 7.109795e-01 -6.276842e-01 0.000000e+00 1
1.405828e+14 3.119088e+13 7.451475e+10 2.620764e-01 9.600723e-01 -9.786239e-02 0.000000e+00 1
-7.716248e+12 -3.322678e+13 -4.606650e+13 6.915709e-02 -9.135440e-01 4.008174e-01 0.000000e+00 1
1.276120e+14 3.241443e+13 8.688597e+13 -5.238175e-01 -7.753244e-01 -3.528275e-01 0.000000e+00 1
-2.579199e+13 -1.365131e+14 8.781537e+13 1.061836e-01 8.770214e-02 9.904713e-01 0.000000e+00 1
1.606281e+14 -9.958871e+12 -2.141795e+13 7.447607e-01 3.599867e-01 -5.619085e-01 0.000000e+00 1
8.111329e+12 -2.994432e+13 1.390976e+14 6.993840e-01 4.025004e-01 5.906398e-01 0.000000e+00 1
1.488379e+14 -4.952821e+13 1.459405e+13 7.345082e-01 6.429015e-01 2.171989e-01 0.000000e+00 1
-8.647680e+12 -6.306923e+13 -8.683446e+13 -4.131044e-01 3.922979e-01 8.218559e-01 0.000000e+00 1
1.192238e+14 -8.507058e+12 9.716885e+13 -5.034715e-01 -2.738514e-01 -8.194644e-01 0.000000e+00 1
3.987418e+13 -1.386692e+14 -8.609899e+13 -2.349624e-01 -1.205677e-01 9.644978e-01 0.000000e+00 1
5.793821e+13 -1.620905e+13 5.387345e+13 9.190359e-01 3.778058e-01 1.124089e-01 0.000000e+00 1
-1.180809e+14 -8.613938e+13 -8.309852e+13 -6.488615e-01 -5.638817e-01 -5.108974e-01 0.000000e+00 1
-6.777978e+13 -4.167504e+13 2.515126e+13 -2.907215e-02 9.309474e-01 3.639941e-01 0.000000e+00 1
-1.050322e+14 -7.932503e+13 -6.070848e+13 -7.055573e-01 7.015297e-01 -1.002241e-01 0.000000e+00 1
3.025463e+13 1.052515e+14 -8.521727e+13 -1.591411e-01 9.600274e-01 2.302641e-01 0.000000e+00 1
5.574056e+13 -1.566343e+14 2.246254e+12 4.398929e-02 2.308995e-02 9.987651e-01 0.000000e+00 1
1.262291e+13 -1.285212e+14 5.333358e+12 -8.500180e-01 3.187030e-02 5.257886e-01 0.000000e+00 1
-9.957677e+11 7.891632e+13 9.110306e+13 4.045292e-01 -3.511717e-01 8.444137e-01 0.000000e+00 1
-6.652835e+13 -9.511277e+13 -3.616136e+13 -1.496542e-01 -3.560630e-01 9.224006e-01 0.000000e+00 1
7.901612e+13 -1.115604e+13 5.743808e+13 -2.753931e-01 5.795983e-01 7.669579e-01 0.000000e+00 1
7.903045e+13 3.368427e+13 -1.065384e+14 -2.343628e-01 -8.217764e-01 -5.193820e-01 0.000000e+00 1
2.584475e+13 8.269386e+13 3.227239e+13 4.560870e-01 -3.837716e-01 8.029346e-01 0.000000e+00 1
1.043717e+13 5.565863e+13 -1.230421e+14 -2.371103e-01 -8.422075e-01 -4.842161e-01 0.000000e+00 1
-2.485198e+13 -6.623775e+13 1.462826e+14 6.081071e-01 -7.369281e-01 -2.951994e-01 0.000000e+00 1
-1.252063e+13 5.686426e+13 -3.863418e+13 -2.998671e-01 3.740345e-01 8.775978e-01 0.000000e+00 1
5.132954e+13 5.120859e+13 -3.419845e+13 9.500084e-01 -3.096035e-01 -4.037068e-02 0.000000e+00 1
3.617808e+13 6.381470e+13 3.945790e+13 4.496688e-01 5.016874e-01 -7.389910e-01 0.000000e+00 1
1.098463e+13 -9.097746e+13 -7.677328e+13 -5.712965e-01 -7.673733e-01 2.911331e-01 0.000000e+00 1
-7.890397e+12 -1.463543e+13 8.915172e+12 7.820863e-01 -5.973566e-01 1.774999e-01 0.000000e+00 1
4.238725e+13 1.361696e+14 8.448196e+13 3.902207e-01 -8.702248e-01 3.007268e-01 0.000000e+00 1
7.514387e+13 -1.320825e+11 8.393077e+13 -8.629422e-02 1.921594e-01 -9.775623e-01 0.000000e+00 1
-4.234800e+13 1.958300e+13 -2.416171e+13 -7.306830e-01 4.715696e-01 4.936846e-01 0.000000e+00 1
3.059858e+13 9.918624e+13 -7.329015e+12 5.055254e-01 -2.496816e-01 -8.258954e-01 0.000000e+00 1
-1.483968e+14 4.909440e+13 4.138939e+13 -4.002285e-01 2.020572e-02 9.161926e-01 0.000000e+00 1
1.526651e+13 -4.327509e+13 1.155727e+14 9.269148e-01 -1.154592e-01 -3.570687e-01 0.000000e+00 1
8.042388e+13 -4.121009e+13 -4.447074e+13 8.334514e-02 9.254290e-01 3.696415e-01 0.000000e+00 1
6.651725e+13 1.457428e+13 -1.373399e+14 -8.368742e-01 -3.437099e-01 -4.260341e-01 0.000000e+00 1
2.798567e+13 -1.480913e+14 -3.145235e+12 5.557356e-01 6.955710e-01 -4.553449e-01 0.000000e+00 1
8.527541e+13 -2.677135e+13 6.404760e+13 -9.480936e-03 -9.903735e-01 -1.380954e-01 0.000000e+00 1
-2.562962e+13 1.151661e+14 -1.081906e+14 -2.923493e-01 -5.200092e-01 8.025723e-01 0.000000e+00 1
1.022063e+13 -4.700263e+13 1.208632e+14 7.532799e-01 -2.976076e-01 -5.865144e-01 0.000000e+00 1
8.169312e+13 -6.943239e+13 9.483531e+13 -4.509811e-01 -2.039086e-01 -8.689288e-01 0.000000e+00 1
8.567329e+13 -2.122755e+12 8.553628e+13 -6.931407e-02 -4.219976e-01 -9.039434e-01 0.000000e+00 1
-6.170435e+13 4.442563e+12 -7.476295e+13 9.698343e-01 1.681789e-01 -1.764577e-01 0.000000e+00 1
-1.497249e+14 -2.677235e+13 -6.212372e+13 7.680952e-02 5.156246e-01 8.533648e-01 0.000000e+00 1
7.348555e+13 -8.890650e+13 1.174104e+13 -6.727361e-01 2.312423e-01 7.028180e-01 0.000000e+00 1
-7.131216e+13 -5.813794e+13 1.473432e+13 -2.317733e-01 8.840991e-01 -4.057707e-01 0.000000e+00 1
1.897397e+13 -2.339821e+12 -8.028522e+13 6.053959e-01 -7.934859e-01 6.225658e-02 0.000000e+00 1
-1.446263e+14 -2.875161e+13 -1.297903e+13 -5.074490e-01 3.325761e-01 -7.949142e-01 0.000000e+00 1
1.051134e+13 -9.162271e+13 8.076865e+13 -7.216711e-01 -1.285965e-02 6.921166e-01 0.000000e+00 1
9.129416e+13 5.929617e+13 5.614293e+13 -6.485615e-01 5.749480e-01 -4.988014e-01 0.000000e+00 1
8.045861e+13 1.181879e+14 7.128309e+13 -4.269250e-01 -8.360088e-01 3.447091e-01 0.000000e+00 1
9.839421e+13 -1.761509e+13 8.302158e+13 -8.838377e-01 -4.160394e-01 2.138741e-01 0.000000e+00 1
3.191655e+13 -8.178558e+13 -7.409956e+13 5.896010e-01 -7.683527e-01 -2.490076e-01 0.000000e+00 1
2.957848e+13 -1.271620e+14 -2.751783e+13 -2.628732e-01 4.345788e-01 -8.614168e-01 0.000000e+00 1
-1.857313e+13 -1.003077e+14 1.253658e+14 -9.605004e-01 -2.697569e-01 -6.833827e-02 0.000000e+00 1
5.182059e+13 2.398668e+13 -9.882420e+12 -9.241907e-01 -2.059111e-01 -3.216709e-01 0.000000e+00 1
4.398970e+13 -1.475180e+14 -6.909593e+13 -2.636002e-01 -3.665303e-02 9.639354e-01 0.000000e+00 1
1.083750e+14 -1.090122e+14 -2.799030e+13 5.875002e-01 8.045676e-01 8.668643e-02 0.000000e+00 1
-9.934588e+13 -5.199622e+11 -1.137039e+14 1.689928e-01 8.112738e-01 -5.597109e-01 0.000000e+00 1
-7.953795e+12 -1.018732e+14 3.012442e+11 1.329693e-01 -7.601788e-01 6.359617e-01 0.000000e+00 1
2.865854e+13 7.695393e+12 2.582572e+13 5.911824e-01 -1.531688e-01 7.918602e-01 0.000000e+00 1
3.680992e+13 1.497705e+14 -5.639977e+13 7.777273e-01 -1.189286e-01 6.172489e-01 0.000000e+00 1
-5.928755e+13 -9.253243e+12 1.438284e+14 9.817160e-01 -8.824090e-02 -1.686632e-01 0.000000e+00 1
-8.576902e+13 7.671238e+13 -5.186384e+13 -1.872069e-01 -2.513719e-01 -9.496135e-01 0.000000e+00 1
3.373512e+13 -3.196109e+13 -1.382421e+14 -4.053348e-01 6.406417e-01 -6.521365e-01 0.000000e+00 1
7.389140e+13 9.635034e+13 8.675944e+13 -5.628389e-01 8.205059e-01 9.991165e-02 0.000000e+00 1
4.376976e+13 -1.363970e+14 -5.086529e+12 -4.990791e-01 2.269139e-01 -8.363194e-01 0.000000e+00 1
-1.154174e+14 -8.432703e+13 -3.082203e+13 5.522528e-01 -8.026250e-01 2.254107e-01 0.000000e+00 1
-4.047663e+13 3.860206e+13 -1.148143e+14 -5.784310e-01 2.693204e-01 -7.699897e-01 0.000000e+00 1
-3.572184e+13 -1.308697e+14 -8.283398e+13 -1.908382e-02 8.834345e-01 -4.681660e-01 0.000000e+00 1
1.670321e+12 2.518230e+13 -4.504367e+13 -5.240609e-01 8.307924e-01 1.874680e-01 0.000000e+00 1
-5.689284e+13 6.541155e+13 -3.189452e+12 3.587768e-01 8.261393e-01 4.344803e-01 0.000000e+00 1
-1.011303e+13 -6.578048e+13 -1.345469e+14 4.575377e-01 3.267752e-01 -8.269687e-01 0.000000e+00 1
7.962707e+13 8.748456e+13 -1.057088e+14 5.585735e-02 9.115694e-01 -4.073343e-01 0.000000e+00 1
-1.214697e+13 -7.707867e+13 1.142823e+14 -8.202670e-01 -1.629440e-01 -5.482803e-01 0.000000e+00 1
-1.147811e+14 5.114137e+13 -1.273419e+13 7.578394e-01 3.474874e-01 5.522065e-01 0.000000e+00 1
-9.405279e+12 -4.797230e+13 1.717479e+13 4.052344e-01 -9.061708e-01 -1.209939e-01 0.000000e+00 1
-1.084732e+14 4.583290e+13 -7.466438e+13 8.967587e-01 4.345057e-01 8.383703e-02 0.000000e+00 1
-3.756598e+13 -1.621392e+13 2.926573e+13 6.312515e-01 7.078314e-01 3.170113e-01 0.000000e+00 1
-1.732373e+12 5.681893e+13 3.598646e+12 8.051259e-01 2.685115e-01 5.288419e-01 0.000000e+00 1
3.009445e+13 -9.648174e+12 1.290818e+14 -8.183802e-01 4.699564e-01 -3.307489e-01 0.000000e+00 1
-7.863198e+13 3.958540e+13 1.219212e+13 -5.465038e-01 7.796439e-01 -3.057597e-01 0.000000e+00 1
2.604591e+13 1.255663e+14 2.950492e+13 3.765497e-01 -1.183832e-01 9.188012e-01 0.000000e+00 1
-1.057135e+14 -9.904246e+13 4.719063e+13 8.422728e-01 2.710508e-01 -4.659484e-01 0.000000e+00 1
-2.443024e+13 1.071966e+14 -1.042030e+14 -5.110341e-01 -7.247457e-01 4.621556e-01 0.000000e+00 1
-3.933055e+13 -7.692266e+13 -1.249352e+14 7.610970e-01 6.392864e-01 1.097462e-01 0.000000e+00 1
-7.830603e+13 -1.281274e+14 -7.054618e+13 8.105184e-02 -6.482065e-01 7.571387e-01 0.000000e+00 1
-8.286643e+13 1.264343e+14 3.315331e+13 2.113767e-01 6.206947e-01 7.550219e-01 0.000000e+00 1
5.662724e+13 7.243404e+13 5.108148e+13 3.102464e-01 5.254470e-01 7.922453e-01 0.000000e+00 1
-5.041251e+13 -1.066660e+14 1.057223e+14 -8.179547e-01 -5.608968e-01 1.278469e-01 0.000000e+00 1
1.165725e+13 1.483994e+14 -6.044387e+13 -4.619971e-01 -7.359858e-01 -4.948571e-01 0.000000e+00 1
-5.504583e+13 3.915010e+13 4.246695e+13 3.291874e-01 -5.054360e-01 7.976027e-01 0.000000e+00 1
-1.138046e+14 3.705002e+13 -6.883583e+13 3.004207e-01 -1.173997e-01 9.465541e-01 0.000000e+00 1
8.435848e+13 -1.163455e+14 -8.761913e+13 2.482888e-01 4.673562e-01 -8.484874e-01 0.000000e+00 1
-7.235640e+13 1.252434e+14 -3.232880e+13 6.424047e-01 -4.822917e-01 -5.955761e-01 0.000000e+00 1
8.138538e+13 9.313570e+13 1.347697e+12 4.311132e-02 9.379624e-01 -3.440465e-01 0.000000e+00 1
4.976282e+13 6.423724e+13 1.487075e+14 6.069548e-01 7.561038e-01 -2.447712e-01 0.000000e+00 1
3.517239e+12 1.423089e+14 -2.051362e+13 7.176324e-01 -6.173171e-01 3.223714e-01 0.000000e+00 1
-8.507806e+12 6.166561e+12 -1.298348e+14 1.123083e-01 8.132637e-02 -9.903398e-01 0.000000e+00 1
3.409000e+12 -1.491857e+13 -1.426976e+14 -5.997490e-01 -4.897420e-01 -6.328143e-01 0.000000e+00 1
-6.385462e+13 -6.596775e+13 1.223820e+14 -9.815404e-01 -1.030772e-01 -1.611008e-01 0.000000e+00 1
