# 781 1.000000e+07 1.000000e+04 0.000000e+00 1.000000e+00 5.000000e-01
-1.438551e+14 5.728604e+13 -7.729002e+13 -6.471022e-01 6.826920e-01 3.393971e-01 5.441387e+00 0 320665
-1.240624e+14 -3.213145e+13 1.113003e+14 -7.852647e-01 -5.598911e-01 -2.643508e-01 7.396905e+00 0 567182
-1.358096e+14 2.024258e+14 -6.176442e+13 -3.092771e-01 9.506417e-01 2.506101e-02 -2.474452e+01 0 23497805
-5.835240e+13 1.827428e+14 2.198534e+13 -8.314576e-01 5.131140e-01 -2.130548e-01 -1.252775e+01 0 115746
-9.169810e+13 -1.004453e+14 1.068414e+14 1.993122e-01 -9.636488e-01 1.779205e-01 1.173090e+01 0 15629790
-1.130705e+14 -1.341437e+14 3.487130e+13 -5.017688e-01 -6.175475e-01 -6.056923e-01 -1.952919e+01 0 6198607
1.717925e+14 -4.578310e+11 -5.499956e+13 9.173059e-01 -1.488770e-01 -3.693042e-01 9.238422e+00 0 6605297
-1.560458e+13 -6.236894e+13 -1.583691e+14 -5.203181e-01 -5.353853e-01 -6.653057e-01 8.204053e+00 0 4278431
-2.370136e+14 -3.510952e+13 -3.622436e+13 -8.013423e-01 -3.335597e-01 -4.965767e-01 -1.743651e+01 0 3126378
1.228514e+14 -1.070767e+14 4.948029e+13 6.987252e-02 -9.579701e-01 2.782285e-01 -1.010960e+01 0 1124859
5.777715e+13 -1.268776e+13 1.591117e+14 1.075027e-01 2.838191e-02 9.937996e-01 -8.716667e+00 0 319697
-8.843991e+13 2.016180e+13 1.437775e+14 -7.334214e-01 -6.864487e-02 6.762994e-01 -5.221368e+00 0 2898839
9.134252e+13 8.492075e+13 1.733859e+14 -6.684950e-02 7.002329e-01 7.107778e-01 -1.811321e+01 0 2245474
-6.202091e+13 1.467421e+14 -6.458663e+13 4.841167e-01 5.007288e-01 -7.175665e-01 6.878670e+00 0 5721302
1.544820e+14 4.033863e+13 -5.812442e+13 8.503996e-01 -3.928647e-01 -3.499684e-01 4.288793e+00 0 15868841
-1.246244e+14 -1.193286e+14 -6.537168e+13 -4.562648e-01 -8.621400e-01 -2.203114e-01 1.101126e+01 0 30
5.522355e+13 -7.168880e+13 1.503703e+14 -1.418087e-02 -3.501662e-01 9.365802e-01 5.485335e+00 0 12943910
9.146095e+13 1.322420e+14 5.794119e+13 6.813180e-01 1.585628e-01 7.146073e-01 -1.433744e+01 0 14725366
1.315057e+13 -1.768885e+14 1.145704e+13 -7.068605e-02 -9.967689e-01 3.814797e-02 -1.205920e+01 0 16723451
1.297540e+14 3.966271e+13 1.071102e+14 8.654164e-01 -1.298279e-01 4.839413e-01 4.838210e+00 0 1831392
6.205604e+13 1.612996e+14 5.203897e+13 -4.930199e-01 8.699358e-01 -1.196389e-02 2.001464e+01 0 602894
-1.242930e+14 4.077575e+13 1.166015e+14 8.511069e-02 8.809106e-01 4.655671e-01 9.180986e+00 0 6960829
1.003804e+14 -1.176317e+14 -7.199193e+13 4.715233e-01 -3.065891e-01 -8.268427e-01 -8.209281e+00 0 896096
1.211872e+14 1.383318e+14 1.627505e+13 7.506912e-01 6.044380e-01 2.666783e-01 2.189979e+01 0 442348
-3.478583e+13 -4.494136e+13 1.616625e+14 -7.850950e-01 7.197535e-02 6.151792e-01 5.372906e+00 0 7297983
1.209005e+14 5.275495e+12 -1.189498e+14 2.898839e-01 3.230152e-01 -9.009043e-01 9.348892e+00 0 2091788
4.548572e+13 1.566889e+14 -4.868936e+13 -2.027314e-01 8.493989e-01 -4.872591e-01 -1.270037e+01 0 9822813
-1.343527e+14 1.140304e+14 -7.517614e+13 -4.401301e-01 7.909202e-01 4.251243e-01 -1.301169e+01 0 2640838
6.286022e+13 1.326956e+14 -8.577293e+13 1.094858e-01 6.254308e-01 -7.725602e-01 -1.376587e+00 0 807385
-1.698750e+14 -3.406059e+13 -4.646665e+13 -9.394498e-01 2.262054e-01 -2.574202e-01 1.297306e+01 0 2175172
1.786135e+13 1.661843e+14 3.475743e+13 -1.325534e-01 6.643313e-01 7.355906e-01 1.094462e+01 0 701253
-2.997751e+13 1.157346e+14 1.219772e+14 -9.128490e-01 2.580156e-01 3.164407e-01 -1.848030e+00 0 871588
-8.388139e+13 1.162408e+14 1.082988e+14 -2.766918e-01 3.504953e-02 9.603193e-01 1.659056e+01 0 3899357
1.172302e+14 2.349895e+13 -1.262367e+14 3.215472e-01 3.922268e-01 -8.618384e-01 -1.698007e+01 0 2699162
-8.705727e+13 -1.704617e+14 3.881831e+13 -1.213208e-01 -9.871021e-01 1.044544e-01 2.355177e+01 0 1270680
1.935102e+13 1.712509e+14 -2.490728e+13 -4.916001e-01 5.835092e-01 6.464103e-01 1.919512e+01 0 11358002
1.005045e+13 -1.876520e+14 8.137384e+13 -1.121824e-02 -7.459012e-01 6.659621e-01 -2.180967e+01 0 6733753
9.054394e+13 -1.182154e+13 1.646553e+14 7.145018e-01 -1.261058e-01 6.881748e-01 1.473229e+01 0 381984
3.611524e+13 1.685231e+14 3.688560e+13 2.459207e-01 9.031949e-01 3.517982e-01 8.096408e+00 0 1960946
-1.551681e+14 -6.139629e+13 3.223945e+13 -4.405198e-02 -3.856336e-01 9.215998e-01 -1.113052e+01 0 5431627
-6.033262e+11 1.566936e+14 -7.029402e+13 -2.803001e-01 3.972620e-02 -9.590900e-01 -7.647872e+00 0 66445
-7.409404e+13 -1.456226e+14 9.466373e+13 -6.855903e-01 -1.714092e-01 7.075202e-01 9.219268e+00 0 3509267
-3.039241e+12 1.084455e+14 -1.393294e+14 -1.914085e-01 2.624145e-01 -9.457808e-01 -1.479987e+01 0 4015094
-6.459665e+13 7.701139e+13 -1.373169e+14 -8.072240e-01 5.858189e-01 7.214973e-02 -9.807886e+00 0 3547797
7.963202e+13 -9.666527e+13 -1.172379e+14 9.244995e-01 -2.884576e-01 2.491845e-01 -9.415282e+00 0 7438877
-5.752835e+13 3.739179e+13 1.562013e+14 4.962506e-01 7.620952e-01 4.158681e-01 -7.890095e+00 0 23907146
-3.992222e+13 -1.685491e+14 -4.471346e+12 -4.324362e-01 -4.549812e-01 -7.784543e-01 1.022876e+01 0 3178686
-3.909442e+13 -2.962326e+13 1.835373e+14 1.149341e-01 3.390210e-02 9.927944e-01 2.320558e+01 0 1957115
-3.787708e+13 1.692270e+14 -1.230121e+13 -7.397482e-02 5.745664e-01 -8.151081e-01 -1.554893e+01 0 17292234
-1.407704e+14 6.070466e+13 -8.428763e+13 -2.882871e-01 8.572317e-02 -9.536991e-01 -1.437004e+01 0 6325335
-1.479361e+14 -5.298347e+13 -1.048815e+14 -8.135888e-01 -2.603997e-01 -5.198704e-01 -1.495095e+01 0 2915272
-1.647546e+14 -5.343788e+13 3.893215e+13 -9.497331e-01 2.785371e-01 1.429132e-01 -2.022436e+01 0 2433933
6.798456e+13 -1.729913e+14 -5.105219e+13 -7.552825e-02 -9.409288e-01 -3.300736e-01 1.173888e+01 0 371182
-6.691311e+13 1.530770e+14 -3.580116e+13 1.393700e-01 8.184965e-01 5.573504e-01 1.172213e+00 0 6648607
-1.567645e+14 -9.289222e+13 -4.129506e+13 -7.744939e-01 -5.258565e-01 -3.516165e-01 -1.047928e+01 0 872775
1.607602e+14 -5.220787e+13 1.658318e+13 7.103881e-01 3.626322e-01 6.031970e-01 1.021139e+01 0 3
1.334813e+14 5.001875e+13 1.146006e+14 3.019597e-01 7.884891e-01 5.358221e-01 2.371170e+01 0 2830887
1.356500e+14 7.329776e+13 7.153738e+13 7.151781e-01 -4.421173e-01 5.413434e-01 -2.032508e+01 0 16115408
6.181840e+13 -8.286518e+13 -1.362065e+14 -2.378930e-01 -6.409033e-01 -7.298286e-01 -6.703059e+00 0 271040
-4.867041e+13 -1.597217e+14 -3.224932e+13 7.820725e-01 -5.345040e-01 -3.204186e-01 -3.031093e+00 0 697211
2.751412e+13 1.495176e+14 -8.790061e+13 1.453341e-02 4.731570e-01 -8.808583e-01 -6.505884e+00 0 738042
-2.273553e+14 1.438086e+14 1.642927e+14 -7.555680e-01 1.216569e-01 6.436743e-01 2.673249e+01 0 4527093
8.682056e+13 1.221629e+14 -9.303955e+13 3.788737e-01 9.234995e-01 -6.002838e-02 1.478095e+01 0 1468520
5.140202e+13 5.019093e+13 1.632029e+14 -5.381965e-01 6.092581e-02 8.406144e-01 1.273931e+01 0 659106
2.344045e+13 -1.967181e+14 -1.068788e+14 2.842868e-01 -9.536756e-01 9.840668e-02 2.063474e+01 0 2259132
-9.403205e+12 -1.067917e+14 1.528580e+14 4.861892e-01 -8.738375e-01 5.300228e-03 1.864106e+01 0 4403824
-1.650326e+14 -4.655548e+12 7.097527e+13 -8.787380e-01 4.764452e-01 2.862751e-02 -1.493379e+01 0 6936923
1.641006e+14 -3.641237e+13 3.403387e+13 3.103065e-01 -7.312351e-01 6.074579e-01 -1.825530e+01 0 1647890
3.377125e+13 -1.222946e+14 1.160369e+14 3.103893e-02 -9.905013e-01 1.339541e-01 -7.137721e+00 0 532640
1.137970e+13 9.328482e+13 1.714414e+14 -2.418869e-01 1.774386e-01 9.539425e-01 1.671828e+01 0 65029
2.820674e+13 6.935939e+13 1.592688e+14 1.853870e-01 7.134778e-01 6.757079e-01 1.173912e+01 0 2507915
-7.709036e+13 1.742416e+14 4.050335e+13 -2.014510e-01 9.562534e-01 2.121250e-01 6.980648e+00 0 539542
-1.451337e+14 8.239042e+13 4.771992e+13 -8.253437e-01 5.596573e-01 7.477672e-02 1.163072e+01 0 8977691
-1.532173e+14 -7.329876e+13 1.044712e+13 -5.214550e-02 -4.977303e-01 -8.657629e-01 1.680458e+01 0 8816778
-1.051869e+12 1.527136e+14 -7.982553e+13 7.807977e-01 5.550642e-01 2.868077e-01 3.332640e+00 0 8923787
-7.876907e+13 1.318982e+13 -1.506453e+14 -3.842294e-01 -5.658103e-01 -7.295386e-01 -7.615947e+00 0 2517628
-1.463115e+14 7.975092e+13 -3.259589e+13 -8.496979e-01 -2.892216e-01 4.408678e-01 -7.607671e+00 0 4209814
8.218748e+13 1.369074e+14 6.282715e+13 6.505654e-01 2.387436e-01 7.209481e-01 -7.281345e+00 0 1227152
1.598572e+14 -5.347977e+13 -7.125891e+13 7.428495e-01 -9.478158e-02 -6.627149e-01 1.710866e+01 0 6169934
1.467786e+14 -8.146042e+13 2.711134e+13 4.527421e-01 -8.916415e-01 -8.175528e-05 -1.190949e+01 0 3653104
1.170693e+14 8.350141e+13 9.297489e+13 1.393064e-01 1.159155e-01 9.834416e-01 -8.324539e+00 0 2656790
-6.760357e+13 -1.226105e+14 -9.604500e+13 2.026809e-01 -8.780609e-01 4.335083e-01 1.727145e+01 0 3812584
-3.186119e+13 1.277702e+14 1.112814e+14 -7.890562e-01 6.083650e-01 8.533657e-02 -5.468371e+00 0 5738678
9.056308e+13 1.273176e+14 -7.732848e+13 6.959791e-01 -1.043411e-01 -7.104408e-01 5.880007e+00 0 1815225
2.473231e+13 -1.688217e+14 1.003449e+13 5.776479e-01 -7.084705e-01 -4.054534e-01 1.106214e+01 0 4152423
1.568664e+14 -6.037836e+13 -5.613827e+13 8.546640e-01 -5.148230e-01 6.713239e-02 7.825360e+00 0 8066101
1.358596e+14 -8.351808e+13 -7.939069e+13 2.178452e-01 -9.114783e-01 -3.489280e-01 -1.506603e+01 0 21231570
1.401548e+14 -7.923609e+13 7.511667e+13 7.469633e-01 -5.558750e-01 3.647586e-01 -4.664118e+00 0 346189
7.181571e+13 -2.696001e+13 -1.525899e+14 8.482861e-01 -4.515802e-01 -2.765610e-01 -1.853241e+01 0 19681913
1.577938e+14 -6.090653e+13 -1.362592e+13 3.891981e-01 -8.744444e-01 -2.896061e-01 1.574263e+01 0 9724641
-1.208828e+14 -1.034591e+14 6.291545e+13 -9.582086e-01 2.840853e-01 3.364122e-02 -2.264358e+01 0 2002889
1.482011e+14 -1.658146e+14 1.037268e+14 3.054285e-01 -8.820075e-01 3.588539e-01 -2.381422e+01 0 6796488
-6.484387e+13 2.035658e+14 -4.690782e+13 -2.834407e-01 9.244739e-01 2.549694e-01 -1.333367e+01 0 7875488
-1.385453e+14 1.045439e+14 1.470895e+14 -9.194740e-01 -8.892373e-02 3.829623e-01 -1.099238e+01 0 6463346
1.056260e+13 -1.047066e+13 -1.707418e+14 -6.329954e-01 6.456307e-01 -4.271743e-01 5.830855e+00 0 9496114
4.861768e+13 1.187092e+14 1.258667e+14 4.567311e-01 4.732686e-01 7.532686e-01 1.248924e+01 0 1475172
8.343041e+13 -9.564350e+13 1.142306e+14 -9.958462e-02 -4.551469e-01 8.848301e-01 -1.129603e+01 0 223814
1.286424e+14 -6.861178e+13 -9.194212e+13 9.767022e-02 3.045903e-01 -9.474626e-01 -6.040012e+00 0 10598203
1.395144e+14 -9.730624e+13 -1.911567e+13 7.892158e-01 -5.738400e-01 -2.187376e-01 -7.779274e+00 0 3080772
-1.957122e+13 -5.272966e+13 1.616175e+14 1.719331e-01 -7.726901e-01 6.110557e-01 1.454806e+01 0 7506757
2.677298e+13 1.703396e+14 -9.038585e+12 -6.033044e-01 7.883267e-01 1.206845e-01 -5.288562e+00 0 5964688
7.685205e+13 9.839524e+13 -1.161743e+14 9.826096e-01 7.284241e-02 1.707990e-01 -1.244598e+01 0 3606908
-1.049318e+14 1.411375e+14 -2.317003e+13 -4.577544e-01 8.380948e-01 2.967457e-01 4.568866e+00 0 21475803
-2.022567e+13 1.179053e+14 1.217003e+14 -6.213696e-01 -2.498846e-01 7.426018e-01 -1.038976e+01 0 4188869
-7.080809e+13 1.923029e+11 1.551847e+14 -6.741071e-01 5.666524e-01 4.737981e-01 -6.275459e+00 0 48692
-1.706615e+13 1.132145e+14 -1.339607e+14 -8.112494e-02 9.254372e-01 -3.701145e-01 -1.055924e+01 0 370253
1.184631e+14 1.201749e+14 -4.297845e+13 -4.684665e-01 6.542094e-01 -5.937585e-01 -4.571189e+00 0 5024313
-1.674368e+14 -8.875481e+12 6.123884e+13 -3.921736e-01 -6.268857e-02 9.177527e-01 1.431112e+01 0 1077244
1.772822e+14 1.416529e+13 6.163406e+12 6.988789e-01 -6.107602e-01 -3.722100e-01 -1.678248e+01 0 3308486
1.475517e+14 1.800736e+13 -8.496073e+13 5.744957e-01 -3.428456e-01 -7.432440e-01 -9.759904e+00 0 14947711
1.034865e+14 -9.802689e+13 1.141330e+14 -3.354862e-02 3.603894e-02 9.987871e-01 -1.195461e+01 0 4092229
2.236714e+13 -1.734179e+14 -1.938835e+13 3.766915e-01 -7.541539e-01 -5.379177e-01 -8.425517e+00 0 25800118
-8.115626e+13 1.521202e+14 4.584580e+13 -9.066562e-01 4.158519e-01 7.100453e-02 1.947946e+01 0 10461404
1.101892e+14 1.942683e+13 -1.329252e+14 5.258088e-01 1.927523e-01 -8.284755e-01 1.234725e+01 0 13145451
-1.404871e+14 9.051044e+13 -4.459810e+13 -5.134253e-01 6.692512e-01 5.371194e-01 4.020885e+00 0 1
1.636132e+14 5.699444e+13 -7.893354e+12 2.787861e-01 3.663262e-01 8.877406e-01 1.798356e+01 0 698812
-1.600146e+14 -1.716957e+13 5.795566e+13 -9.783818e-01 -1.064533e-01 1.773042e-01 -3.903916e+00 0 8754
1.581593e+14 1.555637e+14 -8.484805e+13 5.966047e-01 7.908769e-01 -1.362956e-01 2.890713e+01 0 2146868
-1.360684e+14 2.172608e+13 -9.900835e+13 -9.911771e-01 -1.064246e-01 7.900423e-02 -1.221385e+01 0 4946351
-1.558833e+14 -3.556067e+13 7.724726e+13 -8.382949e-01 4.485718e-01 3.099111e-01 -1.477912e+01 0 384359
5.903683e+13 -1.375188e+14 -1.076456e+14 2.455953e-01 -6.352944e-01 -7.321776e-01 1.420138e+01 0 326872
-1.011449e+14 7.655039e+12 1.480341e+14 -9.565582e-01 -5.669104e-02 2.859766e-01 -1.386967e+01 0 13102224
-3.679916e+13 -1.662038e+14 2.285195e+12 -1.415284e-02 -2.822595e-01 -9.592337e-01 -1.433891e+01 0 1055102
1.667337e+14 2.613913e+13 -3.414060e+13 7.508173e-01 2.219935e-01 6.220870e-01 1.105229e+01 0 4661654
6.121454e+13 1.627064e+14 -6.422434e+12 -3.739835e-01 7.686115e-01 -5.190114e-01 2.722916e+01 0 2373673
1.163558e+14 -4.385304e+13 1.202964e+14 8.195354e-01 -5.099152e-01 2.614348e-01 8.522400e+00 0 1667002
3.835341e+13 9.041709e+13 1.403901e+14 9.103265e-01 4.138341e-01 6.859827e-03 1.402650e+01 0 4390341
-9.013778e+13 -7.470115e+13 1.228969e+14 3.772412e-01 1.580283e-01 9.125328e-01 1.779613e+01 0 410688
6.261696e+13 -7.967864e+13 -1.367628e+14 9.376842e-01 -2.958161e-01 -1.823219e-01 8.550025e+00 0 3876552
-1.777538e+14 -7.272121e+13 -4.024425e+13 -3.855019e-01 -9.102159e-01 -1.513118e-01 2.919120e+01 0 2571955
3.671944e+13 1.692382e+14 -4.719786e+13 -7.764523e-02 9.330240e-01 -3.513366e-01 -9.816825e+00 0 1300368
-4.392425e+13 1.628534e+14 -5.686384e+13 3.774539e-01 9.135612e-01 -1.514412e-01 1.389966e+01 0 3115200
-1.239968e+14 2.742517e+13 -1.159140e+14 -6.420031e-01 7.530131e-01 1.442333e-01 9.251777e+00 0 13265643
1.834221e+13 1.512539e+13 1.871534e+14 -1.227458e-02 3.946043e-01 9.187692e-01 -1.183245e+01 0 3089989
-2.988573e+13 8.674299e+12 -1.701322e+14 9.476544e-02 3.564340e-02 -9.948613e-01 -1.318187e+01 0 8430930
-5.987390e+13 -9.972759e+13 1.330120e+14 -3.347286e-01 -8.660926e-01 -3.712686e-01 -1.695240e+01 0 41693
7.569018e+13 -1.263472e+14 -9.966391e+13 -1.426055e-01 -9.894760e-01 2.451192e-02 -3.005298e+01 0 842734
6.903019e+13 5.569818e+13 1.749458e+14 -9.031008e-02 2.949004e-01 9.512507e-01 -1.533764e+01 0 235924
5.365683e+13 1.078590e+14 -1.581974e+14 1.378895e-01 6.524209e-01 -7.452070e-01 -1.003037e+01 0 12196308
-2.574723e+13 -1.566995e+14 6.703675e+13 -1.058257e-01 -9.764463e-01 -1.880253e-01 -1.636441e+01 0 2683054
-1.475752e+14 6.446241e+13 -7.661209e+13 -7.239997e-01 4.535135e-01 -5.197596e-01 -1.553820e+01 0 9637390
1.689140e+14 -3.454479e+13 2.741263e+13 7.159480e-01 -6.143749e-01 3.316053e-01 8.574283e+00 0 1807689
-6.447721e+13 -1.440380e+14 -6.233451e+13 -6.656983e-01 -7.230063e-01 -1.846827e-01 -1.442253e+01 0 10295784
-1.119965e+14 -5.552890e+13 -1.223292e+14 -4.801643e-01 -7.968672e-01 -3.666673e-01 -5.596241e+00 0 699570
4.537096e+13 -1.485034e+14 7.175677e+13 5.798040e-01 -7.096773e-01 4.002318e-01 -3.888273e+00 0 1356375
-1.401869e+14 -6.921611e+13 -8.253732e+13 -5.892763e-01 -7.867441e-01 -1.838129e-01 -7.057960e+00 0 10718144
7.243305e+13 1.502911e+14 -5.626904e+13 -6.380422e-01 6.356103e-01 -4.346283e-01 -5.273799e+00 0 6274121
-8.573761e+13 -1.471344e+14 1.504757e+13 -8.288313e-01 -1.070200e-01 5.491679e-01 -1.470142e+01 0 495924
7.479546e+13 -1.505238e+14 4.022716e+13 -4.175349e-01 -6.631939e-01 6.211589e-01 -2.030664e+01 0 3417603
-1.314561e+14 5.730514e+13 1.039446e+14 -3.343903e-01 -2.591913e-01 9.060922e-01 -1.027739e+01 0 1291824
8.739232e+13 1.470581e+14 1.290414e+11 -3.611170e-01 8.681530e-01 -3.404481e-01 1.227429e+01 0 4461978
8.038554e+13 5.935344e+13 1.381781e+14 6.328899e-01 5.718296e-01 5.219782e-01 -1.517671e+01 0 6884402
-1.750082e+14 -3.996742e+13 4.542539e+13 -9.719854e-01 -1.155818e-02 2.347570e-01 1.265123e+01 0 930109
1.523578e+14 1.156347e+14 -4.069167e+13 9.184979e-01 3.066549e-01 2.496484e-01 1.173962e+01 0 1858543
-1.676380e+14 4.117154e+13 1.717270e+13 -8.078024e-01 -2.171141e-01 -5.480116e-01 2.190301e+01 0 950180
7.921838e+13 -3.434236e+13 -1.523670e+14 7.092188e-02 4.028636e-01 -9.125081e-01 8.736198e+00 0 3677292
-1.588375e+13 -1.638954e+14 4.499338e+13 1.753375e-01 -5.179029e-01 8.372774e-01 9.578239e+00 0 4816515
-1.123238e+14 1.552295e+14 7.203640e+13 -9.368541e-01 2.393133e-01 -2.550167e-01 -1.597335e+01 0 1735506
-3.213425e+13 1.316326e+14 -1.040429e+14 -2.111344e-01 9.735656e-01 8.713414e-02 -1.019646e+01 0 11818465
9.490513e+13 3.790509e+13 1.400356e+14 2.125756e-01 1.560977e-01 9.645958e-01 6.422934e+00 0 831840
-1.324218e+14 3.178122e+13 1.029278e+14 -5.963515e-01 6.705488e-01 -4.412812e-01 4.572931e+00 0 7998030
7.092992e+13 1.443538e+14 -5.573541e+13 5.644785e-01 2.103122e-01 -7.982060e-01 -2.740338e+01 0 5021460
1.734262e+14 3.149235e+12 2.059875e+12 6.696690e-01 -5.365214e-02 -7.407191e-01 -1.053907e+01 0 16391547
1.947542e+13 -7.162414e+13 1.696667e+14 9.564027e-02 2.855262e-01 9.535868e-01 -1.084873e+01 0 9294927
-1.714032e+14 8.168925e+12 2.154516e+13 -6.290960e-01 -2.559109e-01 7.339944e-01 1.438777e+01 0 6729799
-9.642361e+13 -1.343681e+14 -4.486577e+13 2.228690e-01 -6.496214e-01 -7.268572e-01 -5.356765e+00 0 3129088
1.304879e+14 1.100480e+14 -1.543721e+13 8.426206e-01 3.914630e-01 -3.697936e-01 5.010511e+00 0 315447
-4.380872e+13 5.386354e+13 1.674236e+14 1.634871e-01 -9.807005e-02 9.816589e-01 -1.530271e+01 0 3235001
1.324846e+13 -1.159022e+14 -1.232113e+14 -8.719284e-02 -9.641268e-01 -2.507128e-01 1.450277e+00 0 510769
8.992857e+13 -6.736062e+13 -1.306423e+14 8.545898e-02 -5.020581e-01 -8.606012e-01 -6.148171e+00 0 7755318
-7.158067e+13 -1.583990e+14 -2.394118e+13 -7.895432e-01 -6.132110e-01 2.436636e-02 -1.227232e+01 0 2943648
-7.638792e+13 2.814871e+13 -1.678010e+14 -4.325473e-02 6.340407e-01 -7.720890e-01 -1.664756e+01 0 5884447
1.568513e+13 1.697500e+14 -2.873107e+13 1.779454e-01 9.536364e-01 -2.427200e-01 6.365649e+00 0 4
1.296684e+14 -9.463511e+13 6.556266e+13 4.941606e-01 -4.449597e-01 -7.468709e-01 -1.950522e+01 0 8690396
3.251493e+13 2.654789e+13 -1.740894e+14 1.448262e-01 5.926219e-01 -7.923538e-01 1.040498e+01 0 2000751
-1.245773e+14 3.543548e+13 1.107534e+14 -5.682547e-01 5.160949e-02 8.212326e-01 8.120787e+00 0 642370
1.631624e+14 7.082066e+13 -4.608942e+13 9.009763e-01 2.228503e-01 -3.722626e-01 1.642078e+01 0 4550069
-9.103895e+13 -1.693950e+14 5.498088e+12 -4.356582e-01 -4.871053e-01 7.569217e-01 1.760520e+01 0 3924971
6.481836e+13 -8.725627e+13 2.249307e+14 4.531970e-01 -5.847341e-01 6.728287e-01 -2.420975e+01 0 2669636
-1.328086e+14 -1.269649e+14 1.001168e+14 -5.969354e-01 -1.598070e-01 7.862124e-01 1.731317e+01 0 165480
-1.275734e+14 1.132136e+14 -1.784466e+13 -1.271100e-01 8.570046e-01 4.993858e-01 -1.496109e+01 0 1698441
5.752742e+13 -1.492416e+14 -1.121778e+14 2.465101e-01 -9.372915e-01 -2.464089e-01 -1.434992e+01 0 1167867
-7.865051e+13 5.695929e+13 -1.447239e+14 -7.869326e-01 4.925728e-01 -3.716304e-01 -1.795427e+01 0 7118284
-5.487970e+13 1.092056e+14 -1.558815e+14 1.133711e-01 7.973866e-01 -5.927239e-01 -1.898685e+01 0 5508797
-1.330022e+14 7.295325e+13 -9.051075e+13 -6.441676e-01 2.053382e-01 -7.368068e-01 1.049531e+01 0 1524497
-1.458941e+13 1.431833e+14 9.086882e+13 -7.968410e-02 9.632107e-01 2.566626e-01 4.359715e+00 0 126242
-7.414949e+13 -6.431318e+13 1.426112e+14 -5.162951e-01 -4.641403e-01 7.197314e-01 7.984726e+00 0 5603240
-9.346438e+13 -1.362830e+14 -5.189375e+13 -3.803050e-01 -9.241952e-01 3.509003e-02 1.309964e+01 0 1345236
-1.605846e+14 5.499113e+13 -3.759294e+13 -9.102724e-01 -2.447615e-01 -3.339102e-01 2.637509e+01 0 139353
4.299497e+13 4.647393e+13 1.575699e+14 -8.332146e-02 -1.620659e-01 9.832559e-01 4.598316e+00 0 1764311
-8.910813e+13 1.211225e+14 -9.592048e+13 -9.658546e-01 5.287245e-02 -2.536324e-01 -9.034758e+00 0 1162122
-1.607408e+13 -1.695407e+14 -1.096029e+13 -6.743329e-01 -4.143497e-01 -6.112196e-01 -2.981666e-01 0 4068902
4.707593e+13 -8.253837e+13 1.414813e+14 4.229800e-01 -6.291060e-01 6.521607e-01 5.980943e+00 0 409252
6.754015e+13 2.620420e+12 -1.639599e+14 5.263680e-01 -3.149091e-01 -7.897905e-01 1.118686e+01 0 1614715
-1.137521e+14 -4.147066e+13 -1.189752e+14 -6.596781e-01 6.927952e-01 -2.913068e-01 3.332781e-01 0 114445
1.342021e+14 9.685738e+13 -4.198743e+13 3.662660e-01 8.460574e-01 -3.873448e-01 -5.940836e+00 0 6033602
1.897855e+13 2.262843e+14 6.320320e+13 1.130479e-01 7.887513e-01 6.042281e-01 -2.111190e+01 0 1668932
4.619220e+13 7.243550e+13 -1.474431e+14 3.822796e-01 -7.183106e-02 -9.212506e-01 -8.176016e+00 0 1576248
-4.446107e+13 9.364321e+13 -1.511349e+14 -4.595695e-01 8.043660e-01 -3.765518e-01 1.098342e+01 0 2382772
-1.810538e+13 9.091259e+13 -1.465236e+14 -6.813793e-01 -4.060563e-01 -6.089667e-01 -1.369413e+01 0 4709557
-1.794260e+14 1.085892e+14 8.774137e+12 -5.615750e-01 5.510145e-01 6.172654e-01 -2.505909e+01 0 1031580
1.336132e+14 -1.153048e+14 4.690822e+13 7.065760e-01 -1.781232e-01 6.848522e-01 2.187115e+01 0 7827129
7.894125e+13 -7.773629e+13 -1.327243e+14 8.457533e-02 -7.547506e-01 -6.505371e-01 5.444995e+00 0 1040740
9.620628e+13 1.526583e+13 1.414959e+14 5.868804e-01 3.608241e-01 7.248292e-01 1.230148e+01 0 806865
-1.672321e+14 4.323824e+13 -9.853570e+13 -6.237536e-01 5.133214e-01 -5.894342e-01 -2.240713e+01 0 12605647
8.858113e+13 2.333007e+13 1.475140e+14 5.452326e-01 7.551828e-01 3.638960e-01 1.214219e+01 0 1799157
8.147289e+13 -3.233263e+12 1.773902e+14 -3.275515e-01 -4.220118e-01 8.453497e-01 -1.999788e+01 0 5158389
1.732090e+14 -2.505272e+13 4.096561e+13 8.674337e-01 -4.973995e-01 1.235301e-02 1.345968e+01 0 4747846
-8.795359e+13 1.550318e+14 -6.937784e+13 1.024581e-02 7.406197e-01 -6.718463e-01 -1.434335e+01 0 532278
-1.148746e+14 9.004562e+13 -8.745116e+13 -9.615696e-01 7.149868e-02 2.650882e-01 -5.474496e-02 0 3252813
-1.677945e+14 -2.231871e+13 4.083302e+13 -2.268542e-01 -9.510637e-01 2.097975e-01 -4.598853e+00 0 9979845
-1.703275e+14 2.428011e+13 -2.196286e+13 -5.515801e-01 4.615968e-01 -6.947573e-01 4.861149e+00 0 3877341
9.193128e+13 -1.392640e+14 9.290187e+13 2.917500e-01 -9.562448e-01 2.185742e-02 -2.123350e+01 0 17078684
-3.200247e+13 1.455746e+14 -8.172839e+13 -5.705623e-01 -1.622448e-01 -8.050685e-01 -3.069199e+00 0 3637451
1.709854e+14 -1.164896e+13 -6.879369e+12 8.579961e-01 4.574847e-01 -2.335605e-01 1.335706e+01 0 166425
-1.399807e+14 -7.103227e+13 -8.902202e+13 -4.305349e-01 -5.188880e-01 -7.385086e-01 1.797779e+01 0 16368890
8.246125e+13 -1.400714e+14 5.764617e+13 1.674489e-01 -8.843889e-01 4.356800e-01 7.926260e+00 0 3637113
-1.010087e+14 -1.344602e+14 -3.445063e+13 -4.905227e-01 -8.364742e-01 -2.443328e-01 1.404546e+01 0 26540
-3.588295e+13 1.363742e+14 9.441870e+13 7.025162e-01 5.932257e-01 3.931339e-01 1.017024e+01 0 6497640
1.209004e+14 -9.048200e+13 -7.728431e+13 8.842914e-01 -7.767110e-02 -4.604302e-01 3.868356e-01 0 5215668
1.623377e+13 6.877258e+13 -1.885321e+14 3.620287e-02 9.121288e-01 -4.083018e-01 1.407783e+01 0 6132921
-1.942868e+13 -6.684672e+13 1.550011e+14 3.286076e-01 -1.451655e-01 9.332438e-01 4.924867e+00 0 16545492
1.589726e+14 2.209923e+13 -6.491524e+13 5.794628e-01 7.774762e-01 -2.444455e-01 -5.203708e+00 0 1267074
-8.515753e+13 8.920102e+12 -1.490637e+14 -8.791455e-03 -1.647620e-01 -9.862942e-01 9.575660e+00 0 1150281
1.339883e+13 -1.227608e+14 1.168034e+14 -4.111016e-01 -8.699594e-01 2.723344e-01 -1.376849e+01 0 5005409
-4.306348e+13 1.309923e+14 1.019777e+14 -4.619948e-01 8.323161e-01 -3.062854e-01 8.638964e+00 0 2359035
-5.696548e+12 1.579327e+14 7.030367e+13 -5.367520e-01 8.435383e-01 -1.845185e-02 1.652402e+01 0 259717
7.439248e+12 -4.794194e+13 1.634602e+14 -5.105588e-01 -6.034293e-01 6.125379e-01 -8.376749e+00 0 5294602
-1.059848e+14 -1.587036e+14 -7.831483e+13 -5.766282e-01 -6.621876e-01 -4.785473e-01 -1.860631e+01 0 1467324
-1.102202e+13 1.772851e+14 -5.652707e+12 -1.767827e-01 7.649820e-01 -6.193144e-01 1.470251e+01 0 1049314
-9.584214e+13 1.410770e+14 5.624219e+12 -8.847038e-01 2.591238e-01 -3.874972e-01 9.819258e+00 0 2024976
-2.722570e+13 -8.456995e+13 -1.452252e+14 2.380360e-01 -9.199311e-01 -3.115536e-01 7.504168e+00 0 3426410
-1.226110e+14 7.402752e+12 -1.331703e+14 -1.891742e-01 -7.324947e-02 -9.792077e-01 -1.045465e+01 0 6611676
-1.380718e+14 -4.650603e+13 8.764392e+13 -7.817384e-02 2.625331e-01 9.617511e-01 -7.712733e+00 0 24382462
5.234339e+13 1.572855e+14 -5.602283e+13 -3.104971e-01 6.944196e-01 -6.491324e-01 1.189593e+01 0 539654
-1.180117e+14 -4.013261e+13 1.256389e+14 -6.751424e-01 -5.723846e-01 4.653586e-01 9.320043e+00 0 436319
9.978102e+13 1.165604e+14 -1.175264e+14 2.002904e-01 4.221802e-01 -8.841084e-01 1.527980e+01 0 9619127
6.332330e+12 -1.652852e+14 3.828024e+13 8.727034e-01 -4.864459e-01 4.194199e-02 1.480542e+01 0 2
8.799232e+13 -1.553490e+13 -1.446531e+14 4.775363e-01 3.923955e-01 -7.861201e-01 -5.536713e+00 0 6815843
-6.449988e+13 7.987087e+13 1.407529e+14 -1.425671e-01 6.578696e-01 7.395149e-01 -1.810165e+01 0 4035722
9.178614e+13 -5.228040e+13 -1.479241e+14 6.169050e-01 9.971859e-02 -7.806948e-01 -7.374367e+00 0 6521691
-1.052662e+14 2.836728e+13 -1.358681e+14 -6.218866e-01 1.305558e-01 -7.721478e-01 -2.308645e+00 0 2499400
-1.402568e+13 -1.194710e+14 -1.251361e+14 -3.333357e-01 -9.387730e-01 -8.713561e-02 2.315634e+00 0 1410690
-1.163627e+14 -1.366042e+14 4.498530e+12 -7.058048e-01 -7.083631e-01 -7.825467e-03 1.170051e+01 0 10038076
1.085515e+14 1.303226e+14 -7.130210e+13 3.425052e-01 7.981995e-01 -4.955480e-01 -9.878508e+00 0 98950
-8.468235e+13 1.514465e+14 -5.480956e+13 -7.924852e-02 7.033389e-01 -7.064234e-01 -1.731615e+01 0 5423446
-8.769563e+13 -7.574958e+13 1.292228e+14 -4.649413e-01 -8.763713e-01 -1.257099e-01 1.079130e+01 0 5848482
-1.328256e+14 -3.640604e+13 1.124645e+14 -2.575093e-01 7.305565e-02 9.635102e-01 -2.035397e+01 0 947064
7.449277e+13 1.696097e+14 1.333988e+13 1.168053e-01 9.845947e-01 1.301143e-01 -1.063838e+01 0 575738
-6.606435e+12 -6.939834e+13 -1.567080e+14 -5.286288e-01 -5.197459e-01 -6.711302e-01 4.497023e+00 0 9832096
1.094236e+14 6.345286e+13 -1.279247e+14 4.228822e-01 4.093628e-01 -8.084508e-01 1.098647e+01 0 2257745
6.800155e+12 -8.376124e+13 1.474381e+14 -7.210615e-01 -6.037170e-01 3.399942e-01 -8.634910e+00 0 334692
-1.750213e+13 1.569406e+14 -7.969001e+13 -4.490393e-01 -1.414720e-01 -8.822411e-01 1.438714e+01 0 178584
7.575945e+13 1.547992e+14 -5.484267e+13 2.748675e-02 9.605607e-01 2.767086e-01 1.473663e+01 0 11585121
1.398329e+14 -1.079115e+12 1.104481e+14 4.229474e-01 -4.355126e-01 7.946347e-01 -1.499169e+01 0 1274019
9.896185e+13 -1.271569e+14 7.144035e+13 4.247322e-01 -8.035314e-01 -4.170610e-01 -1.414109e+01 0 467677
-3.604601e+13 1.585973e+14 -4.974421e+13 -3.631387e-01 7.000923e-01 -6.148179e-01 -6.510606e+00 0 1
9.899498e+13 -1.080940e+14 1.006029e+14 5.551730e-01 1.272823e-01 8.219380e-01 1.718728e+01 0 13232477
-1.019755e+14 -1.458671e+14 -5.156640e+13 -3.813057e-01 -8.899703e-01 -2.501175e-01 -1.345236e+01 0 5176958
-1.184780e+14 1.326205e+14 -9.985282e+13 -6.585556e-01 7.513696e-01 -4.181194e-02 -1.970304e+01 0 5859929
-8.590682e+13 -1.377213e+14 5.674611e+13 -9.662150e-01 -4.163459e-02 -2.543525e-01 1.102023e+00 0 13157229
-1.131749e+14 9.915369e+13 1.226682e+14 -6.999574e-01 7.060319e-01 -1.076035e-01 1.438501e+01 0 2343999
3.674659e+13 -5.338354e+13 -1.625967e+14 -6.871574e-01 -5.588617e-01 -4.642071e-01 4.612941e+00 0 7463000
-1.173106e+14 -7.017526e+12 -1.300002e+14 -8.880941e-01 3.581525e-01 -2.881242e-01 -1.134117e+01 0 9110262
-1.006109e+14 -1.208499e+14 6.639743e+13 5.161260e-01 -1.988502e-01 8.331102e-01 -1.633975e+01 0 5682151
-1.775995e+14 -5.085444e+13 4.434547e+13 -9.504574e-01 2.879152e-01 1.171988e-01 -1.789845e+01 0 55976
1.465841e+14 -6.329025e+13 -6.170596e+13 2.979326e-01 -3.638181e-01 -8.825375e-01 7.475432e+00 0 1404771
-1.864932e+12 9.908172e+13 -1.377112e+14 -3.997524e-02 -5.693642e-01 -8.211129e-01 9.944345e+00 0 3511439
-1.243844e+14 -1.013898e+14 -8.158718e+13 -9.774198e-01 -1.992046e-01 -7.048464e-02 -1.277465e+01 0 5821573
8.213961e+13 1.475448e+14 -1.956860e+13 -3.366956e-01 9.314420e-01 1.380283e-01 1.789868e+01 0 3466417
-8.177218e+13 -1.461186e+14 4.393552e+13 -1.706323e-01 -7.901831e-01 5.886385e-01 6.594409e+00 0 4348918
5.175687e+13 -6.604860e+13 1.493969e+14 6.119959e-01 4.695203e-02 7.894660e-01 -8.109689e+00 0 7870865
1.536229e+14 7.706846e+13 -4.468694e+13 2.552934e-01 7.539264e-01 -6.053265e-01 -8.338569e+00 0 11780906
4.210864e+13 -6.772520e+13 1.635273e+14 -7.335659e-02 -6.234115e-01 7.784452e-01 1.073950e+01 0 9820071
8.175817e+13 -1.107170e+14 9.916503e+13 -1.446890e-01 -6.462826e-01 7.492555e-01 -1.594501e+01 0 12088171
1.418028e+13 1.457246e+13 -1.684720e+14 7.862233e-01 4.154746e-02 -6.165442e-01 -1.416772e+01 0 3989623
6.011931e+13 -1.531682e+14 -5.446376e+13 4.785997e-02 -1.137791e-01 -9.923526e-01 -1.663408e+01 0 6432833
3.062485e+13 -2.951154e+13 1.643622e+14 -3.069875e-01 7.236849e-01 6.180929e-01 6.672685e+00 0 1968288
-1.745974e+14 -1.313770e+14 3.098148e+13 -8.445762e-01 -5.125587e-01 1.548375e-01 -2.558331e+01 0 1019262
1.530308e+14 -8.160229e+11 -7.548071e+13 9.816389e-01 -1.460818e-01 1.226589e-01 -1.066018e+01 0 18122491
1.509777e+14 3.870938e+13 -7.444216e+13 9.847636e-01 -1.738676e-01 3.283987e-03 6.810089e+00 0 11
-1.487296e+14 -4.588990e+13 -7.370774e+13 -4.066827e-01 -1.389789e-01 -9.029364e-01 -2.304181e+01 0 857701
-7.671393e+13 -1.142108e+14 -1.073306e+14 -8.615691e-01 -8.070647e-02 -5.011837e-01 -1.985951e+01 0 2760476
-1.177181e+14 -1.193945e+14 -3.822224e+13 -9.726613e-01 1.245843e-02 2.318938e-01 -1.092182e+01 0 44170
-1.658007e+14 3.589237e+13 -4.366926e+13 -6.683688e-01 7.431182e-01 3.253456e-02 -2.181820e+01 0 12635730
-6.251656e+13 1.169144e+14 -1.100804e+14 -6.116292e-01 7.765433e-01 1.512948e-01 1.088529e+01 0 10725882
-6.118113e+13 4.868492e+13 -1.584042e+14 -9.931754e-02 8.771484e-01 -4.698369e-01 1.520372e+01 0 972895
1.532818e+14 8.066361e+13 1.422468e+13 6.830580e-01 -5.361408e-01 4.959686e-01 6.029396e+00 0 1314524
1.735605e+13 -1.244585e+14 1.168131e+14 4.966964e-01 -7.641341e-01 4.115722e-01 2.367806e-02 0 1338661
7.722806e+13 1.639140e+14 -3.880105e+13 4.657052e-01 8.686355e-01 1.690892e-01 -1.178504e+01 0 29687078
-2.555072e+13 -1.104404e+14 -1.293385e+14 6.454076e-02 -9.886885e-01 1.353865e-01 -1.319133e+01 0 4694074
7.998437e+13 -1.264108e+14 9.862827e+13 2.388554e-01 -9.620363e-01 1.320390e-01 -1.886245e+01 0 1947387
-1.419812e+14 -9.985917e+13 1.805635e+13 -9.117184e-01 -1.718656e-01 3.731377e-01 -1.291814e+01 0 3386812
6.876149e+13 1.567860e+14 5.646393e+13 1.231663e-01 9.894354e-01 7.647023e-02 -5.414225e+00 0 617812
7.366465e+13 -1.280019e+14 9.390935e+13 4.937990e-01 2.013234e-01 8.459500e-01 2.217781e+01 0 11010281
-9.238110e+12 -2.968843e+13 -1.678551e+14 8.999196e-01 1.814148e-01 -3.965267e-01 -7.734360e+00 0 11106841
9.345514e+13 1.389624e+14 3.752857e+13 3.691202e-01 9.292945e-01 -1.272831e-02 -4.848083e+00 0 11839592
1.377600e+14 -4.376399e+13 8.950892e+13 7.711705e-01 4.453617e-01 4.549164e-01 1.163342e+01 0 1255577
-1.305617e+13 1.721371e+14 6.315928e+13 -5.682366e-02 9.795928e-01 -1.927925e-01 -1.982430e+01 0 11063451
1.641827e+14 2.707134e+13 -3.286865e+13 4.508164e-01 -6.357161e-01 6.266016e-01 -7.734500e+00 0 13285
-1.777939e+14 8.071709e+13 5.888727e+13 -7.740703e-01 3.130585e-01 5.502813e-01 1.612794e+01 0 12116239
8.918708e+13 -1.436968e+14 1.711099e+13 4.884745e-01 -4.756132e-01 -7.315633e-01 1.064101e+01 0 2216111
-1.591054e+14 5.290219e+13 -3.845257e+13 -9.895445e-01 -4.832761e-02 1.358901e-01 1.363694e+01 0 25002515
4.943584e+13 9.285524e+13 -1.391117e+14 1.813897e-01 2.887275e-01 -9.400714e-01 -1.346846e+01 0 3698561
1.306592e+14 -1.069740e+13 1.085705e+14 6.468285e-01 1.411771e-01 7.494544e-01 1.225802e+01 0 17082231
-2.008710e+13 1.675975e+14 3.119399e+13 7.407722e-02 5.028366e-01 -8.612014e-01 2.404398e+01 0 13403044
1.672351e+12 -9.861008e+12 -1.696422e+14 -7.851788e-01 -4.434821e-01 -4.322244e-01 5.950370e+00 0 838875
1.394840e+14 1.023933e+13 1.009786e+14 5.448387e-01 6.481715e-01 5.320004e-01 1.926952e+01 0 572011
8.115065e+13 -6.727077e+13 1.419525e+14 2.159406e-02 -3.156702e-01 9.486232e-01 1.539136e+01 0 1780814
1.617430e+14 -5.661524e+13 -5.394292e+13 -2.023154e-02 -8.037781e-01 -5.945851e-01 1.042297e+01 0 9441988
-1.437730e+14 4.882804e+13 -7.569446e+13 -7.413375e-01 -1.611180e-01 6.515058e-01 -8.749694e-01 0 9597974
-8.699999e+13 -5.612117e+13 -1.348331e+14 -2.447426e-02 -5.847681e-01 -8.108312e-01 -1.041087e+00 0 73454
-1.665035e+13 1.659049e+14 4.036183e+13 -3.479373e-02 9.523244e-01 3.030968e-01 -1.098025e+01 0 5009562
8.106820e+13 1.603847e+14 -2.259373e+13 3.471205e-01 8.878502e-01 -3.020420e-01 -1.595746e+01 0 12428950
1.523853e+14 -1.109670e+14 5.021300e+13 5.058058e-01 -8.423893e-01 -1.858517e-01 -1.933038e+01 0 4565480
1.128199e+14 1.348545e+13 -1.395153e+14 -1.356207e-02 -1.043709e-01 -9.944460e-01 1.181865e+01 0 10252416
-8.630307e+13 3.316260e+13 -1.768558e+14 -6.524817e-01 -1.658564e-01 -7.394318e-01 2.082186e+01 0 10890786
5.728769e+13 -1.582192e+14 6.148139e+13 4.559960e-01 -8.835694e-01 -1.066433e-01 1.504775e+01 0 5007524
-2.088915e+13 -1.549347e+14 7.597849e+13 6.996498e-01 -2.515049e-01 6.687567e-01 2.769332e+01 0 1540349
-1.438424e+14 -5.741641e+13 7.069156e+13 -6.799221e-01 -6.238443e-01 -3.853883e-01 1.953825e+01 0 6000583
-6.514425e+13 -1.448008e+14 -6.916548e+13 -9.356016e-01 -3.278079e-01 -1.311170e-01 1.208836e+01 0 6455798
9.059989e+13 -3.877840e+13 -2.263760e+14 3.032506e-01 3.764290e-01 -8.754086e-01 1.750103e+01 0 14396793
1.324893e+14 7.286663e+13 -7.773509e+13 8.810908e-01 1.592847e-01 4.453172e-01 9.484536e-01 0 23713561
-1.484234e+14 3.560940e+13 -1.002475e+14 -8.166502e-01 -8.703771e-02 -5.705321e-01 -1.049606e+01 0 966430
9.985048e+13 4.746151e+13 -1.419475e+14 6.184316e-01 1.900863e-01 -7.625021e-01 -1.091014e+01 0 13304048
5.987469e+13 -1.581264e+14 -1.071526e+14 4.310221e-01 -4.325580e-01 -7.919050e-01 1.785261e+01 0 828153
-1.516240e+13 9.536038e+13 -1.574343e+14 2.011770e-01 9.778459e-01 -5.783798e-02 -1.579348e+01 0 2435894
6.760624e+13 -8.301381e+13 1.318998e+14 -4.992017e-01 -4.122884e-01 7.621128e-01 -1.526913e+01 0 1270864
2.043519e+13 1.746354e+14 -3.455537e+13 4.229217e-01 9.010994e-01 9.569278e-02 -1.251973e+01 0 4750675
-7.593607e+13 1.658319e+14 1.176629e+13 -6.370056e-01 7.596592e-01 -1.309264e-01 -6.527643e+00 0 791093
-1.686070e+12 -1.068113e+14 1.322874e+14 3.617572e-01 -6.641420e-01 6.542531e-01 7.469384e+00 0 626434
4.458544e+13 1.516266e+13 -1.638732e+14 -7.551415e-03 7.839033e-01 -6.208370e-01 1.412537e+01 0 550436
9.251753e+13 -5.728843e+12 1.433420e+14 9.723874e-01 4.895499e-02 2.281802e-01 -8.075936e+00 0 18024677
-9.430001e+13 -1.417084e+14 -5.647408e+13 -5.806028e-01 -5.552081e-01 5.955202e-01 1.588614e+01 0 1400689
1.412409e+14 -8.067540e+13 -5.120923e+13 6.282600e-01 -6.720144e-01 -3.920281e-01 4.951784e+00 0 12796883
8.929119e+13 1.491904e+14 3.983695e+13 3.321794e-01 9.193948e-01 2.106418e-01 -7.754699e+00 0 4905427
1.848509e+13 -2.866288e+13 -1.661593e+14 -5.177176e-02 8.840206e-01 -4.645721e-01 -8.784367e+00 0 3245160
-1.331027e+14 4.308090e+13 -1.000573e+14 -7.376600e-01 6.726248e-01 5.859791e-02 4.706355e+00 0 5537161
7.241389e+13 1.399614e+14 -6.828610e+13 1.419180e-01 7.823094e-01 -6.065074e-01 -5.594902e+00 0 456207
8.688045e+13 -1.051239e+14 -1.013048e+14 8.102663e-01 -9.152500e-02 -5.788711e-01 1.813659e+00 0 1667100
-1.089310e+14 -1.526174e+14 4.030574e+12 -2.386077e-01 -8.882000e-01 -3.926412e-01 -1.649875e+01 0 3895124
4.686829e+13 -1.605139e+14 -3.284867e+13 8.578457e-01 -5.075502e-01 8.058266e-02 -2.656846e-01 0 409442
-5.472465e+13 -1.597851e+14 -2.516665e+13 -4.529628e-01 -1.197533e-01 -8.834500e-01 -1.313113e+01 0 277627
-1.390672e+14 -8.707934e+13 -6.379319e+13 -7.051388e-01 -5.726604e-01 -4.181380e-01 -1.149238e+01 0 28195583
1.270295e+14 6.062435e+11 -1.190643e+14 4.053426e-01 4.706988e-01 -7.836708e-01 -1.271802e+01 0 1949803
2.697135e+14 -1.326669e+14 1.321404e+14 7.680349e-01 -1.389252e-01 6.251577e-01 -2.014443e+01 0 5825639
-1.074593e+14 -1.202695e+14 6.216011e+13 -3.833014e-01 -8.818951e-01 -2.744832e-01 -4.716642e+00 0 25472034
1.430786e+12 1.390921e+14 1.010006e+14 -1.570591e-01 9.181760e-01 3.637104e-01 -4.989596e+00 0 571987
1.568621e+14 4.118751e+13 5.155538e+13 2.284467e-01 2.646954e-01 9.368823e-01 8.329976e+00 0 13851646
-8.709864e+13 7.863656e+13 1.230972e+14 -9.270540e-01 3.439881e-01 1.491414e-01 -5.686550e+00 0 4884266
8.524800e+13 1.173245e+14 -8.949410e+13 3.128399e-01 8.397681e-01 4.437576e-01 -5.321283e+00 0 532117
-1.490722e+13 1.202075e+14 -1.188926e+14 2.694022e-01 3.141232e-01 -9.103566e-01 9.729578e+00 0 3645276
-4.530470e+13 1.618456e+14 2.725865e+13 -8.618784e-01 3.428505e-01 -3.736565e-01 -3.236870e-01 0 6358499
3.166310e+13 1.627131e+13 1.682434e+14 7.328591e-01 1.552949e-01 6.624206e-01 1.018921e+01 0 4327076
-5.387780e+13 -9.325451e+13 -1.340453e+14 -7.633610e-01 -1.439019e-01 -6.297398e-01 -1.838259e+01 0 118245
-7.490602e+13 3.628901e+13 -1.483975e+14 -7.561856e-01 -3.803110e-01 -5.324912e-01 8.590943e+00 0 8184535
-2.706161e+13 -1.691321e+14 7.936870e+12 2.838195e-01 -8.417444e-01 -4.592525e-01 1.423017e+01 0 4859871
4.583211e+13 -1.391836e+14 -8.626335e+13 9.198768e-01 -3.564334e-01 1.636520e-01 -3.851681e+00 0 9161579
9.840940e+13 -7.995515e+13 -1.227504e+14 2.038860e-01 -8.107820e-01 -5.486921e-01 -9.121381e+00 0 1574303
-5.617917e+13 2.764225e+13 -1.605517e+14 -3.512447e-01 3.024636e-03 -9.362788e-01 -1.015455e+01 0 5133508
1.608966e+14 -3.774832e+13 -4.214443e+13 5.189935e-01 -8.199635e-01 2.414656e-01 -1.628299e+01 0 1411035
1.234029e+13 1.134034e+14 1.331090e+14 1.205423e-01 7.571243e-01 6.420532e-01 -7.891652e+00 0 5427133
-1.062765e+14 -1.177611e+14 -9.299691e+13 -2.063243e-01 -4.913974e-01 -8.461436e-01 -7.100583e+00 0 7614653
-1.259483e+14 5.711252e+13 1.020882e+14 -8.252663e-01 4.917398e-01 -2.777185e-01 -7.930716e+00 0 1322906
-4.349841e+13 9.187325e+13 -1.371267e+14 -5.168755e-01 7.837306e-01 3.443922e-01 -6.485877e+00 0 8423547
-1.419008e+14 7.211120e+13 -6.071655e+13 -9.949213e-02 6.076680e-01 -7.879346e-01 2.514845e+00 0 577941
1.787597e+14 1.949324e+13 -8.652099e+13 8.891231e-01 -1.423619e-01 -4.349634e-01 1.257207e+01 0 5339261
-3.326216e+13 -1.470391e+14 8.131482e+13 -7.319288e-01 -3.274064e-01 5.975661e-01 5.668436e-01 0 96407
8.742640e+12 1.550381e+14 7.527679e+13 3.282049e-01 9.218132e-01 -2.062572e-01 -8.803822e+00 0 12406301
-1.539517e+14 7.563614e+13 2.872252e+13 -4.351669e-01 8.494621e-01 2.984022e-01 -1.333077e+01 0 1285922
-1.580979e+14 6.569070e+13 -2.265326e+13 -8.715078e-01 4.903666e-01 -3.847042e-03 6.407070e+00 0 10625230
-4.845204e+13 -1.252552e+14 1.070304e+14 4.434161e-01 -8.470901e-01 -2.929513e-01 2.223407e+01 0 10053122
4.094220e+13 -1.721789e+14 -1.555812e+13 7.996766e-01 -5.644259e-01 -2.047945e-01 -5.614889e+00 0 550859
6.499677e+13 9.814876e+13 1.303918e+14 9.769900e-01 2.077852e-01 4.812291e-02 -2.101340e+01 0 32019573
5.564347e+13 -5.121105e+13 -1.519699e+14 -1.559545e-02 3.185956e-01 -9.477624e-01 -6.091569e+00 0 18633927
-9.605559e+13 -4.869217e+13 -1.361905e+14 -5.954803e-01 -4.939781e-01 -6.335526e-01 -9.311229e+00 0 10695050
1.152083e+14 -1.252071e+14 4.291802e+11 9.218740e-01 -2.410685e-01 -3.033714e-01 -3.636348e+00 0 9369195
-1.549194e+14 8.256773e+13 6.030180e+13 6.782955e-02 8.428703e-01 5.338246e-01 1.606029e+01 0 664109
-9.309407e+13 -1.255407e+13 -1.454810e+14 -1.716724e-01 -6.922952e-01 -7.008965e-01 -1.048428e+01 0 19739278
-1.082401e+14 -1.477438e+13 1.333577e+14 6.857838e-02 -3.692792e-01 9.267847e-01 1.303859e+01 0 2417746
1.277024e+13 3.228505e+13 -1.681914e+14 -3.957051e-01 7.800974e-01 -4.846292e-01 -9.747428e+00 0 7434811
-2.318272e+13 3.420085e+13 -1.688464e+14 -6.161802e-01 -2.123973e-01 -7.584256e-01 -6.328544e+00 0 25976777
-4.209201e+13 -1.095317e+14 1.315703e+14 -2.475547e-01 -9.687497e-01 -1.551715e-02 2.177916e+01 0 2588894
2.637864e+13 -1.084065e+14 1.438470e+14 -2.217865e-01 -7.628800e-01 6.073095e-01 -1.383219e+01 0 743390
1.161999e+13 -2.107594e+13 1.689839e+14 -3.208002e-01 -1.856268e-01 9.287787e-01 5.466400e+00 0 1933800
2.384074e+13 -1.267408e+13 -2.005189e+14 3.894774e-01 -3.010332e-01 -8.704518e-01 -1.926892e+01 0 5459309
-9.583078e+12 1.374595e+14 -9.947359e+13 -5.144461e-01 6.831481e-01 -5.183183e-01 7.233263e+00 0 3612145
-1.352033e+14 5.976367e+13 -9.187054e+13 -6.079040e-01 -3.912595e-01 -6.909188e-01 1.552282e+01 0 9632557
-1.343406e+14 -9.750681e+13 -5.168979e+13 -8.742985e-01 -4.810334e-01 -6.487661e-02 1.236838e+01 0 1404157
1.490722e+14 2.574831e+13 -8.639518e+13 -6.163106e-02 -4.109544e-01 -9.095703e-01 8.584659e+00 0 5164236
-1.690040e+13 -5.644636e+13 1.633934e+14 -5.964635e-01 -4.947702e-01 6.320077e-01 1.481674e+01 0 1629725
1.006350e+14 7.646881e+13 -1.138716e+14 8.957665e-01 -3.636845e-01 -2.556090e-01 -5.328827e-02 0 226349
-1.491752e+13 1.686420e+14 1.512633e+13 2.767661e-02 5.249525e-01 8.506814e-01 -5.955347e+00 0 1172146
1.329126e+14 1.202688e+14 1.078307e+13 9.409876e-02 7.524205e-01 -6.519270e-01 1.901651e+01 0 4515125
4.891149e+11 7.066192e+12 1.754267e+14 1.790787e-01 -8.883840e-01 4.227348e-01 -9.998770e+00 0 1957539
1.155806e+14 1.200038e+14 -3.961085e+13 3.089433e-01 5.926536e-01 -7.438520e-01 -1.178418e+01 0 1513220
3.058184e+13 1.367966e+14 -9.895383e+13 5.826991e-01 8.122182e-01 -2.762917e-02 -1.910048e+01 0 1834262
1.036820e+14 -1.343797e+14 -8.750216e+13 7.136764e-01 -5.665849e-01 -4.118830e-01 -1.555696e+01 0 2699573
-1.341672e+14 5.272284e+12 -1.063749e+14 -9.616642e-01 -2.695364e-01 -5.051811e-02 -1.054741e+01 0 20456677
7.559320e+12 -1.683524e+14 2.358113e+13 -4.388307e-01 -7.993756e-01 4.103977e-01 -1.336927e+01 0 281676
-8.635496e+13 -1.310839e+14 -6.552121e+13 -9.593625e-01 -2.490591e-01 1.326389e-01 -1.213550e+00 0 842964
3.083074e+13 1.923748e+14 -2.129557e+13 3.414493e-01 9.230195e-01 -1.773344e-01 1.754198e+01 0 14762053
-7.607965e+13 -1.398233e+14 -6.428899e+13 -5.915193e-01 -7.971811e-01 1.208605e-01 -1.300314e+01 0 4353715
5.299364e+13 -6.636270e+13 1.470898e+14 4.503742e-01 -8.229727e-01 3.462355e-01 5.581340e+00 0 13049614
1.220597e+13 -1.088924e+14 1.367471e+14 1.061447e-01 -4.333222e-01 8.949666e-01 1.433059e+01 0 1512241
-9.827359e+13 -3.711122e+13 1.541273e+14 -5.718230e-01 4.128218e-01 7.089405e-01 1.192948e+01 0 12847636
1.031350e+14 -1.244030e+14 6.598037e+13 -1.541897e-01 -9.267706e-01 3.425227e-01 -2.131734e+01 0 965377
-5.338913e+13 -6.198347e+13 -1.499403e+14 2.492188e-01 5.874816e-01 -7.699061e-01 5.437796e+00 0 629833
1.265444e+14 8.324574e+13 7.907838e+13 8.233826e-01 5.557567e-01 1.147855e-01 -7.292177e+00 0 1403523
1.528351e+14 -4.659629e+13 7.395167e+13 5.203775e-01 -8.420329e-01 1.420839e-01 -1.352246e+01 0 7846667
-1.627303e+13 -2.695833e+13 -1.684068e+14 9.179770e-01 -6.046206e-02 -3.919981e-01 1.903158e+01 0 2900788
-1.223307e+14 -1.239915e+14 4.887363e+13 -5.048917e-01 -7.786290e-01 -3.725872e-01 -1.362267e+01 0 2194729
-6.752153e+13 -5.649120e+13 1.463207e+14 5.617467e-01 -6.776002e-01 4.746563e-01 -1.050397e+01 0 1483408
-1.435048e+14 9.823498e+13 -3.409584e+13 -8.369851e-01 -1.295944e-01 -5.316589e-01 -8.959955e+00 0 619208
-9.954020e+13 1.299203e+14 -5.444632e+13 -1.974715e-01 8.815196e-01 -4.288685e-01 3.082543e+00 0 4423579
1.210124e+14 -1.155275e+14 3.555648e+13 7.493517e-01 4.897881e-02 6.603583e-01 -4.635594e+00 0 20116786
-5.476344e+13 -6.357135e+13 1.491023e+14 6.084436e-02 -3.968855e-01 9.158492e-01 1.140990e+01 0 19421807
3.317744e+13 7.577419e+13 -1.508458e+14 -3.047194e-01 2.380618e-01 -9.222107e-01 -1.202523e+01 0 3721676
4.855625e+13 1.627805e+14 1.770241e+13 -7.127725e-03 5.770308e-01 8.166913e-01 -1.058308e+01 0 14816116
-2.299761e+13 -1.565576e+14 -6.610820e+13 4.405639e-01 -8.508486e-01 -2.862868e-01 1.541027e+01 0 7033909
2.392523e+13 -1.623546e+14 -4.283872e+13 3.446228e-01 -7.808622e-01 -5.210464e-01 3.420982e-01 0 38598
1.008123e+14 -1.512166e+14 8.275182e+12 6.739299e-01 -7.365516e-01 5.753416e-02 -1.015929e+01 0 1001755
1.629913e+14 5.129340e+13 5.019575e+12 6.492633e-01 5.894619e-01 4.806161e-01 -1.241826e+00 0 3865563
1.252888e+14 -1.566701e+12 -1.208319e+14 6.612060e-01 -4.466771e-02 -7.488734e-01 -1.083282e+01 0 9662783
1.807723e+14 4.590653e+13 -3.335861e+13 6.126574e-01 6.854682e-01 -3.934264e-01 -1.353766e+01 0 7224779
2.517286e+13 -1.195031e+14 1.196855e+14 -1.927804e-01 -9.624109e-01 1.913140e-01 5.932758e+00 0 1271690
1.387366e+14 9.440373e+13 -4.600242e+13 8.429385e-01 3.712266e-01 3.894168e-01 -1.522238e+01 0 9978661
-1.055253e+14 -1.213781e+14 6.298220e+13 -5.818846e-01 1.251700e-02 8.131750e-01 1.112481e+01 0 15055960
4.665991e+13 -6.005260e+12 -1.635727e+14 9.372394e-01 3.017647e-01 -1.747009e-01 1.166117e+01 0 33312009
4.800756e+13 -5.575489e+13 1.533175e+14 2.196480e-01 2.781997e-01 9.350720e-01 1.338068e+01 0 4818240
-1.870218e+13 -6.247571e+13 1.634189e+14 1.771568e-01 -7.244804e-01 6.661409e-01 1.062246e+01 0 10900340
9.176238e+13 1.892881e+14 -8.034350e+13 7.820417e-01 3.765813e-01 -4.965856e-01 -2.654338e+01 0 1070613
3.989408e+13 -1.739566e+14 3.576828e+12 4.464718e-01 -5.239398e-01 7.253620e-01 1.329188e+01 0 4441284
3.204014e+13 -1.678432e+14 5.109766e+13 6.832529e-02 -8.877528e-01 4.552215e-01 -9.977232e+00 0 346971
-1.217350e+14 -2.189275e+13 -1.215949e+14 -3.807376e-01 1.886655e-01 -9.052316e-01 2.016286e+01 0 845923
1.349053e+13 1.333115e+14 -1.057814e+14 -7.585232e-01 6.486422e-01 6.249652e-02 -4.637093e-01 0 724190
-5.773481e+13 -1.312057e+14 -9.151762e+13 -8.456936e-01 -1.148230e-01 -5.211698e-01 1.198600e+01 0 29
-4.212056e+13 1.505835e+14 -6.711190e+13 1.498934e-01 9.884289e-01 2.324371e-02 5.130653e-01 0 1674322
1.679360e+14 1.366877e+13 -2.265118e+13 7.597671e-01 9.642883e-02 -6.430050e-01 2.169212e+00 0 5367567
-1.581084e+14 3.780390e+13 4.848871e+13 -8.282233e-01 5.454407e-01 -1.286103e-01 1.416856e+00 0 3906862
-1.153722e+14 -2.522146e+13 1.304586e+14 -9.172095e-01 3.273920e-01 -2.270269e-01 8.236637e+00 0 322593
-2.577173e+13 7.197489e+13 1.664310e+14 3.338610e-01 7.991859e-01 4.998387e-01 -2.341654e+01 0 7507094
9.377924e+13 1.074710e+13 1.466734e+14 8.687686e-01 -1.660852e-01 4.665370e-01 8.945366e+00 0 999894
3.608150e+13 -1.737412e+14 -4.966388e+13 -4.342836e-01 -5.041162e-01 -7.465016e-01 1.382263e+01 0 6374644
1.261863e+14 7.710610e+13 9.332605e+13 9.110078e-01 2.075042e-01 3.563801e-01 5.344745e+00 0 10378537
9.887461e+13 -1.031983e+14 9.260064e+13 7.971711e-01 -4.460902e-01 4.068436e-01 8.291608e+00 0 2671387
-4.905260e+13 5.714321e+13 1.556348e+14 3.083342e-01 6.227360e-01 7.191174e-01 1.109419e+01 0 3638626
-7.952002e+13 -9.183730e+13 1.183949e+14 -5.847196e-01 7.558645e-01 2.945707e-01 5.040567e-01 0 305564
1.607821e+14 2.138587e+13 9.004902e+13 9.587507e-01 2.790347e-01 5.419187e-02 -1.789497e+01 0 93052
7.256189e+13 -1.549263e+14 5.061145e+13 -1.092831e-01 -3.513177e-01 9.298565e-01 -1.440997e+01 0 1556654
3.384717e+13 -1.202078e+14 1.158126e+14 4.677813e-01 -7.036352e-01 5.348627e-01 2.013354e+01 0 9819660
-1.253669e+14 -1.267430e+14 1.341362e+13 -7.533400e-01 -4.676055e-01 -4.624110e-01 -2.032982e+01 0 2421628
-1.334277e+14 -4.676628e+13 1.084602e+14 -5.965875e-01 3.289337e-01 7.320423e-01 3.906721e+00 0 611358
-5.702915e+13 -1.581675e+14 4.791724e+13 -2.700203e-01 -2.470466e-01 9.306219e-01 -1.763898e+01 0 182062
-1.477007e+14 -6.544047e+13 -1.279527e+14 -9.150846e-01 -1.500833e-01 -3.742929e-01 1.235969e+01 0 8456223
5.723876e+13 1.660130e+14 3.310119e+13 1.672802e-01 9.371874e-01 -3.060998e-01 1.921077e+01 0 4363730
5.715503e+13 1.476824e+14 6.149490e+13 -5.096106e-01 8.529473e-01 -1.130400e-01 3.154357e-01 0 1874634
-9.834290e+13 -5.345218e+13 -1.334080e+14 -6.812344e-01 -2.843389e-01 -6.745896e-01 -1.594012e+01 0 2218421
3.824697e+13 -7.757690e+13 1.474848e+14 9.219422e-02 5.480229e-01 8.313671e-01 -7.031302e+00 0 1875643
-1.110266e+14 2.961513e+13 -1.339392e+14 -8.113870e-01 -3.371909e-01 -4.774447e-01 1.351709e+01 0 4112689
-4.380877e+13 1.623310e+14 2.356651e+13 -2.631243e-01 7.396290e-01 6.194470e-01 -6.072865e+00 0 4250794
4.315404e+13 1.691910e+14 -7.783773e+13 7.085372e-01 6.793011e-01 -1.911151e-01 -2.353287e+01 0 8821795
-3.409590e+11 1.200822e+14 -1.236468e+14 2.994214e-01 8.631042e-01 -4.066915e-01 -6.613482e+00 0 271724
9.699271e+13 -7.370264e+13 1.228981e+14 4.504051e-01 2.368853e-01 8.608255e-01 -4.219120e+00 0 24484755
-1.535392e+14 -4.308733e+13 5.854739e+13 -7.431820e-01 -1.028386e-01 6.611390e-01 -9.903551e+00 0 46131292
1.625848e+14 -5.209357e+13 2.330655e+13 7.388628e-01 -4.325707e-01 5.166859e-01 4.971790e+00 0 1192155
4.048237e+13 1.218109e+14 -1.110990e+14 -5.573035e-01 -1.365847e-01 -8.189978e-01 -6.606086e+00 0 285659
-2.504351e+13 -1.554332e+14 6.328317e+13 -8.148276e-01 1.938303e-01 5.463386e-01 -1.132965e+01 0 9215661
1.538235e+14 3.603968e+13 6.509257e+13 -8.592930e-02 5.551485e-01 8.273006e-01 -5.985978e+00 0 2602182
-1.335667e+14 6.012185e+13 8.819343e+13 -9.833274e-01 4.646753e-02 1.758068e-01 2.047832e+01 0 2351763
-3.911250e+13 1.675601e+14 -4.485170e+13 -5.424310e-01 7.097628e-01 -4.494501e-01 -1.169867e+01 0 14975294
1.240447e+14 -6.605759e+13 -9.617702e+13 -1.823220e-01 4.996267e-01 -8.468364e-01 -3.930207e+00 0 166502
-6.862668e+13 -1.063291e+14 1.316839e+14 -5.221461e-01 -5.824796e-01 6.229615e-01 1.182534e+01 0 23789567
2.731823e+13 1.499793e+14 7.929875e+13 1.404778e-01 4.827414e-01 8.644228e-01 -1.370208e+01 0 3201616
-3.025184e+13 -6.849243e+13 -1.528188e+14 4.203011e-01 1.882644e-01 -8.876393e-01 6.221903e+00 0 3087697
-1.507013e+14 7.693183e+13 -2.686154e+13 -6.747444e-01 7.379609e-01 -1.156154e-02 3.815677e+00 0 4222378
2.455159e+13 -1.407720e+14 9.388047e+13 5.490812e-01 -8.325834e-01 7.290230e-02 1.111387e+01 0 132691
1.119524e+14 -1.061783e+14 -9.466795e+13 2.762790e-01 1.941603e-01 -9.412607e-01 -1.860597e+01 0 12338818
1.656449e+14 -2.221191e+13 5.724479e+13 6.068575e-01 -3.105808e-01 7.316170e-01 1.486320e+01 0 9504037
-8.449497e+12 1.445926e+13 -1.840717e+14 -9.622661e-02 -2.595635e-02 -9.950210e-01 1.034553e+01 0 3175227
1.138491e+14 -4.723653e+13 -1.236966e+14 1.701729e-01 7.714919e-02 -9.823895e-01 -8.214099e+00 0 3893471
4.927537e+13 -6.683033e+13 -1.491999e+14 -1.357284e-01 -8.945934e-01 -4.257705e-01 -1.539990e+01 0 5202211
1.520752e+14 2.786324e+13 2.138384e+14 7.109125e-01 -2.002578e-01 6.741663e-01 -1.774833e+01 0 5470764
7.658811e+13 1.504388e+14 1.860134e+13 6.960007e-02 3.295877e-01 -9.415560e-01 8.037206e+00 0 8600986
-8.408317e+13 -9.293537e+13 1.148338e+14 -6.245333e-01 -4.614463e-01 6.300996e-01 2.955018e+00 0 1
-1.216430e+14 -6.475841e+13 1.011061e+14 -8.270521e-01 -5.264687e-01 -1.970166e-01 5.459127e+00 0 4654632
-1.056923e+14 -5.442505e+13 1.232678e+14 -6.288071e-01 7.797323e-02 7.736419e-01 3.257404e+00 0 773882
-8.892387e+12 9.698932e+13 -1.388824e+14 6.681393e-01 6.577844e-01 -3.477205e-01 1.118655e+00 0 269087
-1.005957e+13 -1.534426e+14 -7.235980e+13 -8.661001e-01 -4.754985e-01 1.541812e-01 -1.758961e+01 0 3443365
1.006976e+14 1.362546e+14 2.213534e+13 6.382196e-01 6.200583e-01 4.562932e-01 -1.124045e+01 0 7315153
1.008331e+14 3.399914e+13 1.362483e+14 2.146992e-01 2.440269e-01 9.457035e-01 7.671416e+00 0 9956136
8.006133e+13 4.223248e+13 -1.446154e+14 1.713774e-01 9.007293e-01 -3.991446e-01 -3.211555e+00 0 392057
1.263992e+14 9.831563e+13 8.348755e+13 7.717324e-01 3.798699e-01 5.100274e-01 -1.517390e+01 0 35
2.678371e+13 1.680169e+14 6.171659e+12 -1.117104e-01 9.318643e-01 3.451806e-01 1.075641e+01 0 1007556
8.811683e+13 8.277933e+13 1.279145e+14 5.816074e-01 1.835151e-01 7.924992e-01 -1.596591e+01 0 9856359
4.929222e+13 8.562612e+13 1.474877e+14 2.855289e-01 6.513850e-01 7.029728e-01 -1.584631e+01 0 1634589
-1.001051e+12 -1.869637e+14 -3.928349e+13 4.980801e-01 -8.649980e-01 6.078374e-02 2.339776e+01 0 12249041
9.344238e+13 -1.044342e+14 -9.801705e+13 7.312184e-01 -5.177568e-01 -4.441257e-01 1.116297e+01 0 2212066
-1.269592e+14 -1.145483e+13 1.208560e+14 -2.404538e-01 8.036236e-01 5.443997e-01 -1.682082e+01 0 7614939
9.730705e+13 -1.254288e+14 6.043639e+13 2.596400e-01 -6.691563e-01 6.962879e-01 7.349164e+00 0 613648
8.225972e+13 9.250502e+13 1.303781e+14 7.695772e-01 3.613942e-01 5.264458e-01 -1.969946e+01 0 755862
-1.325056e+14 1.048162e+14 2.033432e+13 -8.571736e-01 5.116603e-01 -5.879723e-02 -2.212358e+00 0 2340932
1.327947e+14 3.971700e+13 -1.011245e+14 8.264044e-01 -5.848263e-02 -5.600317e-01 1.952162e+00 0 572589
9.917936e+13 4.845264e+12 1.471363e+14 1.421541e-01 1.626208e-01 9.763947e-01 1.033878e+01 0 2381740
-2.430397e+13 9.406932e+13 1.451835e+14 1.009078e-01 9.942438e-01 3.601312e-02 1.024485e+01 0 2573104
1.609776e+13 1.023823e+14 1.345004e+14 -6.410608e-01 5.641733e-01 5.203359e-01 1.469599e+01 0 2634577
8.787071e+13 -1.503081e+13 1.516825e+14 -1.039666e-01 4.962389e-01 8.619384e-01 -1.401102e+01 0 8742816
1.001740e+14 4.520456e+13 1.511134e+14 3.921960e-01 8.766772e-01 2.786026e-01 -1.244884e+01 0 6351888
2.289086e+13 -2.436583e+13 -1.760684e+14 -1.149992e-01 7.766415e-01 -6.193570e-01 1.496601e+01 0 4796975
5.639218e+13 1.928747e+13 1.594879e+14 7.408029e-01 4.125630e-01 5.300971e-01 -3.199556e+00 0 952207
9.346222e+13 1.193070e+14 -9.203251e+13 4.622085e-01 1.281247e-01 -8.774665e-01 2.199142e+01 0 6475325
-3.621324e+13 1.663121e+14 7.410033e+12 -4.941895e-01 1.906679e-01 -8.481878e-01 2.455589e+01 0 7355818
-7.253017e+13 -2.667213e+13 -1.577664e+14 -2.815393e-01 -4.102525e-01 -8.674264e-01 -1.440960e+01 0 5101127
4.512196e+13 -3.342694e+13 1.613227e+14 -5.828791e-01 -4.376285e-02 8.113796e-01 1.019542e+01 0 2616915
2.219294e+13 2.442890e+13 -1.671411e+14 -8.301400e-01 -1.380440e-01 -5.401957e-01 -1.598004e+01 0 2429297
5.455082e+13 4.309007e+13 -1.557696e+14 -4.817385e-01 1.055760e-01 -8.699320e-01 8.874775e+00 0 1326445
-1.746808e+14 2.224644e+13 2.168458e+13 -9.443086e-01 -1.540281e-01 2.907862e-01 9.675532e+00 0 1051571
-2.208101e+14 5.684243e+13 4.748588e+12 -9.096014e-01 -3.982156e-01 -1.185307e-01 -1.680669e+01 0 12079643
-1.614804e+14 -3.455071e+13 6.777139e+13 -8.473850e-01 -4.354104e-01 -3.039018e-01 2.196206e+01 0 396115
1.327035e+14 1.164534e+14 1.604328e+13 3.938840e-01 3.882915e-01 8.331177e-01 1.950228e+01 0 886888
1.374027e+14 2.751696e+13 9.873819e+13 5.478417e-01 4.748780e-01 6.887382e-01 -9.347347e+00 0 2541641
1.048606e+14 -1.209145e+14 6.011204e+13 1.326956e-01 -4.655033e-01 8.750420e-01 6.917927e+00 0 22600
6.894554e+13 -1.070537e+14 1.121892e+14 5.495314e-01 -8.352492e-01 1.933870e-02 -1.361969e+01 0 8430650
9.742249e+13 -1.346531e+14 3.451792e+13 2.523044e-01 -9.635125e-01 8.936513e-02 -8.632048e+00 0 3890277
-2.842031e+13 3.399968e+13 1.702478e+14 -6.555161e-01 2.830190e-01 7.001420e-01 -7.111054e+00 0 617773
4.130987e+13 1.437033e+14 -8.223920e+13 2.142066e-01 8.316359e-01 5.123449e-01 1.317937e+01 0 16478187
-1.199457e+13 -1.399888e+14 -1.004411e+14 -1.206350e-01 -7.865644e-01 6.056101e-01 -9.778464e+00 0 3271109
-4.642773e+13 -4.017833e+13 1.612352e+14 5.549136e-01 1.835005e-01 8.114175e-01 2.204402e+01 0 2566766
1.399479e+14 6.350871e+13 7.186638e+13 3.926333e-01 -7.825632e-01 4.831501e-01 -1.246842e+01 0 3382607
6.399479e+13 -1.646778e+14 -8.678767e+13 -7.809032e-03 -7.591507e-01 -6.508680e-01 1.669005e+01 0 1416773
-1.044970e+14 -1.294285e+14 -4.357855e+13 -7.506423e-01 -2.736626e-01 -6.013692e-01 5.580005e+00 0 1459216
-8.320485e+12 -1.048443e+13 -1.700928e+14 4.857121e-01 -5.871743e-01 -6.475416e-01 -5.628837e+00 0 1359471
-1.109166e+14 3.095319e+13 -1.268927e+14 -9.606881e-01 1.769263e-01 2.139522e-01 1.069334e+01 0 281034
-1.394556e+14 -3.013772e+13 -9.885268e+13 -2.343788e-01 -5.869902e-01 -7.749252e-01 -4.388644e+00 0 16504039
-8.736996e+12 -1.268374e+14 -1.124418e+14 4.360319e-01 8.262181e-02 -8.961305e-01 8.792476e+00 0 165536
-2.469508e+13 -1.264375e+13 1.766775e+14 -3.180135e-01 -3.783197e-01 8.693340e-01 -7.374076e+00 0 193340
-1.238180e+14 -1.784082e+13 -1.161142e+14 -9.376010e-01 3.290809e-01 1.122946e-01 2.778971e-01 0 49449
5.257991e+13 1.425158e+14 -7.854688e+13 3.606446e-01 9.086311e-01 -2.105352e-01 -1.503197e+01 0 260106
5.529974e+13 -1.596331e+14 2.852410e+13 1.066232e-01 -9.767735e-01 -1.858628e-01 -1.463172e+01 0 559836
6.313130e+13 -8.853359e+12 -1.860280e+14 -2.878756e-01 -2.767861e-01 -9.167972e-01 1.941069e+01 0 17902858
1.366023e+14 -9.907644e+13 3.195439e+13 8.994183e-01 -2.810344e-01 3.347630e-01 1.224517e+01 0 21188619
1.289414e+14 2.094358e+12 1.153008e+14 5.984971e-01 -5.830438e-02 7.990005e-01 -1.105891e+01 0 16476003
-1.365922e+14 1.047554e+14 5.254582e+13 -8.995670e-01 3.259820e-01 2.907147e-01 8.446082e+00 0 4693027
4.282423e+13 1.523285e+14 7.114845e+13 -3.299291e-01 2.091570e-01 9.205434e-01 -9.562559e+00 0 18889595
-1.134959e+14 -1.277337e+14 3.176023e+13 2.939038e-01 -5.656687e-01 7.704800e-01 1.857715e+01 0 11660259
1.043309e+14 -2.838824e+13 1.562933e+14 2.015765e-01 -3.208173e-01 9.254421e-01 -1.569242e+01 0 3297539
6.596490e+13 6.453893e+13 1.433342e+14 9.143543e-01 -1.420375e-01 3.791854e-01 1.051706e+01 0 4296604
-1.624700e+13 1.619566e+14 6.154256e+13 -4.530000e-01 8.776627e-01 1.565221e-01 -6.743267e+00 0 1671994
-1.457971e+14 5.582535e+13 7.415628e+13 -2.421748e-01 -1.947961e-01 9.504767e-01 -1.058677e+01 0 1337165
1.441560e+14 7.801130e+13 -5.368803e+13 4.798303e-01 8.511540e-01 -2.128375e-01 1.933797e+01 0 3840705
-9.095185e+13 1.267586e+14 -9.348122e+13 -8.532565e-01 6.722295e-02 -5.171406e-01 1.559295e+01 0 113774
8.514022e+12 -1.672732e+14 2.880847e+13 -2.522396e-01 -5.283952e-01 8.106625e-01 -8.795207e+00 0 19298964
-2.599465e+13 -1.689471e+14 -2.357602e+13 5.791327e-01 -6.712119e-01 -4.626877e-01 -4.725180e+00 0 1746482
6.995335e+13 2.978719e+13 -1.653838e+14 7.319464e-01 4.536039e-01 -5.084270e-01 1.993201e+01 0 949155
3.976511e+13 9.488971e+13 1.361331e+14 7.779742e-01 -4.740270e-01 4.123767e-01 1.338340e+01 0 4516604
-9.248058e+13 -1.473758e+14 7.083717e+13 -8.410298e-01 -3.383079e-01 4.221571e-01 1.260497e+01 0 5408425
3.483890e+12 -1.555271e+14 -7.084684e+13 -4.652644e-01 -8.204674e-01 3.322082e-01 -1.615086e+01 0 1309193
1.482420e+14 9.891161e+13 -2.249708e+13 9.607386e-01 1.796249e-01 -2.114624e-01 -1.958541e+01 0 5668945
8.472500e+13 -9.613987e+13 1.117323e+14 -3.493879e-01 -9.368413e-01 1.601616e-02 1.617141e+01 0 2077051
-1.603945e+14 -9.485860e+12 -1.496008e+14 -6.759824e-01 5.877055e-01 -4.445784e-01 -1.594217e+01 0 4100471
6.534278e+13 -1.433532e+14 -1.147759e+14 -7.127562e-02 -9.736613e-01 2.165721e-01 -2.152340e+01 0 1987861
-5.886489e+12 -7.666858e+13 -1.538947e+14 3.139754e-01 -6.532192e-01 -6.890022e-01 -4.400780e+00 0 8065534
-8.524853e+13 2.771214e+12 1.493974e+14 -1.369071e-01 -3.686128e-01 9.194460e-01 -7.148636e+00 0 1046227
9.830903e+13 -1.175242e+14 1.018181e+14 4.007060e-01 -8.836537e-01 2.420556e-01 -1.288689e+01 0 1729981
2.024203e+13 -1.626685e+14 4.801685e+13 -5.274733e-01 -7.295739e-01 4.353089e-01 9.247772e+00 0 1922808
-1.780394e+12 7.837920e+13 1.520068e+14 2.596591e-01 -5.301054e-01 8.071961e-01 -7.655174e+00 0 402183
4.237021e+13 -1.683881e+14 -3.244097e+13 -1.680031e-01 -8.482658e-01 -5.022152e-01 -1.677333e+01 0 1614149
-1.125997e+14 -1.346219e+14 -1.970529e+13 -3.988404e-01 -9.087897e-01 -1.225867e-01 9.346553e+00 0 158882
8.671133e+13 1.725095e+14 5.738463e+13 7.124947e-01 6.201491e-01 -3.282779e-01 9.768109e+00 0 376588
1.207395e+14 8.716087e+13 1.431191e+14 8.201786e-01 3.518108e-01 4.511498e-01 -1.798397e+01 0 7187952
8.246308e+13 3.309121e+13 1.535998e+14 7.758146e-01 2.124836e-01 5.941064e-01 -7.463834e+00 0 3647368
3.329648e+13 -1.281036e+14 -1.134928e+14 2.411333e-01 -3.223301e-01 -9.154005e-01 1.518303e+01 0 4260682
1.284453e+14 1.080027e+14 -2.774029e+13 4.589968e-01 2.355763e-01 8.566363e-01 5.887283e+00 0 1746294
-4.039309e+13 -5.531243e+13 -1.572700e+14 -4.268123e-01 -5.955397e-01 -6.805613e-01 -6.200104e+00 0 1748890
5.941060e+13 1.483520e+14 7.339771e+13 9.355073e-01 2.650026e-02 3.523122e-01 2.713592e+00 0 452672
-5.538475e+12 -1.370857e+14 1.254375e+14 -3.715578e-01 -4.610834e-01 8.058206e-01 -1.594084e+01 0 4586758
2.689811e+13 -1.669106e+14 3.268646e+13 -5.302352e-02 -9.821244e-01 1.806103e-01 -7.045510e+00 0 3379842
6.864531e+13 1.528057e+14 -5.014323e+13 6.848556e-01 5.610782e-01 4.649345e-01 -1.464136e+01 0 654332
-1.217538e+14 1.270911e+14 1.327679e+12 -9.358470e-01 3.414565e-01 -8.716594e-02 -7.527153e+00 0 312221
5.816600e+13 -1.098979e+14 -1.173749e+14 -1.575288e-01 -1.572044e-01 -9.749213e-01 -9.276020e+00 0 1565753
-1.518765e+14 -8.320500e+13 -1.941904e+12 -3.622136e-01 -8.576781e-01 3.649514e-01 1.146740e+01 0 5697189
-6.001878e+13 1.567561e+14 6.159602e+13 -2.761781e-02 9.505349e-01 -3.093877e-01 1.209972e+01 0 14220262
-6.644147e+13 -9.728520e+13 1.252611e+14 4.460479e-01 -7.449535e-03 8.949781e-01 -7.484052e+00 0 1784829
8.665276e+13 -1.371694e+14 -6.901130e+13 1.282437e-01 -4.518671e-01 -8.828192e-01 -1.420863e+01 0 204971
-1.906781e+13 7.028787e+13 -1.740223e+14 1.570241e-01 7.169591e-01 -6.792003e-01 -1.988206e+01 0 13098362
-1.394356e+14 -3.832829e+13 -9.860803e+13 -2.801351e-01 1.987287e-01 -9.391652e-01 -2.044978e+01 0 2672547
1.604478e+13 -1.457961e+14 -9.264353e+13 -1.187810e-01 -9.270456e-01 -3.556368e-01 -1.137142e+01 0 2563085
1.255035e+14 1.214395e+14 -1.744392e+13 3.740387e-01 5.223745e-01 -7.663028e-01 -1.355312e+01 0 15102422
1.015202e+14 4.430353e+13 -1.335744e+14 5.584997e-01 1.059914e-01 -8.227052e-01 -1.127272e+01 0 1737759
1.297763e+14 1.130466e+14 -2.828047e+13 7.812302e-01 1.069273e-01 -6.150171e-01 -1.837946e+01 0 13144830
1.720983e+14 9.397991e+12 -5.433019e+13 9.991858e-01 3.568678e-02 1.881892e-02 1.882509e+01 0 1215271
9.085341e+13 1.468766e+14 -4.923050e+13 9.516340e-01 3.040019e-01 -4.444835e-02 8.597285e+00 0 7839256
-6.522816e+13 1.496225e+14 -5.197129e+13 -2.272619e-02 9.942409e-01 -1.047309e-01 -8.450886e+00 0 12052614
-7.592735e+13 -9.480901e+13 1.268808e+14 4.306548e-01 -1.088968e-01 8.959229e-01 1.492315e+01 0 1746551
-1.560182e+14 -3.001790e+13 -6.110545e+13 -3.390810e-01 3.645776e-01 -8.672412e-01 5.660523e+00 0 312717
-9.989044e+13 7.420922e+13 -1.166200e+14 -9.848466e-01 -3.318116e-02 -1.702239e-01 -5.338153e+00 0 1540805
-1.540704e+14 2.460595e+13 -7.714679e+13 -9.192663e-01 2.738989e-01 2.827169e-01 -9.944382e+00 0 15809915
6.838995e+13 1.501537e+14 -6.476863e+13 4.111843e-01 6.796245e-01 -6.074850e-01 1.106242e+01 0 1253908
2.024536e+13 -1.812127e+13 -1.674362e+14 -2.037784e-01 8.819554e-01 -4.250049e-01 6.310771e+00 0 156121
-6.231450e+13 -1.547652e+14 5.886081e+13 -6.442329e-01 -3.601033e-01 6.747515e-01 2.189279e+01 0 1747942
2.117089e+14 2.643704e+13 2.202133e+13 7.635724e-01 1.252760e-01 6.334534e-01 -1.445837e+01 0 2720976
3.106338e+13 -1.462557e+14 8.055267e+13 7.326159e-01 -6.381064e-01 2.368420e-01 7.309517e+00 0 191434
1.668013e+14 -3.491036e+13 5.095469e+13 7.396589e-01 -3.752451e-01 5.586553e-01 9.285907e+00 0 2273189
-6.399018e+13 -1.055406e+14 1.167004e+14 2.945268e-01 -8.292141e-01 -4.750346e-01 1.542994e+01 0 1862748
-6.830000e+13 1.808980e+12 -1.559213e+14 -4.490412e-01 8.295046e-01 -3.320905e-01 -9.590760e+00 0 4220754
5.301374e+13 -3.830395e+13 1.655445e+14 -3.519035e-01 -8.234222e-01 4.451289e-01 -1.749466e+01 0 2455073
7.460436e+13 -1.087461e+14 -1.102534e+14 -9.345505e-02 -9.722739e-01 2.143586e-01 -1.299030e+01 0 2201734
-8.157862e+13 9.876334e+13 1.124163e+14 3.730245e-01 9.081678e-01 1.899579e-01 6.856004e+00 0 2083481
1.498816e+14 -5.798383e+13 5.904847e+13 2.701366e-01 1.031074e-01 9.572853e-01 -6.649266e+00 0 1111964
9.534954e+13 6.741985e+12 -1.402660e+14 -1.032768e-01 -9.349493e-01 -3.394167e-01 5.648389e+00 0 3870001
-2.908838e+13 -1.746401e+14 -1.431050e+12 -1.564694e-01 -9.579946e-01 -2.403408e-01 -1.126896e+01 0 4637282
3.297580e+12 2.101935e+14 -4.733818e+12 4.772150e-01 8.541729e-01 -2.065296e-01 -2.597680e+01 0 12965668
1.419260e+14 -1.042744e+14 1.432867e+13 6.455999e-01 -2.452618e-01 7.232202e-01 1.280281e+01 0 706713
-1.788770e+14 -2.365151e+12 9.212934e+12 -8.277502e-01 4.191422e-01 -3.730272e-01 7.071630e+00 0 8872259
-1.683379e+14 2.257410e+13 9.144000e+12 -5.417813e-01 -2.329937e-01 8.075809e-01 -1.671489e+01 0 2565553
-1.728515e+14 -1.550039e+13 -8.954557e+12 -4.924938e-01 -8.628663e-01 -1.136292e-01 -5.329840e+00 0 20120103
4.104944e+12 -1.599182e+14 6.610299e+13 2.841314e-01 -8.254575e-01 4.877389e-01 1.017791e+01 0 2627666
9.779211e+13 -1.394493e+14 -3.098962e+12 9.328505e-01 -1.606388e-01 -3.224671e-01 1.545777e+01 0 94899
4.652129e+13 -1.400060e+14 8.494677e+13 2.789410e-01 -6.164133e-01 7.363604e-01 -1.409285e+01 0 1073172
2.325509e+14 1.876492e+13 -4.457959e+13 9.833888e-01 -1.501134e-01 1.020409e-01 -2.123171e+01 0 7020701
-8.315202e+13 -4.173067e+13 1.544050e+14 -8.972146e-01 -2.245109e-01 3.802641e-01 1.042378e+01 0 7757212
-1.397812e+14 -1.007351e+14 -7.239672e+12 -8.373221e-01 -4.257659e-01 -3.429505e-01 -2.179619e+01 0 1137064
-5.780536e+13 3.757323e+13 -1.584210e+14 3.000827e-01 3.407563e-01 -8.909745e-01 -1.465254e+01 0 1433972
1.015796e+14 -1.377730e+14 2.951232e+12 8.723411e-01 -4.327273e-01 2.275260e-01 -8.780424e+00 0 3535876
-8.518923e+13 -1.257671e+14 8.436314e+13 -6.098522e-01 -7.789479e-01 -1.460153e-01 6.150722e+00 0 3690133
-9.084404e+12 1.696637e+14 2.090355e+13 -5.134712e-01 6.579977e-01 -5.508051e-01 8.671345e+00 0 5913187
2.562489e+13 -2.902147e+13 -1.674841e+14 1.891003e-01 4.177231e-01 -8.886779e-01 1.081668e+01 0 419154
6.689158e+11 1.667467e+14 -8.130175e+13 -2.824637e-01 8.473191e-01 -4.497384e-01 -1.228837e+01 0 13997341
2.060207e+13 -1.686318e+14 3.111660e+13 4.422908e-01 -6.665949e-01 6.000250e-01 -7.399675e+00 0 2998393
1.224447e+14 -1.251815e+14 8.217346e+13 8.267146e-01 -5.565195e-01 8.263825e-02 -1.655717e+01 0 7128241
1.573955e+14 -6.270033e+13 9.437735e+12 9.977989e-01 -4.324612e-02 -5.027000e-02 -1.891998e+00 0 6321580
1.849612e+14 5.125964e+13 8.847963e+12 8.835767e-01 4.552536e-01 -1.097105e-01 1.479628e+01 0 2393931
-2.163027e+13 -8.095645e+13 -1.545682e+14 -2.335626e-01 1.792949e-01 -9.556683e-01 -1.357323e+01 0 11074771
5.656473e+13 5.262108e+13 -1.510885e+14 1.580009e-01 4.311036e-01 -8.883611e-01 5.954395e+00 0 2346486
-1.253774e+14 -6.029850e+13 -9.915655e+13 -4.581954e-01 -2.129568e-02 -8.885963e-01 9.744380e+00 0 16376680
-1.547188e+14 -7.508138e+13 -7.587127e+12 -7.919448e-01 4.995082e-01 -3.511623e-01 -1.556417e+01 0 8186455
1.616274e+14 3.149282e+13 -6.759468e+13 8.847918e-01 1.708342e-01 -4.335426e-01 1.506079e+01 0 759549
-1.449806e+14 1.090485e+14 2.436670e+13 -7.337689e-01 6.588945e-01 1.656540e-01 1.274322e+01 0 2101381
6.268255e+13 5.493338e+13 1.515272e+14 7.651844e-01 6.361467e-01 -9.904694e-02 -8.735219e+00 0 1691266
-9.903996e+13 9.737203e+13 -9.762029e+13 2.883248e-01 3.534397e-01 -8.899153e-01 1.000642e+01 0 5814153
2.588333e+13 7.903515e+13 1.487426e+14 -2.534998e-01 -2.057185e-01 9.452078e-01 5.222362e+00 0 4955877
-1.557478e+14 -8.720945e+12 7.088024e+13 -8.085128e-01 -5.848089e-01 -6.561749e-02 -1.193206e+00 0 9947832
-1.440273e+14 -3.640187e+13 9.887265e+13 -5.729975e-01 -4.436424e-01 6.890974e-01 1.741149e+01 0 15187167
-8.155827e+13 -2.116353e+13 -1.733241e+14 -2.930216e-01 -6.578530e-01 -6.938067e-01 2.696789e+01 0 21674862
-3.575108e+13 9.713772e+13 1.401506e+14 -2.203791e-01 5.067066e-01 8.334756e-01 1.181000e+01 0 2585978
-1.738440e+14 4.001232e+13 -3.595711e+12 -8.689761e-01 -4.570180e-01 -1.897766e-01 1.465797e+01 0 4672393
-1.690777e+14 -4.306647e+11 -3.946466e+13 -7.962442e-01 -5.157185e-01 -3.162745e-01 1.290768e+01 0 9217901
1.810586e+13 1.141663e+14 1.253772e+14 -1.087833e-01 3.970867e-02 9.932721e-01 -1.069598e+01 0 1034886
8.460596e+13 -7.764621e+13 -1.434705e+14 4.029092e-01 -1.789943e-01 -8.975663e-01 2.120875e+01 0 2158257
1.041493e+14 -1.298263e+14 4.017212e+13 5.702521e-01 -7.313469e-01 3.740914e-01 5.937274e+00 0 11420483
-8.869805e+13 1.600221e+14 -5.846572e+13 -7.374715e-01 6.200382e-01 -2.677469e-01 1.890170e+01 0 865848
-2.628880e+13 7.708541e+13 -1.542590e+14 -2.650032e-01 4.191356e-01 -8.683886e-01 -9.865090e+00 0 6429479
-5.427977e+13 -1.708722e+14 4.294150e+13 5.737925e-02 -9.812576e-01 -1.839597e-01 -6.305293e+00 0 32
1.496804e+14 6.725232e+13 -4.488646e+13 7.638859e-01 -5.006807e-01 4.071820e-01 2.749312e+00 0 5968774
-1.586791e+14 7.451898e+13 6.795752e+13 -9.370670e-01 1.632472e-01 3.086353e-01 1.215339e+01 0 2961925
-1.335125e+14 1.035492e+14 -2.296492e+13 -8.663174e-01 -4.912654e-01 -9.029099e-02 -4.152377e+00 0 316292
3.867671e+13 -1.664237e+14 -1.345122e+13 8.937416e-01 -2.780203e-01 3.520378e-01 1.533483e+01 0 442224
3.654677e+13 -1.660369e+14 2.724563e+13 -1.034671e-01 -9.875675e-01 -1.183429e-01 -1.138799e+01 0 464286
-4.975349e+13 1.274565e+14 1.003557e+14 -2.044370e-01 9.435089e-01 2.607614e-01 -1.072862e+01 0 12679839
3.434164e+11 -4.808603e+13 1.691506e+14 4.273187e-01 -6.561934e-02 9.017166e-01 -2.144804e+01 0 8377854
-1.922993e+13 6.759780e+13 1.562726e+14 -6.151657e-01 -2.101031e-01 7.598867e-01 -8.308832e+00 0 2167679
-7.700164e+13 -1.519557e+14 -1.908540e+13 -3.746670e-01 -5.992738e-01 7.074571e-01 7.597136e+00 0 7758796
-8.701019e+13 -9.295281e+13 -1.439548e+14 8.455613e-02 1.286689e-01 -9.880762e-01 -1.486999e+01 0 1675326
-1.226302e+14 6.038290e+12 1.335969e+14 -2.468771e-02 -6.258929e-02 9.977340e-01 1.773227e+01 0 630951
2.790149e+13 -9.399163e+13 1.473742e+14 8.392523e-01 -5.114809e-01 1.845070e-01 2.142442e+01 0 7547797
1.621407e+14 2.773615e+13 -4.411558e+13 9.723539e-01 1.726454e-02 -2.328731e-01 -6.375323e+00 0 142828
-2.021049e+13 1.372699e+14 1.001685e+14 1.451496e-01 9.263111e-01 3.476770e-01 -7.088866e+00 0 742824
-1.327201e+14 -7.586217e+13 7.369161e+13 -3.691774e-03 -6.592007e-01 7.519580e-01 -7.001162e+00 0 10827118
-1.524051e+14 -5.336152e+13 8.330141e+13 -5.780822e-01 -4.599864e-01 6.739685e-01 -1.826793e+01 0 8715004
-1.640527e+14 1.341711e+13 5.114220e+13 -9.697712e-01 1.033433e-01 -2.210521e-01 -5.824399e+00 0 1412939
-7.748041e+13 -4.135210e+13 -1.451981e+14 -7.912989e-01 -1.784100e-01 -5.848213e-01 8.820244e+00 0 1913398
3.606155e+13 1.557328e+14 -7.040475e+13 5.510382e-01 8.029673e-01 -2.271572e-01 -1.112260e+01 0 9085647
1.343284e+14 -5.090887e+13 9.773801e+13 8.166566e-01 -3.897339e-01 -4.256519e-01 -2.192723e+01 0 13555496
-1.275669e+14 -1.142320e+14 4.070538e+13 -6.860790e-01 -6.788606e-01 2.616177e-01 -9.850917e+00 0 3509549
-1.559541e+13 -1.734308e+13 -1.730456e+14 1.868325e-01 1.918873e-01 -9.634692e-01 9.632576e+00 0 139477
-4.411498e+12 -1.618343e+14 5.975586e+13 7.668442e-01 -6.253517e-01 -1.445173e-01 1.570998e+01 0 3150518
-2.741811e+12 1.138544e+14 1.278296e+14 6.925232e-01 1.514182e-02 7.212367e-01 -1.937235e+01 0 16903301
1.027320e+14 7.489126e+13 1.217917e+14 4.093513e-01 6.399512e-01 6.503030e-01 -8.475228e+00 0 58369
-5.972590e+13 -2.638414e+13 -1.621371e+14 2.473048e-01 -6.496792e-01 -7.188583e-01 1.115879e+01 0 3686213
-1.601765e+14 6.514571e+13 -3.790622e+10 -8.526228e-01 3.764696e-01 3.623604e-01 -1.221385e+01 0 4460908
-1.070449e+14 -6.291337e+13 -1.254865e+14 -9.338712e-01 9.835254e-03 -3.574743e-01 -1.706010e+01 0 4854412
-3.806697e+13 -6.637244e+13 1.519782e+14 7.735439e-01 -5.224660e-01 3.586908e-01 1.167605e+01 0 4740000
-1.595700e+14 -1.753263e+13 5.596275e+13 -7.867603e-01 5.240800e-01 3.261109e-01 9.832836e+00 0 5418876
-1.349863e+14 -6.295314e+13 1.002327e+14 -9.794281e-01 1.412733e-01 -1.440918e-01 -1.247708e+01 0 63713
-1.470979e+14 1.302218e+13 1.127383e+14 -7.693193e-01 5.258724e-01 3.627755e-01 1.976043e+01 0 9263281
6.700221e+13 -1.960939e+13 1.727595e+14 -1.621139e-02 -2.246342e-01 9.743083e-01 -1.957531e+01 0 2972078
6.161124e+13 -1.094749e+14 1.159394e+14 4.444176e-01 -2.543417e-01 8.589548e-01 6.662907e+00 0 3878929
1.184295e+14 1.049394e+14 -6.551748e+13 3.431681e-02 8.287315e-01 -5.585932e-01 1.607617e+01 0 1496856
1.661661e+13 1.165993e+14 -1.226912e+14 2.981216e-02 9.662113e-01 -2.560212e-01 1.180511e+01 0 453219
1.957203e+13 1.704961e+14 -2.638532e+13 8.972497e-01 3.996426e-01 -1.876935e-01 2.580720e+00 0 11599492
-1.169369e+14 5.251209e+13 1.245618e+14 -8.273418e-01 2.677931e-01 4.937533e-01 1.377415e+01 0 2087310
-1.004971e+14 1.998276e+13 1.445543e+14 3.040563e-01 9.421162e-02 9.479842e-01 -2.603335e+01 0 4580047
-1.611128e+14 -1.599334e+13 6.170633e+13 -6.513773e-01 7.560447e-01 -6.406315e-02 2.268940e+00 0 10
-1.362013e+13 1.169931e+14 -1.289792e+14 -7.468583e-01 6.639556e-01 -3.695566e-02 -7.557142e+00 0 11192319
-1.314262e+14 7.281217e+13 -8.450153e+13 -9.769238e-01 6.336735e-02 2.039716e-01 -5.409358e+00 0 15653707
1.224141e+14 -1.927607e+12 1.224778e+14 -1.371372e-01 7.868254e-01 6.017467e-01 -1.038709e+01 0 15479473
-1.230832e+14 -1.301532e+14 -1.280588e+13 -4.629594e-01 -7.041922e-01 -5.383140e-01 -6.327197e+00 0 2353022
-9.692805e+13 2.192277e+13 1.555403e+14 -6.678022e-01 1.780848e-01 7.227213e-01 -9.661793e+00 0 11478612
-1.029147e+14 -5.858236e+13 -1.490633e+14 -2.863635e-01 -8.481751e-01 -4.456399e-01 -1.232681e+01 0 2362803
5.837008e+13 -7.917967e+13 1.408254e+14 -7.656794e-01 -4.648149e-01 4.446147e-01 -1.249065e+01 0 3079391
1.573786e+14 8.952590e+13 5.633209e+12 6.986245e-01 3.091323e-01 -6.452604e-01 -1.215308e+01 0 1185047
3.196867e+13 -1.646820e+14 -2.582752e+13 -9.020442e-01 -3.762208e-01 2.115988e-01 -1.470112e+01 0 1
-1.647211e+14 5.666986e+13 -1.022069e+13 -8.954410e-01 4.444044e-01 -2.627084e-02 -7.050446e+00 0 2045538
1.624383e+14 -2.288302e+13 -4.543893e+13 5.502197e-01 -8.067240e-01 2.155334e-01 1.965102e+00 0 5513157
-2.737817e+13 9.745167e+13 1.807382e+14 4.475904e-01 3.766781e-01 8.110342e-01 1.237321e+01 0 893366
-5.812260e+13 -3.388760e+13 1.589272e+14 -1.986979e-01 -9.007482e-01 3.862276e-01 -9.136723e+00 0 10863550
1.601748e+14 -6.102903e+13 5.235944e+13 7.142145e-01 -6.998872e-01 7.459614e-03 1.086221e+01 0 23219921
-2.249376e+13 1.621605e+14 4.447054e+13 1.539169e-01 5.688841e-01 -8.078864e-01 1.669827e+00 0 1
7.997261e+11 -1.359562e+14 1.014696e+14 -2.525727e-01 -5.422482e-01 8.013576e-01 -9.339350e+00 0 4157174
-1.238728e+14 5.123242e+13 1.039095e+14 -6.450202e-01 4.848067e-01 5.906873e-01 -3.255046e+00 0 115036
-1.119934e+14 1.170433e+14 7.554703e+13 3.594995e-01 7.601943e-01 5.411698e-01 -2.732293e+01 0 317425
-2.943758e+13 -1.547780e+14 -7.014625e+13 3.067822e-01 -8.881569e-01 -3.421432e-01 1.254478e+01 0 2496177
4.245251e+13 -1.468659e+14 -8.674611e+13 5.908362e-01 -7.855086e-01 -1.840893e-01 2.041920e+01 0 12675379
1.689062e+14 -1.126226e+13 6.814457e+13 8.346848e-01 5.156892e-01 1.933029e-01 1.796595e+01 0 1920438
-2.844459e+13 1.613373e+14 -4.933378e+13 4.435447e-01 6.080836e-01 -6.584090e-01 4.361241e+00 0 11562701
9.909964e+13 -1.384367e+14 -4.535913e+12 9.959405e-01 1.017361e-02 8.943676e-02 -4.257042e+00 0 9046510
8.983362e+13 1.255577e+14 -7.842000e+13 3.206138e-01 9.426846e-01 -9.247949e-02 -3.576304e+00 0 2864277
1.115955e+14 1.278463e+14 3.705522e+12 -4.421706e-01 7.311298e-01 -5.195521e-01 1.658694e+01 0 548005
8.643388e+13 1.590030e+13 -1.464042e+14 8.852055e-01 -1.715185e-01 -4.324264e-01 7.158534e+00 0 1091943
-1.825142e+14 1.865111e+12 -7.861324e+13 -9.990897e-01 2.663005e-02 3.332483e-02 -1.335511e+01 0 13772320
-1.585581e+14 -7.473149e+13 -2.383996e+13 -6.434233e-01 -7.295055e-01 2.320091e-01 -6.362518e+00 0 969892
-2.403721e+13 1.314874e+14 1.106210e+14 4.916971e-02 7.060955e-01 7.064075e-01 1.619368e+01 0 9428455
9.392035e+13 -1.470463e+14 -1.548035e+13 4.072704e-01 -6.456616e-01 6.459504e-01 1.125218e+01 0 10559787
1.209536e+14 3.619455e+13 -1.174189e+14 1.151535e-01 -4.262379e-01 -8.972519e-01 8.265230e+00 0 1562754
-1.497551e+14 8.927227e+12 9.458458e+13 -5.822908e-01 -2.698124e-02 8.125328e-01 1.120327e+01 0 8445556
-1.446491e+14 -9.847506e+13 -1.297999e+13 -3.290042e-01 -5.662775e-01 -7.557023e-01 -1.459229e+01 0 554520
2.203665e+13 3.511424e+13 -1.685236e+14 5.919321e-01 5.451122e-02 -8.041423e-01 -1.355196e+01 0 6607434
9.396990e+13 -1.764915e+14 8.196738e+13 7.916077e-02 -9.966765e-01 1.922460e-02 1.603381e+01 0 5105429
-9.791370e+13 -1.071758e+14 9.059376e+13 -2.344772e-01 -8.914064e-01 3.878338e-01 -8.487530e+00 0 23545266
1.086103e+14 -1.316717e+14 -4.624049e+13 8.962429e-01 -4.350904e-01 -8.628486e-02 1.251603e+01 0 3544661
-6.259738e+13 5.223880e+13 -1.491126e+14 3.118529e-01 9.488634e-01 -4.905088e-02 1.884438e+00 0 956125
2.067684e+13 1.639507e+14 -7.003720e+13 5.745302e-01 8.175687e-01 -3.868477e-02 4.244042e+00 0 548899
-1.320145e+14 4.537181e+13 -9.955666e+13 -4.580953e-01 2.419516e-01 -8.553409e-01 -4.059785e+00 0 9325876
-6.851285e+13 1.659028e+14 2.225399e+13 -5.806347e-01 4.726238e-01 6.629405e-01 -1.077176e+01 0 3427538
1.473219e+14 -9.065474e+13 -5.229130e+12 5.545882e-01 4.097485e-02 8.311155e-01 -8.272962e+00 0 1979652
-1.612525e+14 6.648565e+13 -4.085843e+13 -5.634403e-01 8.259333e-01 -1.921795e-02 -2.108883e+01 0 3690932
1.489716e+14 -5.906788e+13 5.901964e+13 4.527056e-01 3.223052e-01 8.313706e-01 9.209317e+00 0 710692
1.619767e+14 5.028327e+13 -1.617189e+13 8.899494e-01 4.202989e-02 4.541183e-01 -1.075110e+01 0 164488
4.200182e+13 1.428119e+14 8.584921e+13 -4.188002e-01 5.762956e-01 7.017762e-01 1.819309e+01 0 13710461
7.718460e+13 -7.375845e+13 -1.325074e+14 4.392036e-01 -1.198604e-01 -8.903559e-01 1.221629e+01 0 5122394
7.840975e+13 3.568412e+13 1.529947e+14 4.325955e-01 7.212144e-02 8.986988e-01 8.123609e+00 0 3474536
1.086796e+14 -6.522176e+13 -1.222490e+14 8.378811e-01 -2.034499e-01 -5.065209e-01 -6.916027e+00 0 22981040
3.707525e+13 5.175830e+13 1.577970e+14 9.327192e-01 3.333831e-01 1.374431e-01 -2.326969e+01 0 2547862
1.533968e+14 2.290059e+13 -6.974405e+13 2.823682e-01 -5.741468e-02 -9.575864e-01 -1.485115e+01 0 5188395
1.116484e+13 1.631640e+14 5.771956e+13 -2.756558e-02 9.989834e-01 3.566857e-02 8.415751e+00 0 1753849
-1.588403e+14 -5.496289e+13 -3.465512e+13 -6.933005e-01 5.854319e-01 -4.202426e-01 1.126607e+01 0 3054931
1.493792e+14 4.871528e+13 -7.691198e+13 4.886604e-01 6.921128e-01 -5.312164e-01 -1.225258e+01 0 1817618
1.480365e+14 -7.695090e+13 4.976482e+13 2.932844e-01 2.375641e-01 9.260387e-01 -7.893411e+00 0 14385430
4.922724e+13 1.577332e+13 -1.624806e+14 3.581864e-01 -1.713879e-03 -9.336485e-01 6.102918e+00 0 3855534
1.566783e+14 -6.962089e+13 -7.210362e+11 9.630552e-01 -1.886796e-01 -1.921581e-01 8.311486e+00 0 127936
-2.872155e+13 1.674209e+14 -5.276636e+13 -1.039476e-02 8.038695e-01 -5.947148e-01 9.654014e+00 0 22561714
-1.533705e+14 8.175170e+13 3.489819e+13 -6.301783e-01 6.065117e-01 4.847874e-01 -1.484474e+01 0 874467
-4.791325e+13 -1.599932e+14 -2.991423e+13 -6.661116e-01 -6.648014e-01 3.381338e-01 -3.457618e-01 0 45518
-2.168221e+13 1.035086e+14 -1.336892e+14 -3.910630e-01 7.155525e-01 -5.788388e-01 9.157130e+00 0 1024690
-1.772157e+13 -1.361919e+14 1.012935e+14 -2.686441e-01 -6.248381e-01 7.330810e-01 4.038179e+00 0 56561
-2.523579e+13 3.540181e+13 1.711403e+14 -6.750240e-01 1.583797e-02 7.376258e-01 1.455977e+01 0 5914428
3.865091e+13 1.616174e+14 8.705586e+13 -4.865403e-01 6.904187e-01 5.353509e-01 -1.435175e+01 0 2190598
-1.353908e+13 1.410300e+14 9.936497e+13 -9.757374e-01 2.186482e-01 1.137980e-02 -3.766408e+00 0 23709137
2.156799e+13 -5.077622e+13 -1.613489e+14 3.328658e-01 -8.139777e-01 -4.760679e-01 -4.340208e+00 0 296855
-7.866056e+13 1.521701e+14 -3.519032e+13 -2.538064e-01 9.656332e-01 5.598990e-02 1.676159e+01 0 2091781
7.493009e+13 -1.583808e+13 -1.579849e+14 4.746258e-01 -6.822928e-02 -8.775393e-01 1.110393e+01 0 1216791
-5.523167e+13 -9.421155e+13 1.399191e+14 -3.792506e-01 1.212599e-01 9.173140e-01 -1.302680e+01 0 243844
-8.670932e+13 -8.458364e+12 1.455810e+14 -5.835776e-01 7.673796e-01 2.656420e-01 6.118930e-01 0 616894
5.662381e+12 1.140654e+14 1.264472e+14 1.988723e-01 9.381647e-01 -2.833671e-01 1.851741e+01 0 8612422
-1.301616e+13 1.070851e+14 1.325371e+14 8.578829e-03 -3.219362e-01 9.467225e-01 3.388343e+00 0 117071
1.098320e+14 4.106973e+13 1.236268e+14 2.508776e-01 -1.520651e-01 9.560003e-01 -1.142908e+01 0 1318609
-3.154845e+13 -7.187464e+13 1.503502e+14 -2.610644e-01 -6.161050e-01 7.431420e-01 3.330427e-02 0 126849
-3.809053e+12 4.383005e+13 1.644946e+14 -1.740496e-01 1.276520e-01 9.764280e-01 5.444677e+00 0 102824
-1.923417e+13 1.637840e+14 5.661500e+13 9.419092e-02 9.286175e-01 3.588838e-01 -2.214706e+01 0 2644924
1.202797e+14 1.284627e+14 5.868806e+13 -5.842646e-02 9.775546e-01 -2.024187e-01 -6.161417e+00 0 6114248
8.931122e+13 1.475886e+14 -4.159477e+13 2.461831e-01 9.590779e-01 -1.398694e-01 2.398595e+01 0 6635253
1.562909e+14 -7.263734e+13 7.022035e+13 4.629765e-01 -4.371676e-01 7.710624e-01 1.053980e+01 0 1415772
7.907869e+13 -1.063758e+14 1.510688e+14 2.380294e-02 -2.543973e-01 9.668068e-01 -1.369532e+01 0 2197641
1.963008e+13 -1.558729e+14 -6.713264e+13 1.549026e-01 -8.521093e-01 -4.999150e-01 7.576927e+00 0 835809
-5.725495e+13 -1.396114e+14 1.134374e+14 -6.909059e-01 -4.294333e-01 5.815807e-01 -1.444613e+01 0 22937059
1.460599e+14 -4.893531e+13 -7.302747e+13 5.190922e-01 8.389780e-01 1.632762e-01 -7.827796e+00 0 3346683
7.365375e+13 1.198761e+14 9.883049e+13 -1.652356e-01 6.686085e-01 7.250240e-01 -1.260745e+01 0 11143093
1.476514e+12 -4.810548e+13 -1.710151e+14 2.469460e-01 3.569118e-01 -9.009060e-01 1.647158e+01 0 3205037
1.968830e+14 9.244384e+11 -6.118110e+13 8.659323e-01 4.784288e-01 1.458325e-01 -1.205457e+01 0 6774061
1.114704e+13 -3.298065e+13 -1.716302e+14 3.541624e-01 1.635644e-01 -9.207690e-01 5.636513e+00 0 4388169
-2.113202e+13 2.035300e+13 1.670654e+14 -5.441567e-01 -6.881929e-01 4.798792e-01 -3.353688e+00 0 7928
