# 781
5.964512e+11 4.508722e+11 -7.075459e+11 -7.416716e-01 -3.307388e-01 5.835539e-01 0.000000e+00 1
-6.420007e+11 -8.620367e+11 -1.086182e+12 3.524349e-03 2.030000e-01 -9.791724e-01 0.000000e+00 1
2.275385e+11 -1.591176e+12 -2.021361e+11 4.657553e-01 6.995925e-01 -5.418877e-01 0.000000e+00 1
4.495811e+11 9.308710e+11 -9.292629e+11 -5.863864e-01 -6.005261e-01 5.436170e-01 0.000000e+00 1
5.272462e+11 -1.020872e+12 -6.520347e+11 -6.322364e-01 9.886601e-03 -7.747125e-01 0.000000e+00 1
5.771233e+11 1.433688e+12 -5.266005e+11 -6.482886e-01 5.535490e-01 5.227863e-01 0.000000e+00 1
1.122375e+12 -5.132381e+11 2.844261e+11 -9.011212e-01 -4.150628e-01 -1.253132e-01 0.000000e+00 1
5.347308e+11 8.415971e+11 5.391350e+11 -3.058908e-01 -5.416285e-02 -9.505247e-01 0.000000e+00 1
-5.439282e+11 -1.158664e+10 -1.368810e+12 -4.118919e-01 9.108950e-01 2.480695e-02 0.000000e+00 1
1.025447e+12 -7.430871e+11 7.938346e+11 4.788410e-01 5.455698e-01 6.877971e-01 0.000000e+00 1
-9.130460e+11 7.349722e+10 -9.963094e+11 -7.376535e-01 -5.616573e-01 3.747110e-01 0.000000e+00 1
4.279856e+11 1.710898e+11 -2.617175e+11 -5.310162e-01 -2.116602e-01 -8.205009e-01 0.000000e+00 1
7.636394e+11 -8.192130e+10 1.148861e+12 1.707902e-01 -9.348721e-01 3.111990e-01 0.000000e+00 1
2.013860e+11 -1.466950e+12 4.270603e+11 -3.190262e-01 3.108849e-02 9.472359e-01 0.000000e+00 1
1.244307e+12 -2.377848e+11 6.736383e+11 -5.428620e-01 6.430341e-01 -5.401926e-01 0.000000e+00 1
-2.794978e+11 1.502530e+12 3.795670e+11 -2.873404e-01 -9.268951e-01 2.414560e-01 0.000000e+00 1
1.273224e+12 -9.114465e+11 -3.946636e+11 5.166318e-01 -8.116595e-01 -2.725811e-01 0.000000e+00 1
1.013282e+12 -2.224629e+11 -3.173137e+11 -8.690935e-01 3.045610e-01 -3.897680e-01 0.000000e+00 1
6.479723e+11 -4.009142e+11 -1.290854e+11 9.109253e-01 4.640602e-02 -4.099531e-01 0.000000e+00 1
1.256919e+12 -1.401377e+10 7.397464e+11 5.014849e-01 -6.173090e-01 -6.061703e-01 0.000000e+00 1
1.095104e+12 8.921474e+11 2.720433e+10 -6.722937e-01 4.379849e-02 7.389877e-01 0.000000e+00 1
-2.390392e+11 8.144940e+11 1.403162e+12 -4.881599e-01 -3.450992e-01 8.016274e-01 0.000000e+00 1
7.588308e+11 9.279745e+11 -1.116203e+12 9.789134e-01 -4.686363e-02 1.988272e-01 0.000000e+00 1
-1.428040e+11 1.420149e+11 5.785000e+11 6.251442e-01 4.800099e-01 6.154553e-01 0.000000e+00 1
6.255567e+11 1.500394e+11 -1.044789e+12 8.097456e-01 -5.417477e-01 2.254364e-01 0.000000e+00 1
-9.781160e+11 -8.457300e+11 1.021087e+12 -7.186198e-01 6.540157e-01 -2.363240e-01 0.000000e+00 1
6.288990e+11 -2.159106e+11 4.785591e+11 1.175524e-01 8.690911e-01 -4.804811e-01 0.000000e+00 1
5.225143e+11 6.623062e+11 1.202322e+12 -9.147468e-01 4.008427e-01 -5.063090e-02 0.000000e+00 1
3.839839e+11 6.040462e+11 -2.356228e+11 -6.835283e-01 -7.247226e-01 -8.698371e-02 0.000000e+00 1
6.759697e+11 -1.028000e+12 6.101939e+11 -1.274166e-01 -1.997397e-01 -9.715292e-01 0.000000e+00 1
8.395149e+11 5.982421e+11 2.098569e+11 6.602527e-01 -4.642071e-01 5.904051e-01 0.000000e+00 1
-5.592196e+11 2.193259e+11 -4.825362e+11 -9.306917e-01 -2.891772e-01 -2.240299e-01 0.000000e+00 1
2.641193e+11 -9.675068e+11 9.445687e+11 -8.333419e-01 -4.007682e-01 3.806915e-01 0.000000e+00 1
-6.150459e+09 -2.137752e+11 5.213372e+11 -2.452457e-01 -6.761108e-01 6.947868e-01 0.000000e+00 1
3.268264e+11 -5.683205e+11 4.755782e+10 9.812276e-01 -1.238976e-01 1.477895e-01 0.000000e+00 1
-1.793141e+11 2.835514e+11 -1.188616e+12 1.191197e-01 -3.170426e-01 -9.409009e-01 0.000000e+00 1
-3.383008e+11 -3.668034e+11 -1.548216e+12 6.967861e-02 -8.402615e-01 -5.376853e-01 0.000000e+00 1
-2.683104e+10 1.129510e+12 1.057042e+12 -9.380026e-01 -1.549457e-01 -3.100694e-01 0.000000e+00 1
-7.832454e+11 3.543829e+11 -3.760428e+10 -1.369893e-01 -9.687099e-01 -2.069665e-01 0.000000e+00 1
-6.104650e+11 -1.541281e+12 2.405332e+11 -5.855688e-01 -8.022374e-01 -1.162942e-01 0.000000e+00 1
-8.419576e+11 3.455942e+11 1.619005e+11 -9.614500e-01 -1.877216e-02 2.743382e-01 0.000000e+00 1
2.545424e+11 -6.826411e+11 5.832755e+11 7.110366e-02 -5.898142e-01 -8.044026e-01 0.000000e+00 1
4.517135e+11 7.490897e+11 -1.570327e+11 3.715952e-01 -8.906993e-01 2.618620e-01 0.000000e+00 1
2.644784e+11 -9.723572e+11 7.045174e+11 6.806459e-01 -4.669526e-01 -5.645143e-01 0.000000e+00 1
-1.379177e+12 -6.264664e+11 3.321222e+11 -7.411852e-02 9.602264e-01 2.692057e-01 0.000000e+00 1
1.119816e+12 -5.935398e+11 8.184015e+11 2.703918e-01 -8.530337e-01 4.463427e-01 0.000000e+00 1
6.887421e+11 4.558467e+11 1.364296e+12 -6.653220e-01 4.404037e-01 6.028194e-01 0.000000e+00 1
9.968795e+11 3.868871e+11 1.011368e+12 -6.701313e-01 -4.598551e-01 -5.826297e-01 0.000000e+00 1
5.632392e+11 7.890089e+11 3.316386e+11 -3.604564e-01 9.084050e-01 -2.118293e-01 0.000000e+00 1
-5.637655e+11 1.137851e+12 -1.058050e+12 2.340229e-01 -3.404660e-01 9.106680e-01 0.000000e+00 1
-1.043920e+11 4.018395e+11 -5.995068e+11 8.520239e-01 -2.046996e-01 4.818229e-01 0.000000e+00 1
1.258424e+11 1.550578e+12 -4.789135e+11 -4.534438e-01 8.885436e-01 6.984957e-02 0.000000e+00 1
7.993530e+11 1.333606e+12 -4.851521e+11 -2.139830e-01 3.356063e-01 -9.173765e-01 0.000000e+00 1
2.883687e+11 1.408260e+11 1.249304e+12 6.750311e-01 5.653577e-01 -4.740292e-01 0.000000e+00 1
1.608289e+11 -1.008582e+12 -8.630559e+11 1.776949e-01 -8.917059e-01 4.162753e-01 0.000000e+00 1
6.911188e+11 8.820867e+11 5.706736e+11 7.279835e-01 3.846106e-02 6.845150e-01 0.000000e+00 1
-1.144164e+12 -2.709223e+11 5.415420e+11 -6.228404e-01 3.782506e-01 -6.848330e-01 0.000000e+00 1
-4.108607e+11 -8.889037e+11 5.231990e+11 9.281133e-01 -7.690482e-02 -3.642682e-01 0.000000e+00 1
1.356871e+11 2.588181e+11 -1.284870e+12 -8.943827e-01 1.709321e-01 -4.133544e-01 0.000000e+00 1
3.953282e+10 -1.085504e+12 9.900152e+11 6.523232e-02 -2.248439e-01 9.722088e-01 0.000000e+00 1
3.084204e+11 -8.639654e+11 -1.079133e+12 5.423506e-01 -8.399761e-01 1.720464e-02 0.000000e+00 1
1.139740e+12 -9.631975e+11 2.951153e+11 -2.233924e-02 -3.686313e-01 -9.293072e-01 0.000000e+00 1
-1.392248e+12 -5.793226e+11 -7.036829e+11 -5.526751e-01 -8.333703e-01 6.642739e-03 0.000000e+00 1
1.183276e+12 1.482726e+10 -8.317938e+09 -3.797010e-01 -8.883947e-01 -2.580348e-01 0.000000e+00 1
2.630297e+11 3.111523e+11 -8.981125e+11 8.641848e-01 -9.490100e-02 -4.941441e-01 0.000000e+00 1
9.421033e+10 1.044338e+12 1.012482e+12 -5.516782e-01 8.322767e-01 -5.446616e-02 0.000000e+00 1
2.865320e+11 1.838307e+11 -1.126977e+12 -8.061527e-01 -1.968449e-01 -5.580053e-01 0.000000e+00 1
-7.315874e+11 -4.616822e+11 -1.366467e+11 -7.943852e-01 -5.634724e-01 2.268281e-01 0.000000e+00 1
-2.495863e+11 -3.805520e+11 -7.685483e+09 5.925058e-02 9.786294e-01 -1.969108e-01 0.000000e+00 1
-1.266788e+12 -5.218176e+11 5.499853e+11 2.719531e-01 -7.834972e-01 -5.587251e-01 0.000000e+00 1
-9.462055e+11 3.898022e+11 -7.035905e+11 7.746132e-01 5.810333e-01 -2.497492e-01 0.000000e+00 1
1.114780e+12 9.862149e+11 7.418017e+11 3.393895e-01 8.339335e-01 4.351662e-01 0.000000e+00 1
7.070177e+11 -1.120804e+12 5.985006e+11 -8.940203e-01 8.316604e-02 4.402398e-01 0.000000e+00 1
-7.402136e+11 -1.209429e+12 -4.066220e+11 8.166062e-01 1.540984e-02 5.769894e-01 0.000000e+00 1
-9.900056e+11 4.525463e+11 8.836180e+11 -2.281110e-01 -9.671726e-01 -1.119933e-01 0.000000e+00 1
6.736388e+11 9.715576e+11 5.800091e+11 -9.422246e-03 -6.756779e-02 9.976702e-01 0.000000e+00 1
-1.642053e+11 5.479075e+11 -2.748563e+11 -6.208220e-01 -7.776198e-01 9.943573e-02 0.000000e+00 1
7.005485e+11 -2.247542e+11 -1.264979e+12 -7.276426e-01 4.694277e-01 -5.001738e-01 0.000000e+00 1
1.639555e+12 2.976843e+11 4.341246e+10 1.402423e-01 5.671711e-01 8.115719e-01 0.000000e+00 1
-9.218596e+11 6.454640e+11 -2.755351e+11 -9.868426e-01 1.614709e-01 -8.296118e-03 0.000000e+00 1
-3.902539e+11 6.181547e+11 -6.246351e+10 4.525949e-01 7.566906e-01 4.717809e-01 0.000000e+00 1
-5.565872e+11 -2.679865e+11 1.535212e+12 6.813123e-02 7.294634e-01 -6.806183e-01 0.000000e+00 1
1.359996e+11 7.104552e+10 -6.782610e+11 7.711919e-01 6.337807e-01 5.987628e-02 0.000000e+00 1
-6.825388e+11 6.042634e+11 -4.281161e+11 3.898162e-01 -7.110268e-01 -5.852215e-01 0.000000e+00 1
-7.656995e+11 1.643691e+11 -4.587963e+11 8.538631e-01 2.693080e-01 4.454110e-01 0.000000e+00 1
-7.312506e+11 2.542421e+11 6.213281e+11 7.535267e-01 -2.371602e-01 6.131497e-01 0.000000e+00 1
5.654788e+11 -1.114022e+12 8.809158e+11 9.005256e-01 3.815674e-01 2.084707e-01 0.000000e+00 1
1.326266e+12 9.080768e+11 3.560268e+11 -5.453428e-01 -8.165416e-01 -1.893699e-01 0.000000e+00 1
-4.123322e+11 -8.675147e+11 -5.270244e+11 -2.023570e-01 -8.938542e-01 4.000953e-01 0.000000e+00 1
-6.239383e+11 5.802486e+11 1.272934e+12 -8.761415e-01 -4.484612e-02 -4.799634e-01 0.000000e+00 1
-3.829397e+11 -7.618232e+11 -5.104279e+11 2.994433e-01 -9.365420e-01 1.822710e-01 0.000000e+00 1
-1.801838e+10 5.916976e+11 6.870664e+11 -9.006217e-01 1.992833e-02 4.341469e-01 0.000000e+00 1
-1.342904e+12 8.246115e+11 -2.660409e+11 9.192314e-01 3.460359e-01 -1.878105e-01 0.000000e+00 1
2.265412e+11 2.335674e+10 -1.532670e+12 -7.157820e-01 8.435942e-02 6.932097e-01 0.000000e+00 1
8.227043e+10 5.512746e+11 2.769510e+11 1.043962e-01 -7.049177e-01 7.015643e-01 0.000000e+00 1
-1.173650e+11 5.616338e+11 7.595622e+11 4.434257e-01 -7.409000e-01 -5.044213e-01 0.000000e+00 1
-8.244460e+11 3.908531e+11 1.217596e+12 3.877212e-01 -3.171501e-01 8.654988e-01 0.000000e+00 1
5.879458e+11 7.623591e+11 6.746997e+11 -5.417542e-01 8.170115e-01 1.974705e-01 0.000000e+00 1
5.914858e+11 -1.577247e+11 1.079343e+12 5.676968e-01 9.819834e-02 -8.173600e-01 0.000000e+00 1
-1.680900e+10 2.972464e+11 1.251330e+12 5.656580e-01 8.241713e-01 -2.779784e-02 0.000000e+00 1
1.136267e+12 -6.425480e+11 7.470072e+11 -1.188252e-01 8.970603e-01 4.256328e-01 0.000000e+00 1
6.787198e+11 -7.715040e+11 1.284462e+12 -7.901288e-01 5.417919e-01 2.866321e-01 0.000000e+00 1
3.203043e+11 -1.035357e+12 2.362763e+11 5.487741e-01 -4.137860e-01 -7.263802e-01 0.000000e+00 1
4.437002e+11 -1.415947e+12 -6.529472e+11 -9.283276e-01 -2.896400e-02 3.706331e-01 0.000000e+00 1
1.342821e+12 -1.659233e+11 9.840322e+10 -7.095497e-01 -4.426655e-01 -5.482577e-01 0.000000e+00 1
-7.128455e+11 4.725587e+11 1.991504e+11 -9.488143e-01 5.198566e-02 3.115268e-01 0.000000e+00 1
2.358451e+11 -6.954107e+11 9.360354e+11 9.909914e-01 -6.323190e-04 -1.339238e-01 0.000000e+00 1
1.072069e+12 -2.214670e+11 9.620237e+11 6.775914e-01 -4.268204e-01 -5.989109e-01 0.000000e+00 1
-7.201817e+10 9.167410e+11 -6.776217e+10 -8.937806e-03 -7.327304e-01 -6.804604e-01 0.000000e+00 1
-7.364497e+11 -1.731262e+11 3.919163e+11 2.220046e-01 7.434187e-01 6.309062e-01 0.000000e+00 1
2.814169e+10 2.729710e+11 -5.095571e+10 -1.342431e-01 -3.698805e-02 9.902579e-01 0.000000e+00 1
1.267346e+12 -3.171420e+11 8.484246e+11 -4.684923e-01 3.987877e-01 7.883422e-01 0.000000e+00 1
-4.572890e+11 -1.084872e+11 -3.897836e+11 6.694992e-01 -4.202805e-01 6.124828e-01 0.000000e+00 1
-2.436766e+11 3.485960e+11 3.093041e+11 -6.871371e-01 7.222714e-02 -7.229287e-01 0.000000e+00 1
-1.733208e+11 2.243008e+11 -1.450828e+12 7.628513e-01 2.584625e-01 5.926677e-01 0.000000e+00 1
5.133830e+11 -3.466575e+11 1.106889e+12 -4.724580e-01 -8.135794e-01 3.389279e-01 0.000000e+00 1
9.906350e+11 6.052583e+11 -4.601858e+11 -1.272841e-02 6.347050e-01 -7.726497e-01 0.000000e+00 1
-5.386721e+11 -2.214288e+11 1.311169e+12 7.452729e-01 2.786160e-02 6.661772e-01 0.000000e+00 1
-2.836832e+11 -2.866508e+11 -4.073336e+11 -9.073595e-01 2.522910e-01 3.362262e-01 0.000000e+00 1
-2.667960e+11 4.448066e+10 -1.056050e+12 -4.179435e-01 -1.669149e-01 -8.930076e-01 0.000000e+00 1
-3.719371e+11 -1.191070e+12 -9.177791e+11 -5.172400e-02 -8.391667e-01 5.414092e-01 0.000000e+00 1
-8.154861e+11 1.121576e+12 3.910283e+11 -3.209399e-01 8.803675e-01 3.492143e-01 0.000000e+00 1
-9.477198e+11 8.871014e+11 -2.533655e+11 8.443882e-01 2.415115e-01 4.782057e-01 0.000000e+00 1
1.502919e+12 -4.411345e+11 -3.734741e+11 9.595533e-01 9.562079e-02 -2.647908e-01 0.000000e+00 1
-4.103834e+11 -7.461258e+11 9.353381e+11 3.096452e-01 9.499902e-01 -4.047839e-02 0.000000e+00 1
1.398523e+12 3.713232e+10 2.214295e+10 -8.904293e-01 4.247892e-01 -1.633702e-01 0.000000e+00 1
7.634064e+10 1.397178e+12 -3.491880e+11 5.580002e-01 -8.192550e-01 1.321247e-01 0.000000e+00 1
-2.607906e+11 3.522722e+11 7.459712e+11 7.222616e-01 6.909975e-01 2.933564e-02 0.000000e+00 1
4.490953e+10 -4.556440e+11 7.917335e+11 -4.113962e-01 -1.691970e-01 -8.956146e-01 0.000000e+00 1
2.496123e+10 2.077779e+11 -5.972325e+11 -6.099565e-01 1.560259e-01 7.769228e-01 0.000000e+00 1
-5.931921e+11 1.834465e+11 -1.090527e+11 -2.341064e-01 8.736351e-01 4.265629e-01 0.000000e+00 1
-3.651353e+11 1.372064e+12 7.980711e+10 8.083959e-01 3.057906e-01 -5.029794e-01 0.000000e+00 1
-2.872815e+11 6.450770e+11 4.123978e+11 1.415018e-01 9.899380e-01 2.940082e-04 0.000000e+00 1
2.269162e+11 2.267717e+11 -8.430963e+11 -4.046484e-01 1.053787e-01 9.083804e-01 0.000000e+00 1
4.543993e+11 -1.737417e+11 -1.370581e+12 8.594730e-01 7.936625e-02 5.049824e-01 0.000000e+00 1
-1.245807e+12 -2.099773e+11 5.481497e+10 3.775234e-01 -1.807099e-02 9.258237e-01 0.000000e+00 1
-2.917447e+11 -7.856057e+11 -1.087748e+12 -7.541429e-01 -3.064512e-01 -5.808237e-01 0.000000e+00 1
-1.752995e+11 1.234533e+12 6.156578e+11 1.923201e-01 -8.741091e-01 4.460339e-01 0.000000e+00 1
-5.299104e+11 8.802628e+10 -3.914231e+11 -7.214225e-01 -5.995720e-01 -3.465011e-01 0.000000e+00 1
-6.415613e+11 -1.508880e+12 4.223172e+11 6.968360e-01 2.395913e-02 7.168302e-01 0.000000e+00 1
-2.607110e+11 -6.257615e+11 1.029224e+12 -4.940278e-01 -8.029171e-01 -3.335575e-01 0.000000e+00 1
-8.389287e+11 -8.756104e+10 5.785522e+11 3.861047e-01 6.081075e-01 -6.936342e-01 0.000000e+00 1
-2.469308e+11 1.781973e+11 4.865008e+11 -5.593340e-01 -5.254311e-01 6.411455e-01 0.000000e+00 1
-3.748477e+11 5.261644e+11 -7.414314e+11 7.066444e-01 -1.794606e-01 -6.844323e-01 0.000000e+00 1
2.498589e+11 1.043925e+12 -4.303346e+11 6.673763e-01 -6.201463e-01 4.123439e-01 0.000000e+00 1
-2.418301e+11 -7.157790e+11 -4.504988e+11 -2.246791e-01 -1.575398e-01 -9.616135e-01 0.000000e+00 1
7.329984e+11 9.583404e+11 1.849808e+11 -3.696774e-01 6.716090e-01 -6.420904e-01 0.000000e+00 1
1.147049e+12 -6.078522e+11 8.572394e+11 -9.700329e-01 1.667814e-01 -1.766919e-01 0.000000e+00 1
-1.418819e+12 3.074943e+10 -8.662070e+11 -5.249831e-01 3.849650e-01 7.590749e-01 0.000000e+00 1
1.236953e+12 5.042011e+11 2.698594e+10 -3.285886e-01 -8.036879e-01 -4.961002e-01 0.000000e+00 1
-1.076787e+12 -9.396330e+11 -4.932964e+11 -3.717678e-01 9.137321e-01 1.639584e-01 0.000000e+00 1
4.137922e+11 -3.717134e+11 -1.444294e+12 -4.184334e-01 6.650130e-01 -6.186043e-01 0.000000e+00 1
6.303985e+11 -1.031536e+12 -8.369264e+11 -5.230711e-01 -1.126395e-01 -8.448130e-01 0.000000e+00 1
-3.849000e+11 1.488475e+12 1.374869e+11 3.028634e-02 3.495640e-01 -9.364228e-01 0.000000e+00 1
3.270560e+11 3.081903e+11 -2.924758e+11 9.351921e-01 2.763767e-01 -2.214311e-01 0.000000e+00 1
5.078825e+10 -2.694738e+11 4.002647e+10 3.424552e-01 -2.779154e-01 8.974895e-01 0.000000e+00 1
-2.452357e+08 -8.995934e+11 -1.437372e+12 5.391534e-01 4.942417e-01 -6.819375e-01 0.000000e+00 1
-2.302573e+10 -9.798930e+11 4.408866e+11 -7.030883e-01 3.514902e-01 6.181598e-01 0.000000e+00 1
1.177190e+12 6.611532e+11 1.426608e+11 7.488254e-01 -1.456307e-01 6.465695e-01 0.000000e+00 1
-2.512284e+11 -1.072418e+12 -4.911267e+11 6.208061e-01 7.322826e-01 2.799322e-01 0.000000e+00 1
-7.501221e+11 4.743904e+11 6.815931e+09 -3.179271e-01 1.203864e-01 9.404411e-01 0.000000e+00 1
1.159374e+11 6.894456e+11 -7.997931e+11 -2.346147e-01 7.930583e-01 5.621516e-01 0.000000e+00 1
-1.386233e+12 -3.709944e+11 -2.827675e+11 2.204588e-01 9.413367e-01 2.555055e-01 0.000000e+00 1
-9.519288e+11 -4.372791e+11 -6.467366e+11 -6.882050e-01 7.077052e-01 1.597724e-01 0.000000e+00 1
-7.926643e+11 -8.431082e+10 1.711254e+11 -3.957099e-01 -4.824897e-01 -7.814201e-01 0.000000e+00 1
2.313548e+11 -5.731595e+11 -1.337339e+11 7.537922e-01 -5.121097e-01 -4.117534e-01 0.000000e+00 1
-9.040251e+11 9.517322e+09 1.275824e+12 8.080278e-01 6.471691e-02 -5.855790e-01 0.000000e+00 1
1.291342e+12 6.515233e+11 -7.263406e+11 -1.172791e-01 -2.275162e-01 -9.666861e-01 0.000000e+00 1
-1.179233e+12 4.270761e+11 -1.098298e+12 -2.094954e-01 9.507205e-01 -2.285657e-01 0.000000e+00 1
1.944633e+11 -3.368680e+11 1.265249e+12 1.049378e-03 -8.567856e-01 5.156717e-01 0.000000e+00 1
-3.781250e+11 -6.536780e+11 -1.348348e+12 -5.017757e-01 -7.611483e-01 4.109432e-01 0.000000e+00 1
-5.029769e+11 -7.208773e+11 1.307748e+12 3.483059e-01 3.820445e-01 8.559936e-01 0.000000e+00 1
5.753733e+11 -1.282054e+11 -4.496619e+11 9.209582e-01 -2.267021e-01 3.169260e-01 0.000000e+00 1
-2.473156e+11 -1.083247e+12 -1.133177e+12 -3.564547e-01 -9.139736e-01 1.938875e-01 0.000000e+00 1
7.914374e+11 8.858133e+11 -7.465628e+10 -1.943964e-01 7.524588e-01 -6.292979e-01 0.000000e+00 1
-5.685062e+11 -2.654456e+10 8.755565e+11 8.112018e-01 3.928413e-02 -5.834453e-01 0.000000e+00 1
-4.671623e+11 1.364503e+12 3.207650e+11 -6.900809e-01 7.111577e-01 -1.343244e-01 0.000000e+00 1
-1.219532e+12 -9.622108e+11 -2.213638e+11 -4.740299e-01 -8.455837e-01 -2.455278e-01 0.000000e+00 1
-8.843278e+11 1.035386e+12 -6.344305e+11 9.156298e-03 -7.295548e-01 -6.838611e-01 0.000000e+00 1
-2.008764e+11 -9.221211e+11 -9.077005e+11 -3.842192e-02 7.693201e-01 -6.377071e-01 0.000000e+00 1
-1.246187e+12 -6.646337e+11 -5.453171e+11 1.058530e-01 6.889612e-01 7.170269e-01 0.000000e+00 1
6.663084e+11 -1.122673e+12 7.708576e+11 -6.204478e-01 -7.496004e-01 -2.305292e-01 0.000000e+00 1
5.838965e+11 -5.919271e+10 -8.144795e+11 4.109482e-01 5.445516e-01 -7.311533e-01 0.000000e+00 1
1.362839e+12 7.458930e+10 -7.295655e+11 9.407627e-02 -9.944878e-01 4.629972e-02 0.000000e+00 1
-3.588895e+11 2.772321e+11 7.070417e+11 9.281776e-01 -3.175696e-01 1.939997e-01 0.000000e+00 1
-8.206961e+10 2.019766e+11 -1.093704e+12 -2.795724e-01 -9.557989e-01 9.103707e-02 0.000000e+00 1
3.071366e+11 -5.175991e+10 -7.822866e+11 -2.548866e-01 -9.426338e-01 2.155793e-01 0.000000e+00 1
4.359974e+11 -7.843803e+11 -1.053070e+12 -8.394377e-02 -5.927971e-01 8.009651e-01 0.000000e+00 1
-4.113847e+11 -2.501644e+11 -1.521094e+12 3.257302e-01 -9.313495e-01 1.627510e-01 0.000000e+00 1
1.650374e+11 -1.376682e+12 -3.751992e+11 -7.410080e-01 -3.565758e-01 5.689998e-01 0.000000e+00 1
-8.191379e+11 -5.600023e+11 -4.022847e+11 -9.359142e-01 2.594209e-01 2.382548e-01 0.000000e+00 1
4.526284e+11 9.107726e+11 5.914422e+11 -3.697710e-01 9.180262e-01 1.431685e-01 0.000000e+00 1
-5.871923e+11 7.134611e+11 -9.499119e+11 -7.044015e-01 2.784777e-01 6.528925e-01 0.000000e+00 1
2.634058e+11 6.810883e+11 -7.350770e+11 -4.289993e-01 5.972619e-01 -6.776708e-01 0.000000e+00 1
-4.746395e+11 -1.590040e+11 -3.144827e+11 -8.786038e-02 9.310438e-01 3.541723e-01 0.000000e+00 1
1.054844e+12 -8.096890e+11 7.929589e+10 -5.824792e-01 -6.942140e-01 -4.228296e-01 0.000000e+00 1
-2.388004e+11 3.887041e+11 2.009584e+11 3.538655e-01 -1.939706e-01 9.149615e-01 0.000000e+00 1
3.407440e+11 7.715157e+11 -8.782915e+11 9.048219e-01 -3.735724e-01 2.043061e-01 0.000000e+00 1
1.486126e+11 9.041469e+11 1.200652e+12 -3.944504e-01 -9.066419e-01 -1.496975e-01 0.000000e+00 1
1.509858e+12 -3.895021e+11 3.065090e+11 -4.669406e-01 -8.515553e-01 2.383697e-01 0.000000e+00 1
-8.512778e+10 -1.806025e+10 3.063311e+11 4.537892e-01 6.663649e-01 5.916361e-01 0.000000e+00 1
5.546048e+11 -6.558548e+11 -4.582132e+11 -4.228214e-01 8.961881e-01 -1.344209e-01 0.000000e+00 1
9.057994e+11 8.259155e+11 -1.144189e+12 6.980934e-01 7.069701e-01 1.133971e-01 0.000000e+00 1
5.221973e+11 -1.754466e+11 9.209052e+11 5.159942e-01 8.476457e-01 1.234777e-01 0.000000e+00 1
-5.257487e+11 -1.171925e+12 -9.993406e+11 -6.141863e-01 6.042528e-01 5.075959e-01 0.000000e+00 1
1.444489e+12 7.737932e+11 -6.960696e+10 -9.172568e-01 -1.411250e-01 -3.724562e-01 0.000000e+00 1
-7.863144e+11 2.814947e+11 -1.298485e+12 -8.788924e-01 -4.681077e-01 9.177819e-02 0.000000e+00 1
1.013750e+12 -1.080586e+11 -7.977207e+11 1.194685e-01 5.679255e-01 -8.143635e-01 0.000000e+00 1
9.968154e+11 -9.666632e+11 2.424879e+11 4.603555e-01 -4.048811e-01 7.900279e-01 0.000000e+00 1
1.097258e+12 2.729998e+11 -9.552386e+11 -1.524854e-01 -6.124013e-01 -7.757016e-01 0.000000e+00 1
8.231963e+11 1.260262e+11 -6.584799e+11 -3.167072e-03 9.500227e-01 -3.121648e-01 0.000000e+00 1
4.817630e+11 1.516103e+12 -1.714147e+11 -3.706234e-01 3.643180e-02 -9.280684e-01 0.000000e+00 1
-5.872984e+11 -1.394831e+12 4.795655e+11 -2.618940e-01 6.917318e-01 -6.729923e-01 0.000000e+00 1
2.824404e+11 1.318111e+12 5.182822e+11 -2.483017e-01 -7.505526e-01 6.123864e-01 0.000000e+00 1
1.538169e+10 -4.716974e+11 -3.767885e+11 7.289147e-02 2.985980e-01 -9.515913e-01 0.000000e+00 1
-6.954053e+10 5.363750e+11 1.593685e+12 -9.012550e-02 5.705921e-01 -8.162733e-01 0.000000e+00 1
-8.296363e+10 -5.939809e+11 -1.115395e+11 1.411375e-01 5.961862e-01 7.903431e-01 0.000000e+00 1
-2.040348e+10 1.453379e+12 2.221854e+11 -8.899144e-01 -2.411208e-01 -3.871862e-01 0.000000e+00 1
1.651359e+11 -8.709692e+11 1.391763e+12 -7.232851e-01 6.905088e-01 -7.504220e-03 0.000000e+00 1
3.420542e+11 -5.831953e+11 -4.433965e+11 -5.613634e-01 2.817982e-01 -7.781137e-01 0.000000e+00 1
-8.850069e+11 1.033990e+12 6.985846e+11 6.256586e-01 -2.837782e-01 -7.266507e-01 0.000000e+00 1
-1.778290e+10 -4.421473e+11 6.598713e+11 -8.307965e-01 -5.372504e-01 -1.453932e-01 0.000000e+00 1
1.448427e+12 4.953665e+10 6.993070e+11 6.198669e-02 7.552692e-01 6.524769e-01 0.000000e+00 1
1.396987e+12 -3.241720e+11 3.288537e+11 2.393118e-01 -2.837970e-01 -9.285414e-01 0.000000e+00 1
1.549615e+12 4.790465e+11 2.458304e+11 -5.645570e-01 -3.928268e-01 7.259218e-01 0.000000e+00 1
-1.014606e+12 -8.784107e+11 -7.539375e+10 5.506978e-01 8.132179e-01 1.881717e-01 0.000000e+00 1
-5.712637e+11 9.631308e+11 -1.012687e+12 -8.961354e-01 -7.399327e-02 4.375686e-01 0.000000e+00 1
1.025925e+12 4.985731e+11 -9.734523e+10 -5.773030e-02 6.420240e-01 7.645079e-01 0.000000e+00 1
3.728897e+11 -4.946969e+11 -9.277452e+11 -9.755719e-01 2.107805e-01 -6.189538e-02 0.000000e+00 1
-3.639227e+11 1.084792e+12 -3.346650e+11 -4.804788e-01 6.353532e-01 6.045382e-01 0.000000e+00 1
6.141036e+11 3.752459e+11 -1.464005e+11 -5.992251e-01 -6.547142e-03 8.005538e-01 0.000000e+00 1
2.889923e+11 1.444717e+12 -4.731741e+10 -8.049331e-01 3.736892e-01 4.609111e-01 0.000000e+00 1
1.478843e+12 -4.327612e+11 -5.350845e+11 -2.967293e-01 6.133638e-01 -7.319403e-01 0.000000e+00 1
-1.293412e+12 8.054671e+10 1.281992e+11 -7.038254e-01 6.639562e-01 -2.525705e-01 0.000000e+00 1
-1.328575e+12 5.097836e+11 -5.813676e+11 -8.650351e-01 -2.984343e-01 -4.033004e-01 0.000000e+00 1
8.593732e+11 -8.794907e+11 -6.012954e+11 -2.371724e-01 -7.658647e-01 5.976625e-01 0.000000e+00 1
-1.463554e+12 1.720350e+11 -7.389374e+11 7.982075e-01 -5.209205e-01 -3.025005e-01 0.000000e+00 1
-1.305588e+11 5.021693e+11 -1.395654e+12 -4.243202e-01 1.613416e-01 8.910226e-01 0.000000e+00 1
-1.913651e+11 1.229162e+12 -1.421150e+11 -2.528203e-01 7.977877e-01 5.473725e-01 0.000000e+00 1
1.501844e+12 -3.211134e+11 -5.728927e+11 -8.644411e-01 -8.479479e-02 4.955314e-01 0.000000e+00 1
1.075875e+12 -3.668250e+11 1.702051e+11 2.213901e-01 -6.402949e-01 7.355330e-01 0.000000e+00 1
7.220085e+11 9.027164e+11 -3.605903e+11 3.106053e-01 6.736663e-01 6.705953e-01 0.000000e+00 1
1.014840e+12 6.439767e+11 -7.346172e+11 2.086709e-02 -4.089214e-01 -9.123310e-01 0.000000e+00 1
3.289635e+11 -6.134196e+11 1.497828e+12 -8.543534e-01 7.565547e-02 5.141562e-01 0.000000e+00 1
1.436869e+12 -6.459088e+10 1.839706e+11 1.688444e-01 -5.936035e-01 7.868459e-01 0.000000e+00 1
6.716741e+10 -2.364262e+11 -6.255311e+11 9.724953e-01 -7.570802e-02 2.202752e-01 0.000000e+00 1
-2.443543e+11 -7.430190e+10 -1.173458e+12 -1.072105e-01 6.674125e-01 -7.369305e-01 0.000000e+00 1
-4.663848e+11 -1.020010e+11 -1.665406e+11 -2.829394e-01 -9.036108e-01 3.216099e-01 0.000000e+00 1
2.116064e+11 9.522988e+11 -2.404676e+11 -5.748268e-01 8.166668e-01 -5.127853e-02 0.000000e+00 1
5.298661e+10 4.640790e+11 1.418712e+12 6.883662e-01 4.210001e-01 5.906868e-01 0.000000e+00 1
-3.894308e+11 -9.870914e+10 -5.419995e+11 -4.499972e-01 6.840897e-01 5.740416e-01 0.000000e+00 1
3.820979e+11 6.998511e+11 1.023216e+12 4.698704e-02 -7.886646e-01 6.130255e-01 0.000000e+00 1
-5.207043e+11 7.188286e+11 -1.414310e+12 -7.449393e-01 4.239955e-01 -5.150664e-01 0.000000e+00 1
3.648010e+11 1.151544e+12 5.953118e+11 7.799584e-01 4.817384e-01 3.994911e-01 0.000000e+00 1
-3.454677e+11 4.570285e+11 -1.152431e+12 -2.036569e-01 -2.663526e-02 -9.786799e-01 0.000000e+00 1
8.372162e+11 -2.549963e+11 -5.283178e+11 -7.365519e-01 2.275611e-01 6.369516e-01 0.000000e+00 1
5.881618e+10 1.171791e+12 -8.405925e+11 -3.136123e-01 -8.652818e-01 -3.910687e-01 0.000000e+00 1
2.470927e+11 6.488844e+11 5.371981e+11 8.128051e-01 5.107284e-01 2.801865e-01 0.000000e+00 1
-2.842213e+11 7.676343e+11 -1.155410e+12 2.970812e-01 -1.942806e-02 9.546546e-01 0.000000e+00 1
-1.176959e+12 -2.405264e+11 -4.684294e+11 6.377052e-01 6.725973e-01 3.754264e-01 0.000000e+00 1
3.274038e+11 1.250195e+12 -3.575297e+11 -2.892674e-01 3.148365e-01 9.039925e-01 0.000000e+00 1
5.246109e+11 1.833180e+11 1.229537e+12 9.034358e-02 -9.914362e-01 -9.429905e-02 0.000000e+00 1
-1.280717e+12 -6.501712e+11 2.446602e+11 -2.813119e-01 -6.354625e-01 7.190626e-01 0.000000e+00 1
3.257192e+11 -4.816890e+11 -8.209691e+11 6.846179e-01 4.223926e-01 -5.940394e-01 0.000000e+00 1
-1.941857e+11 -1.025379e+12 -1.699208e+11 -6.858411e-01 6.363150e-01 3.531645e-01 0.000000e+00 1
-8.564736e+11 -1.192238e+11 -3.119019e+11 -4.227212e-02 4.249171e-01 -9.042447e-01 0.000000e+00 1
4.934929e+11 3.688457e+09 -5.659344e+11 -6.040298e-01 2.380168e-01 7.605893e-01 0.000000e+00 1
-6.299282e+10 -6.963166e+11 -8.812298e+11 -1.425774e-01 -9.882544e-01 5.499886e-02 0.000000e+00 1
-2.803025e+11 1.900198e+11 1.438487e+12 -7.126062e-01 -6.854412e-01 -1.495421e-01 0.000000e+00 1
-5.015924e+09 -8.670016e+11 2.195581e+11 8.096739e-01 4.076442e-01 4.222019e-01 0.000000e+00 1
1.921087e+11 -9.007357e+11 1.043115e+12 6.704387e-01 -7.212611e-01 -1.740531e-01 0.000000e+00 1
-6.943663e+11 -9.550225e+11 8.755368e+10 4.743300e-01 -2.941893e-01 8.297371e-01 0.000000e+00 1
1.320650e+12 1.639867e+11 -5.500732e+11 6.186995e-01 -7.552769e-01 2.162586e-01 0.000000e+00 1
-2.190655e+10 5.528321e+11 1.251954e+12 5.148312e-02 -1.178700e-01 -9.916936e-01 0.000000e+00 1
-7.918592e+11 -9.232745e+11 9.345771e+11 4.608593e-01 3.327263e-01 8.227405e-01 0.000000e+00 1
-4.460070e+11 5.825029e+11 -1.456850e+12 -1.933215e-01 9.809864e-01 -1.710126e-02 0.000000e+00 1
1.155165e+12 9.483799e+11 -7.488613e+11 8.652950e-01 9.411377e-02 -4.923486e-01 0.000000e+00 1
1.224890e+12 -5.471848e+10 6.021659e+10 6.417075e-01 -7.660078e-01 -3.799464e-02 0.000000e+00 1
8.450866e+11 -1.574129e+11 -6.676345e+11 -3.659098e-01 -8.491794e-01 -3.807943e-01 0.000000e+00 1
3.530457e+11 9.659124e+11 -4.879632e+11 -8.231221e-01 4.772031e-01 3.078103e-01 0.000000e+00 1
-6.825197e+11 3.204199e+11 -1.282862e+12 9.353538e-02 9.851945e-01 1.436766e-01 0.000000e+00 1
1.937602e+11 1.506277e+12 -4.684187e+11 6.505844e-01 -7.326673e-01 -1.998464e-01 0.000000e+00 1
1.449178e+12 1.824333e+11 8.144965e+11 2.850843e-01 9.511467e-01 1.185194e-01 0.000000e+00 1
-4.291692e+11 4.390246e+11 3.393790e+11 -7.229115e-02 -8.996149e-01 -4.306587e-01 0.000000e+00 1
8.142794e+11 -6.098491e+11 9.499282e+11 6.678311e-01 2.583441e-01 6.980401e-01 0.000000e+00 1
-2.525409e+11 5.282378e+11 -4.386277e+11 1.635803e-01 -5.716263e-01 8.040428e-01 0.000000e+00 1
3.779812e+10 1.043777e+12 -3.864275e+11 6.422092e-01 -5.990735e-01 -4.782032e-01 0.000000e+00 1
9.838786e+11 -7.874131e+10 7.012275e+11 4.284679e-03 -1.076382e-03 -9.999902e-01 0.000000e+00 1
6.461168e+11 1.231793e+12 -8.462159e+11 6.988224e-02 9.974160e-01 1.666601e-02 0.000000e+00 1
5.828455e+11 -7.971474e+11 4.756126e+11 -6.937986e-01 -7.929674e-02 7.157901e-01 0.000000e+00 1
3.144259e+11 1.504129e+12 -9.664228e+08 -1.390303e-01 -6.886418e-01 -7.116482e-01 0.000000e+00 1
-1.105761e+12 -1.930252e+11 -4.719118e+11 -3.519630e-01 -7.848682e-01 5.100038e-01 0.000000e+00 1
-7.714270e+11 -1.114021e+12 -9.187441e+11 -8.456296e-01 1.870169e-01 4.999353e-01 0.000000e+00 1
-8.989411e+11 -5.765051e+11 -1.313465e+12 -9.636088e-01 -2.507006e-01 -9.277507e-02 0.000000e+00 1
-1.493516e+11 1.392002e+12 -1.022085e+11 -9.160005e-02 -5.018464e-01 -8.600928e-01 0.000000e+00 1
3.899553e+11 1.043390e+12 4.328254e+11 -4.280435e-01 -4.399052e-01 -7.894695e-01 0.000000e+00 1
-9.083088e+11 2.533424e+11 -1.092978e+12 -4.339951e-01 -3.001565e-03 9.009102e-01 0.000000e+00 1
6.825413e+11 3.538019e+11 1.087070e+11 -6.999021e-02 -5.602578e-01 -8.253560e-01 0.000000e+00 1
1.258230e+12 -2.111836e+11 9.790881e+10 -7.918930e-01 5.849585e-02 -6.078517e-01 0.000000e+00 1
-8.103268e+11 8.446945e+11 -9.123496e+11 -7.390380e-01 5.429187e-01 3.988260e-01 0.000000e+00 1
7.991171e+11 -3.716803e+11 1.105189e+12 6.070422e-01 -7.918881e-01 6.643054e-02 0.000000e+00 1
1.126727e+12 5.011177e+11 7.158559e+11 1.037988e-01 -2.418324e-01 -9.647502e-01 0.000000e+00 1
1.065597e+12 1.263394e+12 1.679002e+11 2.778044e-01 5.824579e-01 -7.639159e-01 0.000000e+00 1
-4.226589e+11 -1.075388e+12 1.123431e+11 -8.221145e-01 -4.637024e-01 -3.303147e-01 0.000000e+00 1
7.985209e+11 8.157629e+08 7.792822e+10 -4.199373e-01 -2.340544e-01 8.768530e-01 0.000000e+00 1
-1.013132e+12 -6.001059e+11 3.927756e+11 -4.482180e-02 -9.094675e-01 -4.133520e-01 0.000000e+00 1
-2.177752e+11 -7.116574e+11 1.026105e+12 3.815140e-01 -8.963146e-01 -2.259807e-01 0.000000e+00 1
5.985830e+11 -3.399589e+11 8.174533e+11 -1.439307e-01 -6.041608e-01 7.837562e-01 0.000000e+00 1
4.039811e+11 -2.115184e+11 9.344806e+10 5.887297e-01 1.699169e-01 -7.902693e-01 0.000000e+00 1
8.495983e+11 -2.366242e+11 -1.177947e+12 -4.088146e-01 -6.384831e-01 -6.520813e-01 0.000000e+00 1
-3.855883e+11 6.211234e+11 9.646915e+11 9.949734e-01 -7.677213e-02 -6.429630e-02 0.000000e+00 1
2.198185e+09 -2.942531e+11 -6.256196e+11 -9.084190e-01 1.847756e-01 -3.750106e-01 0.000000e+00 1
-1.277293e+12 9.507601e+11 4.792916e+11 2.200723e-01 -4.332144e-01 8.740100e-01 0.000000e+00 1
9.605629e+11 4.854265e+11 -6.485338e+11 9.717637e-02 -9.574229e-01 2.718420e-01 0.000000e+00 1
-7.303322e+11 -1.102606e+12 -4.794490e+11 8.485322e-01 -5.290868e-01 7.757142e-03 0.000000e+00 1
3.567013e+10 5.420548e+11 -6.402070e+11 9.099490e-01 -4.143913e-01 -1.651261e-02 0.000000e+00 1
2.783321e+10 -9.769510e+11 -1.240543e+12 1.275900e-01 1.545714e-01 -9.797084e-01 0.000000e+00 1
6.207743e+10 -1.853112e+11 -9.646663e+11 8.883777e-02 -5.325432e-01 8.417277e-01 0.000000e+00 1
-1.573637e+11 -1.139825e+12 -2.776513e+11 -9.988218e-01 -3.586616e-02 -3.268893e-02 0.000000e+00 1
-1.412100e+11 -5.105749e+11 4.681673e+11 -8.391071e-01 3.653295e-01 4.030306e-01 0.000000e+00 1
-5.945969e+11 2.663998e+10 3.931420e+11 -6.313718e-01 -1.170842e-01 -7.665905e-01 0.000000e+00 1
2.869562e+11 -6.686613e+11 1.503717e+12 1.724974e-01 9.531286e-01 2.485769e-01 0.000000e+00 1
2.662581e+11 -1.436678e+11 -5.564240e+11 -3.965918e-01 8.905705e-01 -2.227088e-01 0.000000e+00 1
-1.608944e+10 -1.583647e+12 5.079136e+11 -2.056669e-02 -3.584249e-02 -9.991458e-01 0.000000e+00 1
-6.038324e+11 2.826037e+11 -1.373959e+12 8.005806e-01 -4.085182e-01 -4.383875e-01 0.000000e+00 1
4.657566e+11 -4.623396e+11 -1.574127e+11 3.199711e-02 3.445312e-01 -9.382294e-01 0.000000e+00 1
-4.804910e+11 -3.545299e+11 -3.165853e+11 2.101295e-01 -9.333273e-01 -2.911111e-01 0.000000e+00 1
-1.421993e+12 2.959113e+11 5.141402e+11 6.884159e-01 -7.253067e-01 3.706163e-03 0.000000e+00 1
7.723576e+11 5.455175e+11 7.123253e+11 -1.450530e-02 -8.844231e-01 -4.664604e-01 0.000000e+00 1
1.432962e+12 4.452572e+10 -1.403887e+11 6.715601e-01 6.713253e-02 -7.379026e-01 0.000000e+00 1
5.045382e+11 4.315386e+11 -8.982048e+11 -2.666519e-03 8.932524e-01 4.495476e-01 0.000000e+00 1
3.271140e+11 2.731302e+10 -6.347370e+11 -6.473084e-01 5.611101e-01 -5.158947e-01 0.000000e+00 1
4.050444e+10 1.198890e+12 -1.090809e+11 6.071731e-01 -5.957610e-01 -5.257467e-01 0.000000e+00 1
1.455521e+12 -4.137430e+11 6.283920e+11 -8.492422e-01 4.857191e-01 -2.070377e-01 0.000000e+00 1
-5.487669e+11 -2.429758e+10 -1.182928e+12 -9.291077e-01 1.062770e-01 3.542092e-01 0.000000e+00 1
4.071461e+11 2.360137e+11 -1.071859e+12 3.539802e-01 -7.585964e-01 -5.470187e-01 0.000000e+00 1
6.057306e+11 6.080234e+11 2.023477e+11 5.211304e-01 -2.238942e-01 -8.235863e-01 0.000000e+00 1
-3.177565e+11 1.080808e+12 -7.265090e+11 -8.710570e-01 1.913954e-01 -4.523577e-01 0.000000e+00 1
-8.660274e+11 5.638577e+11 -1.342673e+11 6.063216e-01 3.166281e-01 7.294661e-01 0.000000e+00 1
-2.884421e+10 -3.215496e+11 4.875009e+11 -1.733542e-01 -7.003770e-01 -6.924018e-01 0.000000e+00 1
-5.690566e+11 6.273001e+11 8.726063e+11 8.725021e-01 -2.266368e-01 4.328694e-01 0.000000e+00 1
-1.171623e+12 1.559130e+11 8.686214e+11 -1.413248e-01 -3.478143e-03 9.899572e-01 0.000000e+00 1
3.176769e+11 5.639689e+10 -2.210339e+11 -9.608689e-01 2.329028e-01 1.499577e-01 0.000000e+00 1
8.348242e+11 -1.452390e+12 -1.538523e+11 9.636198e-02 -9.481357e-01 3.029076e-01 0.000000e+00 1
1.125955e+12 1.424858e+09 4.094111e+10 3.619838e-01 2.987999e-01 -8.829985e-01 0.000000e+00 1
1.569298e+12 1.003881e+11 -2.380406e+11 -5.356378e-01 8.433332e-01 -4.337334e-02 0.000000e+00 1
7.654048e+11 -9.387499e+11 9.528882e+11 6.087722e-01 6.776914e-01 -4.124690e-01 0.000000e+00 1
-4.506847e+11 1.321019e+11 1.557751e+12 -7.306005e-02 5.261590e-01 -8.472420e-01 0.000000e+00 1
-3.700942e+11 -6.402172e+11 1.123979e+12 -8.950047e-01 -4.341482e-01 1.023809e-01 0.000000e+00 1
-8.897282e+11 -7.043909e+11 1.250381e+12 1.464382e-01 2.222807e-02 9.889701e-01 0.000000e+00 1
1.327704e+12 -1.703397e+11 6.829240e+11 8.070124e-01 -1.871052e-01 -5.601095e-01 0.000000e+00 1
-2.060343e+11 3.462148e+11 -1.098384e+12 -5.895452e-01 1.199871e-01 -7.987738e-01 0.000000e+00 1
2.734847e+11 -4.204905e+11 -4.349273e+11 2.404968e-01 -2.121816e-01 -9.471749e-01 0.000000e+00 1
-5.022082e+11 -1.604387e+12 -3.380963e+10 -9.539647e-01 -2.780279e-01 -1.124801e-01 0.000000e+00 1
3.188805e+11 -8.019587e+10 4.812648e+11 -3.212934e-01 4.497326e-01 8.333733e-01 0.000000e+00 1
2.112078e+11 -8.337688e+11 -1.210661e+12 -1.447619e-01 6.243526e-01 7.676118e-01 0.000000e+00 1
-7.905840e+11 4.829916e+11 9.027001e+11 -9.218549e-01 2.945332e-01 -2.518605e-01 0.000000e+00 1
-9.958161e+11 -7.808440e+11 -9.670523e+11 -7.320515e-01 6.761732e-01 8.300889e-02 0.000000e+00 1
-1.013170e+12 4.045544e+11 5.171810e+11 2.033817e-01 8.648324e-01 4.590216e-01 0.000000e+00 1
-8.595345e+11 1.182017e+12 6.368076e+11 -8.670509e-02 -7.654132e-01 -6.376715e-01 0.000000e+00 1
1.747882e+11 1.022146e+12 -3.793501e+11 2.038993e-01 8.147526e-01 -5.427738e-01 0.000000e+00 1
-3.697387e+11 -5.043764e+11 2.429234e+11 -6.856211e-01 2.799104e-01 -6.719925e-01 0.000000e+00 1
-3.343259e+11 3.847674e+10 -6.296527e+11 -3.646456e-01 8.196031e-01 -4.419098e-01 0.000000e+00 1
-3.412080e+11 -1.340912e+12 8.596248e+11 3.091139e-01 -7.870103e-01 -5.339133e-01 0.000000e+00 1
-1.055997e+11 1.147449e+12 -1.101602e+12 8.396211e-01 -4.107602e-01 -3.554047e-01 0.000000e+00 1
1.139177e+12 -4.481152e+11 -1.154062e+12 1.425400e-01 4.626871e-01 8.749874e-01 0.000000e+00 1
5.492233e+11 -2.453818e+11 -3.716971e+11 -7.986995e-01 -1.331200e-01 5.868204e-01 0.000000e+00 1
2.727443e+11 1.307943e+12 1.561711e+10 -8.264924e-01 -5.036713e-01 -2.514470e-01 0.000000e+00 1
2.238947e+11 1.274613e+12 -3.957790e+11 -6.892315e-01 -5.685127e-01 4.491694e-01 0.000000e+00 1
4.773580e+11 -9.325066e+11 3.882147e+11 -1.679209e-01 -1.030814e-01 9.803962e-01 0.000000e+00 1
7.093939e+11 -1.305969e+12 7.400460e+09 7.188962e-01 -5.674239e-01 -4.015201e-01 0.000000e+00 1
8.864508e+11 -9.032801e+11 9.894614e+11 2.864818e-01 1.636705e-02 -9.579459e-01 0.000000e+00 1
-1.249741e+11 8.557933e+11 -1.013860e+12 9.781198e-01 1.099136e-01 -1.766369e-01 0.000000e+00 1
2.854502e+11 -1.252693e+12 2.494716e+11 -8.615404e-01 1.126237e-01 -4.950395e-01 0.000000e+00 1
4.051271e+10 4.074340e+11 -1.519813e+12 -4.500111e-01 3.771353e-01 8.094807e-01 0.000000e+00 1
-6.634989e+11 -9.977255e+11 1.125204e+12 -5.201870e-01 -5.167973e-01 -6.799456e-01 0.000000e+00 1
-3.544895e+11 1.273957e+11 -2.169918e+11 -1.608393e-01 7.393594e-01 -6.538183e-01 0.000000e+00 1
7.241766e+11 -4.980178e+11 1.119519e+12 6.649496e-01 -7.396275e-01 -1.038901e-01 0.000000e+00 1
3.395182e+11 1.550150e+12 1.651425e+11 2.644385e-01 -8.063972e-01 5.289573e-01 0.000000e+00 1
4.451589e+11 1.543712e+11 2.884961e+11 -9.522757e-01 -3.768493e-02 -3.029040e-01 0.000000e+00 1
-1.370238e+12 -2.266354e+11 2.283643e+11 8.366064e-01 -1.214783e-01 5.341655e-01 0.000000e+00 1
-6.342631e+10 4.032850e+10 -5.389676e+11 -2.466423e-02 -4.405867e-01 -8.973712e-01 0.000000e+00 1
1.298914e+12 -9.497775e+10 8.488509e+11 -6.968835e-01 -6.118931e-01 3.740859e-01 0.000000e+00 1
9.749566e+11 2.711223e+11 -4.425234e+11 5.485845e-01 -6.738985e-01 4.948897e-01 0.000000e+00 1
-4.369481e+11 1.332982e+12 -3.686383e+10 -5.684897e-01 -7.562602e-01 -3.238672e-01 0.000000e+00 1
8.110244e+11 4.160469e+11 1.392877e+12 -5.559216e-01 -7.516806e-01 -3.548625e-01 0.000000e+00 1
3.456344e+10 1.643543e+11 1.102034e+12 9.298457e-01 -2.785852e-02 3.668936e-01 0.000000e+00 1
6.618114e+11 6.357184e+11 -1.099972e+12 2.164530e-01 4.962285e-01 8.407767e-01 0.000000e+00 1
6.190610e+11 -4.544298e+09 5.386098e+10 -4.424718e-01 -6.798916e-01 5.847787e-01 0.000000e+00 1
8.885024e+11 -9.872680e+10 1.012706e+12 -4.551491e-01 8.898227e-01 -3.247815e-02 0.000000e+00 1
-1.047922e+12 -6.990138e+11 -8.562304e+11 1.739851e-01 8.636980e-01 4.730274e-01 0.000000e+00 1
-4.999156e+11 1.258441e+12 4.846861e+11 -5.791322e-01 -6.279869e-01 -5.198445e-01 0.000000e+00 1
1.781052e+11 -1.474373e+12 3.204979e+11 4.190027e-01 5.950541e-01 -6.858188e-01 0.000000e+00 1
8.316273e+11 -6.524518e+11 -4.125539e+11 -5.710769e-01 -5.038660e-01 6.480665e-01 0.000000e+00 1
-1.375617e+12 5.674639e+11 6.075089e+11 -5.949104e-02 -6.249635e-02 9.962706e-01 0.000000e+00 1
-1.493263e+11 7.314735e+11 1.445154e+12 7.988341e-01 3.477212e-01 4.908707e-01 0.000000e+00 1
-1.308157e+12 -5.112801e+11 -5.341443e+11 -1.614860e-01 -6.147582e-02 9.849584e-01 0.000000e+00 1
-1.608844e+12 -2.062771e+10 -3.513462e+11 7.063452e-01 1.801989e-01 -6.845472e-01 0.000000e+00 1
-4.806044e+11 -3.806448e+11 6.511633e+11 7.383603e-03 4.167278e-01 9.090013e-01 0.000000e+00 1
4.580935e+11 -9.322964e+11 4.294276e+11 4.906328e-01 -3.781451e-01 7.850387e-01 0.000000e+00 1
-8.647617e+11 -4.571574e+11 -1.714315e+11 -9.761213e-01 1.453649e-01 1.614195e-01 0.000000e+00 1
1.239078e+12 1.577666e+11 6.989932e+11 8.192878e-01 4.160327e-01 3.945684e-01 0.000000e+00 1
-6.665682e+10 7.320771e+11 -6.521953e+11 -5.024985e-01 5.470186e-01 -6.695266e-01 0.000000e+00 1
1.176483e+11 4.396527e+10 1.186381e+12 -2.593405e-01 -3.448113e-02 -9.651702e-01 0.000000e+00 1
-8.249201e+11 -8.470228e+11 -4.246831e+11 4.216340e-02 4.390322e-01 -8.974815e-01 0.000000e+00 1
7.955009e+11 6.290800e+11 -7.353539e+11 4.837383e-01 7.465210e-01 4.568409e-01 0.000000e+00 1
5.550419e+11 -1.445808e+10 1.596136e+11 2.901197e-01 1.207492e-01 -9.493420e-01 0.000000e+00 1
8.319500e+11 -3.069745e+11 1.084091e+12 -8.081634e-01 -5.878480e-01 -3.614788e-02 0.000000e+00 1
2.431392e+11 -4.973184e+11 7.537942e+11 9.825659e-01 7.281450e-02 -1.710625e-01 0.000000e+00 1
-3.480635e+11 -1.038698e+11 7.018256e+11 2.396180e-01 -1.612390e-01 -9.573845e-01 0.000000e+00 1
-1.562625e+12 1.975560e+11 -1.001413e+11 -7.247584e-01 2.402760e-01 6.457497e-01 0.000000e+00 1
-8.205368e+11 -3.314894e+11 6.812203e+10 8.789749e-01 -4.697789e-01 -8.192088e-02 0.000000e+00 1
-1.201670e+12 4.713524e+10 6.184649e+11 2.625152e-01 -4.898416e-01 -8.313489e-01 0.000000e+00 1
-4.538165e+11 9.745034e+11 -9.278331e+11 9.202275e-02 8.785285e-01 4.687424e-01 0.000000e+00 1
4.324480e+11 -1.059991e+12 5.282933e+11 -7.755067e-02 -8.190851e-01 5.684062e-01 0.000000e+00 1
3.761075e+11 -4.978094e+11 1.566135e+12 8.496950e-01 7.589787e-03 -5.272199e-01 0.000000e+00 1
-5.069482e+11 -7.161225e+11 -9.904591e+11 -6.661335e-01 -6.570751e-01 -3.528717e-01 0.000000e+00 1
-1.318347e+10 -1.549170e+12 1.249565e+11 -8.000082e-01 1.077315e-01 5.902379e-01 0.000000e+00 1
1.329961e+12 3.564807e+11 -4.698842e+11 2.526197e-01 5.755001e-01 -7.778065e-01 0.000000e+00 1
-9.259183e+11 -3.310213e+11 1.356523e+11 9.244023e-01 -3.631920e-01 -1.164989e-01 0.000000e+00 1
7.007704e+11 -1.153469e+12 -6.525988e+11 6.194269e-01 3.740305e-01 6.902258e-01 0.000000e+00 1
-1.511234e+11 -7.864753e+11 -6.612516e+11 7.808054e-02 -9.601964e-01 -2.681909e-01 0.000000e+00 1
-2.233732e+11 -1.355366e+12 5.397469e+11 8.549896e-01 -1.315034e-01 5.016968e-01 0.000000e+00 1
-2.804868e+11 1.340928e+12 -3.414325e+10 1.957273e-01 3.081245e-01 -9.309942e-01 0.000000e+00 1
-6.157991e+11 1.214190e+12 1.962568e+11 -6.406459e-01 -7.675692e-01 2.025468e-02 0.000000e+00 1
3.271610e+11 -1.943678e+11 3.061722e+11 5.999017e-01 -9.124040e-02 -7.948541e-01 0.000000e+00 1
1.299636e+12 4.576038e+11 4.641693e+10 -1.574353e-01 -9.673196e-01 1.987636e-01 0.000000e+00 1
-7.750759e+11 -2.709607e+11 1.321471e+12 7.118919e-01 4.191244e-01 5.635110e-01 0.000000e+00 1
2.182998e+11 -2.925010e+11 -1.584931e+12 -4.457855e-01 -4.157875e-01 -7.927143e-01 0.000000e+00 1
4.906750e+11 6.310768e+11 -5.417801e+11 9.830446e-01 -8.290281e-02 -1.635555e-01 0.000000e+00 1
8.984266e+10 -4.342610e+11 -6.827062e+11 6.624345e-01 -3.701529e-01 -6.512814e-01 0.000000e+00 1
2.362681e+11 -1.069585e+12 -7.362753e+11 -9.060309e-01 2.188073e-01 -3.622587e-01 0.000000e+00 1
-7.983217e+11 -8.348563e+11 4.379910e+11 -1.123371e-01 -1.272237e-01 9.854920e-01 0.000000e+00 1
3.101612e+11 3.561901e+11 -2.428058e+11 6.631942e-01 -5.008468e-01 -5.561708e-01 0.000000e+00 1
-8.651179e+11 -2.943607e+11 -5.916172e+11 -2.813086e-01 -8.491812e-01 -4.469416e-01 0.000000e+00 1
2.071401e+11 -9.722522e+11 1.335273e+12 -4.096101e-01 -6.330091e-01 -6.569011e-01 0.000000e+00 1
-4.417954e+11 -8.490536e+11 6.939573e+10 6.020660e-01 -5.773548e-01 5.515233e-01 0.000000e+00 1
-4.369253e+10 -9.778432e+10 -6.456208e+11 6.363849e-01 4.158129e-01 6.497029e-01 0.000000e+00 1
1.650645e+11 4.570317e+11 1.335865e+12 -7.156315e-03 -9.953329e-01 -9.623537e-02 0.000000e+00 1
-5.214892e+11 -2.979272e+11 -2.575235e+11 -2.807405e-01 5.999652e-01 7.491505e-01 0.000000e+00 1
8.440836e+11 1.664063e+11 1.010039e+11 -3.837003e-01 9.130518e-01 1.382410e-01 0.000000e+00 1
-8.134209e+11 -6.744122e+11 -4.751261e+11 -3.157749e-01 -9.105079e-01 2.669485e-01 0.000000e+00 1
-5.779633e+11 -1.463587e+12 -8.360060e+10 -8.516100e-01 3.930795e-01 -3.467693e-01 0.000000e+00 1
-1.673410e+11 -1.531471e+12 2.729250e+11 -1.348995e-01 1.169806e-02 -9.907902e-01 0.000000e+00 1
3.047269e+11 -3.859658e+11 1.532713e+12 -1.361348e-01 -4.557654e-01 -8.796279e-01 0.000000e+00 1
-3.996310e+11 9.537668e+11 -9.280951e+11 4.685923e-01 -7.611639e-01 4.483869e-01 0.000000e+00 1
5.932276e+11 2.182657e+11 1.315454e+12 -8.024044e-01 -5.238494e-01 -2.858829e-01 0.000000e+00 1
5.350832e+11 7.455235e+11 9.034009e+11 2.942003e-01 8.043748e-01 5.161659e-01 0.000000e+00 1
4.765159e+09 5.087604e+11 -9.862089e+11 2.310251e-01 2.805916e-01 -9.316092e-01 0.000000e+00 1
8.844055e+11 -8.969765e+11 -7.899634e+11 5.559308e-01 -5.151187e-01 -6.523754e-01 0.000000e+00 1
-2.166660e+11 7.884135e+11 3.968113e+11 3.073433e-01 -8.693769e-01 3.869418e-01 0.000000e+00 1
6.354758e+11 -3.347897e+11 -9.354539e+11 -6.655963e-01 6.776157e-01 3.127594e-01 0.000000e+00 1
-1.321185e+11 1.338490e+12 7.862576e+10 -7.573368e-01 1.448884e-01 -6.367482e-01 0.000000e+00 1
-1.583138e+12 -3.322343e+11 -3.845204e+10 -5.759816e-01 -7.856177e-02 -8.136788e-01 0.000000e+00 1
8.381384e+09 -1.135139e+12 -3.950031e+11 -3.107791e-01 1.482881e-01 9.388434e-01 0.000000e+00 1
-8.813652e+11 1.542672e+11 -7.689911e+11 -7.665701e-01 -4.637064e-02 6.404842e-01 0.000000e+00 1
-4.561604e+11 -9.386406e+11 -5.695940e+11 5.443623e-02 2.160823e-01 9.748565e-01 0.000000e+00 1
-8.472212e+11 -1.113888e+11 8.085502e+11 -4.665399e-01 3.975284e-03 -8.844912e-01 0.000000e+00 1
-1.191680e+12 3.938582e+11 9.400513e+10 -2.347731e-01 3.847863e-01 8.926483e-01 0.000000e+00 1
1.340675e+12 8.642647e+11 -1.274454e+11 6.434044e-01 7.645722e-01 3.821288e-02 0.000000e+00 1
1.742377e+11 1.275032e+12 2.852853e+11 -9.244724e-01 1.379073e-01 -3.554327e-01 0.000000e+00 1
8.988251e+11 5.552157e+11 3.617090e+11 7.330736e-01 -1.016286e-01 -6.725137e-01 0.000000e+00 1
1.110555e+11 3.435246e+11 1.567391e+12 -1.544961e-01 2.860288e-01 -9.456841e-01 0.000000e+00 1
6.790747e+10 -1.331681e+12 8.108294e+11 4.637446e-01 -1.480901e-01 8.735046e-01 0.000000e+00 1
-8.328566e+11 -9.387008e+11 -8.305315e+11 7.526510e-01 5.017802e-03 6.584005e-01 0.000000e+00 1
8.332082e+11 5.380643e+10 1.163906e+12 7.510943e-01 -5.420007e-01 3.769516e-01 0.000000e+00 1
3.674034e+11 8.366080e+11 8.732073e+11 -5.579292e-01 7.806186e-01 2.816906e-01 0.000000e+00 1
-4.529304e+11 1.043880e+12 7.247403e+10 -5.288181e-01 1.698256e-01 -8.315712e-01 0.000000e+00 1
8.383770e+11 -2.708141e+11 1.274666e+12 6.481125e-02 4.801999e-01 8.747614e-01 0.000000e+00 1
-7.793138e+11 6.610356e+11 1.098074e+12 6.379945e-01 -7.490976e-02 7.663887e-01 0.000000e+00 1
-2.892193e+11 -1.094807e+11 -1.185353e+12 -8.926844e-01 3.681223e-01 -2.600008e-01 0.000000e+00 1
1.088382e+12 1.032917e+12 7.704151e+11 5.148666e-01 -3.256134e-01 7.930248e-01 0.000000e+00 1
-4.707600e+11 1.518334e+12 -7.241683e+10 -8.430590e-01 -2.052854e-01 -4.971010e-01 0.000000e+00 1
3.694576e+10 -3.515855e+11 -1.119136e+12 9.314033e-01 2.158822e-01 -2.930576e-01 0.000000e+00 1
-3.592153e+11 -1.941690e+11 1.303513e+12 5.650772e-01 -4.731583e-01 -6.758764e-01 0.000000e+00 1
1.694712e+11 -6.182585e+10 1.148176e+11 9.961582e-02 -2.382689e-01 -9.660769e-01 0.000000e+00 1
2.118501e+11 -6.298180e+11 1.519928e+12 -6.283001e-01 -6.641861e-01 -4.050874e-01 0.000000e+00 1
-5.392628e+11 9.989931e+11 7.793264e+11 2.002895e-01 7.049680e-01 6.803707e-01 0.000000e+00 1
-8.793475e+11 6.398706e+11 1.223850e+12 6.860127e-01 -4.295944e-01 -5.872267e-01 0.000000e+00 1
-1.107274e+12 5.507219e+10 -5.313663e+11 -3.356965e-01 3.542926e-01 8.728027e-01 0.000000e+00 1
5.256949e+11 -5.530613e+11 1.249950e+12 -3.018669e-01 2.790897e-01 -9.115840e-01 0.000000e+00 1
-7.182381e+10 8.760257e+11 6.933949e+11 -3.037656e-01 5.997337e-01 -7.403013e-01 0.000000e+00 1
-7.258088e+11 1.382635e+12 -2.030837e+11 -7.579494e-01 5.413110e-01 3.639987e-01 0.000000e+00 1
1.225625e+11 1.513155e+12 -8.343785e+10 -6.038040e-01 3.049095e-01 7.365127e-01 0.000000e+00 1
-1.341310e+11 -4.822730e+11 1.367461e+12 5.829869e-01 7.662555e-01 2.701459e-01 0.000000e+00 1
1.140988e+12 2.033845e+11 -8.267760e+11 1.005307e-01 8.980229e-01 -4.283087e-01 0.000000e+00 1
-1.244344e+11 -4.752482e+11 1.056136e+12 -7.710281e-01 6.211468e-01 -1.403294e-01 0.000000e+00 1
1.189208e+12 -5.532181e+11 7.652936e+11 8.188991e-01 -5.355431e-01 2.063923e-01 0.000000e+00 1
-1.543673e+12 -4.687609e+11 7.748733e+10 2.028618e-01 -4.157006e-01 -8.865890e-01 0.000000e+00 1
-5.241359e+11 -3.461765e+10 -1.103724e+12 -2.660517e-02 -7.045737e-01 -7.091319e-01 0.000000e+00 1
9.613900e+11 -9.792095e+11 -1.798492e+11 -4.659697e-01 -2.562061e-01 -8.468947e-01 0.000000e+00 1
4.776094e+11 6.444546e+11 8.635958e+11 -3.797905e-01 5.205818e-02 9.236066e-01 0.000000e+00 1
-1.143720e+12 4.861951e+11 5.666880e+11 -3.714333e-01 -5.399850e-01 -7.552837e-01 0.000000e+00 1
1.892339e+10 1.406577e+12 -8.275009e+11 -1.198355e-01 -4.107382e-01 9.038438e-01 0.000000e+00 1
5.575313e+11 -1.821104e+11 -1.063611e+12 7.509111e-03 -5.631402e-01 8.263273e-01 0.000000e+00 1
2.255660e+11 -1.524676e+12 -6.652405e+11 6.350788e-01 2.139657e-01 7.422220e-01 0.000000e+00 1
6.431356e+11 6.631934e+11 1.206113e+12 1.450262e-01 -1.403414e-01 9.794242e-01 0.000000e+00 1
-1.227340e+11 7.422077e+11 -3.881820e+11 -6.656620e-01 -5.388415e-01 5.162789e-01 0.000000e+00 1
-4.928418e+11 9.360714e+10 -9.710088e+11 2.869211e-01 -7.733747e-01 -5.653033e-01 0.000000e+00 1
-8.444236e+11 3.428135e+11 9.324061e+11 8.142994e-01 4.570056e-03 -5.804270e-01 0.000000e+00 1
-6.181029e+11 1.469220e+11 1.273943e+12 8.662510e-03 8.048236e-01 5.934508e-01 0.000000e+00 1
-4.859402e+11 -1.568752e+11 -1.578310e+12 6.188362e-01 -7.132241e-02 -7.822755e-01 0.000000e+00 1
-8.797247e+11 -6.261293e+11 5.064511e+11 3.441692e-01 -5.842931e-01 7.349483e-01 0.000000e+00 1
1.890716e+11 -2.118098e+11 -1.407938e+12 -4.938343e-01 6.285562e-01 -6.008701e-01 0.000000e+00 1
-6.702542e+11 -3.647340e+11 -1.337421e+12 -6.689372e-01 5.564661e-01 -4.928170e-01 0.000000e+00 1
3.963585e+11 7.956208e+11 1.039837e+12 5.165779e-01 -6.737455e-01 5.284073e-01 0.000000e+00 1
1.695260e+11 9.768816e+11 2.465511e+11 -9.647032e-01 -2.582956e-01 5.129426e-02 0.000000e+00 1
-5.275958e+11 8.229798e+11 4.658987e+11 -5.640162e-01 -1.182459e-01 -8.172537e-01 0.000000e+00 1
3.274692e+11 8.038507e+11 -9.503220e+11 -3.616813e-01 9.300973e-01 -6.407458e-02 0.000000e+00 1
-1.684731e+10 7.175933e+09 -1.232100e+12 -2.081333e-01 -5.038868e-01 -8.383189e-01 0.000000e+00 1
-1.547825e+11 7.898869e+11 6.737165e+11 5.036689e-01 -8.323494e-01 -2.313269e-01 0.000000e+00 1
-1.511780e+12 3.134245e+09 4.353791e+11 -6.189241e-01 7.527284e-01 2.243502e-01 0.000000e+00 1
-9.392868e+11 8.136324e+11 -1.153899e+12 -3.466352e-01 7.187041e-01 -6.027507e-01 0.000000e+00 1
-1.144716e+11 -1.306715e+12 -3.511897e+11 -5.426621e-01 -7.457646e-01 3.864622e-01 0.000000e+00 1
-5.290602e+11 -1.275372e+12 1.924014e+11 -4.493190e-01 -8.920440e-01 -4.868122e-02 0.000000e+00 1
-1.886431e+11 5.270575e+11 1.464230e+12 2.790106e-01 8.894898e-01 3.618854e-01 0.000000e+00 1
8.940026e+11 8.218907e+11 3.406624e+11 1.800791e-01 -7.151841e-02 -9.810487e-01 0.000000e+00 1
-2.262397e+11 -8.731529e+11 6.011323e+11 -7.224409e-02 6.174122e-01 -7.833154e-01 0.000000e+00 1
-8.463739e+10 -2.530852e+10 -1.417241e+12 1.934462e-01 -4.993862e-02 9.798391e-01 0.000000e+00 1
-1.588678e+11 -3.129476e+10 4.916884e+11 -3.039270e-01 9.048824e-01 2.980205e-01 0.000000e+00 1
1.232170e+12 -9.156979e+11 7.580710e+10 -9.475478e-01 -1.428013e-02 -3.192948e-01 0.000000e+00 1
-1.380265e+12 4.162606e+11 -7.056268e+10 9.026307e-01 4.209364e-01 8.983581e-02 0.000000e+00 1
1.481821e+11 2.268440e+11 -2.689907e+11 5.740664e-01 -6.176053e-02 -8.164762e-01 0.000000e+00 1
-6.430920e+11 -2.338928e+10 -1.097607e+12 -6.555952e-01 -3.064907e-01 6.901147e-01 0.000000e+00 1
8.960104e+11 8.568876e+11 -2.934442e+11 -8.204402e-02 -9.941850e-01 6.974967e-02 0.000000e+00 1
5.924997e+09 8.236334e+11 -8.760020e+11 -5.431312e-01 8.065107e-01 -2.335573e-01 0.000000e+00 1
1.010238e+12 1.390347e+10 -2.513293e+11 8.682678e-01 2.035716e-01 4.524044e-01 0.000000e+00 1
1.170880e+10 8.005040e+11 1.014218e+12 6.357400e-01 -2.244759e-01 7.385427e-01 0.000000e+00 1
-9.308647e+11 4.253005e+11 -3.393290e+11 -7.003469e-01 6.230097e-01 -3.483866e-01 0.000000e+00 1
-6.569331e+10 6.169618e+11 -7.856133e+11 -9.303412e-01 -3.480369e-01 -1.154796e-01 0.000000e+00 1
4.345177e+11 -6.304877e+11 -5.041664e+11 -5.275112e-01 7.183965e-01 4.534738e-01 0.000000e+00 1
1.298479e+12 -1.107840e+11 3.469031e+11 3.645486e-02 -8.113831e-01 5.833769e-01 0.000000e+00 1
9.132839e+11 -1.458953e+11 5.655154e+07 6.042199e-02 -8.748787e-01 4.805585e-01 0.000000e+00 1
7.347917e+11 -2.088910e+10 2.149080e+11 4.383539e-01 5.938726e-01 6.746563e-01 0.000000e+00 1
-3.080875e+11 -5.215488e+11 -2.299103e+11 1.890845e-01 9.815683e-01 2.776084e-02 0.000000e+00 1
-6.780116e+11 -6.977960e+11 -4.455320e+11 8.061735e-01 -5.643613e-01 1.777091e-01 0.000000e+00 1
5.372945e+11 1.703295e+11 1.243948e+12 -2.230553e-01 6.866327e-01 6.919406e-01 0.000000e+00 1
-6.610965e+11 2.986833e+11 5.716145e+11 -8.072790e-01 -3.930719e-01 -4.402217e-01 0.000000e+00 1
-9.680406e+11 5.910130e+11 -6.228364e+11 1.869938e-01 -7.413143e-01 6.445824e-01 0.000000e+00 1
7.531466e+11 -9.070674e+10 -1.222343e+12 -5.104160e-01 4.419595e-01 -7.376634e-01 0.000000e+00 1
2.747448e+11 -1.309234e+12 7.841003e+11 -8.504549e-01 -3.545006e-01 3.886590e-01 0.000000e+00 1
2.894215e+11 1.576996e+12 4.539335e+11 -4.017765e-01 7.128597e-01 -5.748102e-01 0.000000e+00 1
9.571451e+11 -2.951993e+11 1.109530e+12 -8.669710e-01 -3.351952e-01 -3.687892e-01 0.000000e+00 1
-1.828626e+11 1.269646e+12 -1.288890e+11 3.229675e-01 4.196126e-01 -8.483026e-01 0.000000e+00 1
2.603863e+11 -7.335860e+11 6.252176e+11 -8.495989e-01 5.039342e-01 -1.556663e-01 0.000000e+00 1
6.870738e+10 -2.855286e+11 -1.170086e+12 6.788115e-01 -5.539126e-01 4.820745e-01 0.000000e+00 1
6.221098e+10 9.390438e+11 9.205478e+11 -6.873395e-01 -6.450848e-01 -3.338115e-01 0.000000e+00 1
2.705677e+11 1.004707e+12 -3.954905e+11 -6.549216e-01 7.493612e-01 9.764984e-02 0.000000e+00 1
-9.883566e+11 -1.098741e+12 2.860493e+11 8.296929e-01 3.305842e-01 4.498041e-01 0.000000e+00 1
1.296489e+12 7.708302e+11 6.656451e+11 -2.109419e-03 1.534159e-01 9.881595e-01 0.000000e+00 1
6.929463e+11 8.166962e+11 -6.797532e+10 -4.958435e-01 7.842223e-01 -3.730076e-01 0.000000e+00 1
-1.512252e+12 3.682103e+11 5.410204e+11 1.194160e-02 -9.969738e-01 7.681549e-02 0.000000e+00 1
-9.520922e+11 6.598469e+11 8.946239e+11 -6.516464e-01 7.284344e-01 -2.115193e-01 0.000000e+00 1
5.821740e+11 -8.212312e+11 -6.409832e+11 -4.241974e-01 2.163943e-01 -8.793350e-01 0.000000e+00 1
2.686940e+09 1.144638e+12 6.270584e+10 2.942219e-01 8.196228e-02 9.522162e-01 0.000000e+00 1
-1.169681e+12 -5.168675e+11 7.667841e+11 -3.774965e-01 -8.590028e-01 3.458476e-01 0.000000e+00 1
5.172825e+10 9.008449e+11 -2.354781e+11 7.261609e-01 5.863123e-02 6.850203e-01 0.000000e+00 1
-2.170321e+11 1.130810e+12 -7.927469e+10 4.305767e-02 6.672070e-01 -7.436268e-01 0.000000e+00 1
-1.883164e+11 -1.137663e+12 7.651745e+11 -2.022847e-01 9.086866e-01 -3.651980e-01 0.000000e+00 1
1.341193e+12 -2.100294e+11 -5.067765e+11 6.585430e-01 7.428923e-01 -1.201338e-01 0.000000e+00 1
-1.363550e+12 -2.395806e+11 3.481313e+11 2.864686e-01 -6.024270e-01 7.449949e-01 0.000000e+00 1
-7.410604e+10 2.898139e+09 1.315688e+12 -9.101480e-01 3.164062e-01 2.674281e-01 0.000000e+00 1
2.857072e+10 -1.028527e+11 1.601667e+12 9.991808e-01 2.187682e-02 3.404669e-02 0.000000e+00 1
1.239775e+12 4.243080e+11 -1.766326e+10 -5.867122e-02 5.507247e-01 -8.326224e-01 0.000000e+00 1
6.596532e+11 -1.029956e+12 2.891849e+10 -1.987991e-01 7.892492e-02 -9.768571e-01 0.000000e+00 1
1.872256e+11 5.629506e+11 -2.556022e+11 8.538212e-01 -2.725071e-01 -4.435417e-01 0.000000e+00 1
5.431004e+11 1.012112e+12 -1.100039e+12 6.853190e-01 -1.044461e-01 -7.207142e-01 0.000000e+00 1
-3.288214e+10 1.110253e+12 1.128371e+12 2.905030e-01 -5.308330e-01 -7.961309e-01 0.000000e+00 1
-1.044837e+12 4.810991e+11 -2.999394e+11 6.624385e-01 -4.367453e-01 -6.086286e-01 0.000000e+00 1
-8.355562e+11 8.288832e+11 -1.077252e+12 5.176767e-01 -8.527054e-01 -7.003094e-02 0.000000e+00 1
-1.121536e+12 -2.164398e+11 1.303112e+11 4.735588e-01 5.481408e-01 -6.894082e-01 0.000000e+00 1
-4.150861e+11 1.639773e+11 3.915606e+11 -4.741302e-02 9.981469e-01 3.814234e-02 0.000000e+00 1
-2.612682e+11 -6.103510e+11 2.921335e+11 4.910879e-01 2.263655e-01 -8.411845e-01 0.000000e+00 1
-5.581021e+11 4.473412e+11 -8.951420e+11 3.166441e-01 7.425620e-01 5.902019e-01 0.000000e+00 1
1.966986e+11 -1.140402e+12 3.643528e+11 4.668639e-01 5.704126e-01 6.757718e-01 0.000000e+00 1
-2.856072e+11 -1.147732e+12 9.406556e+11 1.933515e-01 3.844214e-01 9.026823e-01 0.000000e+00 1
1.146439e+12 -1.942897e+11 -2.292133e+11 3.196193e-01 -8.018377e-01 -5.048760e-01 0.000000e+00 1
3.452548e+10 -1.066817e+12 -2.910155e+11 -5.563737e-01 -3.561374e-01 7.507426e-01 0.000000e+00 1
1.605462e+12 -9.899413e+10 -5.217599e+11 -9.197922e-01 -8.237123e-03 3.923193e-01 0.000000e+00 1
6.449365e+11 5.851384e+11 -8.941758e+11 -6.662931e-02 -3.954251e-01 9.160783e-01 0.000000e+00 1
3.926240e+10 -6.692036e+11 -5.306736e+11 -6.043478e-01 1.361534e-01 -7.850006e-01 0.000000e+00 1
6.473345e+11 -3.713827e+11 1.398412e+12 4.095724e-01 3.334899e-01 8.491378e-01 0.000000e+00 1
6.166373e+11 -3.759356e+11 -2.716116e+10 5.786579e-02 9.970591e-01 -5.024592e-02 0.000000e+00 1
-4.899651e+11 -1.262767e+12 -5.261639e+11 -7.378218e-01 -6.034808e-01 -3.023739e-01 0.000000e+00 1
1.270945e+12 5.396860e+11 -6.592773e+10 5.141962e-01 -1.398884e-01 -8.461877e-01 0.000000e+00 1
1.531942e+12 -5.896012e+11 -3.976353e+10 9.967371e-01 -4.999948e-02 -6.336634e-02 0.000000e+00 1
1.516425e+12 -4.866143e+11 -1.424787e+11 7.082678e-02 3.888555e-01 9.185723e-01 0.000000e+00 1
-2.958859e+11 2.344165e+11 -2.518370e+11 9.246613e-01 3.526948e-01 1.435542e-01 0.000000e+00 1
8.356329e+11 -1.858993e+11 -6.102458e+11 -1.853177e-03 3.640959e-01 -9.313596e-01 0.000000e+00 1
-6.051727e+11 2.488514e+11 3.480588e+11 -8.828980e-01 3.440083e-01 3.196081e-01 0.000000e+00 1
7.796339e+11 4.304281e+09 7.187927e+11 8.452126e-01 3.134209e-01 -4.328777e-01 0.000000e+00 1
-9.702189e+11 -9.839089e+11 9.398485e+11 -7.870491e-01 -6.103712e-01 -8.944640e-02 0.000000e+00 1
-2.944589e+11 -5.672370e+10 -8.719884e+11 -5.035521e-01 8.553807e-01 -1.214876e-01 0.000000e+00 1
-1.447673e+12 -7.590570e+11 3.525352e+10 -4.303200e-01 -4.851165e-02 9.013719e-01 0.000000e+00 1
6.294105e+11 -2.315365e+11 7.107777e+11 -8.539693e-01 2.363873e-01 4.635271e-01 0.000000e+00 1
-2.981436e+11 -2.267447e+10 1.497862e+11 -8.811023e-02 -2.475462e-01 -9.648614e-01 0.000000e+00 1
1.858669e+11 -1.114874e+11 1.377175e+12 -9.377962e-01 1.028003e-01 -3.316177e-01 0.000000e+00 1
1.369931e+12 1.727703e+11 -5.790871e+11 -6.262140e-02 6.365434e-01 7.686944e-01 0.000000e+00 1
-8.138777e+10 1.228956e+11 -2.483599e+11 4.941908e-01 -3.321610e-01 8.033956e-01 0.000000e+00 1
6.963115e+11 1.165629e+11 -1.311479e+12 -1.499660e-02 -8.094126e-01 -5.870488e-01 0.000000e+00 1
-3.388660e+11 -3.365448e+11 6.414931e+09 -4.654672e-01 8.848970e-01 -1.725018e-02 0.000000e+00 1
4.099517e+11 -6.214588e+11 5.512308e+10 1.765131e-01 -3.299299e-01 9.273561e-01 0.000000e+00 1
-3.018285e+11 -1.698009e+11 1.122222e+12 5.763304e-01 2.053123e-01 7.910058e-01 0.000000e+00 1
-6.459913e+11 2.362504e+11 -3.850375e+11 4.783500e-01 4.721931e-01 -7.404154e-01 0.000000e+00 1
-2.624642e+11 1.593945e+12 1.883049e+11 9.075742e-01 2.269716e-01 3.532605e-01 0.000000e+00 1
-6.830394e+11 1.204362e+12 -6.970505e+11 5.868947e-01 8.072538e-01 6.241647e-02 0.000000e+00 1
-8.414454e+11 1.116893e+12 5.005255e+11 -7.546318e-01 -2.352829e-01 6.125135e-01 0.000000e+00 1
-1.315908e+12 2.613166e+10 2.312383e+11 9.811627e-01 1.772336e-01 7.686363e-02 0.000000e+00 1
6.903903e+11 -3.985290e+11 1.443529e+12 -5.265805e-01 -6.473643e-01 -5.510286e-01 0.000000e+00 1
-1.298982e+12 -5.621961e+11 5.853976e+11 2.301800e-01 -9.719782e-01 4.770357e-02 0.000000e+00 1
-1.147080e+12 -5.463697e+11 1.828913e+11 1.135020e-01 7.384462e-01 6.646912e-01 0.000000e+00 1
5.104078e+11 1.233184e+12 -9.668699e+10 -1.701101e-01 5.929166e-02 9.836397e-01 0.000000e+00 1
-3.939540e+11 -5.568083e+11 -6.002640e+11 -6.590378e-01 5.274991e-01 5.361099e-01 0.000000e+00 1
1.097443e+12 -2.511203e+10 1.179953e+12 -1.197291e-01 2.234423e-01 9.673358e-01 0.000000e+00 1
-5.359126e+11 -8.027550e+10 1.113939e+12 3.112014e-01 9.496177e-01 -3.714765e-02 0.000000e+00 1
-6.159507e+09 1.038635e+12 -1.159836e+12 -2.761326e-01 -9.200842e-01 2.778415e-01 0.000000e+00 1
5.737932e+11 6.644325e+11 8.382424e+11 -6.317513e-02 -7.856263e-01 -6.154675e-01 0.000000e+00 1
-1.007193e+11 -1.151341e+12 -1.114715e+12 9.927905e-01 6.359437e-02 1.016013e-01 0.000000e+00 1
2.869385e+11 3.195542e+11 -5.514351e+11 -6.356397e-01 7.710573e-01 -3.785242e-02 0.000000e+00 1
-2.704119e+11 -7.481056e+11 -6.225821e+11 -4.169515e-01 -7.213218e-01 -5.530337e-01 0.000000e+00 1
-1.429345e+11 5.307185e+11 -1.284227e+12 -7.934365e-01 5.545342e-01 -2.508992e-01 0.000000e+00 1
5.799126e+10 -7.753592e+11 1.083386e+12 -8.126224e-01 5.547778e-01 -1.785117e-01 0.000000e+00 1
-3.201751e+11 -1.117752e+12 -5.707616e+11 -2.897071e-01 -8.982575e-01 -3.304593e-01 0.000000e+00 1
2.157440e+10 -8.514168e+11 2.932178e+11 7.060890e-01 -5.760969e-01 -4.117654e-01 0.000000e+00 1
2.715072e+10 -1.088840e+12 5.150489e+11 -2.855623e-01 4.785014e-01 -8.303557e-01 0.000000e+00 1
6.282578e+11 7.971421e+11 -6.425272e+10 -7.008960e-01 -6.603662e-01 -2.695576e-01 0.000000e+00 1
8.606184e+10 7.967593e+11 -4.570944e+11 -6.503475e-01 -5.098893e-03 -7.596197e-01 0.000000e+00 1
1.386057e+12 -6.711966e+11 6.371238e+11 1.581380e-01 2.216229e-02 -9.871683e-01 0.000000e+00 1
3.056428e+11 1.128199e+12 -2.451669e+11 9.940545e-01 2.567608e-02 1.058127e-01 0.000000e+00 1
6.203363e+11 6.397828e+10 -3.436097e+11 9.981951e-01 5.924558e-02 9.823778e-03 0.000000e+00 1
-1.170954e+12 -6.766420e+10 -9.225573e+11 -6.940522e-01 -4.870796e-01 -5.301368e-01 0.000000e+00 1
-3.386907e+09 1.981097e+11 -9.327841e+11 8.044560e-01 5.615132e-01 -1.937872e-01 0.000000e+00 1
3.369868e+11 -1.217079e+12 -9.366839e+11 -1.533281e-01 -1.932303e-01 -9.690988e-01 0.000000e+00 1
6.939329e+11 1.370478e+11 -6.547784e+11 -7.385335e-01 6.325092e-01 -2.334533e-01 0.000000e+00 1
2.115695e+10 7.198601e+11 1.004365e+11 -1.508603e-01 8.573383e-01 -4.921507e-01 0.000000e+00 1
2.327703e+11 2.393438e+11 -8.318738e+11 8.026331e-02 4.508445e-02 9.957536e-01 0.000000e+00 1
7.375341e+11 7.971204e+11 4.005124e+11 -7.936470e-02 -3.381146e-01 -9.377525e-01 0.000000e+00 1
-1.160859e+12 1.864110e+11 -7.999163e+11 1.656530e-02 6.638748e-01 7.476602e-01 0.000000e+00 1
1.170995e+12 -1.271013e+11 -9.337167e+11 5.414675e-01 -4.771803e-01 6.921791e-01 0.000000e+00 1
-2.139240e+11 5.498514e+11 -4.235373e+11 9.231680e-01 3.164477e-01 2.182237e-01 0.000000e+00 1
-3.652892e+09 1.046730e+12 4.421906e+11 3.833989e-01 -7.456341e-01 5.450092e-01 0.000000e+00 1
9.728663e+11 -1.290024e+11 -4.515369e+11 -8.517789e-01 1.247187e-01 -5.088398e-01 0.000000e+00 1
-3.157421e+11 1.375369e+12 6.919945e+11 6.233471e-01 -5.127039e-01 -5.904008e-01 0.000000e+00 1
-7.378250e+11 4.031628e+11 1.281450e+12 -8.458853e-01 -4.903400e-01 -2.098683e-01 0.000000e+00 1
-4.209835e+11 1.874479e+11 1.040710e+12 -7.879012e-01 4.869149e-01 -3.769955e-01 0.000000e+00 1
3.140216e+11 4.913643e+11 9.197311e+11 -9.671616e-01 -1.168779e-01 -2.256944e-01 0.000000e+00 1
-1.130194e+12 -3.891346e+11 -3.296661e+11 -3.889365e-02 -4.557219e-01 -8.892721e-01 0.000000e+00 1
-8.696773e+11 -1.553457e+11 1.940172e+11 3.858597e-01 6.171385e-01 -6.857495e-01 0.000000e+00 1
7.196772e+11 -8.362574e+11 8.216215e+10 -9.754598e-02 -8.183309e-01 -5.664092e-01 0.000000e+00 1
-9.001023e+11 -1.181418e+11 -1.336122e+12 2.330574e-01 9.662925e-01 1.093755e-01 0.000000e+00 1
7.916307e+11 -5.223975e+11 4.345820e+11 -5.894247e-01 -1.341868e-01 -7.966005e-01 0.000000e+00 1
1.324182e+11 4.801832e+11 -1.545407e+12 -6.722414e-01 -7.294613e-01 1.264027e-01 0.000000e+00 1
-8.276680e+11 -1.110369e+11 2.866553e+11 2.544783e-01 3.487943e-01 -9.019886e-01 0.000000e+00 1
-1.179867e+12 1.137849e+11 -5.697812e+11 9.207057e-01 -3.650087e-01 1.380927e-01 0.000000e+00 1
1.399359e+11 1.071620e+12 2.131746e+11 -7.485719e-01 -6.448214e-01 -1.544197e-01 0.000000e+00 1
3.923400e+10 -3.390427e+11 7.505155e+11 -8.323735e-01 9.560996e-02 5.459058e-01 0.000000e+00 1
-4.902600e+10 1.042049e+12 1.273461e+12 -6.748771e-01 -2.563430e-01 -6.919749e-01 0.000000e+00 1
-2.547414e+11 -3.573328e+11 8.563817e+11 -3.751479e-01 3.713082e-02 9.262210e-01 0.000000e+00 1
1.458339e+12 1.997656e+11 3.475063e+11 -6.913576e-01 3.857054e-01 6.109468e-01 0.000000e+00 1
4.056966e+11 -8.418863e+08 9.303722e+11 -5.244178e-01 8.447864e-01 -1.064042e-01 0.000000e+00 1
-7.597068e+11 -1.040147e+12 -4.070744e+11 6.348563e-01 2.972948e-01 -7.131433e-01 0.000000e+00 1
7.580069e+10 6.876110e+11 -5.188133e+11 2.011827e-01 1.478255e-01 9.683352e-01 0.000000e+00 1
-2.421667e+11 1.291530e+12 -3.611561e+11 1.338480e-01 -3.555992e-01 -9.250048e-01 0.000000e+00 1
6.413637e+11 7.987149e+11 1.392454e+11 -8.972799e-01 -1.722799e-01 4.064584e-01 0.000000e+00 1
1.210841e+12 -8.070956e+11 8.359634e+11 8.610558e-01 -1.271353e-01 4.923611e-01 0.000000e+00 1
3.010622e+11 -1.292305e+11 -1.376389e+12 -1.385519e-01 -7.062380e-01 -6.942847e-01 0.000000e+00 1
-6.357412e+11 -8.962446e+11 -3.025531e+11 4.866205e-01 4.265792e-01 -7.623849e-01 0.000000e+00 1
-3.219303e+11 1.420493e+12 1.632634e+11 4.095544e-01 -8.260149e-01 -3.872525e-01 0.000000e+00 1
2.931513e+11 -1.108705e+12 -7.508827e+11 9.181486e-01 2.328301e-01 -3.206140e-01 0.000000e+00 1
4.064139e+11 -6.463049e+11 -1.478134e+12 3.078554e-01 -6.159990e-01 -7.251002e-01 0.000000e+00 1
9.452837e+11 -1.369456e+12 -1.376077e+11 -1.005788e-01 -1.949191e-01 9.756487e-01 0.000000e+00 1
5.339814e+11 1.616853e+11 -1.533636e+12 5.614673e-01 7.779326e-01 -2.820909e-01 0.000000e+00 1
-1.189490e+12 -4.577339e+11 -3.210996e+11 6.876313e-01 3.730148e-02 -7.251012e-01 0.000000e+00 1
-1.367480e+11 -6.035654e+10 3.852517e+11 -8.922624e-01 -4.105637e-01 1.878969e-01 0.000000e+00 1
7.455531e+11 -7.086566e+11 -6.563877e+11 1.972065e-01 -3.952316e-02 -9.795650e-01 0.000000e+00 1
9.672933e+10 4.006839e+11 -6.403238e+11 -9.275650e-01 5.617158e-03 3.736195e-01 0.000000e+00 1
-7.253597e+09 3.914287e+11 -6.813315e+10 5.759604e-01 -3.440374e-01 7.415577e-01 0.000000e+00 1
-7.978641e+11 1.315734e+12 -1.722426e+11 9.155162e-01 8.779517e-02 -3.925840e-01 0.000000e+00 1
-2.573679e+11 6.206142e+11 -1.528164e+11 8.421861e-01 -4.213853e-01 -3.363883e-01 0.000000e+00 1
-9.664468e+11 -4.257989e+11 1.170093e+12 -9.302506e-01 8.321084e-02 3.573651e-01 0.000000e+00 1
-9.416163e+11 -3.409236e+11 -7.395216e+11 1.834913e-02 2.231572e-01 9.746098e-01 0.000000e+00 1
1.001758e+12 7.593410e+11 -8.970998e+11 6.037499e-01 5.952558e-01 5.302420e-01 0.000000e+00 1
-5.755437e+11 -6.631182e+11 -2.922539e+11 -6.416088e-01 7.572368e-01 1.221904e-01 0.000000e+00 1
2.921779e+11 9.985555e+11 -8.321718e+11 1.428061e-01 9.540568e-01 -2.634048e-01 0.000000e+00 1
-8.659667e+11 1.823177e+11 5.664215e+11 -4.419545e-01 8.686225e-01 2.239894e-01 0.000000e+00 1
-8.463175e+11 3.827266e+11 -1.195180e+12 -3.572731e-01 7.217874e-01 5.927722e-01 0.000000e+00 1
-1.944154e+11 2.055266e+11 -1.444349e+12 9.901412e-01 -1.273056e-01 -5.842738e-02 0.000000e+00 1
-1.113728e+12 -7.297190e+11 -2.430990e+11 -8.712610e-01 -4.516139e-01 -1.922215e-01 0.000000e+00 1
-8.890762e+11 -4.951061e+11 1.710679e+11 -2.557663e-01 8.603081e-01 -4.409689e-01 0.000000e+00 1
-1.286128e+12 -9.303854e+11 3.088307e+11 -2.995642e-01 -2.031013e-01 -9.322077e-01 0.000000e+00 1
8.801844e+11 1.215978e+11 -7.198980e+11 2.911861e-02 -7.389732e-01 -6.731053e-01 0.000000e+00 1
6.901166e+11 -4.148792e+10 -9.913428e+11 6.394807e-01 5.532371e-01 5.338475e-01 0.000000e+00 1
3.633121e+11 8.539076e+11 9.302100e+11 8.836527e-03 3.753627e-01 -9.268359e-01 0.000000e+00 1
-5.772490e+11 -1.251266e+11 -3.449987e+11 -1.499534e-01 3.586704e-01 -9.213411e-01 0.000000e+00 1
1.260798e+12 1.919464e+11 -5.613565e+11 1.965182e-01 3.183349e-01 -9.273853e-01 0.000000e+00 1
1.036110e+12 -1.227639e+12 4.051746e+11 -5.378744e-01 -4.822403e-01 6.914734e-01 0.000000e+00 1
6.337871e+11 -1.405351e+12 -2.437644e+11 -5.072965e-02 -9.498025e-01 3.087099e-01 0.000000e+00 1
5.574185e+11 2.420249e+11 -1.531950e+11 -8.104594e-01 1.444188e-01 5.677137e-01 0.000000e+00 1
1.241937e+12 -6.270575e+11 8.924465e+11 -5.618411e-02 8.737907e-01 -4.830457e-01 0.000000e+00 1
-5.897056e+11 -1.204788e+12 -5.892210e+11 7.688440e-01 5.271886e-01 3.618716e-01 0.000000e+00 1
4.102119e+11 -1.221809e+12 -3.005909e+11 -3.144918e-01 -8.488821e-01 -4.248461e-01 0.000000e+00 1
7.805176e+11 -1.389085e+11 -6.751583e+10 2.083618e-01 -6.534792e-02 9.758663e-01 0.000000e+00 1
8.014877e+11 -1.142128e+12 8.418437e+11 8.784517e-02 5.919410e-01 -8.011798e-01 0.000000e+00 1
-9.496855e+11 6.793219e+10 9.671199e+10 -6.745121e-01 6.175991e-01 4.044809e-01 0.000000e+00 1
-5.566038e+10 4.041596e+10 4.492354e+11 -2.606620e-01 -2.201909e-01 -9.399847e-01 0.000000e+00 1
1.259255e+11 -1.180739e+12 -7.291344e+11 2.917115e-01 -9.411226e-01 -1.708584e-01 0.000000e+00 1
-6.665713e+11 2.169450e+11 2.832384e+11 6.044385e-06 -5.573948e-01 -8.302476e-01 0.000000e+00 1
-1.019554e+12 1.297499e+10 -8.721302e+11 2.434236e-01 -5.011179e-01 8.304371e-01 0.000000e+00 1
-1.119028e+12 -1.169130e+12 -4.284163e+11 -6.099755e-01 7.506159e-01 -2.539797e-01 0.000000e+00 1
-1.132365e+12 7.594794e+11 6.867168e+11 -6.594841e-01 1.896998e-01 -7.273890e-01 0.000000e+00 1
-1.178597e+12 1.136053e+12 -3.454704e+11 5.302967e-01 4.667846e-01 -7.077412e-01 0.000000e+00 1
1.284474e+11 5.145832e+11 -6.658855e+11 -5.494880e-02 9.495291e-01 -3.088285e-01 0.000000e+00 1
-3.955734e+11 -1.424271e+12 8.908934e+10 -9.057594e-02 -5.809635e-01 8.088742e-01 0.000000e+00 1
1.853867e+11 -2.480003e+11 4.291264e+11 -4.878269e-01 8.262219e-01 2.817486e-01 0.000000e+00 1
-9.576314e+11 -7.064005e+11 1.689074e+11 -4.537230e-01 -6.138689e-01 -6.459879e-01 0.000000e+00 1
7.870706e+11 -8.621110e+11 -7.622335e+11 6.040602e-01 5.640874e-01 -5.629536e-01 0.000000e+00 1
-1.762491e+10 1.520338e+12 -5.409985e+11 5.836628e-01 -7.796461e-01 -2.269133e-01 0.000000e+00 1
3.784754e+11 -3.053480e+09 -1.479668e+12 2.432722e-01 8.216430e-01 -5.154817e-01 0.000000e+00 1
-4.406775e+11 -9.691356e+11 -8.886108e+11 8.641908e-02 -9.684461e-01 2.337603e-01 0.000000e+00 1
-3.096517e+11 -1.410346e+12 4.704933e+11 6.667346e-01 7.335295e-01 1.319069e-01 0.000000e+00 1
1.869124e+11 -2.495185e+11 1.895362e+11 -5.526518e-01 -2.560533e-01 7.931032e-01 0.000000e+00 1
-5.079872e+11 -6.602558e+11 -1.102969e+12 8.572928e-01 4.853564e-01 1.716924e-01 0.000000e+00 1
-7.644228e+11 -1.270056e+12 2.623298e+11 3.015293e-01 -7.059205e-01 6.409027e-01 0.000000e+00 1
1.062082e+12 -1.170670e+12 1.903309e+11 -3.585872e-01 2.514729e-01 8.989864e-01 0.000000e+00 1
-2.947842e+11 -2.265062e+11 -4.827365e+11 8.141592e-01 -5.797338e-01 -3.245796e-02 0.000000e+00 1
-7.096653e+11 1.972306e+11 -2.604092e+11 -3.718034e-02 -8.634496e-01 5.030630e-01 0.000000e+00 1
-6.986786e+11 -1.629596e+11 7.488241e+11 6.951137e-01 5.922968e-01 4.074327e-01 0.000000e+00 1
4.818978e+11 1.104094e+12 3.285706e+11 8.839610e-01 3.084129e-01 3.514178e-01 0.000000e+00 1
-1.285934e+11 7.327796e+11 -1.339932e+09 -4.119574e-01 -8.833235e-01 2.236752e-01 0.000000e+00 1
1.121743e+12 9.580847e+11 -7.269149e+11 8.551828e-01 4.623811e-01 2.342350e-01 0.000000e+00 1
-1.138340e+12 -1.348558e+11 9.461583e+11 4.725836e-01 -4.522742e-01 7.563814e-01 0.000000e+00 1
-8.492119e+11 3.277026e+10 -7.029752e+11 -2.735088e-01 9.580395e-01 8.575047e-02 0.000000e+00 1
2.502294e+11 -9.957258e+11 1.631709e+10 2.733093e-02 -6.737650e-01 7.384401e-01 0.000000e+00 1
-2.120872e+11 -3.411337e+11 2.161867e+11 -4.474326e-01 2.422134e-01 -8.608930e-01 0.000000e+00 1
9.073038e+11 2.115486e+11 -1.087329e+12 -7.830664e-01 4.974458e-01 -3.733023e-01 0.000000e+00 1
-1.023295e+12 5.113956e+10 -1.089092e+12 -8.053958e-01 -2.902783e-01 5.167941e-01 0.000000e+00 1
-1.610673e+12 2.739886e+11 4.521085e+11 3.965642e-01 9.163478e-01 -5.516907e-02 0.000000e+00 1
1.029207e+12 6.037412e+10 1.072542e+12 -3.745244e-01 -8.714256e-01 3.167790e-01 0.000000e+00 1
-6.683782e+11 1.080759e+12 5.148975e+11 7.031667e-01 5.037468e-01 5.017926e-01 0.000000e+00 1
1.245321e+11 -6.191626e+11 -3.890116e+11 5.527997e-01 -6.617295e-01 5.064845e-01 0.000000e+00 1
-4.153143e+11 -3.364097e+11 3.062649e+11 2.141667e-01 3.560182e-01 -9.096063e-01 0.000000e+00 1
5.066117e+11 -6.746287e+11 -1.022373e+12 -7.575679e-01 5.696583e-01 -3.187165e-01 0.000000e+00 1
-1.139029e+12 7.548297e+11 8.976294e+11 -4.459075e-01 4.939925e-01 -7.464167e-01 0.000000e+00 1
1.525222e+11 3.197706e+11 1.640035e+11 -1.618779e-02 -6.943478e-01 7.194575e-01 0.000000e+00 1
3.016240e+11 -4.012027e+11 -8.464266e+11 -1.633801e-01 -9.831998e-01 -8.139522e-02 0.000000e+00 1
-1.094571e+12 -1.257143e+11 -9.454458e+10 4.464620e-01 -5.882470e-01 6.742679e-01 0.000000e+00 1
-3.969713e+11 -3.947044e+10 -7.326276e+11 5.457913e-01 1.129874e-02 -8.378450e-01 0.000000e+00 1
6.076793e+10 -1.485668e+10 -7.697643e+11 8.776052e-01 3.446174e-01 -3.332387e-01 0.000000e+00 1
-4.917715e+10 5.363356e+11 1.565956e+11 -6.250539e-01 -6.382813e-01 4.493381e-01 0.000000e+00 1
9.644628e+09 2.809093e+11 -6.624896e+11 -5.159290e-01 -8.042416e-01 -2.949791e-01 0.000000e+00 1
-1.117295e+12 2.833132e+11 6.035526e+11 3.053847e-02 2.432470e-01 -9.694835e-01 0.000000e+00 1
-7.131317e+11 7.902622e+11 -1.073224e+12 -3.898089e-01 8.999573e-01 -1.952584e-01 0.000000e+00 1
5.894670e+11 -8.256384e+11 -2.473901e+11 9.486031e-01 -6.420083e-02 3.098879e-01 0.000000e+00 1
1.314518e+11 4.254922e+09 -4.187062e+11 -2.245687e-01 8.231465e-01 -5.215349e-01 0.000000e+00 1
7.612515e+11 3.092646e+11 1.264874e+12 -2.302756e-01 -9.510926e-01 -2.059031e-01 0.000000e+00 1
4.606081e+11 -5.300029e+11 -2.062108e+11 -7.147937e-01 5.893123e-01 3.765381e-01 0.000000e+00 1
-7.142589e+11 -1.180456e+12 9.255449e+11 -5.385046e-01 3.188235e-01 -7.799772e-01 0.000000e+00 1
-1.450916e+12 1.008458e+11 -5.040476e+11 -3.989921e-01 -4.536485e-01 -7.968741e-01 0.000000e+00 1
6.890506e+11 -1.379811e+12 -4.853735e+11 -5.839383e-01 7.586149e-01 -2.889974e-01 0.000000e+00 1
-5.947808e+11 9.918216e+11 -7.937383e+11 3.336636e-01 -8.126175e-01 4.778299e-01 0.000000e+00 1
4.135945e+11 -1.057790e+12 -2.594987e+11 -6.878604e-01 -1.389779e-01 -7.124137e-01 0.000000e+00 1
-1.337149e+12 7.709116e+11 4.287245e+11 5.434309e-01 7.304705e-01 -4.136371e-01 0.000000e+00 1
-7.821325e+11 5.258809e+11 -8.895456e+11 -1.932807e-01 -6.983781e-01 6.891376e-01 0.000000e+00 1
9.202887e+11 1.745026e+11 7.512496e+11 4.056646e-01 5.195949e-01 -7.519689e-01 0.000000e+00 1
7.571104e+11 -5.407310e+11 -3.068797e+11 -9.021711e-01 2.604292e-01 -3.438954e-01 0.000000e+00 1
6.174230e+11 -6.968787e+11 6.241362e+11 -5.059996e-01 8.258674e-01 -2.488121e-01 0.000000e+00 1
-1.698802e+11 -4.061302e+11 1.169941e+12 2.247988e-01 2.472004e-01 9.425272e-01 0.000000e+00 1
-9.421335e+11 3.473758e+11 -8.938519e+10 -5.395970e-01 7.761459e-01 -3.262403e-01 0.000000e+00 1
-1.051705e+12 -7.955354e+11 1.249937e+11 8.454113e-01 5.211142e-01 1.171314e-01 0.000000e+00 1
4.699870e+11 1.215920e+12 1.005480e+12 4.734462e-01 -4.071569e-02 8.798812e-01 0.000000e+00 1
3.958282e+11 1.145310e+12 -6.020612e+10 -8.730343e-02 8.006493e-01 -5.927384e-01 0.000000e+00 1
-5.098191e+11 1.274935e+12 7.636098e+11 9.408965e-01 -2.898626e-01 -1.751955e-01 0.000000e+00 1
-3.168458e+11 1.071489e+12 3.713826e+11 -6.301917e-01 4.710071e-01 -6.172607e-01 0.000000e+00 1
-2.717437e+11 -5.319914e+11 -1.089851e+12 6.794231e-02 -8.365878e-01 5.436035e-01 0.000000e+00 1
6.728113e+11 -1.402361e+12 6.741835e+11 4.786883e-01 4.098274e-01 -7.764657e-01 0.000000e+00 1
-2.227640e+11 8.840738e+11 1.207571e+12 -8.565915e-01 -4.500818e-01 2.523439e-01 0.000000e+00 1
-1.315065e+12 -6.302747e+11 -7.000031e+11 -9.455996e-01 -3.068829e-01 1.080015e-01 0.000000e+00 1
-9.092265e+11 -1.250297e+12 5.683285e+11 5.881671e-01 -7.780030e-01 2.208412e-01 0.000000e+00 1
6.464140e+11 6.582358e+11 -5.809380e+11 4.346906e-01 8.930761e-01 1.160136e-01 0.000000e+00 1
-8.162468e+11 -1.163068e+12 -1.370159e+11 -9.311952e-01 -3.645030e-01 3.616428e-03 0.000000e+00 1
-9.150148e+11 8.510464e+11 9.567948e+11 5.098537e-01 -8.556980e-01 -8.848757e-02 0.000000e+00 1
