# 781 1.000000e+06 1.000000e+04 0.000000e+00 1.000000e+00 5.000000e-01
3.508631e+11 -1.279452e+13 -1.114737e+13 1.755134e-01 -7.346212e-01 -6.553829e-01 3.658084e+00 0 75920
-7.768353e+12 -8.227931e+12 1.317331e+13 -2.756739e-01 -4.275025e-01 8.609561e-01 1.033399e+01 0 443896
1.391508e+13 -4.645162e+12 8.513231e+12 9.729636e-01 -1.614473e-01 -1.651562e-01 2.684908e-01 0 216232
9.568789e+12 -1.118167e+13 1.096255e+13 9.370852e-01 -2.431205e-01 -2.505269e-01 -4.675361e+00 0 54909
-3.504974e+12 -1.604413e+13 -1.971427e+13 -4.850537e-01 -8.079082e-01 -3.346749e-01 -1.430727e+01 0 170397
-1.664719e+13 6.430151e+12 -6.152238e+12 -6.456455e-01 7.560023e-01 -1.077146e-01 -1.815530e+00 0 50967
5.133937e+12 -1.260375e+13 1.023947e+13 6.531017e-01 -7.398970e-01 -1.612782e-01 2.373510e+00 0 35778
-9.896835e+12 1.448195e+13 -1.707852e+12 -6.257407e-01 7.793622e-01 3.229798e-02 -3.837572e+00 0 450850
4.815937e+12 1.699949e+13 4.649049e+12 6.817233e-01 6.697437e-01 2.944430e-01 6.530292e-02 0 32905
-1.984130e+12 -5.111517e+12 1.682090e+13 -7.452813e-01 -1.565941e-01 6.481003e-01 5.279284e+00 0 680949
2.418960e+12 1.167276e+12 1.868010e+13 3.512474e-01 1.248509e-01 9.279211e-01 5.921972e+00 0 458440
-1.469677e+13 1.982960e+13 7.178835e+12 -7.212509e-01 4.582785e-01 5.194015e-01 1.043004e+01 0 7
1.643902e+13 1.688682e+13 1.295258e+12 7.272460e-01 4.097341e-01 5.506643e-01 5.470282e+00 0 1
-8.647313e+12 1.420401e+13 -4.035887e+12 -4.927112e-01 8.698139e-01 -2.568146e-02 3.609484e+00 0 56933
3.407841e+11 1.444803e+13 1.139782e+13 1.776616e-01 6.395499e-01 7.479387e-01 -9.253805e+00 0 123602
-1.356057e+13 8.054912e+12 6.738381e+12 -5.134349e-01 8.558580e-01 6.238296e-02 -7.609491e+00 0 82559
-2.887940e+12 1.123248e+13 -1.403889e+13 -9.786566e-02 9.756553e-01 -1.962629e-01 -4.368947e+00 0 162870
-3.542250e+12 1.292568e+13 1.174077e+13 1.196104e-01 7.819228e-01 6.117925e-01 5.130023e+00 0 5
1.655417e+13 -1.009713e+12 -7.998833e+12 7.007869e-01 -3.378583e-01 -6.282909e-01 9.959837e-01 0 977726
-1.597061e+13 -2.658991e+12 -6.455004e+12 -6.761407e-01 -3.440482e-01 -6.515095e-01 -5.104995e+00 0 10
2.664612e+12 -4.072773e+12 -1.657754e+13 3.531403e-01 3.162413e-01 -8.805018e-01 3.108747e+00 0 66223
1.164433e+13 6.835393e+11 1.332896e+13 2.836750e-01 7.707648e-01 5.704823e-01 1.160759e+01 0 889296
-1.512006e+13 -5.692909e+12 7.096103e+12 -4.595397e-01 -6.517491e-01 6.033625e-01 6.298530e+00 0 68993
-1.181272e+13 1.081818e+13 -1.328411e+13 -2.277139e-01 3.019009e-01 -9.257442e-01 8.074801e+00 0 167933
-1.167598e+13 2.744352e+12 -1.203914e+13 -4.987341e-01 -4.942178e-02 -8.653449e-01 -2.868637e+00 0 286870
-1.487102e+13 -7.739910e+12 -3.060694e+12 -1.561909e-01 -6.466728e-01 -7.466048e-01 6.902520e+00 0 7
-1.488728e+13 -1.701486e+13 -5.866335e+12 -6.558159e-01 -7.360424e-01 -1.677710e-01 -6.202629e+00 0 259572
-7.115009e+12 -1.007167e+13 -1.173180e+13 2.130736e-01 -9.452034e-01 -2.473664e-01 6.634224e-01 0 3526558
-6.306865e+12 -9.510089e+11 1.674142e+13 2.704139e-01 -3.621856e-01 8.920190e-01 9.875298e+00 0 376056
-5.454762e+12 9.371455e+12 -1.436933e+13 -5.013811e-01 8.413258e-01 -2.019598e-01 5.505647e+00 0 961099
-9.165816e+12 1.160965e+13 -8.439919e+12 -6.560827e-01 7.470085e-01 1.073957e-01 -3.777227e+00 0 668713
2.024638e+13 -4.944676e+12 -5.825897e+11 8.607052e-01 -1.043983e-01 -4.982847e-01 -5.150970e+00 0 786647
6.010327e+12 -1.242482e+13 -1.008037e+13 1.920088e-01 -9.175318e-01 -3.482356e-01 2.283195e+00 0 222761
1.226691e+13 1.414427e+13 -2.183089e+12 8.540742e-01 1.577920e-01 -4.956400e-01 4.337651e+00 0 1016847
-1.163510e+13 -1.165499e+13 -4.953720e+12 1.427024e-01 -3.513906e-01 -9.252895e-01 -1.917346e+00 0 75206
-1.161608e+13 -9.793697e+12 1.355437e+13 -7.993930e-01 -5.987926e-01 -4.917560e-02 4.089720e+00 0 54325
-9.106381e+12 -1.064467e+13 1.025628e+13 -8.729086e-01 4.414286e-01 2.077773e-01 -1.033392e+01 0 63348
-2.195126e+13 2.840596e+12 5.776938e+12 -9.396728e-01 -2.840351e-01 -1.906283e-01 1.570063e+01 0 10
-9.484146e+12 -8.558353e+12 1.151709e+13 -9.146356e-01 -3.925894e-01 -9.651613e-02 -5.915481e+00 0 187314
-2.869183e+12 2.237934e+12 -2.386136e+13 -3.054207e-01 1.562574e-01 -9.393092e-01 -6.147475e+00 0 61686
-1.273234e+13 -1.033920e+13 1.179050e+13 -9.276902e-01 -3.727147e-01 2.178576e-02 5.193954e+00 0 94742
-2.714837e+12 1.791005e+13 -1.313427e+11 -4.720377e-02 9.880255e-01 -1.468923e-01 -7.865877e+00 0 107599
1.335296e+13 1.150701e+13 9.049980e+11 3.540179e-01 6.905188e-01 6.307576e-01 9.543793e+00 0 5
-1.581882e+13 -6.487407e+12 2.835458e+11 -8.337535e-01 -4.728835e-01 2.850199e-01 -6.443140e+00 0 1702709
8.791154e+11 -1.144276e+13 -1.594548e+13 3.122029e-01 -2.088614e-01 -9.267720e-01 -3.493165e+00 0 164468
3.564295e+12 -4.360245e+12 -1.600220e+13 9.816160e-01 -1.872867e-01 -3.679155e-02 2.860546e+00 0 384216
6.677382e+12 -1.586549e+13 1.115945e+12 9.815791e-01 -2.986746e-02 -1.887070e-01 1.141406e+01 0 542584
-2.209429e+12 1.618165e+13 5.590144e+12 2.780084e-01 4.252687e-01 8.613117e-01 4.361441e+00 0 160088
-6.006512e+12 -9.024789e+10 2.033032e+13 -6.781645e-01 -3.415349e-01 6.507279e-01 6.427556e+00 0 87651
-1.515710e+13 -8.807434e+12 1.724603e+12 -9.702936e-01 3.196184e-02 2.398098e-01 -9.398221e+00 0 905785
-7.463806e+12 -4.854834e+12 -1.503488e+13 -2.778558e-01 4.909617e-01 -8.256832e-01 8.793379e-02 0 64390
1.102233e+12 -4.343361e+12 1.797505e+13 -4.728977e-01 -2.387640e-01 8.481506e-01 -9.544078e+00 0 5831430
-8.015895e+12 -1.097318e+13 -1.019969e+13 -7.580912e-01 -4.151235e-01 -5.029615e-01 -8.567339e-01 0 372205
1.191244e+13 1.729943e+13 9.623193e+12 8.241914e-01 4.939622e-01 2.769655e-01 -1.728409e+01 0 471268
-4.343669e+12 1.659750e+13 2.393461e+12 -4.958473e-01 7.290432e-01 -4.718383e-01 -3.423933e+00 0 124203
7.734192e+12 -1.273892e+13 1.005518e+13 -2.718106e-01 -8.947797e-01 3.542433e-01 7.825774e-01 0 298475
-1.301800e+13 1.117565e+13 1.258891e+12 -7.321937e-01 4.629645e-01 -4.995561e-01 -4.014336e+00 0 118363
1.497482e+13 -1.036491e+13 -4.607806e+12 8.687154e-01 -4.195848e-01 -2.632149e-01 1.434286e+01 0 944152
-6.564349e+12 1.461405e+13 -6.783049e+12 -8.876032e-01 3.448414e-01 -3.053603e-01 1.093786e+01 0 1
-2.334467e+11 1.501469e+13 9.669537e+12 -2.153761e-01 2.884084e-01 9.329704e-01 3.149395e+00 0 714376
-6.084084e+12 -2.353091e+12 -1.586508e+13 -9.582884e-01 -2.692438e-01 9.586984e-02 -2.842931e+00 0 217597
-2.041752e+12 1.093980e+13 -1.311952e+13 -8.138650e-02 -4.503750e-01 -8.891224e-01 4.142683e+00 0 57981
-1.229544e+13 1.111211e+13 7.572101e+12 -3.955712e-01 7.812588e-01 4.828645e-01 5.401624e+00 0 730049
-8.436504e+12 1.416042e+13 5.196498e+12 -1.460155e-01 9.209663e-01 -3.612486e-01 -1.085571e+01 0 412716
-1.394222e+13 2.096527e+12 -9.833175e+12 -1.034045e-01 -4.463463e-01 -8.888658e-01 4.505779e+00 0 56372
-8.869725e+12 1.310677e+13 7.580747e+12 -7.308504e-01 6.026985e-01 3.203314e-01 -3.565006e+00 0 617049
-9.802231e+12 1.224157e+13 7.061935e+12 -1.425408e-01 -1.661568e-01 9.757428e-01 -2.299251e+00 0 9
-1.287576e+13 -1.038183e+13 -4.097363e+12 2.049980e-01 -9.760241e-01 7.316279e-02 1.335190e+01 0 104339
4.381566e+12 -1.514446e+13 -7.536066e+12 -1.453727e-01 -4.294419e-01 -8.913173e-01 -5.545440e+00 0 865048
-7.809550e+12 -9.421091e+12 2.347555e+13 6.007892e-02 -7.594533e-01 6.477818e-01 -4.940892e+00 0 500910
8.276978e+12 -1.302132e+13 -8.605064e+12 4.882626e-01 -5.078324e-01 -7.097224e-01 3.919910e+00 0 5
-1.708135e+11 -1.816122e+12 1.692672e+13 -2.304187e-01 -9.729368e-01 1.735786e-02 -2.855986e+00 0 641577
1.206887e+13 -1.129203e+13 5.642546e+12 5.991161e-01 -1.604558e-01 7.844194e-01 9.132327e+00 0 658299
7.545664e+12 1.075310e+13 -1.877324e+13 9.634433e-02 7.769014e-01 -6.222073e-01 5.769228e+00 0 1723490
-4.576286e+12 -4.981580e+12 2.010057e+13 -3.306610e-02 -3.076862e-01 9.509131e-01 -6.177473e+00 0 1254502
7.239877e+11 5.671463e+12 1.607654e+13 1.854149e-01 2.899994e-01 9.388938e-01 -6.385841e-02 0 282693
1.712707e+12 1.729856e+13 2.441564e+12 -8.374019e-02 9.718627e-01 -2.201601e-01 4.899914e+00 0 358927
-2.189107e+13 -3.498572e+12 -1.501041e+13 -7.133519e-01 -1.404560e-01 -6.865866e-01 -8.639651e+00 0 1593079
1.503081e+13 8.010811e+12 -2.480579e+12 2.660830e-01 8.640451e-01 -4.273476e-01 1.162297e+01 0 25102
1.277902e+13 1.107024e+13 1.347504e+12 6.211109e-01 7.317199e-01 2.807262e-01 2.581008e+00 0 24913
-1.577619e+13 6.360076e+12 6.490074e+12 -1.159137e-01 9.420403e-01 3.148397e-01 -8.160044e-01 0 1
-5.405308e+12 -1.033282e+13 -1.341975e+13 -3.582499e-01 -3.745344e-01 -8.552082e-01 4.708865e+00 0 897581
1.514176e+13 9.559485e+12 -5.648451e+12 8.225215e-01 5.675554e-01 -3.659584e-02 -5.830028e+00 0 95601
-7.463321e+12 1.255475e+13 1.518236e+13 -1.883705e-01 2.322439e-01 9.542428e-01 -6.636008e+00 0 450794
1.620793e+13 2.878479e+12 1.276301e+13 4.512517e-01 -2.978615e-01 8.412196e-01 4.889888e+00 0 3784126
1.559047e+13 2.818678e+12 7.686915e+12 4.837589e-01 8.730246e-01 -6.168800e-02 1.141452e+00 0 443782
1.212182e+13 8.560648e+12 -9.121128e+12 3.595130e-01 9.210433e-01 -1.497651e-01 -3.725987e+00 0 728624
-3.663760e+12 2.009748e+13 7.372006e+12 -2.854713e-01 7.813391e-01 5.549913e-01 1.132404e+01 0 223245
-1.327181e+13 -4.959456e+13 7.396872e+12 -1.824519e-01 -9.620777e-01 2.027752e-01 -1.289879e+01 0 71249
1.515992e+13 -7.693428e+12 7.397962e+12 7.414872e-01 -5.436020e-01 3.933111e-01 -4.418477e+00 0 1
1.411216e+13 -8.353942e+12 1.223246e+13 8.586618e-01 -4.531598e-01 2.394705e-01 -6.790448e+00 0 108449
-2.618881e+12 -1.781258e+13 1.885539e+11 1.102763e-01 -7.680621e-01 -6.308088e-01 -1.422446e+00 0 37491
1.483668e+13 2.841792e+12 -9.549678e+12 9.905031e-01 2.407573e-02 -1.353662e-01 -1.167070e+01 0 422272
-8.115701e+12 -2.558248e+12 1.468191e+13 3.861263e-02 7.330097e-01 6.791214e-01 3.762369e+00 0 518669
-1.628646e+13 1.317237e+13 -4.435683e+12 -9.709239e-01 2.294195e-01 -6.836243e-02 9.120743e+00 0 2
-4.983034e+12 1.332093e+13 9.854336e+12 6.032964e-01 7.213019e-01 3.402310e-01 -1.044705e+01 0 1027216
-2.150755e+13 3.631868e+12 3.260278e+12 -9.425155e-01 1.655323e-01 2.902820e-01 5.103526e+00 0 143075
9.105880e+12 -8.384252e+10 1.515672e+13 1.635715e-01 6.138299e-02 9.846200e-01 -2.060266e+00 0 56665
-1.111133e+13 -3.415473e+12 -1.305284e+13 -6.546470e-01 4.963531e-01 -5.701499e-01 -5.109538e+00 0 11553
-1.742200e+13 -6.414712e+12 1.056917e+13 -7.315136e-01 -4.636573e-01 4.999098e-01 -8.211981e+00 0 86411
1.011885e+13 4.156232e+12 1.553616e+13 8.162054e-02 5.665420e-01 8.199806e-01 -4.191409e+00 0 13
1.297210e+13 -5.971263e+12 1.163712e+13 9.970902e-01 7.224588e-02 2.432499e-02 -3.431129e+00 0 567517
7.169896e+12 -1.505145e+13 3.384836e+12 -3.431696e-01 -9.371762e-01 -6.273203e-02 -1.379447e+01 0 4
-1.808532e+13 -3.250099e+12 2.384866e+12 -7.293852e-01 6.792905e-01 -8.100397e-02 -6.735882e-01 0 6
1.554218e+13 1.308978e+13 6.694314e+12 3.497927e-01 4.091790e-01 8.427441e-01 8.119775e+00 0 313621
6.479669e+12 -5.569258e+12 -2.343687e+13 1.411408e-01 -7.142293e-01 -6.855332e-01 -1.057524e+01 0 763450
-1.850576e+13 7.286177e+12 -3.903893e+12 -8.192957e-01 -5.615735e-01 -1.157138e-01 1.631613e+01 0 11
1.445359e+13 -7.961831e+12 -8.767077e+12 2.166994e-01 -9.629433e-01 -1.605663e-01 2.996574e+00 0 1579545
-6.030865e+12 1.152161e+13 -1.288908e+13 -5.737274e-01 5.698021e-01 -5.883557e-01 7.698174e+00 0 2135676
-1.604610e+13 2.847493e+12 -5.964752e+12 -5.193365e-01 8.341210e-01 -1.858272e-01 2.960160e+00 0 2
-9.792970e+12 -1.627206e+13 8.005218e+11 -4.655017e-01 -8.816473e-01 -7.750046e-02 -3.911813e+00 0 241930
1.601801e+12 2.095863e+13 1.679894e+12 -1.469032e-01 8.399552e-01 5.223933e-01 8.210535e+00 0 1601711
-1.127585e+13 2.317259e+13 -1.653272e+11 -1.683430e-01 9.791753e-01 -1.134740e-01 -1.051672e+01 0 858782
-2.096157e+12 -3.010312e+12 1.688793e+13 4.342572e-01 -2.138824e-01 8.750285e-01 -3.666909e+00 0 943680
-9.304173e+12 -1.139633e+13 -1.305909e+13 -4.831152e-01 -5.514816e-01 -6.800498e-01 -7.863293e+00 0 2861146
-5.263938e+12 3.585146e+11 1.614077e+13 -6.942156e-01 7.046353e-01 1.468122e-01 -2.309265e+00 0 245262
3.474343e+12 5.020932e+12 -1.626220e+13 5.152544e-01 6.027070e-01 -6.093088e-01 3.811070e+00 0 151632
7.684514e+12 1.392458e+13 6.690035e+12 4.820320e-01 8.419771e-01 -2.423213e-01 -2.732307e+00 0 407741
5.922084e+12 2.745305e+12 -1.605617e+13 9.438866e-01 -5.077881e-02 -3.263427e-01 3.236460e+00 0 1403380
1.070313e+13 7.295243e+12 1.238304e+13 -4.924079e-01 5.365797e-01 6.852858e-01 1.476682e-01 0 281665
-1.414915e+13 7.339931e+12 2.136718e+13 -5.542196e-01 2.272460e-01 8.007496e-01 -1.094645e+01 0 1818486
-1.272159e+13 -1.647029e+13 -1.187608e+13 -4.009703e-01 -5.920588e-01 -6.990631e-01 -6.230016e+00 0 23952
1.479927e+13 2.996146e+12 -8.259523e+12 4.123253e-01 6.212200e-01 -6.663884e-01 -2.322537e+00 0 412219
-4.347556e+12 7.716617e+12 -1.820083e+13 -9.939319e-02 4.425313e-01 -8.912278e-01 -7.776508e+00 0 351342
-5.533408e+12 5.091031e+12 -1.522644e+13 -9.673156e-01 1.405724e-01 -2.110450e-01 -2.791153e+00 0 159272
1.317890e+13 -1.775180e+13 8.526124e+12 5.283482e-01 -7.792905e-01 -3.369784e-01 -6.424328e+00 0 17469
-9.212127e+12 -1.775911e+12 1.727506e+13 -3.985188e-01 1.117055e-01 9.103322e-01 -9.093463e+00 0 2441686
7.937881e+12 6.788778e+11 1.559203e+13 8.460806e-01 -2.831417e-01 4.516397e-01 2.505033e+00 0 126485
6.989121e+12 1.312652e+13 -9.806364e+12 6.044093e-02 5.268132e-01 -8.478295e-01 -3.012632e+00 0 995466
6.606477e+10 1.439765e+13 1.381036e+13 -4.424086e-02 5.961756e-01 8.016342e-01 -1.064501e+01 0 3145562
-1.459455e+13 1.055256e+13 -2.375937e+12 -1.913905e-01 9.784657e-01 7.729581e-02 -1.632066e+01 0 6009
-1.590460e+13 9.552277e+12 2.762707e+12 -4.869206e-02 9.292368e-01 3.662622e-01 -1.294027e+01 0 588052
-5.169687e+12 1.451585e+13 1.604470e+13 5.526203e-01 4.712437e-01 6.874156e-01 -1.354265e+01 0 1801496
-6.917773e+11 -7.119760e+12 1.749541e+13 -2.029020e-02 -1.613847e-01 9.866830e-01 -4.771107e+00 0 324915
-1.011478e+12 1.972123e+13 4.953306e+12 7.661232e-01 6.290688e-01 1.316346e-01 6.390466e+00 0 2072312
-1.715279e+13 -4.899869e+12 2.385916e+11 -8.276476e-01 -3.622627e-01 -4.286785e-01 -7.156582e+00 0 663301
1.455076e+13 -4.259108e+12 8.623167e+12 6.290837e-01 -4.098612e-01 6.605055e-01 -8.082850e+00 0 470960
1.328237e+11 7.427690e+12 -1.532017e+13 -3.749214e-01 6.637725e-01 -6.471785e-01 -7.068357e+00 0 222004
-9.217676e+12 1.584411e+13 -2.154796e+12 -6.779541e-01 7.263092e-01 -1.133717e-01 8.789676e+00 0 2
1.661049e+13 5.110466e+12 8.405124e+11 8.292384e-01 5.569403e-01 4.670259e-02 8.829355e+00 0 557211
-1.653249e+13 -4.162668e+12 -1.292186e+12 -5.862994e-01 -5.069756e-01 6.318455e-01 8.897245e+00 0 548301
-1.492768e+13 5.145451e+12 1.510759e+13 -6.551164e-01 3.989599e-01 6.416022e-01 4.953498e+00 0 32954
-1.475738e+13 -1.136909e+12 1.256549e+13 -9.948549e-01 1.669766e-02 9.992477e-02 -6.446557e+00 0 503706
-1.747949e+13 1.050124e+11 -6.316589e+12 -6.102864e-01 -6.901433e-01 -3.889124e-01 2.840271e-01 0 538192
6.385511e+12 -1.386472e+13 -7.444690e+12 -3.012175e-01 -4.123032e-01 -8.598105e-01 6.343404e+00 0 510707
1.074861e+13 -1.278844e+13 2.367421e+13 5.490136e-01 -2.689026e-01 7.913757e-01 9.001356e+00 0 469863
-1.087054e+12 -1.757991e+13 -9.589520e+11 9.198532e-02 -9.943483e-01 5.301109e-02 4.929364e+00 0 776130
2.091709e+12 1.665085e+13 4.713342e+12 8.838351e-01 4.617327e-01 -7.508968e-02 4.012289e+00 0 243792
-3.990361e+12 -1.605269e+13 6.610007e+12 -9.584062e-01 -2.850149e-01 -1.496460e-02 -1.122149e+01 0 230977
1.334531e+13 -4.611577e+12 1.549704e+13 8.010783e-01 -7.713838e-02 5.935682e-01 -5.244777e+00 0 1099839
3.569735e+12 -1.329847e+13 -1.060867e+13 -3.687418e-02 -8.939614e-01 -4.466243e-01 3.917656e+00 0 4
-1.061933e+13 -1.468432e+13 5.167060e+11 -8.456183e-02 -9.249138e-01 -3.706532e-01 9.223383e+00 0 317357
-1.874879e+13 4.511487e+12 1.870447e+12 -8.709392e-01 -4.906381e-01 -2.718918e-02 1.401908e+01 0 2114590
-1.892721e+13 -2.971005e+12 -3.930216e+12 -7.920435e-01 -5.846384e-01 1.756845e-01 1.138911e+01 0 1595167
1.790394e+13 -2.687867e+12 1.033523e+12 6.246719e-01 4.156646e-01 6.610658e-01 -2.794321e+00 0 1967568
1.121001e+13 -4.244730e+12 1.255748e+13 -3.745529e-01 -4.900921e-01 7.870958e-01 2.112022e+00 0 444501
8.442697e+12 -1.301089e+13 -1.375747e+13 3.383118e-01 -2.315164e-01 -9.121104e-01 -1.610645e+00 0 912807
1.007269e+13 8.491990e+12 1.415170e+13 1.762827e-01 1.808047e-01 9.675919e-01 6.957943e+00 0 137054
1.298140e+13 -6.429863e+12 -9.631463e+12 9.141635e-01 -7.053169e-02 -3.991620e-01 4.826222e+00 0 781685
-2.437977e+12 1.352954e+13 9.997326e+12 8.945222e-01 4.005011e-01 -1.985671e-01 -5.508618e-01 0 3
-2.472151e+11 -1.564377e+12 1.842400e+13 5.944626e-01 -1.404059e-01 7.917704e-01 5.379717e+00 0 479864
1.330963e+13 -9.169045e+12 -8.941845e+12 4.962576e-01 -7.767687e-01 -3.877612e-01 -7.857429e+00 0 1490082
3.383285e+12 -2.731282e+12 -1.766322e+13 8.589419e-01 -1.216146e-01 -4.974221e-01 -2.820675e+00 0 688506
2.409939e+12 -1.449962e+13 -2.149371e+13 6.309541e-01 -4.526858e-01 -6.300576e-01 -2.692189e+00 0 199554
1.399012e+13 -8.745096e+12 4.256141e+12 4.083097e-01 -1.712636e-01 -8.966337e-01 -3.556174e+00 0 12
1.144006e+13 1.052624e+13 6.798168e+12 5.001227e-01 8.659514e-01 2.317282e-03 6.836780e+00 0 1840782
1.363042e+13 -6.472754e+12 9.282864e+12 1.673830e-02 -5.124700e-01 8.585420e-01 1.268241e+00 0 712111
3.522037e+12 1.298953e+12 -1.886106e+13 1.483398e-01 6.685964e-01 -7.286797e-01 7.676240e+00 0 244287
2.321175e+12 2.715611e+12 1.938045e+13 -1.366145e-01 2.277409e-01 9.640905e-01 7.081222e+00 0 3673
-6.389921e+12 -1.214785e+13 1.014856e+13 -2.172662e-01 -8.581649e-01 4.651328e-01 6.038836e+00 0 2963296
9.340126e+12 1.517468e+13 2.230740e+13 5.266795e-01 6.453479e-01 5.532945e-01 -1.365323e+01 0 518231
-9.663778e+12 1.137030e+12 -1.478309e+13 -2.533915e-01 -4.614461e-01 -8.502119e-01 8.035595e+00 0 103812
1.388391e+13 1.029247e+13 -5.893808e+12 9.033210e-01 3.431988e-01 -2.573435e-01 -5.039795e+00 0 1310169
-1.382057e+13 9.855323e+12 -3.696009e+12 -9.404008e-01 2.027365e-01 -2.730278e-01 -4.021111e+00 0 401245
-1.631311e+12 1.709052e+13 3.483569e+11 -4.815227e-01 8.593245e-01 1.723290e-01 6.773098e+00 0 483145
-1.248741e+13 4.345710e+12 1.090933e+13 -9.746468e-01 2.160878e-01 5.804968e-02 4.566172e+00 0 1262599
1.642279e+13 -1.176315e+12 6.647964e+12 6.731322e-01 -7.347116e-01 -8.421333e-02 -8.901387e-01 0 608241
3.448969e+12 -1.756095e+13 -3.587483e+12 -3.686044e-01 -9.233479e-01 -1.075153e-01 -1.117084e+01 0 733651
-1.544468e+13 -8.477350e+12 3.602770e+12 -3.354924e-01 -7.834144e-01 -5.231699e-01 9.678720e+00 0 1838375
-5.943238e+12 -2.001003e+13 -4.135508e+12 -6.452784e-01 -7.326850e-01 -2.163064e-01 2.230965e+00 0 459505
-9.744096e+12 1.559181e+13 1.177520e+13 1.270719e-01 6.301537e-01 7.660020e-01 3.768421e+00 0 141129
-5.443442e+11 -6.900350e+12 -1.647610e+13 7.124532e-01 1.259510e-01 -6.903237e-01 7.798682e+00 0 97779
9.985409e+12 -5.623324e+12 1.663882e+13 4.549377e-01 -3.707545e-01 8.096745e-01 1.298927e+01 0 590426
-3.185084e+11 5.022713e+12 -1.658241e+13 -7.402617e-01 9.327661e-02 -6.658169e-01 -1.831910e+00 0 157964
-1.784799e+13 -2.218018e+12 -5.926724e+12 -5.717182e-01 -5.859718e-01 -5.742607e-01 9.384849e+00 0 201761
4.613784e+12 -1.682635e+13 -3.072513e+12 3.975673e-01 -6.999936e-01 -5.932531e-01 8.744860e+00 0 653001
1.130924e+13 -5.069788e+12 1.229773e+13 3.451015e-01 -9.316153e-01 -1.140078e-01 -8.128206e+00 0 32528
8.760505e+11 1.767441e+13 -1.299976e+12 2.890842e-01 9.212575e-01 -2.602208e-01 2.066986e+00 0 1480791
-1.695771e+13 2.474960e+11 2.705192e+12 -5.177961e-01 2.161584e-01 8.277456e-01 -5.262989e+00 0 467884
2.555730e+13 9.708247e+12 -1.813501e+10 9.059880e-01 3.891174e-01 1.666534e-01 1.065831e+01 0 249740
-1.509550e+13 -3.714837e+11 8.945994e+12 -8.810030e-01 -4.004141e-01 -2.519964e-01 1.125021e+01 0 3
-7.845594e+12 2.826773e+11 1.527901e+13 -2.995992e-02 -9.416897e-01 3.351462e-01 1.105184e+01 0 544968
-5.228459e+12 -1.225349e+13 -1.619059e+13 1.577002e-01 -5.071437e-01 -8.473110e-01 -7.530230e+00 0 1131908
-1.166343e+13 7.156730e+11 -1.563897e+13 -2.602215e-01 -6.682665e-01 -6.969252e-01 -5.196130e+00 0 229225
7.187869e+12 1.735375e+13 2.282512e+12 3.699797e-01 9.092503e-01 1.907327e-01 7.404705e+00 0 560386
3.727946e+12 1.970414e+13 1.232115e+13 -9.675979e-02 5.417494e-01 8.349522e-01 9.818142e+00 0 545541
1.518941e+13 7.268765e+12 -2.780396e+12 8.606996e-01 -5.734390e-04 -5.091129e-01 3.018313e+00 0 643328
9.740199e+12 -1.076739e+13 8.914862e+12 5.164245e-01 2.535059e-01 8.179489e-01 8.909198e+00 0 226807
-3.803671e+12 1.268535e+13 1.177977e+13 -6.388286e-01 5.827847e-01 5.022550e-01 -3.769686e+00 0 163597
-1.180270e+13 1.345271e+13 -1.476510e+12 -8.823359e-01 3.162382e-01 -3.485352e-01 -5.523695e+00 0 138263
2.905010e+12 6.907625e+12 -1.530784e+13 -7.797545e-02 7.559478e-01 -6.499714e-01 -2.464030e+00 0 399330
-6.273034e+12 -1.720976e+12 1.643859e+13 -3.934504e-01 -8.074387e-01 4.395901e-01 -4.820963e+00 0 231901
-9.746369e+11 -1.287724e+13 1.112567e+13 -7.943307e-01 -1.506406e-01 5.885119e-01 -3.164576e-01 0 1652968
-1.137224e+12 1.753866e+13 -2.633454e+12 -1.800344e-01 3.224246e-01 -9.293169e-01 -5.169029e+00 0 208399
1.349718e+13 3.174036e+12 1.034895e+13 6.013761e-01 4.944234e-01 6.276084e-01 -3.542434e+00 0 571005
-1.132164e+13 -7.266640e+12 1.417286e+13 -3.571945e-01 -7.988148e-01 4.840527e-01 -4.641359e-01 0 1365200
5.502179e+12 -1.206142e+13 -1.260883e+13 2.605502e-01 -9.169228e-01 -3.022685e-01 -9.321099e+00 0 998350
-1.571965e+13 1.316286e+12 -1.579246e+13 -8.371922e-01 2.684434e-01 -4.764948e-01 5.726163e+00 0 219265
-1.503278e+13 7.498108e+12 2.862269e+12 -7.507334e-01 -4.740863e-01 -4.600452e-01 1.143922e+00 0 863837
3.078110e+12 8.661486e+12 1.514876e+13 5.244466e-01 7.178772e-01 4.578298e-01 2.850762e+00 0 922081
1.363870e+13 1.649318e+12 1.117074e+13 5.859669e-01 -6.540459e-01 4.784002e-01 -1.129268e+01 0 647731
9.181545e+12 9.593888e+12 1.346917e+13 5.342451e-01 4.338347e-01 7.255134e-01 -6.159272e+00 0 143575
-1.380863e+12 -1.369664e+13 9.947858e+12 -7.352637e-01 -5.076708e-01 4.490630e-01 -6.281510e+00 0 175273
1.671727e+13 5.316567e+12 -3.251039e+11 9.820136e-02 9.735491e-01 2.062974e-01 1.432330e+01 0 63640
-1.613822e+13 -2.582663e+12 -4.783264e+12 -8.687672e-01 3.666715e-01 3.328597e-01 -1.025109e+01 0 165826
-1.923138e+13 -1.030647e+13 -2.335729e+13 -4.480360e-01 -5.591251e-01 -6.975980e-01 -5.641273e+00 0 200765
-3.866998e+12 3.100450e+12 1.706155e+13 -7.987147e-01 3.207512e-02 6.008544e-01 -1.617783e+00 0 953078
-3.007357e+12 1.415710e+13 1.016333e+13 -2.583910e-01 2.930858e-01 9.205079e-01 5.444074e+00 0 251527
1.050745e+13 -1.259745e+13 4.327759e+12 7.743537e-01 7.413084e-02 -6.283955e-01 1.128650e+01 0 1
-6.766771e+12 1.701018e+13 -4.715045e+11 -2.529465e-01 9.269216e-01 2.771903e-01 -5.373564e+00 0 880817
-7.173595e+12 -9.327575e+12 -1.476158e+13 -1.816955e-01 -4.511149e-01 -8.737746e-01 4.087910e+00 0 263821
-3.666895e+12 1.499366e+13 -8.484022e+12 -3.084526e-01 9.410613e-01 -1.387827e-01 -4.994952e+00 0 3725573
-7.431099e+12 1.299652e+13 -9.539252e+12 2.310207e-01 1.491723e-01 -9.614453e-01 -7.494904e+00 0 64416
-1.536466e+13 -4.908383e+12 -5.338399e+12 -5.234091e-01 -4.983275e-02 -8.506230e-01 -6.564874e+00 0 1
-1.461075e+13 3.931844e+12 -7.893410e+12 -9.684182e-01 2.363815e-01 7.930927e-02 -3.069705e+00 0 861938
-3.968573e+11 -1.653928e+13 5.274486e+12 -3.377915e-01 -8.702905e-01 3.584569e-01 3.848212e+00 0 405345
-1.794276e+13 7.675898e+12 -3.256882e+12 -9.951465e-01 5.376208e-02 8.242059e-02 9.865106e+00 0 38592
5.800668e+12 1.772272e+13 -2.213558e+12 2.797289e-01 4.115450e-01 -8.673999e-01 -8.423407e+00 0 316295
4.219399e+12 -1.466234e+13 -1.259503e+13 -3.508686e-02 -8.802589e-01 -4.731946e-01 7.796814e+00 0 158790
1.508090e+13 8.263238e+12 -7.785737e+12 2.713749e-01 4.250928e-01 -8.635113e-01 -3.398744e+00 0 437730
-1.310858e+13 -1.251835e+13 -1.162415e+13 -3.971215e-01 -8.101074e-01 -4.313010e-01 -6.110626e+00 0 271370
-8.941065e+12 -1.012675e+13 1.203917e+13 -5.173181e-01 -7.590167e-01 3.953171e-01 6.021126e+00 0 67635
-9.169987e+11 -1.018846e+13 1.550042e+13 5.818922e-03 8.401189e-02 9.964478e-01 5.257288e+00 0 194536
2.378310e+12 1.382582e+13 -9.851442e+12 3.956417e-02 6.116459e-01 -7.901417e-01 -3.256535e+00 0 3
-1.110949e+13 -1.109250e+13 6.909519e+12 -8.109767e-01 -5.132305e-01 2.809114e-01 6.082035e-01 0 680846
1.642319e+13 -5.403036e+11 -1.013750e+13 6.494694e-01 -7.007657e-01 -2.951558e-01 -1.084830e+01 0 120813
-3.006185e+12 -6.880162e+12 1.525609e+13 8.038176e-01 -3.128459e-01 5.059691e-01 8.588848e-01 0 1399468
1.326428e+12 -3.202365e+12 -1.829423e+13 -4.100341e-01 -4.863830e-01 -7.715592e-01 -6.058649e+00 0 675544
-4.255513e+13 1.133938e+13 2.127830e+13 -8.047581e-01 2.691879e-01 5.290579e-01 8.763933e+00 0 490755
2.412565e+12 -2.556008e+11 -1.684007e+13 5.862696e-01 4.893267e-01 -6.456372e-01 -6.539827e+00 0 287614
-6.638227e+12 1.590550e+13 3.675590e+12 -3.644527e-01 8.275081e-01 4.270884e-01 4.622771e+00 0 280817
6.658782e+12 -4.731502e+12 1.620443e+13 9.583525e-01 -9.762877e-02 2.683826e-01 7.227233e+00 0 1366381
9.937811e+12 1.550568e+12 1.512382e+13 9.897317e-01 -6.549206e-02 1.270513e-01 2.984537e+00 0 231531
-8.117204e+12 1.614977e+13 -3.131212e+12 -3.578256e-01 4.180117e-01 -8.350012e-01 9.297272e+00 0 408789
-1.848275e+13 -4.665346e+12 -1.090911e+13 -8.798716e-01 -2.831275e-01 -3.816606e-01 7.252233e+00 0 224548
1.157378e+12 -1.377532e+13 1.210826e+13 -5.619220e-01 -3.967368e-01 7.258399e-01 -1.124786e+01 0 19530
1.306529e+12 6.328533e+12 1.612628e+13 -2.876629e-01 -4.136412e-02 9.568381e-01 -2.751345e+00 0 1111025
2.710563e+13 4.003683e+12 5.855618e+12 9.924335e-01 4.944581e-02 1.123871e-01 -9.764135e+00 0 1252033
1.233566e+13 -1.155067e+13 -3.993816e+12 7.142353e-01 -6.046125e-01 3.525786e-01 -4.537965e+00 0 731246
-1.008913e+13 -1.691472e+13 -3.018769e+11 -9.118223e-01 -3.707824e-01 -1.763534e-01 5.266133e+00 0 1285605
1.596535e+13 -4.135156e+12 6.666306e+12 7.945404e-02 -5.918379e-01 8.021315e-01 -1.018015e+01 0 3407297
1.700663e+13 -3.973206e+12 9.152304e+12 7.185513e-01 -4.652239e-01 5.169630e-01 -8.829226e+00 0 4
1.828176e+13 -1.832339e+13 -1.855021e+12 7.311264e-01 -5.350519e-01 4.232892e-01 -5.607808e+00 0 500019
-8.715593e+12 1.476903e+13 2.309833e+13 -3.270295e-01 6.462652e-01 6.894875e-01 6.993818e+00 0 150538
1.845643e+12 -3.523733e+12 -1.807258e+13 -8.465644e-01 -9.456779e-02 -5.238184e-01 -9.583533e+00 0 205950
1.261526e+13 -4.329977e+12 -1.571353e+13 4.597189e-02 1.947865e-01 -9.797677e-01 8.077130e+00 0 1770641
3.470327e+12 1.054705e+13 2.026702e+13 1.489904e-01 1.614114e-01 9.755758e-01 -7.412688e+00 0 78141
-1.591286e+13 1.359403e+12 -7.495806e+12 -9.732656e-01 -6.366083e-02 -2.206837e-01 4.492381e+00 0 75151
-3.350335e+12 3.693666e+12 1.621953e+13 -1.562925e-02 -4.196602e-01 9.075467e-01 -3.875521e+00 0 816813
1.169882e+13 6.419779e+12 1.067013e+13 6.835211e-01 7.288436e-01 -3.982309e-02 6.336903e+00 0 2283299
-1.117013e+13 -1.595596e+12 -1.337307e+13 -1.383535e-01 -3.797577e-01 -9.146816e-01 -4.778573e+00 0 507658
2.464969e+12 1.548455e+13 8.693040e+12 8.173308e-01 4.576198e-01 3.500779e-01 -1.687203e+00 0 1387526
1.766196e+13 -2.089307e+12 -5.112810e+12 8.589010e-01 -3.578486e-02 -5.108899e-01 9.818399e+00 0 1053421
-9.760700e+12 -1.428007e+13 -1.617676e+11 -1.587697e-01 -9.323190e-01 -3.249206e-01 6.000990e+00 0 977248
1.257609e+13 -3.282792e+11 1.145764e+13 9.398154e-01 -1.882120e-01 -2.851723e-01 -3.463264e+00 0 258000
1.389898e+13 4.728306e+12 -1.080768e+13 9.121988e-01 -2.076430e-01 -3.532389e-01 1.028761e+00 0 688
-6.380663e+12 1.305183e+13 -9.266285e+12 -4.515289e-01 7.743427e-01 4.433001e-01 -4.442860e+00 0 621278
-6.020675e+12 -1.579287e+13 6.440022e+12 -7.268371e-01 -5.935909e-01 3.454818e-01 -4.045566e+00 0 15018
-8.878313e+12 7.807518e+12 -1.235738e+13 -1.142835e-02 -1.760433e-01 -9.843161e-01 6.936491e+00 0 3
-1.521722e+13 -6.845177e+12 8.526407e+12 -5.070195e-01 -1.638879e-01 8.462104e-01 5.618849e+00 0 1
1.772685e+13 -4.234930e+12 1.936393e+12 8.387973e-01 2.195569e-01 4.982107e-01 -2.213988e+00 0 250890
4.295902e+12 1.575939e+13 -1.017043e+13 2.388405e-01 9.479710e-01 -2.104902e-01 -4.603249e+00 0 222481
-3.730435e+12 8.997162e+12 -1.862226e+13 2.266343e-01 5.044203e-01 -8.331849e-01 -1.008852e+01 0 1198196
-4.080614e+12 1.906438e+11 -1.669323e+13 4.188319e-01 -4.963332e-01 -7.604164e-01 -5.143694e+00 0 297799
1.864582e+13 6.629620e+12 -9.597000e+12 7.141829e-01 6.942709e-01 -8.905475e-02 -2.907533e+00 0 122012
1.635364e+13 3.253289e+12 -3.365515e+12 5.541431e-01 2.044406e-03 -8.324189e-01 6.780025e+00 0 539112
-2.150323e+13 -1.222797e+13 -8.594390e+12 -5.192739e-01 -7.511899e-01 -4.075148e-01 -4.332118e+00 0 566800
-1.273643e+12 -1.588805e+13 -8.144105e+12 -5.711721e-01 -6.095420e-01 -5.497462e-01 6.010082e+00 0 440638
-1.242594e+13 4.741265e+12 -1.589722e+13 -5.898646e-01 2.962275e-01 -7.512050e-01 -6.226222e+00 0 1553814
-1.695722e+13 -5.712903e+12 1.723232e+12 -8.332003e-01 1.450697e-01 5.336029e-01 4.855719e+00 0 382706
2.554666e+13 5.530993e+12 5.628760e+12 9.407925e-01 3.346857e-01 -5.380417e-02 8.325759e+00 0 7
-3.817940e+11 1.666456e+13 -3.175879e+12 6.093172e-01 6.019566e-01 -5.161208e-01 3.680243e+00 0 2541814
3.195714e+12 1.757385e+13 7.243351e+12 -2.094811e-01 9.335111e-01 -2.909892e-01 9.326801e+00 0 3
-1.163658e+13 2.372888e+12 1.280377e+13 -7.275650e-01 5.054453e-01 4.638688e-01 -6.518692e+00 0 2690078
-8.287428e+12 -2.850480e+13 -3.355897e+13 -2.431031e-01 -5.802720e-01 -7.772936e-01 -1.123111e+01 0 129929
-2.761224e+12 8.756480e+11 1.721479e+13 -8.433307e-01 2.736866e-01 4.624814e-01 2.625355e+00 0 498286
-4.026190e+12 1.789881e+13 -2.059065e+13 -3.269863e-01 2.678861e-01 -9.062654e-01 1.144626e+01 0 316912
-1.448452e+13 9.854559e+12 3.448054e+12 -1.628269e-01 6.629408e-01 7.307509e-01 -1.122830e+01 0 76840
-9.509782e+12 -4.258052e+12 1.448415e+13 -3.764237e-01 6.486554e-01 6.614767e-01 -9.736807e+00 0 693558
-7.773701e+12 -2.624812e+11 -2.095511e+13 -5.723380e-01 -2.561213e-01 -7.789936e-01 1.010639e+01 0 855704
1.466685e+12 -1.628820e+13 -5.435932e+12 8.946123e-01 -4.065878e-01 1.853517e-01 1.228213e+01 0 513099
-1.376022e+13 -3.501437e+12 9.518475e+12 -6.225644e-01 1.039151e-01 7.756386e-01 1.107242e+00 0 51605
-1.824323e+13 -5.347640e+12 7.021614e+10 -8.908478e-01 4.102769e-01 1.950976e-01 -1.016029e+00 0 482177
-7.542230e+11 1.346446e+13 -1.038293e+13 1.445359e-01 4.122549e-01 -8.995306e-01 -5.316834e+00 0 122684
1.647361e+12 4.506728e+12 -1.633879e+13 -5.369814e-01 8.415866e-01 -5.816350e-02 -2.131826e+00 0 508684
-1.560955e+13 -3.816195e+12 -1.052235e+13 -3.089299e-01 -4.000876e-01 -8.628396e-01 -5.556421e+00 0 289246
-7.810604e+12 -1.379649e+13 1.008753e+13 -4.623930e-02 -8.285203e-01 5.580466e-01 7.651821e+00 0 25407
1.215847e+13 2.259714e+12 1.698787e+13 8.866092e-01 -9.025709e-02 4.536273e-01 -8.966212e+00 0 481069
-9.133655e+12 -1.109396e+12 1.559421e+13 -8.909916e-01 1.798488e-01 4.168793e-01 -8.144965e+00 0 479329
3.833855e+12 -1.197306e+13 -1.142096e+13 4.079023e-01 -9.125108e-01 3.065532e-02 3.853633e+00 0 90109
2.480641e+13 1.239482e+12 5.364145e+11 8.991229e-01 4.312385e-01 -7.490884e-02 -3.598992e+00 0 1045194
8.697728e+12 1.255534e+13 8.919094e+12 6.679752e-01 -9.780421e-02 7.377286e-01 -9.029357e+00 0 540608
8.620175e+12 -5.940804e+12 -1.501723e+13 6.171950e-01 1.132643e-01 -7.786152e-01 -3.905505e+00 0 209220
1.256689e+13 4.033743e+12 -1.194294e+13 1.443851e-01 -2.126165e-01 -9.664094e-01 -5.545174e+00 0 384737
-1.098094e+13 1.590571e+13 5.417782e+12 -6.669813e-01 6.851211e-01 2.928224e-01 -4.718631e+00 0 159564
1.719784e+13 3.166182e+12 -3.719868e+12 4.003772e-01 8.288273e-01 -3.908240e-01 1.086486e+01 0 867344
-9.144262e+12 1.136500e+13 -1.031801e+13 -7.623055e-01 1.205946e-01 -6.358831e-01 1.032895e+01 0 431229
-8.645870e+12 7.483340e+12 -1.543425e+13 -4.033997e-01 4.963428e-01 -7.687083e-01 7.092681e+00 0 558788
3.423214e+12 -2.064447e+13 6.968740e+12 7.379415e-01 -5.907660e-01 3.262482e-01 1.227902e+01 0 1
-2.094433e+13 1.269391e+13 -2.314575e+13 -7.613154e-01 1.798467e-01 -6.229398e-01 -6.183912e+00 0 1996162
-6.766876e+11 3.214558e+12 1.932730e+13 8.814543e-02 -3.030359e-01 9.488939e-01 -6.269385e+00 0 7119
-5.448476e+12 1.136257e+13 1.475802e+13 1.903781e-01 9.128392e-01 3.612213e-01 -1.596948e+00 0 241971
-1.686925e+13 4.899504e+12 -3.342785e+12 -4.822988e-01 3.801433e-01 7.892268e-01 -7.904716e+00 0 1406462
-1.212565e+13 6.991709e+12 1.371864e+13 -5.268417e-01 -9.316713e-02 8.448418e-01 -2.280973e+00 0 3467715
4.893154e+12 -2.109354e+13 -5.315724e+12 -2.446777e-02 -9.835709e-01 -1.788565e-01 -7.800199e+00 0 203857
2.580727e+10 5.220031e+12 -1.669763e+13 8.911960e-02 -2.338549e-01 -9.681785e-01 -5.855310e+00 0 248475
4.382116e+11 1.654862e+13 1.516777e+13 -3.223064e-01 9.281416e-01 1.862034e-01 -7.787263e+00 0 272773
-2.594480e+11 -1.702764e+13 -1.805602e+12 2.223431e-01 -8.331069e-01 -5.064547e-01 7.214377e+00 0 3
-4.134535e+12 -1.474378e+13 8.660678e+12 -1.215733e-01 -3.719519e-01 9.202563e-01 -5.351518e+00 0 1067223
7.210588e+12 1.577655e+13 9.442993e+12 -6.897148e-02 6.321138e-01 7.717999e-01 7.864012e+00 0 464868
-7.634082e+12 6.809822e+12 -1.544003e+13 -3.908265e-01 5.308398e-01 -7.519733e-01 -6.912950e+00 0 1212904
-5.153255e+12 -4.809975e+12 1.547001e+13 3.904232e-02 -2.517952e-01 9.669927e-01 2.642817e+00 0 1309175
1.330958e+13 1.401716e+13 3.974417e+12 4.731845e-01 8.761103e-01 9.234260e-02 -3.545335e+00 0 619843
2.975982e+12 1.320595e+13 -1.084736e+13 -4.939973e-01 6.146416e-01 -6.149654e-01 9.222182e+00 0 426442
6.660141e+11 -1.631648e+13 1.123150e+13 7.041746e-01 -5.550422e-01 4.427938e-01 -5.001662e+00 0 1895160
-7.176639e+12 1.318795e+13 1.135487e+13 -5.094985e-01 5.170026e-01 6.878369e-01 -3.137039e+00 0 339733
1.588939e+13 9.455290e+12 -6.700393e+11 7.865417e-01 -3.479355e-01 -5.101892e-01 6.723223e-01 0 57556
1.973767e+12 -1.868079e+13 1.114921e+13 5.771107e-02 -7.171553e-01 6.945198e-01 1.349525e+01 0 829731
8.496729e+12 1.491084e+13 -1.491277e+12 6.406381e-01 3.972952e-01 -6.570687e-01 -1.201934e+01 0 232301
-1.540168e+13 -6.425911e+12 -9.687985e+12 -6.630401e-01 -7.466156e-01 -5.424876e-02 -2.900435e+00 0 329206
-1.341177e+13 7.834899e+12 -7.219388e+12 -7.131425e-01 -6.061586e-01 -3.521357e-01 1.336231e+01 0 246491
-1.918235e+13 -2.015163e+12 4.781524e+12 -8.150246e-01 1.039425e-03 5.794254e-01 -7.734821e+00 0 1589776
1.501914e+13 -9.292610e+12 4.004859e+12 5.134003e-01 -8.158089e-01 -2.662254e-01 2.298553e+00 0 2
3.669457e+11 1.921784e+13 3.407941e+11 -3.738713e-01 6.773198e-01 -6.336072e-01 -2.862413e+00 0 3
-7.907586e+12 -1.199507e+13 -9.186553e+12 -7.935183e-02 -7.874410e-01 6.112610e-01 -2.139113e+00 0 985431
-1.043218e+13 1.360941e+13 1.853959e+12 -5.846022e-01 4.346244e-01 6.850853e-01 -7.610194e+00 0 854146
-1.220748e+13 -6.596899e+12 1.062986e+13 -3.182518e-01 -7.006323e-01 6.386158e-01 8.988543e+00 0 190885
1.094297e+13 1.366854e+13 -1.192199e+12 -2.812951e-01 9.562228e-01 8.069128e-02 9.712133e+00 0 12
-1.671717e+13 2.579470e+12 -1.666677e+12 -5.910207e-01 1.020251e-01 8.001784e-01 -9.314645e-01 0 351924
5.748695e+12 -1.291849e+13 -1.142622e+13 8.550654e-01 -5.153764e-01 5.701202e-02 1.067504e+01 0 276653
5.515986e+12 -2.593393e+12 -1.644616e+13 7.104632e-01 3.947404e-02 -7.026263e-01 -5.462979e+00 0 970399
1.119806e+13 -1.414493e+13 -3.388714e+12 9.725380e-01 2.232382e-01 6.583793e-02 1.486232e+01 0 2
-1.383883e+13 9.686716e+12 2.092739e+12 -6.861956e-01 7.175662e-01 -1.193082e-01 -5.246239e+00 0 1
-1.046278e+13 -1.847771e+13 -1.793886e+12 -6.405164e-01 -6.224243e-01 -4.498073e-01 -1.307376e+01 0 230161
5.329204e+12 3.116814e+12 1.589640e+13 5.012342e-01 8.352528e-01 2.260908e-01 5.838514e+00 0 694118
-8.560159e+12 1.061918e+12 1.589379e+13 -4.112636e-01 -8.284042e-03 9.114788e-01 -4.675738e+00 0 1367644
-1.646190e+11 -1.279771e+13 1.214722e+13 -3.607945e-01 -8.670815e-01 3.435069e-01 -5.842957e+00 0 344236
-1.640530e+13 2.942292e+12 -3.220059e+12 -8.692914e-01 4.905757e-01 -6.056351e-02 -6.759901e-01 0 652811
-6.633477e+12 -1.585727e+13 -4.537436e+12 -7.655410e-01 -5.960712e-01 -2.421695e-01 -8.123039e+00 0 1
-6.267199e+12 1.169548e+13 -1.203913e+13 -1.563454e-01 9.399857e-01 -3.032870e-01 -4.144986e+00 0 1
-1.517364e+13 -7.831262e+12 -1.102104e+12 -9.540379e-01 1.926355e-01 -2.295718e-01 -3.762799e+00 0 274053
-5.987483e+12 1.061067e+13 -1.334782e+13 -3.943843e-01 2.435219e-01 -8.860915e-01 -3.444497e+00 0 43697
9.811082e+12 8.447188e+12 1.118697e+13 3.521344e-01 6.736858e-01 6.497298e-01 6.314894e+00 0 215449
-1.286393e+13 -1.495185e+13 -5.010334e+12 -6.087673e-01 -7.718796e-01 1.833148e-01 -6.912291e+00 0 113622
-1.508003e+13 -9.263944e+12 -8.667796e+11 -9.714390e-01 -4.713211e-02 -2.325615e-01 -1.136556e+01 0 163319
1.285678e+13 2.837497e+12 -1.092554e+13 -1.550261e-01 5.294003e-01 -8.340877e-01 -2.188650e+00 0 115743
1.425328e+13 -7.910694e+12 7.217781e+12 8.206493e-01 -1.865446e-01 -5.401257e-01 -3.082356e+00 0 4
1.126591e+13 -1.532949e+13 1.387070e+13 -8.527386e-02 -9.386288e-01 3.342219e-01 1.742386e+00 0 10
-9.519446e+12 -1.184156e+13 -7.917639e+12 5.496077e-01 -2.343317e-01 -8.018853e-01 1.265763e+01 0 167986
-2.586221e+12 -1.492971e+13 -9.230412e+12 -1.475821e-01 -9.823489e-01 1.149354e-01 -6.602256e+00 0 701127
-1.832104e+13 1.616334e+12 4.426984e+12 -8.033369e-01 -5.952280e-01 -1.880102e-02 9.564988e+00 0 367812
7.494324e+12 7.926560e+12 -1.308824e+13 3.068657e-02 9.169724e-01 -3.977688e-01 -2.538549e-01 0 400609
-1.091514e+13 1.058372e+12 1.325884e+13 3.422709e-01 -1.395366e-01 9.291825e-01 -5.527889e+00 0 820989
-1.524366e+13 -4.306909e+12 6.777185e+12 -3.490028e-01 -9.339868e-01 7.658754e-02 1.020224e+01 0 410007
-1.632597e+13 5.189188e+12 -2.058292e+11 -1.096653e-01 9.812518e-01 1.584878e-01 -2.148466e+00 0 4
-1.737812e+13 2.845253e+12 -6.843976e+12 -7.967874e-01 -5.959874e-01 -9.964353e-02 1.376580e+01 0 2578342
-1.281422e+13 3.529995e+12 1.078500e+13 -9.770906e-01 1.975600e-01 7.914608e-02 -5.735640e+00 0 1068097
1.001966e+13 6.628377e+12 -1.224685e+13 -1.876682e-01 5.819475e-01 -7.912760e-01 1.494891e+01 0 400502
-5.203767e+12 2.391802e+12 -1.659246e+13 2.314456e-01 -3.051873e-01 -9.237389e-01 5.808235e+00 0 585106
1.905037e+12 -9.162436e+12 1.985534e+13 -3.573443e-01 -4.450743e-01 8.211053e-01 -1.040327e+01 0 168415
2.804601e+12 2.178911e+13 -4.275919e+12 -2.408139e-01 8.361574e-01 -4.927975e-01 1.151124e+01 0 3
-2.043569e+12 1.488557e+12 2.595644e+13 4.413687e-01 -2.694298e-02 8.969213e-01 6.122252e+00 0 277091
9.603978e+12 1.498400e+13 5.890807e+12 4.591890e-01 8.664092e-01 -1.961648e-01 -4.386636e+00 0 353073
9.246865e+12 -1.430871e+13 4.982108e+11 4.075885e-01 -8.969450e-01 1.713513e-01 4.437729e+00 0 94956
9.150152e+12 2.417136e+12 -1.422854e+13 4.800539e-01 1.513365e-02 -8.771084e-01 1.348157e+00 0 1394052
1.067908e+13 -1.173436e+13 -7.475205e+12 -1.332201e-01 -9.898477e-01 -4.953804e-02 -1.228131e+01 0 696504
-1.885233e+12 1.074098e+13 1.518279e+13 -6.985728e-01 3.985214e-01 5.942867e-01 3.459673e-01 0 339380
3.894410e+12 2.004163e+13 -1.251607e+12 -9.948675e-02 9.839695e-01 1.480078e-01 1.066211e+01 0 2501408
-2.115930e+12 2.908478e+12 -2.464160e+13 2.201389e-01 -3.504049e-01 -9.103600e-01 -7.794405e+00 0 17128
8.742330e+12 -1.438735e+13 -4.846769e+12 2.446637e-01 -1.208042e-01 -9.620530e-01 7.453076e+00 0 3
1.353997e+13 -1.497596e+12 1.326678e+13 8.181849e-01 -3.981368e-01 4.148019e-01 -8.270213e+00 0 436757
3.358112e+12 -1.734723e+13 8.423029e+12 5.741858e-01 -7.985380e-01 -1.806868e-01 -3.121102e+00 0 1200057
-5.626669e+12 6.254112e+12 -1.733407e+13 -3.194676e-01 2.075939e-01 -9.245784e-01 -3.904228e+00 0 97719
1.459291e+12 -1.193533e+13 1.337827e+13 -2.972960e-01 -1.589045e-02 9.546531e-01 1.591724e+00 0 4992
-1.104637e+12 2.195046e+12 -1.740308e+13 -1.547985e-01 5.959600e-01 -7.879525e-01 4.132379e+00 0 1249447
-1.899290e+13 4.192810e+12 -2.002314e+12 -9.880398e-01 1.259212e-01 8.900122e-02 -3.668409e+00 0 303740
1.396021e+13 2.201793e+12 1.235980e+13 8.591063e-01 -4.628097e-01 2.185029e-01 -1.081262e-01 0 1026192
1.146889e+13 1.271982e+13 -1.254599e+12 -9.861952e-02 9.668580e-01 2.354988e-01 1.048698e+01 0 388959
1.497135e+13 3.732626e+12 -7.098023e+12 7.390964e-01 -5.013109e-01 -4.499154e-01 2.143159e+00 0 895598
-9.636711e+12 1.180121e+13 -7.921540e+12 -2.136045e-01 9.529614e-01 2.150293e-01 2.326252e+00 0 44152
5.434865e+11 -1.309792e+13 -1.529006e+13 4.990631e-02 -5.255918e-01 -8.492718e-01 5.431388e+00 0 896800
3.780397e+12 -1.552298e+13 -8.428205e+12 6.762638e-01 -6.521990e-01 -3.424964e-01 -2.252341e+00 0 16
-1.144424e+13 -1.254483e+13 -1.680397e+12 3.590093e-01 -9.241116e-01 1.308817e-01 2.964143e+00 0 10617
1.001533e+12 -2.119872e+11 -1.758989e+13 -1.820261e-02 -9.032770e-01 -4.286716e-01 4.735214e+00 0 149626
2.302424e+12 1.886816e+13 -3.917494e+12 -2.858687e-01 8.759670e-01 -3.885368e-01 1.126288e+01 0 1675443
-2.210104e+12 7.375033e+12 -1.519210e+13 5.593741e-01 4.514252e-01 -6.952092e-01 -3.813971e-01 0 32262
1.678780e+13 2.655193e+12 5.208610e+12 6.938729e-01 7.000192e-01 -1.688593e-01 -1.072194e+00 0 84696
-1.548436e+13 -7.936009e+12 -1.987964e+12 -9.348684e-01 -3.527881e-01 -3.951717e-02 3.228888e+00 0 230484
1.397529e+13 2.961413e+12 1.086948e+13 8.439322e-01 5.360645e-01 2.032986e-02 -3.947823e+00 0 13385
5.062572e+12 -1.183718e+13 -1.208195e+13 -7.493650e-02 -5.203829e-01 -8.506387e-01 2.916466e+00 0 231430
1.035604e+12 1.698160e+13 4.312613e+12 -6.010812e-01 7.879378e-01 1.336241e-01 1.122791e+01 0 4729319
-1.195992e+13 -1.020294e+13 -7.530982e+12 -8.877458e-01 -1.812203e-01 -4.231627e-01 1.555515e+00 0 625907
1.443130e+13 -8.806930e+12 -6.126558e+12 5.818621e-01 -8.084688e-01 8.840080e-02 3.369395e+00 0 393536
9.155873e+12 -1.429513e+13 1.279601e+12 5.102268e-01 -5.187995e-01 6.859415e-01 7.632342e+00 0 1734115
7.184335e+12 5.490339e+11 1.537209e+13 7.716754e-01 6.223957e-01 -1.309225e-01 5.819312e+00 0 262629
1.666398e+13 2.316050e+12 2.775662e+12 7.917371e-01 4.515942e-01 -4.113576e-01 9.609816e+00 0 176425
1.872986e+13 3.589572e+12 -6.668143e+11 9.574813e-01 2.861286e-01 3.687902e-02 6.394992e+00 0 251873
-6.773387e+12 1.220881e+13 -1.485514e+13 -1.889531e-02 6.856752e-01 -7.276623e-01 7.178318e+00 0 136324
-4.328566e+12 1.593991e+13 1.066195e+13 -6.754744e-01 6.034883e-01 4.237171e-01 -1.855265e+00 0 16101
-1.563357e+13 8.631785e+12 -2.446074e+12 -3.331104e-01 5.597463e-01 -7.587632e-01 4.483185e+00 0 393199
-1.041067e+12 6.105170e+12 -2.617880e+13 -5.226339e-02 9.519104e-02 -9.940861e-01 -1.153892e+01 0 216637
-1.883747e+12 9.019758e+12 -1.428104e+13 -8.821913e-01 3.164606e-01 -3.486993e-01 1.082422e+00 0 210842
1.462134e+12 1.678957e+13 4.440625e+12 5.958315e-01 1.933519e-01 7.794869e-01 -9.552365e+00 0 355934
-4.924384e+11 -1.589022e+13 -1.121846e+13 7.485738e-01 -3.685049e-01 -5.512181e-01 1.083208e-01 0 154384
1.044064e+13 -1.407328e+13 9.683018e+11 6.892684e-03 -7.353646e-01 6.776366e-01 4.695088e+00 0 346544
-2.707322e+12 1.732081e+13 -4.144604e+12 -6.293302e-01 7.467684e-01 -2.151290e-01 7.234217e+00 0 24354
9.046250e+12 -1.136567e+13 1.126701e+13 7.629218e-01 -5.932092e-02 6.437634e-01 1.212798e+01 0 839505
-3.544136e+12 1.615116e+13 -6.491332e+12 -6.558592e-01 5.441341e-01 -5.232273e-01 1.044832e+01 0 2
1.590781e+13 5.258542e+12 -2.663147e+12 7.685003e-01 -5.704215e-01 2.898733e-01 -8.167159e+00 0 235041
1.327882e+13 -3.409841e+12 1.037105e+13 9.490643e-01 2.756599e-01 1.526058e-01 7.721339e+00 0 782146
-1.437667e+13 2.617174e+12 1.054377e+13 -9.243185e-01 1.290958e-01 3.591235e-01 7.285324e+00 0 2996658
-1.457469e+13 9.039593e+12 8.834244e+11 -7.981260e-01 6.021773e-01 -1.942693e-02 3.342922e+00 0 237503
-1.735116e+13 -1.695035e+12 -2.430259e+12 -9.059566e-01 -3.197544e-01 2.774883e-01 6.445447e+00 0 3
1.530523e+13 2.360390e+12 -8.797418e+12 8.270902e-01 -5.299587e-01 -1.872580e-01 -1.176586e+01 0 350180
-1.433334e+13 1.188844e+13 1.277889e+13 -4.601498e-01 3.683804e-01 8.078106e-01 -7.334469e+00 0 268824
-5.930187e+12 -3.979580e+12 1.544440e+13 -7.300215e-01 -6.742051e-01 -1.118755e-01 4.613284e+00 0 52629
1.490519e+13 -7.345369e+12 -3.746200e+12 1.459292e-02 -7.346534e-01 -6.782856e-01 -1.099468e+01 0 342202
-1.142204e+13 -2.882426e+12 -1.388218e+13 -2.052906e-01 -4.367733e-01 -8.758338e-01 -1.141824e+01 0 860242
-8.711422e+12 1.481943e+13 4.596322e+12 -2.513543e-01 7.048051e-01 6.633784e-01 1.660335e+00 0 50061
-1.699307e+13 -7.373633e+12 8.365544e+12 -9.272675e-01 -3.471821e-01 -1.401411e-01 7.898574e+00 0 809757
6.844677e+12 -4.151228e+12 1.670474e+13 5.772012e-01 -4.492484e-01 6.819198e-01 -7.986375e+00 0 193610
-5.521882e+12 -1.146715e+13 -1.128363e+13 1.554288e-01 -8.597179e-01 4.865460e-01 4.908560e+00 0 51258
1.743995e+13 1.403635e+12 -1.655277e+12 6.541163e-01 6.178300e-01 4.363690e-01 1.227153e+01 0 67984
7.135451e+12 -1.228409e+13 1.379178e+13 4.318478e-01 -4.350464e-01 7.900899e-01 9.089636e+00 0 174631
-5.300368e+12 -7.611421e+12 -1.973472e+13 9.640521e-02 -8.922153e-01 -4.412005e-01 -4.877013e+00 0 920703
1.207183e+13 1.204899e+13 -7.758522e+11 5.423839e-01 2.682132e-01 7.961667e-01 -5.972410e+00 0 265369
2.148301e+12 -1.641718e+13 -4.900699e+12 -6.766989e-01 -7.352806e-01 -3.796177e-02 7.114477e-01 0 291246
3.030962e+13 9.853226e+11 -8.839454e+12 9.447708e-01 9.782505e-02 -3.127912e-01 -8.465659e+00 0 67258
1.851537e+13 7.937447e+12 8.478365e+12 8.010133e-01 5.539567e-01 2.269576e-01 -5.726074e+00 0 99706
9.243185e+12 1.063124e+13 1.311919e+13 4.625650e-01 2.204201e-01 8.587483e-01 -5.697433e+00 0 187847
-5.636306e+12 -1.317095e+13 -1.103435e+13 5.742564e-01 -3.415869e-01 -7.440080e-01 1.192053e+01 0 167201
-7.089321e+12 5.663515e+12 -1.448199e+13 -4.634363e-01 8.790588e-01 -1.117248e-01 -7.493093e+00 0 817278
-1.096138e+13 -8.670336e+12 -1.342242e+13 -3.153798e-01 -2.312865e-01 -9.203489e-01 6.275790e+00 0 251928
-6.144619e+12 9.715783e+12 -1.671916e+13 3.431574e-01 5.701251e-01 -7.464586e-01 -7.783786e+00 0 500482
-8.291488e+12 -1.560893e+13 8.759989e+11 -2.658494e-02 -9.668104e-01 -2.541079e-01 7.114487e+00 0 102789
-6.921016e+12 1.148087e+13 1.220321e+13 -2.688612e-01 -3.605890e-01 8.931345e-01 5.793890e+00 0 2
4.685564e+12 5.928312e+12 1.590639e+13 -3.554273e-01 2.660332e-01 8.960456e-01 5.443100e+00 0 12302
-8.931038e+12 -1.460504e+13 -3.045379e+12 2.995044e-01 -9.443788e-01 1.358154e-01 1.064040e+01 0 100450
1.930786e+13 -1.008139e+13 3.582226e+12 9.572269e-01 -1.228815e-01 2.619481e-01 8.117033e+00 0 2135883
3.730209e+12 1.875190e+13 -3.390756e+12 -1.818451e-01 6.215662e-01 -7.619631e-01 7.945678e+00 0 294663
-1.922559e+12 -1.574242e+13 -7.060940e+12 -1.707312e-01 -6.981920e-01 -6.952545e-01 -6.828222e+00 0 24775
-4.282817e+12 1.476727e+13 1.463381e+13 -1.887136e-01 5.363708e-01 8.226139e-01 1.099247e+01 0 141082
-2.268260e+12 -1.024382e+13 1.337130e+13 -8.655419e-01 -4.543523e-01 2.107157e-01 -7.348771e+00 0 506126
1.578816e+13 2.486617e+12 1.587283e+13 7.867062e-01 5.940506e-01 1.679206e-01 1.140699e+01 0 1376818
4.481146e+11 1.591753e+13 6.555366e+12 4.885734e-01 5.666871e-01 6.634469e-01 2.188629e+00 0 1
1.567239e+13 -3.313319e+12 -8.439157e+12 4.080950e-01 -7.803935e-01 -4.737557e-01 -1.015374e+01 0 830790
5.568016e+12 1.463503e+13 1.032644e+13 2.006259e-01 9.455646e-01 2.562358e-01 6.183025e+00 0 904908
-1.986278e+12 1.793759e+12 -1.684236e+13 -5.099511e-01 1.845067e-01 -8.401828e-01 -2.747401e+00 0 123543
-1.022694e+13 1.246935e+13 5.970312e+12 4.367018e-02 9.901112e-01 1.333146e-01 -1.052380e+01 0 3133752
9.168940e+12 -1.677599e+13 -1.582018e+12 2.087830e-01 -9.660690e-01 -1.520541e-01 8.901169e+00 0 94023
1.436532e+13 9.987543e+12 2.653544e+12 3.335861e-01 7.337395e-01 -5.919009e-01 1.388205e+01 0 60205
1.608837e+13 5.993853e+11 -5.801178e+12 7.714754e-01 -7.683491e-02 -6.316028e-01 -1.839394e+00 0 393647
-5.457387e+12 -1.269545e+13 -1.595073e+13 1.177525e-01 -8.646856e-01 -4.883166e-01 1.077206e+01 0 952876
7.721298e+12 -1.381070e+13 -1.230567e+13 5.358591e-01 -1.326823e-01 -8.338168e-01 1.095749e+01 0 270964
1.554023e+13 -4.674860e+12 1.297864e+13 8.050299e-01 4.312725e-01 4.073460e-01 -2.847606e+00 0 238473
-2.374725e+12 1.681733e+12 1.743987e+13 -6.498703e-01 2.481879e-01 7.183810e-01 -3.511550e+00 0 59836
2.204038e+12 1.805263e+13 -5.677695e+12 -6.489344e-01 5.460987e-01 -5.297738e-01 1.190109e+01 0 1751162
9.112981e+12 2.757138e+12 -1.412041e+13 9.769785e-01 2.133019e-01 -3.922896e-03 3.425967e+00 0 233315
6.203675e+11 -1.069795e+13 1.399636e+13 3.461481e-01 2.456692e-01 9.054436e-01 -1.675323e+00 0 6
1.887111e+13 -3.422879e+12 -1.356708e+12 9.363312e-01 5.722024e-02 -3.464242e-01 -3.643566e+00 0 2
1.351306e+13 1.005121e+13 -2.700453e+12 -1.975470e-01 9.062851e-01 -3.736608e-01 1.238766e+01 0 189433
-5.750769e+12 -1.042837e+13 1.219631e+13 4.277072e-01 -6.318566e-01 6.463929e-01 5.124980e+00 0 518123
-1.284961e+13 -4.637265e+12 -1.040206e+13 -8.293750e-01 5.564988e-01 -4.945821e-02 4.086339e+00 0 8
-8.638357e+12 -4.467791e+12 1.402977e+13 4.489846e-03 1.197675e-01 9.927918e-01 4.130064e+00 0 900871
-3.838916e+12 -1.604995e+13 -7.057439e+12 2.474695e-01 -7.563238e-01 -6.055850e-01 -1.353694e+00 0 1221418
1.151297e+13 7.899147e+12 -9.633834e+12 -3.041305e-02 9.956458e-01 8.811625e-02 1.638175e+00 0 586254
2.120291e+12 1.481243e+13 -1.150365e+13 2.064811e-01 8.414690e-01 -4.992950e-01 -8.559210e+00 0 1252325
2.105548e+12 -1.704938e+13 -2.557246e+12 1.980310e-01 -9.296488e-01 3.107038e-01 -2.729796e+00 0 1164730
1.242776e+13 4.211717e+12 -1.076022e+13 5.616649e-01 8.202447e-01 -1.083109e-01 7.036721e+00 0 2
-1.746160e+12 9.096944e+12 -1.527598e+13 5.722331e-01 9.646015e-02 -8.143983e-01 2.412594e+00 0 964562
7.484668e+12 1.228454e+13 -9.040107e+12 9.409385e-01 -3.378134e-01 -2.273369e-02 -1.051637e+00 0 25443
1.266741e+13 -2.560279e+12 -1.117496e+13 3.492222e-01 -8.340633e-02 -9.333205e-01 4.283304e+00 0 1812401
-1.536510e+13 -4.603831e+12 1.121019e+13 -7.859468e-01 7.214090e-02 6.140710e-01 9.098983e-01 0 88958
-1.049226e+13 -1.860821e+12 -1.384184e+13 -4.642452e-01 4.335244e-01 -7.723554e-01 -6.718863e+00 0 1789703
2.728346e+12 -1.678853e+13 8.248878e+11 -5.215999e-01 -7.114520e-01 4.709241e-01 -1.087003e+00 0 88690
1.760529e+12 6.423622e+12 1.801495e+13 3.543197e-01 -1.238731e-01 9.268835e-01 -1.125937e+01 0 650215
5.482627e+12 1.588105e+13 -2.866231e+12 1.183095e-01 9.199014e-01 -3.738775e-01 -4.269154e+00 0 341949
1.159474e+12 -1.684491e+13 4.749977e+12 1.994422e-01 -7.650802e-01 6.122704e-01 5.022585e+00 0 267686
2.636314e+12 1.972649e+12 1.857447e+13 -4.057156e-01 1.195868e-01 9.061423e-01 7.610784e+00 0 26531
-1.703371e+13 -4.244252e+12 -2.210285e+12 -9.408055e-01 3.327864e-01 6.432989e-02 8.970760e-01 0 303094
-1.327857e+13 4.419445e+12 -1.088360e+13 2.894022e-01 5.465291e-01 -7.858450e-01 -9.068229e+00 0 485464
-7.602319e+12 -5.658031e+12 1.468894e+13 -6.258752e-01 1.659535e-01 7.620628e-01 -8.550198e+00 0 280684
-4.952766e+12 -1.130690e+13 1.272012e+13 -1.739274e-01 -2.751412e-01 9.455404e-01 -5.783674e+00 0 204626
-1.286396e+13 1.028243e+12 1.130627e+13 -2.121947e-01 -9.603605e-01 1.807791e-01 8.333730e+00 0 2806753
-3.677182e+13 -1.020458e+13 -6.459339e+12 -9.054286e-01 -3.034029e-01 -2.968935e-01 1.322333e+01 0 450
2.967179e+12 2.984558e+12 1.683124e+13 8.620114e-01 -2.095019e-02 5.064558e-01 -4.771701e+00 0 322131
2.409663e+10 1.599767e+13 9.488946e+12 3.846371e-02 5.473645e-01 8.360099e-01 3.130365e+00 0 108964
7.821459e+12 1.033744e+13 1.351691e+13 9.838331e-01 1.526748e-01 9.361032e-02 2.910800e+00 0 495325
-1.738284e+13 1.146624e+12 -4.128595e+12 -8.284973e-01 -2.388398e-02 -5.594835e-01 -4.316826e+00 0 973556
2.377233e+13 5.753771e+12 -2.694795e+11 7.120967e-01 6.904825e-01 -1.270917e-01 -3.486200e+00 0 453611
1.700808e+12 -8.302883e+12 -1.489659e+13 -4.086633e-02 -1.790012e-01 -9.829998e-01 3.267371e+00 0 709158
-1.179262e+13 -5.514511e+12 -1.160828e+13 -8.703235e-01 -1.687902e-01 -4.626520e-01 -5.116701e+00 0 472612
-3.271795e+11 8.872022e+12 1.681606e+13 3.517784e-01 8.163782e-01 4.580159e-01 -8.818344e+00 0 96197
-8.076061e+12 1.372145e+13 6.097562e+12 -6.168028e-01 3.382632e-01 7.107266e-01 -5.038052e+00 0 164405
-3.132689e+12 1.218181e+13 -1.194690e+13 1.423805e-01 7.621887e-01 -6.315030e-01 -5.062566e+00 0 1319680
-3.404921e+12 -2.533539e+12 -1.715930e+13 -7.642110e-01 -3.016689e-01 -5.700679e-01 3.121153e+00 0 1745
-1.703969e+13 -2.588728e+12 -1.445320e+12 -6.251218e-01 6.068420e-01 -4.908824e-01 -1.525760e+00 0 1032027
9.848596e+12 1.345520e+13 -8.026732e+12 1.525876e-01 9.722316e-01 -1.774335e-01 -2.203734e+00 0 1446875
-6.478776e+11 1.517729e+13 -1.060573e+13 -2.962210e-01 7.150433e-01 -6.332189e-01 -2.736705e+00 0 1019376
-3.770504e+12 1.799945e+13 1.887692e+12 -8.104212e-01 4.630154e-01 3.589348e-01 -4.926325e+00 0 230613
-1.680060e+13 -8.366114e+12 -6.699409e+12 -3.728658e-01 -5.092527e-01 -7.756499e-01 1.209816e+01 0 18
-1.070671e+13 5.299347e+12 -1.210666e+13 -4.110297e-01 9.099056e-01 -5.591319e-02 -9.065267e+00 0 403
-1.725163e+13 5.612496e+12 -9.733247e+12 -8.101050e-01 5.755555e-01 -1.116502e-01 6.173966e+00 0 38330
1.521441e+13 3.603795e+12 6.645010e+12 7.339863e-01 4.537772e-01 5.053220e-01 1.574979e+00 0 106481
1.356518e+13 -6.829313e+12 8.632497e+12 8.956694e-01 -3.140385e-01 3.148907e-01 6.823555e+00 0 732504
3.956148e+12 3.427687e+12 -1.675789e+13 1.449778e-02 5.265982e-01 -8.499907e-01 1.207602e+01 0 15221
-1.509742e+13 -8.707844e+12 -4.242473e+12 -3.178751e-01 -8.335701e-01 -4.517924e-01 8.959202e+00 0 10136
1.799266e+13 -1.633477e+12 6.067166e+12 8.594178e-01 4.694966e-01 2.024203e-01 1.221903e+01 0 874043
1.561238e+13 -3.833916e+12 8.066663e+12 9.335515e-01 3.084072e-01 -1.826650e-01 -1.563327e+00 0 182127
1.278232e+13 1.891264e+12 -1.169529e+13 5.407311e-01 7.835118e-01 -3.061358e-01 1.006301e+01 0 490209
1.661953e+13 -1.169934e+13 1.525763e+12 9.684423e-01 -2.469074e-01 -3.400261e-02 7.298035e+00 0 83963
9.303233e+12 2.622939e+12 1.411995e+13 -5.177205e-02 8.264701e-01 5.605951e-01 -6.924670e-01 0 7
5.851776e+12 8.744711e+12 -2.439422e+13 8.004262e-02 7.169687e-01 -6.924948e-01 1.556781e+01 0 1942953
-1.436169e+13 -7.102447e+12 -6.174978e+12 -6.322765e-01 2.671450e-01 -7.272276e-01 -1.043692e+01 0 4
-1.599566e+13 -6.410259e+12 -1.101412e+13 -8.489787e-01 -2.091045e-01 -4.852942e-01 3.334345e+00 0 194946
-1.598630e+13 -3.399784e+11 -7.085230e+12 -7.563835e-01 -3.462347e-01 -5.549824e-01 6.548366e+00 0 2
5.620921e+12 1.443251e+13 -1.105401e+13 3.854364e-01 5.324415e-01 -7.536211e-01 -1.168596e+01 0 1828163
1.092244e+13 -1.113662e+13 9.894406e+12 -1.672925e-01 -5.441786e-01 8.221209e-01 -6.844645e+00 0 2843892
2.837126e+12 -5.568171e+12 -1.584594e+13 -4.795514e-01 -6.902527e-01 -5.418318e-01 -1.226637e+01 0 143404
-1.059847e+13 8.295507e+12 -2.082625e+13 -5.089851e-01 4.338253e-01 -7.434580e-01 5.992694e+00 0 280850
1.579474e+13 -1.957151e+11 -6.873024e+12 5.080647e-01 -5.907079e-02 -8.592909e-01 4.780449e+00 0 201008
8.947992e+12 -1.109938e+13 1.008893e+13 7.333843e-01 -2.788021e-01 6.200137e-01 9.620261e+00 0 259097
-1.274633e+12 -4.242217e+12 -1.714871e+13 1.207082e-01 -2.006151e-01 -9.722053e-01 8.816692e+00 0 479444
-2.214611e+12 -1.598595e+13 7.671181e+12 -1.863235e-02 -6.835926e-02 9.974868e-01 -8.408156e+00 0 14
1.367642e+13 1.192135e+12 1.126118e+13 1.365178e-01 8.731894e-01 4.678710e-01 9.503556e+00 0 671671
-1.556681e+13 2.834286e+12 7.061901e+12 -7.035012e-01 6.525533e-01 2.815320e-01 -8.455118e+00 0 6124
1.620588e+13 1.308300e+12 -5.328820e+12 9.403369e-01 -3.571518e-02 -3.383650e-01 4.736897e+00 0 942518
-6.232112e+12 -1.644885e+13 3.319412e+12 -7.791057e-01 -4.253936e-01 4.604722e-01 7.331862e-01 0 240551
-1.809069e+13 -2.181550e+12 -3.265590e+12 -8.446370e-01 4.392633e-01 -3.060001e-01 -1.072724e+01 0 938471
-8.711923e+11 5.861087e+12 1.678626e+13 3.831995e-01 1.772157e-01 9.065058e-01 3.575025e+00 0 298885
-1.329695e+13 -1.719932e+13 -2.687757e+12 -1.628993e-01 -9.783801e-01 -1.274216e-01 -3.757144e+00 0 1255254
3.630805e+12 1.569697e+13 -5.711340e+12 5.967131e-01 7.202242e-01 -3.538511e-01 -2.891756e+00 0 50034
-7.087970e+11 6.439799e+12 1.669561e+13 1.766601e-01 9.143203e-01 3.644305e-01 3.566321e+00 0 236366
-2.119898e+13 -1.580456e+11 1.067444e+13 -9.937556e-01 8.969492e-02 -6.636729e-02 -9.634125e+00 0 7
1.489292e+13 -2.744025e+12 -1.224182e+13 8.313506e-01 -2.536798e-01 -4.944721e-01 -1.018077e+01 0 326209
-1.202914e+13 1.432287e+13 -2.718497e+12 -4.360102e-01 7.365391e-01 -5.171125e-01 -6.790151e+00 0 407495
-5.545067e+12 -1.139440e+13 1.133546e+13 3.422036e-01 -9.305255e-01 -1.304572e-01 -7.845502e-01 0 213840
-1.677497e+13 4.230859e+11 4.333376e+12 -1.050282e-01 7.571453e-01 6.447481e-01 5.946123e-02 0 799617
7.041644e+12 8.661883e+12 -1.285794e+13 5.884829e-01 7.745439e-01 -2.318827e-01 -8.873977e+00 0 2634837
7.727996e+12 -3.983919e+12 -1.535960e+13 3.169581e-01 -9.349314e-01 -1.595015e-01 1.635495e+00 0 54185
-1.340877e+13 3.567431e+12 -2.705244e+13 -1.113481e-01 1.855844e-01 -9.762991e-01 -1.585243e+01 0 458548
5.102297e+12 -1.006717e+13 1.431522e+13 7.673819e-02 -8.034508e-01 5.904049e-01 -5.944532e+00 0 840313
-8.425436e+12 -9.220344e+12 -1.159802e+13 -9.175827e-01 -2.083021e-01 3.386033e-01 -6.966509e+00 0 281698
8.756096e+12 -1.150611e+13 9.589091e+12 4.403467e-01 -1.464647e-02 8.977083e-01 9.155072e+00 0 103146
-1.353855e+13 -1.114080e+13 2.260128e+12 5.592820e-02 -4.067754e-01 9.118146e-01 -5.039516e+00 0 1228372
2.358228e+12 1.854947e+12 2.379385e+13 1.611801e-01 6.115598e-01 7.746067e-01 -8.545468e+00 0 95570
1.365870e+13 -2.405418e+12 1.056416e+13 5.240425e-01 -8.347725e-01 -1.689212e-01 -8.841448e+00 0 49677
1.311528e+13 -1.095240e+13 -1.853052e+12 3.715548e-01 -6.935432e-01 -6.172073e-01 -7.383635e+00 0 2520748
-4.907194e+12 1.268624e+13 1.182471e+13 -6.402838e-01 2.441696e-02 7.677502e-01 7.798396e-01 0 575733
-1.330346e+13 -1.365664e+13 -4.598318e+12 -6.018569e-01 -7.849484e-01 -1.470522e-01 -4.267994e+00 0 1187055
-8.383170e+12 1.101939e+13 1.395921e+13 8.277063e-02 8.070719e-01 5.846230e-01 4.332593e+00 0 980500
1.243035e+13 -3.162184e+12 1.749463e+13 -2.315406e-02 -4.096986e-01 9.119270e-01 5.188188e+00 0 198913
-1.446640e+13 4.078030e+12 8.007299e+12 -8.264654e-01 5.628576e-01 -1.209767e-02 -6.627068e+00 0 2
-7.361668e+12 1.003668e+13 2.342220e+13 -4.308125e-01 4.969934e-01 7.532584e-01 -1.314713e+01 0 351670
1.380254e+13 -9.256981e+12 -3.484766e+12 7.821141e-01 -8.340826e-02 6.175278e-01 7.840919e+00 0 1217467
-1.612009e+13 -1.082442e+13 -1.980702e+12 -6.413495e-01 -7.672333e-01 4.894808e-03 -3.381156e+00 0 4
5.354230e+11 -4.275104e+12 -1.871286e+13 -1.589702e-01 -2.505244e-01 -9.549691e-01 5.511241e+00 0 659851
-6.298705e+11 1.249807e+13 1.172922e+13 2.679819e-01 4.795766e-01 8.355789e-01 -5.591955e+00 0 398142
-6.204089e+12 -2.481456e+12 1.620024e+13 1.331206e-01 -2.256647e-01 9.650670e-01 -4.339959e+00 0 838284
-1.255560e+13 9.695469e+12 6.580195e+12 -9.956387e-02 9.827632e-01 -1.557673e-01 -1.069977e+00 0 1
-1.531998e+13 5.502235e+12 -6.917014e+12 -9.838609e-01 -2.920952e-02 1.765349e-01 8.159084e+00 0 87207
-4.780705e+12 -5.095028e+12 1.774035e+13 -4.166688e-01 -8.409059e-01 3.453469e-01 -4.295285e+00 0 24375
9.617608e+12 1.457115e+13 5.120379e+12 4.925245e-01 7.422162e-01 4.544609e-01 -5.707728e+00 0 2
4.957591e+12 1.595297e+13 4.085094e+12 -8.015522e-02 7.255806e-01 6.834529e-01 1.511282e+01 0 1037602
-4.640373e+12 1.395958e+13 8.470426e+12 6.079777e-01 3.229153e-01 7.253198e-01 -8.678531e+00 0 2010191
-2.742916e+12 3.169764e+12 1.667343e+13 -3.027704e-02 8.021906e-01 5.962999e-01 1.541775e+00 0 7270
-1.349100e+13 1.162294e+12 2.451580e+13 -1.175955e-01 -6.154856e-02 9.911524e-01 1.264892e+01 0 860693
7.896634e+12 -3.771271e+12 1.705294e+13 5.191315e-01 -2.808101e-01 8.072473e-01 4.788757e+00 0 293258
8.269476e+12 -9.696160e+12 -1.733070e+13 3.126269e-01 -4.032030e-01 -8.600534e-01 -5.701768e+00 0 1376840
-9.466610e+12 -1.616593e+13 -8.564898e+10 -8.623713e-01 -4.839191e-01 -1.487889e-01 -9.770187e+00 0 818937
1.640037e+13 -9.114406e+11 6.474851e+12 9.517137e-01 1.311626e-01 2.775561e-01 -5.034844e+00 0 1231168
1.882550e+13 3.671067e+12 -1.465697e+13 5.780751e-01 1.346418e-03 -8.159824e-01 6.783646e+00 0 601656
5.693648e+12 -8.085143e+11 -1.610748e+13 -5.357015e-01 1.657678e-01 -8.279764e-01 5.352604e-01 0 96020
1.606226e+13 -8.869574e+12 -2.368631e+12 8.848988e-01 -1.872019e-01 4.265087e-01 8.784050e+00 0 962242
1.509391e+13 -2.060893e+12 -7.493038e+12 2.928964e-01 -7.302637e-01 -6.171925e-01 -6.604906e+00 0 275266
-1.177802e+13 1.287712e+13 -2.008621e+12 -5.265906e-01 2.994481e-01 -7.956338e-01 -7.565580e+00 0 1
-9.723254e+12 7.599485e+12 1.169324e+13 -8.678755e-01 4.857007e-01 -1.043406e-01 6.292852e+00 0 431915
-1.907305e+12 -5.314660e+12 -2.071072e+13 -3.089467e-01 -1.812608e-01 -9.336469e-01 -5.493136e+00 0 735790
-1.520921e+13 -7.238371e+12 -6.703144e+12 -6.873902e-01 -7.117039e-01 1.448183e-01 -5.263641e+00 0 414002
1.391721e+13 7.698684e+12 -9.334927e+12 9.036514e-01 -3.932323e-01 -1.696540e-01 -9.463211e+00 0 45215
1.263098e+13 4.806872e+12 -1.047695e+13 4.011162e-01 -1.056375e-01 -9.099157e-01 -8.785643e+00 0 8
-1.862806e+13 3.753135e+12 5.369046e+12 -7.734378e-01 6.116502e-01 -1.663670e-01 -8.569719e+00 0 1
3.626668e+12 8.526067e+12 -1.525297e+13 6.391561e-01 3.836462e-01 -6.665547e-01 -5.875049e+00 0 731604
1.057256e+13 -1.210341e+13 -5.539605e+12 5.695836e-01 -1.290183e-02 -8.218321e-01 -9.700900e-01 0 51770
-6.856069e+12 -1.367275e+13 9.748348e+12 5.515714e-02 -1.721826e-01 9.835196e-01 -4.281996e+00 0 2
1.410515e+13 -1.835298e+13 -1.066871e+13 7.389392e-01 -5.830336e-01 -3.376991e-01 1.292357e+01 0 10
1.203147e+13 4.280331e+12 1.550479e+13 8.308248e-01 -1.587127e-01 5.334233e-01 -1.055542e+01 0 243577
-6.618852e+12 -2.253261e+12 -1.827234e+13 -3.085346e-01 -3.376622e-01 -8.892641e-01 5.306317e+00 0 138201
4.028356e+12 1.199086e+13 -2.112591e+13 3.453238e-01 2.501731e-01 -9.045247e-01 9.074390e+00 0 602781
6.558140e+10 7.774148e+12 1.509848e+13 3.795711e-01 2.762662e-02 9.247500e-01 -6.280149e+00 0 43698
-1.757311e+13 4.575497e+12 -1.191189e+13 -8.625947e-01 -1.728212e-01 -4.754610e-01 1.126975e+01 0 2029866
-1.235416e+13 -1.044620e+13 1.012416e+13 -5.705395e-01 -5.433142e-01 6.158688e-01 -5.195131e+00 0 95161
-7.726208e+12 -1.952060e+13 -4.135801e+10 -3.486473e-01 -9.038733e-01 -2.479075e-01 -6.342070e+00 0 622380
-1.839568e+12 3.792735e+12 -1.879929e+13 1.173004e-01 6.176245e-01 -7.776764e-01 4.752607e+00 0 9968
1.757803e+12 -1.128563e+13 1.318061e+13 -4.979681e-01 3.626890e-02 8.664366e-01 -7.815657e+00 0 774460
-6.415774e+12 -1.611861e+13 4.251337e+12 6.897709e-01 -7.238821e-01 -1.451910e-02 6.828183e-01 0 1409354
5.070484e+11 7.088416e+12 1.562739e+13 -3.160279e-02 -5.193569e-01 8.539729e-01 -1.956832e+00 0 100183
-9.555982e+12 -3.419669e+12 1.529017e+13 -8.520002e-01 -1.785318e-01 4.921607e-01 5.477572e+00 0 319913
-1.129594e+13 4.479180e+12 -1.242607e+13 -4.469908e-02 -7.458565e-01 -6.646051e-01 7.988609e+00 0 30724
3.381289e+12 7.656031e+12 1.580642e+13 2.773257e-01 8.656484e-01 4.168253e-01 2.640743e+00 0 1647078
2.425528e+13 -9.046950e+12 -1.955470e+13 6.026714e-01 -5.955430e-01 -5.311456e-01 6.184121e+00 0 362062
-8.449267e+12 1.725373e+13 -8.720228e+12 -5.108880e-01 2.612565e-01 -8.189863e-01 1.106730e+01 0 180220
4.971148e+12 3.912178e+12 -1.575897e+13 6.397164e-01 2.035944e-01 -7.411560e-01 4.691028e+00 0 217693
7.047156e+12 1.312514e+13 -1.775066e+13 -1.540995e-01 9.023443e-01 -4.025272e-01 1.350666e+01 0 7
-5.324413e+12 2.387085e+13 3.772115e+12 -9.973446e-02 9.320244e-01 3.484014e-01 -8.811180e+00 0 2220138
2.633903e+12 9.494785e+12 1.501558e+13 6.356614e-01 1.672188e-01 7.536395e-01 3.628454e+00 0 444962
-1.110999e+13 -1.806960e+12 1.506003e+13 -3.404284e-01 3.735878e-01 8.628677e-01 -8.363042e+00 0 720767
3.267101e+12 -2.263321e+12 1.734117e+13 8.011075e-01 -2.972639e-01 5.194814e-01 -6.751047e+00 0 156696
1.708327e+13 1.271207e+13 1.313092e+12 8.849079e-01 4.654108e-01 1.819059e-02 5.698385e+00 0 1054662
-8.242845e+12 1.585968e+13 2.723338e+12 -6.458932e-01 7.492757e-01 -1.463142e-01 8.059997e+00 0 522860
4.843964e+12 -1.618935e+12 -1.709118e+13 6.872783e-01 3.426802e-01 -6.404832e-01 -7.959006e+00 0 838774
7.001433e+12 -1.246162e+13 1.165056e+13 -4.406611e-02 -9.979058e-01 -4.735136e-02 4.576952e+00 0 150133
1.594582e+13 8.572370e+11 8.852059e+12 6.248774e-01 -6.861057e-01 3.725416e-01 -1.180046e+01 0 840867
-1.032780e+13 -1.332562e+13 6.908618e+12 1.299969e-01 -9.167951e-01 3.776076e-01 9.056358e+00 0 624099
-1.678743e+13 3.073468e+12 2.423367e+11 -2.920367e-01 9.311329e-01 2.184172e-01 -2.396788e+00 0 1690620
1.251665e+13 -4.025717e+12 -1.185413e+13 -1.621473e-01 1.938946e-01 -9.675294e-01 8.521209e+00 0 2401032
-6.123917e+12 -1.530545e+13 9.295607e+12 4.555851e-01 -5.874352e-01 6.688514e-01 9.942089e+00 0 994278
-1.119010e+13 -3.555860e+12 1.624499e+13 -7.197973e-01 -1.501745e-01 6.777459e-01 8.612865e+00 0 652564
-4.908865e+12 1.688830e+13 -4.344251e+12 -6.833825e-01 7.163774e-01 1.406833e-01 -1.373938e+00 0 1336907
1.729784e+13 -8.252645e+12 -8.956902e+12 6.392933e-01 -6.264739e-01 -4.459088e-01 2.703457e+00 0 245303
-5.623643e+12 -1.724926e+12 -1.592857e+13 5.203135e-01 4.022324e-01 -7.533147e-01 6.031880e+00 0 44519
-7.081433e+12 -1.288114e+13 1.300285e+13 1.732367e-01 -3.544556e-01 9.188853e-01 8.437676e+00 0 278307
8.158758e+12 -1.458287e+13 6.332280e+12 -1.091590e-01 -7.468523e-01 6.559695e-01 -1.048575e+01 0 365615
-1.361451e+13 5.615063e+12 9.730079e+12 -8.854941e-01 3.739384e-01 2.758083e-01 -2.642625e+00 0 213233
-9.721754e+12 9.060018e+12 1.288524e+13 -2.639307e-01 6.697081e-01 6.941409e-01 7.630005e+00 0 128686
-1.254892e+13 1.175596e+13 4.826304e+12 -5.288708e-01 7.572259e-01 -3.832812e-01 1.769623e+00 0 185676
-1.013049e+13 1.354675e+13 -5.697661e+12 -8.012585e-01 5.976550e-01 -2.816563e-02 8.850294e+00 0 6
1.598945e+13 2.390890e+12 -6.353305e+12 9.138840e-01 3.907375e-01 -1.101828e-01 -5.218331e+00 0 761527
-2.979456e+13 -7.264140e+12 1.572702e+13 -9.433818e-01 -2.132586e-01 2.540699e-01 -1.106497e+01 0 295329
-1.562375e+13 -8.389356e+12 -2.915612e+12 -1.657759e-01 -7.148747e-01 6.793177e-01 -5.066285e+00 0 450977
1.158273e+13 -1.431713e+13 4.432659e+12 6.310321e-01 -7.449582e-01 -2.164159e-01 6.296891e+00 0 937153
3.173924e+12 1.305799e+13 -1.326125e+13 -1.919134e-01 9.782812e-01 -7.832747e-02 -1.670622e+00 0 675584
6.472718e+12 1.342587e+13 -8.295538e+12 -9.693060e-02 9.949500e-01 2.605505e-02 7.390324e+00 0 31707
-7.779987e+12 -7.631534e+12 1.355223e+13 -1.897642e-01 -3.792485e-01 9.056269e-01 7.411309e+00 0 459106
-8.368500e+12 -9.425048e+12 -1.365723e+13 -9.088777e-01 -4.165788e-01 -2.008660e-02 -9.261666e+00 0 1435609
4.930756e+12 9.155867e+12 -1.357164e+13 5.875155e-01 5.834185e-01 -5.607570e-01 -2.425971e+00 0 49565
1.765138e+12 -5.552147e+12 -1.665042e+13 5.152173e-01 -2.257230e-01 -8.268012e-01 -2.220259e+00 0 413525
-1.425714e+13 -1.726302e+11 -1.288115e+13 -4.713953e-02 -2.827985e-01 -9.580203e-01 9.418558e+00 0 1
-8.702563e+12 3.212149e+11 1.917990e+13 -3.270614e-01 5.073866e-01 7.972388e-01 -1.039213e+01 0 2547963
-1.518933e+13 -3.378891e+12 -1.262501e+13 -7.837463e-01 -5.963673e-01 -1.734584e-01 -1.905475e+00 0 18463
1.259122e+13 9.086171e+12 -9.034150e+12 8.822115e-01 4.704358e-01 1.982179e-02 7.766990e+00 0 14
2.196482e+12 -1.334850e+13 -1.026715e+13 9.377155e-01 -3.141584e-01 -1.483039e-01 1.140452e+00 0 1238149
-7.331668e+12 1.521365e+13 -2.154249e+12 -6.196755e-01 7.840557e-01 -3.548144e-02 -1.453046e+00 0 117597
1.485062e+13 -5.124509e+11 1.123821e+13 6.176537e-01 -6.431790e-01 4.525757e-01 2.036800e+00 0 1865
9.808820e+12 1.068143e+13 9.486954e+12 8.553225e-01 3.466766e-01 3.850179e-01 1.893239e+00 0 139672
1.383043e+13 4.901424e+12 8.599966e+12 8.430817e-01 5.351997e-01 -5.267272e-02 -6.822456e+00 0 7021
-1.378187e+13 1.223605e+13 5.006211e+12 -5.695010e-01 8.182256e-01 7.858453e-02 -1.025095e+01 0 564069
1.758839e+13 9.490344e+12 -3.249787e+12 5.818590e-01 7.983611e-01 -1.551114e-01 -1.003710e+01 0 11
-5.517599e+12 2.595892e+12 -1.591294e+13 6.584633e-01 -5.013408e-01 -5.613230e-01 3.722769e+00 0 993627
7.183827e+12 -1.262716e+13 -8.992361e+12 5.385023e-03 -8.732653e-01 -4.872152e-01 -1.008205e+01 0 944254
-1.671714e+13 3.003089e+12 1.047499e+12 -7.045695e-01 6.542473e-01 2.748494e-01 -2.251918e+00 0 2453
1.392203e+13 -4.343918e+12 -8.918170e+12 -2.585638e-01 -9.407916e-01 -2.192167e-01 -1.082430e+01 0 746238
-3.271774e+12 2.350424e+12 -1.994935e+13 -1.605011e-02 7.949055e-01 -6.065210e-01 -7.785734e+00 0 2332621
1.412013e+13 4.585082e+12 -9.424178e+12 9.854898e-01 1.532180e-01 -7.303561e-02 4.816626e+00 0 1228738
9.606350e+12 -1.566561e+13 4.944165e+12 -5.220008e-02 -8.806520e-01 4.708792e-01 -9.231125e+00 0 472880
1.257089e+13 1.100742e+13 -6.933564e+12 1.283249e-01 9.894483e-01 -6.726693e-02 1.192295e+01 0 898741
-5.433159e+12 6.110704e+12 -1.575417e+13 4.112385e-02 2.496482e-01 -9.674630e-01 5.956302e+00 0 27267
-9.179787e+12 -9.482765e+12 1.087916e+13 -6.677982e-02 -5.554539e-03 9.977523e-01 3.622294e+00 0 1
-6.060331e+11 -8.334847e+12 -1.764763e+13 -1.697604e-01 -6.097123e-01 -7.742301e-01 6.610392e+00 0 5809
9.389085e+12 -2.839251e+11 -2.003655e+13 -1.817404e-01 1.074942e-01 -9.774535e-01 1.142859e+01 0 1033281
-2.677711e+12 -4.177099e+12 -1.774198e+13 -1.619051e-01 3.517084e-01 -9.220021e-01 4.347182e+00 0 282799
7.836649e+12 -1.578582e+13 -4.452435e+12 7.431067e-01 -6.386254e-01 -1.998752e-01 6.000960e+00 0 82833
1.251397e+13 1.034612e+13 6.464041e+12 2.839415e-01 9.588335e-01 -3.948200e-03 1.177244e+01 0 149533
-1.256955e+13 -7.159034e+12 8.907742e+12 -3.487989e-01 -9.113322e-01 2.186619e-01 9.007858e+00 0 54670
9.608104e+12 4.502161e+12 1.450966e+13 -1.277157e-01 3.846977e-01 9.141643e-01 -9.445649e-01 0 250750
-1.169706e+13 3.681157e+12 -1.171896e+13 4.613235e-01 3.550309e-01 -8.131012e-01 -3.901052e+00 0 414747
1.489763e+13 9.105830e+12 1.987249e+12 6.770452e-01 7.336489e-01 5.804378e-02 -5.851556e+00 0 241425
-1.930077e+13 1.305766e+12 -7.856229e+12 -8.262263e-01 -2.827625e-01 -4.872325e-01 -1.574634e+00 0 1086707
5.100883e+12 1.542795e+13 -1.257050e+13 2.282348e-01 9.004666e-01 -3.702280e-01 6.422231e+00 0 1450532
4.968370e+12 1.182136e+12 -1.941866e+13 2.655416e-01 -7.025789e-01 -6.602049e-01 -7.255604e+00 0 74526
5.410123e+12 9.863871e+12 -1.363964e+13 9.267587e-01 -9.239805e-03 -3.755436e-01 6.496562e-01 0 1
5.934824e+12 -7.701803e+12 1.392264e+13 4.560794e-01 -7.032154e-01 5.454170e-01 -2.673035e-01 0 196405
-1.140223e+13 -1.397461e+13 3.730628e+11 -1.831658e-01 -9.821170e-01 4.354795e-02 1.187619e+01 0 565186
1.646152e+13 -2.645188e+12 -4.145876e+12 6.155118e-01 4.883728e-01 -6.185768e-01 4.589150e-01 0 208167
3.964396e+12 1.339973e+13 9.735869e+12 5.262926e-01 8.476759e-01 -6.679614e-02 2.851153e+00 0 59880
8.624565e+11 -5.465893e+12 -1.628143e+13 4.460277e-02 7.421202e-01 -6.687811e-01 -3.419771e+00 0 1052443
8.078615e+12 -1.468242e+13 3.685205e+12 3.279577e-01 -9.339394e-01 1.421302e-01 7.571474e+00 0 3
-1.031378e+13 -5.324401e+12 -1.307148e+13 -6.583678e-01 1.204230e-01 -7.430007e-01 -6.822767e+00 0 671689
1.318839e+13 4.365982e+12 1.020583e+13 6.644349e-01 -5.952751e-01 4.518561e-01 -1.082177e+01 0 383823
5.851592e+12 3.817108e+12 1.569543e+13 -1.010070e-01 7.457648e-01 6.585077e-01 -2.472962e+00 0 21825
9.821713e+12 1.269774e+13 7.768224e+12 2.388252e-01 8.439327e-01 4.803542e-01 1.310658e+01 0 368689
1.851656e+12 -1.276422e+13 1.184342e+13 4.549461e-01 -6.504788e-02 8.881401e-01 -4.193470e+00 0 267222
-6.920159e+12 -1.341608e+13 -1.356681e+13 -2.060625e-01 -8.778982e-01 -4.322419e-01 9.577045e+00 0 133825
7.136438e+12 1.426525e+13 -6.841797e+12 3.923620e-02 8.726008e-01 -4.868555e-01 -1.106984e+00 0 212616
-3.502172e+12 2.591256e+12 -2.115948e+13 2.645777e-01 1.786656e-01 -9.476694e-01 7.277140e+00 0 543106
1.429604e+13 -7.514072e+12 -1.047627e+13 4.853158e-01 -1.411746e-01 -8.628663e-01 -2.761337e+00 0 275603
-1.086766e+13 1.281804e+13 6.392466e+12 -9.863012e-01 -5.983155e-02 1.537210e-01 1.146848e+01 0 159452
-1.680257e+13 -2.868590e+12 -9.401886e+12 -8.669536e-01 3.093139e-01 -3.907894e-01 4.528984e+00 0 564013
9.823693e+12 1.482664e+13 1.700718e+12 3.909280e-01 9.170561e-01 -7.863485e-02 -4.256210e+00 0 1007097
1.181912e+13 -2.692804e+12 1.470137e+13 -3.419748e-05 -3.600302e-01 9.329406e-01 5.928469e-01 0 422310
-1.577717e+13 -3.325486e+12 -6.194089e+12 -2.853055e-01 1.354915e-01 -9.488113e-01 4.580723e+00 0 218145
9.704998e+12 1.612046e+13 -1.675162e+12 7.992052e-01 5.874841e-01 1.270175e-01 -1.305612e+01 0 1125328
3.874166e+12 1.922973e+13 -6.068929e+12 1.806556e-01 8.093232e-01 -5.588913e-01 4.273585e+00 0 1004044
3.336062e+12 -1.600085e+12 1.665868e+13 9.924987e-04 -8.406291e-01 5.416103e-01 -4.099806e+00 0 30946
1.182557e+13 3.758694e+12 1.322300e+13 3.785529e-01 6.628815e-01 6.459767e-01 -3.774605e+00 0 995862
-7.862463e+11 -1.747056e+13 6.584558e+12 4.377983e-01 -8.297299e-01 3.462384e-01 9.139224e+00 0 992804
1.957788e+11 -5.419448e+12 1.609806e+13 5.836568e-01 -3.328486e-01 7.406460e-01 5.522063e+00 0 1024031
1.404349e+13 2.630684e+12 -9.462933e+12 9.378250e-01 -3.454194e-01 -3.420196e-02 -5.856357e+00 0 1
-5.397140e+12 5.798277e+12 -1.570247e+13 2.379861e-01 -4.803026e-01 -8.441991e-01 -8.721255e+00 0 1613738
1.817385e+13 4.985058e+12 4.441427e+11 7.476886e-01 4.179974e-01 5.159844e-01 -6.929840e+00 0 374008
-9.176881e+12 -4.448183e+12 -1.372492e+13 2.136120e-02 -1.986898e-01 -9.798296e-01 -4.398148e+00 0 29774
-3.413534e+12 -7.944330e+12 1.959644e+13 2.729639e-01 2.312430e-03 9.620215e-01 4.776882e+00 0 312386
4.739383e+12 2.577213e+12 -2.617927e+13 -2.135517e-02 -1.971743e-01 -9.801358e-01 8.602072e+00 0 22232
-9.331584e+12 5.760717e+12 -1.412294e+13 1.370292e-01 5.064811e-01 -8.512931e-01 1.884133e+00 0 719667
7.925644e+12 -1.654959e+13 8.148162e+11 -9.130189e-02 -8.091869e-01 -5.804141e-01 2.326998e+00 0 30067
-5.000259e+12 -1.181338e+13 1.524032e+13 -4.820590e-01 -7.848604e-01 3.893755e-01 -5.454012e+00 0 606328
1.091241e+13 -1.001604e+13 -8.300476e+12 8.248397e-01 3.513721e-01 -4.429188e-01 7.081119e+00 0 431749
8.737104e+12 3.501004e+12 2.927828e+13 3.732674e-01 2.694651e-01 8.877274e-01 1.068706e+01 0 311191
-9.091315e+12 -6.287253e+12 1.610612e+13 -6.759827e-01 -1.411703e-01 7.232692e-01 5.264283e+00 0 588068
-1.477562e+13 -1.204496e+13 -2.474254e+12 -9.264529e-01 -3.740616e-01 -4.198826e-02 1.871172e+00 0 236456
-1.155839e+13 1.201634e+13 7.468864e+12 1.688224e-01 9.104922e-01 3.774955e-01 4.214231e-01 0 988470
-4.000219e+11 1.697194e+12 1.694104e+13 -2.489671e-01 -3.555289e-01 9.008965e-01 -1.225099e+01 0 465651
1.383305e+13 1.084500e+13 4.004641e+12 9.802470e-01 -6.665448e-02 1.862068e-01 3.663056e-01 0 217686
-7.860650e+12 -1.039503e+13 -1.189646e+13 -4.967354e-01 -3.446694e-01 -7.965280e-01 -5.840727e+00 0 798465
-1.382243e+13 -1.399722e+12 1.056781e+13 -8.589652e-01 -5.504439e-02 5.090666e-01 -9.444980e+00 0 407967
1.048422e+13 1.327229e+13 -1.794880e+12 8.631448e-01 4.979641e-01 -8.374253e-02 -4.326509e+00 0 281281
-1.302590e+13 8.719201e+12 7.033765e+12 -7.548212e-01 6.667003e-02 -6.525336e-01 6.483063e+00 0 1659816
-4.713353e+12 -1.809787e+13 2.629314e+12 1.720629e-02 -9.978061e-01 -6.392978e-02 -1.004451e+01 0 134557
1.658222e+13 4.074639e+12 1.512097e+11 9.597924e-01 -2.633671e-01 9.714036e-02 -7.182358e+00 0 114513
1.354070e+12 5.370289e+12 1.635841e+13 2.342015e-01 6.917809e-01 6.830731e-01 3.232300e+00 0 241157
1.182723e+13 -2.747641e+12 -1.195700e+13 4.824098e-02 -4.247625e-02 -9.979321e-01 -3.329113e+00 0 500267
-3.491393e+12 -9.649339e+11 1.688597e+13 2.641746e-01 7.829884e-01 5.631527e-01 5.131267e+00 0 1111448
1.369521e+13 1.702145e+12 1.063294e+13 1.575003e-01 2.431479e-01 9.571169e-01 -4.399014e+00 0 1
7.009863e+12 -1.505353e+13 -3.642140e+12 6.643321e-01 -3.079449e-01 -6.810528e-01 8.526003e+00 0 106291
-1.047298e+13 -5.589942e+12 -1.216346e+13 1.090297e-03 -4.047681e-02 -9.991799e-01 9.361770e+00 0 1107829
-3.952401e+12 1.431802e+13 1.101582e+13 1.028328e-01 9.891284e-01 -1.051211e-01 2.751628e+00 0 1
1.345479e+13 9.656119e+12 -5.264064e+12 2.909142e-01 2.931433e-01 -9.107337e-01 6.357180e+00 0 289010
-1.528110e+13 -8.314140e+12 6.132169e+12 -9.730968e-01 -1.325087e-01 1.884784e-01 2.414502e+00 0 155539
7.131843e+12 4.726251e+12 -1.553896e+13 6.788943e-01 3.173276e-01 -6.621221e-01 -5.341376e+00 0 11937
6.799615e+12 -1.443956e+13 -1.888699e+13 -1.357975e-01 -3.546200e-01 -9.250966e-01 6.498031e+00 0 5
1.249827e+13 1.354050e+12 1.195508e+13 7.881668e-01 6.042095e-02 6.124887e-01 -6.265163e+00 0 15103
9.144167e+12 -1.524242e+13 3.541748e+12 -8.751952e-02 -8.070557e-01 -5.839533e-01 1.090835e+00 0 124990
1.017911e+13 1.421882e+12 -1.673770e+13 8.937735e-01 3.437823e-01 -2.880670e-01 1.393297e+01 0 290075
7.182699e+12 1.512460e+13 4.388439e+12 5.299653e-01 5.712519e-01 6.267440e-01 5.600727e-01 0 157100
-4.654036e+12 -1.524169e+13 -2.053175e+13 -5.723256e-01 -2.267973e-01 -7.880396e-01 -1.297844e+01 0 1381389
4.245927e+12 1.809520e+13 4.561873e+12 -5.503157e-01 8.348652e-01 -1.235692e-02 -1.959215e+00 0 50959
-1.552495e+13 2.486922e+12 -6.361040e+12 -6.191684e-01 -4.534335e-01 6.411151e-01 5.718941e+00 0 28289
6.489662e+12 -1.212198e+13 -1.236973e+13 7.264872e-01 -6.866629e-01 -2.665303e-02 8.136287e+00 0 1758
1.019692e+13 1.230256e+13 -6.350822e+12 8.300766e-01 4.960477e-01 -2.547735e-01 -8.245279e+00 0 162332
-7.076076e+12 -1.387137e+13 -1.091572e+13 1.052705e-01 -9.904320e-01 8.923327e-02 1.071192e+01 0 158293
5.768517e+12 -5.600829e+12 -1.728903e+13 -3.749216e-01 -8.133818e-01 -4.447965e-01 -7.661557e+00 0 42437
6.799124e+12 -1.848265e+13 8.158955e+12 -8.394589e-02 -9.959423e-01 -3.243522e-02 2.821333e+00 0 391292
-4.579419e+12 -5.877617e+12 1.699550e+13 -4.571328e-01 -8.417143e-01 2.873092e-01 -3.668536e+00 0 212071
-6.219070e+12 6.289305e+12 1.490964e+13 -5.110457e-01 6.352189e-01 5.790761e-01 5.627419e+00 0 124919
9.703477e+12 -3.638475e+12 -1.358308e+13 2.884672e-01 -6.963773e-02 -9.549541e-01 -1.588757e+00 0 1239379
-1.259948e+13 -1.024140e+13 -6.683825e+12 -7.226597e-01 1.459613e-01 -6.756169e-01 -5.591871e+00 0 1307484
1.222731e+13 9.475026e+12 -7.512789e+12 1.661916e-01 6.125677e-01 -7.727491e-01 6.426146e+00 0 398087
-1.148256e+12 1.752733e+13 -1.629407e+12 -1.147314e-03 5.117057e-01 -8.591600e-01 7.395584e+00 0 4
8.988801e+12 1.845627e+13 4.038294e+12 3.170891e-02 9.791319e-01 2.007368e-01 8.860782e+00 0 66670
1.113837e+13 -7.649356e+12 -1.067792e+13 5.720709e-01 -7.754283e-01 -2.672934e-01 2.175525e+00 0 2
-2.607373e+12 1.385164e+13 -2.379127e+13 4.142595e-02 3.105026e-01 -9.496694e-01 -8.005846e+00 0 242974
1.088747e+13 2.581324e+12 -1.735146e+13 5.055840e-01 -2.753396e-02 -8.623379e-01 -1.199522e+01 0 1336351
-4.268580e+11 1.765574e+13 2.065523e+12 -6.147858e-01 7.860580e-01 6.443009e-02 1.153426e+01 0 1494970
-8.453070e+12 -8.063326e+12 -1.350064e+13 -5.577981e-02 -6.751721e-01 -7.355483e-01 -3.947676e+00 0 49925
-9.730720e+12 1.265849e+13 -6.097144e+12 -8.962824e-01 4.369763e-01 7.569323e-02 -1.223863e+00 0 417747
-7.655153e+12 -1.193713e+13 -1.018137e+13 9.604199e-02 -9.428794e-01 3.189897e-01 8.949565e+00 0 62670
-1.436065e+13 1.575466e+13 -1.152273e+13 -1.060727e-01 9.216435e-01 -3.732584e-01 -1.254440e+01 0 681637
-1.226728e+13 1.414612e+13 4.150388e+12 -9.574262e-01 1.403761e-01 2.522490e-01 1.195553e+01 0 5
-4.183254e+12 1.659006e+13 -3.007654e+12 -7.769681e-01 6.071446e-01 -1.664211e-01 1.687569e+00 0 54557
4.358053e+12 1.572284e+13 -4.820546e+12 9.040243e-01 -2.579636e-01 -3.408737e-01 -2.176402e+00 0 1202886
1.860584e+12 1.525590e+13 -7.245320e+12 7.386178e-01 5.332621e-01 4.124019e-01 -2.780400e+00 0 169185
1.275882e+13 -1.135533e+13 7.184941e+11 3.442441e-01 -8.952899e-01 2.827580e-01 3.055596e+00 0 2
1.566744e+13 -6.722154e+12 -1.702226e+12 9.349763e-01 -2.419156e-01 -2.594150e-01 -5.230483e+00 0 17
-1.530470e+13 3.155783e+12 6.711763e+12 -8.333023e-01 -2.462660e-01 4.949346e-01 -7.749797e+00 0 696480
-9.009804e+12 1.434536e+13 4.742290e+12 -2.630562e-01 4.941847e-01 8.286030e-01 -6.333517e+00 0 85514
7.612884e+12 1.294690e+13 9.558747e+12 -2.342983e-02 -9.270659e-02 9.954178e-01 -8.932547e+00 0 495266
9.585766e+12 9.896338e+11 1.504362e+13 9.213721e-01 -2.568972e-01 2.916802e-01 9.476312e-01 0 248857
3.144067e+12 2.645154e+13 4.537802e+11 2.129504e-01 8.890114e-01 4.053527e-01 1.254199e+01 0 97085
-1.030173e+12 1.802734e+13 5.578744e+12 1.173375e-02 9.728194e-01 -2.312677e-01 5.643721e+00 0 80996
1.649066e+13 4.036213e+12 2.593943e+12 8.799698e-01 -4.545335e-01 1.380304e-01 -1.172192e+01 0 1740922
-4.459010e+12 8.132624e+12 -1.476397e+13 3.148215e-01 -1.740533e-01 -9.330556e-01 -7.028984e+00 0 165505
