# 781 1.000000e+05 1.000000e+04 0.000000e+00 1.000000e+00 5.000000e-01
4.292588e+11 -1.005045e+12 1.752343e+12 6.210988e-01 1.271794e-01 7.733445e-01 1.110032e+01 0 1
6.380832e+12 -4.149254e+12 2.266199e+12 8.069963e-01 -5.685811e-01 1.596010e-01 -1.094121e+01 0 2
-2.127378e+12 9.842150e+11 -1.604258e+12 -9.096877e-01 -6.112157e-02 -4.107706e-01 5.514055e+00 0 24267
7.137481e+11 -4.003316e+11 -1.847865e+12 -2.187083e-02 -8.723963e-01 -4.883097e-01 -1.786989e+00 0 3
-7.920059e+10 2.020747e+12 8.936767e+11 -3.321674e-01 7.507443e-01 5.710060e-01 4.751726e+00 0 51464
-2.620396e+11 2.386794e+12 -3.617793e+12 -5.315172e-02 4.500191e-01 -8.914357e-01 -7.902433e+00 0 2
1.666231e+12 1.210634e+11 -3.994091e+11 8.189528e-01 4.854871e-01 3.059714e-01 8.372044e+00 0 175558
5.252469e+11 7.773117e+11 -1.433114e+12 7.535294e-01 1.950880e-01 -6.278010e-01 -2.988628e+00 0 26064
-1.863305e+12 1.615463e+12 -1.140411e+12 -6.986728e-01 6.034755e-01 -3.842832e-01 -8.841111e+00 0 1
2.715264e+11 -1.597186e+12 -6.531416e+11 8.244111e-02 -9.825935e-01 1.664735e-01 1.832573e+00 0 493856
1.409926e+12 7.159553e+11 1.011253e+12 9.219478e-01 9.442511e-02 3.756278e-01 1.430069e-01 0 2
7.074561e+11 3.658883e+12 -7.103590e+11 5.240027e-01 8.327861e-01 -1.785736e-01 -2.577277e+00 0 2
7.977565e+11 -8.440130e+11 1.496837e+12 9.316702e-01 -2.665525e-01 2.468613e-01 2.993885e-01 0 1
-3.164824e+11 1.761299e+12 -6.158911e+11 -1.236035e-01 1.980723e-01 -9.723629e-01 9.402561e-02 0 259513
-2.808545e+11 -3.669736e+11 -1.788679e+12 1.895533e-01 -9.297318e-01 -3.157030e-01 -7.279195e-01 0 145067
1.414300e+12 1.017593e+12 -2.386430e+10 4.751038e-01 6.857238e-01 -5.514157e-01 6.178832e-01 0 292329
3.537045e+12 -1.157683e+12 -3.869057e+12 4.829013e-01 -2.774252e-01 -8.305670e-01 -1.415159e+01 0 1
-1.142671e+12 -1.212967e+12 1.053206e+12 -6.552530e-01 -7.127886e-01 -2.501516e-01 4.567276e+00 0 3
1.344483e+12 -1.041900e+11 1.296301e+12 -1.226242e-01 -5.296220e-02 9.910390e-01 3.351875e+00 0 79295
8.780467e+12 2.950565e+12 1.640845e+12 9.118634e-01 3.787995e-01 1.581648e-01 1.630576e+01 0 1
2.213283e+11 4.635908e+12 -1.019337e+13 1.241553e-01 4.422066e-01 -8.882785e-01 5.541904e+00 0 1
-2.501271e+12 2.793018e+12 -1.459854e+12 -6.990176e-01 6.749601e-01 -2.362271e-01 -2.808315e+00 0 6976
1.390520e+12 2.495101e+12 -1.234066e+12 7.174100e-01 6.671256e-01 -2.006647e-01 -1.268522e+00 0 1
-3.867834e+11 1.333517e+12 1.041541e+12 -2.074903e-01 -4.191733e-02 9.773386e-01 5.018145e-01 0 20952
-2.263665e+12 8.902971e+11 -6.518704e+11 -9.731274e-01 -1.549906e-01 -1.702967e-01 3.903615e+00 0 2
-4.167732e+12 -1.230113e+12 4.740874e+11 -9.675284e-01 -1.985490e-01 1.564195e-01 -8.822418e+00 0 2
2.054876e+12 -6.577949e+11 2.346522e+11 6.205985e-01 -5.281142e-01 5.796143e-01 5.719415e-01 0 1
-1.695846e+12 -2.485328e+11 7.044650e+11 -6.187359e-01 -6.517460e-01 -4.386263e-01 7.343816e+00 0 1
6.191472e+10 -1.814707e+12 -6.933509e+11 8.685213e-02 -9.776994e-01 -1.912084e-01 3.797419e+00 0 24796
-3.073092e+13 -1.549191e+12 -3.767040e+12 -9.939578e-01 -1.351288e-02 -1.089283e-01 -2.073663e+01 0 1
-1.949148e+12 2.555464e+12 -2.132674e+12 -6.686417e-01 4.206681e-01 -6.131530e-01 1.192149e+00 0 2
-2.117198e+12 -2.285147e+11 -2.328482e+12 -5.872644e-01 -3.987027e-01 -7.043839e-01 7.081511e+00 0 21741
-2.131993e+11 -1.634760e+12 1.816585e+12 -3.131315e-01 -2.989559e-01 9.014289e-01 -8.307432e+00 0 1
1.409289e+12 -8.122542e+11 5.444281e+11 3.955357e-01 -7.970979e-01 4.562745e-01 -5.890368e+00 0 1
-7.911076e+11 -2.686524e+12 -6.575431e+11 -3.896890e-01 -9.145961e-01 1.079651e-01 -8.810165e+00 0 1
-2.755480e+12 1.104516e+12 2.363695e+12 -5.841055e-01 3.244606e-02 8.110290e-01 1.009484e+01 0 1
-2.748934e+11 6.493980e+11 2.623171e+12 1.977388e-01 6.052991e-01 7.710463e-01 1.334705e+00 0 139224
-4.587000e+12 5.533751e+12 -4.014421e+12 -5.933792e-01 5.214942e-01 -6.131434e-01 2.333372e+01 0 1
-1.611803e+12 -4.040119e+11 1.220264e+12 -6.854554e-01 1.379650e-01 7.149242e-01 1.646813e+00 0 1
-5.217726e+12 -6.162116e+10 -1.158545e+12 -9.302285e-01 -1.257840e-01 -3.447511e-01 -3.303392e+00 0 1
5.246271e+10 1.625956e+12 1.366156e+12 -1.703505e-01 9.425873e-01 2.872453e-01 3.785525e+00 0 1
5.028765e+11 1.996765e+12 -8.238888e+11 2.838025e-01 4.866918e-01 -8.261884e-01 -7.351311e+00 0 3
6.615253e+11 6.675689e+12 5.475275e+12 -8.740452e-02 7.458702e-01 6.603318e-01 2.555068e+00 0 1
-6.722945e+11 1.478870e+12 -6.028498e+11 3.698456e-01 9.252310e-01 -8.462753e-02 -1.216658e+01 0 2212
1.476892e+12 -1.384566e+12 3.816674e+12 3.877253e-01 9.630077e-03 9.217247e-01 -2.584637e+00 0 1
-4.004075e+11 -1.418395e+12 -1.031158e+12 -3.820126e-01 -2.923253e-01 -8.767054e-01 -1.072922e+01 0 3
-1.366349e+12 4.512541e+12 2.116731e+12 -3.406503e-01 9.014012e-01 2.672700e-01 8.770862e+00 0 1
3.365693e+11 -1.179045e+12 1.258381e+12 4.341376e-01 -5.159279e-01 7.384734e-01 1.158635e+00 0 164709
-2.702689e+12 1.491893e+12 -8.179265e+11 -8.751310e-01 7.077344e-02 -4.786824e-01 2.178180e+01 0 1
-5.911422e+11 -1.228786e+12 2.143890e+12 2.015498e-01 -6.186091e-01 7.594080e-01 -2.213879e+00 0 4
2.003498e+12 -1.391143e+12 -3.295971e+12 2.181747e-01 -2.944650e-01 -9.304247e-01 5.422649e+00 0 1
-2.199661e+11 -7.315884e+11 -2.716163e+12 -9.203206e-02 -5.085772e-01 -8.560837e-01 -2.548458e+00 0 1
-7.725416e+10 7.097823e+11 -1.630320e+12 -6.592560e-01 7.468288e-01 -8.734035e-02 6.264915e+00 0 1
-1.020663e+12 -1.413035e+12 -8.263172e+09 -7.795762e-03 -9.835741e-01 -1.803361e-01 1.501099e+01 0 90074
6.614155e+11 8.740041e+11 -1.610505e+12 4.771107e-02 7.224760e-01 -6.897479e-01 9.123266e+00 0 195420
-2.066217e+12 -7.267988e+11 -2.010544e+12 -7.214806e-01 -4.037898e-01 -5.625117e-01 6.646661e+00 0 55969
-1.283443e+11 -4.240785e+11 2.230200e+12 -8.574059e-02 -7.672211e-01 6.356260e-01 5.511870e+00 0 4
-1.956252e+12 -7.655904e+11 -1.532679e+12 -4.671936e-01 -5.004512e-01 -7.288887e-01 1.509186e-01 0 1
2.831236e+12 1.665085e+12 -2.183112e+12 5.682203e-01 5.215708e-01 -6.364665e-01 1.229419e+01 0 1
9.612929e+11 2.924701e+12 -1.969921e+12 3.298505e-01 8.199119e-01 -4.679136e-01 1.102250e+00 0 15318
-1.371347e+12 1.976080e+12 -3.045687e+12 1.678081e-02 6.029232e-01 -7.976228e-01 2.027038e+00 0 2
-5.589791e+11 1.906144e+11 -1.641177e+12 -3.393795e-02 1.161317e-01 -9.926538e-01 1.971231e-01 0 144784
-1.530659e+12 9.779743e+11 -1.738421e+12 -5.727661e-01 2.329719e-01 -7.859154e-01 8.219623e+00 0 2
9.890819e+11 -4.923965e+11 -1.288706e+12 9.164108e-01 9.634157e-02 -3.884707e-01 2.194047e+00 0 12069
8.883650e+11 -1.187498e+12 -1.273998e+12 -2.255888e-01 -9.732786e-01 -4.287714e-02 -7.357362e+00 0 1
-1.147402e+12 4.224371e+11 2.764893e+12 -5.766196e-01 -1.552420e-02 8.168653e-01 4.947730e+00 0 1
-7.432936e+10 -4.390158e+11 -2.456008e+12 -2.395327e-01 1.677360e-02 -9.707434e-01 4.710916e+00 0 1
-1.486758e+12 -1.515196e+12 1.851643e+12 -4.639994e-01 -5.768531e-02 8.839553e-01 -8.487169e+00 0 15034
-6.035879e+11 -7.906237e+11 -1.382808e+12 -5.426532e-01 -7.225674e-01 -4.282802e-01 2.412331e+00 0 1
-2.566559e+11 1.569101e+12 7.741028e+11 -8.249642e-01 3.182290e-02 5.642883e-01 8.964334e+00 0 435960
1.743536e+12 1.722157e+12 -1.536089e+11 4.312474e-01 8.158754e-01 -3.851921e-01 7.463695e+00 0 1
-3.938746e+12 1.196991e+12 2.673964e+12 -9.341389e-01 1.456649e-01 3.258316e-01 6.863710e-01 0 3
-6.495114e+11 -5.761017e+12 1.514379e+12 -4.563278e-02 -9.042705e-01 4.245145e-01 9.515355e+00 0 1
1.375198e+12 -1.376943e+12 -8.746864e+12 2.478163e-01 -6.085710e-02 -9.668937e-01 -3.562576e+00 0 1
6.072998e+11 1.424390e+12 -8.632737e+11 2.854090e-01 8.752694e-01 -3.904423e-01 2.655058e+00 0 20224
3.910532e+11 -5.705960e+11 -2.334144e+12 -9.000575e-02 -6.781811e-01 -7.293623e-01 9.801952e+00 0 1
1.268011e+12 -3.732409e+12 -7.359931e+11 -7.287514e-02 -9.923641e-01 -9.951202e-02 -2.182626e+01 0 2
-1.633463e+12 2.307681e+11 -1.090745e+12 -9.062402e-01 2.266324e-01 3.568844e-01 1.601039e-01 0 13775
-1.998016e+12 -3.231488e+11 2.831835e+12 -8.191188e-01 -3.086038e-01 4.835371e-01 6.486970e+00 0 1
-4.238114e+11 6.609255e+10 -3.276830e+12 2.423147e-01 -1.068632e-01 -9.642945e-01 -5.725439e+00 0 1
-6.881381e+10 6.066695e+12 -3.383270e+12 -1.606927e-01 7.850533e-01 -5.982217e-01 -1.308104e+00 0 1
-7.165230e+11 -4.780479e+11 -1.563864e+12 3.680193e-01 2.998265e-01 -8.801511e-01 5.921995e+00 0 3
1.814347e+12 -8.091742e+11 -4.989390e+11 9.646016e-01 -2.550304e-01 -6.710584e-02 7.711309e+00 0 34902
-1.871455e+12 1.784823e+11 4.390929e+11 -9.970660e-01 7.490085e-02 -1.578711e-02 -3.642743e-01 0 265445
-1.630335e+12 2.241232e+11 -4.243235e+11 -3.774006e-01 8.091219e-01 -4.504338e-01 -7.121521e+00 0 149834
4.159649e+12 -1.652932e+12 -2.534896e+12 8.348058e-01 -3.829650e-01 -3.955213e-01 -8.008380e+00 0 232132
1.098577e+12 5.812593e+11 4.817264e+12 2.762196e-01 1.158260e-01 9.540896e-01 3.969233e+00 0 22599
1.473588e+11 -1.186910e+12 -2.182325e+12 2.204178e-01 -4.553130e-01 -8.626158e-01 5.385575e+00 0 67139
-2.591132e+12 2.657301e+12 2.019439e+12 -2.837925e-01 8.073855e-01 5.172915e-01 -2.935809e+00 0 1
2.870241e+12 -4.124038e+12 8.398648e+11 4.797971e-01 -8.749658e-01 -6.503464e-02 -1.709002e+01 0 1
4.618600e+11 2.907158e+11 2.137776e+12 1.979929e-01 1.694956e-01 9.654377e-01 -1.264693e+00 0 12008
-1.997704e+12 2.307445e+12 -1.756886e+12 -2.115074e-01 8.022418e-01 -5.582766e-01 -4.789796e+00 0 2
-9.848788e+11 -9.794158e+11 9.829323e+11 -9.459252e-01 -4.491714e-02 3.212600e-01 -6.340979e+00 0 52
-1.105538e+12 -5.265220e+11 -2.007781e+12 -5.755622e-01 6.695797e-02 -8.150121e-01 -7.129524e+00 0 327512
-7.403476e+11 -2.616905e+12 -6.378947e+11 7.976311e-02 -9.830514e-01 1.650691e-01 4.573101e+00 0 15267
8.857221e+11 -5.128776e+11 1.714097e+12 -3.161340e-02 -3.818736e-01 9.236737e-01 -6.172965e+00 0 121168
-1.284696e+12 9.075158e+11 8.884821e+11 -3.311151e-01 9.377892e-01 -1.044715e-01 -1.815780e+00 0 480471
3.016684e+12 -1.445165e+12 4.109588e+12 5.991262e-01 -5.554765e-02 7.987254e-01 1.533398e+01 0 1
-7.605268e+11 7.198338e+11 -1.350939e+12 -7.044484e-01 6.998056e-01 1.184252e-01 1.707436e+00 0 232886
-1.769765e+12 -5.874456e+11 1.286821e+12 -6.771006e-01 -6.959384e-01 2.391749e-01 1.363158e+01 0 42323
1.114385e+12 -3.045363e+11 -1.385865e+12 2.387008e-01 6.136164e-01 -7.526598e-01 1.135932e+01 0 1
2.015835e+12 2.842627e+12 1.886410e+12 5.287320e-01 7.888767e-01 3.132348e-01 1.326969e+01 0 1
6.639817e+12 -2.634521e+12 3.803083e+11 9.480316e-01 -3.077306e-01 -8.085808e-02 9.528552e+00 0 1
-1.484733e+12 7.577724e+09 2.667288e+12 -6.846303e-01 2.158903e-02 7.285707e-01 -5.223816e+00 0 4556
-2.909133e+12 6.773186e+11 -1.008074e+12 -8.845646e-01 3.881799e-01 -2.585765e-01 -9.609785e+00 0 1
1.961190e+12 -9.914921e+11 -1.510811e+12 4.163141e-01 -3.928917e-01 -8.199504e-01 2.275485e+00 0 50722
-1.386277e+12 1.420326e+13 1.343004e+12 -8.753652e-02 9.855788e-01 1.448166e-01 7.039459e+00 0 1
-4.129359e+11 -2.259126e+12 1.107424e+12 -3.579907e-01 -9.296452e-01 -8.719200e-02 -1.117254e+01 0 1
-4.926865e+11 3.008550e+12 1.166071e+12 6.874850e-02 8.684290e-01 4.910242e-01 1.827370e-01 0 1
-1.866161e+12 3.372037e+12 4.646595e+12 -5.426843e-01 5.340374e-01 6.483038e-01 1.815829e+01 0 1
-9.753463e+11 -2.045624e+12 1.319272e+12 -4.080887e-01 -4.925199e-01 7.686923e-01 1.774173e+00 0 1
7.439849e+12 1.840572e+13 -9.423438e+12 2.938950e-01 8.673841e-01 -4.015852e-01 1.273772e+00 0 1
1.313910e+11 1.745490e+12 -3.451363e+11 -6.211966e-01 7.366371e-01 -2.673583e-01 1.850042e+01 0 2
1.055992e+12 -3.983707e+11 -1.712978e+12 7.580060e-01 -5.076159e-01 -4.095765e-01 -4.086725e-01 0 523197
2.968494e+12 1.265910e+12 2.509174e+11 9.920506e-01 3.435229e-02 1.210602e-01 -7.795977e+00 0 384796
7.495342e+11 1.331558e+12 1.661742e+12 5.414682e-01 5.143126e-01 6.650524e-01 -5.674341e+00 0 49873
-1.658525e+12 7.975812e+11 9.463063e+11 -3.982655e-01 -2.272867e-01 8.886649e-01 1.423598e+01 0 1
-9.419042e+11 1.764187e+12 1.142028e+12 -4.348663e-01 8.999002e-01 3.272403e-02 -3.559882e+00 0 3
7.357100e+11 8.564042e+11 1.657563e+12 7.083715e-01 -3.508180e-01 6.124839e-01 1.360726e-01 0 3
1.558942e+12 -6.875990e+10 7.562069e+11 9.558356e-01 2.793562e-01 -9.131505e-02 1.702154e+00 0 169947
-1.461291e+12 3.816026e+10 3.887598e+12 -2.202081e-01 -2.147068e-01 9.515300e-01 -5.292073e+00 0 2
-1.751812e+12 4.877039e+12 -1.731306e+12 -4.629423e-01 8.701183e-01 -1.690517e-01 1.618690e+00 0 1
-3.463347e+12 -2.664545e+12 9.317675e+12 -4.256524e-01 -1.907176e-01 8.845603e-01 4.354293e+00 0 1
-2.536354e+11 -2.455610e+12 6.468324e+11 4.144193e-02 -9.113657e-01 4.095061e-01 2.138307e+00 0 1
6.111477e+11 -1.548184e+12 -1.144324e+12 -4.814311e-01 -7.958927e-01 -3.671225e-01 -4.980078e+00 0 50164
-1.130166e+12 -3.784549e+11 -1.728569e+12 -6.321992e-01 -3.259250e-01 -7.029204e-01 5.376306e+00 0 306367
-2.461931e+12 1.069437e+12 -3.670397e+10 -7.575998e-01 6.293494e-01 -1.730947e-01 -1.632697e-01 0 1
-1.573876e+11 1.116269e+12 -2.134075e+12 -1.848556e-01 6.595965e-01 -7.285334e-01 4.360628e+00 0 61224
-2.331848e+12 -7.252609e+11 -1.343217e+12 -8.727335e-01 -3.569832e-01 -3.330153e-01 -1.388218e+00 0 598090
-7.165013e+11 -1.183517e+12 -1.063582e+12 -8.852095e-01 1.599569e-01 -4.368271e-01 -6.782597e+00 0 126480
7.111392e+12 -6.406936e+11 7.771340e+11 9.681778e-01 -1.864523e-01 1.669351e-01 4.362527e-01 0 3
1.874321e+12 1.037024e+12 2.241522e+12 4.290902e-01 3.585684e-01 8.290418e-01 -3.786409e+00 0 253529
-8.138719e+11 4.556021e+11 -1.559929e+12 3.049696e-01 3.461488e-01 -8.872286e-01 1.615871e+00 0 68971
-1.388178e+12 3.661077e+11 -9.187154e+11 -9.412696e-01 -3.290224e-01 -7.586729e-02 8.941116e+00 0 5066
-4.551147e+11 -3.056113e+11 1.605588e+12 -6.363031e-01 6.801682e-01 3.639912e-01 -5.327205e+00 0 7024
5.238419e+11 -1.222265e+12 -1.604631e+12 3.715209e-01 -3.775079e-02 -9.276568e-01 1.632573e+00 0 33398
4.184695e+12 -2.291221e+12 -3.501596e+11 9.724348e-01 -1.920819e-01 -1.321935e-01 2.560004e+01 0 1
-1.652718e+12 -9.295310e+11 -1.634055e+12 -4.528114e-01 -4.061519e-01 -7.937269e-01 -3.459280e-01 0 1
5.778551e+11 -1.112745e+12 1.160237e+12 2.145799e-01 -8.234133e-01 5.253056e-01 -9.565248e-01 0 44289
9.624512e+11 2.717512e+12 1.139180e+12 5.875187e-01 7.128423e-01 3.829851e-01 -1.392606e+01 0 1
3.015458e+12 -9.905934e+11 -2.581383e+11 8.328151e-01 -5.364843e-01 1.363951e-01 -2.160895e-01 0 1
6.027914e+11 -6.720705e+09 3.670736e+12 2.062086e-01 -1.888999e-01 9.601015e-01 -6.407886e+00 0 297966
-1.351422e+12 -9.998630e+11 -1.519020e+12 -9.312642e-01 -2.637477e-01 -2.513647e-01 -9.187243e+00 0 4638
2.136979e+12 8.648163e+11 -1.195121e+12 7.435470e-01 -2.417227e-01 -6.234645e-01 -1.556495e+01 0 188819
2.700004e+10 6.440286e+12 6.014490e+12 -9.423157e-02 7.266959e-01 6.804656e-01 1.274821e+01 0 1
-1.974649e+11 8.485507e+11 -1.547337e+12 -2.451198e-01 3.911402e-01 -8.870883e-01 3.064636e+00 0 77168
1.208456e+12 2.606752e+12 1.064287e+12 5.170661e-01 7.750011e-01 3.633401e-01 -2.566830e-03 0 4
-1.106832e+12 -1.330537e+12 6.735860e+11 -6.986832e-01 -6.854407e-01 2.049704e-01 -8.670924e+00 0 3007
-4.767630e+11 9.077994e+11 1.524624e+12 -3.841829e-01 3.192218e-01 8.663146e-01 -1.369691e+00 0 221421
-1.649492e+12 1.659264e+12 1.995851e+11 -3.683217e-01 8.610820e-01 3.505381e-01 -7.829990e-01 0 1
1.775926e+11 1.784341e+12 1.239477e+12 -6.600110e-01 5.417621e-01 5.204607e-01 4.838044e-01 0 1
2.583644e+11 -1.508312e+12 -1.198096e+12 6.665677e-01 -7.435048e-01 -5.374121e-02 3.875643e+00 0 20360
1.333874e+11 2.111413e+12 1.269732e+12 1.780846e-01 6.202649e-01 7.639093e-01 1.469779e-01 0 99107
-3.541307e+12 1.401352e+12 5.801224e+11 -9.059099e-01 3.917733e-01 -1.607513e-01 5.023507e+00 0 1
-8.507976e+11 -3.200222e+12 -1.958816e+12 -2.880245e-01 -8.179616e-01 -4.979766e-01 2.380186e+00 0 5
-1.621283e+12 8.144575e+11 1.877639e+11 -4.905933e-01 7.553687e-01 -4.344380e-01 -5.589212e+00 0 42340
1.318497e+12 -6.505938e+11 -2.693556e+12 6.580545e-01 -3.849883e-01 -6.471077e-01 1.547946e+00 0 3
2.059567e+12 -2.252288e+11 4.241920e+11 8.087611e-01 5.803156e-01 9.559948e-02 8.245695e+00 0 3
-1.255917e+12 1.236955e+12 9.824156e+11 -9.326791e-02 3.347522e-01 9.376791e-01 1.576422e+00 0 178262
1.904465e+12 9.157878e+11 3.195889e+11 8.559852e-01 -3.390016e-02 5.158876e-01 2.489341e+00 0 1
-7.739855e+11 -4.084981e+11 1.739683e+12 -6.729136e-01 1.296576e-01 7.282693e-01 -6.972146e+00 0 3
8.002574e+11 1.074824e+11 2.367375e+12 6.491724e-02 3.976305e-02 9.970981e-01 2.946146e+00 0 115005
1.567516e+12 -3.037086e+11 -1.319370e+12 7.219158e-01 3.595453e-01 -5.912401e-01 1.188620e+01 0 30982
5.366370e+10 -1.046520e+12 -1.747945e+12 -8.134009e-02 2.675955e-03 -9.966828e-01 2.668887e+00 0 22398
1.671326e+12 -9.015241e+11 1.453896e+12 6.424098e-01 -7.262335e-01 2.447336e-01 -1.263550e+01 0 57212
-1.465104e+12 -1.225902e+12 8.089928e+11 -9.039669e-01 1.126768e-01 4.124898e-01 -6.380826e+00 0 1236
2.524659e+12 -1.308306e+12 6.965350e+11 7.805974e-01 -6.001657e-01 1.745533e-01 -1.044807e+01 0 1
2.395687e+12 -1.523110e+12 -5.742577e+11 5.671088e-01 -8.182719e-01 9.390821e-02 -1.511409e+01 0 26847
1.810227e+11 -1.009273e+12 -3.418455e+12 -8.777347e-02 -1.942698e-01 -9.770133e-01 5.412321e+00 0 1
2.100318e+12 1.191044e+12 -1.999105e+12 5.004452e-01 5.303312e-01 -6.843270e-01 -2.153777e+00 0 2
-4.959115e+10 7.342978e+10 1.700673e+12 7.048588e-01 1.073864e-01 7.011721e-01 -5.238961e-01 0 13926
1.663798e+12 -1.008352e+12 -1.496322e+12 3.208396e-01 7.995871e-04 -9.471332e-01 -6.661844e+00 0 1
3.036061e+12 1.754430e+12 2.787759e+12 4.249797e-01 4.673923e-01 7.752011e-01 -3.341867e+00 0 1
2.495856e+12 -4.301362e+11 -5.666079e+12 4.025540e-01 5.722896e-02 -9.136056e-01 9.402042e+00 0 1
-7.246316e+11 -4.640479e+10 2.347625e+12 -2.455564e-01 6.312708e-01 7.356625e-01 -7.997909e+00 0 1
1.452058e+12 -6.786067e+11 5.594166e+11 7.882255e-01 -3.395667e-01 5.132202e-01 3.097420e+00 0 55065
-3.170744e+12 -1.202342e+12 1.232412e+12 -9.035031e-01 -3.438213e-01 2.558693e-01 -7.942490e+00 0 2
2.043668e+12 -1.636793e+12 5.913734e+11 9.324538e-01 -3.561375e-01 -6.079471e-02 1.117553e+01 0 1
4.986514e+11 2.533326e+11 1.783335e+12 2.269155e-01 6.738841e-01 7.031284e-01 -1.259522e+00 0 159546
1.114409e+13 -9.269582e+12 1.457310e+12 7.235885e-01 -6.777176e-01 1.308376e-01 2.805579e+00 0 2
2.176549e+11 -1.535941e+12 -1.002811e+12 2.891384e-01 -8.618307e-01 -4.167095e-01 -2.154929e+00 0 14602
6.731743e+11 -1.351249e+12 -1.044802e+12 5.746709e-01 -4.857675e-01 -6.586223e-01 7.866375e-01 0 1
-6.262125e+11 4.280417e+11 -5.384551e+12 -1.153387e-01 -1.654136e-01 -9.794567e-01 -1.052545e+01 0 1
-6.826048e+11 -2.015633e+12 1.796909e+12 -5.466909e-01 -7.446301e-01 3.829558e-01 -3.401407e-01 0 1
1.205115e+12 -7.290661e+11 -1.562806e+12 8.981110e-01 -1.852696e-01 -3.988382e-01 -1.000612e+01 0 1
-1.621622e+12 2.201506e+11 -1.067497e+12 -5.930925e-01 -3.317648e-02 -8.044505e-01 -1.270613e+00 0 201906
1.532932e+12 4.200659e+11 6.602860e+11 2.814628e-02 5.013067e-01 8.648118e-01 3.986341e+00 0 320713
1.308607e+12 2.051123e+11 1.227099e+12 9.298434e-01 3.172550e-01 -1.863884e-01 7.702453e-01 0 165240
1.742328e+11 2.002541e+12 -3.886595e+11 3.248446e-01 7.098865e-01 -6.249297e-01 -1.002201e+01 0 2
5.824423e+11 -3.200765e+12 -4.869343e+11 9.295555e-02 -9.952674e-01 2.832072e-02 1.199372e+00 0 53855
3.644006e+11 -1.179836e+12 1.290774e+12 3.283074e-01 -1.214154e-01 9.367350e-01 6.839079e-01 0 2603
2.871727e+11 1.719599e+12 1.496810e+12 6.552679e-01 4.249247e-01 6.245502e-01 -1.319286e+01 0 17276
-2.181622e+12 2.996651e+12 3.256737e+12 -3.469115e-01 7.780204e-01 5.237716e-01 -1.179213e+01 0 1
1.177079e+11 -1.589567e+12 -7.093353e+11 1.848556e-01 -9.372221e-01 -2.957078e-01 -4.039065e+00 0 275712
3.678131e+09 -1.201577e+12 1.234417e+12 -5.178954e-01 -4.028929e-01 7.546268e-01 -4.911807e+00 0 11344
6.926963e+11 -3.850144e+12 -9.147261e+11 4.314495e-01 -9.014045e-01 3.634940e-02 6.155523e+00 0 24320
-7.944789e+11 -1.508839e+12 4.426635e+11 -8.496944e-01 -2.395559e-01 4.697152e-01 -1.384454e+01 0 132882
-8.816732e+11 1.331190e+12 8.472924e+11 -1.493743e-01 9.657967e-01 2.119531e-01 -7.766398e+00 0 1
-1.234119e+12 3.059953e+12 2.454965e+12 -4.546452e-01 8.018623e-01 3.877042e-01 -3.968410e-01 0 21451
3.311203e+12 -4.624658e+11 2.247064e+11 9.642623e-01 1.121130e-02 2.647120e-01 -1.694413e+00 0 1
-1.670568e+12 4.210141e+11 1.284994e+11 -7.729460e-01 -6.340644e-01 -2.273294e-02 6.002666e+00 0 1
4.016323e+12 -1.699419e+12 -2.906690e+12 7.552382e-01 -3.661260e-01 -5.436607e-01 -8.097950e+00 0 89435
2.106120e+12 -7.801651e+11 1.599248e+12 7.937854e-01 1.157394e-01 5.970839e-01 3.666724e+00 0 1
-1.597411e+11 -1.308468e+12 -1.416647e+12 -5.375947e-01 -1.405315e-01 -8.314102e-01 -2.817578e+00 0 212126
1.261247e+12 1.173586e+12 -1.172695e+12 7.517805e-01 4.492437e-01 -4.827072e-01 3.634667e+00 0 147280
-2.857629e+12 1.455049e+12 1.190614e+12 -6.320739e-01 6.052726e-01 4.838674e-01 -1.323469e+01 0 3
2.228342e+12 -8.836556e+11 -1.220637e+12 4.874204e-01 -3.299019e-01 -8.084467e-01 -5.853841e+00 0 21794
-1.242415e+12 -1.808730e+11 2.182102e+12 -5.870583e-01 -3.747526e-01 7.175813e-01 6.216198e+00 0 52203
-1.993549e+12 1.615291e+12 -4.059631e+10 -7.044609e-01 7.058589e-01 7.414882e-02 -7.311360e+00 0 32922
-1.293186e+12 1.323026e+12 -1.265089e+11 -3.791159e-01 6.671037e-01 6.412830e-01 2.654604e+00 0 3
1.770018e+12 -2.035470e+11 1.673940e+12 9.389441e-01 -5.496789e-02 3.396505e-01 -1.877870e+00 0 1
-2.454011e+12 2.652004e+12 6.050789e+11 -6.144455e-01 7.053389e-01 3.534879e-01 2.191505e+00 0 448
-4.054491e+11 -2.599835e+12 -6.635766e+11 -1.151526e-01 -9.105647e-01 -3.970035e-01 6.099354e+00 0 153929
-3.876326e+12 -2.257757e+13 6.471143e+12 -2.167031e-01 -9.407389e-01 2.608643e-01 6.749480e-01 0 1
1.008863e+11 4.828265e+11 1.683303e+12 -4.896246e-01 -5.979141e-01 6.346389e-01 4.719095e+00 0 164537
-2.285137e+12 -2.756913e+12 -2.658235e+11 -8.512595e-01 -4.419683e-01 -2.828802e-01 -2.806694e+01 0 1
1.178447e+12 -5.695781e+11 -1.327580e+12 3.267339e-01 -4.115992e-01 -8.507826e-01 -6.421739e-02 0 4709
-3.404041e+10 1.336811e+11 -3.608445e+12 -3.205857e-01 -7.725357e-02 -9.440639e-01 5.395976e+00 0 165889
-2.146637e+12 9.973515e+11 -1.048401e+12 -5.427820e-01 6.360212e-01 -5.485113e-01 -2.678514e+00 0 43219
-1.221219e+13 -6.950954e+12 4.973195e+12 -8.110547e-01 -5.161776e-01 2.752290e-01 -5.152246e+00 0 2
1.391573e+13 -2.544684e+12 8.398641e+12 8.629104e-01 -1.114725e-01 4.929093e-01 -6.227206e+00 0 1
-1.700998e+11 1.249368e+12 1.541274e+12 -1.844047e-01 6.282987e-01 7.558013e-01 -2.422333e+00 0 4132
-4.024767e+12 7.971061e+11 -7.461824e+11 -7.897616e-01 3.444013e-01 -5.076064e-01 -1.513982e+01 0 2
3.038090e+12 6.900049e+12 -6.716732e+12 3.266225e-01 6.592462e-01 -6.772830e-01 7.043918e+00 0 2
4.486152e+11 -1.302523e+11 -3.050140e+12 2.533759e-02 1.745480e-01 -9.843226e-01 -3.696824e+00 0 1
-9.887470e+11 9.878066e+11 -1.589545e+12 -8.372627e-01 2.643016e-01 -4.786813e-01 1.457580e+00 0 143686
2.729364e+12 -4.861666e+11 1.017889e+12 9.171236e-01 -1.910001e-01 3.498619e-01 3.232975e+00 0 122638
5.447909e+11 1.221479e+12 1.042996e+12 7.430099e-01 4.858928e-01 4.602657e-01 -7.034985e+00 0 183955
-3.448804e+12 -7.545922e+11 -3.556596e+12 -6.975942e-01 -3.514584e-01 -6.243712e-01 1.012624e+01 0 3
1.970049e+12 8.172517e+11 9.350291e+11 8.472228e-01 4.774693e-01 -2.328874e-01 6.938180e+00 0 63213
-3.362118e+12 -2.084127e+12 -1.179344e+12 -8.267120e-01 -4.907581e-01 -2.751433e-01 5.330121e+00 0 2
-2.078538e+12 -1.592164e+12 3.488860e+11 -6.901916e-01 -4.826497e-01 5.391519e-01 5.366204e+00 0 1
1.115636e+12 -5.774192e+11 1.645844e+12 8.660528e-01 -3.570959e-02 4.986757e-01 -5.001967e-01 0 3
-1.339033e+12 -2.268855e+11 -4.514182e+12 -4.700949e-01 3.719317e-03 -8.826080e-01 4.112889e+00 0 1
2.549946e+12 6.226060e+11 7.833849e+11 9.368387e-01 3.196387e-01 -1.420011e-01 -1.687080e+00 0 123803
-1.123802e+12 1.133368e+11 -1.312724e+12 3.509513e-01 -3.813343e-01 -8.552294e-01 6.289571e-01 0 30535
1.105670e+12 1.280453e+12 5.408479e+11 1.673725e-01 8.659168e-01 -4.713539e-01 1.088618e+01 0 383495
-1.425187e+12 2.597149e+12 1.568039e+12 -6.694759e-01 5.099875e-01 5.401063e-01 2.199667e+00 0 4
-1.213948e+12 1.241477e+12 -5.602022e+11 -9.118517e-02 9.622887e-01 -2.562923e-01 -4.090175e+00 0 4
1.332245e+12 -1.230105e+12 3.830229e+11 9.952877e-01 -3.644587e-02 8.985544e-02 1.413563e+01 0 332698
-1.893354e+12 1.524015e+13 -1.168796e+13 -5.984942e-02 8.350538e-01 -5.469033e-01 3.372490e+00 0 1
1.454866e+12 -1.952393e+12 -2.343480e+12 5.081521e-01 -3.534911e-01 -7.853824e-01 1.096967e+00 0 41184
-6.721684e+10 2.211076e+12 2.902123e+12 -4.397619e-01 4.637848e-01 7.690989e-01 1.858151e+01 0 1
1.356552e+12 -6.305355e+11 1.014486e+12 8.345111e-01 4.862480e-01 2.591409e-01 1.500945e+01 0 35564
-1.689161e+12 -2.496837e+11 3.298049e+11 -6.566111e-01 -4.919936e-01 5.716678e-01 3.059255e+00 0 18509
-2.274601e+12 -3.526037e+12 -3.975502e+12 -5.674496e-01 -4.502671e-01 -6.893914e-01 -1.570651e+01 0 1
-8.230184e+11 -4.552651e+11 1.432538e+12 -8.775576e-01 1.204732e-01 4.640892e-01 -2.086264e+00 0 161302
-1.111323e+12 1.405750e+12 -1.016705e+12 -5.164263e-01 7.196709e-01 -4.640881e-01 1.370453e+00 0 167839
2.781786e+12 -3.951407e+12 2.617216e+12 5.157364e-01 -7.597136e-01 3.960443e-01 5.996190e+00 0 3
6.494393e+11 -6.523101e+12 4.040901e+12 9.323803e-02 -8.373675e-01 5.386300e-01 -4.554773e+00 0 127922
-3.001506e+12 5.009827e+11 2.304053e+11 -9.119980e-01 -3.565339e-02 4.086421e-01 1.009300e+01 0 3
8.698690e+09 1.413541e+12 -1.351002e+12 -6.825116e-02 4.163829e-01 -9.066240e-01 3.024732e+00 0 106180
7.655442e+11 -3.061986e+12 2.574211e+12 2.149472e-01 -8.371416e-01 5.029827e-01 5.235707e+00 0 141258
-1.891526e+13 -5.536098e+12 6.955432e+12 -9.279616e-01 -2.275320e-01 2.951550e-01 7.293380e-01 0 1
7.171674e+11 9.212985e+11 1.505402e+12 8.942926e-01 3.537980e-03 4.474687e-01 -1.091950e+01 0 1
-2.139826e+12 -5.446019e+12 -5.545463e+11 -5.061577e-01 -8.610281e-01 4.934463e-02 -1.899126e+01 0 1
-1.998072e+11 5.657324e+11 2.055549e+12 -5.680162e-01 5.250822e-01 6.337557e-01 -1.436226e+00 0 215407
-1.378233e+12 -1.449156e+12 -1.246217e+12 -1.608138e-03 -8.666489e-01 -4.989159e-01 8.027192e+00 0 17835
-2.460351e+12 2.200894e+12 2.075459e+12 -4.959368e-01 6.113470e-01 6.166859e-01 -1.190793e+01 0 2
1.534720e+12 2.081962e+12 -5.649490e+11 4.286294e-01 8.116484e-01 -3.968673e-01 -4.045435e-01 0 82084
-1.954552e+11 -5.404898e+11 1.753426e+12 -4.160127e-01 -6.951679e-01 5.862380e-01 2.380071e+00 0 163483
9.848212e+11 5.846025e+12 6.058865e+12 1.916014e-01 7.128239e-01 6.746636e-01 -1.113213e+01 0 1
-9.380025e+10 9.280570e+11 -1.613226e+12 -5.383845e-01 6.584870e-01 -5.258679e-01 7.110607e+00 0 21596
4.350164e+11 1.004719e+12 -1.572661e+12 3.162546e-01 4.951380e-01 -8.092104e-01 -6.467738e+00 0 39419
-1.752900e+12 -6.194424e+12 -1.249109e+12 -4.492213e-01 -8.821368e-01 -1.415443e-01 -2.103139e+01 0 1
9.972635e+09 -3.142398e+11 1.666764e+12 2.695814e-01 -5.603726e-01 7.831401e-01 1.222939e+00 0 3051
1.294193e+12 -8.903806e+11 7.758260e+11 7.317373e-01 -6.334473e-01 2.516048e-01 -6.560420e-01 0 273751
-7.240326e+12 3.394947e+12 2.802197e+12 -7.864368e-01 4.825296e-01 3.855934e-01 -1.603207e+01 0 1
1.752579e+12 -1.822431e+12 -6.732454e+11 3.684662e-01 -9.294311e-01 1.976146e-02 -3.231102e+00 0 1
5.818731e+11 -1.399432e+12 -1.100933e+12 -7.921285e-02 -5.987563e-01 -7.970045e-01 -7.467855e-01 0 99585
-1.687882e+12 4.211806e+11 -7.620792e+11 -3.949622e-01 -4.512389e-02 -9.175885e-01 -2.313209e+00 0 1
-1.448723e+12 -3.692305e+12 -4.081673e+12 1.202890e-02 -5.976605e-01 -8.016590e-01 1.575113e+01 0 1
2.739539e+12 -2.258621e+12 1.698501e+12 8.015888e-01 -5.510899e-01 2.318521e-01 5.220866e+00 0 159676
1.588966e+11 1.542147e+12 -6.889570e+11 2.409411e-01 9.696023e-01 4.264665e-02 2.298506e+00 0 157940
-2.517889e+12 -2.637924e+12 2.047836e+12 -6.987236e-01 -3.299071e-01 6.347807e-01 5.496230e+00 0 1
-6.083391e+11 -1.978412e+12 -1.196183e+11 -4.849487e-01 -8.657359e-01 -1.237984e-01 6.798772e-02 0 2
-4.960617e+12 6.921191e+11 -3.412038e+12 -6.912356e-01 3.217593e-01 -6.470427e-01 -2.282045e+01 0 1
1.998025e+12 3.669069e+11 1.434835e+12 8.609868e-01 9.308338e-02 5.000372e-01 1.266178e+00 0 14968
2.215396e+12 8.792311e+11 -7.479738e+11 7.478518e-01 3.836632e-01 -5.417750e-01 -2.584197e+00 0 920
-1.673770e+12 1.939225e+10 -8.027349e+11 -4.889924e-01 5.423430e-01 -6.831914e-01 -1.185040e+01 0 130468
-1.749555e+12 1.005113e+12 -1.947202e+12 -1.876801e-01 2.709638e-01 -9.441159e-01 1.637579e+00 0 1
4.898373e+11 1.539650e+12 -9.557046e+11 8.363128e-01 1.108223e-01 -5.369351e-01 -2.475546e+01 0 1
1.934552e+12 7.986456e+11 -5.505667e+11 7.848839e-01 5.836428e-01 -2.081305e-01 7.815329e+00 0 2923
8.623470e+11 6.923395e+11 -1.736482e+12 1.008522e-01 3.482955e-01 -9.319437e-01 -1.894232e+00 0 1
-1.915470e+12 2.565409e+11 2.615686e+12 -5.126552e-01 -3.631052e-01 7.780355e-01 1.515486e+01 0 1
-2.652078e+12 6.653532e+12 3.612090e+12 -2.236538e-01 8.672267e-01 4.448560e-01 -1.361724e+01 0 1
1.232280e+12 -3.493082e+11 1.167565e+12 7.353368e-01 -2.610739e-01 6.253961e-01 -2.123095e+00 0 2964
-7.702150e+11 -1.420561e+12 -2.860089e+12 -1.462070e-01 -4.818118e-01 -8.639912e-01 3.699713e+00 0 144336
4.786137e+11 1.558972e+12 -7.072600e+11 5.161366e-02 9.302472e-01 -3.632852e-01 4.789207e+00 0 11616
-1.703075e+12 -9.685774e+11 1.410981e+12 -8.945339e-01 -1.282230e-01 4.282149e-01 -8.810123e+00 0 374327
-2.359068e+12 1.022288e+12 -1.080911e+11 -8.717638e-01 2.989577e-02 4.890135e-01 1.081543e+01 0 2
1.028151e+12 5.646376e+10 1.849079e+12 1.001398e-01 -3.040732e-01 9.473708e-01 -7.680409e+00 0 27464
-1.828834e+12 1.366013e+11 -4.607487e+11 -9.096677e-01 3.332005e-01 2.479558e-01 -1.356433e+01 0 2
-3.716842e+12 1.506453e+12 2.137031e+12 -7.718867e-01 5.118791e-01 3.770553e-01 -1.153168e+01 0 2
-1.607735e+12 6.402755e+11 1.010000e+12 -9.313333e-01 -2.947780e-01 2.138322e-01 2.239243e+01 0 1
1.599702e+12 -3.261576e+08 -1.030528e+12 8.168150e-01 3.489948e-01 -4.593647e-01 4.154306e+00 0 115342
-3.770189e+11 -1.162114e+12 1.683505e+12 -5.510284e-01 -2.400822e-01 7.992048e-01 -8.112540e+00 0 49507
1.513023e+11 1.499884e+12 1.416610e+12 3.738674e-01 6.856539e-01 6.245814e-01 -7.631875e+00 0 64818
5.554327e+12 -4.884670e+12 -1.129855e+12 7.090315e-01 -6.486389e-01 -2.766622e-01 8.101785e+00 0 1
-8.422860e+11 -1.376210e+12 1.388896e+12 1.941504e-01 -6.735618e-01 7.131761e-01 4.724557e+00 0 338151
2.082294e+12 1.484340e+11 2.810563e+11 9.459578e-01 2.060649e-01 -2.504020e-01 5.284792e+00 0 33255
-3.033840e+12 1.993736e+10 4.308230e+11 -9.791053e-01 1.403838e-01 -1.471232e-01 -7.968156e+00 0 58301
-2.010106e+12 1.753208e+12 3.942399e+11 -2.688083e-01 9.630487e-01 -1.671422e-02 -1.801483e+01 0 3
1.463903e+13 1.283393e+13 4.590412e+12 7.752801e-01 5.812495e-01 2.471635e-01 -9.860870e-01 0 1
9.554539e+11 -1.628110e+12 1.117029e+12 2.710196e-01 -7.573879e-01 5.940639e-01 -7.497366e+00 0 195835
-1.661634e+12 3.614915e+11 3.555698e+11 -8.236981e-01 -5.740781e-02 -5.641150e-01 -9.633836e-02 0 13406
1.281472e+12 -3.763577e+11 1.407173e+12 7.445384e-01 4.991523e-01 4.432939e-01 2.242373e+00 0 1
-1.912273e+12 -1.651167e+11 2.083048e+12 -7.088645e-01 -4.078762e-01 5.754547e-01 9.304828e+00 0 20820
-1.112758e+12 1.117915e+12 -6.851673e+11 -4.660312e-01 2.742222e-02 -8.843432e-01 4.055067e+00 0 14350
1.733845e+12 -2.513188e+12 1.797743e+12 5.582392e-01 -5.283634e-01 6.396883e-01 -1.463668e+00 0 2
-1.511669e+13 1.289162e+13 -1.563082e+12 -7.161025e-01 6.938803e-01 -7.567885e-02 -5.717135e-01 0 1
-1.356858e+12 2.822966e+12 -3.509842e+12 -6.575428e-03 6.093081e-01 -7.929063e-01 -1.417829e+01 0 1
-5.559415e+11 1.667107e+12 -1.922122e+12 -7.243880e-01 4.831209e-01 -4.917888e-01 6.079312e+00 0 103124
-3.861008e+12 -3.202845e+11 -4.876136e+12 -5.144222e-01 6.892968e-02 -8.547623e-01 2.300898e+00 0 2
1.514206e+12 4.437298e+12 -1.809077e+12 5.084467e-01 7.752036e-01 -3.748885e-01 -1.068913e+00 0 1
-2.861192e+12 -2.923723e+11 7.763418e+10 -8.369380e-01 -1.047762e-01 5.371747e-01 -4.144146e+00 0 136683
7.381116e+11 9.997019e+11 -1.745122e+12 -6.433486e-03 6.172782e-01 -7.867186e-01 1.292765e+00 0 4286
1.036931e+12 -2.769187e+12 8.199149e+11 -1.333500e-01 -9.241454e-01 3.580126e-01 -8.099538e-01 0 1
-1.697972e+12 -4.220231e+11 -4.949247e+11 -9.853287e-01 1.466461e-01 8.730612e-02 -3.848297e+00 0 1548
-5.037451e+11 -1.261063e+12 -1.124542e+12 -5.747504e-01 5.343591e-03 -8.183113e-01 8.948709e-01 0 54168
-2.229706e+11 -6.199592e+11 1.756298e+12 2.465100e-01 -7.177056e-01 6.512538e-01 -1.513921e+00 0 2
4.151192e+11 -1.666121e+12 -4.999752e+10 -3.160485e-01 -8.209834e-01 4.754994e-01 -7.455269e+00 0 78045
1.388765e+12 9.558784e+11 -1.079755e+12 9.348032e-01 2.846101e-02 -3.540239e-01 1.193290e+00 0 2
4.624886e+12 -1.598417e+12 9.795807e+11 7.488094e-01 -5.479762e-01 3.728359e-01 -4.066143e-01 0 1
-1.959176e+12 -3.552367e+12 -4.902714e+11 -3.106544e-01 -9.481668e-01 6.688447e-02 9.928862e+00 0 1
-2.421533e+12 9.825216e+10 -2.791289e+11 -9.106376e-01 1.496972e-01 -3.851362e-01 -6.053344e+00 0 163478
-1.529146e+12 7.786718e+09 -1.114558e+12 -8.464679e-01 5.148428e-01 1.357533e-01 -1.468795e+01 0 2
-2.237943e+11 2.293389e+12 -2.321263e+11 -1.296514e-01 9.758105e-01 -1.760237e-01 3.674575e+00 0 2
4.511703e+11 1.144917e+13 2.617983e+11 -1.047101e-01 9.943627e-01 1.669172e-02 2.880142e+01 0 1
5.649787e+11 -2.059528e+12 1.225737e+12 3.255303e-01 -8.692333e-01 3.721069e-01 7.940216e+00 0 3
3.353191e+10 -2.009020e+12 6.916276e+11 -7.151974e-01 -6.522823e-01 2.510388e-01 -1.722336e+01 0 5049
-6.282139e+11 3.548273e+11 -1.546078e+12 4.123883e-01 7.782439e-01 -4.735739e-01 -6.396693e+00 0 147365
1.547168e+12 4.582568e+11 -5.424612e+11 3.671156e-01 7.513882e-01 -5.483082e-01 1.099458e+01 0 17096
1.511772e+12 7.896610e+11 3.992451e+11 6.662214e-01 -1.206448e-01 7.359306e-01 -8.999330e+00 0 2941
-8.376435e+11 1.484543e+12 -9.035803e+10 1.449904e-01 9.678391e-01 -2.055851e-01 -8.548881e+00 0 62614
4.499482e+12 -2.859793e+12 1.428055e+12 8.132152e-01 -4.855121e-01 3.208722e-01 -2.865697e+00 0 39056
3.952939e+12 1.126948e+12 -6.234124e+10 9.742613e-01 2.204672e-01 -4.700031e-02 2.726747e+00 0 46370
1.513231e+12 -1.609882e+12 -1.594214e+12 6.418455e-01 -6.816734e-01 -3.512203e-01 3.020605e+00 0 1
-7.885151e+11 -1.130746e+12 -1.811637e+12 -3.798807e-03 3.197915e-02 -9.994813e-01 -4.148441e+00 0 99210
-1.723331e+12 -1.230022e+11 4.047072e+12 -5.956144e-01 -1.191942e-01 7.943779e-01 -4.097091e+00 0 32977
2.557616e+12 -2.698815e+12 1.305742e+12 3.553918e-01 -8.329466e-01 4.241422e-01 -1.718812e+01 0 2
-1.729873e+12 8.384346e+11 5.358663e+11 -3.008973e-01 8.933637e-01 3.337097e-01 -1.680146e+01 0 1
9.478556e+11 3.721584e+12 2.784079e+12 4.897823e-01 6.456001e-01 5.859300e-01 -4.811102e+00 0 1
-1.719987e+12 -2.385658e+12 3.594007e+11 -5.311374e-01 -8.423801e-01 -9.104279e-02 6.147999e+00 0 82779
-1.159655e+12 6.520529e+11 1.271027e+12 -5.748259e-01 3.726675e-01 7.284876e-01 1.402442e+00 0 3650
-3.093290e+11 -5.870521e+11 1.846793e+12 -8.598542e-01 7.366463e-02 5.051973e-01 -1.374842e+00 0 1
-1.949045e+11 -8.024951e+11 -1.706268e+12 5.357281e-01 -6.097549e-01 -5.841184e-01 3.018954e+00 0 2
1.502161e+12 -7.725966e+11 5.027054e+11 5.886821e-01 5.308936e-01 6.095944e-01 8.880153e+00 0 149859
-9.091331e+11 -1.319218e+12 6.006043e+11 -7.967918e-01 7.662205e-02 5.993763e-01 -4.643765e-01 0 1
-1.193377e+12 -1.987659e+12 -6.390294e+11 6.827595e-02 -9.496547e-01 -3.057686e-01 1.912483e+01 0 1
2.129900e+12 1.316335e+12 7.998449e+11 7.241550e-01 5.018479e-01 4.730202e-01 -3.148128e+00 0 18475
-7.961381e+11 3.020400e+11 1.515984e+12 -2.390849e-01 -8.448855e-01 4.785468e-01 1.022522e+01 0 1
-1.589923e+12 1.441001e+12 3.616887e+12 -2.361870e-01 6.362418e-01 7.344468e-01 -1.120796e+00 0 2
-1.873645e+12 6.368536e+12 -5.167425e+12 -1.869703e-01 7.094854e-01 -6.794649e-01 -6.018857e+00 0 30645
-7.029144e+12 -2.902582e+12 -2.576804e+12 -9.188758e-01 -2.844171e-01 -2.734487e-01 -1.704868e+01 0 2
1.349414e+12 -4.696929e+10 1.232794e+12 9.338259e-01 -9.220732e-02 3.456401e-01 -2.944266e+00 0 25046
-5.604366e+12 8.488568e+12 2.581059e+12 -6.103966e-01 7.838117e-01 1.142592e-01 1.492417e+01 0 1
1.015293e+12 9.558794e+11 1.989341e+12 6.201363e-01 1.251325e-01 7.744500e-01 1.027275e+00 0 5135
-4.265619e+12 -2.310418e+11 -1.360978e+12 -7.859177e-01 9.348885e-02 -6.112227e-01 -9.177423e+00 0 20990
1.284303e+12 -1.446248e+12 -1.084661e+12 1.889561e-01 -5.774658e-01 -7.942473e-01 -2.751679e-01 0 262136
1.869173e+12 1.089760e+12 -5.722710e+12 2.209576e-01 3.672415e-01 -9.034995e-01 1.620609e+01 0 1
-1.047716e+12 1.283594e+12 -4.457201e+11 -7.432674e-01 5.381292e-02 -6.668266e-01 1.054229e+01 0 142232
-2.524792e+12 -9.489100e+11 1.827278e+12 -8.679087e-01 -1.179272e-01 4.825221e-01 3.511397e-01 0 32734
-1.758446e+12 -4.824179e+11 -1.113262e+12 -2.978089e-01 -5.237409e-01 -7.981261e-01 1.228294e+01 0 1
9.331354e+11 8.393870e+11 1.151077e+12 -2.220913e-01 3.203093e-01 9.209112e-01 3.001527e+00 0 11267
1.196862e+11 -1.818865e+12 -6.015522e+11 -1.313391e-01 -9.722021e-01 1.938377e-01 -8.030963e+00 0 268332
-4.182894e+11 1.625810e+12 -8.821031e+11 -2.092931e-01 9.749034e-01 -7.589294e-02 -5.519228e+00 0 15668
1.586546e+12 -1.258679e+12 3.957589e+12 5.792408e-01 -3.359116e-01 7.427271e-01 9.889299e+00 0 1
1.003713e+12 -2.628887e+12 -2.495439e+12 1.745464e-01 -8.172172e-01 -5.492628e-01 -6.367876e+00 0 3
4.144812e+11 2.412350e+12 1.020522e+12 4.913706e-02 7.819961e-01 6.213434e-01 -4.125895e+00 0 2
-1.677483e+12 1.552206e+12 1.055370e+12 -7.769792e-01 6.288960e-01 -2.816294e-02 -2.435319e+00 0 6717
-5.146492e+11 -2.337622e+11 -1.830968e+12 -2.137102e-02 2.486473e-01 -9.683583e-01 2.702242e+00 0 10327
-1.652961e+12 2.353919e+11 6.763245e+11 -5.707420e-01 -8.180167e-01 -7.142964e-02 1.172770e+01 0 86076
-1.324012e+12 1.145290e+13 1.936578e+12 -1.377989e-01 9.659199e-01 2.191122e-01 -5.201878e+00 0 2
-3.462745e+11 -1.112879e+12 1.640829e+12 1.584908e-01 -9.742975e-01 1.600785e-01 -1.966376e-01 0 2
4.296604e+11 8.587658e+12 3.942816e+12 -9.049696e-02 9.237663e-01 3.721103e-01 2.226914e+01 0 1
4.686691e+12 -4.106800e+12 1.007077e+12 6.471899e-01 -7.553000e-01 1.032812e-01 -1.494450e+01 0 1
2.949318e+13 1.614311e+12 -7.833289e+12 9.592379e-01 9.738343e-02 -2.652907e-01 1.248778e+00 0 1
-3.605259e+12 2.320872e+12 -3.762128e+12 -7.530178e-01 1.810815e-01 -6.325928e-01 1.939707e+01 0 1
5.258849e+12 -1.001930e+13 -7.150139e+12 4.453459e-01 -7.294789e-01 -5.191604e-01 -1.343541e-02 0 1
8.101588e+10 -7.833357e+11 2.611377e+12 -3.150662e-02 1.044936e-01 9.940264e-01 7.070833e+00 0 2
1.472388e+11 9.500211e+10 1.692898e+12 -1.938856e-01 1.734814e-01 9.655633e-01 -2.982527e+00 0 127026
-4.909562e+11 3.975898e+11 -1.817180e+12 -4.137827e-01 -9.168762e-02 -9.057468e-01 5.826662e+00 0 254098
2.108324e+12 3.746236e+10 -4.792850e+11 8.372986e-01 5.275445e-01 -1.436237e-01 1.736848e+01 0 4
1.151859e+11 4.743048e+12 -2.214658e+12 -2.231571e-01 8.627543e-01 -4.537135e-01 3.832490e+00 0 1
-1.829739e+12 -6.793363e+11 -1.610406e+11 -9.434786e-01 7.884311e-02 -3.219192e-01 -1.224673e+01 0 527843
-3.426229e+11 -4.164932e+12 -2.196474e+12 -9.510491e-02 -8.552818e-01 -5.093605e-01 -1.177571e+01 0 1
-5.778532e+12 1.065587e+12 3.125963e+11 -9.597711e-01 2.797607e-01 2.394599e-02 -1.621444e+00 0 2
1.002674e+09 1.274667e+11 -1.691424e+12 1.344887e-01 7.881588e-01 -6.005984e-01 -8.193575e-01 0 58271
6.745780e+11 1.403253e+12 7.793648e+11 7.753908e-01 6.031968e-01 -1.868761e-01 -6.346546e+00 0 39690
-1.495109e+12 1.465151e+12 -7.842806e+11 -9.357614e-01 3.126152e-01 1.631638e-01 4.107346e+00 0 339951
6.276631e+10 -1.921149e+12 1.350825e+11 -3.687797e-01 -9.048159e-01 2.128607e-01 -1.134660e+01 0 51325
8.172389e+11 -2.319801e+12 -6.090651e+11 1.291662e-01 -9.832817e-01 -1.283480e-01 -7.910105e+00 0 159188
1.371523e+12 -3.375650e+12 -2.551470e+12 4.803058e-01 -8.418615e-01 -2.461212e-01 9.014560e+00 0 28309
2.046542e+12 2.492477e+11 -6.984947e+11 9.455389e-01 2.629248e-01 1.919030e-01 5.159650e+00 0 40391
-1.739306e+12 6.020016e+11 2.465185e+10 -7.102206e-01 5.713308e-01 -4.113002e-01 -1.037442e+01 0 1
-1.281832e+12 -9.091319e+11 6.565986e+11 -8.639024e-01 -4.902616e-01 1.153960e-01 -7.374471e-01 0 49209
3.425913e+11 -1.748990e+12 -4.428540e+11 -4.636338e-01 -8.156076e-01 -3.461616e-01 -1.521226e+01 0 53304
1.197527e+12 1.347092e+12 -4.475686e+12 2.275439e-01 5.361606e-01 -8.128687e-01 -2.880151e+00 0 1
-2.740150e+12 3.858137e+12 3.661914e+12 -2.839311e-01 7.847979e-01 5.508860e-01 -1.387705e+01 0 148481
-1.298902e+12 -9.798301e+11 3.393218e+12 -2.750088e-01 -1.460597e-01 9.502824e-01 4.537538e+00 0 10775
7.733129e+11 -1.554458e+12 -2.393211e+11 -3.451575e-01 -7.066759e-01 -6.176370e-01 -3.714403e+00 0 1
5.118880e+12 -4.894129e+12 -1.885965e+11 7.114377e-01 -7.009936e-01 4.964271e-02 -4.421010e+00 0 3
2.249053e+13 1.182182e+13 -2.930645e+12 8.594943e-01 5.022968e-01 -9.469710e-02 2.081477e+01 0 1
1.560624e+12 2.850494e+12 1.071628e+12 8.250677e-02 9.340028e-01 3.476081e-01 2.221779e+01 0 1
2.050511e+12 2.101803e+11 -9.675104e+11 7.906251e-01 -4.266614e-01 -4.391719e-01 -7.453310e+00 0 2
2.587033e+12 -7.904262e+11 -1.131504e+12 9.154596e-01 1.667647e-01 -3.662283e-01 6.418671e+00 0 234568
-2.543315e+12 7.379953e+10 4.993131e+11 -8.050311e-01 4.329290e-01 4.055827e-01 -1.194408e+01 0 155380
-2.105468e+12 5.522971e+11 2.528535e+12 -5.315413e-01 5.118703e-01 6.748723e-01 -2.457730e+00 0 1
-2.019905e+12 1.349354e+12 4.639322e+11 -6.590017e-01 7.022782e-01 2.692992e-01 -9.814341e+00 0 1
-2.241358e+12 9.988160e+12 1.326536e+12 -3.026399e-01 9.528561e-01 2.177859e-02 1.633803e+01 0 1
-1.364972e+12 -1.480126e+12 1.675486e+11 -7.392599e-01 -2.945658e-01 -6.055789e-01 -1.826213e+00 0 76935
-7.729153e+11 -1.185422e+12 -1.159098e+12 -5.731038e-01 -6.899681e-01 -4.421494e-01 -3.825199e+00 0 16415
-9.009084e+11 -5.132635e+11 2.098496e+12 3.291417e-03 2.454557e-01 9.694022e-01 -8.094614e+00 0 2
-1.043353e+12 -9.945470e+11 -1.371859e+12 -7.078911e-01 -8.889525e-02 -7.007053e-01 -8.783368e+00 0 186735
6.469089e+11 -3.471152e+12 -2.025219e+12 1.324697e-01 -8.560054e-01 -4.997065e-01 -6.091572e+00 0 2
2.439544e+12 -6.271229e+11 1.328439e+12 9.709215e-01 -1.045220e-01 2.153755e-01 7.147829e+00 0 27231
1.763001e+12 -4.957307e+12 5.894148e+12 2.998106e-01 -6.732529e-01 6.759025e-01 9.346952e+00 0 4
3.393884e+11 2.180663e+12 -1.900729e+12 3.816242e-01 7.824599e-01 -4.920563e-01 -9.840310e+00 0 680750
-1.313881e+12 -1.421786e+12 7.025360e+12 -3.244254e-01 -2.273066e-01 9.181938e-01 -7.926117e+00 0 1
-1.241718e+12 7.766500e+11 -8.870833e+11 -7.911251e-01 -4.626036e-01 -4.001487e-01 1.044706e+01 0 8252
-1.491475e+12 -1.011585e+12 -4.545121e+11 -7.765394e-01 -4.227687e-01 -4.671758e-01 -4.545535e+00 0 69023
-3.421008e+11 -1.468944e+12 -8.792276e+11 -1.881066e-01 -7.790069e-02 -9.790543e-01 6.209577e+00 0 2
7.975258e+11 6.832118e+11 -1.724550e+12 -1.902436e-01 7.765115e-01 -6.006974e-01 3.333072e+00 0 1
7.133992e+12 -4.908818e+12 -1.031947e+13 4.422285e-01 -4.118138e-01 -7.967706e-01 3.712351e+00 0 1
-4.836948e+12 -7.306719e+12 2.212787e+11 -4.874237e-01 -8.673934e-01 -1.002337e-01 -1.281135e+00 0 1
-2.450724e+12 9.658567e+10 -1.090023e+12 -9.909680e-01 9.961749e-02 8.977055e-02 -6.626831e+00 0 53960
7.921100e+11 -1.532610e+12 -3.555477e+12 4.734552e-01 -2.091667e-01 -8.556223e-01 1.300425e+01 0 1
1.159486e+12 1.934633e+12 -1.153303e+12 4.985766e-01 7.394940e-01 -4.522942e-01 -9.568524e+00 0 1
1.786542e+12 -8.801537e+11 -6.996907e+11 5.090751e-01 -6.300798e-01 -5.863804e-01 -1.210766e+01 0 49684
-7.635522e+11 -2.070072e+12 1.591186e+12 -2.010949e-01 -6.467961e-01 7.356736e-01 3.814960e+00 0 94016
-1.959739e+12 2.219551e+12 -2.487454e+12 -1.119459e-01 5.468797e-01 -8.296931e-01 -1.341070e+01 0 1
-4.044753e+12 -7.859297e+12 3.484974e+12 -4.941143e-01 -8.058249e-01 3.263391e-01 2.593932e+00 0 1
-4.506826e+11 -1.202906e+12 1.111030e+12 3.927896e-01 -8.965128e-01 2.048929e-01 9.756922e+00 0 191787
-9.060758e+11 2.678041e+12 1.366287e+12 -5.316826e-01 7.877096e-01 3.111708e-01 3.617287e+00 0 129640
-1.536928e+12 4.959777e+11 -1.180122e+12 -6.182167e-01 6.790339e-01 -3.958802e-01 -3.015969e+00 0 174425
6.998366e+11 -1.319381e+11 -2.163399e+12 3.197324e-01 -2.412894e-01 -9.162700e-01 3.025749e+00 0 227655
-5.940716e+12 -7.683336e+11 3.022178e+11 -9.931967e-01 7.221427e-02 -9.135345e-02 -1.957920e+01 0 1
7.438144e+12 -1.295868e+13 -8.578205e+12 4.791795e-01 -6.864281e-01 -5.469950e-01 2.373360e+01 0 1
-3.834461e+11 -1.857851e+12 1.898464e+12 -3.045601e-01 -6.356288e-01 7.093794e-01 3.167682e+00 0 93731
-3.365516e+11 -1.755417e+12 6.704917e+11 -7.006248e-01 -7.130284e-01 -2.674652e-02 -1.319252e+01 0 48714
-4.009530e+12 1.034433e+11 -8.107570e+12 -4.500245e-01 -2.616147e-02 -8.926329e-01 -4.639557e+00 0 254911
-9.275706e+11 -1.517715e+12 -6.494539e+11 -3.371301e-01 -5.474884e-01 -7.658980e-01 3.390720e+00 0 95992
2.882486e+12 -2.590393e+12 -2.764004e+12 4.158214e-01 -6.518441e-01 -6.341860e-01 -1.484501e+01 0 1
-7.197936e+11 -3.989149e+11 1.577455e+12 -1.503338e-01 3.263816e-01 9.332067e-01 1.794583e+00 0 224741
3.160767e+12 -6.285081e+12 -1.314199e+13 1.256813e-01 -4.740007e-01 -8.715088e-01 -1.593971e+01 0 1
-1.126779e+12 1.345001e+12 -1.044684e+11 -3.518674e-01 7.472945e-01 -5.636845e-01 1.154796e+00 0 1
-1.655769e+12 -8.197664e+11 3.519295e+11 -1.979051e-01 -9.248145e-01 3.248871e-01 1.273906e+01 0 304359
5.374265e+11 9.993940e+11 -1.343400e+12 -1.927386e-01 5.333744e-01 -8.236283e-01 6.092929e+00 0 67014
-3.560963e+12 3.446336e+12 1.228015e+11 -6.975827e-01 6.729106e-01 2.461092e-01 4.926623e+00 0 12610
3.676762e+12 -6.056023e+12 -2.185400e+12 5.232925e-01 -7.901043e-01 -3.192181e-01 7.557403e+00 0 1
1.032268e+12 -4.214049e+12 1.632014e+12 2.397282e-01 -9.587415e-01 1.527913e-01 4.031720e+00 0 190360
7.609699e+11 -1.795536e+12 6.201796e+11 1.260178e-01 -9.794386e-01 -1.575421e-01 -8.740669e+00 0 19401
3.821091e+10 -8.894694e+11 -1.475390e+12 -8.505115e-03 -7.113052e-01 -7.028318e-01 2.315263e+00 0 216465
4.229428e+11 -2.865305e+11 1.617301e+12 4.449363e-01 -7.492747e-01 4.905293e-01 -2.445951e+00 0 68175
9.686526e+11 -6.117674e+11 -1.369699e+12 -3.065066e-02 2.130480e-01 -9.765608e-01 8.404150e+00 0 1
-3.843344e+12 -3.155912e+11 -2.466665e+12 -8.706679e-01 -1.829984e-01 -4.565621e-01 9.937186e+00 0 2
5.462299e+11 1.908813e+12 -6.716170e+10 7.478661e-01 5.761307e-01 3.298025e-01 -1.628493e+01 0 1
1.072403e+12 9.587548e+11 1.334084e+12 5.906671e-01 4.175124e-01 6.905040e-01 -6.553188e+00 0 1
4.671904e+10 7.433961e+11 -1.931083e+12 3.127769e-01 1.415047e-01 -9.392268e-01 1.971481e+00 0 1
1.378985e+12 3.818266e+11 -1.045258e+12 8.346452e-01 4.978389e-01 2.356347e-01 6.121749e+00 0 3
-1.227551e+12 5.088923e+11 1.443623e+12 -8.308331e-01 2.963605e-01 4.710487e-01 5.083024e+00 0 22873
3.367689e+11 1.721905e+12 -4.520110e+11 3.325949e-01 6.553337e-01 6.781728e-01 -1.225819e+01 0 2
-1.544396e+12 -1.361331e+11 -1.038145e+12 -3.377638e-01 8.251127e-01 -4.528848e-01 -1.311306e+01 0 27489
4.859001e+12 -5.366810e+12 3.244798e+12 4.582452e-01 -7.494881e-01 4.777853e-01 -1.973377e+01 0 1
-2.190882e+12 -1.663486e+12 -3.843033e+11 -7.833683e-01 -6.042109e-01 1.458194e-01 4.649321e+00 0 110114
-3.557169e+12 3.458371e+12 -1.692727e+12 -4.299922e-01 7.860370e-01 -4.441313e-01 -4.538721e+00 0 1
2.862318e+11 1.356862e+12 1.191995e+12 4.034795e-01 9.061455e-01 1.269040e-01 3.773231e+00 0 66814
-1.603806e+12 4.736045e+11 -2.900867e+11 -6.129160e-01 7.284739e-01 -3.060387e-01 -9.243926e+00 0 710
2.940790e+12 -2.072724e+11 -1.262706e+12 7.148574e-01 2.021781e-02 -6.989779e-01 6.896013e+00 0 2
-7.639923e+11 4.374966e+11 -2.039156e+12 -8.517390e-01 9.831623e-02 -5.146597e-01 8.336829e+00 0 67718
1.118275e+12 1.382379e+12 -3.444847e+11 4.127014e-01 8.979213e-01 1.530195e-01 -8.814157e-01 0 159792
-3.302940e+11 1.698102e+12 9.698160e+10 -6.949239e-01 6.999371e-01 -1.648296e-01 5.231222e+00 0 154430
1.846043e+11 -4.331877e+12 -3.429263e+12 -6.566076e-02 -7.919510e-01 -6.070439e-01 -9.097773e+00 0 1
-2.894521e+12 1.160509e+12 2.073192e+12 -8.042159e-01 4.251155e-02 5.928149e-01 1.659641e+01 0 1
5.689343e+11 -1.196932e+12 -1.322825e+12 -2.988000e-01 -9.095139e-01 -2.889689e-01 -6.409592e+00 0 101237
1.215648e+12 -1.481136e+12 2.070547e+12 8.969308e-02 -2.249122e-01 9.702421e-01 -1.061888e+00 0 81195
1.913732e+12 -4.963558e+11 2.682539e+11 7.435198e-01 -3.776736e-01 5.518523e-01 2.652392e+00 0 1
-2.490430e+11 -7.204261e+11 1.515483e+12 1.202834e-01 -1.505691e-01 9.812547e-01 -8.830337e-01 0 52472
-5.338896e+11 3.936767e+12 1.444390e+12 -3.703133e-01 9.280544e-01 3.978808e-02 1.477700e+01 0 2383
7.199219e+12 -2.354138e+13 -7.429054e+12 2.367740e-01 -9.198320e-01 -3.128052e-01 -1.876584e+01 0 1
4.558768e+11 2.123418e+12 -1.344033e+12 6.219266e-01 3.648706e-01 -6.928757e-01 -1.606049e+01 0 364850
2.246712e+12 -1.765800e+12 -2.617666e+11 9.495887e-01 -3.027287e-01 8.146579e-02 2.146667e+01 0 1
7.827677e+11 1.828346e+12 1.155584e+12 2.824879e-01 8.197792e-01 4.981592e-01 -6.493725e+00 0 1
-3.714398e+12 2.880956e+12 -3.677439e+11 -6.446913e-01 7.314394e-01 -2.221926e-01 8.948856e-01 0 1
1.925253e+12 -7.728040e+11 1.418571e+12 7.714626e-01 -6.171476e-01 1.548363e-01 -9.906002e+00 0 2
6.170040e+12 3.734061e+11 -1.825017e+12 8.703041e-01 1.927932e-01 -4.532124e-01 -8.413370e-01 0 1
-3.610502e+11 -1.746207e+12 1.696543e+12 -6.314012e-01 -7.495209e-01 1.988743e-01 -1.130488e+01 0 55795
1.073856e+12 5.010383e+12 3.883004e+11 3.273292e-01 9.448878e-01 6.528284e-03 -1.441556e+00 0 1
-7.716613e+11 8.642605e+11 -1.550998e+12 9.953719e-02 6.337365e-01 -7.671183e-01 -2.455267e+00 0 2
-3.056822e+11 2.059390e+12 6.809879e+12 1.580260e-01 3.208934e-01 9.338389e-01 1.602211e+00 0 1
2.754072e+12 1.806157e+12 -2.087910e+12 4.608040e-01 5.763787e-01 -6.748684e-01 1.689561e+01 0 1
-2.004791e+12 1.456410e+12 -1.463033e+12 -7.958761e-01 4.175526e-01 -4.384416e-01 -1.838411e+00 0 1
-1.078430e+12 -1.044968e+12 8.015685e+11 -9.405073e-01 7.833230e-02 3.306207e-01 -1.103313e+01 0 17960
-5.525330e+11 2.812932e+11 2.391050e+12 -2.131340e-01 2.247445e-01 9.508227e-01 -3.471780e+00 0 52102
2.452492e+11 -4.817996e+11 -1.608212e+12 3.739815e-01 4.508402e-01 -8.104820e-01 2.757496e+00 0 2017
-3.663198e+11 1.337987e+12 -2.056721e+12 -1.540832e-01 1.097007e-01 -9.819492e-01 -7.738861e+00 0 1
7.385218e+11 3.477189e+12 -7.670862e+09 -1.237672e-01 9.879120e-01 -9.333553e-02 -1.375665e+00 0 1
1.543079e+12 4.628524e+11 8.221948e+11 8.365874e-01 -5.445673e-02 5.451202e-01 -4.220910e-01 0 136380
-1.808902e+11 9.842921e+11 -1.576799e+12 1.232480e-01 6.540763e-02 -9.902180e-01 2.486112e-01 0 59296
-2.148308e+12 1.265583e+11 1.607059e+12 -7.172508e-01 1.990342e-01 6.677849e-01 9.876457e-01 0 1
-7.613630e+11 6.460118e+11 1.394107e+12 -2.732238e-01 9.520151e-01 1.378982e-01 6.404513e-01 0 4
-1.494964e+12 1.499183e+12 8.819520e+11 -3.314917e-01 6.023636e-01 7.261345e-01 4.304541e+00 0 2
1.463805e+11 1.182816e+12 1.223460e+12 6.737624e-01 5.165380e-01 5.284248e-01 -7.409160e+00 0 120858
1.723346e+12 -1.925781e+12 -9.142289e+10 7.807902e-01 -6.223190e-01 -5.554893e-02 7.658160e+00 0 29628
-1.050001e+12 -1.205309e+12 2.038219e+12 -3.525165e-01 -5.404390e-01 7.639750e-01 7.577197e+00 0 2
-8.000278e+11 -2.720871e+11 -2.017122e+12 -3.249037e-01 -5.037540e-01 -8.004184e-01 -7.733593e-01 0 33491
-2.190008e+12 5.888789e+11 -7.358053e+11 -4.911352e-01 3.361252e-01 -8.036206e-01 -8.081753e+00 0 1
-2.512309e+12 1.025052e+12 9.944495e+11 -8.645691e-01 4.937665e-01 -9.335384e-02 1.365386e+00 0 78756
-1.709775e+12 3.136677e+11 8.330536e+10 -6.048459e-01 -3.703249e-01 -7.049972e-01 7.016716e+00 0 30335
1.474798e+12 -5.231861e+11 6.562500e+11 9.340684e-01 -3.484549e-01 7.807346e-02 -2.218789e-01 0 43693
-8.537980e+10 -3.756837e+10 1.700204e+12 3.872616e-01 1.706134e-01 9.060461e-01 -3.548536e+00 0 77347
-2.117295e+13 1.273659e+13 1.211140e+13 -7.408056e-01 4.669706e-01 4.828514e-01 -1.474137e+01 0 1
-2.113362e+12 -2.061969e+12 1.192666e+11 -5.400532e-01 -8.144397e-01 -2.122039e-01 1.007045e+01 0 1
1.565581e+12 9.058885e+11 3.642071e+12 6.057517e-01 2.761970e-01 7.461770e-01 -7.297102e+00 0 23525
-4.013245e+11 -6.014096e+11 2.006653e+12 -1.401622e-01 3.481653e-01 9.268956e-01 -2.554634e+00 0 275071
-1.236284e+12 -4.325263e+11 1.209647e+12 -6.845946e-01 -5.821205e-01 4.387095e-01 1.046725e+00 0 29060
-9.952950e+11 2.430882e+12 9.407774e+11 2.636465e-02 9.354902e-01 3.523676e-01 -1.372261e+01 0 2
-1.651736e+11 3.177119e+12 -7.912215e+11 4.177866e-01 8.748423e-01 -2.451638e-01 -5.908400e+00 0 1
-6.625059e+11 -2.457143e+12 -7.429573e+10 7.676591e-02 -9.909412e-01 1.101933e-01 1.277291e+01 0 4
-8.937622e+11 1.816810e+12 4.281344e+12 -1.953831e-01 1.310532e-01 9.719313e-01 1.271519e+01 0 2
-5.743715e+11 -3.504373e+12 1.901128e+12 -3.131985e-01 -8.723994e-01 3.752678e-01 -7.907169e+00 0 14890
8.116969e+11 1.410153e+12 -2.703271e+12 3.629467e-01 5.086742e-01 -7.807178e-01 -4.424448e+00 0 60243
2.498168e+11 2.061708e+12 -2.479788e+12 4.122742e-01 7.392928e-01 -5.324248e-01 -3.278198e+00 0 8
-2.563953e+12 -9.280229e+11 -2.742331e+12 -6.228519e-01 -4.086344e-01 -6.671383e-01 7.727862e+00 0 293078
8.063684e+09 6.038382e+12 1.723348e+12 2.673073e-01 9.258977e-01 2.669461e-01 -2.494121e+01 0 1
-9.767265e+11 -1.349269e+12 8.469857e+11 -2.914359e-01 -9.352324e-01 2.010113e-01 9.882103e+00 0 192340
-5.429719e+11 -5.641508e+11 -1.632559e+12 4.148886e-01 -3.951562e-01 -8.195847e-01 6.847973e+00 0 150436
-3.976365e+11 1.680814e+11 1.941890e+12 4.048557e-01 5.678183e-01 7.167107e-01 -7.310744e+00 0 5
8.145441e+11 -1.559897e+12 6.303380e+10 5.195759e-01 -8.453921e-01 1.239072e-01 5.342478e+00 0 160967
-8.709162e+11 -8.461899e+11 1.337975e+12 -7.187592e-02 -9.494205e-01 3.056705e-01 1.269385e+01 0 38308
-4.727985e+12 5.385302e+12 -7.598490e+11 -7.270805e-01 6.712974e-01 -1.439227e-01 2.150990e+00 0 1
-8.372809e+11 -1.600211e+12 1.695588e+12 -2.289875e-01 -7.318237e-01 6.418713e-01 7.570368e+00 0 60726
-1.990643e+11 2.100542e+12 6.017596e+11 4.551427e-01 5.099756e-01 7.299110e-01 -4.540575e+00 0 2
-1.300020e+12 -1.387010e+12 -1.523776e+12 -4.028875e-01 -2.690167e-02 -9.148541e-01 -1.883063e+01 0 1
-8.695339e+11 1.250274e+12 -8.769754e+11 -8.149285e-01 5.739017e-01 8.079871e-02 9.309220e+00 0 166866
9.426346e+11 -2.627648e+12 -3.016801e+11 4.739629e-01 -8.546227e-01 2.120830e-01 -1.703912e+00 0 3
-1.424632e+12 1.819553e+12 1.302065e+12 -4.878872e-01 8.602062e-01 1.483623e-01 -1.212771e+01 0 1
-3.408757e+12 2.340889e+12 3.751486e+12 -4.367796e-01 5.443144e-01 7.162021e-01 -4.566489e+00 0 17681
3.038423e+12 2.518219e+12 3.743710e+12 4.227226e-01 5.857652e-01 6.915090e-01 -9.669059e-01 0 2
1.400991e+12 -2.781323e+11 -1.266523e+12 6.400914e-01 2.913348e-01 -7.109199e-01 3.082060e+00 0 160634
9.210955e+12 2.115326e+13 -5.173394e+12 4.092575e-01 8.747479e-01 -2.594695e-01 -1.465083e+01 0 2
9.652369e+11 -1.347641e+12 1.051293e+12 7.810920e-01 -5.203397e-01 -3.451693e-01 8.703048e+00 0 183597
-1.009551e+12 -9.094993e+11 -2.379482e+12 -7.163442e-01 -2.113738e-01 -6.649602e-01 -9.962697e-01 0 56070
-1.911094e+12 1.323553e+12 -2.966059e+10 -9.627777e-01 -8.292385e-02 2.572601e-01 7.771050e+00 0 1
-6.460330e+12 8.553137e+10 1.386298e+12 -9.548692e-01 1.432456e-01 2.602029e-01 -2.370518e+00 0 1
5.921808e+11 9.275788e+11 2.843169e+12 2.878780e-01 -1.639902e-01 9.435218e-01 5.570327e+00 0 1
-1.292143e+12 8.186079e+11 -2.789550e+12 -2.960672e-01 6.558579e-01 -6.944023e-01 -9.519009e-01 0 94002
4.947141e+12 1.482617e+13 7.151066e+12 3.117813e-01 8.678840e-01 3.867425e-01 6.621857e+00 0 1
7.033296e+12 -6.481360e+11 -9.434143e+11 9.702501e-01 -2.416350e-01 -1.507309e-02 -1.447003e+01 0 47368
1.750782e+11 1.797946e+11 -2.389776e+12 3.035707e-01 -2.141077e-01 -9.284410e-01 -7.630916e+00 0 1
1.066644e+11 -3.231591e+12 3.125267e+11 -1.988036e-01 -9.793570e-01 -3.656434e-02 -2.064398e+00 0 78673
4.537859e+11 -2.595377e+12 1.278535e+12 1.927553e-01 -9.522433e-01 2.368081e-01 6.638599e+00 0 2
-2.293091e+12 1.658642e+12 -1.588999e+12 -5.199179e-01 4.949655e-01 -6.962001e-01 -1.510736e+01 0 1
1.620789e+12 1.254105e+12 -1.491802e+12 4.411095e-01 1.924581e-01 -8.765742e-01 1.688357e+00 0 34486
8.600596e+11 -7.558246e+11 -1.298909e+12 1.887590e-01 -9.699375e-01 -1.535943e-01 -1.180070e+01 0 2
-8.150631e+11 4.705892e+12 -8.330368e+11 -1.925007e-01 9.634684e-01 -1.862046e-01 -4.849693e+00 0 1
-2.351385e+11 4.022347e+12 2.252152e+12 -2.098891e-02 7.960960e-01 6.048063e-01 3.407339e+00 0 3
3.018212e+11 3.223313e+11 -1.890897e+12 -3.493206e-01 -5.811113e-01 -7.350407e-01 -6.386457e-01 0 115929
-2.491908e+12 2.117322e+12 1.411170e+12 -8.123986e-01 2.528835e-01 5.254127e-01 2.029318e+01 0 1
8.868225e+11 1.818807e+12 4.259662e+10 -9.550889e-02 9.947541e-01 -3.663723e-02 1.335284e+01 0 29296
1.742986e+12 1.664955e+12 -2.123464e+12 3.277705e-01 6.877566e-01 -6.477325e-01 9.961966e+00 0 2
9.399547e+11 -1.456443e+12 -2.990520e+11 7.153108e-01 -6.940750e-01 8.118045e-02 -8.050797e-01 0 2
-2.669203e+12 1.150375e+12 -3.348464e+12 -3.691137e-01 1.492166e-01 -9.173273e-01 -1.060869e+01 0 1
1.636494e+12 8.832274e+11 -1.692017e+11 6.625944e-01 -3.942039e-03 -7.489680e-01 -2.042103e+00 0 31225
2.481527e+12 -3.397690e+12 1.093445e+12 6.173540e-01 -6.915730e-01 3.749679e-01 1.081946e+01 0 1
1.081909e+12 -1.972636e+12 -5.736873e+11 4.370742e-01 -7.750700e-01 -4.563250e-01 -4.099045e+00 0 28063
-2.774472e+11 1.835361e+12 -7.215050e+11 -3.718513e-01 9.148642e-01 1.573214e-01 -1.000764e+00 0 216523
-9.012148e+11 3.866145e+11 -3.853661e+12 -2.282374e-01 2.732405e-01 -9.344770e-01 2.248768e+00 0 260
-6.909388e+11 -7.058493e+11 -4.087789e+12 -2.975299e-01 4.181090e-02 -9.537965e-01 3.645176e+00 0 3
-2.544629e+12 -4.014362e+11 -1.484445e+12 -9.015730e-01 -5.366527e-02 -4.292857e-01 -1.008662e+00 0 119500
-4.531374e+12 -1.851331e+12 1.662628e+12 -9.440676e-01 -2.421179e-01 2.238644e-01 -1.281017e+01 0 1
-3.485464e+12 -6.060894e+10 8.371778e+11 -8.327423e-01 6.514579e-02 5.498148e-01 8.822427e-01 0 1
-1.439771e+12 2.718155e+11 1.446570e+12 -4.753502e-01 -4.564823e-01 7.521078e-01 2.122174e+00 0 175826
-5.838488e+11 1.507068e+12 -1.250628e+12 -3.001384e-01 5.911391e-01 -7.486464e-01 4.977482e+00 0 9175
-3.135145e+11 -1.037940e+12 1.709478e+12 -1.769010e-01 -3.234979e-01 9.295457e-01 -5.034010e+00 0 145053
8.667672e+11 1.957258e+12 -1.981289e+12 5.891105e-01 6.039858e-01 -5.367961e-01 -2.002203e+00 0 1
6.417358e+11 -1.430829e+12 6.744241e+11 6.472493e-01 -4.973925e-01 5.776409e-01 6.137885e+00 0 147169
2.080673e+11 1.723451e+12 3.714400e+10 4.202772e-01 7.535039e-01 -5.055680e-01 -4.033174e+00 0 5
1.200058e+12 5.137055e+11 -1.242917e+12 6.358682e-01 4.734532e-01 -6.095193e-01 5.846841e+00 0 284457
-2.096109e+12 -4.181104e+11 2.341558e+11 -9.663914e-01 -2.570745e-01 6.004278e-04 5.659719e+00 0 129761
1.361055e+13 9.169759e+12 7.182748e+11 8.335063e-01 5.362226e-01 1.331639e-01 4.914758e+00 0 4
-2.338204e+12 -1.475985e+12 1.629838e+12 -7.536353e-01 -5.714221e-01 3.248240e-01 -2.701306e+00 0 2
4.083687e+11 9.439323e+11 1.596378e+12 -1.412376e-01 6.001485e-01 7.873206e-01 7.314227e+00 0 1
-2.996482e+12 -3.651405e+12 -3.894345e+12 -6.604289e-01 -4.724569e-01 -5.836251e-01 -1.652855e+01 0 1
8.783216e+11 2.432108e+12 3.918882e+11 7.620052e-02 9.967038e-01 2.783815e-02 3.806723e+00 0 182609
1.831684e+12 7.564235e+11 -1.735036e+12 7.287851e-01 1.040017e-01 -6.767983e-01 -2.851417e-01 0 135375
6.742433e+11 8.996293e+11 1.340437e+12 5.367439e-01 8.117718e-01 2.300707e-01 6.535452e+00 0 23468
-8.052455e+11 1.419115e+12 -8.932683e+11 3.649431e-01 6.186388e-01 -6.957748e-01 -4.929926e+00 0 151406
-1.796631e+12 3.707041e+12 -3.363845e+11 -9.818950e-02 9.938239e-01 5.169899e-02 -1.796680e+01 0 5
-9.343969e+11 -1.395967e+12 6.623607e+11 -2.598776e-01 -8.851213e-01 -3.860361e-01 5.318550e-01 0 189208
-1.134784e+12 8.737900e+11 1.212491e+12 -3.347901e-01 -3.013486e-01 8.928071e-01 9.394386e+00 0 55669
1.006378e+12 -5.558556e+11 -1.418075e+12 8.546430e-01 3.285980e-01 -4.020058e-01 1.095882e+01 0 68797
-1.271424e+12 2.544379e+12 9.732245e+11 -4.544992e-01 7.916890e-01 4.082389e-01 -3.381402e+00 0 67699
-1.379125e+12 -9.219271e+11 3.831305e+11 -9.640114e-01 2.635622e-01 -3.488603e-02 -7.773676e+00 0 1
5.037984e+12 1.972635e+12 -1.009992e+13 5.523297e-01 1.901374e-01 -8.116524e-01 4.410153e+00 0 1
1.150583e+12 7.025340e+11 -1.404333e+12 5.876029e-01 6.127821e-01 -5.284136e-01 7.829094e-01 0 143549
-5.828081e+11 6.053496e+12 -1.942556e+12 1.266979e-01 9.091353e-01 -3.967628e-01 -2.867483e+00 0 4
-1.879608e+12 1.741062e+12 -1.711817e+12 -5.963494e-01 3.381898e-01 -7.280076e-01 -4.737928e-01 0 50323
-3.189618e+12 2.870840e+12 8.232548e+10 -8.982109e-01 4.270165e-01 -1.042794e-01 6.128611e+00 0 3
-1.116954e+12 2.749754e+12 1.741762e+12 -6.861377e-01 5.558068e-01 4.693547e-01 1.615861e+01 0 401917
2.983240e+11 1.094503e+12 2.529330e+12 -7.851811e-02 1.290823e-01 9.885204e-01 -1.804289e+00 0 189026
-1.440249e+12 -9.732918e+11 -7.575887e+11 -7.848030e-01 2.861940e-02 -6.190842e-01 -1.089318e+01 0 326916
-1.887532e+12 8.818565e+11 -1.882798e+12 -4.746888e-01 -2.254461e-01 -8.507906e-01 2.017654e+01 0 1
-1.174081e+12 1.632989e+12 3.432636e+10 -7.838869e-01 4.339347e-01 4.440968e-01 3.803994e+00 0 1
1.381492e+12 -1.840733e+12 4.456026e+12 3.137557e-01 -5.128003e-01 7.991203e-01 4.312546e+00 0 137607
1.387821e+12 -3.156752e+11 1.678749e+12 1.505995e-01 4.088009e-01 9.001120e-01 1.719572e+01 0 1
-1.535049e+12 8.769003e+11 2.634225e+11 -3.453026e-01 9.171012e-01 1.992274e-01 -1.051182e+01 0 19303
3.535598e+12 2.418280e+12 -1.559992e+12 6.211594e-01 6.082922e-01 -4.941068e-01 9.281723e+00 0 2
6.136674e+11 4.830205e+12 1.607160e+12 -6.775003e-02 9.024639e-01 4.254044e-01 -1.030041e+00 0 3
-1.490430e+12 8.069395e+11 -5.888219e+11 -9.284622e-01 -3.293861e-01 -1.716474e-01 7.424886e+00 0 86454
3.273063e+12 -1.364807e+12 -2.717432e+12 5.206065e-01 -5.137411e-01 -6.819376e-01 4.013223e+00 0 1
-2.173628e+12 8.614493e+11 -1.064012e+12 -6.967587e-01 5.921063e-01 -4.048920e-01 2.157209e+00 0 1
-2.250898e+12 2.135700e+11 -8.221667e+10 -8.559826e-01 4.833322e-01 1.835311e-01 -1.652816e+01 0 2
-9.482981e+11 -1.450303e+12 1.249861e+12 -5.172930e-01 -1.668476e-01 8.393866e-01 -9.164079e+00 0 113193
-1.823487e+12 2.536274e+11 4.857450e+11 -3.772247e-01 8.742870e-02 9.219858e-01 -4.011905e+00 0 1
-1.621424e+12 -1.932574e+12 2.184159e+12 -3.892088e-01 -8.321376e-01 3.950486e-01 -1.265605e+00 0 1
2.877209e+12 8.857237e+11 6.191297e+11 9.228672e-01 -1.508064e-02 3.848230e-01 -3.272003e+00 0 126052
-2.373532e+12 -2.903587e+12 -2.131718e+12 -3.921021e-01 -7.400435e-01 -5.464353e-01 9.901224e+00 0 2
-3.903511e+12 -1.031759e+11 -1.625163e+12 -8.886557e-01 -3.775952e-01 -2.602171e-01 6.708860e+00 0 2
-1.366507e+11 -2.011515e+12 1.697582e+12 -2.431861e-01 -8.805945e-01 4.067109e-01 -1.095676e+00 0 60825
1.333686e+11 1.632206e+12 -4.452814e+11 3.432084e-01 8.216432e-01 -4.550939e-01 -1.970412e+00 0 42184
2.149692e+12 -6.997586e+12 -1.528577e+13 1.038188e-01 -3.486332e-01 -9.314916e-01 8.488201e+00 0 2
2.406328e+12 3.561821e+12 7.795510e+11 4.408929e-01 8.904141e-01 1.130317e-01 1.127299e+01 0 19294
2.084737e+12 3.432661e+12 4.034373e+12 2.675925e-01 6.463730e-01 7.145601e-01 1.031638e+01 0 1822
1.257779e+13 -1.523588e+13 -5.662138e+12 6.445978e-01 -7.196805e-01 -2.579798e-01 -2.403469e+00 0 1
5.944763e+11 -1.254657e+12 3.882751e+12 3.067035e-01 -7.274784e-02 9.490209e-01 9.208216e+00 0 27184
1.410260e+12 -7.160959e+10 -1.392439e+12 7.850259e-01 -1.239852e-01 -6.069284e-01 8.156801e+00 0 2
-2.244652e+12 -6.594734e+11 1.827297e+11 -8.076638e-01 -5.861864e-01 -6.375539e-02 1.216901e+01 0 120593
-1.199488e+12 -2.624410e+12 4.993848e+11 -2.005773e-02 -9.758653e-01 -2.174503e-01 -2.021506e-01 0 1
2.462619e+12 -2.244999e+12 2.652967e+11 4.511792e-01 -8.746812e-01 1.771162e-01 -1.548785e+01 0 2
-2.075124e+12 -2.963352e+12 9.705031e+11 -7.848967e-01 -5.333070e-01 3.154691e-01 -2.065937e+01 0 1
-9.916109e+12 -9.388129e+12 4.856758e+12 -7.315111e-01 -6.253252e-01 2.717716e-01 -1.410623e+01 0 2
2.471481e+12 -9.355735e+10 3.831625e+12 6.797002e-01 2.042280e-02 7.332056e-01 -5.930934e+00 0 3
2.817458e+12 -9.306374e+11 1.901205e+12 6.455991e-01 -3.075248e-01 6.990209e-01 1.552029e+00 0 2
3.034037e+11 -2.575516e+12 -3.172168e+11 5.368123e-01 -8.392477e-01 8.657892e-02 3.929492e+00 0 168233
-3.121301e+12 -2.674296e+12 1.577691e+12 -8.121789e-01 -5.834071e-01 1.282478e-03 8.093671e+00 0 2
1.205794e+12 1.850510e+12 -2.360360e+11 3.759566e-02 9.392229e-01 -3.412432e-01 5.606973e+00 0 2
-1.771997e+13 8.080557e+12 -4.818373e+12 -8.656335e-01 4.147091e-01 -2.805263e-01 -1.436633e+01 0 1
4.396435e+12 1.483132e+12 1.239908e+12 8.108477e-01 4.423399e-01 3.832249e-01 2.163888e+00 0 1
1.286303e+12 -1.070542e+12 -6.404593e+11 6.623224e-01 -7.013919e-01 2.633977e-01 2.132697e+00 0 79311
1.433504e+12 -1.031551e+12 -3.750346e+11 9.535006e-01 -2.977953e-01 -4.641654e-02 3.260266e-02 0 342664
2.450714e+12 -4.310445e+10 1.943214e+11 9.365288e-01 2.512825e-01 -2.444809e-01 1.227473e+00 0 1
-6.318220e+12 3.429855e+12 1.620321e+12 -8.959444e-01 3.971202e-01 1.989453e-01 1.836513e+01 0 1
7.598085e+11 4.609804e+12 -6.493735e+11 3.141409e-01 9.429507e-01 -1.102697e-01 4.018023e+00 0 1
-2.157599e+12 -6.371304e+11 -3.400958e+12 -6.536138e-01 1.455164e-01 -7.427072e-01 -1.471588e+00 0 1
-8.123750e+11 2.186836e+12 3.292500e+11 2.964175e-01 8.301233e-01 4.722627e-01 -6.218035e+00 0 1
-1.000321e+12 -6.378224e+11 -2.808899e+12 5.394171e-03 -4.934045e-01 -8.697832e-01 8.804064e+00 0 16859
8.343073e+11 1.072571e+12 -1.117997e+12 1.951642e-01 7.858909e-01 -5.867593e-01 6.395228e+00 0 310589
1.054705e+12 -1.633174e+12 -5.765408e+11 6.119383e-01 -6.522957e-01 4.472604e-01 -2.255637e-01 0 10207
6.129469e+11 3.533763e+11 1.599900e+12 8.621479e-01 3.604016e-01 3.561063e-01 -4.305567e+00 0 277
1.066407e+12 -1.254587e+12 -6.987104e+11 3.441376e-01 -4.181362e-01 -8.406732e-01 2.900409e+00 0 132527
3.284344e+11 2.688952e+12 -2.640715e+12 3.998584e-01 5.831832e-01 -7.071143e-01 -1.181961e+01 0 5
2.235953e+12 -1.181815e+11 -4.373171e+11 8.660582e-01 1.304720e-01 4.826181e-01 6.706330e+00 0 749
1.373068e+12 1.395090e+12 3.952726e+11 3.488975e-02 9.827089e-01 1.818405e-01 1.290453e+01 0 97171
-3.530717e+12 -3.609349e+11 -1.450794e+12 -9.582322e-01 6.612037e-02 -2.782429e-01 -1.118760e+01 0 1
-1.547821e+12 2.486019e+11 1.038698e+12 -7.604589e-01 6.423714e-01 9.519051e-02 -1.067957e+01 0 1
-6.790428e+11 8.272123e+12 -4.359981e+12 -4.654125e-02 8.660159e-01 -4.978457e-01 8.245795e+00 0 2
-3.180598e+11 -2.126927e+12 -2.499961e+12 -8.540590e-03 -6.556036e-01 -7.550569e-01 -1.058988e+00 0 45938
2.731787e+12 -2.219993e+12 2.202378e+12 4.190715e-01 -5.568861e-01 7.171171e-01 6.900725e-01 0 1
5.925544e+11 -3.896380e+12 2.316119e+12 1.799239e-01 -8.924642e-01 4.136846e-01 -3.469189e+00 0 2
-1.688702e+12 -4.862710e+12 6.283472e+11 -2.239350e-01 -9.711675e-01 8.177308e-02 1.102267e+01 0 338488
-6.338329e+12 -2.007910e+12 6.593620e+12 -6.564484e-01 -2.440042e-01 7.138189e-01 1.065809e+01 0 1
-5.373476e+12 -5.292698e+12 1.703772e+12 -7.510083e-01 -5.895417e-01 2.973670e-01 -1.238069e+01 0 1
2.045457e+11 1.679253e+12 -8.202285e+11 -5.819946e-01 7.334215e-01 -3.512480e-01 1.610515e+01 0 112872
-1.754209e+12 2.464693e+12 -5.122778e+12 -1.185480e-01 4.710714e-01 -8.740927e-01 1.005000e+00 0 1
1.998475e+12 4.736525e+11 -6.273772e+11 7.917817e-01 4.999394e-01 3.509165e-01 -3.667063e+00 0 1
4.341336e+12 4.965226e+11 -1.692205e+12 8.555698e-01 3.424866e-01 -3.882051e-01 1.354742e+01 0 108906
4.520327e+11 9.035269e+11 -1.808963e+12 4.809831e-01 4.859105e-01 -7.297577e-01 -4.224329e+00 0 92677
6.442454e+11 9.796314e+11 -2.093752e+12 4.088716e-01 5.751534e-01 -7.085355e-01 3.860513e+00 0 40099
-1.232868e+12 -4.943598e+11 -1.054661e+12 -8.615252e-01 -5.077031e-01 -3.449990e-03 1.703919e+00 0 41814
5.825002e+11 1.943931e+11 1.597485e+12 2.273687e-01 -2.538711e-01 9.401345e-01 -2.271478e+00 0 19850
1.407035e+12 -1.610879e+12 -3.133372e+11 8.465162e-01 -4.737567e-01 2.428271e-01 4.300803e+00 0 103791
-2.618753e+11 1.747325e+12 -9.273458e+11 2.215703e-02 8.639608e-01 -5.030714e-01 -5.934628e+00 0 154232
-5.059185e+11 -1.328959e+12 3.010119e+12 -4.459164e-01 -5.873452e-01 6.754141e-01 -6.445864e+00 0 8889
-6.552722e+11 3.665346e+12 2.942491e+12 -1.377893e-01 7.640492e-01 6.302721e-01 -5.204921e+00 0 430635
-2.423088e+12 1.347073e+11 -7.914414e+11 -8.930224e-01 -1.086600e-01 -4.366966e-01 -3.848713e-01 0 90364
-1.600515e+12 -1.117687e+12 -4.953423e+11 4.077146e-02 -8.514658e-01 -5.228227e-01 2.815799e+01 0 1
-1.243653e+12 9.503254e+11 1.045302e+12 -9.447534e-01 -1.283898e-01 3.015909e-01 4.951215e+00 0 174783
-2.328190e+11 1.190121e+12 -1.416683e+12 -5.925858e-01 6.951372e-01 -4.069721e-01 6.535550e+00 0 38744
-6.587517e+11 -5.244488e+11 -1.580330e+12 -2.676325e-01 -6.099227e-01 -7.459003e-01 -2.147962e+00 0 26958
8.909292e+11 2.963980e+12 1.132778e+11 2.220513e-01 9.598205e-01 -1.715747e-01 -2.679827e+00 0 309761
-1.551979e+12 2.330908e+12 -8.227855e+10 -7.708178e-01 5.573149e-01 -3.086098e-01 1.065785e+01 0 3442
-1.394767e+12 -1.324219e+12 -1.879426e+12 -5.567044e-01 -3.804719e-01 -7.384588e-01 2.054473e+00 0 104866
6.992832e+11 1.809836e+12 9.532386e+11 2.942275e-01 2.736265e-01 9.157285e-01 -5.629488e+00 0 7529
2.677660e+12 -1.105659e+12 8.786827e+11 9.059390e-01 -4.163905e-01 -7.676870e-02 -5.866868e+00 0 118176
-7.455386e+11 1.162852e+12 -1.683387e+12 -1.514837e-01 7.316156e-01 -6.646738e-01 5.145151e-01 0 5772
-4.014049e+12 1.325687e+12 2.756764e+12 -7.478904e-01 7.208137e-02 6.598972e-01 2.578726e+00 0 3
-9.765870e+11 8.450549e+11 1.377308e+12 6.350005e-02 9.304680e-01 3.608282e-01 -1.299655e+01 0 265724
1.181598e+12 -2.404776e+09 1.398069e+12 6.744890e-01 2.987770e-01 6.751273e-01 5.349423e+00 0 2
-5.449936e+11 1.413243e+12 -8.237949e+11 -9.356531e-01 1.740939e-01 -3.069928e-01 1.133122e+01 0 109783
-1.829296e+12 1.677320e+12 9.485577e+11 -6.155022e-01 6.273731e-01 4.770325e-01 -3.749771e+00 0 1
1.442662e+12 -7.118180e+11 2.596678e+12 5.324118e-01 -1.945446e-01 8.238265e-01 -4.593685e+00 0 1
9.548415e+11 3.213576e+10 1.887777e+12 5.069396e-01 -4.311518e-01 7.464049e-01 4.515485e+00 0 58315
-2.063208e+13 6.186041e+12 -5.627536e+12 -9.078033e-01 3.221117e-01 -2.685837e-01 2.508609e+00 0 1
1.499025e+12 -9.511485e+11 3.084706e+12 5.148281e-01 -3.898725e-02 8.564064e-01 9.997194e+00 0 5
-2.486676e+10 3.163325e+12 -6.267558e+11 -5.005291e-02 9.591796e-01 -2.783328e-01 5.312978e+00 0 8025
-5.438732e+10 -8.421188e+11 1.706796e+12 -3.556354e-01 -8.500534e-01 3.885006e-01 1.340706e+00 0 2
1.136430e+12 -2.601353e+12 1.891623e+12 8.008364e-02 -9.025715e-01 4.230265e-01 -1.205456e+01 0 1
-1.839176e+12 3.806965e+12 -2.820154e+12 -2.317043e-01 8.393187e-01 -4.917899e-01 2.979391e-01 0 1
-3.584370e+10 -6.444320e+11 -2.392421e+12 -1.630425e-01 1.634213e-01 -9.729906e-01 4.887169e+00 0 3
-7.796774e+11 -5.981408e+10 1.505289e+12 -5.553943e-01 2.396590e-02 8.312417e-01 -1.743299e+00 0 369260
-4.861207e+11 -1.307869e+12 9.752353e+11 7.453771e-01 -2.841469e-01 6.030535e-01 6.990060e+00 0 23167
4.109536e+12 8.032886e+12 5.388789e+12 3.387315e-01 7.685788e-01 5.427224e-01 1.011546e+01 0 2
1.679453e+12 1.067271e+12 2.770203e+11 5.725112e-01 5.370077e-01 -6.195592e-01 -6.231865e+00 0 1
-2.356211e+12 -1.218759e+12 2.422469e+11 -5.249089e-01 -8.450795e-01 1.015448e-01 1.416848e+01 0 95722
-9.048017e+11 -6.253392e+11 -1.332881e+12 -9.544290e-01 -2.627564e-01 1.415074e-01 -1.707808e+00 0 24020
7.724030e+09 -1.771804e+12 -1.005611e+11 -8.044431e-01 -4.493647e-01 -3.885135e-01 -2.322283e+01 0 1
-1.649627e+11 -2.056558e+11 -1.710003e+12 -5.647430e-01 -6.523895e-01 -5.054239e-01 1.549103e-01 0 289952
2.961539e+12 -1.332450e+12 -1.154121e+12 7.339504e-01 -3.238330e-01 -5.970335e-01 -5.128585e+00 0 96484
-1.016746e+12 6.128003e+11 2.058778e+12 -8.402274e-01 -8.315507e-02 5.358201e-01 8.599349e+00 0 231851
-2.020466e+12 -3.765445e+11 -1.026494e+12 -8.648028e-01 -5.021109e-01 -8.313681e-04 1.135939e+01 0 2
5.917131e+11 1.307993e+12 9.302204e+11 3.827752e-02 7.990712e-01 6.000167e-01 4.873879e+00 0 375600
7.660086e+11 -1.560005e+12 2.987132e+11 4.575978e-01 -6.872733e-01 -5.641451e-01 3.506757e+00 0 394051
-1.723881e+12 1.753357e+11 -6.780114e+10 -4.757949e-01 8.683834e-01 1.397482e-01 -1.034588e+01 0 78200
1.382253e+12 -2.046695e+12 9.497664e+11 3.988680e-01 -6.859599e-01 6.085748e-01 5.219556e-01 0 1
1.841077e+12 6.650820e+11 -4.613990e+12 2.189850e-01 1.811317e-01 -9.587684e-01 5.301244e+00 0 10239
-4.387476e+12 -1.791160e+11 -1.204185e+13 -3.130136e-01 -1.539402e-02 -9.496239e-01 -5.168837e+00 0 456853
1.503229e+12 -1.253915e+12 1.979596e+12 7.163930e-01 -3.565064e-01 5.997368e-01 -3.302991e+00 0 1
6.061754e+11 1.453053e+12 -6.780890e+11 6.302531e-01 2.690199e-01 -7.282920e-01 2.326533e+00 0 1
-3.324016e+11 8.874606e+11 1.564013e+12 -6.777165e-02 8.432789e-01 5.331863e-01 4.878635e-01 0 1
-2.479646e+11 -3.264081e+12 3.000286e+12 -1.901119e-01 -8.320823e-01 5.210533e-01 -1.064869e-01 0 54120
-1.238312e+12 -3.562367e+12 2.837456e+11 -2.663339e-01 -9.575389e-01 1.103880e-01 8.015839e+00 0 1
1.201407e+12 -1.456517e+12 -1.771098e+12 1.959895e-01 -7.632764e-01 -6.156275e-01 -2.600289e-01 0 1
2.356065e+12 5.163779e+11 -2.598714e+12 8.643614e-01 3.502821e-01 -3.608073e-01 1.112678e+01 0 1
1.302652e+12 3.470034e+11 3.127448e+12 2.945908e-01 -2.457495e-01 9.234844e-01 3.384106e+00 0 1
2.539108e+12 -3.432172e+12 1.138548e+12 5.869569e-01 -8.083164e-01 4.589370e-02 8.262568e+00 0 1
-1.726862e+12 1.729304e+12 -1.528835e+12 -8.030568e-01 5.607233e-01 -2.017155e-01 8.884327e+00 0 364401
1.153300e+12 1.224728e+12 -3.048869e+11 8.703363e-01 3.214805e-01 -3.730482e-01 -2.532406e+00 0 216273
-2.627020e+12 1.074761e+12 -9.675732e+11 -7.484970e-01 5.006909e-01 -4.348113e-01 3.694836e+00 0 1
-8.590066e+11 -1.489673e+12 8.417704e+11 -3.139192e-01 -7.489342e-01 -5.835686e-01 -2.343070e+00 0 1
-5.363399e+11 -7.517288e+11 -1.428819e+12 -5.075676e-01 -7.600614e-01 -4.058100e-01 1.972746e+00 0 50288
6.422991e+11 4.170639e+11 -1.857540e+12 3.333836e-01 -1.024517e-01 -9.372081e-01 -3.264805e+00 0 216572
-1.144500e+13 2.356021e+12 5.189188e+12 -8.795006e-01 2.964888e-01 3.722540e-01 -5.291225e+00 0 145529
-1.233223e+12 -1.479992e+12 7.627627e+11 -3.705297e-01 -7.433014e-01 5.569657e-01 1.480276e+00 0 309610
6.417018e+11 1.795839e+11 -1.882524e+12 1.463275e-01 3.768638e-01 -9.146376e-01 9.026629e+00 0 1
-1.297952e+11 -1.799798e+12 4.397340e+11 1.528339e-01 -7.442964e-01 -6.501266e-01 6.296146e+00 0 1
-1.529577e+13 1.464191e+13 1.069248e+13 -6.700533e-01 5.748319e-01 4.696774e-01 -1.992480e+00 0 1
1.422399e+11 1.044240e+12 -1.415646e+12 -5.927507e-01 1.912091e-01 -7.823590e-01 9.052278e+00 0 2
1.363304e+12 -3.874445e+11 -2.526807e+12 7.761802e-01 -4.420021e-01 -4.496426e-01 -6.534066e+00 0 3
-1.137344e+12 -1.197535e+11 1.266324e+12 7.627981e-02 7.995917e-01 5.956799e-01 -8.561798e+00 0 49727
-2.998399e+12 4.877926e+12 1.719002e+12 -3.665188e-01 8.679471e-01 3.351595e-01 -1.187903e+01 0 20476
2.495736e+11 -1.579759e+11 -2.525746e+12 -5.450489e-01 -7.390504e-02 -8.351406e-01 -4.904105e+00 0 1
-8.720495e+11 1.354246e+12 -1.817450e+12 -4.816582e-01 1.192454e-02 -8.762780e-01 1.910195e+00 0 125870
-9.008051e+11 -3.875653e+12 -1.309494e+12 -3.862533e-01 -7.794299e-01 -4.932519e-01 -1.173075e+01 0 1
-6.180932e+11 -2.034821e+12 6.389931e+11 -2.438438e-01 -8.148200e-01 -5.259359e-01 -3.532855e+00 0 124277
-3.255039e+12 -1.333238e+11 -1.308054e+12 -9.594020e-01 1.549781e-01 -2.356471e-01 -1.162370e+01 0 1
9.533401e+11 -2.143309e+12 1.642333e+12 5.891210e-01 -3.403118e-01 7.328876e-01 -3.470715e+00 0 1
1.006105e+13 9.216169e+12 -1.545708e+13 4.985995e-01 4.992026e-01 -7.086574e-01 -4.951056e+00 0 2
2.866859e+12 -6.495742e+11 4.103421e+12 5.453724e-01 -3.010237e-01 7.822746e-01 -1.557848e+01 0 1
1.026868e+10 9.881476e+12 9.248221e+12 -6.580453e-02 7.488591e-01 6.594542e-01 1.767990e+01 0 1
-2.575142e+12 -1.404054e+11 1.174843e+11 -9.712100e-01 -2.066056e-01 -1.185969e-01 -1.637536e+00 0 46734
1.025138e+12 9.837872e+11 1.280935e+12 -5.499332e-02 3.099056e-01 9.491756e-01 5.898623e+00 0 29750
-1.039717e+12 1.160092e+12 7.210844e+11 -9.816574e-01 -1.906312e-01 2.921818e-03 5.007855e+00 0 4
6.786211e+12 -2.662941e+12 1.672936e+12 8.312216e-01 -4.561591e-01 3.177885e-01 -1.561126e+01 0 1
-9.608858e+11 1.304886e+12 -6.270487e+11 -5.822446e-01 5.751159e-01 5.746589e-01 -3.721016e-01 0 310232
6.234244e+12 -5.250518e+12 -1.923778e+12 8.427307e-01 -5.227511e-01 -1.285938e-01 2.303420e+01 0 1
-1.080618e+12 3.805050e+11 1.575869e+12 -1.294200e-01 6.700668e-01 7.309316e-01 -3.784728e+00 0 269481
-2.598784e+12 -3.522129e+12 1.874627e+12 -3.900799e-01 -8.314682e-01 3.955987e-01 1.138967e+01 0 26342
-4.895554e+12 6.064254e+12 5.331971e+12 -4.839020e-01 6.641765e-01 5.698320e-01 4.838922e+00 0 2
7.922388e+11 2.243850e+12 1.308544e+11 -8.205408e-02 9.545337e-01 2.865877e-01 1.355335e+01 0 3
-1.171302e+12 2.508671e+12 -1.263620e+12 -1.455546e-01 8.281433e-01 -5.412878e-01 -1.177757e+01 0 80938
1.869862e+12 3.040082e+11 -1.151329e+11 6.749143e-01 6.738290e-01 -3.007409e-01 1.279587e+01 0 5
3.980203e+12 -2.818374e+12 1.965738e+12 6.009770e-01 -7.262795e-01 3.336836e-01 -1.875536e+00 0 1
-2.561883e+11 1.199847e+12 -1.186226e+12 -6.994754e-01 7.140762e-01 2.879765e-02 7.947640e+00 0 10440
-1.384849e+12 -3.595426e+11 -1.536282e+12 -4.576303e-01 3.821666e-01 -8.028220e-01 -1.073734e+01 0 20041
-7.729208e+11 9.230152e+11 -1.787432e+12 2.305173e-01 1.477054e-01 -9.617925e-01 1.600767e-01 0 119710
9.381087e+11 1.065913e+11 2.212379e+12 3.034351e-01 1.804773e-01 9.356041e-01 -6.807243e+00 0 310432
1.803982e+12 -2.453621e+12 -2.198957e+12 4.885677e-01 -5.976547e-01 -6.356968e-01 -1.829919e+00 0 1732
-6.329953e+10 1.676808e+11 -1.784738e+12 -4.823614e-01 1.321822e-01 -8.659419e-01 5.407660e+00 0 52232
2.383790e+12 1.613226e+12 2.011143e+12 7.896797e-01 2.809857e-01 5.453925e-01 -1.248127e+00 0 1
-8.868503e+10 -4.970721e+11 2.034925e+12 5.568681e-02 -5.179617e-01 8.535893e-01 -2.399846e+00 0 171874
-7.127712e+11 6.507347e+11 -1.489438e+12 -6.729133e-01 -3.572995e-01 -6.477073e-01 1.282867e+00 0 1
-5.216995e+11 2.647098e+11 -2.738358e+12 8.859952e-02 3.608869e-01 -9.283915e-01 1.617824e-01 0 148662
-3.941743e+12 4.594919e+11 2.435734e+12 -8.971614e-01 -1.740235e-01 4.059770e-01 -1.953093e+00 0 1
-1.659193e+12 -2.826983e+11 -2.755867e+11 -8.950441e-01 1.829815e-01 -4.067109e-01 -6.035378e+00 0 605443
-3.638642e+11 6.993643e+11 -1.851700e+12 1.053874e-02 -1.342543e-01 -9.908909e-01 3.364711e+00 0 76757
2.390091e+12 1.756009e+12 3.485464e+11 9.580241e-01 2.745040e-01 8.268864e-02 -4.378579e+00 0 365573
1.250847e+12 -3.885599e+11 -1.200692e+12 9.475661e-01 3.152207e-01 5.248165e-02 6.005668e-01 0 782531
-4.371701e+10 5.098217e+12 -8.547210e+11 1.074241e-01 9.939225e-01 2.404320e-02 -1.472620e+01 0 1
1.599355e+13 -3.912271e+12 -1.422665e+13 7.598202e-01 -1.308715e-01 -6.368249e-01 -3.955916e+00 0 2
