# 781
-5.720519e+11 4.821564e+11 -1.155297e+12 1.554602e-01 -7.387116e-01 6.558485e-01 0.000000e+00 1
-5.613593e+11 -1.348677e+12 3.958003e+11 2.097726e-01 6.073295e-01 7.662547e-01 0.000000e+00 1
-9.231402e+10 -5.146947e+10 -9.261791e+11 -8.800783e-02 -5.715425e-01 8.158393e-01 0.000000e+00 1
6.889120e+11 1.346289e+12 3.402627e+11 -7.021209e-01 5.026614e-01 5.043389e-01 0.000000e+00 1
1.569848e+12 6.076524e+09 9.232138e+10 1.735205e-01 -6.214219e-01 7.640193e-01 0.000000e+00 1
3.765503e+11 -1.292163e+11 -1.166919e+12 -1.503964e-01 -8.198614e-01 -5.524565e-01 0.000000e+00 1
1.789347e+11 -7.716731e+11 -8.522812e+11 -1.999199e-01 -5.429336e-01 -8.156318e-01 0.000000e+00 1
-9.924243e+11 1.019646e+12 1.190713e+11 -9.238965e-01 -4.378913e-02 3.801286e-01 0.000000e+00 1
-1.347709e+12 -7.020118e+10 -5.050375e+11 6.299501e-01 7.148429e-01 -3.035828e-01 0.000000e+00 1
-2.148025e+11 4.618814e+11 -1.458006e+11 -6.580625e-01 5.306114e-01 -5.342334e-01 0.000000e+00 1
-4.556243e+10 -2.905718e+11 2.661562e+11 5.116081e-01 1.719515e-01 -8.418372e-01 0.000000e+00 1
7.562205e+11 -7.042884e+11 9.781630e+11 1.290465e-01 -6.019286e-01 7.880539e-01 0.000000e+00 1
-9.884196e+11 2.351417e+11 -3.190730e+11 -8.213021e-01 1.129246e-01 -5.592057e-01 0.000000e+00 1
7.486380e+11 2.765280e+11 4.499811e+11 4.440163e-01 4.179582e-01 7.925658e-01 0.000000e+00 1
1.198898e+12 8.028182e+11 7.152415e+10 -3.033907e-01 -9.526677e-01 -1.945273e-02 0.000000e+00 1
4.795424e+10 -1.043104e+12 6.799140e+11 -6.504047e-01 6.795506e-01 3.393889e-01 0.000000e+00 1
-6.735467e+11 1.446561e+12 -2.179600e+10 -1.601201e-01 8.746068e-01 -4.576292e-01 0.000000e+00 1
1.264102e+11 2.847332e+11 -4.882725e+11 -4.467514e-01 -8.186504e-01 -3.608666e-01 0.000000e+00 1
6.540781e+11 2.028829e+11 2.207850e+11 7.693653e-01 -5.914454e-01 -2.413904e-01 0.000000e+00 1
1.403653e+12 -5.485482e+11 5.648622e+11 2.386086e-01 7.074009e-01 -6.653194e-01 0.000000e+00 1
-9.607497e+11 1.097240e+12 -8.193466e+11 -6.192672e-01 -5.650911e-01 5.451424e-01 0.000000e+00 1
8.043060e+11 -2.434173e+10 -1.256690e+12 -5.716680e-01 7.428892e-01 3.482979e-01 0.000000e+00 1
-7.317159e+11 -1.015963e+12 2.599844e+11 7.930720e-01 5.336691e-01 -2.936563e-01 0.000000e+00 1
-5.951444e+11 -3.250440e+11 1.532776e+12 8.538025e-01 2.474303e-01 4.580389e-01 0.000000e+00 1
1.704652e+11 7.775488e+11 -1.637678e+11 -7.040255e-01 4.357397e-01 -5.607843e-01 0.000000e+00 1
-9.268346e+10 3.596726e+11 -8.174109e+11 -6.335111e-02 8.932748e-01 4.450245e-01 0.000000e+00 1
1.802835e+11 1.208462e+12 -2.890425e+11 8.777663e-01 -3.754737e-01 -2.975665e-01 0.000000e+00 1
-7.452061e+11 -1.306460e+12 4.044170e+11 -7.189261e-01 3.611470e-01 -5.939007e-01 0.000000e+00 1
2.870664e+11 1.670878e+12 2.672544e+10 1.579615e-01 2.602927e-02 -9.871021e-01 0.000000e+00 1
-6.241650e+11 3.951558e+10 2.970120e+10 -5.622554e-01 3.840763e-01 -7.323621e-01 0.000000e+00 1
-1.093852e+11 7.222991e+11 -1.470772e+12 -9.892240e-01 1.362273e-01 -5.364758e-02 0.000000e+00 1
-4.526369e+11 1.239255e+11 1.199980e+12 -7.608643e-01 -3.747963e-01 -5.297294e-01 0.000000e+00 1
2.825940e+11 -5.192010e+11 2.789947e+10 3.809651e-01 2.739566e-01 8.830704e-01 0.000000e+00 1
-7.495495e+10 -3.283508e+11 7.362049e+11 -2.896154e-01 9.560113e-01 -4.653364e-02 0.000000e+00 1
5.357119e+11 9.335112e+11 8.758244e+11 4.048812e-01 8.470195e-01 3.444258e-01 0.000000e+00 1
-8.094069e+11 -1.207636e+12 -2.661824e+11 2.249699e-01 -8.486793e-01 4.786773e-01 0.000000e+00 1
-6.390392e+11 -6.766981e+11 -8.747504e+11 8.151431e-01 5.481621e-01 -1.872430e-01 0.000000e+00 1
1.481466e+12 5.965237e+11 -5.412038e+10 7.815444e-01 3.684302e-01 -5.034357e-01 0.000000e+00 1
1.177930e+12 7.871331e+11 -8.058614e+11 6.884474e-01 -3.977298e-01 -6.065073e-01 0.000000e+00 1
1.127221e+12 6.289944e+10 1.022330e+12 -2.279703e-01 1.463979e-01 9.625992e-01 0.000000e+00 1
1.514769e+12 -1.198105e+11 4.831968e+11 6.513238e-01 -5.111530e-03 7.587827e-01 0.000000e+00 1
-3.635655e+11 3.398649e+11 -7.233142e+11 5.024907e-01 8.354597e-01 2.225089e-01 0.000000e+00 1
-2.889363e+11 -1.294947e+12 1.235486e+11 -5.115588e-01 7.548049e-01 4.105815e-01 0.000000e+00 1
-1.301827e+11 2.614129e+11 -7.760162e+11 -5.193486e-01 3.922858e-01 7.592028e-01 0.000000e+00 1
-1.373824e+12 7.459392e+11 -5.730722e+11 -5.329811e-01 -5.852727e-01 6.110540e-01 0.000000e+00 1
-4.789666e+11 1.648341e+11 9.456396e+11 -3.302585e-01 -5.047812e-02 9.425398e-01 0.000000e+00 1
-7.852855e+11 8.262073e+11 2.275844e+11 -9.652678e-01 -2.367262e-01 1.105382e-01 0.000000e+00 1
1.660081e+12 -3.216116e+10 2.309892e+11 5.019206e-01 5.121448e-01 -6.969816e-01 0.000000e+00 1
3.262397e+11 6.844906e+11 -3.593919e+11 -2.126816e-01 -9.737496e-01 8.110626e-02 0.000000e+00 1
9.831804e+11 3.129864e+11 9.348506e+11 3.254626e-01 2.465758e-01 9.128387e-01 0.000000e+00 1
-2.662667e+11 8.642093e+10 1.254086e+12 -9.510196e-01 -3.066236e-01 3.929034e-02 0.000000e+00 1
-4.859917e+11 -2.213732e+11 1.479314e+12 -3.346915e-01 5.002644e-01 7.985720e-01 0.000000e+00 1
-1.379628e+12 5.014880e+10 2.898582e+11 -4.884534e-01 8.625042e-01 -1.322867e-01 0.000000e+00 1
-1.283097e+12 -1.011658e+12 -1.133758e+11 -7.302617e-01 5.945267e-01 -3.365351e-01 0.000000e+00 1
1.964561e+11 -2.807186e+10 1.109980e+12 -6.123303e-01 5.383956e-01 -5.789488e-01 0.000000e+00 1
6.633264e+11 -4.115397e+11 -1.161679e+12 7.235355e-01 -6.469577e-01 -2.407119e-01 0.000000e+00 1
-9.577123e+11 -6.800942e+11 6.540197e+10 -6.859514e-01 -7.192066e-01 1.105102e-01 0.000000e+00 1
-1.212661e+12 8.026018e+11 3.242307e+10 1.313364e-01 9.608903e-01 -2.438045e-01 0.000000e+00 1
3.417109e+11 9.925482e+11 -4.513207e+11 -9.379973e-02 9.160992e-01 3.898253e-01 0.000000e+00 1
-3.949981e+11 5.725410e+11 2.054494e+11 9.754049e-01 2.194762e-01 2.038574e-02 0.000000e+00 1
-4.371258e+10 2.310383e+11 1.288815e+12 -6.682178e-01 -4.326245e-01 -6.052446e-01 0.000000e+00 1
-1.076724e+12 -8.202567e+11 -9.250229e+11 1.811279e-01 -9.245304e-01 3.353152e-01 0.000000e+00 1
7.329738e+11 7.578287e+11 -5.892501e+11 3.447199e-01 9.302456e-01 1.257429e-01 0.000000e+00 1
9.040758e+11 7.389500e+11 -5.895957e+11 -1.620343e-01 -9.705373e-01 1.783318e-01 0.000000e+00 1
-6.594262e+09 1.255257e+12 -5.351425e+10 -1.023147e-01 9.876659e-01 -1.185232e-01 0.000000e+00 1
1.309070e+12 -3.075342e+11 8.418566e+09 1.367049e-01 9.436097e-01 3.015170e-01 0.000000e+00 1
8.693047e+11 6.601815e+11 -5.922992e+11 1.865942e-01 -9.819002e-01 3.247392e-02 0.000000e+00 1
-1.612260e+11 -1.202619e+12 -1.024912e+11 6.464017e-01 7.619828e-01 -3.933226e-02 0.000000e+00 1
-6.947334e+11 -3.121099e+11 -1.220342e+12 -8.385508e-01 4.691694e-01 -2.769704e-01 0.000000e+00 1
-6.839460e+11 1.265341e+11 2.985054e+11 -5.054272e-01 -8.583545e-01 8.815299e-02 0.000000e+00 1
-8.425506e+11 1.436686e+12 3.106494e+11 -8.542181e-01 -5.163101e-01 6.111628e-02 0.000000e+00 1
-1.781346e+11 -1.247527e+11 -7.015029e+11 -5.289579e-01 -7.095724e-01 4.655219e-01 0.000000e+00 1
3.139691e+11 3.811933e+11 -1.975430e+11 2.373252e-02 -5.284439e-01 8.486365e-01 0.000000e+00 1
1.462533e+11 6.767728e+11 -1.488762e+12 -6.299478e-01 -3.535135e-01 -6.915158e-01 0.000000e+00 1
-9.128025e+10 7.857011e+11 -2.669690e+11 -3.257270e-01 -8.470695e-01 4.199704e-01 0.000000e+00 1
2.737603e+11 3.943623e+11 -1.572893e+12 -2.929450e-01 -7.940387e-01 -5.326216e-01 0.000000e+00 1
1.040215e+12 -5.628023e+10 -6.963840e+11 -9.857400e-01 1.606303e-01 -5.014563e-02 0.000000e+00 1
6.263825e+11 -1.816894e+11 1.204058e+12 -4.515189e-01 8.381304e-01 3.060524e-01 0.000000e+00 1
-1.426680e+11 7.510211e+10 -3.564308e+11 -1.995208e-01 6.039591e-03 9.798750e-01 0.000000e+00 1
-3.737659e+11 -4.793356e+11 3.842358e+11 9.227881e-01 -3.261988e-01 2.050769e-01 0.000000e+00 1
9.032839e+11 5.262197e+11 -1.026499e+12 7.561881e-01 5.270476e-01 3.878148e-01 0.000000e+00 1
1.081140e+12 1.776529e+11 -1.519211e+11 3.954025e-01 -7.335442e-01 5.527836e-01 0.000000e+00 1
1.168619e+12 5.304112e+11 -9.360436e+11 -2.201249e-01 -6.342325e-01 7.411438e-01 0.000000e+00 1
-2.447312e+10 9.485417e+10 -9.011572e+11 -5.156582e-01 -8.970894e-02 8.520850e-01 0.000000e+00 1
1.201786e+12 8.039905e+11 6.268583e+11 7.454745e-01 -1.026222e-01 6.585867e-01 0.000000e+00 1
-1.449363e+12 4.660143e+10 8.343712e+11 6.643727e-01 6.344404e-01 3.950877e-01 0.000000e+00 1
1.574617e+12 -3.522272e+11 -6.294397e+10 6.307905e-01 -7.118281e-01 -3.088756e-01 0.000000e+00 1
1.099772e+12 -2.452846e+11 -1.076391e+12 4.822431e-01 -2.531805e-01 -8.386544e-01 0.000000e+00 1
-1.495197e+12 1.812130e+11 -1.987003e+11 9.475976e-01 2.084537e-01 2.420863e-01 0.000000e+00 1
-6.365432e+11 -1.686869e+11 7.480882e+10 -3.331157e-01 -1.809775e-01 -9.253545e-01 0.000000e+00 1
2.966926e+11 -2.775692e+11 5.735834e+11 2.556577e-01 -3.087781e-01 -9.161306e-01 0.000000e+00 1
4.108170e+11 -7.183120e+11 -3.731123e+10 -4.701514e-01 7.690288e-01 -4.330732e-01 0.000000e+00 1
-4.504624e+11 -1.036090e+12 8.978541e+11 -8.508153e-01 -5.190914e-01 -8.159272e-02 0.000000e+00 1
-8.029490e+11 1.160724e+11 -3.075574e+11 8.830876e-01 -3.631894e-01 2.970686e-01 0.000000e+00 1
3.903306e+11 9.095588e+11 7.151820e+11 -9.970580e-01 5.709426e-02 -5.114200e-02 0.000000e+00 1
-4.206145e+10 -1.027726e+11 -1.274927e+12 1.903027e-02 -7.581792e-01 6.517685e-01 0.000000e+00 1
-1.361025e+11 -6.991388e+11 -6.646848e+11 -3.314509e-01 8.680069e-01 -3.697355e-01 0.000000e+00 1
-5.397558e+10 -5.895721e+11 4.392594e+11 3.662174e-01 6.858034e-01 6.289344e-01 0.000000e+00 1
5.424028e+11 -1.374935e+12 4.265620e+11 7.724123e-01 2.743560e-01 5.728072e-01 0.000000e+00 1
8.045308e+11 2.013772e+11 2.297360e+11 3.657871e-01 -7.234733e-01 -5.854795e-01 0.000000e+00 1
4.002141e+11 -8.941009e+11 -6.704782e+11 -3.270298e-01 2.699555e-02 -9.446284e-01 0.000000e+00 1
6.471700e+11 -1.044537e+12 -9.298078e+11 6.960224e-01 3.139594e-01 -6.457417e-01 0.000000e+00 1
-8.315931e+11 1.782241e+11 9.985635e+10 5.147277e-01 4.825436e-01 -7.086656e-01 0.000000e+00 1
-2.497869e+11 4.912060e+11 -1.105908e+12 -6.691079e-01 -6.819547e-01 -2.953513e-01 0.000000e+00 1
-2.880718e+11 6.122905e+11 1.024627e+12 1.124794e-02 6.895632e-01 7.241382e-01 0.000000e+00 1
3.819078e+11 3.339450e+11 -1.436448e+12 8.539062e-01 4.751633e-01 2.122829e-01 0.000000e+00 1
-1.414460e+11 6.643554e+11 -2.996571e+11 7.912005e-01 5.612785e-01 -2.428336e-01 0.000000e+00 1
8.015957e+11 -5.390050e+11 8.872705e+11 -2.363705e-01 4.932544e-01 -8.371554e-01 0.000000e+00 1
1.327086e+12 -7.209807e+11 -4.525398e+11 -7.802557e-01 5.128358e-01 -3.580510e-01 0.000000e+00 1
7.977837e+11 1.347250e+12 -3.773941e+11 -1.084968e-01 -9.702772e-01 -2.163113e-01 0.000000e+00 1
1.160814e+12 9.514096e+11 6.615521e+11 -9.976233e-01 -3.191510e-02 -6.106679e-02 0.000000e+00 1
2.035754e+11 3.676129e+11 1.130354e+12 7.931363e-01 3.278929e-01 5.132456e-01 0.000000e+00 1
9.541356e+11 -9.687425e+10 9.072792e+11 -8.041270e-01 -2.819619e-01 -5.233328e-01 0.000000e+00 1
7.086515e+11 -4.945297e+11 -3.623900e+11 9.122243e-01 3.491100e-01 -2.144041e-01 0.000000e+00 1
2.280918e+11 -8.325912e+11 7.704429e+11 5.149203e-01 -7.743122e-01 -3.678283e-01 0.000000e+00 1
-3.727884e+10 -1.078066e+12 5.083522e+11 4.500652e-01 5.811875e-01 6.779841e-01 0.000000e+00 1
3.409008e+11 -1.003306e+12 -9.276968e+11 -9.034231e-01 4.238764e-01 6.446299e-02 0.000000e+00 1
-3.297788e+11 -3.303573e+11 1.453029e+12 -8.639944e-01 -4.307593e-01 -2.606917e-01 0.000000e+00 1
8.248347e+11 -1.094871e+12 9.673682e+11 8.806786e-01 -1.173255e-01 -4.589552e-01 0.000000e+00 1
-1.136697e+12 4.515756e+11 2.396680e+11 9.109210e-02 8.365509e-01 -5.402636e-01 0.000000e+00 1
-6.364985e+11 4.296071e+11 1.457317e+12 3.641837e-01 7.771427e-01 5.132440e-01 0.000000e+00 1
-3.690170e+11 7.670752e+10 1.363495e+12 -5.534240e-01 4.072534e-02 8.319035e-01 0.000000e+00 1
-1.006316e+12 -6.325976e+11 -7.406199e+11 -1.368938e-01 -5.401351e-01 8.303699e-01 0.000000e+00 1
1.439135e+12 -8.719418e+11 -1.714391e+11 1.518245e-01 -2.483296e-01 9.567036e-01 0.000000e+00 1
6.628120e+10 -1.265135e+11 2.950374e+11 -3.541748e-01 9.124019e-01 -2.051413e-01 0.000000e+00 1
4.738778e+11 1.177766e+12 -9.924721e+11 -8.471450e-01 -5.251720e-01 -8.086838e-02 0.000000e+00 1
-7.291513e+11 5.153264e+11 1.105331e+12 9.876865e-01 -1.347783e-01 7.943657e-02 0.000000e+00 1
1.588687e+12 2.148249e+11 -1.908318e+11 5.934749e-01 7.732546e-01 -2.233046e-01 0.000000e+00 1
1.233558e+12 -3.068456e+11 -4.252597e+11 7.907096e-01 4.399318e-01 4.257210e-01 0.000000e+00 1
-7.796273e+11 4.342112e+11 9.766106e+11 2.902132e-01 -6.034056e-01 7.427503e-01 0.000000e+00 1
-7.384972e+11 4.118003e+11 2.194528e+11 -8.188883e-01 3.172403e-01 -4.783100e-01 0.000000e+00 1
1.181845e+12 4.052318e+11 -5.874809e+11 1.809927e-01 1.466126e-01 -9.724949e-01 0.000000e+00 1
2.129705e+10 2.331329e+11 6.299380e+11 -8.556972e-01 6.704485e-02 5.131152e-01 0.000000e+00 1
2.366534e+11 4.773891e+11 1.193864e+12 8.568680e-01 -4.762102e-01 -1.974868e-01 0.000000e+00 1
3.449662e+11 8.812958e+11 -3.146288e+11 3.506998e-01 1.224412e-01 -9.284492e-01 0.000000e+00 1
5.364116e+11 -4.359689e+10 -1.568060e+12 -9.594988e-01 -2.047824e-01 1.934586e-01 0.000000e+00 1
6.865325e+11 6.851509e+10 -1.131827e+12 -8.664731e-01 -3.070951e-01 -3.935950e-01 0.000000e+00 1
4.395923e+11 -1.324979e+12 -3.260635e+11 4.445522e-01 -8.951051e-01 -3.406094e-02 0.000000e+00 1
9.282293e+10 6.490807e+11 7.732571e+11 7.809761e-01 -5.787314e-01 -2.348324e-01 0.000000e+00 1
-1.205987e+11 2.415115e+11 3.190856e+11 -9.043755e-01 -3.575456e-01 2.329507e-01 0.000000e+00 1
7.449770e+11 8.578077e+10 1.089570e+12 4.446523e-01 8.812081e-01 1.604887e-01 0.000000e+00 1
1.096522e+12 -9.718041e+11 -2.779585e+11 -8.145275e-01 5.794071e-01 -2.884937e-02 0.000000e+00 1
1.165138e+11 -1.037498e+12 1.201713e+12 8.919161e-01 3.776877e-01 -2.486717e-01 0.000000e+00 1
2.401631e+11 1.309410e+12 8.639291e+11 3.266352e-01 -8.989962e-01 -2.917451e-01 0.000000e+00 1
-1.132600e+12 7.086003e+11 -3.287921e+11 1.066063e-02 1.239537e-01 -9.922307e-01 0.000000e+00 1
8.902101e+11 1.007741e+12 -7.133778e+11 -4.614032e-01 -4.168363e-02 -8.862108e-01 0.000000e+00 1
-1.185218e+12 -2.540790e+11 7.413072e+11 2.068664e-01 -8.335862e-01 -5.121917e-01 0.000000e+00 1
1.518657e+11 -6.609376e+11 -1.538308e+11 3.611176e-01 7.181027e-01 5.949139e-01 0.000000e+00 1
1.111714e+12 5.004542e+10 -1.095065e+11 6.846843e-01 5.683318e-01 4.562964e-01 0.000000e+00 1
5.385071e+11 -7.001390e+11 -8.071433e+10 -4.878664e-01 8.534582e-01 1.832906e-01 0.000000e+00 1
1.173316e+10 1.092159e+12 -1.716761e+11 -6.750356e-01 -6.710550e-01 -3.066140e-01 0.000000e+00 1
6.742201e+11 6.817995e+10 4.907549e+11 9.910269e-01 -1.141344e-01 -6.956346e-02 0.000000e+00 1
-1.626057e+11 5.012839e+11 1.524181e+12 -2.049221e-01 -9.096545e-01 3.612970e-01 0.000000e+00 1
-3.306023e+11 -2.372228e+11 -1.438915e+12 1.812111e-01 2.909055e-02 -9.830139e-01 0.000000e+00 1
-1.316948e+12 5.193452e+11 -8.253210e+11 -9.878098e-02 -9.555941e-01 2.776367e-01 0.000000e+00 1
1.014002e+12 -5.883157e+11 -1.082106e+11 2.011619e-01 -4.795489e-01 -8.541468e-01 0.000000e+00 1
1.083819e+12 7.473711e+11 6.038806e+11 7.689179e-01 5.125980e-01 -3.821107e-01 0.000000e+00 1
1.006506e+12 5.849906e+11 1.457872e+11 9.901859e-01 -1.265091e-01 5.939053e-02 0.000000e+00 1
-1.491738e+12 -3.340176e+11 -6.895021e+11 -1.947818e-01 -9.575478e-01 -2.125140e-01 0.000000e+00 1
-1.152170e+12 -7.170664e+11 3.128362e+11 -4.826823e-01 -5.670908e-01 6.674022e-01 0.000000e+00 1
-7.625054e+11 -5.305593e+11 -4.808990e+11 -8.758749e-01 -4.015153e-02 -4.808648e-01 0.000000e+00 1
-3.493839e+11 8.038096e+11 -1.256888e+11 -7.050884e-02 -9.924619e-01 1.002390e-01 0.000000e+00 1
-3.338579e+11 -1.953607e+11 -1.569688e+12 -7.777179e-01 6.043956e-01 1.728029e-01 0.000000e+00 1
-4.448233e+11 -6.304507e+11 5.215984e+11 9.999397e-01 7.323026e-03 8.187300e-03 0.000000e+00 1
6.450496e+11 1.535893e+12 -4.246700e+10 -2.084407e-01 3.560381e-01 -9.109277e-01 0.000000e+00 1
8.086374e+11 -1.627240e+10 -1.120513e+12 7.101620e-01 -6.428171e-01 2.871518e-01 0.000000e+00 1
5.291650e+11 -1.001022e+12 7.829315e+11 5.334045e-01 6.946806e-01 -4.825956e-01 0.000000e+00 1
-3.347307e+11 8.644132e+11 -3.155212e+11 -8.124495e-01 -1.746238e-01 5.562665e-01 0.000000e+00 1
-2.718143e+11 -3.644931e+11 4.586408e+11 -3.807998e-01 -9.241907e-01 2.937656e-02 0.000000e+00 1
7.470081e+11 4.111234e+10 3.097896e+11 -2.981768e-01 -3.653649e-01 -8.818158e-01 0.000000e+00 1
8.905636e+10 5.544121e+11 1.598499e+12 7.341447e-01 -6.192682e-01 -2.784573e-01 0.000000e+00 1
1.191036e+12 5.947780e+10 4.818316e+11 4.931130e-01 -7.175727e-01 4.918628e-01 0.000000e+00 1
-4.667886e+11 1.377196e+12 -4.984664e+11 -5.235331e-01 -3.240509e-01 7.879747e-01 0.000000e+00 1
-7.592232e+11 7.481028e+11 3.734616e+11 -3.698136e-01 -3.545805e-01 -8.587844e-01 0.000000e+00 1
2.337847e+11 -8.914085e+11 -1.064881e+12 4.755188e-01 6.585310e-01 5.832828e-01 0.000000e+00 1
-1.419138e+11 -8.363493e+11 4.620826e+11 1.726607e-01 9.759478e-01 -1.330944e-01 0.000000e+00 1
-6.420316e+11 -9.914736e+10 -6.599787e+11 5.017681e-01 -5.604796e-01 6.588561e-01 0.000000e+00 1
-4.817979e+11 1.143245e+12 3.783205e+10 -2.703637e-02 -6.665288e-01 7.449889e-01 0.000000e+00 1
9.780391e+11 -5.495712e+11 7.343310e+11 9.671405e-01 2.533394e-01 -2.140885e-02 0.000000e+00 1
-1.052565e+12 -4.966380e+11 -3.099285e+11 3.164522e-01 -6.107871e-01 -7.258079e-01 0.000000e+00 1
-1.232930e+12 6.575225e+11 2.109829e+11 -2.132474e-01 -9.557120e-01 2.028302e-01 0.000000e+00 1
-8.766679e+11 -3.102512e+11 -4.063736e+11 -5.555289e-01 -8.312788e-01 -1.905863e-02 0.000000e+00 1
7.768364e+10 -1.233820e+10 7.419599e+11 -9.234221e-01 3.836272e-01 1.103537e-02 0.000000e+00 1
3.953333e+11 -4.106405e+11 -3.985183e+11 4.519847e-01 -4.096097e-01 -7.924201e-01 0.000000e+00 1
-7.942019e+11 -8.831280e+11 -6.749191e+11 -2.665479e-01 9.590925e-01 -9.536112e-02 0.000000e+00 1
1.339199e+12 1.930978e+11 4.759493e+11 -7.193493e-01 -2.921582e-01 -6.302223e-01 0.000000e+00 1
2.346025e+11 8.755581e+11 1.414868e+12 -7.975952e-01 5.218894e-01 3.024457e-01 0.000000e+00 1
-6.671434e+11 -2.749730e+11 -1.308276e+11 -9.903004e-01 -7.363265e-02 1.178280e-01 0.000000e+00 1
1.319642e+12 2.057434e+11 -8.216240e+11 -3.660451e-01 4.300292e-01 -8.252793e-01 0.000000e+00 1
-3.692446e+11 -9.246527e+11 8.816065e+11 -2.566311e-01 4.235375e-02 -9.655810e-01 0.000000e+00 1
-8.584007e+10 -1.601887e+11 5.099898e+11 5.420226e-01 6.902178e-01 4.793860e-01 0.000000e+00 1
3.327222e+11 -8.468230e+11 9.219608e+11 -6.786806e-01 4.380028e-01 5.895306e-01 0.000000e+00 1
3.267269e+10 1.646425e+12 3.076983e+11 -5.243406e-01 6.117246e-01 -5.923343e-01 0.000000e+00 1
-1.293246e+12 -4.600630e+11 6.765106e+11 -8.164588e-01 -2.899183e-01 -4.993420e-01 0.000000e+00 1
-1.003470e+12 -1.049689e+12 -8.249087e+11 -8.865679e-01 1.867843e-02 -4.622213e-01 0.000000e+00 1
3.886361e+11 5.156316e+11 -3.676558e+11 -3.743183e-01 -9.242730e-01 -7.486746e-02 0.000000e+00 1
-5.279837e+11 1.314437e+12 -3.590114e+11 -2.838770e-01 3.531091e-01 -8.914751e-01 0.000000e+00 1
-2.335781e+09 -1.331605e+12 3.327387e+11 7.374281e-01 2.211028e-01 6.382111e-01 0.000000e+00 1
1.077402e+11 9.166424e+11 6.780455e+11 -6.019510e-01 4.256994e-01 6.755998e-01 0.000000e+00 1
-5.204772e+11 -3.741662e+11 -6.002239e+11 -8.327475e-01 -4.488553e-01 3.241304e-01 0.000000e+00 1
2.465213e+11 1.173728e+12 -8.925667e+11 5.063128e-01 7.588648e-01 4.095992e-01 0.000000e+00 1
2.596055e+11 7.172428e+11 -1.072510e+11 5.355960e-02 9.569951e-01 -2.851170e-01 0.000000e+00 1
1.028082e+12 3.738646e+11 -9.407037e+11 -5.602205e-01 6.438615e-02 8.258374e-01 0.000000e+00 1
-1.386267e+12 -4.709965e+11 -4.790987e+11 5.984234e-01 -2.518240e-02 8.007842e-01 0.000000e+00 1
-1.298221e+12 1.013961e+12 -3.547163e+11 5.463442e-01 -6.071119e-01 -5.769949e-01 0.000000e+00 1
-3.174243e+11 -3.709138e+11 7.339788e+11 4.122425e-01 -8.075122e-01 -4.218769e-01 0.000000e+00 1
-1.672046e+11 -8.124408e+11 2.153032e+11 -4.992112e-02 -9.365671e-01 3.469148e-01 0.000000e+00 1
2.022915e+11 -1.056973e+12 1.127520e+12 -7.681002e-01 -4.684541e-02 -6.386138e-01 0.000000e+00 1
-5.854593e+11 -4.893747e+11 1.290600e+12 2.067073e-02 5.347173e-01 -8.447782e-01 0.000000e+00 1
-6.169313e+11 1.441289e+12 6.390566e+11 8.893749e-01 3.856255e-01 2.455712e-01 0.000000e+00 1
3.411486e+11 8.481344e+11 -9.107926e+11 9.332703e-01 -3.444893e-01 1.016550e-01 0.000000e+00 1
-9.706786e+11 3.486524e+11 7.395465e+11 8.778945e-01 -4.385392e-01 1.923138e-01 0.000000e+00 1
6.075314e+11 1.341511e+12 8.467140e+10 3.026422e-01 -6.677049e-01 -6.801307e-01 0.000000e+00 1
-7.229168e+11 -4.327887e+11 1.471129e+12 3.599794e-01 8.361691e-01 -4.138067e-01 0.000000e+00 1
-9.261746e+10 -7.852578e+11 -1.293540e+12 -8.995178e-01 -4.357491e-01 3.147253e-02 0.000000e+00 1
-3.339897e+11 -1.372561e+12 8.961656e+11 7.291658e-01 4.329920e-01 5.299388e-01 0.000000e+00 1
-1.160233e+12 5.446664e+10 9.419755e+11 9.301666e-02 3.320703e-01 -9.386571e-01 0.000000e+00 1
1.725792e+10 2.876677e+11 -7.097760e+11 -1.080816e-01 6.662220e-01 -7.378798e-01 0.000000e+00 1
-5.945536e+11 -1.190809e+12 -3.797417e+11 2.436073e-02 9.948902e-01 -9.797970e-02 0.000000e+00 1
-2.395549e+11 -6.615446e+11 -1.201130e+12 -1.361908e-01 8.913176e-01 4.324407e-01 0.000000e+00 1
2.674840e+11 -4.099481e+11 1.499718e+11 1.032998e-01 -5.733427e-01 8.127775e-01 0.000000e+00 1
3.316716e+11 1.076493e+12 -1.083325e+12 6.230259e-01 -6.055570e-01 -4.951155e-01 0.000000e+00 1
-1.014236e+12 3.676323e+11 -4.068405e+11 4.779567e-01 2.722535e-01 -8.351260e-01 0.000000e+00 1
-7.093733e+11 -7.831489e+11 -1.766622e+11 -7.576932e-01 -5.737795e-01 3.109311e-01 0.000000e+00 1
-6.246279e+11 1.315278e+12 1.746793e+11 9.481279e-01 -3.142382e-01 -4.803910e-02 0.000000e+00 1
-1.380978e+12 1.283090e+11 -6.813136e+11 3.238720e-01 -2.071997e-01 -9.231334e-01 0.000000e+00 1
-3.186337e+11 6.376707e+11 -1.284863e+12 5.432765e-01 -5.614714e-01 -6.241799e-01 0.000000e+00 1
1.078378e+12 -9.607781e+11 -2.031928e+11 7.028723e-01 5.594770e-01 4.392676e-01 0.000000e+00 1
-6.659292e+11 5.868862e+11 -1.122348e+12 8.671323e-01 2.805846e-01 -4.115263e-01 0.000000e+00 1
-7.477319e+11 5.021791e+11 -1.307319e+12 4.526474e-01 7.347253e-01 5.052614e-01 0.000000e+00 1
-6.061029e+11 5.990077e+11 1.432106e+12 7.306877e-01 -4.075682e-02 6.814942e-01 0.000000e+00 1
-2.062169e+11 1.238221e+12 1.037536e+12 8.544797e-01 -4.017264e-01 -3.293636e-01 0.000000e+00 1
4.061087e+10 -7.536244e+11 -7.765250e+11 -6.307369e-01 7.708322e-01 -8.937983e-02 0.000000e+00 1
-4.183542e+11 -1.476675e+12 2.605796e+11 -2.880611e-01 -9.228546e-02 9.531549e-01 0.000000e+00 1
9.677204e+11 7.758031e+11 -3.695308e+11 -2.472061e-01 -8.091027e-01 -5.331434e-01 0.000000e+00 1
-1.323099e+12 8.621153e+11 2.799744e+11 9.959504e-01 -4.372086e-02 7.855781e-02 0.000000e+00 1
-1.005865e+11 -1.488989e+12 -2.985605e+11 7.803683e-01 4.440011e-01 -4.403275e-01 0.000000e+00 1
-1.158818e+12 3.451900e+11 1.042682e+12 -2.698380e-01 4.483538e-01 -8.521539e-01 0.000000e+00 1
-1.323728e+12 2.819731e+10 -9.626993e+11 8.638185e-01 4.768603e-01 -1.625481e-01 0.000000e+00 1
-1.829538e+11 6.603489e+11 -1.874696e+11 -6.784471e-01 3.155546e-02 -7.339713e-01 0.000000e+00 1
-5.341581e+10 -5.082503e+11 -1.486857e+12 -9.822276e-01 -1.291143e-02 -1.872494e-01 0.000000e+00 1
4.880349e+10 8.517000e+11 5.069972e+10 6.019616e-01 -7.984808e-01 8.403282e-03 0.000000e+00 1
5.603801e+10 -9.750708e+11 4.226263e+11 1.805743e-01 9.639423e-01 1.954690e-01 0.000000e+00 1
1.114188e+12 3.570832e+11 -6.983838e+10 -1.161991e-01 1.329059e-01 9.842935e-01 0.000000e+00 1
8.634117e+11 1.836112e+11 -1.308078e+12 -7.039144e-01 6.169019e-01 -3.520462e-01 0.000000e+00 1
7.944969e+11 -6.194723e+11 1.005875e+12 9.696889e-01 -8.721760e-02 2.282466e-01 0.000000e+00 1
-1.428480e+12 2.894962e+11 -5.497779e+11 7.492945e-01 4.539298e-01 -4.821883e-01 0.000000e+00 1
-9.344659e+11 3.146774e+11 3.547994e+11 -3.467991e-01 7.290991e-02 9.351014e-01 0.000000e+00 1
1.595565e+12 1.789976e+11 4.308690e+11 1.717019e-01 -2.401196e-01 -9.554376e-01 0.000000e+00 1
-1.406013e+11 5.411538e+11 -7.501589e+11 -1.847635e-01 8.695299e-01 4.580176e-01 0.000000e+00 1
-3.154876e+11 1.586578e+12 -3.356957e+11 -9.633431e-01 9.087056e-02 -2.524134e-01 0.000000e+00 1
-8.565520e+11 2.993245e+10 8.537524e+11 -2.095559e-01 -5.692053e-01 -7.950419e-01 0.000000e+00 1
-1.130810e+12 4.038101e+11 1.792797e+11 8.713834e-01 4.755477e-01 1.206039e-01 0.000000e+00 1
1.246002e+12 1.697952e+11 -6.587043e+11 -9.005295e-01 -5.683067e-02 -4.310649e-01 0.000000e+00 1
2.899944e+11 3.418838e+11 -4.472834e+11 -8.971711e-01 3.386280e-01 -2.835757e-01 0.000000e+00 1
4.707850e+11 -6.733289e+11 7.437916e+11 4.155793e-01 8.368663e-01 3.562986e-01 0.000000e+00 1
-8.712921e+11 4.592366e+11 -1.033940e+12 -3.587249e-01 -2.959941e-03 -9.334386e-01 0.000000e+00 1
-1.410365e+12 2.411325e+10 -6.613692e+11 4.073499e-01 9.072996e-01 -1.042763e-01 0.000000e+00 1
5.702381e+11 -1.121314e+12 -6.325690e+11 1.151260e-02 -9.988453e-01 4.664225e-02 0.000000e+00 1
-7.650536e+11 -1.092247e+12 3.241353e+11 1.985358e-01 4.073196e-01 -8.914450e-01 0.000000e+00 1
1.022720e+12 -2.967448e+11 -4.364523e+11 3.861660e-01 -5.329329e-01 7.529000e-01 0.000000e+00 1
-9.099040e+11 1.045677e+12 5.145567e+09 -8.567858e-01 -2.358701e-01 -4.585667e-01 0.000000e+00 1
1.800206e+11 5.568281e+11 -9.135979e+11 -7.577182e-01 -1.856493e-02 6.523177e-01 0.000000e+00 1
-3.305042e+11 -7.929229e+11 7.817728e+11 4.345306e-01 -3.399401e-01 -8.340407e-01 0.000000e+00 1
-2.734986e+11 -2.061476e+10 -9.585751e+10 -9.339550e-01 -3.491288e-01 7.640155e-02 0.000000e+00 1
-7.664887e+11 3.650241e+11 1.192959e+12 -9.384744e-01 1.636223e-02 3.449610e-01 0.000000e+00 1
2.049307e+11 1.181049e+12 -2.467396e+11 -6.367539e-01 -7.152963e-01 -2.879159e-01 0.000000e+00 1
8.442067e+10 1.869639e+11 1.347079e+12 -5.010074e-01 -8.403783e-01 -2.067748e-01 0.000000e+00 1
-3.415761e+11 -1.252746e+12 -2.429697e+11 5.972455e-01 -7.969904e-01 -9.002251e-02 0.000000e+00 1
-3.157683e+11 -7.051200e+11 -9.444164e+11 -5.119918e-01 -5.165389e-01 -6.863323e-01 0.000000e+00 1
1.195757e+12 -4.621004e+11 -5.878404e+11 9.611012e-01 2.514674e-01 -1.142306e-01 0.000000e+00 1
8.284678e+11 1.058572e+12 -8.188690e+11 -7.535527e-02 -9.958154e-01 -5.170349e-02 0.000000e+00 1
7.885138e+09 -7.861389e+11 4.225516e+11 6.041486e-01 -6.302296e-01 4.876629e-01 0.000000e+00 1
8.380581e+11 -1.281767e+12 3.296362e+11 6.700869e-01 -3.487938e-01 6.552301e-01 0.000000e+00 1
-1.008661e+12 -3.783577e+11 -9.966459e+11 5.654908e-01 -8.247372e-01 5.365464e-03 0.000000e+00 1
6.687891e+11 -2.914930e+11 -8.769753e+11 4.764645e-01 -8.186933e-01 -3.205040e-01 0.000000e+00 1
-2.406203e+11 5.500135e+11 9.619180e+11 6.557915e-01 5.525436e-01 -5.144251e-01 0.000000e+00 1
-5.458404e+11 -1.516423e+12 -8.533249e+10 2.080742e-02 7.089647e-02 -9.972666e-01 0.000000e+00 1
-1.042982e+12 -1.377682e+11 -4.510662e+11 7.622046e-01 -6.001325e-01 -2.426625e-01 0.000000e+00 1
-8.942036e+11 -6.064040e+11 1.969932e+11 -4.598294e-01 8.358606e-01 -2.998232e-01 0.000000e+00 1
6.391827e+11 1.109070e+12 -3.720619e+11 -8.546813e-01 3.822439e-01 -3.512969e-01 0.000000e+00 1
-9.607265e+11 -4.379936e+10 1.143685e+12 -5.527354e-01 -2.991022e-01 7.778313e-01 0.000000e+00 1
2.101032e+11 -1.650994e+12 -2.842708e+11 8.101288e-01 5.649120e-01 -1.567344e-01 0.000000e+00 1
2.909908e+11 -2.387554e+11 5.139231e+11 -5.883174e-01 -8.045695e-01 8.093569e-02 0.000000e+00 1
8.027408e+11 7.357618e+11 8.584023e+11 4.063482e-02 -1.621081e-01 -9.859360e-01 0.000000e+00 1
-5.931285e+10 -1.173860e+12 7.857740e+11 -9.120388e-01 2.391831e-01 -3.331317e-01 0.000000e+00 1
5.830687e+10 1.339085e+12 -8.587056e+10 -2.153350e-01 9.750487e-01 5.395211e-02 0.000000e+00 1
-1.021832e+12 -1.768784e+10 1.056096e+12 -4.127703e-02 9.986065e-01 3.288322e-02 0.000000e+00 1
-8.611839e+11 -6.694754e+11 -5.174465e+11 9.988753e-01 -1.316715e-02 4.554925e-02 0.000000e+00 1
9.775150e+11 -5.601568e+11 -1.394060e+11 -3.972312e-02 -9.871430e-02 9.943227e-01 0.000000e+00 1
-3.157082e+11 1.178575e+12 -4.904835e+10 4.613636e-02 3.842099e-01 9.220923e-01 0.000000e+00 1
-9.174391e+11 3.253805e+11 3.683419e+11 6.459942e-01 4.045427e-01 -6.473305e-01 0.000000e+00 1
6.862771e+11 -1.173735e+12 6.416998e+11 -1.502970e-01 8.463753e-01 5.109400e-01 0.000000e+00 1
1.662793e+11 -3.452253e+11 -5.340879e+10 -7.702705e-01 6.314760e-01 -8.900272e-02 0.000000e+00 1
-3.787491e+11 1.632877e+11 4.788011e+11 -6.503800e-01 -3.391384e-01 -6.796992e-01 0.000000e+00 1
1.645242e+11 1.028832e+12 1.068356e+12 -1.712175e-01 -5.364075e-01 -8.264088e-01 0.000000e+00 1
1.196450e+12 1.913193e+11 -5.367427e+11 6.498147e-01 -4.342916e-01 -6.238041e-01 0.000000e+00 1
-4.939151e+11 8.193607e+11 1.109177e+12 2.885686e-01 6.155063e-01 7.334032e-01 0.000000e+00 1
-7.975501e+10 3.157444e+11 -3.690986e+11 6.180381e-01 -3.891521e-01 6.830736e-01 0.000000e+00 1
7.849971e+11 7.889424e+11 -2.280571e+11 -6.972438e-01 5.103129e-01 5.034201e-01 0.000000e+00 1
-3.057630e+11 3.945653e+11 -5.195469e+11 -4.762535e-01 6.370814e-01 -6.060610e-01 0.000000e+00 1
1.407312e+12 -1.428585e+11 5.389274e+11 -5.130104e-02 6.933878e-01 7.187361e-01 0.000000e+00 1
-2.408506e+11 4.367197e+11 4.764711e+11 3.042105e-03 -1.421923e-02 9.998943e-01 0.000000e+00 1
-1.261943e+12 2.664659e+11 1.985664e+11 1.092644e-01 -2.665998e-01 -9.575938e-01 0.000000e+00 1
5.716012e+11 -1.112581e+11 -1.499526e+12 -1.272114e-01 -9.918290e-01 9.618098e-03 0.000000e+00 1
-1.103095e+12 2.084332e+11 8.788249e+11 -5.446298e-01 5.706437e-01 -6.146089e-01 0.000000e+00 1
-1.111561e+12 8.756773e+10 6.409759e+11 -8.280271e-01 -1.515368e-01 5.398220e-01 0.000000e+00 1
3.712947e+11 -3.250172e+10 -4.378243e+11 1.775049e-01 -3.558253e-01 -9.175404e-01 0.000000e+00 1
8.827507e+11 -1.102460e+11 -6.973880e+11 5.575815e-01 -8.060862e-01 -1.983124e-01 0.000000e+00 1
-4.612681e+11 -6.790261e+11 -6.824903e+10 7.053788e-01 -6.610563e-01 -2.558227e-01 0.000000e+00 1
1.343042e+11 -1.242348e+12 6.829420e+11 8.256299e-01 -5.595488e-01 7.239126e-02 0.000000e+00 1
-2.119996e+11 -7.108140e+11 -1.165506e+12 5.464650e-01 -8.353620e-01 -5.955115e-02 0.000000e+00 1
-3.588524e+11 1.589555e+12 3.516227e+11 6.596615e-01 4.591022e-01 5.950394e-01 0.000000e+00 1
1.411662e+11 1.483577e+12 5.054087e+11 2.786773e-01 -9.258350e-02 -9.559118e-01 0.000000e+00 1
-1.454843e+12 2.648947e+11 -3.155901e+11 -5.958111e-01 6.377541e-01 -4.881382e-01 0.000000e+00 1
-1.550537e+12 3.218086e+10 5.900333e+11 9.979211e-01 -2.174671e-02 -6.066814e-02 0.000000e+00 1
-8.942378e+11 2.452168e+11 -1.352780e+12 2.238766e-01 -1.339612e-01 9.653671e-01 0.000000e+00 1
1.172571e+12 -8.234108e+11 3.945687e+11 -6.403962e-01 -6.560806e-01 -3.993131e-01 0.000000e+00 1
2.222388e+11 -6.056059e+11 -4.856368e+11 2.638646e-01 5.682096e-01 7.794314e-01 0.000000e+00 1
-5.473830e+11 7.437430e+11 1.022075e+12 -8.938083e-01 -2.204859e-01 3.905030e-01 0.000000e+00 1
-9.622819e+11 -7.474562e+11 -6.770726e+09 -1.175715e-01 -6.218023e-01 -7.742990e-01 0.000000e+00 1
-2.776765e+11 5.139936e+11 -9.197946e+11 -6.887743e-01 6.372618e-01 -3.456693e-01 0.000000e+00 1
4.626045e+11 1.067545e+11 1.106433e+12 -9.538115e-01 -2.037457e-01 2.207519e-01 0.000000e+00 1
-9.161265e+10 -1.228004e+12 -2.319146e+11 6.596307e-01 -2.042243e-01 -7.233117e-01 0.000000e+00 1
-9.122807e+10 -7.170842e+11 4.905700e+11 2.239662e-01 -6.609548e-01 7.162248e-01 0.000000e+00 1
3.015791e+10 9.938961e+11 9.331871e+11 -5.667153e-01 -8.239113e-01 1.997486e-03 0.000000e+00 1
1.090734e+11 -8.620433e+11 -1.444379e+12 -3.831981e-01 8.821621e-01 -2.737685e-01 0.000000e+00 1
3.127098e+11 -6.873027e+11 3.896349e+11 2.375064e-01 -7.395018e-01 -6.298634e-01 0.000000e+00 1
1.298048e+12 -9.580276e+11 -2.639397e+11 1.452962e-01 -7.410167e-01 6.555786e-01 0.000000e+00 1
-4.262246e+11 -7.350830e+10 -6.534965e+11 -7.810007e-02 2.084041e-02 -9.967277e-01 0.000000e+00 1
-3.469073e+11 -1.592138e+12 -2.980061e+11 6.426314e-01 6.283459e-01 -4.384134e-01 0.000000e+00 1
-1.084871e+11 -8.756847e+11 -7.814927e+11 5.771393e-01 3.928869e-01 7.159261e-01 0.000000e+00 1
7.417266e+11 5.365998e+11 6.444982e+11 9.376847e-01 -5.919176e-02 3.424087e-01 0.000000e+00 1
-1.652978e+11 2.926221e+11 1.456804e+12 6.355838e-01 7.350682e-02 -7.685246e-01 0.000000e+00 1
-7.327147e+11 -6.804065e+11 4.885291e+11 -7.162484e-01 -3.233782e-02 -6.970957e-01 0.000000e+00 1
-4.390900e+11 -7.133097e+10 -1.203821e+11 -7.091921e-01 -7.862180e-02 -7.006177e-01 0.000000e+00 1
-1.011549e+12 -5.659565e+11 3.581547e+11 -9.712034e-01 2.249113e-01 7.860555e-02 0.000000e+00 1
2.707282e+11 1.287716e+12 1.599605e+10 7.795520e-01 -5.167461e-01 -3.539381e-01 0.000000e+00 1
-1.311582e+12 3.705798e+11 6.614120e+11 4.186193e-01 -8.862144e-01 -1.984489e-01 0.000000e+00 1
-1.059277e+12 -8.074624e+11 -8.474938e+11 -9.208257e-01 3.892153e-01 2.432174e-02 0.000000e+00 1
-2.687121e+11 -9.902589e+11 1.317978e+12 -8.889312e-01 -3.318223e-01 -3.157456e-01 0.000000e+00 1
-1.282124e+11 8.768821e+11 1.264775e+12 1.261235e-01 7.420791e-01 -6.583400e-01 0.000000e+00 1
6.150208e+10 -7.803468e+11 7.246142e+11 -8.375308e-01 -4.604523e-01 2.941529e-01 0.000000e+00 1
5.475899e+11 3.242064e+11 1.498257e+12 -8.207874e-01 -4.833029e-01 3.045101e-01 0.000000e+00 1
1.505697e+12 -6.301375e+11 3.108008e+11 6.756927e-01 -6.167782e-01 -4.037624e-01 0.000000e+00 1
-3.598431e+11 6.319095e+10 -9.047585e+11 -2.144512e-01 -8.899986e-01 -4.023844e-01 0.000000e+00 1
1.946489e+10 1.408076e+12 8.734988e+11 -7.858733e-01 -4.388712e-01 4.356550e-01 0.000000e+00 1
-2.872730e+11 -1.627809e+12 3.230891e+11 9.415582e-01 3.084340e-01 -1.354132e-01 0.000000e+00 1
-4.894171e+11 3.927903e+10 1.577982e+12 2.354210e-01 -6.972138e-01 -6.771040e-01 0.000000e+00 1
4.313665e+10 -1.069890e+12 8.820853e+11 -3.830566e-01 6.576001e-01 -6.487140e-01 0.000000e+00 1
1.777728e+11 8.118678e+11 2.074124e+11 -6.922014e-02 2.123662e-01 9.747354e-01 0.000000e+00 1
4.860616e+11 4.346916e+11 2.946210e+11 -2.131249e-01 7.845146e-01 -5.823354e-01 0.000000e+00 1
-1.294131e+11 -1.435992e+12 -1.923317e+11 -9.795370e-01 1.476145e-02 2.007223e-01 0.000000e+00 1
-1.023444e+12 -8.431127e+11 9.371057e+11 4.685699e-01 -6.537101e-01 -5.942267e-01 0.000000e+00 1
5.832298e+11 3.285192e+11 6.756547e+11 2.694430e-01 5.301404e-01 -8.039600e-01 0.000000e+00 1
-1.420981e+10 -9.309548e+11 1.245993e+12 -4.276568e-01 2.866442e-01 8.572892e-01 0.000000e+00 1
5.159981e+11 -3.795956e+11 1.477752e+12 7.429472e-01 -4.166907e-01 5.238304e-01 0.000000e+00 1
-3.190601e+11 -7.955981e+11 -2.045054e+10 8.792576e-02 -7.853633e-01 6.127590e-01 0.000000e+00 1
8.888969e+11 7.272443e+11 -7.168841e+11 3.851499e-01 4.347827e-01 8.140169e-01 0.000000e+00 1
-1.047812e+12 3.077403e+11 -1.236943e+12 -7.835379e-03 9.719909e-01 2.348880e-01 0.000000e+00 1
-2.246437e+11 1.033896e+12 -9.670106e+11 -8.278101e-01 1.123449e-02 -5.608959e-01 0.000000e+00 1
8.221985e+11 -6.152431e+11 1.266118e+12 -3.042813e-01 9.342152e-01 -1.861583e-01 0.000000e+00 1
-1.091782e+12 -1.235816e+12 -1.409258e+11 8.453605e-01 -5.280811e-01 8.059803e-02 0.000000e+00 1
4.088511e+10 3.619884e+11 2.488546e+11 -1.141290e-01 -1.386073e-01 -9.837493e-01 0.000000e+00 1
7.895767e+11 -4.151184e+11 -7.388110e+11 -8.093964e-01 -2.749975e-01 -5.188968e-01 0.000000e+00 1
-4.504183e+11 5.639855e+11 5.551510e+11 5.238164e-01 -7.985356e-01 -2.965758e-01 0.000000e+00 1
-1.730138e+11 1.144194e+12 -9.785652e+11 7.488910e-01 4.780331e-01 4.589626e-01 0.000000e+00 1
-2.248603e+11 -1.139561e+12 5.337283e+11 8.713997e-01 -4.103584e-01 2.688281e-01 0.000000e+00 1
-1.241221e+12 2.647026e+11 -4.869568e+11 5.288236e-01 -1.126287e-01 8.412255e-01 0.000000e+00 1
-8.972889e+10 5.797056e+11 1.389518e+12 2.600791e-01 -6.004022e-01 7.562249e-01 0.000000e+00 1
-1.122060e+12 8.463211e+11 7.861059e+11 -3.368424e-01 -5.296793e-01 7.784453e-01 0.000000e+00 1
1.146024e+12 -4.787324e+11 8.354312e+11 7.170264e-01 6.117868e-01 -3.340510e-01 0.000000e+00 1
3.210207e+11 1.531973e+12 -5.257981e+11 -4.299701e-01 -8.884749e-01 -1.604307e-01 0.000000e+00 1
8.158136e+10 -1.119135e+12 -5.469912e+11 7.900998e-01 5.429713e-01 2.844723e-01 0.000000e+00 1
1.172291e+12 2.761189e+11 1.163173e+12 -9.303450e-01 3.255183e-01 1.688074e-01 0.000000e+00 1
-7.002397e+11 -1.641265e+11 4.978877e+11 -9.930845e-01 -8.507823e-02 -8.090096e-02 0.000000e+00 1
6.075826e+11 6.702765e+11 -1.306795e+12 8.709450e-01 5.983605e-02 -4.877237e-01 0.000000e+00 1
-6.863548e+10 2.220531e+10 5.088360e+11 1.164998e-01 -3.427514e-01 -9.321745e-01 0.000000e+00 1
-4.977967e+11 -3.689018e+11 6.142300e+09 -8.024364e-01 -5.353259e-01 -2.636703e-01 0.000000e+00 1
1.570213e+10 -1.513792e+12 1.931842e+10 -5.153080e-01 1.878546e-01 -8.361628e-01 0.000000e+00 1
-3.201301e+11 1.191933e+12 9.432440e+11 -1.664253e-01 8.919054e-01 -4.204847e-01 0.000000e+00 1
-9.486268e+11 6.545948e+11 -3.254479e+11 -8.350251e-01 3.376225e-01 4.344469e-01 0.000000e+00 1
-1.332683e+12 -3.789392e+11 1.440636e+11 -3.120054e-01 -5.199187e-01 7.951963e-01 0.000000e+00 1
-4.083658e+11 -3.900568e+11 1.359182e+12 8.352100e-01 4.918280e-01 2.460273e-01 0.000000e+00 1
9.123127e+11 -2.753681e+11 -1.268596e+12 -1.303177e-01 -2.826919e-01 9.503171e-01 0.000000e+00 1
1.422073e+12 5.928490e+11 -2.115932e+11 8.727567e-01 3.068557e-01 -3.796516e-01 0.000000e+00 1
5.717158e+11 -1.079268e+12 -6.204327e+11 4.728339e-02 -5.597942e-01 -8.272815e-01 0.000000e+00 1
-9.719372e+11 -7.278017e+11 -8.614759e+11 -3.238672e-02 -5.395198e-01 8.413498e-01 0.000000e+00 1
7.257044e+11 8.066575e+11 4.060982e+11 9.329084e-01 -3.049641e-01 -1.915170e-01 0.000000e+00 1
-9.421671e+11 3.310001e+11 3.509300e+11 7.266663e-01 6.446937e-01 2.373313e-01 0.000000e+00 1
-6.759499e+11 -1.178670e+12 2.403480e+11 8.030177e-01 -3.271733e-01 -4.981166e-01 0.000000e+00 1
-5.322439e+11 -3.467065e+11 -7.584286e+11 -4.607571e-01 -8.759761e-01 1.427196e-01 0.000000e+00 1
-6.276938e+11 -6.879910e+11 -1.291524e+12 -2.431436e-01 -9.415708e-01 2.330785e-01 0.000000e+00 1
4.179844e+11 -1.325854e+12 -4.859129e+11 4.896259e-01 -8.279435e-01 -2.734522e-01 0.000000e+00 1
-1.137728e+12 -2.115587e+11 -1.230165e+12 -7.825133e-01 3.413531e-01 -5.207215e-01 0.000000e+00 1
2.120882e+11 -9.360304e+11 -5.767563e+11 3.705121e-02 8.241066e-01 5.652217e-01 0.000000e+00 1
-1.216365e+11 8.728298e+11 -1.167060e+12 6.858365e-01 -4.479819e-01 -5.735333e-01 0.000000e+00 1
-2.102598e+10 -1.137270e+12 6.937964e+11 3.948318e-01 -6.585175e-01 -6.406735e-01 0.000000e+00 1
-1.795886e+11 1.102804e+12 1.479611e+11 -8.433186e-01 5.268468e-01 1.060476e-01 0.000000e+00 1
6.959918e+11 1.158527e+12 8.625171e+11 3.308508e-01 4.844953e-01 -8.098161e-01 0.000000e+00 1
5.684552e+11 -2.617734e+11 -7.283592e+10 -7.732354e-01 -6.336475e-01 -2.445085e-02 0.000000e+00 1
-5.035009e+11 7.118728e+11 -1.201609e+12 -1.543093e-02 1.969328e-01 9.802955e-01 0.000000e+00 1
2.248826e+11 -7.665060e+11 -8.001327e+11 9.464611e-01 -3.120451e-01 8.269971e-02 0.000000e+00 1
3.334988e+11 -1.060824e+12 -8.217535e+11 -7.164742e-01 3.268963e-02 -6.968473e-01 0.000000e+00 1
6.492494e+11 6.972228e+11 -7.214907e+11 -4.407881e-02 -1.914193e-01 9.805181e-01 0.000000e+00 1
1.453901e+11 4.154223e+11 -1.028267e+12 -4.170385e-01 -8.661251e-01 2.755107e-01 0.000000e+00 1
6.493473e+10 6.806258e+11 -1.332779e+12 8.390621e-01 5.241863e-01 -1.456140e-01 0.000000e+00 1
5.419250e+11 -2.126186e+11 1.505330e+12 4.578126e-01 5.612957e-02 8.872751e-01 0.000000e+00 1
2.948178e+11 1.002122e+12 6.372767e+11 -5.050772e-01 -8.312707e-01 2.321335e-01 0.000000e+00 1
1.076117e+12 -5.599874e+11 -7.494884e+11 -6.400872e-01 3.832066e-01 -6.659137e-01 0.000000e+00 1
-4.431297e+11 2.750691e+11 -7.041355e+11 6.218692e-01 -7.748698e-01 -1.133820e-01 0.000000e+00 1
3.610214e+10 -1.462314e+12 -4.043458e+11 -7.969208e-01 -3.368149e-01 5.014707e-01 0.000000e+00 1
7.394933e+11 8.898813e+10 -8.804035e+11 2.323110e-01 5.805669e-01 7.803677e-01 0.000000e+00 1
-9.464604e+11 6.135019e+11 2.236680e+11 -2.846908e-02 -3.588050e-01 -9.329783e-01 0.000000e+00 1
-1.942135e+10 6.145709e+11 1.202493e+12 7.537448e-01 5.527690e-01 -3.554085e-01 0.000000e+00 1
-8.344715e+11 -6.088762e+10 9.563152e+11 9.652531e-01 -1.786631e-01 1.906985e-01 0.000000e+00 1
-9.810180e+11 1.022449e+12 7.137156e+11 4.903860e-01 -6.103840e-01 -6.220555e-01 0.000000e+00 1
-2.356978e+10 -4.309697e+11 -2.388859e+11 5.155237e-02 -8.293884e-02 -9.952203e-01 0.000000e+00 1
4.872053e+11 -1.387708e+12 -3.699544e+11 -8.779171e-01 -4.574032e-01 -1.415764e-01 0.000000e+00 1
4.364735e+11 -9.636704e+11 -4.483859e+11 -2.955628e-01 -8.204168e-01 4.894475e-01 0.000000e+00 1
-8.218037e+11 -7.267898e+11 -1.459495e+11 -4.288285e-01 5.481763e-01 7.180591e-01 0.000000e+00 1
-1.307974e+12 4.176437e+11 -9.840808e+11 -9.021826e-01 -1.092800e-01 4.172823e-01 0.000000e+00 1
-1.164228e+11 -2.004825e+11 1.396893e+12 5.076625e-01 -7.694496e-01 -3.875901e-01 0.000000e+00 1
-2.892391e+10 1.948035e+11 -9.737263e+11 -2.725292e-01 -9.043583e-01 -3.284265e-01 0.000000e+00 1
1.255601e+12 -3.358670e+11 -4.062071e+11 -3.237637e-01 8.165115e-01 -4.780021e-01 0.000000e+00 1
6.609769e+11 6.727323e+11 7.294681e+11 -3.679856e-01 1.401542e-01 9.192080e-01 0.000000e+00 1
-2.805359e+11 -1.274901e+12 -6.139863e+11 7.911150e-01 2.080752e-03 6.116640e-01 0.000000e+00 1
7.549319e+11 8.718593e+11 7.157984e+11 -7.602624e-01 -2.421448e-01 6.027993e-01 0.000000e+00 1
6.901144e+11 4.094457e+10 2.394773e+11 -1.335464e-01 -4.118684e-01 9.014044e-01 0.000000e+00 1
-1.786286e+10 -1.228014e+12 9.623360e+11 -6.350945e-01 -7.709239e-01 4.828424e-02 0.000000e+00 1
1.075148e+12 -2.243557e+10 3.195808e+11 -6.788351e-01 7.151272e-01 1.666610e-01 0.000000e+00 1
1.243064e+12 -6.950523e+11 8.059206e+11 -1.143808e-01 2.440222e-01 9.630006e-01 0.000000e+00 1
-6.281239e+11 7.576518e+11 -4.717265e+11 -2.847564e-01 9.323011e-01 -2.229986e-01 0.000000e+00 1
-4.769427e+11 1.431784e+12 -6.220159e+11 -9.819781e-01 1.779152e-01 -6.375827e-02 0.000000e+00 1
8.754359e+11 -1.507427e+11 5.567211e+11 6.976325e-01 7.089307e-01 1.035670e-01 0.000000e+00 1
9.752421e+10 -9.680622e+11 -9.066615e+11 5.302780e-01 7.892021e-01 -3.097827e-01 0.000000e+00 1
1.558334e+12 -3.048366e+11 5.039126e+10 5.399045e-01 8.335456e-01 1.170682e-01 0.000000e+00 1
3.229989e+11 -2.074088e+11 8.939322e+11 -6.488314e-01 9.893381e-02 7.544733e-01 0.000000e+00 1
2.202716e+11 1.281204e+11 -4.890297e+11 -7.259682e-02 -9.050573e-01 4.190478e-01 0.000000e+00 1
5.780270e+11 3.505114e+11 -8.528158e+11 -4.627095e-01 8.345959e-01 -2.989139e-01 0.000000e+00 1
7.381870e+11 1.409705e+11 -6.987655e+11 -3.439065e-01 9.188406e-01 1.935467e-01 0.000000e+00 1
-6.921508e+11 2.249464e+11 1.151877e+12 -9.298465e-01 3.649003e-01 4.725636e-02 0.000000e+00 1
6.752972e+11 -9.635360e+11 -4.480537e+11 1.233348e-01 -9.792005e-01 1.611054e-01 0.000000e+00 1
-1.468042e+12 -7.246688e+11 4.292967e+10 1.397791e-01 6.329402e-01 -7.614779e-01 0.000000e+00 1
-9.734444e+11 4.745983e+11 -8.200681e+11 -5.703063e-01 -6.896344e-01 4.462681e-01 0.000000e+00 1
-3.658883e+11 -3.615107e+11 -1.062555e+12 -9.853047e-01 5.879747e-02 -1.603667e-01 0.000000e+00 1
1.770094e+11 3.028611e+11 -1.029181e+12 4.337667e-01 -8.633399e-01 -2.578578e-01 0.000000e+00 1
-5.342244e+11 1.016575e+12 -6.763089e+11 -3.110433e-01 7.712534e-01 5.553560e-01 0.000000e+00 1
5.366294e+11 -9.729763e+11 2.360438e+11 2.582294e-01 5.030854e-01 8.247561e-01 0.000000e+00 1
-5.679186e+11 5.946473e+11 1.366758e+11 7.906903e-01 -5.035334e-01 3.482282e-01 0.000000e+00 1
1.490579e+12 2.095982e+11 2.735726e+11 1.535434e-01 9.706999e-01 1.848410e-01 0.000000e+00 1
3.992490e+11 -8.646012e+11 1.950374e+11 2.065259e-01 -5.786037e-01 -7.890278e-01 0.000000e+00 1
-6.670639e+11 5.877375e+11 -6.820361e+11 -8.794675e-01 4.714482e-01 6.537168e-02 0.000000e+00 1
4.246821e+11 -2.827671e+11 -1.080789e+12 4.201790e-01 -4.258753e-01 8.012988e-01 0.000000e+00 1
-3.702588e+11 1.225174e+12 -5.693762e+11 -1.725342e-01 -8.021619e-01 -5.716365e-01 0.000000e+00 1
-9.224492e+11 1.018185e+12 9.047521e+11 -3.233137e-01 -3.044378e-02 -9.458020e-01 0.000000e+00 1
7.326097e+11 -7.394320e+11 -2.435790e+11 3.013834e-01 -6.346901e-01 -7.115733e-01 0.000000e+00 1
7.343586e+11 -1.108958e+12 -4.909619e+11 -7.355013e-01 2.909327e-01 -6.118791e-01 0.000000e+00 1
1.671800e+11 8.420803e+11 -8.218063e+11 3.077599e-01 7.413573e-01 -5.963835e-01 0.000000e+00 1
-2.615120e+11 1.507616e+12 -4.217232e+11 6.355698e-01 7.719828e-01 9.679036e-03 0.000000e+00 1
2.692351e+11 2.097791e+10 -8.681549e+10 9.220557e-01 3.463431e-01 -1.727997e-01 0.000000e+00 1
-3.308968e+11 1.151382e+12 -8.039947e+11 -2.993474e-01 -9.073947e-01 2.950019e-01 0.000000e+00 1
-5.561728e+09 -1.651831e+11 -5.050400e+11 -5.686180e-01 6.932428e-01 -4.428183e-01 0.000000e+00 1
-2.230186e+09 1.187356e+12 5.060265e+11 7.449990e-01 5.369509e-01 -3.958032e-01 0.000000e+00 1
4.991359e+11 6.234214e+11 1.066002e+12 -5.543465e-02 -8.860132e-01 -4.603342e-01 0.000000e+00 1
-2.357482e+11 -1.356202e+10 1.135344e+12 5.368763e-01 8.379458e-01 9.803353e-02 0.000000e+00 1
3.926769e+10 1.327935e+12 1.032352e+12 8.268354e-01 -8.135229e-02 5.565294e-01 0.000000e+00 1
-2.240605e+11 -5.234714e+11 -1.432689e+12 -4.280542e-01 -8.685377e-01 -2.498237e-01 0.000000e+00 1
7.774994e+11 5.657156e+11 -3.172948e+10 6.127889e-01 -6.279839e-01 -4.797145e-01 0.000000e+00 1
1.002354e+12 1.386544e+11 -3.706266e+09 6.930256e-01 4.171201e-01 -5.879850e-01 0.000000e+00 1
5.292623e+11 -4.612703e+11 3.535078e+11 -3.483318e-01 -4.196382e-02 9.364315e-01 0.000000e+00 1
1.560938e+11 8.990907e+11 2.434541e+11 -6.057831e-01 3.589431e-01 -7.100611e-01 0.000000e+00 1
-6.410775e+11 -7.099286e+11 1.073005e+12 -7.858125e-01 3.979913e-01 4.733938e-01 0.000000e+00 1
1.856589e+11 -7.903186e+11 1.488498e+12 5.633192e-02 -6.714363e-01 -7.389181e-01 0.000000e+00 1
1.048207e+12 -1.172436e+11 5.174394e+11 -2.133368e-01 -9.404881e-01 -2.645175e-01 0.000000e+00 1
9.056009e+11 -4.343354e+11 -8.826653e+11 2.182052e-01 7.275271e-01 6.504544e-01 0.000000e+00 1
-1.402595e+11 3.806117e+11 1.098326e+12 4.069368e-02 5.260517e-01 8.494784e-01 0.000000e+00 1
1.325712e+12 -1.103034e+11 -7.246651e+11 6.888427e-01 7.123771e-01 1.342184e-01 0.000000e+00 1
-1.138665e+12 2.495593e+11 7.257758e+11 3.578260e-01 -4.030435e-01 -8.423280e-01 0.000000e+00 1
6.603427e+11 -1.247010e+12 -6.609814e+11 2.849460e-01 9.213344e-01 2.644783e-01 0.000000e+00 1
-3.086504e+11 -5.593232e+11 6.485733e+11 -8.611095e-01 5.015552e-01 -8.326363e-02 0.000000e+00 1
-3.892442e+11 -1.170180e+12 -7.988890e+11 9.477708e-01 -1.093594e-01 -2.996181e-01 0.000000e+00 1
-3.775733e+11 -1.055582e+12 7.503383e+11 -9.208136e-01 -1.395156e-01 -3.641946e-01 0.000000e+00 1
2.093573e+11 6.995015e+11 9.036537e+11 -1.577690e-02 -9.975222e-01 -6.855984e-02 0.000000e+00 1
-1.844608e+11 1.361840e+12 -8.779452e+11 -2.915672e-01 -7.732763e-01 -5.630562e-01 0.000000e+00 1
3.482489e+11 2.139997e+11 -4.413293e+11 -6.893554e-01 -5.689202e-01 -4.484629e-01 0.000000e+00 1
-7.870803e+11 -1.106610e+12 7.479620e+11 5.282293e-01 -2.487427e-01 8.118503e-01 0.000000e+00 1
3.478853e+11 -2.532524e+11 6.449983e+11 -5.262579e-01 6.947577e-01 4.902697e-01 0.000000e+00 1
-1.387841e+12 -2.949600e+11 8.759329e+11 8.838171e-01 -4.588225e-01 9.137404e-02 0.000000e+00 1
-1.852086e+11 -2.553133e+11 -2.915982e+11 6.104596e-01 -5.378434e-01 5.814323e-01 0.000000e+00 1
6.417571e+11 2.421548e+11 5.137451e+11 -8.892444e-01 3.163861e-01 3.303698e-01 0.000000e+00 1
1.584734e+11 1.276938e+12 -1.796321e+11 -3.930478e-01 8.737479e-01 2.864926e-01 0.000000e+00 1
-3.291615e+10 -1.392396e+12 6.297221e+11 -8.599463e-01 3.958832e-02 -5.088469e-01 0.000000e+00 1
2.657720e+11 -2.936056e+11 -1.199882e+11 -7.042512e-01 5.320232e-01 4.700867e-01 0.000000e+00 1
9.805439e+10 9.812401e+11 -1.745506e+11 9.661659e-01 -1.405396e-01 -2.162687e-01 0.000000e+00 1
9.628115e+11 9.676409e+11 2.551825e+11 -8.275146e-01 -5.008721e-01 -2.536665e-01 0.000000e+00 1
1.802790e+11 -3.305005e+11 1.279606e+12 9.871242e-01 -9.932484e-02 -1.253811e-01 0.000000e+00 1
-5.985438e+11 -1.060467e+12 9.799856e+11 9.858615e-01 6.050607e-02 -1.562567e-01 0.000000e+00 1
3.309034e+11 -3.971770e+11 2.403582e+11 6.445966e-01 6.815445e-01 3.463990e-01 0.000000e+00 1
-7.543971e+11 -1.475668e+12 6.583824e+10 -7.823534e-01 5.541428e-01 2.843394e-01 0.000000e+00 1
1.035065e+12 -9.994446e+11 -5.027784e+11 2.987570e-01 7.731388e-01 -5.594646e-01 0.000000e+00 1
-2.833957e+11 7.348714e+11 8.910478e+10 1.547395e-01 2.563435e-02 9.876227e-01 0.000000e+00 1
-3.358685e+11 1.434676e+11 1.046567e+12 -6.121974e-04 -8.042588e-01 -5.942789e-01 0.000000e+00 1
1.114259e+12 1.308622e+11 3.614243e+11 3.163580e-01 7.523027e-01 -5.778912e-01 0.000000e+00 1
-4.739536e+11 1.519723e+12 -1.654010e+11 -3.134040e-01 7.495650e-01 -5.830355e-01 0.000000e+00 1
1.310237e+12 -2.471082e+11 -4.337330e+11 -9.884028e-01 6.214469e-02 -1.385563e-01 0.000000e+00 1
8.156305e+11 -7.038496e+11 -8.604881e+11 2.082909e-01 4.232229e-01 8.817580e-01 0.000000e+00 1
5.339240e+11 -7.939399e+11 1.216332e+12 5.584368e-01 -4.870576e-01 6.715081e-01 0.000000e+00 1
-3.538025e+11 -9.127924e+11 1.017082e+12 -2.127748e-01 -2.826632e-01 -9.353226e-01 0.000000e+00 1
-1.907547e+11 -7.978710e+11 1.281699e+12 9.017459e-02 9.043001e-01 4.172646e-01 0.000000e+00 1
-7.104366e+11 -8.979674e+11 -5.170283e+11 -4.334588e-01 -8.707324e-01 -2.322466e-01 0.000000e+00 1
7.389436e+11 -1.384685e+12 -8.562495e+10 9.974832e-01 5.232178e-02 4.785003e-02 0.000000e+00 1
3.717027e+11 -1.006809e+12 2.900822e+11 7.420007e-01 6.175249e-01 2.609557e-01 0.000000e+00 1
1.530085e+11 9.449754e+10 -1.209044e+12 5.022141e-01 8.119188e-01 2.976051e-01 0.000000e+00 1
1.899808e+11 -1.396830e+12 -3.015254e+11 -2.109502e-01 -9.567547e-01 -2.003010e-01 0.000000e+00 1
-6.541392e+11 -6.331405e+11 1.375335e+12 -7.739571e-01 -4.309225e-01 -4.640002e-01 0.000000e+00 1
-2.433462e+11 -7.062014e+11 1.244738e+12 -6.888546e-01 -4.540965e-01 -5.650449e-01 0.000000e+00 1
7.629136e+11 3.344770e+11 -8.480713e+11 -1.142408e-01 -9.754833e-01 -1.880996e-01 0.000000e+00 1
-4.979436e+11 -7.012870e+11 -4.528641e+11 -1.472029e-01 9.110430e-01 3.851390e-01 0.000000e+00 1
4.746801e+11 4.920096e+11 -4.282472e+11 1.894830e-01 5.199844e-01 8.328940e-01 0.000000e+00 1
-1.140078e+12 -1.051918e+12 3.666405e+11 -5.377858e-02 8.910797e-01 4.506492e-01 0.000000e+00 1
1.038714e+12 5.635172e+11 6.329367e+11 -4.238307e-01 5.695680e-01 -7.042442e-01 0.000000e+00 1
-1.333407e+12 3.444945e+11 2.590587e+10 -2.938990e-01 -1.950664e-02 -9.556374e-01 0.000000e+00 1
2.086483e+11 -7.826302e+11 -7.847991e+10 -7.169794e-01 6.352723e-01 2.870012e-01 0.000000e+00 1
-5.052737e+11 -1.059559e+12 6.140884e+11 -9.591189e-01 2.192671e-01 1.789216e-01 0.000000e+00 1
5.929259e+11 6.619263e+11 1.138326e+11 -7.653624e-01 6.295116e-01 1.339238e-01 0.000000e+00 1
-5.045428e+11 1.097082e+12 9.838881e+11 8.864423e-01 -3.587757e-01 -2.924041e-01 0.000000e+00 1
8.110628e+11 -4.540701e+11 -6.797098e+11 -7.488064e-01 -6.085893e-01 2.625033e-01 0.000000e+00 1
5.263871e+10 -1.314374e+12 -2.638741e+11 6.889829e-01 -2.700064e-01 -6.726062e-01 0.000000e+00 1
7.086512e+11 -4.097501e+11 -6.913418e+11 -2.549568e-01 5.687285e-01 7.820134e-01 0.000000e+00 1
1.469860e+12 -6.410089e+11 -2.759755e+11 3.877515e-01 6.743079e-01 6.284566e-01 0.000000e+00 1
4.963080e+11 -9.871649e+11 4.218678e+11 3.714213e-01 -6.774196e-02 9.259899e-01 0.000000e+00 1
-1.954113e+11 5.574862e+11 1.071951e+12 -6.679438e-01 -7.433564e-01 3.566910e-02 0.000000e+00 1
-8.057450e+11 -2.575973e+11 1.078768e+12 -3.817426e-01 1.317785e-01 9.148262e-01 0.000000e+00 1
-1.437825e+11 -2.168381e+11 1.658045e+12 -1.328155e-01 -3.426563e-01 9.300251e-01 0.000000e+00 1
-7.287552e+11 -9.807653e+11 9.349582e+11 9.634014e-01 1.047148e-02 2.678583e-01 0.000000e+00 1
-1.366655e+12 -7.241123e+11 -4.469240e+11 -6.019318e-01 7.980869e-01 -2.711700e-02 0.000000e+00 1
-2.107201e+11 2.792265e+11 2.293163e+11 6.453410e-01 7.567350e-01 -1.043410e-01 0.000000e+00 1
-7.889362e+11 -1.204611e+11 7.829732e+11 6.067291e-01 6.975148e-01 -3.812517e-01 0.000000e+00 1
9.485019e+11 -5.154137e+11 -3.136657e+11 -1.522044e-01 -7.352175e-01 6.605218e-01 0.000000e+00 1
-9.793719e+11 -5.301840e+11 -9.681121e+11 -4.458920e-01 8.889064e-01 1.050033e-01 0.000000e+00 1
3.632726e+11 -5.244914e+11 -1.416618e+12 9.811648e-01 1.347710e-01 1.383924e-01 0.000000e+00 1
1.493982e+12 7.341133e+11 -5.723015e+10 -1.615701e-01 -2.371498e-01 9.579431e-01 0.000000e+00 1
4.829648e+10 -1.049844e+11 -1.787950e+11 -4.801426e-01 -2.266667e-01 -8.473991e-01 0.000000e+00 1
3.289864e+11 -3.250927e+10 1.298612e+12 2.494693e-01 -1.092209e-01 -9.622037e-01 0.000000e+00 1
-8.331653e+11 -1.421675e+12 1.782404e+11 8.764248e-01 -1.805194e-01 -4.464217e-01 0.000000e+00 1
-9.811872e+11 1.014939e+11 -3.251418e+11 6.247777e-01 6.647252e-01 -4.096257e-01 0.000000e+00 1
-2.700486e+11 3.466698e+11 -3.570639e+11 7.575256e-01 -5.417370e-01 3.642471e-01 0.000000e+00 1
5.739677e+11 1.238921e+12 3.002345e+11 9.551625e-01 2.076550e-01 -2.110546e-01 0.000000e+00 1
8.934432e+11 1.011405e+12 -8.176887e+11 3.702425e-01 -7.453203e-01 5.544530e-01 0.000000e+00 1
3.316821e+09 -8.782350e+11 4.259229e+11 4.164669e-01 7.633878e-01 4.937555e-01 0.000000e+00 1
-8.022794e+11 -5.854939e+10 -5.679432e+11 -6.275101e-01 7.415812e-01 2.372516e-01 0.000000e+00 1
2.498032e+11 4.097262e+11 -1.600613e+12 -9.183367e-01 3.884926e-01 7.570477e-02 0.000000e+00 1
-5.234421e+11 -6.018044e+11 -8.050365e+11 3.272084e-01 -6.674111e-01 -6.689523e-01 0.000000e+00 1
-1.078391e+12 3.571993e+11 6.760353e+11 3.735448e-02 6.111910e-01 -7.906012e-01 0.000000e+00 1
3.923084e+11 -9.874992e+10 -2.069853e+11 6.701684e-02 7.199297e-01 -6.908038e-01 0.000000e+00 1
7.646956e+11 9.585970e+11 -1.078500e+12 8.176018e-01 -1.382876e-01 -5.589310e-01 0.000000e+00 1
-7.648192e+11 -6.636183e+11 -1.093685e+12 8.888886e-01 2.551408e-01 3.804999e-01 0.000000e+00 1
-1.096382e+12 1.080442e+11 -2.254904e+11 2.217884e-01 4.498039e-01 8.651510e-01 0.000000e+00 1
-5.290056e+11 -2.934486e+11 1.066837e+11 4.433031e-01 5.324593e-01 7.210890e-01 0.000000e+00 1
1.451763e+10 1.152450e+12 -5.415662e+11 9.026235e-01 -2.220490e-01 -3.687345e-01 0.000000e+00 1
-1.243187e+12 -4.972031e+11 -9.327094e+11 9.518954e-01 2.717641e-01 -1.415607e-01 0.000000e+00 1
-1.554180e+12 2.967164e+11 -4.687382e+11 -1.037369e-01 8.834325e-01 -4.569308e-01 0.000000e+00 1
5.551418e+11 -1.158524e+12 3.541462e+11 -2.135934e-01 -4.167980e-01 8.835481e-01 0.000000e+00 1
-5.373582e+11 5.046258e+11 -2.565077e+11 2.517173e-01 -8.640767e-01 4.359012e-01 0.000000e+00 1
2.588655e+11 8.392516e+11 -2.825683e+11 -9.021074e-01 -3.245550e-01 -2.843698e-01 0.000000e+00 1
7.807552e+10 -1.228437e+12 9.575077e+10 1.397770e-01 9.937353e-02 9.851839e-01 0.000000e+00 1
4.103542e+11 -1.331801e+12 -7.648205e+11 3.664670e-01 1.904593e-01 -9.107290e-01 0.000000e+00 1
-4.968348e+11 -7.341824e+11 -6.166260e+11 -9.914347e-01 -3.226205e-02 1.265562e-01 0.000000e+00 1
8.456932e+11 -5.825362e+11 -8.316733e+11 -9.162762e-01 9.002428e-02 3.902994e-01 0.000000e+00 1
4.658962e+11 -4.547314e+11 2.393976e+11 -7.152262e-01 2.542809e-01 6.509936e-01 0.000000e+00 1
1.630471e+12 -1.193908e+11 3.408121e+11 4.604840e-01 -8.035946e-01 3.770813e-01 0.000000e+00 1
-5.641539e+11 2.308034e+11 -3.788350e+11 7.992390e-01 -1.078924e-01 -5.912497e-01 0.000000e+00 1
-1.231901e+12 -1.176606e+11 -9.675623e+11 2.306713e-01 -3.485145e-01 9.084759e-01 0.000000e+00 1
4.373846e+11 -1.097023e+12 8.375149e+11 1.801197e-01 -9.138481e-01 3.639210e-01 0.000000e+00 1
2.823772e+11 8.431607e+11 -4.675622e+10 2.749468e-01 -1.986507e-01 -9.407136e-01 0.000000e+00 1
4.272716e+11 -1.279705e+12 -9.257325e+11 4.993972e-01 -5.985764e-01 -6.263456e-01 0.000000e+00 1
-9.920059e+11 -3.560383e+11 7.815269e+11 -3.338030e-01 5.890591e-01 7.359246e-01 0.000000e+00 1
3.841988e+11 1.178164e+12 2.866495e+11 1.294936e-01 9.257713e-01 -3.552168e-01 0.000000e+00 1
4.976408e+11 5.832475e+11 -9.658157e+11 -3.469792e-01 6.489026e-01 6.771490e-01 0.000000e+00 1
8.279866e+11 -5.716408e+11 -3.990905e+09 8.920231e-01 4.024042e-01 -2.058292e-01 0.000000e+00 1
-4.659795e+11 -7.978834e+11 4.629396e+11 7.600684e-01 -6.216100e-01 1.894653e-01 0.000000e+00 1
-6.342486e+11 3.864623e+11 7.628455e+11 -7.677215e-02 9.095860e-01 -4.083618e-01 0.000000e+00 1
6.343739e+11 1.837112e+10 -5.193197e+11 7.393329e-01 -2.268050e-01 -6.339924e-01 0.000000e+00 1
-9.767371e+11 -2.545404e+11 -1.159030e+12 -8.804806e-01 -4.404653e-01 -1.753405e-01 0.000000e+00 1
9.242077e+10 6.669682e+11 -5.150946e+11 -5.677475e-01 5.863589e-01 5.777941e-01 0.000000e+00 1
1.041980e+12 6.198497e+11 1.076704e+12 -2.665882e-01 -8.605568e-01 -4.340193e-01 0.000000e+00 1
-9.630871e+11 -9.825861e+11 5.481854e+11 5.321671e-01 8.466336e-01 -3.107369e-03 0.000000e+00 1
-7.677898e+11 -5.014759e+11 8.350240e+11 5.434032e-01 -2.613838e-01 -7.977415e-01 0.000000e+00 1
6.604914e+11 4.894046e+11 1.350175e+12 -4.805571e-01 -8.705990e-01 1.054618e-01 0.000000e+00 1
7.793239e+11 -3.453178e+11 3.936494e+11 1.259928e-02 4.918969e-01 -8.705623e-01 0.000000e+00 1
-9.094729e+11 8.047768e+11 -6.684095e+11 3.724821e-01 -6.539483e-01 -6.584897e-01 0.000000e+00 1
5.031232e+11 -1.281303e+12 1.480698e+11 9.477769e-01 1.951001e-01 -2.522991e-01 0.000000e+00 1
-3.770631e+09 1.344140e+12 5.046701e+11 8.557724e-01 -1.378851e-01 -4.986394e-01 0.000000e+00 1
1.043018e+12 6.725938e+11 -4.908544e+11 -6.367603e-01 6.832917e-01 -3.572796e-01 0.000000e+00 1
-2.385675e+11 -3.833554e+11 3.468107e+11 3.631996e-01 7.372895e-01 -5.696404e-01 0.000000e+00 1
-1.848280e+11 -3.394793e+11 5.423301e+11 -5.306457e-01 -8.426554e-01 -9.136191e-02 0.000000e+00 1
-3.027354e+11 1.098679e+12 -3.853509e+11 -3.455283e-02 -9.987275e-01 -3.673486e-02 0.000000e+00 1
-1.047726e+12 2.089516e+10 -1.137811e+12 -6.204323e-01 -6.863135e-01 -3.795228e-01 0.000000e+00 1
-1.582708e+11 -4.049019e+11 -8.898112e+11 9.307019e-01 2.171746e-01 -2.943283e-01 0.000000e+00 1
4.271404e+11 1.204634e+12 4.017268e+11 -4.421329e-01 -5.908348e-01 6.748576e-01 0.000000e+00 1
-6.879897e+11 -6.790045e+11 4.679357e+11 -1.575723e-01 -8.634759e-01 -4.791454e-01 0.000000e+00 1
-1.371736e+12 -6.966694e+09 6.238414e+11 9.704882e-01 -2.403983e-01 1.901047e-02 0.000000e+00 1
-4.921141e+11 7.051503e+11 1.214088e+12 8.922127e-01 -1.690475e-02 -4.512989e-01 0.000000e+00 1
2.402167e+11 1.394039e+12 -3.763926e+11 9.598700e-01 -1.120890e-01 -2.570713e-01 0.000000e+00 1
-6.007361e+11 5.150103e+11 -6.618517e+11 7.909116e-02 -7.779974e-01 -6.232693e-01 0.000000e+00 1
1.676057e+12 1.183305e+11 -3.821932e+10 5.088695e-01 7.678235e-01 3.892288e-01 0.000000e+00 1
-1.203831e+12 9.350115e+11 6.490424e+11 9.456697e-02 -6.009891e-01 -7.936430e-01 0.000000e+00 1
-4.769756e+11 -5.224917e+11 1.247095e+11 -5.786688e-02 -9.917599e-01 -1.142964e-01 0.000000e+00 1
-9.234256e+10 -1.128919e+12 -1.791662e+11 5.204981e-01 -7.643250e-02 -8.504351e-01 0.000000e+00 1
-2.967113e+11 9.020019e+11 -7.877606e+11 6.228123e-01 -7.764176e-01 -9.633604e-02 0.000000e+00 1
-1.805788e+11 -6.893373e+11 1.089889e+12 1.376974e-01 -8.113088e-01 -5.681702e-01 0.000000e+00 1
1.700757e+11 8.747827e+11 -8.017006e+11 1.974849e-01 2.473829e-01 9.485786e-01 0.000000e+00 1
9.586316e+11 8.413898e+11 -1.075353e+12 9.196204e-01 -3.893709e-01 -5.185147e-02 0.000000e+00 1
-1.062390e+11 -1.008194e+12 9.447680e+11 -7.343500e-01 2.806113e-01 6.180513e-01 0.000000e+00 1
-4.331209e+11 1.176508e+12 2.216446e+10 3.698501e-01 6.910325e-01 6.210355e-01 0.000000e+00 1
1.207778e+12 2.764427e+11 -1.334790e+11 8.622890e-01 -4.106619e-01 2.963350e-01 0.000000e+00 1
-4.015731e+11 -7.020076e+11 -7.526851e+11 7.039757e-01 6.242912e-02 7.074750e-01 0.000000e+00 1
-3.097512e+11 9.662369e+11 -5.449770e+10 8.190333e-01 2.352715e-01 5.232894e-01 0.000000e+00 1
-1.431901e+12 -7.063995e+10 2.884655e+11 -1.546017e-01 -8.653893e-01 -4.766547e-01 0.000000e+00 1
-1.008300e+12 -6.585270e+11 1.039734e+12 2.703001e-01 -8.398356e-01 -4.707590e-01 0.000000e+00 1
1.760652e+11 8.657697e+11 -2.719837e+11 -9.113108e-01 -4.116211e-01 -8.983978e-03 0.000000e+00 1
-3.345369e+11 -1.209735e+11 -2.392733e+11 -6.527781e-01 7.167858e-01 2.451507e-01 0.000000e+00 1
1.582515e+11 1.044278e+12 -7.652376e+11 6.133000e-01 -1.157636e-01 -7.813206e-01 0.000000e+00 1
-1.298577e+12 -6.920589e+11 -1.478997e+11 1.791884e-01 9.675353e-01 -1.782330e-01 0.000000e+00 1
-1.217490e+12 8.396703e+11 -6.933568e+11 -7.972183e-01 4.709086e-01 -3.777408e-01 0.000000e+00 1
7.246053e+11 -5.666093e+10 1.398114e+12 9.267012e-01 -3.605618e-01 -1.059246e-01 0.000000e+00 1
2.798842e+11 6.093560e+11 -7.440262e+11 -3.296886e-01 9.424128e-01 5.624559e-02 0.000000e+00 1
4.459157e+11 1.405720e+12 1.954015e+11 -2.765335e-01 9.509608e-01 1.385739e-01 0.000000e+00 1
-1.533656e+12 -6.373606e+11 1.176733e+10 -9.844822e-01 -1.360063e-01 -1.108926e-01 0.000000e+00 1
-1.309014e+12 5.255805e+10 -5.752815e+11 -3.088518e-01 -7.278523e-01 6.122431e-01 0.000000e+00 1
1.144378e+12 1.198465e+12 -4.362667e+10 -3.407496e-01 2.945827e-02 -9.396924e-01 0.000000e+00 1
-1.206286e+12 7.880857e+11 -6.591796e+11 -2.516030e-01 7.060509e-01 6.619577e-01 0.000000e+00 1
7.336887e+11 -5.491515e+11 7.507874e+11 -8.572712e-02 1.423393e-01 -9.860986e-01 0.000000e+00 1
-4.013570e+11 1.036537e+12 9.513198e+11 3.710297e-01 -8.332252e-01 -4.099668e-01 0.000000e+00 1
-6.561360e+11 -1.355085e+12 2.781077e+11 -1.020751e-01 -8.963056e-01 4.315287e-01 0.000000e+00 1
-6.243185e+11 6.825935e+11 -1.166369e+12 -5.191012e-03 -8.621498e-01 5.066269e-01 0.000000e+00 1
3.328458e+11 -7.275632e+11 1.231011e+12 1.285020e-01 8.312004e-01 -5.409188e-01 0.000000e+00 1
1.769393e+10 1.022985e+12 -1.320529e+12 9.761012e-02 -2.764281e-01 9.560647e-01 0.000000e+00 1
-1.069223e+12 6.869974e+11 9.473417e+11 -9.542914e-01 -2.747668e-01 -1.176056e-01 0.000000e+00 1
-3.180604e+11 -4.538885e+11 -1.110611e+12 -6.520369e-01 -5.620394e-01 -5.088807e-01 0.000000e+00 1
1.399800e+11 -1.633023e+12 -4.016279e+11 7.441217e-01 1.491930e-01 -6.511715e-01 0.000000e+00 1
-5.339332e+10 -7.178983e+10 -6.507589e+11 5.182791e-02 -5.415772e-01 -8.390518e-01 0.000000e+00 1
-1.437285e+12 -1.368484e+11 5.198730e+11 5.054905e-01 -6.821566e-01 5.283387e-01 0.000000e+00 1
-1.543290e+12 -4.402781e+11 -3.944167e+11 -8.856515e-01 -7.323398e-02 4.585392e-01 0.000000e+00 1
1.332604e+12 6.524058e+11 -7.211137e+11 2.565383e-01 -9.369318e-01 -2.373751e-01 0.000000e+00 1
4.083238e+11 -1.785530e+11 -1.020375e+12 9.633666e-01 -2.315456e-01 1.353200e-01 0.000000e+00 1
-6.484624e+11 3.171980e+11 1.491012e+12 -8.940849e-01 -3.499502e-01 2.795478e-01 0.000000e+00 1
2.636516e+11 -2.975038e+11 6.892817e+11 3.911763e-01 9.045191e-01 -1.697832e-01 0.000000e+00 1
5.715253e+11 -1.496648e+11 -1.228307e+12 -8.333876e-01 -4.901733e-01 2.553338e-01 0.000000e+00 1
4.052336e+11 7.740148e+10 -2.053247e+11 3.943748e-01 3.163866e-01 -8.627677e-01 0.000000e+00 1
1.383747e+11 -1.519254e+12 -5.540362e+11 -7.211089e-01 -3.824662e-01 5.776865e-01 0.000000e+00 1
-7.032233e+10 8.108057e+11 8.499791e+11 -8.048358e-01 1.800925e-01 -5.655140e-01 0.000000e+00 1
4.000306e+11 -1.253451e+12 6.011873e+11 -8.156874e-01 -3.225665e-01 -4.802134e-01 0.000000e+00 1
-7.606794e+11 -2.408353e+11 -5.149810e+10 -3.683150e-02 -8.798046e-01 4.739065e-01 0.000000e+00 1
-5.627950e+11 9.270872e+11 5.680673e+11 -4.272489e-01 8.197053e-01 -3.814992e-01 0.000000e+00 1
-1.763866e+11 -6.610964e+11 -9.442880e+11 4.709420e-01 8.258547e-01 3.101250e-01 0.000000e+00 1
-9.161455e+11 4.357328e+11 -7.071534e+11 8.726137e-01 4.725394e-01 1.234985e-01 0.000000e+00 1
-6.678294e+11 6.303803e+11 7.491274e+11 2.443282e-01 -5.598182e-01 -7.917748e-01 0.000000e+00 1
-1.541566e+11 8.795671e+11 1.338862e+12 -1.276048e-01 4.704381e-01 8.731581e-01 0.000000e+00 1
1.047872e+12 6.392415e+11 -9.708553e+11 3.523413e-01 6.515876e-01 6.717807e-01 0.000000e+00 1
-1.900196e+11 1.679012e+11 -1.552450e+12 -1.748035e-02 -2.624074e-01 -9.647988e-01 0.000000e+00 1
-1.218921e+12 6.153381e+11 4.637430e+11 -1.266631e-01 9.690974e-01 -2.116758e-01 0.000000e+00 1
-2.923713e+11 -1.216510e+12 1.088310e+12 -5.785954e-01 -5.888628e-01 -5.643297e-01 0.000000e+00 1
-9.342055e+11 7.374473e+11 6.910959e+11 -5.741681e-01 -2.754287e-01 7.710188e-01 0.000000e+00 1
-8.339442e+11 3.041715e+10 -9.708431e+11 -6.640090e-01 -6.255344e-01 4.096325e-01 0.000000e+00 1
4.790390e+11 4.820863e+11 -1.270944e+12 1.865841e-01 -5.076836e-01 8.410967e-01 0.000000e+00 1
4.471560e+11 -4.966369e+11 5.467389e+11 -8.677967e-01 3.233916e-01 3.772887e-01 0.000000e+00 1
9.410930e+11 7.890724e+11 -9.036184e+11 4.811995e-01 -1.592522e-01 -8.620242e-01 0.000000e+00 1
2.176281e+11 -3.734837e+11 1.020888e+12 -1.625941e-01 4.246942e-01 8.906167e-01 0.000000e+00 1
5.139930e+11 -7.633830e+11 1.304721e+12 -1.640043e-01 -4.035155e-01 -9.001543e-01 0.000000e+00 1
9.621157e+11 1.042728e+11 8.656321e+11 -5.794123e-01 6.911660e-01 -4.319386e-01 0.000000e+00 1
1.452056e+12 -5.869127e+10 -3.243605e+10 2.233053e-01 3.332152e-01 9.160253e-01 0.000000e+00 1
2.809185e+11 -4.159337e+11 -1.306319e+10 7.883531e-03 -5.146795e-01 8.573464e-01 0.000000e+00 1
-1.006920e+12 -5.042379e+11 1.392509e+11 -5.216668e-01 -8.008679e-01 2.940651e-01 0.000000e+00 1
6.647072e+11 -1.161924e+12 -1.960877e+11 -5.566170e-01 -3.158701e-01 7.683773e-01 0.000000e+00 1
8.010614e+11 -4.019336e+11 6.019900e+11 -5.124648e-01 -8.285927e-01 2.254195e-01 0.000000e+00 1
-9.263332e+11 1.165668e+12 2.206617e+11 -2.035025e-01 -7.822699e-01 -5.887619e-01 0.000000e+00 1
-9.156784e+11 1.408131e+12 1.240760e+10 7.005869e-01 -5.227464e-01 4.857100e-01 0.000000e+00 1
1.258441e+12 -6.092582e+11 -4.055665e+11 1.081476e-01 -8.154493e-01 5.686357e-01 0.000000e+00 1
2.499805e+10 8.175547e+11 -9.342340e+11 5.343176e-01 -7.949753e-01 -2.872611e-01 0.000000e+00 1
-4.767591e+10 -7.692058e+11 -2.099362e+11 -1.497535e-01 -9.861291e-01 -7.157731e-02 0.000000e+00 1
-5.757671e+11 2.689799e+11 2.289939e+11 -9.837038e-01 -5.972043e-02 1.695888e-01 0.000000e+00 1
-4.012296e+11 6.445300e+11 -2.959273e+11 -5.496387e-01 -1.676317e-01 8.184112e-01 0.000000e+00 1
-3.901059e+11 -3.283749e+11 -1.389948e+12 6.626686e-01 6.265546e-01 -4.102434e-01 0.000000e+00 1
-3.860395e+11 1.569361e+10 -1.218616e+12 -4.191315e-01 8.446278e-01 3.330656e-01 0.000000e+00 1
1.068343e+12 -1.197334e+12 -1.700300e+10 -7.557194e-01 4.764637e-01 4.493000e-01 0.000000e+00 1
5.675020e+11 8.089362e+11 -3.076156e+11 9.804682e-01 -6.402494e-02 -1.859647e-01 0.000000e+00 1
7.556848e+11 7.954184e+11 -1.055966e+12 -8.536889e-01 1.504214e-01 4.985866e-01 0.000000e+00 1
-8.666878e+11 -1.108136e+12 -2.770687e+11 4.705224e-01 3.502274e-01 8.099071e-01 0.000000e+00 1
4.637203e+11 -7.640510e+11 1.180607e+11 6.317785e-01 7.560385e-01 -1.710607e-01 0.000000e+00 1
1.413061e+12 5.516719e+11 5.490828e+10 9.160381e-01 -3.033463e-01 -2.624027e-01 0.000000e+00 1
-5.999184e+11 6.086177e+11 6.176954e+11 1.899060e-01 1.199596e-01 9.744462e-01 0.000000e+00 1
7.174757e+11 9.600285e+11 -3.076112e+11 -4.333741e-02 9.571574e-02 -9.944649e-01 0.000000e+00 1
-9.658689e+10 1.300599e+12 -5.347597e+11 -7.791735e-01 -5.612042e-01 2.791745e-01 0.000000e+00 1
-2.405477e+11 -1.293796e+12 -6.798416e+11 5.132510e-01 -3.660439e-01 -7.762637e-01 0.000000e+00 1
1.459394e+11 5.225386e+11 -2.622076e+11 -2.141775e-01 9.206405e-01 -3.264187e-01 0.000000e+00 1
-6.199535e+11 -6.832150e+11 1.603414e+11 -5.418180e-02 4.681154e-02 -9.974332e-01 0.000000e+00 1
7.345813e+11 7.156026e+11 7.226489e+11 -8.396689e-01 -8.859277e-02 5.358241e-01 0.000000e+00 1
4.440531e+11 -6.918563e+11 8.251375e+11 4.473459e-02 -4.344591e-02 -9.980537e-01 0.000000e+00 1
1.204867e+12 -1.572994e+11 -7.528157e+11 5.214481e-02 -9.023566e-01 4.278242e-01 0.000000e+00 1
-3.009365e+11 -5.166807e+11 -8.908646e+10 -7.537854e-01 5.535345e-01 -3.541286e-01 0.000000e+00 1
9.630842e+11 -6.667472e+11 4.505726e+11 5.131920e-01 7.714516e-01 -3.761601e-01 0.000000e+00 1
-9.781751e+11 4.346194e+11 3.192450e+11 -8.082590e-01 4.060364e-01 4.264410e-01 0.000000e+00 1
3.990820e+11 -4.691436e+11 -1.155991e+11 7.700837e-01 2.966318e-01 -5.647837e-01 0.000000e+00 1
-1.748053e+11 5.148708e+11 -6.858996e+11 2.417204e-01 9.519849e-01 -1.878726e-01 0.000000e+00 1
-6.650979e+11 7.277981e+11 -4.297380e+11 4.260033e-01 3.439993e-01 8.367710e-01 0.000000e+00 1
-5.281300e+11 -1.594159e+11 1.575829e+10 6.762602e-01 -3.688048e-01 -6.376953e-01 0.000000e+00 1
-3.049838e+11 -6.384892e+11 8.137520e+11 -8.238369e-01 3.656883e-01 4.330876e-01 0.000000e+00 1
1.339414e+12 -4.882051e+11 3.256250e+11 -7.254404e-01 6.471781e-01 -2.343004e-01 0.000000e+00 1
9.062049e+11 -2.663170e+11 5.855687e+11 1.567273e-01 9.604642e-01 2.300982e-01 0.000000e+00 1
-1.236391e+12 4.552764e+11 -8.312169e+11 3.973403e-01 8.484796e-01 3.495755e-01 0.000000e+00 1
-1.171874e+12 7.493172e+11 -3.925287e+11 6.200495e-01 -5.647845e-01 -5.445706e-01 0.000000e+00 1
4.630324e+11 7.706145e+11 8.765370e+11 7.981266e-01 2.639767e-01 -5.415812e-01 0.000000e+00 1
9.761089e+11 -1.177305e+12 4.713315e+11 -4.054039e-01 -3.431960e-01 8.472686e-01 0.000000e+00 1
3.255352e+11 -1.214674e+12 -4.828498e+11 4.135112e-01 8.964856e-01 1.591290e-01 0.000000e+00 1
-3.040101e+09 7.139977e+11 5.266602e+11 4.081154e-01 6.189539e-01 -6.710722e-01 0.000000e+00 1
-3.051249e+11 -8.752754e+11 -1.410251e+11 5.187865e-01 3.944336e-01 7.584739e-01 0.000000e+00 1
-1.227364e+11 8.256958e+11 1.449571e+11 -8.929139e-01 -4.422250e-01 8.450938e-02 0.000000e+00 1
2.406051e+11 1.169840e+12 8.860600e+11 1.621265e-01 -9.741523e-01 -1.572968e-01 0.000000e+00 1
3.179183e+10 -1.682582e+12 -3.167717e+10 9.225707e-01 -2.186020e-01 -3.179253e-01 0.000000e+00 1
7.613648e+10 1.453573e+12 3.436221e+10 -1.262709e-01 -7.623698e-01 6.347030e-01 0.000000e+00 1
-5.124267e+11 -3.244527e+11 -1.239538e+12 -8.702769e-01 -8.424597e-02 4.853048e-01 0.000000e+00 1
9.084866e+10 8.440690e+11 1.789591e+11 3.103028e-01 -9.351712e-01 1.707834e-01 0.000000e+00 1
8.723672e+11 1.271328e+12 6.707332e+11 -2.650805e-02 7.448401e-01 6.667163e-01 0.000000e+00 1
-7.981474e+11 -2.182233e+11 2.742566e+11 1.897377e-02 8.839176e-01 -4.672575e-01 0.000000e+00 1
-7.382896e+11 -9.558491e+11 1.107442e+12 -4.652861e-01 7.102862e-01 5.282067e-01 0.000000e+00 1
-2.760833e+11 -5.361719e+11 -1.211597e+12 -3.271576e-01 -6.982813e-01 6.366876e-01 0.000000e+00 1
-8.133127e+11 -6.342608e+10 -2.602000e+11 -7.482484e-01 6.148580e-01 2.491465e-01 0.000000e+00 1
-6.963098e+11 -9.182188e+11 -7.217358e+11 -4.533827e-01 -1.540869e-01 8.778960e-01 0.000000e+00 1
1.108045e+12 -3.941021e+11 6.243355e+11 5.923258e-01 7.548605e-01 -2.816662e-01 0.000000e+00 1
-2.407756e+11 7.141977e+11 9.906936e+11 -5.110280e-02 9.522552e-01 -3.009958e-01 0.000000e+00 1
-7.360278e+11 6.248911e+11 -5.064011e+11 -3.339651e-01 6.484192e-01 -6.841198e-01 0.000000e+00 1
-2.118307e+11 3.149155e+11 -2.414831e+11 -3.336227e-01 -3.967478e-01 -8.551532e-01 0.000000e+00 1
-1.136620e+12 9.411358e+11 3.218106e+11 -1.967246e-01 -9.131836e-02 -9.761969e-01 0.000000e+00 1
3.243931e+11 -5.671079e+11 9.360711e+11 4.674089e-01 4.807936e-01 -7.418669e-01 0.000000e+00 1
1.579318e+11 -6.781293e+11 1.449741e+12 1.819934e-01 -9.565639e-01 2.277365e-01 0.000000e+00 1
5.032711e+10 -1.523840e+11 -1.474395e+12 -4.236005e-01 5.722159e-02 9.040400e-01 0.000000e+00 1
-7.882455e+11 -5.335321e+11 7.788978e+11 -8.755305e-02 9.920609e-01 9.027490e-02 0.000000e+00 1
1.351765e+12 2.266923e+11 9.627888e+11 -1.501422e-01 9.741733e-01 1.686523e-01 0.000000e+00 1
-1.405550e+12 1.405732e+11 8.645662e+11 1.601673e-01 -5.492829e-01 -8.201431e-01 0.000000e+00 1
-1.611056e+12 1.197595e+11 1.189230e+11 -4.105352e-01 6.671290e-01 -6.216106e-01 0.000000e+00 1
6.302124e+11 -1.536256e+11 -3.911935e+11 6.420049e-01 7.661860e-01 -2.808403e-02 0.000000e+00 1
-1.183326e+12 2.634134e+11 -9.403858e+11 -4.570771e-02 4.166846e-01 -9.079013e-01 0.000000e+00 1
-7.803640e+11 8.069968e+11 -3.958596e+11 -3.744233e-01 -2.374781e-02 -9.269537e-01 0.000000e+00 1
-4.307708e+11 -2.659636e+11 1.326666e+12 -6.224883e-01 7.716488e-01 1.306385e-01 0.000000e+00 1
9.244334e+11 -1.412074e+12 6.611854e+10 3.843819e-01 9.017061e-01 1.979308e-01 0.000000e+00 1
9.106068e+09 1.306759e+12 6.271963e+11 -8.283857e-01 -2.544889e-01 4.990116e-01 0.000000e+00 1
5.908337e+10 8.585612e+11 9.037232e+11 -7.028873e-02 -6.476056e-01 7.587269e-01 0.000000e+00 1
9.409241e+09 8.751699e+11 -1.079923e+11 -8.938412e-01 2.608816e-01 -3.646763e-01 0.000000e+00 1
7.131596e+11 -4.608638e+11 7.208864e+11 6.836636e-01 4.620237e-01 -5.649232e-01 0.000000e+00 1
-7.247817e+11 1.251466e+12 -3.921062e+11 5.739900e-01 3.619908e-01 7.345053e-01 0.000000e+00 1
-8.093781e+11 -1.622764e+10 -8.649622e+11 8.563179e-01 3.232166e-01 4.028034e-01 0.000000e+00 1
2.140108e+11 7.895123e+10 1.169152e+12 -3.253175e-01 8.622702e-01 -3.881478e-01 0.000000e+00 1
-1.726218e+11 2.540547e+11 -1.322542e+12 -5.396284e-01 -7.720878e-01 -3.356808e-01 0.000000e+00 1
-6.393744e+11 -8.687569e+11 -1.170524e+12 3.540880e-01 -8.930972e-01 2.774871e-01 0.000000e+00 1
-1.216781e+12 -4.603514e+10 9.909063e+11 -6.324679e-01 -3.325996e-01 -6.995441e-01 0.000000e+00 1
7.912812e+11 8.682455e+11 1.186312e+12 -6.584733e-01 7.219486e-01 -2.126100e-01 0.000000e+00 1
8.059995e+11 -2.628224e+11 -2.271348e+11 1.383940e-01 7.759997e-01 -6.153629e-01 0.000000e+00 1
-1.133285e+12 4.873888e+11 1.119047e+12 8.909708e-02 -8.611360e-01 5.005063e-01 0.000000e+00 1
-1.253925e+11 6.617101e+11 -1.514742e+12 -3.839113e-01 4.845394e-01 -7.860239e-01 0.000000e+00 1
-3.273348e+11 1.982006e+11 6.857511e+10 -9.690578e-01 1.776917e-01 -1.713259e-01 0.000000e+00 1
-1.494353e+12 2.040505e+11 1.570396e+11 1.125225e-01 7.682318e-01 -6.302051e-01 0.000000e+00 1
-4.276946e+11 -5.704249e+11 -1.473823e+12 8.364045e-01 3.189404e-01 -4.457628e-01 0.000000e+00 1
1.346866e+12 -6.124614e+11 -2.887978e+11 8.992226e-01 -3.208912e-01 -2.973677e-01 0.000000e+00 1
4.464300e+11 4.140078e+10 9.432951e+11 -2.061480e-01 5.061376e-01 8.374531e-01 0.000000e+00 1
7.088488e+11 -7.179529e+11 3.878280e+11 3.440463e-01 -5.703277e-01 -7.458944e-01 0.000000e+00 1
1.387634e+12 -1.350143e+11 -8.000503e+11 4.253598e-01 9.013769e-01 -8.117113e-02 0.000000e+00 1
-5.265010e+11 -4.452124e+11 -4.828038e+11 -4.668733e-01 -8.389085e-01 -2.797533e-01 0.000000e+00 1
1.445849e+12 -1.329766e+11 2.899642e+11 -6.939319e-01 6.969539e-01 1.808694e-01 0.000000e+00 1
-8.419458e+11 -5.400235e+11 1.186058e+12 8.816468e-01 -4.138437e-01 2.267869e-01 0.000000e+00 1
-5.259270e+11 6.357132e+11 -1.295357e+12 8.405448e-01 4.054179e-01 3.593337e-01 0.000000e+00 1
7.286573e+11 -6.406602e+11 2.435921e+11 2.009992e-01 -6.596428e-01 7.242035e-01 0.000000e+00 1
-8.835329e+11 -1.235966e+12 -3.608700e+11 5.297093e-01 7.097127e-01 -4.644524e-01 0.000000e+00 1
-5.412588e+11 1.147495e+12 -7.928841e+11 8.142431e-01 -3.125304e-01 4.892166e-01 0.000000e+00 1
-1.413293e+12 1.510311e+11 4.901953e+11 1.058663e-01 -6.680072e-01 -7.365858e-01 0.000000e+00 1
-6.177994e+10 -3.606433e+10 3.519113e+11 -3.048603e-01 6.608362e-01 -6.858249e-01 0.000000e+00 1
1.089201e+12 8.670255e+11 -7.696593e+11 -7.596658e-01 3.191745e-01 -5.666000e-01 0.000000e+00 1
1.281381e+12 4.983046e+11 -9.397924e+10 8.232630e-01 3.097999e-01 4.756700e-01 0.000000e+00 1
-5.845319e+11 -8.102425e+10 2.524795e+11 5.371179e-01 -4.486113e-01 7.143195e-01 0.000000e+00 1
4.976281e+11 3.218745e+11 9.195532e+11 5.787201e-02 9.764862e-01 -2.076667e-01 0.000000e+00 1
