# 781 1.000000e+07 1.000000e+04 0.000000e+00 1.000000e+00 5.000000e-01
-6.671397e+13 1.306882e+14 8.563507e+13 7.792759e-02 -7.192708e-02 9.943610e-01 -9.588933e+00 0 3059818
-8.229865e+12 1.476919e+14 -8.995988e+13 -7.594398e-01 5.601348e-01 -3.309081e-01 1.257870e+01 0 4581697
4.098355e+13 -2.089098e+13 1.644933e+14 2.823970e-01 -5.877614e-01 7.581481e-01 -5.918372e+00 0 7527882
1.374915e+14 3.990716e+13 -9.519708e+13 8.823356e-01 4.676985e-01 -5.236379e-02 9.404408e+00 0 16118371
-4.909723e+13 -3.410861e+13 1.590503e+14 3.086074e-01 4.551142e-01 8.352440e-01 1.698226e+01 0 15678761
1.230466e+14 2.558175e+13 -1.171231e+14 6.137183e-01 4.979223e-01 -6.127179e-01 7.735425e+00 0 2824539
-4.789837e+12 1.554525e+14 7.036050e+13 3.048152e-01 2.797448e-01 9.104013e-01 2.189641e+01 0 7465326
1.062329e+14 -1.559698e+13 1.434752e+14 3.188160e-01 -4.415973e-01 8.386586e-01 1.053949e+01 0 15277615
-2.564047e+13 -1.783454e+14 -7.869049e+12 3.552535e-01 -9.230585e-01 -1.475056e-01 -2.940074e+00 0 827678
-9.526895e+13 6.929515e+13 1.236979e+14 -8.421107e-01 2.451377e-01 4.803719e-01 -3.491283e+00 0 975006
-1.519157e+14 -7.618186e+13 -7.607998e+12 -5.202242e-01 -8.296495e-01 -2.026040e-01 1.167827e+01 0 747854
-3.371116e+13 1.497013e+14 -7.560432e+13 -2.803745e-01 9.084461e-01 -3.100254e-01 8.080660e+00 0 21254138
1.115219e+14 1.004215e+14 8.110374e+13 6.441229e-01 6.850707e-01 3.402702e-01 -8.698652e+00 0 9230267
1.118110e+14 9.552233e+13 9.146253e+13 2.211592e-01 -5.870615e-02 9.734692e-01 7.806784e+00 0 2186810
1.042410e+14 9.772349e+13 1.032550e+14 9.622856e-01 -1.385362e-01 2.341241e-01 -2.012136e+01 0 295085
1.361235e+14 7.647879e+13 6.770419e+13 2.392751e-01 9.257780e-01 2.927157e-01 9.900323e+00 0 7175416
-1.206119e+14 1.318434e+14 -4.833014e+13 -6.004481e-02 8.229294e-01 -5.649617e-01 8.136858e+00 0 10429107
-9.261981e+13 -1.082398e+14 1.013348e+14 1.902408e-01 -9.759378e-01 1.065543e-01 -1.007387e+01 0 22012712
1.226318e+14 -1.232388e+14 1.273837e+14 3.801403e-01 -4.600026e-01 8.024281e-01 1.945437e+01 0 907298
-1.440390e+14 1.599231e+13 -9.207042e+13 -3.341150e-01 1.287158e-01 -9.337020e-01 1.752937e+01 0 4091
-5.426453e+13 1.493026e+14 -6.098353e+13 5.272082e-01 4.360145e-01 -7.293441e-01 3.692156e+00 0 43263817
-1.529218e+14 2.727937e+13 -6.925373e+13 -3.112627e-01 9.489209e-01 -5.162032e-02 9.228865e+00 0 18
7.074156e+13 -1.304234e+14 8.518046e+13 -2.564220e-01 -8.901485e-01 3.766742e-01 1.024871e+01 0 4411700
1.412807e+14 -3.443523e+13 1.348408e+14 7.040450e-01 2.256408e-01 6.733549e-01 2.358729e+01 0 2362858
-8.350609e+13 -3.580549e+13 -1.435017e+14 -3.750645e-01 -9.263958e-01 -3.342694e-02 -7.701437e+00 0 4051893
1.401145e+14 8.076794e+13 6.039209e+13 -3.511955e-02 8.271271e-01 5.609165e-01 -1.963469e+00 0 709352
5.189628e+13 -1.315527e+14 9.390901e+13 7.503181e-01 -6.341677e-01 1.866925e-01 -1.345412e+00 0 6
-1.166872e+14 1.259085e+14 4.874276e+13 -5.333176e-01 8.456826e-01 -1.983042e-02 8.731225e+00 0 2261903
-1.083332e+14 -9.621161e+13 8.841036e+13 -6.827755e-01 -6.329214e-01 -3.650043e-01 1.365823e+01 0 1300349
-1.270579e+14 -1.387483e+14 5.821970e+13 1.843901e-01 -9.066403e-01 3.794780e-01 -1.617028e+01 0 13025823
-1.009322e+13 -1.113533e+14 1.384938e+14 6.074772e-01 -1.582662e-01 7.784107e-01 2.149072e+01 0 4216356
1.436208e+14 7.383204e+13 6.009319e+13 4.950368e-01 8.601769e-01 -1.226144e-01 -5.185707e+00 0 4524178
8.618049e+12 -1.623424e+14 -6.188453e+13 -2.485540e-01 -3.901710e-01 -8.865594e-01 4.969424e+00 0 990688
-1.410141e+14 8.492573e+13 7.080177e+13 -7.720153e-01 5.010377e-01 3.910928e-01 -1.023483e+01 0 3030630
8.273558e+13 -5.606294e+13 1.374555e+14 6.143780e-01 -5.013168e-01 6.092792e-01 2.475642e+00 0 4076375
-6.365289e+13 1.508231e+14 -4.934208e+13 4.940838e-01 6.397814e-01 -5.886942e-01 -1.124933e+01 0 2343757
-3.299631e+13 6.440121e+13 -1.588411e+14 -9.357576e-01 -2.619478e-01 -2.360956e-01 1.810958e+01 0 4032281
5.715441e+13 1.619146e+14 -7.863036e+12 3.031477e-02 9.923098e-01 -1.200097e-01 1.388388e+01 0 1027911
-1.240486e+14 -1.185385e+14 3.688585e+12 4.386032e-03 -4.152197e-01 -9.097106e-01 -1.293022e+01 0 4741254
-5.974705e+13 -5.578889e+13 1.487801e+14 -4.900892e-01 -8.703516e-01 4.796433e-02 1.018105e+01 0 1546648
-4.290804e+13 1.800875e+14 3.825720e+13 -1.278717e-01 8.488867e-01 -5.128745e-01 8.587927e+00 0 1115064
1.103719e+14 2.330388e+13 -1.267317e+14 3.112156e-01 4.312883e-01 -8.468384e-01 -4.836335e+00 0 1813126
1.302432e+14 -3.524293e+13 -1.077459e+14 8.392269e-01 -3.640181e-01 4.039667e-01 -1.398855e+01 0 2408033
1.124428e+14 -1.233097e+14 3.076089e+13 8.749189e-01 1.014010e-04 4.842695e-01 8.641991e+00 0 4798780
-2.379915e+13 1.667032e+14 2.987802e+13 4.996227e-01 8.661906e-01 9.534295e-03 -1.775721e+01 0 5296058
1.426765e+14 4.602582e+13 -8.388255e+13 6.065676e-01 1.149922e-01 -7.866718e-01 -8.674441e+00 0 3027055
1.301415e+14 -7.365524e+13 9.126301e+13 2.409196e-01 2.817532e-02 9.701360e-01 1.586816e+01 0 6917939
-4.932730e+13 7.120746e+13 -1.680952e+14 -3.388131e-01 4.947291e-01 -8.002804e-01 -1.258855e+01 0 8331227
-1.070742e+14 6.291866e+13 -1.163481e+14 -6.796429e-01 6.899420e-01 -2.491298e-01 6.691574e+00 0 525395
9.732886e+13 1.986322e+13 -1.573795e+14 4.208352e-01 -3.544498e-02 -9.064444e-01 1.948930e+01 0 1303326
8.506634e+12 -4.906967e+12 -1.897275e+14 -9.937455e-02 1.069365e-01 -9.892873e-01 -1.736790e+01 0 593163
-2.515744e+13 1.226438e+14 1.176774e+14 -7.584932e-01 -8.282722e-02 6.463960e-01 1.179426e+01 0 1019253
2.597868e+13 -1.515519e+14 -7.757493e+13 -7.605273e-01 -6.226254e-01 -1.842170e-01 -2.180080e+01 0 6821933
7.821749e+13 1.477261e+14 -6.377138e+13 5.093070e-01 7.461573e-01 4.287840e-01 7.073911e+00 0 496171
1.120785e+14 -1.141649e+14 -6.527893e+13 6.048934e-01 -6.570128e-02 -7.935914e-01 1.381012e+01 0 1023977
8.760627e+13 -1.121882e+14 -1.257176e+14 -1.366597e-01 -6.928461e-01 -7.080172e-01 1.152453e+01 0 8850056
-1.386639e+14 7.495503e+13 6.400572e+13 -8.604402e-01 -4.968518e-01 1.130533e-01 -4.680411e+00 0 7516820
2.130242e+12 -6.072234e+13 1.584980e+14 3.923930e-01 -5.197224e-01 7.588915e-01 -3.442767e+00 0 777414
1.060330e+14 -1.053959e+14 -8.349664e+13 9.821048e-01 1.122381e-01 1.512376e-01 1.060742e+01 0 33951527
-3.964669e+13 -1.555776e+14 5.775953e+13 6.643176e-01 -6.523320e-01 3.648906e-01 2.155738e+01 0 4454444
9.216096e+13 -5.724641e+13 1.819558e+14 8.376798e-01 -4.008777e-01 3.709306e-01 2.489762e+01 0 8756827
8.276444e+12 2.701671e+13 2.142244e+14 -3.835457e-01 -6.127142e-02 9.214871e-01 2.425425e+01 0 8446474
1.479005e+14 9.515915e+13 -1.645994e+13 9.608004e-01 2.507965e-01 1.181678e-01 1.032463e+01 0 31
1.298932e+14 -4.255142e+13 -1.011060e+14 6.658202e-01 -5.790609e-01 4.705017e-01 3.547097e+00 0 7685687
-1.171563e+14 1.212471e+14 2.629500e+13 -6.949449e-01 5.802889e-01 -4.246368e-01 1.076700e+01 0 1713417
1.318123e+14 1.159127e+14 -2.907776e+11 9.903285e-01 -1.374160e-01 -1.913911e-02 9.262872e+00 0 1355801
4.261398e+13 1.393914e+14 -9.635432e+13 -6.062631e-03 9.536025e-01 -3.010076e-01 -2.139265e+01 0 12140567
3.582264e+13 1.721441e+14 2.536049e+13 7.248372e-02 8.407647e-01 -5.365267e-01 9.740876e+00 0 5481721
2.087934e+13 -6.047724e+13 -1.578314e+14 1.228496e-01 -6.653288e-01 -7.363733e-01 1.060859e+01 0 5466080
3.704271e+13 1.050791e+13 1.723647e+14 -2.963861e-02 5.449811e-01 8.379243e-01 -1.143728e+01 0 1125007
-2.443823e+13 2.459188e+13 1.714234e+14 -3.936148e-01 3.274616e-01 8.589740e-01 1.181978e+01 0 5842855
6.899509e+13 -1.506861e+14 4.724487e+13 5.768026e-02 -9.580875e-01 2.806090e-01 4.771360e+00 0 3766362
1.115894e+13 -4.057690e+13 1.674385e+14 2.279392e-01 -8.248926e-01 5.172968e-01 -1.300142e+01 0 277324
1.466863e+14 7.372957e+13 7.001567e+13 6.738464e-01 3.551664e-01 6.479104e-01 1.261544e+01 0 4332129
-1.297737e+14 -1.129263e+14 -3.869957e+11 -9.040295e-01 2.523151e-01 -3.450619e-01 1.188716e+01 0 77080
-2.385490e+13 -2.806272e+13 -1.707216e+14 -7.986610e-01 2.625857e-01 -5.414696e-01 -1.196420e+01 0 1230624
1.017671e+14 1.115709e+14 -8.448270e+13 -2.798727e-01 7.848956e-01 -5.528202e-01 1.339867e+01 0 4333802
-1.512479e+14 -3.051435e+13 -7.862808e+13 -9.534265e-01 -2.528073e-01 1.645189e-01 -7.845733e+00 0 1807996
-1.960916e+14 -5.773211e+13 -5.053146e+13 -8.915734e-01 -1.909590e-01 4.106477e-01 1.602408e+01 0 2278719
-3.671932e+12 -8.843861e+13 -1.472731e+14 3.226927e-01 -7.453593e-01 -5.833601e-01 -1.219494e+01 0 9648236
-1.186124e+14 -7.049938e+13 -1.036690e+14 -3.714376e-01 -8.550378e-01 -3.618626e-01 -9.681910e+00 0 3239217
9.678118e+12 8.639443e+13 1.462532e+14 5.643466e-01 -2.472559e-01 7.876405e-01 9.159088e+00 0 2395055
-6.221634e+13 -1.572023e+14 -1.395724e+13 -5.849538e-01 -8.043779e-01 1.039487e-01 2.501260e+00 0 1778728
1.169873e+14 6.028037e+13 -1.090211e+14 9.976253e-01 2.324958e-03 6.883510e-02 -1.645922e+01 0 12218107
5.130630e+13 3.741878e+13 1.850794e+14 -1.500383e-01 2.659701e-01 9.522334e-01 2.574770e+01 0 22496
3.841119e+13 -1.326970e+14 1.076761e+14 1.283138e-01 -8.111832e-01 5.705412e-01 -9.011254e+00 0 2516562
9.871258e+13 6.726858e+13 1.565412e+14 2.082594e-01 2.669002e-01 9.409529e-01 -1.958432e+01 0 11673408
-1.549306e+14 2.889686e+13 6.316018e+13 -1.864907e-01 -2.726474e-01 9.438668e-01 -7.825057e+00 0 45891
-1.440999e+14 3.550538e+13 8.302586e+13 -7.442248e-01 2.787997e-02 6.673471e-01 7.524659e+00 0 8311217
-7.103371e+13 1.102371e+14 1.087263e+14 -7.777731e-01 -2.791871e-01 5.631373e-01 -1.047155e+01 0 2900555
-1.203533e+14 7.088409e+13 -9.919357e+13 4.748200e-01 6.881666e-01 -5.486097e-01 5.433466e+00 0 1893997
-3.602543e+13 7.337826e+13 -1.544535e+14 -2.292421e-01 -4.466838e-01 -8.648246e-01 -1.607258e+01 0 28486217
-1.072720e+13 -1.041677e+14 -1.351790e+14 6.495054e-01 -1.969896e-01 -7.343962e-01 1.533760e+01 0 8429716
-1.605108e+14 6.200418e+13 1.199555e+13 -6.142013e-01 3.399104e-02 -7.884170e-01 -8.700120e+00 0 1326912
-9.292631e+13 -1.269573e+14 7.665876e+13 -3.796377e-01 -9.188701e-01 1.074842e-01 -1.285055e+01 0 8750438
-1.162104e+14 -1.724358e+13 -1.396360e+14 -7.950121e-01 -9.694130e-02 -5.987972e-01 -1.610710e+01 0 2619582
1.171398e+14 1.079277e+14 6.934329e+13 4.180441e-01 8.667951e-01 2.718556e-01 -9.449100e+00 0 599610
-7.697759e+13 1.058054e+14 -1.258890e+14 -8.923686e-01 1.245770e-01 -4.337727e-01 -8.973279e+00 0 6069294
3.245660e+11 -9.414073e+13 1.521221e+14 6.023191e-01 -7.308881e-01 3.209584e-01 -1.327801e+01 0 7816145
4.345192e+13 -5.710466e+13 -1.549998e+14 -1.462129e-01 -3.288258e-01 -9.330034e-01 -4.550378e+00 0 1318091
-1.454474e+13 -1.762017e+14 -2.204603e+13 3.859991e-03 -9.932913e-01 -1.155745e-01 8.183837e+00 0 814918
1.111576e+14 -1.318307e+14 1.462398e+13 7.746661e-01 -2.128725e-01 -5.954643e-01 -5.069942e+00 0 1371138
-1.086754e+14 -1.378587e+14 2.847159e+13 -8.295553e-01 -3.725230e-01 4.160103e-01 1.625985e+01 0 3215000
1.095169e+14 -1.259360e+14 -3.069752e+13 6.083574e-01 7.880190e-02 -7.897414e-01 -5.094209e+00 0 344112
6.567433e+13 -4.756256e+13 -1.491417e+14 -5.414872e-01 -8.881447e-02 -8.360045e-01 1.687711e+00 0 231578
-1.405030e+14 -7.295248e+13 6.220475e+13 -5.724699e-01 3.738404e-01 7.297408e-01 -1.019238e+00 0 6064626
-1.696412e+14 -1.011330e+12 1.908598e+13 -5.264049e-01 -7.305038e-01 4.350427e-01 -8.086075e+00 0 1256540
-7.763868e+13 1.147258e+14 -9.935728e+13 -9.685508e-01 2.309231e-01 9.264885e-02 1.042799e+01 0 3549333
-6.417408e+13 -9.030052e+13 -1.314329e+14 -1.824983e-01 6.076133e-01 -7.729816e-01 3.067790e+00 0 4060892
1.218065e+14 -1.004826e+14 7.632378e+13 9.633206e-01 -5.097636e-02 2.634670e-01 -7.130254e+00 0 26216690
5.829494e+13 1.477414e+14 5.956592e+13 -1.814862e-02 5.321348e-01 8.464651e-01 -5.059912e+00 0 18437845
-5.420598e+13 1.554282e+14 -4.324876e+13 3.236363e-01 9.387694e-01 1.182013e-01 2.346119e+00 0 3
6.571533e+13 9.314369e+12 -1.569738e+14 5.632235e-01 6.252880e-02 -8.239353e-01 6.026826e+00 0 2043687
1.061075e+14 -7.454160e+13 1.146249e+14 4.433102e-01 -8.816664e-01 1.616802e-01 4.094552e+00 0 40249920
6.480733e+12 -1.652211e+14 -7.388384e+13 1.854522e-01 -9.669730e-01 1.748446e-01 -7.523313e+00 0 1794497
-5.518647e+13 -8.821943e+13 1.449407e+14 -3.496030e-01 -3.840474e-01 8.545673e-01 1.363771e+01 0 1639438
-8.298441e+13 9.674423e+13 -1.119887e+14 -4.846044e-01 -6.645264e-01 -5.688262e-01 6.170449e+00 0 2879504
-1.596786e+14 -5.152119e+13 -3.153484e+13 -4.095687e-01 -9.044705e-01 -1.191071e-01 -3.323543e+00 0 3329942
1.012314e+14 1.897629e+13 1.395798e+14 -4.539577e-03 -4.901695e-02 9.987876e-01 1.452152e+01 0 9547593
-2.580213e+13 1.050183e+14 -1.402424e+14 -4.447628e-01 6.266444e-01 -6.399241e-01 1.751701e+01 0 8442801
-1.430388e+14 -1.118764e+14 -1.314478e+13 -8.824846e-01 4.943539e-03 -4.703154e-01 -1.214604e+01 0 705849
5.751695e+13 -7.532918e+13 -1.465718e+14 4.202438e-01 -9.048265e-01 6.844120e-02 1.034699e+01 0 12520262
4.845708e+13 -1.416037e+14 -8.010604e+13 -3.511696e-01 -2.400819e-01 -9.050086e-01 3.520217e+00 0 6181035
-1.665385e+14 3.610377e+13 1.804613e+13 -7.348850e-01 1.123285e-01 6.688246e-01 6.257715e+00 0 1
-6.735658e+13 -1.555878e+14 1.752303e+13 -4.509157e-01 -8.283419e-01 3.324526e-01 -4.054897e+00 0 2643679
-1.159133e+14 8.280730e+13 1.143483e+14 -8.341294e-01 4.190947e-01 3.585915e-01 8.822290e+00 0 4747910
1.173116e+14 1.283369e+14 -1.830397e+13 8.237588e-01 2.036269e-01 5.291101e-01 -1.822182e+01 0 1803536
-1.176985e+14 7.308238e+13 1.101139e+14 -7.625562e-01 6.090772e-01 2.180204e-01 9.293325e+00 0 7390457
-1.105610e+14 2.063112e+13 1.273273e+14 -9.945368e-01 -8.954163e-02 5.365446e-02 1.366701e+01 0 758011
-5.678735e+13 -1.200917e+14 1.213057e+14 6.990330e-01 -6.094536e-01 3.740578e-01 2.766070e+01 0 5551307
7.649425e+13 1.106615e+14 -1.070198e+14 -5.571276e-01 6.624845e-01 -5.007225e-01 1.047205e+01 0 1104401
1.229958e+14 5.182037e+13 -1.121530e+14 3.922443e-01 8.682777e-01 -3.037075e-01 2.297040e+01 0 861060
2.476581e+13 1.302398e+14 -1.059160e+14 7.206910e-01 -2.538065e-01 -6.451253e-01 5.979393e+00 0 3082471
1.097011e+14 -9.813855e+12 -1.295832e+14 1.106291e-01 -4.680942e-01 -8.767263e-01 -1.310207e+01 0 1201369
-1.105391e+14 -1.303919e+14 8.724873e+13 -6.658710e-01 1.509398e-01 7.306388e-01 1.070572e+01 0 6142969
1.037173e+14 1.122893e+14 8.323693e+13 3.816341e-02 8.635509e-01 5.028155e-01 2.002647e+01 0 5323028
-1.846075e+14 2.637517e+12 -2.150553e+13 -7.532441e-01 -4.970456e-02 6.558603e-01 1.216710e+01 0 5212401
-6.702487e+13 -3.693116e+13 1.990961e+14 3.181251e-02 9.667067e-02 9.948079e-01 -1.347846e+01 0 386986
-1.121835e+14 -6.369879e+13 -1.405193e+14 3.780558e-03 2.437326e-02 -9.996958e-01 1.487603e+01 0 17128393
8.359737e+13 2.320810e+13 1.468095e+14 6.167047e-01 -3.336636e-01 7.129824e-01 -1.247735e+01 0 25040750
2.248222e+13 -4.371444e+13 -1.637802e+14 5.265937e-01 -4.544613e-01 -7.184455e-01 -1.404339e+01 0 1702534
-1.756120e+13 1.718209e+14 1.117198e+13 9.229139e-01 3.737979e-01 9.222289e-02 -2.231276e+01 0 16247786
1.002663e+13 1.314445e+14 -1.074629e+14 -9.070034e-01 -1.029832e-01 -4.083372e-01 -6.675747e+00 0 7486758
-9.891673e+12 3.582061e+13 1.699127e+14 -6.794785e-01 3.067063e-01 6.665135e-01 1.586965e+01 0 11934121
-7.948914e+13 -1.027413e+14 -1.090982e+14 -8.755925e-01 -4.829094e-01 -1.167446e-02 6.926861e+00 0 11070010
-8.835926e+13 1.363358e+14 -5.588760e+13 -3.385182e-01 -1.678331e-01 -9.258712e-01 -3.506304e+00 0 219856
1.357673e+14 -8.475523e+13 -5.872054e+13 8.408317e-01 4.840974e-01 -2.421811e-01 8.211592e-01 0 290065
-5.119267e+13 1.744214e+14 1.305781e+14 -4.779874e-02 8.155613e-01 5.766933e-01 -1.876695e+01 0 1554505
-4.910347e+13 -2.045818e+13 1.611427e+14 6.738200e-01 6.531977e-01 3.453973e-01 -1.128648e+01 0 16389807
-8.997750e+13 7.464310e+13 -1.249362e+14 8.499106e-02 8.063389e-01 -5.853154e-01 -9.483145e+00 0 479168
1.356905e+14 -9.625688e+13 -6.688139e+13 6.619786e-01 -2.645926e-02 -7.490555e-01 1.529029e+01 0 8718540
-7.621397e+13 2.015142e+13 1.593727e+14 5.045247e-01 -1.887139e-01 8.425212e-01 -3.218033e+00 0 4210118
-1.148343e+14 2.056617e+13 -1.395344e+14 -2.150018e-01 -4.038222e-01 -8.892142e-01 -1.383904e+01 0 227745
1.463610e+14 1.089810e+14 1.101683e+13 9.296638e-01 -1.230743e-01 3.472434e-01 1.062372e+01 0 252443
1.079069e+14 1.298900e+14 3.793542e+13 3.513133e-01 5.927557e-01 7.247204e-01 -7.637655e+00 0 2973637
1.110865e+14 -1.040263e+14 1.240758e+14 1.599407e-01 -3.296205e-01 9.304672e-01 -1.453094e+01 0 3012088
9.259809e+13 -3.902337e+12 -1.613967e+14 3.564852e-01 -1.262980e-01 -9.257252e-01 -7.337094e+00 0 957460
-1.402878e+14 8.352458e+13 -5.263190e+13 -1.040940e-01 1.031062e-01 -9.892085e-01 9.608876e+00 0 703131
9.639300e+13 1.380380e+14 -3.327446e+13 9.562996e-01 2.860470e-01 6.056553e-02 -1.804547e+01 0 6425632
-1.727489e+13 -1.217641e+14 -1.218613e+14 1.954855e-01 -8.472435e-01 -4.939270e-01 9.508925e+00 0 8246882
-7.857850e+13 -6.681370e+13 -1.373070e+14 -5.205137e-01 -8.538434e-01 4.111955e-03 -1.725481e+01 0 6247774
-9.673062e+13 -7.734954e+13 -1.717102e+14 1.081356e-01 -8.233671e-01 -5.571116e-01 -1.132518e+01 0 4912786
1.139481e+14 -1.244929e+14 4.176530e+13 2.769213e-01 -4.025820e-01 8.724920e-01 1.263447e+01 0 21479867
4.526164e+13 -1.301235e+14 1.215076e+14 -2.359143e-01 -4.920517e-01 8.379914e-01 1.346894e+01 0 6085642
-1.493606e+14 -7.724987e+13 3.552537e+13 -8.853793e-01 -4.299393e-01 1.767929e-01 8.054713e+00 0 2299317
-5.334528e+13 1.599056e+14 -4.821766e+13 -3.157810e-01 8.568448e-01 -4.075529e-01 1.133671e+01 0 4658811
1.020512e+14 -8.044827e+13 -1.152190e+14 -4.329878e-01 -5.160994e-01 -7.390284e-01 6.942228e+00 0 1071295
5.085850e+12 1.418871e+14 9.771284e+13 -6.143808e-01 4.967345e-01 6.130180e-01 1.318707e+01 0 9082805
9.482524e+13 -8.721215e+13 1.254899e+14 5.403842e-01 7.509553e-02 8.380606e-01 1.320889e+01 0 3206602
-1.338542e+13 7.943071e+13 -1.505503e+14 -2.864835e-01 3.818642e-01 -8.786961e-01 9.306993e+00 0 8098406
2.362359e+13 1.217131e+14 1.181879e+14 -4.019134e-01 9.155412e-01 1.580683e-02 1.702389e+01 0 597231
1.135334e+14 8.559157e+13 9.261872e+13 8.820494e-01 1.586438e-01 4.436451e-01 6.299350e+00 0 515887
-1.187700e+14 -1.020611e+14 -6.626438e+13 3.265962e-01 -8.453618e-01 4.227272e-01 1.837935e+01 0 609088
6.396164e+13 -4.805801e+13 1.497003e+14 4.938870e-01 -3.807498e-01 7.817322e-01 -6.775177e+00 0 2881653
-5.764969e+13 -1.996845e+14 -4.875852e+12 -4.085198e-01 -8.662670e-01 -2.875638e-01 1.101850e+01 0 376168
-1.517356e+14 1.738259e+13 8.679033e+13 -6.308614e-01 1.191912e-01 7.666859e-01 7.096398e+00 0 40904
-2.798178e+13 1.650486e+14 2.975642e+13 -7.538447e-01 6.305346e-01 -1.847816e-01 -6.719797e-01 0 224141
-6.775489e+13 1.520412e+14 -3.503756e+13 -4.749802e-01 6.511526e-01 5.919410e-01 4.736689e+00 0 11548804
5.166690e+13 -1.641973e+14 9.494063e+12 7.784598e-01 -4.705352e-01 -4.154479e-01 1.780435e+01 0 13327365
4.906104e+13 1.644949e+14 -1.245361e+13 -4.578152e-01 8.127995e-01 3.602253e-01 -1.704142e+01 0 5302460
1.012828e+14 -1.316431e+14 -4.248521e+13 5.978056e-01 -6.496357e-01 4.696828e-01 -8.475242e+00 0 1231057
-1.415841e+14 -9.489687e+13 1.918199e+13 -6.672794e-01 -3.766728e-01 6.425386e-01 1.023606e+01 0 6147432
-1.373841e+14 6.922854e+13 8.469666e+13 -2.770929e-01 6.354113e-01 7.207441e-01 6.350137e+00 0 2901467
1.379740e+14 -7.339324e+13 7.712294e+13 9.412080e-01 -9.920258e-02 3.229340e-01 -6.685189e+00 0 2720934
1.575492e+14 1.794429e+13 -6.549305e+13 9.473761e-01 -2.992860e-01 1.136060e-01 -8.822515e+00 0 5175702
1.203955e+14 -1.247555e+14 5.543167e+11 9.920608e-01 -1.225198e-01 -2.835982e-02 1.326301e+01 0 156007
-1.361721e+14 7.218696e+13 -7.136874e+13 -1.617777e-01 3.529088e-02 -9.861960e-01 -1.396477e+01 0 5955631
5.374033e+12 -1.037463e+14 1.404932e+14 4.350996e-01 -1.294585e-01 8.910268e-01 -6.921707e+00 0 4058935
-1.469087e+14 8.377601e+13 3.200345e+13 -3.631212e-01 9.175691e-01 1.618951e-01 7.750332e+00 0 10413654
1.231819e+14 5.098239e+13 -1.062979e+14 8.210643e-01 -2.023564e-01 -5.337652e-01 5.546148e+00 0 1481058
1.501673e+14 9.578989e+13 -7.679412e+13 3.425718e-01 8.364306e-01 -4.278182e-01 -1.109325e+01 0 13780921
1.192912e+14 -1.343150e+14 9.136799e+12 1.284313e-01 -8.191581e-01 -5.590040e-01 1.037084e+01 0 21800684
1.318575e+14 -7.449423e+11 1.082390e+14 1.898459e-03 2.980696e-01 9.545423e-01 -9.011696e+00 0 8063292
4.473262e+12 1.228770e+14 1.205454e+14 9.264711e-01 -1.067018e-01 3.609237e-01 -2.851860e+01 0 1135119
-6.086932e+13 1.566082e+14 -2.490376e+13 -5.189507e-01 6.006133e-01 6.082383e-01 -2.697893e+00 0 2222358
-5.085508e+13 -1.590201e+14 -3.103347e+13 -9.042468e-01 -8.150228e-02 -4.191601e-01 -1.726523e+01 0 1073858
1.858486e+14 2.575478e+13 -1.317902e+13 9.161680e-01 3.094120e-01 -2.547558e-01 -9.158142e+00 0 2430274
-2.145179e+13 -1.556662e+14 -6.597710e+13 -6.761598e-01 -2.011128e-01 -7.087747e-01 2.335688e+00 0 21056621
-1.175593e+14 5.528130e+13 -1.116995e+14 -1.638952e-01 -5.153560e-01 -8.411578e-01 8.442966e+00 0 11946416
-1.616400e+14 -1.128901e+13 -1.745323e+14 -7.173536e-01 -1.792135e-01 -6.732654e-01 -1.850516e+01 0 1229808
1.634003e+14 1.301031e+13 5.077086e+13 8.885894e-01 -5.804853e-02 4.550156e-01 8.879007e+00 0 2562909
1.120065e+14 -1.372988e+14 5.991454e+13 9.316980e-01 -4.361402e-02 3.606060e-01 1.927391e+01 0 31231
-7.597744e+13 -2.392940e+13 -1.516930e+14 5.069619e-01 -4.620208e-01 -7.276857e-01 7.611987e+00 0 11824411
-1.118972e+14 4.541714e+13 1.229409e+14 -4.118063e-01 3.854879e-01 8.257207e-01 1.404221e+01 0 42751
1.218963e+14 -6.739886e+13 -9.859519e+13 7.411159e-01 2.608182e-01 -6.186446e-01 1.299760e+01 0 675125
-3.832775e+12 1.606198e+14 -5.514536e+13 5.804629e-01 5.351376e-01 6.137512e-01 -1.107526e+01 0 15990872
1.257171e+14 8.705107e+13 8.093689e+13 7.183592e-01 4.343460e-01 -5.434185e-01 7.412488e+00 0 10004317
-1.789250e+13 -1.159273e+14 1.226569e+14 4.264194e-01 -8.403663e-01 3.345908e-01 7.029306e+00 0 239870
8.603760e+13 1.468520e+14 -4.254416e+13 -1.632729e-01 8.864940e-01 4.329784e-01 -7.124136e+00 0 8640399
8.361236e+13 -1.432103e+14 -5.142243e+13 2.184195e-01 -8.236823e-01 -5.232976e-01 -1.720632e+01 0 716051
2.011044e+14 1.073841e+14 8.564107e+13 6.348553e-01 4.966988e-01 5.918184e-01 2.249786e+01 0 14007143
-1.562908e+14 -7.100015e+13 -8.192657e+12 -6.011600e-01 -7.265768e-01 3.327053e-01 1.070341e+01 0 204785
4.570886e+13 1.626676e+14 -2.276157e+13 7.558013e-01 4.573078e-01 4.686511e-01 -1.602141e+01 0 1872400
1.401559e+14 6.894600e+13 -6.724372e+13 6.258812e-01 7.454613e-01 -2.292601e-01 1.208302e+01 0 1656278
-2.664815e+12 -1.721846e+14 -2.824223e+13 -7.139230e-02 -4.096146e-01 -9.094609e-01 -1.437090e+01 0 3851386
-8.416495e+13 -4.350838e+13 -1.421695e+14 -8.619249e-01 5.020096e-01 -7.121700e-02 -1.737431e+01 0 7862637
-3.434403e+13 -1.465771e+14 -8.035055e+13 4.131381e-01 -6.876240e-01 -5.970679e-01 -4.252942e-01 0 13625
3.543627e+13 -1.347913e+14 1.033552e+14 -1.709999e-02 -9.986405e-01 -4.924074e-02 1.206791e+01 0 82947
1.399051e+14 2.195728e+13 9.398295e+13 8.728188e-01 -3.459169e-01 3.442802e-01 1.895616e+01 0 1146963
1.324131e+14 -4.661143e+13 1.324130e+14 4.515368e-01 -2.016892e-01 8.691582e-01 -1.960562e+01 0 4343986
1.388149e+14 8.871229e+13 7.001903e+13 8.609983e-01 3.036587e-01 4.080113e-01 8.184310e+00 0 4732403
-1.842341e+14 3.155222e+13 -7.289080e+13 -7.885802e-01 -1.331400e-01 -6.003457e-01 -1.829866e+01 0 11483702
-8.120065e+13 8.456262e+13 1.280824e+14 -3.631783e-01 1.851391e-01 9.131402e-01 -1.674876e+01 0 683116
5.029392e+13 1.136610e+14 -1.194012e+14 -5.976578e-02 3.783680e-01 -9.237238e-01 -4.326029e+00 0 52882
1.474404e+14 -1.781310e+13 -8.263172e+13 9.061214e-01 -4.054069e-01 1.207862e-01 1.056869e+01 0 2723557
9.576672e+13 1.388262e+14 1.959966e+13 4.201399e-01 8.837854e-01 2.059270e-01 1.657067e+01 0 440158
-1.323031e+14 4.550541e+12 -1.074651e+14 -2.514594e-01 8.868828e-01 -3.875657e-01 -2.215477e+01 0 6651016
-7.391951e+13 1.512424e+14 -3.860772e+13 -9.469818e-01 2.221199e-01 -2.321383e-01 -7.851082e+00 0 5660621
-1.683257e+14 1.504736e+13 -2.088128e+13 -9.335165e-01 -2.031048e-01 2.954580e-01 1.189165e+01 0 937306
-1.569602e+14 1.770252e+13 -7.370585e+13 -7.646725e-01 -6.247169e-01 -1.581286e-01 -7.467395e-01 0 5805
-9.251658e+13 -4.150627e+13 -1.364176e+14 9.019976e-02 -4.012764e-01 -9.115049e-01 1.246567e+01 0 7928114
4.409269e+13 -1.284751e+14 1.083147e+14 2.298161e-01 3.126475e-01 9.216486e-01 -7.900110e+00 0 8495982
1.711565e+12 1.556409e+14 -7.567803e+13 -1.260169e-01 9.810673e-01 1.470599e-01 5.834722e+00 0 7731070
-3.850422e+13 -1.556938e+14 7.978335e+13 -2.684491e-01 -9.630067e-01 -2.352156e-02 -8.202237e+00 0 9968312
-1.401925e+14 1.001610e+14 -2.201021e+10 -8.555165e-01 6.526472e-02 5.136459e-01 -6.880549e+00 0 1545386
-8.035980e+13 1.179595e+14 1.040991e+14 1.147811e-02 4.650521e-01 8.852089e-01 7.881318e+00 0 9721519
6.173695e+13 1.663830e+14 1.974845e+13 6.928518e-02 9.845959e-01 1.605320e-01 1.824554e+01 0 2785920
1.108137e+14 -1.339518e+12 -1.303016e+14 7.235418e-01 -6.012466e-01 -3.391015e-01 4.464433e+00 0 2090985
7.445550e+13 -9.065688e+13 1.317243e+14 5.867297e-01 2.790816e-02 8.093018e-01 1.554806e+01 0 1927331
1.792968e+14 -6.250235e+13 -4.687187e+13 8.181879e-01 -1.294930e-01 -5.601787e-01 1.928259e+01 0 9370828
-1.686528e+14 -5.732707e+12 -2.056681e+13 -2.366987e-01 -7.017086e-01 6.719961e-01 -4.282640e+00 0 932492
-1.594810e+14 -5.207533e+13 6.834778e+13 -7.773866e-01 -1.439621e-01 6.123275e-01 -9.146645e+00 0 24495167
1.329684e+14 -4.541059e+13 -1.009808e+14 3.532839e-01 6.481441e-01 -6.746107e-01 -8.434259e+00 0 22750086
-3.613858e+12 -8.836117e+13 -1.527902e+14 -6.087092e-01 -6.298668e-01 -4.824324e-01 -1.602748e+01 0 8113380
-1.151992e+14 1.076675e+14 6.415905e+13 -1.743673e-01 2.632447e-01 9.488405e-01 1.600663e+01 0 3512355
-1.642047e+14 -5.106673e+13 -6.244333e+12 -8.299084e-01 -4.399866e-01 -3.430215e-01 6.644437e+00 0 4621504
-9.283766e+12 -7.285160e+13 -1.529538e+14 -2.946039e-01 -4.496223e-01 -8.432368e-01 -9.678372e+00 0 2568874
-1.633099e+14 -4.597116e+13 -6.292148e+12 -8.109379e-01 -4.558610e-01 3.668384e-01 -1.374847e+00 0 131562
1.446352e+14 1.213405e+13 8.871262e+13 2.356579e-01 -4.707074e-01 8.502352e-01 -4.055124e+00 0 595814
-9.460051e+13 -7.777548e+13 -1.177834e+14 -7.501305e-01 -4.859720e-01 4.484812e-01 -8.211068e+00 0 7056530
-7.977996e+13 -1.557274e+14 1.997059e+13 -8.443590e-01 -4.331708e-01 -3.153108e-01 5.135438e+00 0 4608026
-1.787700e+14 -4.425230e+13 -6.969124e+13 -2.727903e-01 -2.659714e-01 -9.245781e-01 -1.289273e+01 0 5864054
5.722268e+13 1.533472e+14 -4.861269e+13 -4.227071e-02 9.991012e-01 3.159816e-03 -5.815458e+00 0 1254079
2.045972e+14 1.557509e+13 -4.214866e+13 7.919832e-01 4.524244e-01 -4.099692e-01 -1.275982e+01 0 3743847
-1.429705e+13 -8.210225e+13 -1.509175e+14 -5.537707e-01 -7.501760e-01 -3.613502e-01 -1.465720e+01 0 58882
4.241936e+13 1.543803e+14 5.680663e+13 -7.181069e-01 5.762585e-01 -3.901905e-01 1.334864e+01 0 4995407
-4.463241e+13 1.462735e+14 7.408770e+13 4.063951e-02 9.938966e-01 -1.025571e-01 -1.224442e+01 0 422273
4.707810e+13 7.405597e+13 1.831140e+14 -2.029494e-01 5.557424e-01 8.062021e-01 1.817053e+01 0 4944533
-4.435998e+13 -5.475976e+13 1.565449e+14 1.419378e-01 6.961598e-02 9.874246e-01 1.398326e+01 0 1727510
-1.499693e+14 7.608388e+13 3.041783e+13 -2.097487e-01 9.754481e-01 -6.713008e-02 3.808477e+00 0 1447259
-1.015830e+14 -5.120702e+13 1.350786e+14 -4.927490e-01 -8.176145e-01 2.978337e-01 -8.528620e+00 0 451560
-4.969087e+13 -3.115607e+13 1.606329e+14 4.142387e-01 5.913983e-01 6.918485e-01 -1.124151e+01 0 7946766
1.607771e+14 5.943766e+13 -4.984548e+13 9.326235e-01 3.540423e-01 -6.976740e-02 -1.717448e+01 0 6943480
4.959534e+13 1.126786e+14 1.916885e+14 6.558548e-01 3.451796e-01 6.713461e-01 -1.956064e+01 0 2746652
9.370483e+13 -2.667390e+13 -1.482634e+14 7.592292e-01 -1.366827e-01 -6.363088e-01 1.462770e+01 0 10009754
-1.301135e+14 1.014787e+14 -4.172755e+13 1.159735e-01 6.237803e-01 -7.729478e-01 3.082128e+00 0 939980
-1.361555e+14 9.080135e+13 -6.738931e+13 -6.313648e-01 6.744478e-01 3.827515e-01 1.166858e+01 0 272133
-1.446098e+14 -8.680713e+13 -3.709960e+13 -8.351354e-01 -4.981597e-01 -2.332076e-01 -1.066324e+01 0 2404128
1.099774e+14 -9.551162e+13 -1.066708e+14 -3.536313e-01 -8.536557e-01 -3.823832e-01 -1.390848e+01 0 1277935
-9.536604e+13 -6.056373e+13 -1.312416e+14 1.712580e-01 1.667337e-01 -9.710152e-01 8.474947e+00 0 475782
1.452124e+14 -5.862768e+13 6.919393e+13 3.774691e-01 -7.526275e-01 -5.395081e-01 -1.178114e+01 0 26905809
-1.487952e+14 -2.825706e+13 8.706110e+13 -8.083352e-01 1.666166e-01 5.646530e-01 -1.790850e+01 0 1652811
2.383324e+13 -9.595052e+13 1.402914e+14 8.737948e-01 -3.418892e-01 3.458242e-01 -6.750740e+00 0 117647
1.670364e+14 -3.500732e+13 6.588134e+12 6.471537e-01 -9.698074e-02 -7.561659e-01 8.672389e+00 0 1302945
1.060831e+14 -4.029751e+13 1.320768e+14 5.168502e-01 -7.166974e-01 4.681994e-01 -2.238517e+01 0 6867052
-1.014143e+14 2.125796e+13 -1.407099e+14 1.132719e-01 -3.316720e-01 -9.365699e-01 1.264472e+01 0 200057
6.350019e+13 1.441224e+14 6.574170e+13 2.223264e-01 8.596098e-01 4.600456e-01 -7.114219e+00 0 483298
6.528602e+13 1.345384e+14 -8.796168e+13 -1.430885e-01 9.894013e-01 2.471158e-02 -6.545000e+00 0 166584
-1.603940e+14 5.817511e+13 -5.023766e+13 -6.907596e-01 1.476652e-01 -7.078461e-01 1.148566e+01 0 6286311
-9.604330e+13 1.570113e+14 -2.202916e+13 -5.813986e-01 8.135122e-01 1.317245e-02 7.624659e+00 0 5963496
8.530549e+13 1.479459e+14 1.738547e+11 6.579735e-01 7.313490e-02 7.494812e-01 -1.070180e+01 0 877997
-7.218498e+13 -1.397435e+14 -6.541670e+13 -6.540707e-01 -7.494270e-01 -1.027169e-01 1.485228e+00 0 3275798
1.332180e+14 8.051366e+13 8.838148e+13 2.973933e-01 4.952298e-01 8.162749e-01 -7.138410e+00 0 7428919
4.249007e+13 -5.083073e+12 1.643615e+14 3.968994e-01 -2.837469e-01 8.729024e-01 9.620782e-01 0 750433
9.366404e+13 5.798401e+13 -1.420943e+14 1.671204e-01 3.372440e-02 -9.853595e-01 -8.231555e+00 0 1678317
-9.454399e+13 -8.709666e+13 -1.155139e+14 -7.752619e-01 -4.069826e-01 -4.830467e-01 -1.483346e+01 0 2766162
1.433664e+14 6.072315e+13 -6.997536e+13 7.526049e-01 2.564155e-01 6.064957e-01 -8.829979e+00 0 2677970
6.033676e+13 -1.030872e+14 -1.323921e+14 2.253762e-01 -9.701088e-01 -8.996957e-02 7.694557e+00 0 4208113
-8.534887e+13 -1.127421e+14 -1.117776e+14 -8.660932e-01 -4.100076e-01 -2.859654e-01 9.826485e+00 0 2367337
4.212616e+13 1.647110e+14 1.509111e+13 -4.853397e-01 5.276831e-01 -6.971341e-01 1.026541e+01 0 3
-3.820968e+13 1.630468e+14 -2.971152e+13 -9.187968e-01 3.597970e-01 -1.623530e-01 1.356864e+01 0 276666
8.652467e+13 9.355521e+13 -1.382610e+14 4.525145e-01 6.372249e-01 -6.238389e-01 -1.380433e+01 0 785480
-3.398527e+13 1.478859e+14 -9.532774e+13 -7.714256e-01 5.938120e-01 -2.286698e-01 -1.211419e+01 0 573555
-7.642493e+13 9.441933e+13 -1.372742e+14 5.791533e-01 4.327001e-01 -6.909067e-01 -1.457055e+01 0 162357
-1.350008e+14 -6.668148e+13 -8.225690e+13 -9.120017e-01 -2.412631e-01 -3.317303e-01 7.214891e+00 0 6085771
3.338119e+13 -1.818811e+13 1.730675e+14 1.521655e-01 1.711139e-01 9.734299e-01 1.214843e+01 0 1579055
1.860975e+14 -9.975843e+12 -1.533236e+13 7.396107e-01 5.537204e-01 3.825829e-01 -2.124383e+01 0 3599205
6.995274e+13 2.365565e+12 1.554546e+14 3.970476e-01 -3.856052e-01 8.328636e-01 6.866796e+00 0 1093640
1.173065e+14 -8.270023e+13 -9.145332e+13 2.886433e-01 4.474526e-01 -8.464462e-01 -5.247004e+00 0 760582
-2.406762e+13 -4.285661e+13 -1.625786e+14 1.907790e-01 4.438832e-01 -8.755404e-01 -5.993794e+00 0 24906388
1.174776e+14 -6.088018e+13 -1.104547e+14 9.025218e-01 -4.215917e-01 -8.783402e-02 -2.070501e+01 0 3075758
-4.811510e+13 2.156726e+13 -1.643556e+14 -7.535936e-01 1.986338e-01 -6.266110e-01 -5.807111e+00 0 406346
1.162186e+14 1.245112e+14 1.726625e+13 7.872090e-01 4.854173e-01 3.803579e-01 2.971165e+00 0 747291
1.926183e+14 -1.624730e+14 9.747482e+13 7.361154e-01 -6.568812e-01 1.632216e-01 1.715359e+01 0 22753615
-9.909007e+13 -1.016875e+14 -9.901445e+13 -1.801237e-01 1.922462e-01 -9.646745e-01 -1.041526e+01 0 1671562
1.561680e+14 8.775190e+13 -5.620472e+13 4.770650e-01 1.746148e-01 -8.613470e-01 -1.657995e+01 0 10877007
-1.909232e+14 8.312913e+12 1.265965e+14 -9.956128e-01 -1.964945e-02 9.148234e-02 -1.500996e+01 0 9017859
1.057093e+14 -5.205096e+12 1.496076e+14 8.310641e-01 3.040422e-01 4.657154e-01 -6.668802e+00 0 4687203
1.043301e+14 -5.090949e+12 1.346793e+14 4.951764e-01 -5.832957e-01 6.438684e-01 8.672183e+00 0 555896
-9.933802e+13 -1.375065e+14 5.428310e+11 -2.912187e-01 -6.943959e-01 -6.580320e-01 -2.722972e+00 0 8708424
-1.460314e+14 1.865361e+13 8.958005e+13 -1.176776e-01 -3.081217e-01 9.440408e-01 1.586419e+01 0 5011616
-1.753209e+13 4.964731e+13 1.719232e+14 1.740102e-01 -2.494117e-01 9.526354e-01 1.326939e+01 0 7690682
-3.247873e+13 1.671367e+14 -1.511408e+13 4.129258e-02 8.164255e-01 -5.759725e-01 -1.035729e+01 0 3760464
9.229657e+13 -1.427725e+14 -2.581576e+12 7.368850e-02 -5.599684e-01 8.252305e-01 -1.629640e+01 0 4879149
1.313215e+14 1.085866e+14 -3.005151e+12 9.731544e-01 8.879826e-02 2.123330e-01 9.930853e-01 0 130472
-1.484662e+13 -1.891000e+14 2.887821e+13 -2.879937e-01 -5.051384e-01 8.135692e-01 -2.067367e+01 0 3817059
-3.212281e+13 -7.887547e+13 -1.512129e+14 1.759018e-01 -8.483871e-01 -4.992974e-01 7.713997e+00 0 2782066
-6.919693e+13 1.420915e+14 -6.228512e+13 -9.792322e-01 -1.675105e-01 1.142124e-01 1.401247e+01 0 170628
-1.723249e+14 4.810795e+12 5.557001e+13 -7.727367e-01 5.792950e-01 -2.594132e-01 1.505174e+01 0 2012096
-1.566976e+14 -6.278756e+13 -3.603692e+13 -2.379836e-01 -9.593076e-01 -1.519628e-01 -5.508203e+00 0 118236
1.480675e+14 8.852867e+13 -2.408361e+13 9.900353e-01 -6.679454e-02 -1.239698e-01 7.912051e+00 0 1444245
1.515799e+13 1.721962e+14 2.248072e+13 4.223296e-01 8.970865e-01 1.298979e-01 3.074262e+00 0 249552
-8.294841e+12 -1.658508e+14 3.551906e+13 -1.314981e-01 -9.913088e-01 3.894711e-03 1.419752e+00 0 396052
-5.258384e+13 -1.622742e+14 -3.122842e+13 -6.149434e-01 -5.426300e-01 5.721865e-01 -1.070486e+01 0 3057972
-1.147566e+14 3.594583e+13 -1.208671e+14 -2.392366e-01 6.905050e-01 -6.826190e-01 -9.091659e+00 0 8055890
1.062305e+14 -1.306206e+14 -3.085809e+13 7.577484e-01 -3.069735e-01 -5.758338e-01 1.462760e+01 0 2207554
-4.471583e+12 1.521970e+14 -8.253114e+13 5.144767e-01 7.734174e-01 3.703232e-01 1.208067e+01 0 5595797
-6.969075e+13 6.504513e+13 -1.425137e+14 9.078197e-02 5.149246e-01 -8.524150e-01 -5.832118e+00 0 71840
1.325430e+14 6.254493e+12 1.059466e+14 9.083895e-01 -4.111372e-01 7.612271e-02 -7.092010e+00 0 3180986
-8.766137e+13 -4.086331e+13 -1.522863e+14 2.641501e-01 2.890841e-01 -9.201386e-01 -1.626168e+01 0 2502482
-1.110496e+14 1.260455e+14 2.740617e+13 -9.972758e-01 -6.917680e-02 2.560270e-02 6.165644e-01 0 1080595
7.666982e+13 -2.059135e+13 1.579770e+14 -4.833795e-01 7.792726e-02 8.719355e-01 -1.753535e+01 0 1428933
-2.961424e+13 -1.412950e+14 -9.115285e+13 4.326407e-02 -8.186193e-01 -5.727047e-01 -5.416288e+00 0 5274320
-9.125676e+13 -6.290308e+13 1.401311e+14 -7.676015e-01 7.089445e-02 6.369944e-01 -1.556257e+01 0 300722
-1.531603e+13 1.292628e+14 -1.109343e+14 3.170288e-01 7.306052e-01 -6.047386e-01 4.077710e+00 0 36587
1.062678e+14 -1.067114e+14 -7.940339e+13 8.039392e-01 -5.692565e-01 -1.721302e-01 1.035428e+01 0 3145150
5.231695e+13 6.310082e+13 1.697552e+14 5.058071e-01 3.911558e-01 7.688669e-01 -1.342021e+01 0 709312
1.352238e+14 -3.683206e+13 -1.071681e+14 8.139513e-01 -1.207858e-01 -5.682378e-01 -9.145040e+00 0 1581079
-1.130565e+14 -8.200091e+13 1.008849e+14 -9.842457e-01 -1.549349e-01 8.517953e-02 2.033249e+01 0 2164373
1.690783e+13 -1.894945e+14 -6.782062e+13 1.322094e-02 -9.832665e-01 -1.816926e-01 -1.912125e+01 0 8033883
1.068743e+14 -1.058341e+14 8.025245e+13 5.720884e-01 -7.238071e-01 -3.857696e-01 -1.003823e+01 0 1914636
4.942853e+13 1.032361e+14 1.252496e+14 -5.791091e-02 5.661969e-01 8.222332e-01 7.815844e+00 0 4570631
8.571869e+13 3.069179e+13 2.127505e+14 2.356495e-01 2.235603e-01 9.457749e-01 -1.629100e+01 0 2684689
7.503554e+13 1.272294e+14 9.865884e+13 5.449466e-01 1.851506e-01 8.177728e-01 3.692906e+00 0 7653549
1.680077e+14 2.423721e+13 1.011139e+12 9.227366e-01 3.712564e-01 -1.035656e-01 3.665814e+00 0 1427876
-1.552851e+14 -6.341542e+13 -4.791745e+13 -8.917581e-01 4.167352e-02 -4.505895e-01 3.207400e+00 0 612529
-8.150196e+13 -6.347954e+13 1.345184e+14 -4.283492e-01 -7.152059e-01 5.522658e-01 5.377198e+00 0 402774
7.984215e+12 5.040097e+12 -1.823830e+14 -7.779966e-03 4.885204e-01 -8.725178e-01 -1.516915e+01 0 2296241
-1.490984e+14 8.733990e+12 -8.038290e+13 -9.994771e-01 2.468428e-02 -2.088632e-02 1.148342e+00 0 150899
1.663731e+12 -1.341986e+14 -1.040296e+14 4.946782e-01 9.304481e-02 -8.640811e-01 1.009616e+01 0 1928099
5.120515e+13 -1.345424e+14 9.849472e+13 -5.268514e-02 -6.143058e-01 7.873072e-01 -6.822158e+00 0 1441329
1.490232e+14 -1.219829e+14 -5.462397e+13 3.441138e-01 -9.328859e-01 -1.063462e-01 -2.038345e+01 0 2831116
-6.009956e+13 -3.453431e+13 -1.549888e+14 -9.282549e-01 -1.949462e-01 -3.167632e-01 4.561303e+00 0 354020
-1.679303e+14 4.074317e+13 -5.972038e+12 -9.977787e-01 1.383324e-02 6.516339e-02 1.020926e+01 0 1561179
-2.517763e+13 -3.328249e+13 -1.657959e+14 7.853054e-01 3.557145e-01 -5.067175e-01 1.714345e+01 0 3756366
-1.721626e+13 -4.730315e+13 -1.629027e+14 1.612171e-01 -2.288773e-01 -9.600126e-01 -4.089296e+00 0 686486
6.839920e+13 -1.018969e+14 -1.521241e+14 -7.012125e-03 -2.458432e-01 -9.692842e-01 9.806972e+00 0 4968143
1.474267e+14 1.128340e+14 -3.736612e+13 8.361448e-01 5.089760e-01 -2.044634e-01 8.200026e+00 0 7706899
-1.298771e+14 7.217355e+13 -9.646381e+13 -5.361180e-01 1.914367e-01 -8.221493e-01 -9.972673e+00 0 4385469
-9.269650e+13 1.460521e+14 -2.020724e+13 -5.321878e-01 7.259852e-01 4.355706e-01 -8.401257e+00 0 12989674
1.534882e+14 -1.424538e+13 -7.883133e+13 8.148604e-01 -3.012656e-01 -4.952187e-01 6.309412e+00 0 690057
-2.494897e+13 1.124273e+14 -1.304901e+14 -2.711111e-01 5.655595e-01 -7.788718e-01 1.202604e+01 0 8134484
-1.451107e+14 6.249194e+13 -9.143133e+13 -7.068022e-01 6.390221e-01 -3.034492e-01 1.258425e+01 0 15327638
-5.824161e+13 1.555407e+14 -3.748889e+13 -4.022868e-01 4.437179e-01 -8.007995e-01 -4.544894e+00 0 4831445
9.129575e+13 -9.476670e+13 1.117475e+14 9.423101e-01 -1.441690e-01 3.021044e-01 1.395932e+01 0 1728072
-1.988494e+12 -1.703907e+14 -1.735283e+13 -2.241309e-02 -9.653775e-01 -2.598923e-01 -1.417069e+01 0 5247740
-1.106301e+12 1.606251e+14 -7.310748e+13 7.906751e-01 3.242385e-01 -5.193286e-01 -1.214410e+01 0 3
5.209712e+13 -1.009605e+14 1.267077e+14 2.744611e-01 1.044900e-01 9.559042e-01 -2.451715e+00 0 8248
-3.579910e+13 -1.466498e+14 1.407151e+14 -1.111782e-01 -2.956382e-01 9.488084e-01 1.755268e+01 0 243951
2.606577e+13 -9.996688e+13 1.346088e+14 9.369984e-01 -9.521163e-02 3.361082e-01 1.155343e+01 0 477137
1.725827e+14 -5.164551e+13 2.893544e+13 8.247789e-01 -4.210367e-01 3.774491e-01 1.477139e+01 0 6155896
1.426993e+14 9.116534e+13 -9.763833e+12 4.190142e-01 8.297866e-01 -3.686208e-01 -1.069995e+00 0 1312609
-1.273834e+14 -3.760948e+13 -1.057864e+14 -8.577131e-01 -3.130699e-01 4.078180e-01 8.764895e+00 0 4385245
-8.818219e+13 -1.463219e+14 1.555270e+13 -7.871451e-01 -1.590619e-01 -5.959042e-01 1.266263e+00 0 2
1.386718e+14 -5.835990e+13 -8.326541e+13 4.503092e-01 -4.115461e-01 -7.923708e-01 -1.184395e+01 0 635921
-8.828284e+13 1.728695e+13 -1.441245e+14 2.102754e-01 -3.052297e-01 -9.287729e-01 1.040469e+01 0 4213640
1.183679e+14 -2.980240e+13 -1.285220e+14 5.769152e-01 8.098004e-01 -1.067342e-01 2.464988e+01 0 4015561
4.909259e+13 1.623419e+14 5.544043e+12 -4.244960e-01 8.491341e-01 -3.142839e-01 1.266667e+01 0 1082349
1.271454e+14 1.695062e+13 1.577811e+14 4.466144e-01 -2.388072e-01 8.622683e-01 -1.983401e+01 0 1360634
-5.998812e+13 1.639432e+14 -3.558194e+12 -2.927104e-01 3.920187e-01 8.721479e-01 8.848363e+00 0 1013222
4.716962e+13 1.193962e+14 1.114320e+14 1.887703e-01 7.962209e-01 5.748027e-01 5.444854e+00 0 1391396
-1.796296e+14 -5.216044e+13 -1.234459e+12 -8.795492e-01 -2.265060e-01 -4.184354e-01 -1.695630e+01 0 4446819
-1.278337e+14 -7.970299e+13 7.836869e+13 -7.935227e-01 3.228035e-01 -5.158678e-01 -1.576014e+01 0 2201328
1.484018e+14 -3.697509e+13 7.896713e+13 9.417307e-01 -2.657539e-02 -3.353163e-01 -2.059202e+01 0 860721
3.028713e+13 -1.112278e+14 -1.290825e+14 1.500981e-01 -2.610923e-01 -9.535730e-01 1.258314e+01 0 2994725
-9.663970e+13 -1.711596e+14 -4.453120e+13 -7.426707e-01 -5.994150e-01 2.985664e-01 -2.322103e+01 0 2882539
-1.431373e+14 -6.263138e+13 -8.229700e+13 -7.766179e-01 -4.653408e-01 -4.246441e-01 8.914833e+00 0 2206899
1.247167e+14 -5.037176e+12 1.155415e+14 2.391476e-01 -2.325741e-01 9.427182e-01 6.567719e+00 0 2837847
6.596385e+13 -5.232366e+13 1.482168e+14 2.386430e-01 3.232456e-01 9.157302e-01 1.906589e+01 0 9528131
5.563417e+13 -5.364255e+13 -1.776352e+14 -2.134425e-01 1.858016e-01 -9.591246e-01 2.186388e+01 0 2525445
-5.162198e+13 1.683010e+14 1.805505e+12 -8.874854e-01 3.267616e-01 3.249561e-01 -5.997683e+00 0 746188
1.011481e+14 1.322727e+14 -9.849568e+13 2.612602e-01 5.590419e-01 -7.869023e-01 2.112947e+01 0 702748
-9.105181e+13 1.192149e+14 7.917965e+13 -1.937603e-01 1.171691e-01 9.740269e-01 1.036735e+01 0 1753939
1.411214e+14 -1.256628e+14 -4.145475e+13 5.977611e-01 -7.287778e-01 3.340129e-01 -1.798590e+01 0 7722767
-5.515471e+13 -9.858895e+13 -1.402929e+14 -7.181801e-01 7.389389e-02 -6.919227e-01 7.166340e+00 0 633750
1.353849e+14 -6.291557e+13 8.236198e+13 9.753729e-01 4.215213e-02 -2.164969e-01 -2.818523e+00 0 19413446
-1.087933e+14 -1.282075e+14 5.687431e+13 -6.072164e-01 -4.753601e-01 6.366483e-01 -9.917343e+00 0 2203610
-5.042427e+13 1.762929e+14 7.551744e+13 7.017093e-02 7.498247e-01 6.579050e-01 -1.588897e+01 0 1693095
6.261716e+11 1.177111e+14 1.239143e+14 -3.286427e-01 7.111733e-01 6.214713e-01 6.412835e+00 0 21396610
1.139143e+14 -3.395038e+13 1.400241e+14 7.002310e-01 5.566993e-02 7.117425e-01 9.171188e+00 0 30413531
5.270712e+12 1.600277e+14 5.801219e+13 -3.434408e-01 8.570325e-01 3.841142e-01 8.034374e+00 0 3800236
8.812994e+13 -1.603712e+14 -3.837425e+13 2.129372e-01 -7.081953e-01 6.731397e-01 -1.690264e+01 0 15544620
-9.453432e+13 1.414884e+14 -2.412553e+12 -4.051912e-01 9.109522e-01 7.737016e-02 4.390159e+00 0 15736838
2.043647e+14 3.690952e+13 7.722569e+13 8.769116e-01 4.571727e-01 1.483886e-01 2.122906e+01 0 1023345
3.707772e+13 -1.195894e+14 1.199868e+14 -1.414693e-01 -8.448780e-01 5.159143e-01 8.900582e+00 0 611698
-1.397387e+14 -7.060490e+13 6.676657e+13 -7.670864e-01 -5.558733e-01 3.202863e-01 4.293939e+00 0 400937
-2.126881e+13 -1.793427e+13 -1.730329e+14 -5.470196e-01 -2.474748e-01 -7.997035e-01 -1.347511e+01 0 3653244
1.429096e+14 9.024626e+13 -6.779759e+13 8.649905e-01 3.908608e-01 -3.146733e-01 -1.468908e+01 0 406916
-1.015576e+14 1.066255e+14 -8.492409e+13 -5.525997e-01 7.462350e-01 3.711696e-01 1.143323e+01 0 1015258
1.635328e+12 1.147858e+14 1.709728e+14 3.250119e-01 6.210238e-01 7.132298e-01 -1.979327e+01 0 3503925
1.519649e+14 -8.274713e+13 3.191538e+13 5.791152e-01 -2.961289e-01 7.595612e-01 1.188217e+01 0 27832739
-1.976579e+14 -2.253796e+13 -2.823736e+12 -7.282654e-01 -5.724961e-01 3.766665e-01 -1.826339e+01 0 2795338
2.666372e+13 7.478551e+13 -1.645735e+14 3.365246e-01 5.106393e-01 -7.912008e-01 -1.914055e+01 0 11308228
-1.287333e+14 8.215557e+13 -9.321234e+13 3.446534e-02 9.677857e-01 -2.494053e-01 -1.820023e+01 0 1505819
-1.611128e+14 -7.720147e+12 -6.080415e+13 -3.170232e-01 -9.416667e-01 -1.129603e-01 -5.650258e+00 0 377031
-3.755659e+12 1.458194e+14 8.854562e+13 -6.289621e-01 7.500690e-01 2.044581e-01 -3.009566e+00 0 1326733
-1.371915e+14 9.462162e+13 3.421102e+13 -9.326322e-01 -1.148191e-02 -3.606457e-01 9.382746e+00 0 5261404
9.102305e+12 5.100934e+13 -1.619426e+14 4.154441e-01 5.212473e-01 -7.454579e-01 3.072988e+00 0 625492
4.156345e+13 -6.837016e+13 -1.618843e+14 -2.336596e-01 -8.701052e-01 -4.339587e-01 -1.427025e+01 0 275717
-9.025973e+13 1.096848e+14 -9.291056e+13 -5.103141e-01 -2.263239e-01 -8.296728e-01 -8.949653e+00 0 2593951
-4.804390e+13 -4.184101e+13 -1.572760e+14 9.409526e-03 -4.378228e-01 -8.990120e-01 5.142255e+00 0 385150
-1.379890e+13 -1.117178e+14 1.612677e+14 -3.566362e-01 2.882038e-01 8.886783e-01 1.902222e+01 0 8872034
-4.429434e+13 -1.633382e+14 2.023454e+13 -9.092349e-01 -3.871155e-01 -1.530798e-01 -9.737171e+00 0 25058
1.777776e+14 4.498620e+13 5.702174e+13 6.056264e-01 4.361710e-01 6.655610e-01 -1.952493e+01 0 24833247
3.414031e+13 -1.368646e+14 -9.804972e+13 -3.678767e-01 -5.367251e-01 -7.593371e-01 4.991484e+00 0 3
1.527596e+14 -3.971884e+13 7.377479e+13 5.595076e-02 1.259359e-03 9.984327e-01 7.405990e+00 0 6072290
-7.241616e+13 1.529495e+14 -1.541116e+13 -9.222719e-01 -7.304167e-02 3.795780e-01 -7.079654e+00 0 1746472
-1.579929e+14 -6.504108e+13 -5.947210e+13 -6.185116e-01 -6.725701e-01 -4.063162e-01 1.420407e+01 0 2881502
-1.157351e+13 1.734413e+14 -1.599897e+13 -1.638036e-01 9.774999e-01 -1.328997e-01 -1.067213e+01 0 12227516
9.495718e+13 3.451904e+13 1.389363e+14 8.499470e-01 2.181776e-01 4.795713e-01 2.289443e+00 0 244646
-1.543291e+14 -8.935328e+13 4.870641e+13 -7.380877e-01 -4.686949e-01 -4.853367e-01 -6.369747e+00 0 29784
-1.147140e+14 -1.257643e+14 -2.178656e+13 9.261469e-02 -9.737480e-01 -2.079361e-01 -1.171539e+01 0 4743268
-4.677428e+13 -1.664269e+14 -2.174110e+13 -6.611117e-01 -7.152820e-01 2.265016e-01 -1.060919e+01 0 5332647
-3.031663e+13 -1.639788e+14 -4.128742e+13 2.852057e-01 -4.052471e-01 -8.685807e-01 -9.503983e+00 0 2273188
1.272738e+14 1.226450e+14 -6.767010e+11 7.768051e-01 2.988633e-01 5.543055e-01 -1.355881e+01 0 697392
-1.111288e+13 1.416104e+14 -9.482214e+13 -1.557802e-02 1.902351e-01 -9.816150e-01 -3.174471e+00 0 716846
-4.329199e+13 1.667250e+14 -5.995474e+12 -6.105240e-01 7.540522e-01 2.422099e-01 1.263876e+01 0 7025603
-1.631097e+13 3.909866e+13 -1.654574e+14 -8.871251e-01 1.306543e-02 -4.613440e-01 1.275423e+01 0 10130322
-1.229285e+14 -1.594050e+14 6.442746e+12 7.575908e-02 -9.313829e-01 3.560709e-01 2.604798e+01 0 1507006
1.607480e+14 2.504575e+13 5.554844e+13 8.385409e-01 2.215804e-01 4.977462e-01 -6.492104e+00 0 8816454
-9.020549e+13 -1.444506e+14 2.730947e+12 1.887344e-01 -9.691491e-01 1.585224e-01 1.184796e+01 0 2438019
-1.603536e+14 -2.696670e+12 5.548753e+13 -9.431902e-01 1.475902e-01 -2.976733e-01 1.972456e+00 0 900607
-8.957287e+13 1.506297e+13 1.434523e+14 4.425255e-01 -4.497169e-01 7.758389e-01 -2.535596e+00 0 12461251
1.467022e+14 4.487900e+13 -8.730197e+13 4.412364e-01 3.435117e-01 -8.290417e-01 -1.212579e+01 0 7326079
-1.668263e+14 6.029795e+13 3.569496e+13 -9.228129e-01 -3.822051e-01 4.832838e-02 -1.625441e+01 0 2963518
-4.474302e+13 1.106300e+14 1.216833e+14 -4.371160e-01 8.967855e-01 6.859634e-02 -2.303149e+00 0 1432894
-6.923259e+13 4.313187e+13 -1.493171e+14 -5.927464e-01 -5.482980e-01 -5.899330e-01 7.571091e+00 0 1385635
-3.447052e+13 1.552541e+14 6.075284e+13 8.442065e-01 4.099417e-01 3.453450e-01 -1.253509e+01 0 5281208
-7.780271e+13 -5.503912e+13 1.841971e+14 2.592395e-01 7.818052e-02 9.626436e-01 1.393656e+01 0 1281691
-6.105642e+12 -1.327480e+14 1.134575e+14 -1.969078e-01 -9.256117e-01 3.232186e-01 -9.997043e+00 0 7578780
4.925664e+13 1.618621e+14 3.266784e+13 2.378347e-01 9.384954e-01 -2.503218e-01 -1.028494e+01 0 15392109
-9.565096e+13 1.440048e+14 2.353416e+13 -4.389583e-01 8.877534e-01 1.385987e-01 1.293169e+01 0 6345031
-9.680494e+13 -2.611461e+13 -1.421367e+14 -4.872126e-01 2.826573e-01 -8.262740e-01 8.669610e+00 0 873855
7.407628e+13 1.394180e+13 1.625011e+14 5.139238e-01 2.627819e-01 8.165954e-01 -1.553700e+01 0 685611
-5.138099e+13 5.871723e+13 1.585891e+14 -2.676940e-01 -2.533007e-01 9.296121e-01 -1.229416e+01 0 1194259
-1.482638e+14 1.499518e+13 -8.159718e+13 -3.797443e-01 -8.920686e-01 -2.449651e-01 1.672479e+01 0 8353183
-5.761308e+13 -1.621175e+14 -1.824590e+12 -1.197860e-01 -8.529134e-01 5.081240e-01 -4.241857e+00 0 7
5.419116e+13 -7.991633e+13 1.622657e+14 6.728320e-01 1.335885e-01 7.276340e-01 -1.228845e+01 0 82562
-1.526056e+14 5.644844e+13 4.828614e+13 -8.517785e-01 -4.851026e-01 1.978605e-01 -1.072696e+01 0 257980
1.683875e+14 1.162353e+13 -4.498245e+13 9.521735e-01 -2.710321e-01 1.410929e-01 -1.835140e+01 0 3661202
1.345983e+14 4.510404e+13 9.282525e+13 9.572680e-01 1.510586e-01 -2.466158e-01 5.383340e+00 0 7725347
-2.019191e+13 -1.564279e+14 -1.180588e+14 1.301924e-01 -9.094441e-01 -3.949194e-01 1.649899e+01 0 4891407
5.726722e+13 1.310654e+14 9.172180e+13 2.797389e-01 7.791310e-01 5.609822e-01 4.538157e+00 0 2396083
-7.113771e+13 1.097450e+14 1.148946e+14 -9.224215e-01 3.854994e-01 -2.299620e-02 1.362253e+01 0 956605
-1.142978e+14 -5.908306e+13 1.140301e+14 -8.791995e-01 4.238636e-01 2.175957e-01 -2.329436e+01 0 6737759
1.314773e+13 1.367962e+14 1.021147e+14 2.198015e-01 9.464687e-01 2.363988e-01 1.369722e+01 0 13260298
1.210333e+14 -5.491761e+13 -1.196018e+14 -2.920850e-01 -5.418652e-01 -7.880790e-01 -1.647631e+01 0 324194
-1.454819e+14 -5.805402e+13 -1.021577e+14 -8.575176e-01 -1.243225e-01 -4.992069e-01 -1.342132e+01 0 14361194
1.145785e+14 1.188499e+14 -4.263604e+13 6.815951e-01 7.308540e-01 -3.578469e-02 8.170235e+00 0 7143530
7.067747e+13 3.830193e+13 1.506884e+14 6.289241e-01 -2.546949e-01 7.345645e-01 9.641268e+00 0 1152009
1.131615e+14 -1.369820e+14 -9.349610e+13 1.590203e-01 -9.111880e-01 -3.800644e-01 -1.562698e+01 0 2400193
3.623829e+13 -1.543306e+14 -6.491560e+13 1.279256e-02 -4.926958e-01 -8.701076e-01 6.978130e+00 0 27867457
9.132346e+13 -7.229964e+13 1.233076e+14 9.531927e-01 2.203450e-01 -2.070550e-01 9.796544e+00 0 71417
-4.239027e+13 -1.632105e+14 2.661344e+13 -9.409447e-01 -3.280602e-01 8.366364e-02 -3.013257e+01 0 14283633
9.701197e+13 -1.418582e+14 -9.976486e+12 4.075964e-02 -5.917058e-01 8.051229e-01 9.972195e+00 0 1264288
6.598536e+13 1.254082e+14 -9.805384e+13 4.129653e-01 8.546348e-01 -3.147364e-01 -1.123319e+01 0 3969661
-2.527026e+13 5.847006e+13 1.590129e+14 -2.463465e-01 -7.061099e-01 6.638691e-01 -1.021632e+01 0 7963002
1.278699e+14 -1.118405e+14 -2.651470e+13 2.002014e-02 -9.117154e-01 4.103343e-01 -1.097288e+01 0 2
1.341779e+14 -1.182447e+14 2.935719e+13 9.946286e-01 3.149898e-02 9.859910e-02 -8.902512e+00 0 1264774
1.769705e+14 -6.549262e+12 4.396153e+13 4.592695e-01 2.296311e-01 8.581032e-01 1.957134e+01 0 898029
1.166701e+14 8.274645e+13 -9.134772e+13 2.875003e-01 4.858648e-01 -8.253963e-01 -1.217832e+01 0 539265
6.666197e+12 -1.461775e+14 9.073267e+13 3.405660e-01 -6.718758e-01 6.577216e-01 -1.775001e+01 0 292750
1.314064e+14 -1.068237e+14 -3.162195e+13 -1.813345e-01 -9.452560e-01 2.713095e-01 4.902013e+00 0 1763376
1.201348e+12 1.652005e+14 9.294841e+13 2.872038e-01 8.254732e-01 4.859095e-01 1.453718e+01 0 27
9.602607e+13 -5.900785e+13 -1.270272e+14 6.876786e-01 5.382705e-02 -7.240172e-01 -3.988002e+00 0 452222
-1.724768e+14 -8.389592e+13 8.556503e+12 -8.855367e-01 -3.775534e-01 -2.706995e-01 -1.509092e+01 0 2036605
-1.326052e+14 -7.702914e+13 -7.731528e+13 -3.071624e-01 7.911606e-02 -9.483627e-01 -9.780078e+00 0 16913163
-1.756985e+14 2.334437e+13 4.148573e+13 -9.453573e-01 4.533693e-02 3.228686e-01 8.828510e+00 0 1490664
8.852126e+13 1.529115e+14 4.971407e+13 5.144282e-01 6.916722e-01 -5.069055e-01 1.254685e+01 0 740132
2.249653e+14 -9.823140e+12 -3.681371e+13 8.431550e-01 -2.369083e-01 4.826636e-01 1.573167e+01 0 2161665
-1.246402e+14 1.186431e+14 1.716340e+13 -8.875931e-01 4.203871e-01 1.882903e-01 1.705421e+01 0 4104210
-9.718199e+13 -1.222774e+14 -6.744136e+13 1.418183e-01 -9.892024e-01 -3.696259e-02 8.825566e-02 0 258355
9.375309e+13 1.620821e+14 8.155010e+13 1.834259e-01 9.356191e-01 -3.016155e-01 -1.752816e+01 0 15106950
9.434206e+13 -1.336061e+14 4.515035e+13 2.430245e-01 -6.363251e-01 7.321404e-01 -7.538654e+00 0 134154
-1.679138e+14 4.216081e+13 -4.273818e+13 -9.734230e-01 1.393255e-01 1.817580e-01 -1.200808e+01 0 7320901
1.275200e+14 8.728278e+13 -9.916599e+13 9.397837e-02 4.889440e-01 -8.672380e-01 -1.059192e+01 0 4079140
-1.909722e+13 -8.496158e+13 1.495044e+14 -8.853326e-01 6.496634e-02 4.603971e-01 -2.089461e+01 0 6715707
1.847863e+14 -3.270305e+13 4.129355e+13 8.766007e-01 -2.081102e-01 -4.338909e-01 -1.648364e+01 0 13828548
1.635728e+14 4.154520e+13 1.703880e+13 7.890652e-01 1.372062e-01 5.987910e-01 -2.206672e+00 0 1508093
1.744823e+13 -1.133162e+13 -1.705611e+14 -1.888875e-02 -1.920854e-01 -9.811964e-01 -8.396385e+00 0 5399782
1.429038e+14 1.008797e+14 2.621997e+12 9.654680e-01 -1.214245e-01 2.304941e-01 9.220816e+00 0 5166483
1.616976e+14 -4.275952e+13 -3.507037e+13 7.588604e-01 -6.069007e-01 2.362254e-01 -8.104726e+00 0 17678891
5.043030e+13 -1.288901e+14 9.893084e+13 -2.137104e-01 -8.433689e-01 -4.930079e-01 -1.205841e+01 0 6604994
2.437372e+13 1.293649e+14 -1.071091e+14 -1.568840e-01 -2.693519e-02 -9.872497e-01 7.215461e+00 0 2586552
-1.554532e+14 -3.040199e+12 -1.349206e+14 -6.489922e-01 4.418294e-01 -6.193512e-01 1.201454e+01 0 3272978
4.410099e+13 -1.639690e+14 -8.348007e+13 -2.325096e-02 -9.041704e-01 -4.265387e-01 1.464072e+01 0 4619259
-6.745230e+13 7.784818e+13 -1.372019e+14 -2.208802e-01 2.385262e-01 -9.456835e-01 -6.345432e+00 0 16291699
-1.070767e+14 3.262377e+13 1.300178e+14 -8.905965e-01 -3.117374e-01 3.311459e-01 -3.773415e+00 0 455236
-1.278107e+12 6.509042e+13 -1.618674e+14 -8.419667e-04 9.795176e-01 -2.013568e-01 1.335035e+01 0 13224312
2.553337e+13 2.946505e+13 1.654751e+14 5.223050e-01 -2.302832e-01 8.210768e-01 6.013172e+00 0 2273799
-9.614582e+13 -1.361430e+14 4.891233e+13 -1.845817e-01 -8.974435e-01 4.006554e-01 7.033998e+00 0 837031
-6.411106e+13 -1.698915e+14 3.141440e+13 -9.027153e-01 -4.174160e-01 1.042543e-01 9.090714e+00 0 11874968
-1.395380e+14 -4.591333e+13 8.744842e+13 -3.482343e-01 -4.006930e-01 8.474538e-01 1.040477e+01 0 2837037
-9.417528e+13 -5.353048e+13 -1.320438e+14 -6.910842e-01 4.090479e-01 -5.958880e-01 1.090980e+01 0 3011438
-1.643307e+14 -4.742791e+13 -2.560182e+13 -8.992281e-01 -1.815482e-01 3.980315e-01 6.976795e+00 0 135598
-1.051612e+14 1.662706e+13 1.323288e+14 -8.402325e-01 -3.791069e-01 3.876691e-01 9.790789e+00 0 2032153
-7.167746e+13 -1.350983e+13 1.552262e+14 -1.574221e-01 -4.182554e-01 8.945841e-01 7.241486e+00 0 564369
9.767315e+13 -1.478432e+14 -6.354546e+13 6.123791e-01 -5.304758e-01 -5.861631e-01 2.158595e+01 0 13050858
4.396391e+13 -8.572806e+13 1.806466e+14 5.073075e-01 1.904674e-02 8.615546e-01 -1.217669e+01 0 10368435
-7.199102e+13 2.419333e+13 -1.523388e+14 -8.708684e-01 4.280699e-01 -2.415457e-01 -1.135262e+01 0 4645609
6.916208e+13 1.353018e+14 -8.734348e+13 3.458699e-01 6.871031e-01 -6.389549e-01 5.322003e+00 0 875496
-8.364808e+13 2.799892e+13 -1.509732e+14 -6.347769e-01 5.911797e-01 -4.975588e-01 4.698031e+00 0 1066087
1.550285e+14 7.518086e+13 -5.533941e+12 1.653386e-02 9.994996e-01 2.696457e-02 1.450026e+01 0 6852325
-1.506757e+14 4.598155e+13 6.320756e+13 -8.510335e-01 5.176374e-01 8.828130e-02 -1.273040e+01 0 12727242
1.517895e+14 7.593927e+13 -2.939968e+13 6.667833e-01 -5.436404e-01 5.097598e-01 7.272721e-01 0 2840107
-1.707132e+14 2.980946e+13 4.375944e+13 -7.985748e-01 5.439124e-01 2.577549e-01 9.893553e+00 0 21117179
-1.344762e+14 -6.181405e+13 -8.879858e+13 -1.038087e-01 2.841265e-01 -9.531505e-01 5.382838e+00 0 5156823
1.500612e+14 -7.947941e+13 -4.322937e+12 9.735646e-01 -1.818201e-01 -1.382512e-01 -3.825112e-01 0 2304058
-1.610229e+13 -1.566101e+14 6.764949e+13 -3.344904e-01 4.964691e-02 9.410905e-01 -1.417701e+01 0 671480
-1.294730e+14 -1.555075e+13 1.137740e+14 -8.247740e-01 4.663823e-01 3.197427e-01 5.133740e+00 0 267519
-1.687832e+14 3.690636e+13 -3.694179e+13 -8.421013e-01 2.028388e-01 -4.997217e-01 1.230390e+01 0 7116976
1.235819e+14 -3.160174e+13 1.200082e+14 5.994603e-01 -7.769382e-01 1.923914e-01 6.693910e+00 0 16600397
1.101993e+14 -1.304033e+14 -8.146701e+12 -4.781467e-02 -9.988224e-01 8.215052e-03 3.548305e+00 0 5397106
1.356462e+14 8.703745e+13 -5.376180e+13 6.629885e-01 6.556444e-01 -3.613539e-01 1.448047e+01 0 4021347
3.624272e+13 -1.700426e+14 3.179888e+13 5.504781e-02 -7.955794e-01 6.033433e-01 -1.066506e+01 0 1815534
-1.376054e+14 -3.875510e+13 9.371006e+13 -9.990075e-01 3.841742e-03 4.437638e-02 6.036221e+00 0 2878589
-1.060270e+14 -5.399423e+13 1.328882e+14 -9.626541e-01 -1.827122e-01 1.997833e-01 1.400124e+01 0 21355714
7.578041e+13 -1.518321e+14 -1.305505e+13 3.055272e-01 -9.503833e-01 5.852121e-02 -1.161128e+01 0 4296438
-1.390487e+14 -8.272582e+13 5.161423e+13 -6.748095e-01 -7.020814e-01 2.274067e-01 1.069520e+01 0 439016
-1.385936e+14 -6.130631e+13 -1.134255e+14 -9.797643e-01 -6.860449e-02 -1.880300e-01 1.051887e+01 0 194602
-1.223192e+14 3.146582e+13 1.214400e+14 -5.423883e-01 1.291490e-01 8.301418e-01 1.126286e+01 0 316332
-5.914964e+12 -4.337308e+12 -2.098663e+14 -9.518868e-02 -4.442199e-01 -8.908467e-01 1.443110e+01 0 4681533
-1.545968e+14 6.092734e+13 3.633226e+13 1.021963e-01 7.273523e-01 6.786122e-01 -1.455631e+01 0 38834797
9.184109e+13 1.286067e+14 -6.159037e+13 2.610839e-01 5.592899e-01 -7.867846e-01 -1.462336e+01 0 988245
-9.698854e+13 -5.675412e+13 -1.804123e+14 -4.952114e-01 1.285785e-01 -8.592050e-01 2.138662e+01 0 2138501
-1.550258e+13 1.582622e+14 6.747247e+13 -3.163865e-01 8.707993e-01 3.763085e-01 7.422788e+00 0 1325363
-7.366513e+13 1.316462e+14 -8.088874e+13 -7.049133e-01 5.100660e-01 -4.928792e-01 6.510948e-01 0 803893
8.024181e+13 1.299350e+14 -9.070434e+13 8.304081e-01 3.444546e-01 -4.379194e-01 -1.342451e+01 0 5681621
3.681214e+13 1.482717e+14 -7.401673e+13 -6.041777e-01 6.507114e-01 -4.599391e-01 2.262301e+00 0 14372834
9.845293e+13 8.541273e+13 1.287980e+14 6.224898e-01 7.025955e-01 3.447695e-01 -1.104016e+01 0 897756
1.220946e+14 -9.820158e+12 1.222027e+14 8.009607e-01 4.100624e-03 5.987028e-01 6.580905e+00 0 2376731
-1.877396e+13 -7.382670e+13 1.526150e+14 2.451994e-01 -8.699997e-01 4.277590e-01 -1.133196e+01 0 2040678
-1.100432e+14 -1.465297e+14 5.283519e+13 -6.306215e-01 -3.630608e-01 6.859324e-01 9.645581e+00 0 1417591
1.123133e+14 9.514875e+13 8.531355e+13 2.696047e-01 6.596953e-01 7.015094e-01 -2.807565e+00 0 10483696
1.660095e+14 -5.044332e+13 -9.604061e+12 5.609855e-01 1.596085e-01 -8.122933e-01 1.254920e+01 0 1387468
-3.590725e+13 -1.184948e+14 1.252810e+14 2.562559e-02 -9.966386e-01 -7.781301e-02 -9.256391e+00 0 7651729
6.720170e+13 -5.794268e+13 1.558131e+14 -3.007074e-01 -7.985137e-01 5.214892e-01 -1.438582e+01 0 9014316
1.070633e+14 1.091380e+14 -9.170112e+13 2.431311e-01 3.389957e-01 -9.088285e-01 1.769060e+01 0 6660361
-6.925412e+11 -1.225704e+14 1.420469e+14 2.682475e-01 -2.604699e-01 9.274690e-01 1.395508e+01 0 7842074
9.811765e+13 1.366757e+14 1.227437e+14 6.236795e-01 7.630374e-01 1.696991e-01 1.750805e+01 0 1704341
2.834008e+13 -2.184602e+14 -8.163835e+13 7.075962e-01 -6.863893e-01 -1.678614e-01 3.506705e+01 0 3546413
-4.711314e+13 1.738961e+14 2.296902e+13 3.360030e-01 9.019060e-01 2.714177e-01 1.726956e+01 0 25284067
-6.052030e+13 1.250374e+14 9.743246e+13 -2.610719e-01 9.397424e-01 -2.207391e-01 -1.385516e+00 0 878735
-1.078401e+14 -1.306362e+14 -9.980287e+12 -9.515513e-01 2.762048e-01 1.351338e-01 -1.123818e+00 0 3038752
-7.830804e+13 -4.964559e+13 1.473886e+14 -2.647342e-01 -3.640950e-01 8.929449e-01 -6.669014e+00 0 3527573
7.692657e+13 1.380178e+14 7.330242e+13 2.112512e-01 6.060200e-01 7.668851e-01 -4.988875e+00 0 1
1.628973e+14 1.162393e+13 6.626811e+13 8.728779e-01 1.087224e-02 4.878175e-01 -1.388320e+01 0 8456795
1.513736e+14 -4.833514e+13 5.940704e+13 1.154136e-01 -9.634575e-01 2.417217e-01 3.023622e-01 0 922950
1.305154e+13 -5.586796e+13 1.637789e+14 -3.813241e-02 -8.626269e-01 5.044014e-01 1.212172e+01 0 5406873
5.043009e+13 9.910066e+13 1.303097e+14 -3.242891e-01 9.459057e-01 9.946572e-03 -3.720189e+00 0 1735649
1.548781e+13 1.793574e+14 4.430786e+13 -6.995889e-01 7.097522e-01 -8.262667e-02 -9.236618e+00 0 7825615
1.076732e+13 -1.985390e+13 -2.038111e+14 -1.144136e-01 1.377174e-01 -9.838412e-01 1.933710e+01 0 8316329
1.133315e+14 1.095455e+14 -7.159630e+13 9.359591e-01 -1.815119e-01 3.017184e-01 -2.085135e+01 0 1208258
-1.355838e+13 1.151176e+14 1.244599e+14 -8.329358e-01 1.914737e-01 5.191877e-01 -1.694624e+01 0 4174521
1.269191e+14 -1.034730e+14 -5.104240e+13 4.392137e-01 -8.980403e-01 -2.479786e-02 -1.958742e+01 0 211167
5.410687e+12 9.873898e+13 -1.435242e+14 8.095265e-01 5.862919e-01 -3.047499e-02 1.337346e+01 0 1234298
2.809147e+12 1.324404e+14 1.085366e+14 -3.705298e-01 3.905619e-01 8.427153e-01 -3.966837e+00 0 844148
1.040760e+14 -8.783308e+13 1.149081e+14 8.876415e-01 -4.797185e-02 4.580297e-01 1.027910e+01 0 4323205
9.775332e+13 -1.230773e+14 6.451673e+13 2.862764e-01 -8.812931e-01 -3.759896e-01 3.064343e+00 0 646824
-8.567490e+13 2.503414e+13 1.445825e+14 5.858426e-02 5.485309e-01 8.340753e-01 3.812878e+00 0 299935
8.710771e+13 6.121878e+13 -1.362591e+14 8.840937e-01 -5.974117e-02 -4.634752e-01 -1.045298e+01 0 147630
-1.466482e+14 -1.397944e+14 -4.276775e+13 -9.038675e-01 -4.239018e-01 -5.771325e-02 -2.196654e+01 0 7704053
-5.574222e+13 1.263699e+14 1.000377e+14 -9.709941e-01 -5.837597e-03 2.390322e-01 1.857995e+01 0 983473
1.226350e+14 -1.178134e+14 -9.806721e+12 8.438140e-01 9.446845e-02 5.282553e-01 -1.302552e+00 0 3555382
1.730759e+14 -1.724482e+13 4.435955e+13 8.525654e-01 -2.815107e-01 4.403225e-01 1.322394e+01 0 88250
-1.237651e+14 5.371865e+13 1.160595e+14 -9.472989e-01 -2.680399e-01 1.754408e-01 -8.985216e+00 0 2215455
5.693178e+13 1.525508e+14 6.868271e+13 -4.760601e-01 5.673496e-01 6.719235e-01 -1.058209e+01 0 3128186
-9.639300e+12 -1.682836e+14 -4.453518e+13 -7.975609e-01 -3.371897e-01 -5.001997e-01 4.918067e+00 0 2178710
5.895154e+13 -8.697072e+13 -1.504649e+14 3.723225e-01 -2.317218e-01 -8.987107e-01 1.879686e+01 0 313558
-1.611886e+14 6.825065e+13 -2.899342e+12 -9.487435e-01 1.100429e-01 -2.962706e-01 -6.783363e+00 0 21016810
-8.173996e+13 -1.141669e+14 -1.590866e+14 -1.876200e-01 -8.084826e-01 -5.578124e-01 -1.415221e+01 0 3203278
1.639882e+14 -2.557967e+13 -3.798340e+13 9.166782e-01 1.215193e-02 -3.994414e-01 -1.375735e+01 0 15638710
-5.277906e+13 -1.140546e+14 1.369555e+14 -2.321581e-01 -1.310217e-01 9.638132e-01 7.719662e+00 0 88557
4.575994e+13 4.191888e+13 -1.579456e+14 -2.575626e-01 3.029374e-01 -9.175459e-01 -1.679647e+00 0 4785385
3.139183e+13 -1.562934e+14 -6.926603e+13 6.018266e-01 -6.559069e-01 4.556213e-01 -1.492876e+01 0 17095770
9.149660e+13 8.451799e+13 1.157296e+14 9.109815e-01 9.260939e-03 4.123431e-01 -9.809050e+00 0 17073075
1.321317e+14 -5.837501e+12 1.222416e+14 2.886199e-01 -1.249387e-01 9.492570e-01 -1.399669e+01 0 2342099
-8.509337e+13 -1.220223e+14 8.483303e+13 -8.182119e-01 -5.730790e-01 -4.593306e-02 -1.098373e+01 0 56561
-5.613099e+13 9.447649e+13 -1.300513e+14 -4.775023e-01 -2.985816e-01 -8.263417e-01 -2.299687e+00 0 1977125
-1.471753e+14 9.740129e+13 1.091139e+14 -4.553852e-01 3.222842e-01 8.299140e-01 1.707343e+01 0 2806074
-1.616919e+14 -5.322927e+13 -6.083741e+12 -8.986237e-01 1.861555e-01 3.972676e-01 -1.236570e+01 0 4675662
-1.600026e+14 4.130517e+13 -4.651463e+13 -1.908700e-01 3.840060e-01 -9.033870e-01 -1.434090e+01 0 301756
2.948546e+13 -1.676438e+14 8.592581e+12 -2.763292e-01 -6.634628e-01 6.953124e-01 1.543268e+01 0 8976809
1.034967e+14 -1.405258e+14 2.363651e+13 6.352026e-01 -3.173918e-01 7.041165e-01 1.604952e+01 0 14808167
7.646761e+13 1.335062e+14 -7.350092e+13 2.261110e-01 6.907525e-01 -6.868295e-01 1.013528e+01 0 3963179
-8.641254e+13 1.263795e+14 1.220704e+14 -1.975385e-01 1.505227e-01 9.686699e-01 -2.253884e+01 0 2460525
1.318184e+14 8.589945e+13 7.775238e+13 7.600048e-01 5.302047e-01 3.758666e-01 -1.566404e+01 0 1503675
-1.640648e+14 -2.674716e+13 3.527022e+13 -7.420316e-01 2.350952e-01 -6.277893e-01 -1.570102e+01 0 214244
-1.202695e+14 1.282753e+14 2.011764e+13 -6.202328e-01 7.817432e-01 -6.472074e-02 1.552890e+01 0 1525346
-7.893438e+13 1.278021e+14 -9.660277e+13 -9.524121e-01 2.708508e-01 -1.398249e-01 1.969629e+01 0 545923
1.422037e+14 -3.290146e+13 9.841347e+13 8.794033e-01 -4.491674e-01 -1.577925e-01 -1.068167e+01 0 2113205
1.705745e+14 -1.516843e+13 4.132770e+13 6.019599e-01 -6.406390e-01 4.766822e-01 1.144770e+01 0 19120197
1.005582e+14 4.966816e+13 -1.353776e+14 5.355457e-01 6.979341e-01 -4.754773e-01 -1.233288e+01 0 24348254
1.634294e+14 -4.656267e+13 2.740464e+13 -1.385571e-01 -8.004496e-01 5.831658e-01 -2.228740e+01 0 276482
-1.167649e+14 -1.057147e+14 -6.695859e+13 -5.056997e-01 -8.540024e-01 -1.222603e-01 -3.913934e+00 0 10235
1.059415e+14 1.211436e+14 -5.438560e+13 5.200122e-01 6.433988e-01 -5.618055e-01 1.287450e+01 0 3045637
-1.662332e+14 1.728736e+13 5.328948e+13 -9.436577e-01 8.547876e-02 -3.196928e-01 -1.350276e+01 0 30246778
4.123068e+13 -1.645213e+14 1.438200e+13 -6.009445e-01 -6.256974e-01 -4.973616e-01 7.573288e+00 0 6747
-1.370124e+14 -7.797304e+13 -6.561584e+13 -1.460733e-01 -1.972343e-01 -9.694128e-01 -8.815382e+00 0 2371692
4.660711e+13 -6.944077e+13 -1.688710e+14 -4.831139e-01 -5.993935e-01 -6.382228e-01 1.111880e+01 0 3337554
-3.212244e+13 -1.386692e+14 -9.258887e+13 -2.509377e-01 -4.603477e-01 -8.515341e-01 -1.036292e+01 0 2078739
1.683096e+13 4.574042e+12 1.744733e+14 -5.083874e-01 -5.340304e-01 6.755396e-01 -8.642061e+00 0 14236623
-3.934899e+12 -1.690461e+14 2.207981e+13 -8.222118e-01 -5.682096e-01 -3.325094e-02 4.304930e+00 0 14236227
-4.310637e+13 -2.871545e+13 -1.687564e+14 -3.888462e-01 6.480720e-01 -6.548292e-01 9.241940e+00 0 487546
-6.106454e+13 1.660201e+14 1.544552e+13 -9.303081e-01 2.968097e-01 2.154784e-01 -4.989939e+00 0 5727886
1.613438e+14 -2.218310e+13 -8.725394e+13 7.883250e-01 -4.110509e-01 -4.578001e-01 -1.788280e+01 0 6753692
1.588243e+14 -4.634434e+13 -3.987973e+13 2.797925e-01 -9.186981e-01 2.787652e-01 -1.550604e+01 0 940571
8.765895e+13 -9.621519e+13 1.094030e+14 4.300973e-01 -8.781945e-01 -2.092625e-01 1.320713e+01 0 3492452
1.988606e+13 -1.688513e+14 -5.096495e+12 5.718331e-01 -3.364862e-01 -7.481871e-01 -5.332506e+00 0 4210788
9.568891e+13 1.285896e+14 -5.565792e+13 1.825467e-01 9.282648e-01 -3.240389e-01 1.904502e+01 0 839355
-1.708489e+14 1.473892e+13 -9.448106e+12 -5.396613e-01 4.136331e-01 -7.332622e-01 -1.403245e+01 0 825210
-7.219772e+13 -2.113251e+14 -1.638679e+14 -3.076397e-01 -8.466062e-01 -4.342992e-01 2.139527e+01 0 8051043
-8.092061e+13 -1.083090e+13 1.568774e+14 -7.001505e-01 -4.863158e-01 5.227679e-01 -9.295125e+00 0 1048959
5.091229e+13 -3.062820e+13 1.596543e+14 -4.202345e-02 9.027586e-01 4.280898e-01 -7.548785e+00 0 3995894
-3.696673e+13 -9.975350e+13 -1.469641e+14 -1.962310e-01 -4.800524e-01 -8.550106e-01 1.575427e+01 0 19507020
1.858914e+14 1.013433e+14 5.924607e+13 9.819914e-01 8.623527e-02 1.680966e-01 1.981664e+01 0 2379147
1.553392e+14 -6.520682e+12 8.433591e+13 9.790346e-01 -6.509738e-02 1.930121e-01 -8.548080e+00 0 3239845
1.105393e+14 1.445375e+14 -7.493073e+12 5.723903e-01 7.869846e-01 -2.302707e-01 -1.097047e+01 0 1699433
-9.554528e+13 -5.533409e+13 1.290762e+14 -8.497769e-01 4.385605e-01 2.924788e-01 -9.193560e+00 0 712641
6.125255e+13 -6.318150e+12 1.639855e+14 2.025809e-01 -3.593712e-01 9.109409e-01 -2.259752e+01 0 1209117
1.065658e+14 -5.842117e+13 -1.259186e+14 -1.309247e-01 -2.921855e-01 -9.473576e-01 1.908977e+01 0 12524833
-8.168144e+13 1.554090e+14 5.327801e+13 -4.372751e-01 6.545030e-01 6.167790e-01 -1.984013e+01 0 463692
-7.707661e+13 -1.132932e+14 -1.245305e+14 -2.409251e-01 -2.501414e-01 -9.377550e-01 1.291393e+01 0 578736
-1.643645e+14 -3.895732e+13 -5.400846e+13 -4.011393e-01 4.677637e-01 -7.875813e-01 -1.979480e+01 0 3270863
-1.713913e+14 -1.866468e+13 -3.541413e+13 -8.372171e-01 5.298094e-01 -1.355344e-01 -1.915233e+01 0 7175221
-3.121943e+13 -1.385010e+14 1.020364e+14 -7.200306e-01 -6.772518e-01 1.512808e-01 2.316389e+00 0 11793042
-1.144600e+14 -8.202985e+12 -1.276708e+14 -5.711713e-01 3.509177e-01 -7.420379e-01 -1.115903e+01 0 7558434
-2.434121e+13 -9.234137e+13 -1.444215e+14 4.193130e-01 -4.544855e-02 -9.067034e-01 1.259047e+01 0 1501643
-8.562643e+13 -7.318030e+13 -1.513363e+14 1.575993e-01 -4.993771e-01 -8.519301e-01 -9.350070e+00 0 11180768
6.555232e+13 -1.500068e+14 -4.441234e+13 1.873334e-01 -8.356994e-01 5.162488e-01 -4.053467e+00 0 2877571
-1.502750e+14 -3.790482e+13 -8.689401e+13 -4.333590e-01 2.790657e-02 -9.007892e-01 -1.396365e+01 0 1808891
-1.538357e+14 7.472616e+13 -2.778012e+13 -9.730699e-01 -2.301598e-01 -1.270249e-02 1.426473e+01 0 2622526
5.951483e+13 -1.758184e+14 -6.129582e+13 8.698726e-01 -4.891196e-01 -6.390408e-02 2.118299e+01 0 601846
-8.729208e+13 -1.464143e+14 -6.465651e+12 -3.142033e-01 -8.515341e-01 -4.197213e-01 -3.658485e+00 0 6
4.727245e+13 -1.225202e+14 1.445686e+14 2.830726e-01 -6.574088e-02 9.568428e-01 -1.091276e+01 0 3647129
2.712883e+13 1.606521e+14 4.826616e+13 -6.035278e-01 6.984743e-01 3.845619e-01 -1.219572e+01 0 7751606
6.647745e+13 -1.458029e+14 6.309289e+13 7.693888e-01 -3.931861e-01 5.034338e-01 1.024976e+01 0 4262451
1.331458e+13 1.622940e+14 4.814592e+13 -3.470770e-01 7.410567e-01 5.747804e-01 8.233397e+00 0 125076
-4.453266e+13 4.668006e+13 1.568969e+14 -8.989821e-01 3.967351e-01 1.855599e-01 1.040559e+01 0 2490663
-1.695792e+14 8.710277e+12 3.971159e+13 -9.908175e-01 -8.971210e-02 1.011558e-01 9.825685e+00 0 10323111
-1.080606e+14 4.214599e+13 1.407627e+14 -7.972374e-01 3.387856e-01 4.996368e-01 1.171853e+01 0 1054696
-6.634079e+13 -8.450191e+13 -1.774463e+14 -1.526520e-01 -2.625291e-01 -9.527727e-01 -1.776450e+01 0 2285582
1.105391e+14 -1.269218e+14 -6.365441e+13 2.399360e-01 -4.943352e-01 -8.355019e-01 1.044516e+01 0 149644
7.195680e+13 -1.404677e+14 6.267194e+13 -7.391830e-02 -1.709601e-01 9.825013e-01 -1.111945e+01 0 192545
7.865261e+13 1.370958e+14 -6.264879e+13 2.741258e-01 8.352891e-01 4.765996e-01 -1.130335e+01 0 8243585
-1.291842e+14 -2.663459e+13 1.300058e+14 -9.898303e-01 3.597310e-02 1.376298e-01 -1.113586e+01 0 12658251
1.608764e+14 -3.243449e+13 4.308583e+13 7.967053e-01 -4.085258e-02 6.029857e-01 -6.198611e+00 0 2372120
-1.415175e+14 -1.967491e+13 -9.150785e+13 -8.745125e-01 -4.451900e-01 1.924416e-01 -8.700791e+00 0 549325
-3.565777e+13 3.706459e+13 1.626102e+14 -4.414967e-02 1.754978e-01 9.834894e-01 -4.805725e+00 0 1625023
1.090125e+14 8.633035e+13 1.032980e+14 4.589806e-01 1.649510e-01 8.729994e-01 4.146042e+00 0 6055794
-2.966991e+13 -1.380817e+14 -9.480011e+13 -6.392088e-01 -2.004330e-01 -7.424545e-01 1.537962e+01 0 17089690
-1.315051e+13 -1.761192e+14 4.302494e+13 -3.604218e-01 -2.995744e-01 8.833749e-01 1.126275e+01 0 3480594
6.343758e+13 6.537702e+13 -1.443117e+14 6.032863e-01 -5.877888e-02 -7.953557e-01 4.730037e+00 0 1201148
1.489437e+14 7.098524e+13 4.807773e+13 5.766286e-02 -2.205061e-01 9.736796e-01 6.580180e+00 0 1796990
7.789471e+13 1.241481e+14 -8.729328e+13 7.837936e-02 7.610016e-01 -6.439978e-01 1.707970e+01 0 10833722
-2.490324e+13 1.620467e+14 4.621540e+13 5.804441e-01 6.459263e-01 -4.958466e-01 1.762451e+01 0 978753
-1.578399e+14 -5.001295e+12 7.841772e+13 -8.112607e-01 -5.114533e-01 -2.833224e-01 -1.248062e+01 0 139213
-3.462219e+13 -1.402508e+14 -9.457309e+13 -5.712118e-01 -7.961435e-01 -1.996811e-01 5.734563e+00 0 312283
-8.830516e+12 1.160632e+13 1.696286e+14 -1.623247e-01 -7.797703e-02 9.836515e-01 -1.317210e+01 0 5994630
-1.392121e+14 1.032664e+14 2.407485e+12 -5.486253e-01 -1.170961e-01 -8.278277e-01 -4.938498e+00 0 1553618
-3.137598e+12 -1.302024e+14 -1.149994e+14 7.426011e-01 -5.919234e-01 -3.133214e-01 1.212681e+01 0 5927955
-9.853249e+13 -5.166892e+13 -1.516136e+14 -4.023994e-01 2.998518e-01 -8.649645e-01 9.330733e+00 0 8261325
-5.269755e+13 1.590759e+14 3.262996e+13 8.514169e-02 7.877373e-01 6.100990e-01 8.453339e+00 0 4800188
1.309311e+14 -1.067685e+14 2.480466e+13 5.872663e-01 -6.042729e-01 5.384909e-01 -5.125788e+00 0 2683137
9.644766e+13 -8.818554e+13 1.147079e+14 8.772040e-02 -8.957493e-01 4.358192e-01 -1.010181e+01 0 4005529
6.701403e+13 -1.289501e+14 -8.788584e+13 -1.354875e-01 1.043973e-01 -9.852636e-01 1.519358e+01 0 13893621
7.904974e+13 -1.306583e+14 -7.469342e+13 -5.759944e-01 -4.452136e-01 -6.855766e-01 -9.504608e+00 0 768
-8.702886e+13 1.543435e+14 6.456173e+13 -6.547726e-01 7.146111e-01 2.461784e-01 2.124857e+01 0 1826122
1.190913e+14 1.556701e+12 1.221183e+14 8.263613e-01 -3.666496e-01 4.274285e-01 3.960218e+00 0 592693
-1.157496e+14 -1.253553e+14 2.644720e+12 -4.890444e-01 -7.857465e-01 3.787322e-01 -7.945072e+00 0 671630
3.290783e+13 1.415784e+14 -8.756706e+13 -8.566948e-04 9.159523e-01 4.012862e-01 -3.187239e+00 0 9122402
-2.539334e+13 -1.409736e+14 -1.051030e+14 -5.720645e-01 -2.481036e-01 -7.817843e-01 -1.007167e+01 0 2075925
4.948593e+13 7.984647e+12 1.787962e+14 -4.460375e-01 5.282568e-02 8.934540e-01 -1.219743e+01 0 2547240
5.011924e+13 1.660354e+14 1.345295e+13 4.213888e-01 8.954214e-01 -1.437083e-01 1.483056e+01 0 6105705
1.196996e+13 -1.600814e+14 -5.804403e+13 -4.016163e-01 -8.394191e-01 3.661694e-01 -2.202513e+01 0 5207989
-1.343843e+14 9.175224e+13 6.155146e+13 -9.535354e-01 2.916480e-01 -7.557499e-02 -8.290711e+00 0 2314115
-1.514127e+14 -1.967147e+13 8.250478e+13 -7.778161e-01 5.278122e-01 3.411984e-01 1.140151e+01 0 1789051
-1.034542e+14 -1.297442e+14 3.546039e+13 1.904522e-01 1.568409e-02 9.815712e-01 -1.361149e+00 0 78575
-1.466293e+14 2.760923e+13 -1.078390e+14 -4.124584e-01 1.493694e-01 -8.986473e-01 -1.271880e+01 0 2390340
-9.626138e+13 -1.286212e+14 5.795637e+13 4.410650e-01 -6.741104e-01 5.924837e-01 -9.713108e+00 0 11385791
-1.203273e+14 -2.459179e+13 -1.213356e+14 -5.620452e-01 -5.687359e-01 -6.005370e-01 1.883082e+01 0 1406226
-6.394981e+13 8.105964e+13 -1.420743e+14 -5.786206e-01 7.053828e-01 -4.094304e-01 1.515157e+01 0 2359049
-6.459494e+13 -3.468825e+13 1.599388e+14 -1.623089e-01 -5.334542e-01 8.301099e-01 -5.879686e+00 0 154092
-1.503667e+14 6.002438e+13 -6.002227e+13 -9.388929e-01 -1.052603e-01 -3.277200e-01 -1.344854e+00 0 81913
3.375275e+13 1.496805e+14 7.423159e+13 4.674431e-01 8.431412e-01 2.657253e-01 -1.176495e+01 0 17637595
1.523325e+14 -4.278276e+13 -6.971527e+13 4.694981e-01 -8.789561e-01 8.371252e-02 -1.125257e+01 0 11683902
-5.341943e+13 -3.881645e+13 1.635817e+14 2.571379e-01 2.083587e-01 9.436455e-01 -1.320154e+01 0 488430
-1.623338e+14 4.620750e+13 2.296708e+13 -7.228269e-01 3.903348e-01 5.702281e-01 1.534137e+00 0 269140
1.053502e+14 -1.201038e+14 -5.730975e+13 8.637291e-01 -3.199270e-01 -3.893826e-01 -4.532440e+00 0 447206
1.466981e+14 -8.635559e+13 1.136966e+13 1.246935e-01 -6.117123e-01 7.811911e-01 6.791342e-01 0 6757948
-1.590338e+14 6.729938e+13 -1.001324e+13 -1.673293e-01 9.689795e-01 1.818783e-01 7.310850e+00 0 4961463
-7.390266e+13 -1.050446e+14 1.140618e+14 -9.775747e-01 -2.299609e-02 -2.093298e-01 -1.398789e+01 0 2266573
-4.975952e+13 -4.112238e+13 1.594454e+14 -5.504761e-01 -6.641879e-02 8.322047e-01 7.700243e+00 0 5160982
-1.224562e+14 6.026717e+13 1.061819e+14 -5.579519e-02 4.418785e-01 8.953381e-01 -1.182672e+01 0 14316731
1.687161e+14 2.362089e+13 -4.392099e+12 5.755526e-01 6.174413e-01 5.361953e-01 -7.560208e-01 0 1148038
-1.815054e+13 -1.484202e+14 -1.706850e+14 -2.323561e-01 -2.326450e-01 -9.443977e-01 2.212116e+01 0 14649138
9.905568e+12 1.048293e+14 1.375182e+14 3.192074e-01 6.048614e-01 7.295542e-01 9.456067e+00 0 2147750
5.876236e+13 1.600802e+14 -1.762684e+13 2.293662e-01 9.649903e-01 -1.272200e-01 -1.095431e+01 0 197471
4.991902e+13 -1.629156e+14 3.023561e+13 7.255568e-01 -6.880684e-01 -1.136913e-02 -5.283707e+00 0 323515
1.526715e+14 -4.125044e+13 7.246355e+13 9.028205e-01 3.769559e-01 2.069284e-01 -4.500727e+00 0 20017893
-6.524299e+13 -1.445030e+14 6.183313e+13 -1.346935e-01 -8.566225e-01 4.980518e-01 1.214974e+01 0 668957
-1.372862e+14 -7.727348e+13 -6.301537e+13 -2.156167e-01 -9.695093e-01 1.164523e-01 1.794385e+01 0 11961396
-5.765050e+13 -5.977204e+13 1.498394e+14 -3.967013e-01 4.895233e-01 7.765276e-01 -7.541590e+00 0 621280
1.655636e+14 1.665243e+13 -4.970942e+13 6.727858e-01 7.382370e-01 4.863524e-02 -3.398711e+00 0 314713
8.810205e+13 1.541031e+14 1.233255e+13 1.325753e-01 7.110880e-01 6.904909e-01 -8.367226e+00 0 177669
-4.136430e+13 -9.899308e+13 1.335120e+14 4.419007e-01 -8.585832e-01 2.599203e-01 -7.273719e+00 0 2597876
6.658013e+13 -9.935872e+13 -1.208880e+14 9.017236e-01 -2.581390e-03 -4.323053e-01 2.311642e-02 0 496511
3.399038e+13 -6.034191e+13 1.565560e+14 2.503155e-01 2.883154e-01 9.242383e-01 6.266015e+00 0 323118
-7.753596e+13 1.232948e+14 1.145377e+14 3.309096e-01 9.422278e-01 5.201573e-02 1.016063e+01 0 26617988
-1.592419e+14 2.310275e+13 -5.415332e+13 -7.352892e-01 -5.556656e-01 3.880536e-01 8.763159e+00 0 14957321
-9.763257e+13 -1.011571e+14 1.006931e+14 -4.994595e-01 4.171505e-01 7.592929e-01 -2.449646e+01 0 1377389
3.770068e+13 -3.691152e+13 -1.616596e+14 2.001348e-01 1.790245e-01 -9.632737e-01 -1.631242e+01 0 6521198
-8.093480e+13 6.954868e+13 1.521806e+14 -5.600717e-01 3.633534e-01 7.445092e-01 -1.985897e+01 0 21173398
3.412854e+13 -1.239379e+14 1.120070e+14 6.534895e-01 -5.298118e-01 5.406023e-01 -2.830402e+00 0 1933147
-9.717373e+13 -1.478700e+14 -2.588448e+13 -6.253823e-01 -7.618854e-01 -1.686052e-01 -1.154168e+01 0 971120
-1.130402e+14 6.174679e+13 -1.633128e+14 -4.016086e-01 -1.745320e-01 -8.990267e-01 -1.889236e+01 0 2391857
-3.263929e+13 1.049023e+14 -1.300744e+14 1.749149e-01 -1.367486e-01 -9.750408e-01 1.205179e+01 0 6002912
7.614049e+13 -1.529427e+14 7.759598e+12 1.845863e-01 -3.355713e-01 9.237531e-01 -1.388143e+01 0 3345456
1.289412e+14 -6.200667e+13 9.142481e+13 -3.094962e-01 -3.099014e-01 8.989845e-01 1.137210e+01 0 5358379
-9.229988e+13 -1.333500e+14 -5.760251e+13 -3.315111e-01 -5.799437e-01 -7.441544e-01 1.253667e+01 0 4742459
-1.996669e+13 9.036530e+12 -1.701542e+14 -1.266555e-01 -6.286349e-01 -7.673177e-01 1.866300e+01 0 20276196
7.782787e+13 3.509728e+13 -1.468950e+14 5.388863e-01 8.115404e-02 -8.384602e-01 5.778591e+00 0 2824422
-1.290998e+14 -9.911982e+13 -7.213104e+13 -2.748832e-01 -1.716546e-01 -9.460306e-01 1.110933e+01 0 3819587
-6.208525e+13 -1.347703e+14 -8.587135e+13 3.908253e-01 -4.485691e-01 -8.037670e-01 1.291433e+01 0 16200674
1.691321e+14 6.961367e+13 -6.226876e+11 6.760333e-01 6.176831e-01 -4.018042e-01 -9.836585e+00 0 16775981
-1.616566e+14 4.395967e+13 3.610603e+13 -9.621698e-01 -2.252217e-01 1.533113e-01 -4.362340e+00 0 607299
-4.346621e+13 -1.025430e+14 1.327176e+14 2.388917e-02 -3.307953e-01 9.434001e-01 -8.195784e+00 0 9532419
9.854381e+13 -4.476602e+12 1.379914e+14 4.704343e-01 7.543982e-01 4.577936e-01 1.052986e+00 0 1110121
-4.831102e+13 -1.566415e+14 -4.380469e+13 5.680498e-02 -9.602937e-01 2.731467e-01 7.527317e+00 0 8581842
2.061254e+14 -8.238467e+13 -1.678221e+13 7.323212e-01 -5.985320e-01 -3.247540e-01 1.075463e+01 0 9599083
-3.406311e+13 1.196012e+14 -1.159267e+14 2.813686e-01 9.363882e-01 -2.097829e-01 -7.229945e+00 0 799712
-7.500077e+13 -1.517146e+14 1.912150e+13 1.476850e-01 -8.457524e-01 5.127300e-01 6.868046e+00 0 3002057
-1.034352e+14 -1.915583e+13 1.340421e+14 -9.626753e-01 2.055191e-01 -1.761196e-01 -1.183810e+01 0 100135
1.470198e+14 8.275054e+13 5.609969e+13 9.951324e-01 7.579974e-02 6.297474e-02 1.167961e+01 0 8571584
-1.707452e+13 -5.520491e+13 -1.602391e+14 -4.988959e-01 1.397655e-01 -8.553178e-01 1.424156e+00 0 15905
1.004054e+14 -1.005932e+14 1.014581e+14 9.905871e-01 -1.257969e-01 5.396577e-02 1.061505e+01 0 3533605
-2.128965e+14 4.473064e+12 3.683035e+13 -9.846339e-01 3.124698e-02 1.718129e-01 -1.313367e+01 0 1293190
1.665529e+14 -2.349939e+13 -2.377813e+13 6.832165e-01 7.180541e-01 1.327158e-01 1.090287e+01 0 6
5.584082e+13 -4.179789e+13 -1.625964e+14 2.990208e-01 1.895941e-01 -9.352223e-01 9.709013e+00 0 2856436
1.556972e+14 7.048636e+13 2.496013e+13 5.863790e-01 4.328985e-01 6.846594e-01 -5.979445e+00 0 1179811
-7.245019e+13 5.696687e+13 -1.437728e+14 -4.305148e-01 -4.141972e-01 -8.019337e-01 -2.229601e+00 0 260543
-8.657625e+13 -1.409869e+14 -5.585391e+13 -5.412727e-01 1.004373e-02 -8.407871e-01 6.413287e+00 0 10589676
-9.208054e+13 -1.197394e+14 7.927342e+13 -7.004446e-02 -7.384109e-01 6.707035e-01 -5.987048e+00 0 9925469
1.223444e+14 -1.110330e+14 -3.869397e+13 -2.773078e-01 -7.876137e-01 5.502408e-01 -7.320952e+00 0 2377149
1.964154e+13 -1.739698e+14 -5.292459e+13 -1.428070e-01 -7.942058e-01 5.906297e-01 1.070060e+01 0 1086218
6.268432e+13 -1.295540e+14 -1.083760e+14 2.984996e-02 -3.361691e-01 -9.413285e-01 8.705344e+00 0 2051485
1.047572e+14 1.345539e+14 -2.232936e+13 6.157320e-01 7.746371e-01 -1.442618e-01 1.583535e+01 0 9742966
-1.103766e+14 -1.073989e+14 -7.117275e+13 -5.545282e-01 -7.018459e-01 -4.471140e-01 -2.845545e+00 0 10418342
1.437080e+14 -1.189222e+14 2.454097e+13 7.060526e-02 -9.096689e-01 -4.092889e-01 -2.656453e+01 0 1139561
4.533972e+12 -1.129383e+13 -1.735081e+14 -3.380508e-01 5.422488e-01 -7.692125e-01 -1.317215e+01 0 2471103
7.887288e+13 1.100385e+14 -1.274133e+14 3.228212e-01 3.049685e-01 -8.959803e-01 -2.280100e+01 0 1897594
1.375550e+14 1.603024e+13 1.025021e+14 1.371265e-01 2.160153e-01 9.667128e-01 -4.164500e+00 0 10564491
-8.336935e+13 -9.989440e+13 -1.117734e+14 -6.674052e-01 2.600782e-02 -7.442405e-01 -1.115922e+01 0 2089725
-1.484295e+14 6.363068e+13 5.337268e+13 -6.046249e-01 7.716984e-01 1.972572e-01 -1.271871e+01 0 13795002
-1.181326e+14 1.097479e+14 -7.950240e+13 -7.856704e-01 4.835407e-01 3.858890e-01 -1.242267e+01 0 1570196
1.148688e+14 -4.263852e+13 1.554362e+14 3.347688e-01 1.154160e-01 9.352053e-01 -1.893922e+01 0 483175
7.240082e+13 -1.509445e+14 -2.895737e+13 9.804370e-01 1.533313e-01 -1.234210e-01 -5.267089e+00 0 13001332
1.715494e+14 2.621495e+13 -4.104432e+12 8.513085e-01 -4.447781e-01 -2.782918e-01 -1.170594e+01 0 898725
-6.423158e+13 -1.612709e+14 1.549501e+13 -2.195079e-01 -6.021887e-01 -7.675839e-01 -1.008246e+01 0 1205981
-8.437296e+13 -6.130185e+13 -1.525931e+14 -3.545847e-01 -7.067355e-01 -6.122047e-01 -1.080145e+01 0 663614
1.599855e+14 3.468358e+13 -4.490619e+13 6.495388e-01 -7.578385e-01 -6.148235e-02 -1.199556e+01 0 7244749
