# 781 1.000000e+07 1.000000e+04 0.000000e+00 1.000000e+00 5.000000e-01
1.111552e+14 -4.876291e+13 -1.190966e+14 1.302678e-01 -1.891452e-01 -9.732700e-01 -5.376672e+00 0 549960
-2.215309e+13 -8.888766e+13 -1.601811e+14 -6.700664e-01 -5.613400e-01 -4.857040e-01 1.335718e+01 0 6813386
-7.082722e+13 1.377575e+14 -8.037040e+13 -5.274570e-01 6.720374e-01 -5.197642e-01 -3.008997e+00 0 45619143
-1.262150e+13 3.327505e+13 -1.663049e+14 4.573293e-01 2.788766e-02 -8.888601e-01 8.499885e+00 0 5723512
-1.237695e+14 1.146723e+14 1.790741e+13 -8.544799e-01 5.134430e-01 -7.899575e-02 1.941240e+00 0 538045
4.759109e+13 -8.776956e+13 -1.417514e+14 3.076181e-01 -6.490655e-01 -6.957622e-01 9.028745e+00 0 1679828
1.087780e+14 4.753869e+13 1.246458e+14 5.087988e-01 8.595611e-01 4.773371e-02 1.537507e+01 0 124937
6.001234e+13 -5.692743e+13 -1.545221e+14 2.219657e-01 -8.402380e-01 -4.947033e-01 1.527062e+01 0 3650324
9.180917e+13 1.314594e+14 8.242854e+13 4.913921e-01 2.855048e-01 8.228127e-01 1.329361e+01 0 14573861
-4.545277e+11 -1.708514e+14 -7.620423e+13 3.919538e-01 -6.613349e-01 -6.395376e-01 -1.812390e+01 0 1213638
-3.847320e+13 1.431882e+14 8.290422e+13 -2.876378e-01 6.801899e-01 -6.742449e-01 -1.120775e+01 0 3910319
-1.476399e+13 1.578524e+14 6.047175e+13 -7.128887e-01 6.168174e-01 3.336554e-01 -1.546142e+01 0 23395448
-1.662760e+14 -1.548733e+13 -6.019848e+13 -7.964643e-01 3.654249e-01 -4.817772e-01 7.344262e+00 0 3655412
-1.415755e+14 -7.918249e+13 5.878709e+13 -2.970892e-01 -1.911499e-01 9.355211e-01 1.409471e+01 0 3524038
-3.760715e+12 -1.456127e+14 8.897491e+13 -6.292182e-01 -6.560408e-01 4.167672e-01 -1.550954e+01 0 9425287
-1.709832e+14 1.456691e+14 -1.041421e+14 -5.711899e-01 7.164957e-01 -4.004697e-01 -2.073615e+01 0 2250359
6.007787e+12 -1.701320e+14 5.788378e+12 -1.993593e-01 -3.143425e-01 9.281404e-01 -9.907849e+00 0 23671397
-1.600499e+14 -5.847136e+13 4.494687e+12 -6.490589e-01 -7.541748e-01 9.971398e-02 3.422552e-01 0 8926
-9.835813e+13 9.170467e+13 -1.069429e+14 -7.188626e-02 6.128931e-01 -7.868891e-01 1.308674e+01 0 1796220
-1.274317e+14 -1.059332e+14 -4.781535e+13 -6.952052e-01 -7.161604e-01 -6.167693e-02 -6.291344e+00 0 18384601
7.965278e+13 -1.519595e+14 9.437545e+12 5.167728e-01 -8.475477e-01 1.208666e-01 1.220404e+01 0 1934765
-2.694979e+13 -1.574578e+14 -6.909573e+13 -3.014776e-01 -8.555909e-01 -4.208034e-01 9.571446e+00 0 2022386
-6.625711e+13 8.436699e+13 -1.390041e+14 -6.511849e-01 -9.402479e-02 -7.530720e-01 -4.776366e+00 0 2044555
1.330625e+13 -1.285927e+14 -1.146424e+14 -1.737645e-01 -8.253579e-01 -5.372059e-01 6.343561e+00 0 223324
1.248067e+14 2.705475e+13 1.119266e+14 -2.736316e-01 -3.921815e-01 8.782479e-01 3.985073e+00 0 1
-3.980213e+13 1.605570e+14 -5.641353e+13 4.643911e-01 8.712476e-01 1.589605e-01 -1.138045e+01 0 3127157
-1.111459e+14 -1.145528e+14 -5.783316e+13 -1.267801e-01 -8.001196e-01 -5.862895e-01 8.690648e+00 0 98145
1.666547e+14 3.998820e+13 -2.612250e+13 6.240496e-01 7.526457e-01 2.099682e-01 -8.965491e+00 0 11694249
4.461879e+12 1.245320e+14 1.557364e+14 -1.370835e-01 9.718221e-01 1.917546e-01 -1.242198e+01 0 25856844
-9.572475e+13 -1.764452e+14 1.220574e+14 -2.980735e-01 -8.668454e-01 3.996638e-01 1.933897e+01 0 6413264
-8.490798e+13 -3.851661e+13 -1.500420e+14 -9.936788e-01 -1.069446e-01 -3.413635e-02 -1.390080e+01 0 349224
3.239393e+13 7.120596e+13 1.511500e+14 8.455298e-01 -3.569373e-01 3.970833e-01 2.754209e-01 0 887787
-1.207261e+14 -7.724096e+13 9.508933e+13 -4.073867e-01 -3.723410e-01 8.339054e-01 1.972192e+01 0 46498
-1.109394e+14 9.020284e+13 -9.267169e+13 -5.636366e-01 1.781186e-01 -8.065901e-01 8.560038e+00 0 1167667
-1.014759e+14 -3.170855e+13 1.367047e+14 3.435480e-01 -6.757822e-01 6.521451e-01 1.361461e+01 0 5182984
-1.469601e+14 -4.927459e+13 -7.163929e+13 -7.046165e-01 -5.050672e-01 -4.984203e-01 -1.020618e+00 0 265126
6.902347e+13 5.351919e+13 1.455546e+14 -2.119405e-01 8.544071e-01 4.744152e-01 9.311040e+00 0 1368296
1.649706e+14 6.460205e+13 3.489957e+12 9.663633e-01 -2.342605e-01 1.061320e-01 -1.187112e+01 0 661500
-1.377895e+14 2.270379e+13 2.133773e+14 -6.181017e-01 -3.685773e-01 6.943349e-01 2.019523e+01 0 2887402
-4.784991e+13 -1.232428e+14 -1.145033e+14 3.008151e-01 -9.067225e-01 -2.955750e-01 1.373426e+01 0 9167914
-9.134327e+13 -1.389356e+14 3.656194e+13 -4.822841e-02 -9.898000e-01 1.340522e-01 1.085644e-01 0 144137
-5.013654e+13 -2.575532e+13 -1.664499e+14 -3.291669e-01 -8.685603e-01 -3.704755e-01 1.661750e+01 0 6660327
1.570864e+13 7.230343e+12 -1.690495e+14 5.502716e-01 8.284916e-01 -1.039362e-01 5.764054e+00 0 999065
1.535919e+14 -3.344826e+13 -7.936908e+13 7.326579e-01 -6.914657e-02 -6.770755e-01 -1.355517e+01 0 3987364
1.123252e+14 -2.929513e+13 -1.592726e+14 -2.268691e-01 -4.155197e-01 -8.808370e-01 -1.994978e+01 0 1489680
9.019168e+13 9.181933e+13 1.188187e+14 3.450324e-01 -4.298615e-02 9.376059e-01 1.544595e+01 0 5058429
5.643683e+13 1.291875e+14 9.569596e+13 1.720191e-01 4.411124e-01 8.808117e-01 -4.805376e+00 0 600073
-9.321533e+13 -1.461271e+14 -1.147692e+14 -2.688894e-01 -8.422654e-01 -4.672125e-01 -1.376268e+01 0 11348597
7.350589e+13 -1.299083e+14 8.687649e+13 8.732452e-01 -1.492717e-03 4.872788e-01 -1.406611e+01 0 1989832
4.079192e+13 -1.647804e+14 1.464758e+13 7.057615e-01 -6.948148e-01 1.383224e-01 1.597240e+01 0 1678213
1.599900e+14 6.234783e+13 3.095652e+12 6.378635e-01 -2.584835e-01 -7.254767e-01 -1.823210e+01 0 1921251
-1.045645e+14 -1.367444e+14 1.593263e+13 -3.155009e-01 -7.157424e-01 -6.230345e-01 8.396709e+00 0 15794971
-3.447343e+13 -1.684895e+14 -1.718560e+13 -5.016054e-01 -7.219401e-01 -4.766493e-01 1.041583e+01 0 5383692
-6.132441e+11 1.614684e+14 5.260593e+13 -1.315897e-01 9.275120e-01 -3.498652e-01 1.615732e+01 0 9149221
-1.715734e+14 -1.070734e+13 2.928194e+13 -6.120995e-01 -2.027151e-01 -7.643564e-01 -9.496687e+00 0 480148
9.814064e+12 -1.687831e+14 2.479381e+13 3.374009e-01 -4.621599e-01 -8.201030e-01 1.382425e+01 0 363120
-5.453530e+13 1.517191e+14 -6.278671e+13 2.200349e-01 7.462285e-01 -6.282735e-01 -1.270636e+01 0 6843947
4.270165e+13 1.658025e+14 6.551457e+13 6.592630e-01 7.308729e-01 -1.766269e-01 -1.897238e+01 0 11906859
-5.649459e+13 -1.608322e+14 -6.408039e+13 -1.873014e-01 -9.818367e-01 3.024572e-02 -1.226720e+01 0 6918457
-4.942543e+13 2.067308e+14 3.096521e+13 -1.038310e-01 8.878340e-01 4.482966e-01 2.137941e+01 0 7931408
1.418759e+14 -2.678915e+13 -9.012560e+13 6.461046e-01 1.763284e-03 7.632469e-01 5.846067e+00 0 1
-9.303232e+13 -1.433226e+13 -1.417959e+14 -4.562574e-01 1.172505e-02 -8.897706e-01 4.729040e+00 0 2032014
1.822645e+13 1.351380e+14 1.035763e+14 4.942474e-01 8.516359e-01 1.744586e-01 3.473141e+00 0 1805801
-3.900267e+13 -1.342762e+13 1.673198e+14 -4.067927e-01 5.049605e-01 7.612717e-01 7.702990e+00 0 1938950
-8.398378e+13 -1.351404e+14 -7.871917e+13 -8.085424e-01 3.513496e-02 -5.873881e-01 6.123054e+00 0 7496619
-1.381563e+13 1.480155e+14 -8.409197e+13 8.777627e-01 2.746256e-01 -3.925729e-01 7.741399e+00 0 156172
5.976326e+13 1.488507e+14 -6.279775e+13 -5.100041e-01 8.340570e-01 -2.103442e-01 -8.172756e+00 0 7438711
-1.150248e+13 1.048201e+14 1.347298e+14 -6.696443e-01 6.399742e-01 3.768416e-01 -9.173089e-01 0 1192073
8.345030e+13 1.033963e+13 -1.483435e+14 9.202561e-01 -1.772330e-01 -3.488798e-01 -7.180884e+00 0 1445008
-2.449089e+13 -1.748637e+14 -4.361748e+13 -1.918122e-01 -6.801882e-01 -7.074971e-01 -1.285157e+01 0 6137935
5.438257e+13 1.631167e+14 3.570907e+13 9.609766e-01 1.989162e-01 -1.922405e-01 4.664475e+00 0 850335
4.267947e+13 -4.401351e+12 2.160763e+14 -4.510450e-01 -3.854785e-01 8.049626e-01 -2.748602e+01 0 13401240
9.397054e+13 1.409173e+14 2.565605e+13 4.030643e-01 8.126410e-01 -4.208964e-01 9.378013e+00 0 20725913
-1.430661e+13 -1.684094e+14 2.595508e+13 2.206046e-01 -1.761066e-01 9.593331e-01 -1.559075e+01 0 380001
-9.839618e+12 1.353116e+14 -1.139456e+14 2.729679e-01 5.428364e-01 -7.942400e-01 -1.879207e+01 0 19643328
1.689921e+14 -2.013683e+13 -3.713545e+11 3.972847e-01 -8.984283e-01 1.870598e-01 -1.031955e+01 0 1223326
5.434134e+13 -1.026052e+14 1.236705e+14 5.187168e-01 -8.544589e-01 -2.885755e-02 -3.024953e+00 0 13727951
1.256239e+14 9.622694e+13 -7.597371e+13 8.884436e-01 3.302962e-01 -3.187043e-01 -1.965899e+01 0 5701175
1.728121e+14 8.491563e+12 -6.080817e+12 7.233009e-01 4.628001e-01 -5.124957e-01 -2.566930e+00 0 2
-1.624690e+14 -7.602467e+13 5.088439e+13 -7.811977e-01 4.551619e-01 4.272679e-01 -2.506427e+01 0 4255237
8.736209e+13 3.222886e+13 1.521131e+14 9.188287e-01 -2.040697e-01 3.378009e-01 8.466927e+00 0 105824
1.963793e+14 4.663142e+13 1.239695e+12 9.566712e-01 2.425884e-01 1.610315e-01 1.757783e+01 0 4133891
3.894325e+13 1.050164e+14 1.278619e+14 7.534734e-01 4.409836e-01 4.876591e-01 1.276237e+01 0 846071
-7.219123e+13 -1.464069e+14 -4.699436e+13 2.120870e-01 -5.382346e-01 -8.156731e-01 -3.032864e+00 0 922537
8.964389e+13 1.814061e+14 -3.509867e+13 3.086771e-01 9.451076e-01 -1.071920e-01 -1.398770e+01 0 7876779
-1.346472e+14 -6.635077e+13 -7.985993e+13 -8.244441e-01 1.384945e-01 -5.487360e-01 -1.094491e+01 0 4397428
-1.315889e+14 -8.886791e+13 6.316968e+13 -9.224972e-01 -1.032019e-01 3.719519e-01 1.256757e-01 0 165017
4.938860e+13 1.548192e+14 -5.556961e+13 5.157978e-01 5.548182e-01 -6.527859e-01 8.651742e+00 0 641006
-2.633741e+13 1.742340e+14 -2.635090e+13 -5.306464e-01 7.541635e-01 3.868485e-01 -5.806755e+00 0 6644117
-8.995524e+13 -2.854556e+13 -1.419332e+14 -9.692952e-02 -1.735109e-01 -9.800503e-01 -1.046288e+01 0 2348086
-9.488139e+13 -1.394911e+14 2.509724e+13 -9.162646e-01 -8.236243e-02 3.920148e-01 4.729565e+00 0 14762349
-1.229450e+14 9.792676e+13 6.473831e+13 -3.991791e-01 8.928027e-01 2.087090e-01 5.784337e+00 0 6607857
5.914483e+13 1.540490e+14 4.380287e+13 2.330164e-01 1.223618e-01 9.647440e-01 1.484522e+01 0 25367473
3.564512e+12 1.359294e+14 1.018436e+14 2.661783e-01 9.493942e-01 -1.667327e-01 -8.865564e+00 0 346342
-3.050380e+12 1.634362e+14 -4.735152e+13 3.488752e-02 8.897763e-01 -4.550615e-01 7.360267e+00 0 1110885
-3.984991e+13 2.927019e+12 -1.663540e+14 -9.696026e-02 1.232600e-01 -9.876263e-01 7.529175e+00 0 7773341
-1.293601e+14 1.047236e+14 -4.743126e+13 -4.425419e-01 -8.887652e-02 -8.923327e-01 -1.625787e+01 0 9880699
-3.359827e+13 -1.063191e+14 -1.379767e+14 3.713373e-01 -4.287836e-01 -8.235613e-01 1.976192e+01 0 1593055
1.421162e+14 -1.190977e+14 7.837372e+13 9.052069e-01 -3.359425e-01 2.602749e-01 -6.712169e+00 0 2330708
-1.223859e+14 1.361593e+13 -1.306438e+14 1.303513e-01 4.812446e-01 -8.668403e-01 -1.961734e+01 0 20614888
1.381023e+14 8.439324e+13 5.485644e+13 3.352465e-01 9.416082e-01 -3.136464e-02 -1.378505e+01 0 1061558
3.263539e+13 -1.256845e+14 -1.128369e+14 -4.156566e-01 -5.747928e-01 -7.048708e-01 1.017810e+01 0 3298324
-1.738372e+14 8.794869e+13 -7.173875e+13 -5.773133e-01 4.194423e-01 -7.005551e-01 1.631767e+01 0 6238414
-6.698353e+13 1.560137e+14 -3.022255e+12 -3.413029e-01 8.750652e-01 3.431810e-01 -4.589721e+00 0 13078651
1.780703e+14 -4.598091e+13 -1.807861e+13 9.194729e-01 2.194795e-01 -3.261877e-01 -8.634641e+00 0 25905350
-9.797492e+12 -1.681528e+14 -2.668606e+13 -2.967666e-01 -7.601161e-01 -5.780598e-01 -9.287151e+00 0 298303
7.447270e+13 -5.930001e+13 -1.415854e+14 3.871925e-01 4.925233e-02 -9.206825e-01 -1.248874e+01 0 3867286
-1.309213e+14 -1.001580e+14 4.157595e+13 -7.667715e-01 6.412077e-01 -3.023491e-02 -1.411788e+01 0 23075128
9.786873e+13 1.236794e+14 -6.670775e+13 -3.940752e-01 7.249263e-01 -5.649660e-01 -3.674232e+00 0 2904691
3.667897e+13 3.525861e+12 1.741058e+14 5.209262e-01 -2.483267e-01 8.166821e-01 1.298830e+01 0 993967
7.826338e+13 1.552794e+14 -2.519680e+13 -1.598834e-01 9.311440e-01 -3.277319e-01 -7.475645e+00 0 20816406
9.665943e+13 7.916226e+13 1.165695e+14 -2.419442e-01 9.177367e-01 3.149957e-01 1.272735e+01 0 38003
6.489705e+13 -1.396462e+14 7.643632e+13 7.582311e-01 -2.442629e-01 6.045008e-01 -7.295584e-01 0 735773
-9.890339e+13 -9.321149e+13 1.310610e+14 -9.374500e-01 -2.106940e-01 2.771201e-01 8.944243e+00 0 286583
1.484393e+14 -8.146570e+13 2.875860e+13 5.154092e-01 -2.485308e-01 -8.201133e-01 1.565167e+01 0 3566475
6.790280e+13 9.736848e+13 -1.586648e+14 2.653462e-01 9.913645e-02 -9.590429e-01 -1.947003e+01 0 15223
1.076352e+14 -8.214625e+13 1.023847e+14 9.199848e-01 1.933519e-01 -3.409442e-01 -1.468992e+00 0 3911486
4.585985e+13 -6.594039e+12 -1.640497e+14 3.346666e-01 -5.455215e-01 -7.683778e-01 -5.843557e+00 0 1029893
6.294668e+13 1.239902e+14 1.020660e+14 2.260276e-01 9.434133e-01 -2.426578e-01 1.137553e+01 0 1846294
1.770647e+14 5.424432e+13 -6.283896e+13 8.966061e-01 1.040497e-01 4.304314e-01 1.310501e+01 0 4150068
-5.770882e+13 -1.307462e+14 -1.022895e+14 -6.475500e-01 -6.370733e-01 -4.181107e-01 1.000199e+01 0 241914
-3.607703e+13 -6.369702e+13 1.536227e+14 -6.565460e-01 2.924294e-01 6.952930e-01 5.208737e+00 0 129469
-6.768859e+13 1.601280e+14 -8.440575e+12 -1.514077e-01 9.026974e-01 -4.027568e-01 -1.084234e+01 0 3442345
-2.166009e+13 -5.179489e+13 -1.612738e+14 3.382768e-01 -6.206512e-01 -7.073620e-01 -8.055571e+00 0 7292190
1.571259e+14 -4.248836e+13 9.950067e+13 9.285929e-01 -1.871968e-01 3.204255e-01 -9.448522e+00 0 2897073
1.529857e+14 -3.630641e+13 -6.893349e+13 7.941926e-01 2.653198e-01 -5.466842e-01 1.271655e+01 0 7298171
-1.652561e+14 4.798946e+13 2.944948e+13 -9.602540e-01 1.723992e-01 2.195239e-01 9.753747e+00 0 27786894
1.075134e+14 -3.395626e+13 -1.295891e+14 6.362834e-01 4.471933e-01 -6.286188e-01 9.788485e+00 0 25334983
-1.675257e+14 1.135959e+13 -2.594948e+13 -5.038247e-01 -8.284073e-01 2.447490e-01 1.204183e+01 0 824720
-7.975519e+13 1.205276e+13 1.551061e+14 -6.321267e-01 4.203559e-01 6.509353e-01 2.247638e+01 0 4424638
-1.310585e+14 -4.048505e+13 1.024003e+14 -4.321416e-01 7.164400e-01 5.476928e-01 6.789025e+00 0 73833
-1.351718e+14 1.049137e+14 -1.074006e+13 -2.368140e-02 8.575708e-01 -5.138206e-01 -1.003297e+01 0 11113473
1.104249e+14 -7.119685e+13 -1.109078e+14 8.848046e-01 4.648031e-01 -3.284527e-02 -6.612046e+00 0 1172953
-1.952084e+14 4.992083e+13 3.266293e+13 -8.591304e-01 4.978472e-02 -5.093295e-01 -1.549359e+01 0 6520900
-1.374741e+14 8.538375e+13 8.138461e+13 -9.239554e-01 -3.230265e-01 2.048422e-01 2.125383e+01 0 15517734
1.068095e+14 -1.589104e+14 -4.946694e+13 3.602135e-02 -9.592355e-01 -2.803028e-01 -2.370745e+01 0 55021262
-1.995289e+13 1.731199e+14 3.086792e+13 1.258655e-01 5.363495e-01 8.345580e-01 -1.916893e+01 0 2374887
1.044430e+14 -6.136980e+13 1.214406e+14 -1.273039e-01 -4.387243e-01 8.895587e-01 5.297688e+00 0 743596
-1.899290e+14 -9.185333e+12 -1.569131e+14 -7.362064e-01 4.739453e-01 -4.830899e-01 -2.193541e+01 0 14907022
-1.630261e+14 4.557746e+13 -4.017871e+13 -7.310622e-01 -4.124210e-01 -5.435596e-01 1.619106e+01 0 2691740
-9.665016e+13 -7.996476e+13 -2.624463e+14 -2.638108e-02 -3.769029e-01 -9.258770e-01 -2.137267e+01 0 1569168
1.404542e+14 -1.062227e+14 -3.056748e+13 3.182649e-01 -8.764533e-01 -3.612990e-01 -1.293462e+01 0 4544456
1.149415e+14 2.757215e+12 1.254760e+14 7.280146e-01 -6.853660e-01 1.637735e-02 -1.496321e+01 0 16828402
-5.149502e+13 -1.378596e+14 -8.570377e+13 -3.404264e-01 -7.409638e-01 -5.788632e-01 2.952209e+00 0 2637465
-1.292404e+14 4.168126e+13 1.018891e+14 5.188655e-01 4.601059e-01 7.204729e-01 5.454427e+00 0 140674
-1.999289e+13 -1.193982e+14 1.280455e+14 -7.984043e-01 -5.867381e-01 1.352372e-01 8.569203e+00 0 308453
9.860557e+13 -1.089973e+14 -9.522593e+13 7.041775e-01 -8.532177e-02 -7.048789e-01 -2.114112e+00 0 60642
1.286512e+14 2.313161e+12 -1.106029e+14 6.758525e-01 4.582853e-01 -5.772331e-01 -1.266880e+01 0 6301550
-1.558313e+14 4.052810e+13 -5.482180e+13 -9.488621e-01 3.139097e-01 -3.348828e-02 1.364463e+01 0 3119380
2.537299e+13 1.311157e+14 -1.071182e+14 -7.428023e-01 5.861760e-01 -3.234850e-01 1.358811e+00 0 395299
-1.179442e+13 4.531838e+13 1.703137e+14 1.501684e-02 4.381436e-01 8.987796e-01 -1.363207e+01 0 4840296
1.057924e+14 -8.212930e+13 1.441566e+14 2.989676e-01 -9.399061e-01 1.649086e-01 -2.137698e+01 0 14078302
-7.279323e+12 -1.662698e+14 5.152581e+13 5.582923e-01 -6.475090e-01 5.186924e-01 1.214853e+01 0 3714528
-8.632138e+12 1.584812e+14 -7.610953e+13 3.944280e-01 5.717549e-01 -7.193906e-01 -1.299777e+01 0 211132
-3.888685e+13 -1.087421e+14 1.258900e+14 -2.906547e-01 -8.781078e-01 3.800613e-01 -5.659436e+00 0 300073
-9.266997e+12 1.574268e+14 -6.273699e+13 7.461659e-02 5.846038e-01 -8.078804e-01 3.927109e+00 0 45148
-1.459585e+14 -1.172190e+14 -2.378832e+13 -9.770904e-01 -2.125983e-01 -9.815292e-03 1.119506e+01 0 1314047
-1.590040e+14 6.243943e+13 6.698819e+11 -9.682306e-01 -4.433671e-02 2.460972e-01 7.041857e+00 0 148829
1.515889e+14 7.445868e+13 -2.613964e+13 5.528595e-01 7.650243e-01 3.302791e-01 -7.711419e+00 0 3249415
-4.386581e+13 9.229110e+13 1.369330e+14 2.766971e-01 6.614056e-01 6.971236e-01 4.115949e+00 0 4056182
3.182588e+13 -9.068838e+13 -1.412744e+14 3.002542e-01 3.331192e-01 -8.938003e-01 -1.024873e+01 0 6066020
-1.435567e+14 -3.951877e+13 -8.427133e+13 -8.249858e-01 -2.065351e-01 -5.260625e-01 -8.603465e+00 0 2869482
1.671108e+14 1.018646e+14 1.286832e+13 9.378525e-01 -7.777403e-02 -3.382069e-01 -2.685527e+01 0 5316482
9.491703e+13 5.438877e+13 1.303436e+14 7.255594e-01 -3.361009e-01 6.004996e-01 7.554173e+00 0 2985635
-8.492291e+13 1.075930e+14 -1.057638e+14 -2.737883e-01 9.363423e-01 -2.197797e-01 1.510407e+01 0 4963622
-8.499517e+12 -1.632565e+14 -5.241422e+13 -7.557837e-01 -6.236728e-01 1.995577e-01 -1.523468e+01 0 2462600
-1.583123e+14 -1.563761e+13 -6.623552e+13 -4.306206e-01 8.242187e-01 -3.677355e-01 -2.281109e+00 0 2666919
-1.230803e+14 -1.338079e+14 -2.995631e+13 -8.048095e-01 -1.850372e-01 -5.639529e-01 8.200589e+00 0 2052777
-9.236265e+13 1.477998e+14 9.505494e+12 1.029644e-01 8.303486e-01 -5.476491e-01 5.405802e+00 0 1125612
-2.728070e+12 -1.387804e+14 -1.019721e+14 4.304232e-01 -3.137506e-01 -8.463430e-01 -5.503297e+00 0 8432023
9.065762e+12 -1.321797e+14 1.065969e+14 9.397287e-01 -3.356309e-01 6.528265e-02 -8.987166e+00 0 12790
-1.204753e+14 -1.344213e+13 1.198155e+14 3.283987e-02 5.603742e-01 8.275882e-01 -1.754928e+01 0 5307929
8.531124e+13 1.700569e+13 1.501063e+14 1.804405e-01 4.140865e-01 8.921735e-01 1.653779e+01 0 9470993
6.764913e+13 1.521287e+14 3.241048e+13 5.905715e-01 7.962947e-01 -1.309201e-01 -1.945891e+01 0 3784719
-2.252591e+13 -1.297889e+14 1.108936e+14 -6.277439e-01 -1.391512e-01 7.658816e-01 -9.432212e+00 0 11785838
1.633272e+14 1.227372e+13 -4.756467e+13 7.765792e-01 -2.672773e-01 5.705152e-01 -1.607542e+01 0 11549196
1.578130e+14 7.327220e+12 -6.922993e+13 9.501112e-01 -9.315779e-02 -2.976749e-01 -1.388630e+01 0 141969
1.166814e+14 -3.902115e+13 1.184264e+14 9.803715e-01 1.026117e-01 -1.683524e-01 1.163629e+01 0 1514801
-8.495595e+13 1.444653e+14 -2.732618e+13 -6.702301e-01 7.404348e-01 5.047668e-02 7.955587e+00 0 754267
-1.660768e+14 -1.810610e+13 -3.719456e+13 -3.575538e-01 -7.080837e-01 -6.089111e-01 -4.097136e+00 0 5356323
-1.140967e+11 3.255933e+13 1.697980e+14 -3.572666e-01 7.059667e-02 9.313306e-01 -1.117668e+01 0 16920270
-9.099586e+13 -1.371575e+14 7.094776e+13 1.361627e-02 -4.704974e-01 8.822963e-01 1.861535e+01 0 6066838
1.098821e+14 -1.073625e+14 7.494577e+13 1.659200e-01 -6.486167e-01 7.428102e-01 -9.183861e+00 0 2203524
2.148482e+13 1.434013e+14 -9.165663e+13 4.289137e-02 9.223448e-01 3.839796e-01 1.527465e+01 0 8704505
1.086173e+14 -3.973229e+12 -1.354094e+14 6.340666e-01 -7.051394e-01 -3.173925e-01 -1.611685e+01 0 2564951
9.156077e+13 -3.577603e+13 -1.384312e+14 1.786410e-01 1.269287e-01 -9.756928e-01 6.645838e+00 0 10999354
1.230788e+14 -9.030363e+13 7.685970e+13 3.597997e-01 -8.003447e-02 9.295906e-01 5.512763e+00 0 144202
-1.030536e+14 3.581438e+13 -1.302740e+14 -9.462500e-01 1.881768e-02 -3.228883e-01 6.051442e+00 0 924550
-3.714613e+13 1.478229e+14 9.316710e+13 -8.316542e-01 5.048034e-01 2.313543e-01 1.623466e+01 0 874799
-1.077071e+14 -1.087217e+14 -7.374344e+13 -8.102260e-01 -3.605558e-01 4.620967e-01 -5.103048e+00 0 9
4.760860e+13 1.118081e+14 1.249230e+14 1.863541e-01 7.302922e-02 9.797647e-01 -1.211133e+01 0 1679807
5.237864e+13 2.177616e+13 -1.632950e+14 -1.998665e-02 -2.165227e-01 -9.760730e-01 6.479589e+00 0 5453286
6.860781e+12 -1.263843e+14 -1.147545e+14 -1.660626e-01 -7.554507e-01 -6.338119e-01 -1.022855e+01 0 3968521
1.210045e+14 -1.025914e+14 -9.759984e+13 8.225298e-01 -5.606653e-01 -9.538935e-02 1.536436e+01 0 6543731
1.928540e+13 1.349771e+14 1.010215e+14 6.373928e-01 7.301609e-01 2.461616e-01 4.658867e+00 0 851902
-1.540787e+14 -5.399618e+13 5.116382e+13 -8.113488e-01 -4.009472e-01 -4.253874e-01 1.716972e+01 0 5345787
-1.571796e+14 5.127302e+13 6.265393e+13 -3.689488e-01 2.074429e-01 9.060045e-01 7.700085e+00 0 6536202
8.602482e+13 -4.145270e+13 -1.451343e+14 6.885066e-01 -4.968106e-01 -5.283350e-01 -7.345439e+00 0 143278
1.204171e+14 -1.101571e+14 1.175843e+14 7.935691e-01 -2.692760e-01 5.456542e-01 1.386233e+01 0 9782995
-9.515264e+13 8.624634e+13 -1.479107e+14 -7.369392e-01 1.631920e-01 -6.559641e-01 2.126761e+01 0 3598064
-1.022861e+13 -1.200148e+13 -1.735367e+14 1.179829e-01 -7.025194e-01 -7.018166e-01 1.153968e+01 0 171134
8.918474e+13 1.798308e+13 -1.438548e+14 -2.561730e-01 7.506463e-01 -6.090202e-01 1.301916e+01 0 2671775
1.785560e+13 7.913714e+13 -1.533909e+14 -2.508674e-01 1.341989e-01 -9.586742e-01 7.067129e+00 0 610808
-1.353160e+12 1.109819e+14 -1.331501e+14 5.431956e-01 8.371390e-01 6.431814e-02 1.780580e+01 0 151748
-8.646233e+13 1.502408e+14 -3.920026e+12 -4.921254e-01 2.997830e-01 8.172776e-01 -1.559888e+01 0 5467155
-1.237817e+13 7.164069e+13 1.872702e+14 -2.456480e-01 -2.194619e-01 9.441893e-01 -1.661134e+01 0 10379945
-1.098293e+14 -1.332214e+14 2.252861e+12 -2.220578e-01 -6.533015e-01 7.238007e-01 -1.104813e+01 0 6383930
-1.009063e+13 -4.058083e+13 1.650166e+14 -3.490432e-01 -7.740679e-03 9.370747e-01 -1.372608e+01 0 2969090
1.582440e+14 8.925823e+13 6.300512e+13 5.727802e-01 5.440706e-01 6.131150e-01 -1.708978e+01 0 5780105
1.400510e+14 -9.454283e+13 -6.142335e+13 4.398470e-01 -8.975238e-01 -3.139527e-02 -1.773421e+01 0 7724795
1.550552e+14 -2.095925e+13 -8.439318e+13 7.838847e-01 -6.123342e-01 -1.028186e-01 -1.644221e+01 0 6287412
1.621992e+13 1.240559e+14 -1.155368e+14 7.931777e-01 4.853371e-02 -6.070532e-01 1.173967e+01 0 2814955
-1.059790e+14 -7.731690e+13 -1.178402e+14 -6.208085e-01 -7.182084e-01 -3.142826e-01 -1.441949e+01 0 24620
-1.014914e+14 -1.285706e+14 -9.694408e+13 -8.119581e-02 -8.186903e-01 -5.684659e-01 1.896041e+01 0 7248610
-1.427704e+14 -7.137189e+13 8.322108e+13 -9.728226e-01 1.313213e-01 -1.907115e-01 2.852976e+01 0 2358927
-9.286899e+12 1.627241e+14 -1.108488e+14 -4.232582e-02 8.560393e-01 -5.151749e-01 -1.480773e+01 0 3336734
-1.398684e+14 7.370804e+13 8.033011e+13 -9.865637e-01 -1.074294e-01 -1.230890e-01 -9.998762e-01 0 2370700
1.414077e+14 7.958045e+13 -5.013316e+13 3.421421e-01 7.722488e-01 -5.353229e-01 -3.728104e+00 0 1330202
1.828877e+13 1.697379e+14 2.180101e+13 -3.944172e-01 8.177317e-01 -4.192254e-01 -4.904223e+00 0 302118
5.855552e+13 -7.366835e+13 -1.451153e+14 2.515424e-02 -4.418227e-01 -8.967497e-01 -7.101304e+00 0 260196
6.009925e+13 1.417657e+14 7.275854e+13 -5.879873e-01 8.062837e-01 6.463339e-02 1.949975e+01 0 151147
-9.806488e+13 -2.946881e+13 1.474998e+14 -5.898262e-01 -4.763261e-01 6.520878e-01 -4.785804e+00 0 5676999
7.826289e+13 6.616711e+13 1.418356e+14 4.889073e-01 7.264386e-01 4.829664e-01 1.579194e+01 0 2379536
5.130147e+13 -1.622838e+14 4.448626e+13 9.120062e-01 -2.707083e-01 -3.081587e-01 -5.712744e+00 0 1680825
1.699276e+13 -1.547239e+14 1.185368e+14 6.949243e-02 -1.969309e-01 9.779514e-01 1.600576e+01 0 19076121
2.564629e+13 3.517043e+13 1.646270e+14 1.698917e-01 1.139672e-01 9.788505e-01 2.453966e+00 0 4942922
1.100014e+14 9.961442e+13 9.270800e+13 2.313684e-01 7.705758e-01 5.938700e-01 1.785595e+01 0 2456285
1.002738e+14 1.295212e+14 -9.481260e+13 4.578709e-01 6.696678e-01 -5.847215e-01 -9.369444e+00 0 4006909
-2.238315e+13 -1.681962e+14 -8.462936e+13 -4.774650e-01 -8.755053e-01 -7.428152e-02 -1.570145e+01 0 2777571
2.163001e+14 -1.073778e+14 7.677054e+13 4.341296e-01 -8.522512e-01 2.918893e-01 -2.871719e+01 0 2926467
-1.489013e+13 1.490061e+14 7.992502e+13 -8.794444e-02 5.839440e-01 -8.070162e-01 -5.266913e+00 0 1177897
3.245621e+13 -9.112895e+13 1.415438e+14 2.711208e-01 -8.611055e-01 4.301055e-01 1.219546e+01 0 11764837
-1.494258e+14 -8.140775e+13 9.910523e+12 -9.220109e-01 3.648369e-02 3.854412e-01 -1.303594e+01 0 580922
4.880025e+13 3.717590e+13 1.590532e+14 8.924288e-01 -2.141586e-01 3.971234e-01 7.349345e+00 0 7751330
2.142631e+13 1.479278e+14 -8.552855e+13 -4.076947e-01 3.094446e-01 -8.590862e-01 -6.128261e+00 0 4624865
-4.415770e+13 -9.960734e+13 -1.311048e+14 6.010905e-01 -3.042598e-01 -7.389967e-01 8.694209e+00 0 24139346
-1.816275e+11 -1.056257e+14 1.639713e+14 1.984041e-01 1.855515e-01 9.623962e-01 -1.438153e+01 0 591802
-3.553943e+13 2.003592e+13 -1.683416e+14 2.326391e-03 -3.857878e-01 -9.225846e-01 -1.368238e+01 0 13053255
-1.295474e+14 -6.928233e+13 -9.069355e+13 -9.384938e-01 3.430819e-01 -3.904025e-02 -1.847457e+01 0 30270723
-8.367812e+13 -8.752822e+13 1.283219e+14 -3.100243e-01 -8.901220e-01 3.340175e-01 1.585033e+01 0 2712927
6.721123e+13 1.456448e+14 -7.666289e+13 8.934008e-01 4.059419e-01 -1.924739e-01 6.174007e+00 0 8069414
-5.083108e+13 -1.531219e+14 6.452993e+13 -3.720938e-01 -8.819302e-01 2.893879e-01 -9.160104e+00 0 3205334
4.236732e+13 1.425528e+14 -9.002068e+13 4.751862e-01 1.199008e-01 -8.716776e-01 4.873934e+00 0 1140560
-3.629662e+13 -1.609622e+14 -3.947195e+13 -2.946895e-01 -7.806078e-01 -5.511893e-01 1.939277e+01 0 2712783
1.366242e+14 1.006533e+14 -5.240735e+13 7.298317e-01 3.174430e-01 -6.054549e-01 8.658327e+00 0 5765401
-7.245987e+13 5.741953e+13 -1.461765e+14 -6.876676e-01 3.500414e-01 -6.360694e-01 -1.608093e+01 0 748059
-1.140138e+14 -1.010899e+14 -7.448884e+13 -4.804296e-01 -7.330900e-01 4.814213e-01 1.231626e+01 0 1998442
1.674951e+14 2.988209e+13 -4.126115e+12 9.532098e-01 2.791864e-01 1.159566e-01 5.432609e+00 0 91748
1.591209e+14 5.339267e+13 3.809535e+13 6.482060e-01 5.777615e-01 4.960047e-01 8.286385e+00 0 10531485
-1.117475e+14 -5.769581e+13 -1.138747e+14 3.701636e-01 -3.015091e-02 -9.284771e-01 6.791279e+00 0 7
9.359284e+13 5.199603e+13 -1.529638e+14 7.475884e-01 -1.844472e-01 -6.380367e-01 1.328348e+01 0 27965
-1.341044e+14 -1.072923e+14 4.964949e+13 -7.983329e-01 -5.361476e-01 2.742451e-01 1.625029e+01 0 774495
1.265391e+14 -8.911744e+13 9.233881e+13 8.283778e-01 -2.711842e-01 4.901525e-01 1.623484e+01 0 3114089
6.752610e+13 -9.382885e+13 -1.259952e+14 -3.801647e-01 -1.500492e-01 -9.126664e-01 4.769662e+00 0 2150256
1.453530e+14 9.632896e+13 -3.165177e+13 -1.518807e-01 9.725849e-01 1.760990e-01 2.250653e+01 0 12785160
-8.792813e+12 -1.296840e+14 -1.111628e+14 -7.769019e-01 -6.248264e-01 7.755937e-02 9.277263e+00 0 19439902
3.524189e+13 -1.602836e+14 -4.314432e+13 7.686599e-01 -1.492630e-01 6.219988e-01 1.854738e+01 0 3099797
9.290817e+13 1.915454e+13 1.476148e+14 -5.445916e-01 -2.911496e-01 7.865443e-01 1.051550e+01 0 5000988
8.276020e+13 1.037462e+14 -1.138320e+14 1.475976e-02 9.869140e-01 -1.605703e-01 1.354802e+01 0 2154975
-1.415544e+14 8.656384e+13 -4.849163e+13 7.820805e-02 9.007413e-01 -4.272570e-01 5.466159e+00 0 6809946
1.719355e+14 1.150900e+13 -2.627073e+13 7.790743e-01 1.698889e-01 6.034741e-01 -1.689661e+01 0 279666
-9.087939e+13 -1.393803e+14 4.341194e+13 -2.196591e-01 -7.844762e-01 -5.799543e-01 -9.040339e+00 0 1691972
-2.025554e+13 -1.386934e+14 -1.075881e+14 1.346982e-01 -8.726634e-01 -4.693773e-01 -1.340321e+01 0 17365718
-1.662215e+14 -1.879273e+13 -2.845526e+13 -8.951216e-01 2.816614e-01 3.455780e-01 1.423337e+00 0 857194
3.301849e+13 6.121481e+13 -1.554613e+14 6.166491e-01 3.509765e-03 -7.872303e-01 -1.296582e+01 0 2227385
8.587737e+13 -1.268863e+14 8.041950e+13 -1.188870e-01 -9.618377e-01 -2.464427e-01 -1.718770e+01 0 5326313
1.623698e+14 1.300512e+14 -6.858478e+13 5.943834e-01 6.832019e-01 -4.241977e-01 2.222205e+01 0 6912042
-4.998972e+13 -1.626198e+14 -2.049552e+13 -5.358670e-01 -2.262068e-01 8.134353e-01 9.646443e+00 0 4169613
-5.002770e+13 -1.613686e+14 3.238250e+13 -2.900967e-01 -8.883326e-01 3.559623e-01 -8.303212e+00 0 7893118
6.504741e+13 -7.053907e+13 1.432808e+14 -4.220309e-01 -2.927131e-01 8.580262e-01 1.489771e+01 0 3326950
-1.646324e+14 4.421594e+13 2.463010e+13 -4.083841e-01 2.866290e-01 -8.666408e-01 2.063352e+01 0 8747884
-3.469564e+12 2.321825e+13 -1.696493e+14 -1.269812e-01 -6.327624e-01 -7.638635e-01 -8.158871e+00 0 5037644
-1.478798e+14 9.187350e+13 8.047252e+12 -7.650633e-01 1.690629e-01 6.213662e-01 -6.001282e+00 0 14889967
1.268352e+14 1.639324e+13 1.149351e+14 1.529997e-01 8.978589e-01 4.128444e-01 -2.576686e+00 0 2292966
1.425978e+14 7.750400e+13 6.030139e+13 8.533799e-01 4.984478e-01 1.526190e-01 -6.902630e+00 0 2598782
1.852525e+14 9.582384e+13 -3.851110e+11 8.078693e-01 5.502011e-01 2.112485e-01 -1.571081e+01 0 115166
5.217009e+13 -5.571343e+13 -1.742298e+14 2.467708e-01 -6.251145e-01 -7.404971e-01 1.742834e+01 0 16008587
1.623330e+14 4.900672e+13 9.689298e+12 7.972986e-01 4.515948e-01 4.004711e-01 9.042051e+00 0 3134911
-7.042030e+13 1.514111e+14 3.700047e+13 -6.412739e-01 6.144564e-01 4.595771e-01 -5.325205e+00 0 6574107
-5.302843e+13 -1.706900e+14 1.091048e+13 2.597388e-01 -7.343482e-01 6.271112e-01 1.769585e+01 0 14788119
1.599843e+14 -9.124764e+13 7.067703e+13 2.649366e-01 -9.591782e-01 -9.892311e-02 -2.936088e+01 0 7073489
-8.939571e+13 -3.092099e+13 -1.410915e+14 -4.923704e-01 8.500256e-01 -1.871575e-01 -7.393114e+00 0 21716
-7.970847e+13 1.343176e+14 -7.245493e+13 -9.525134e-01 3.015611e-01 4.217897e-02 -2.577956e+00 0 47698
4.822069e+13 -1.644525e+14 7.423794e+12 -1.334388e-01 -3.798504e-01 9.153730e-01 9.519772e+00 0 15177512
-1.571306e+14 4.287522e+13 -5.007555e+13 -2.142063e-01 8.873973e-01 -4.082178e-01 -1.258220e+01 0 3182936
8.560636e+13 1.481552e+14 1.823947e+13 7.665786e-01 5.802892e-01 2.749941e-01 1.114386e+01 0 3839256
1.376017e+14 3.245335e+13 1.467475e+14 5.330248e-01 7.318557e-02 8.429285e-01 1.676671e+01 0 4625832
-7.082786e+13 7.157371e+13 -1.365944e+14 -3.198730e-01 -8.990888e-02 -9.431848e-01 -1.870920e+01 0 4759816
-5.431644e+13 -1.250020e+14 1.052035e+14 -4.262936e-01 -8.718461e-01 -2.411599e-01 5.054445e+00 0 7600431
-5.739980e+13 -6.472972e+12 -1.635495e+14 4.636170e-01 -4.316770e-01 -7.737662e-01 1.369843e+01 0 867596
2.960842e+13 1.392396e+14 9.247078e+13 1.845994e-01 2.664700e-01 9.460004e-01 -1.209363e+01 0 2710640
1.387150e+14 -9.432234e+13 -5.467139e+13 3.567198e-03 -7.535861e-01 -6.573396e-01 -2.758535e+01 0 393580
-7.470894e+12 -1.664786e+14 -3.287638e+13 -8.470035e-01 -3.347373e-01 4.129601e-01 -1.675095e+01 0 15936935
6.799253e+13 -2.439753e+13 -1.555858e+14 6.465192e-01 2.614831e-01 -7.166865e-01 7.216498e+00 0 341684
1.651895e+14 4.335138e+13 -3.538614e+12 9.233153e-01 1.417452e-01 3.569274e-01 9.966207e+00 0 195620
2.209993e+13 -1.437659e+14 8.764074e+13 7.278662e-01 -1.867929e-01 6.597873e-01 -4.570971e-02 0 2023699
6.181858e+13 -1.424797e+14 -7.638639e+13 -4.012526e-01 -7.570149e-01 -5.156789e-01 -1.406447e+01 0 1702143
1.907615e+13 -1.129645e+14 -1.420807e+14 3.368515e-01 -8.104263e-01 -4.793122e-01 -1.902986e+01 0 11155243
-8.446845e+13 1.481646e+14 -9.066053e+12 4.984980e-01 7.109302e-01 4.960625e-01 -2.062717e+01 0 3186034
-1.484469e+14 9.151272e+13 4.951678e+12 -9.027121e-01 -2.862013e-01 -3.212470e-01 1.765262e+01 0 14
1.602071e+14 -6.406660e+13 -9.885808e+12 4.691050e-01 -5.586106e-02 -8.813740e-01 -1.060310e+01 0 2671076
-9.462449e+13 -5.668490e+13 1.290264e+14 -8.664446e-01 3.471768e-01 3.588062e-01 1.588076e+00 0 537899
-1.967505e+14 1.093887e+13 5.617153e+13 -8.334452e-01 -2.675249e-01 4.835283e-01 -1.312591e+01 0 4310560
2.601216e+13 1.737878e+13 -1.827635e+14 5.602869e-01 6.772959e-01 -4.768112e-01 1.147096e+01 0 13679009
6.391706e+13 -1.621023e+14 2.737274e+13 -6.487396e-01 -7.347896e-01 -1.980432e-01 -2.113728e+01 0 3911611
9.645018e+13 2.346090e+13 1.376514e+14 5.639634e-01 4.030435e-01 7.207643e-01 7.038358e+00 0 900832
2.241087e+14 -4.776710e+13 8.879778e+13 9.738047e-01 8.053048e-02 2.126484e-01 -2.346053e+01 0 3243547
-1.043934e+14 1.218509e+13 -1.806411e+14 -3.806692e-01 4.163757e-01 -8.256647e-01 -2.563464e+01 0 1760999
-2.846741e+13 1.042901e+14 -1.329534e+14 -1.190621e-01 2.589051e-01 -9.585366e-01 -5.246238e+00 0 1974996
-9.117955e+13 1.457459e+14 5.567886e+12 -9.753581e-01 1.194460e-01 -1.854972e-01 1.441438e+01 0 3
-4.234682e+13 -6.863347e+13 -1.519774e+14 -3.939288e-01 -5.563755e-01 -7.316190e-01 -1.290087e+01 0 1240465
4.165918e+13 1.004146e+14 1.374407e+14 5.663432e-01 -9.141682e-02 8.190838e-01 -1.933893e+01 0 15808409
1.593239e+14 -8.100137e+13 -6.657875e+12 1.019901e-01 -9.861422e-01 1.308498e-01 6.095993e+00 0 933783
-1.326931e+14 -1.024336e+14 3.058841e+13 -8.423893e-01 -5.370067e-01 -4.476716e-02 2.536869e+00 0 5191865
-7.092404e+13 -1.142570e+14 -1.038724e+14 -9.200861e-01 1.149863e-01 -3.744593e-01 -9.209949e+00 0 2
4.713258e+13 -5.712170e+13 -1.535539e+14 -6.562631e-01 -6.207791e-01 -4.288962e-01 8.494823e+00 0 1903778
9.550349e+13 5.110129e+13 -1.309287e+14 7.052142e-01 6.789307e-01 -2.042697e-01 5.766221e+00 0 2309270
-7.264344e+13 6.637355e+13 1.439067e+14 -1.468116e-01 9.514436e-01 2.705576e-01 -1.791620e+01 0 4037114
-8.960542e+13 5.732906e+13 1.362860e+14 -7.589563e-01 -5.833512e-01 2.892864e-01 1.819893e+01 0 3000155
-6.374434e+13 1.151601e+14 -1.228671e+14 2.016558e-01 5.219123e-01 -8.288199e-01 8.153897e+00 0 534172
-1.190429e+14 3.682121e+13 1.151204e+14 -6.694622e-01 6.973327e-01 2.560225e-01 2.820732e+00 0 2165473
-1.469299e+14 5.485523e+13 -7.524140e+13 -3.792962e-01 8.900657e-01 -2.528189e-01 7.900258e+00 0 1045793
2.785853e+13 7.794039e+13 1.521885e+14 -1.550205e-01 9.411753e-01 3.002628e-01 -1.627186e+01 0 19849124
1.300223e+13 -1.076485e+14 -1.316683e+14 1.019729e-01 -1.193452e-01 -9.876023e-01 8.832573e+00 0 3130853
-3.687044e+13 -1.214335e+14 1.150481e+14 -3.040873e-01 -7.215663e-01 6.219912e-01 4.829670e+00 0 2691486
-2.985932e+13 8.405973e+13 -1.495430e+14 -5.710419e-01 6.401160e-01 -5.139675e-01 2.237208e+01 0 8497119
4.319763e+13 -1.397650e+14 8.770782e+13 5.326975e-01 -7.233482e-01 -4.393186e-01 -2.046379e+00 0 142607
1.151197e+13 -1.090066e+14 -1.807269e+14 -2.630107e-01 -8.669927e-01 -4.232599e-01 -1.892585e+01 0 14140700
1.155430e+14 3.598450e+13 1.292536e+14 -1.735833e-01 6.028469e-01 7.787454e-01 1.521013e+01 0 18058190
-7.984081e+13 -9.282471e+13 -1.212406e+14 -3.053112e-01 -1.580693e-01 -9.390416e-01 1.599536e+01 0 6997212
-2.516236e+13 1.064913e+14 -1.523753e+14 -3.592669e-01 6.610692e-01 -6.587221e-01 -1.544770e+01 0 5489752
1.478515e+14 9.595117e+13 -8.011940e+12 9.450842e-01 5.884033e-02 -3.214867e-01 -1.617733e+01 0 405413
8.799402e+13 8.311362e+13 -1.188307e+14 4.204611e-01 1.613790e-01 -8.928434e-01 5.009503e+00 0 167840
1.182661e+14 1.292241e+14 -1.856713e+12 7.157624e-01 6.774385e-01 1.695917e-01 -1.430737e+01 0 3453211
-1.014781e+14 2.859293e+13 -1.361999e+14 -9.260649e-01 3.362084e-01 -1.713700e-01 1.135728e+01 0 3141437
-2.819830e+12 5.723111e+13 1.623769e+14 1.723776e-01 6.129365e-02 9.831221e-01 -1.083312e+01 0 70421
-1.192871e+14 1.215498e+14 -5.188746e+12 -9.455007e-01 -1.990772e-01 -2.576755e-01 -5.196745e+00 0 1211240
-7.687367e+13 -1.042227e+13 1.677422e+14 -5.414412e-02 -9.103723e-02 9.943745e-01 -9.216765e+00 0 594634
-1.277705e+14 1.114826e+14 2.372586e+13 -6.802902e-01 5.783800e-01 4.502019e-01 -6.786784e+00 0 215139
1.734588e+14 -4.935223e+13 1.130626e+13 9.540579e-01 -2.987831e-01 -2.240752e-02 -8.932755e+00 0 5102802
1.624774e+14 2.987295e+12 -5.949388e+13 6.042605e-01 5.909158e-01 -5.344976e-01 9.787022e+00 0 1867325
8.270951e+13 -1.416525e+14 4.534318e+13 4.441511e-01 -8.735612e-01 1.990491e-01 -3.472810e+00 0 199737
-1.263808e+14 -1.089300e+14 -3.288199e+13 1.038374e-01 -9.381892e-01 3.301799e-01 -1.430965e+01 0 5450940
1.491800e+14 9.443056e+13 1.789785e+13 -1.638022e-01 9.758252e-01 -1.446860e-01 1.844755e+01 0 5089939
6.328858e+12 -1.006081e+14 1.373036e+14 1.837790e-01 -7.452478e-01 6.409610e-01 -7.092908e+00 0 7769691
1.128545e+14 -1.242498e+14 -4.572781e+13 8.724139e-01 -9.079203e-03 -4.886835e-01 1.801680e+01 0 3028072
-1.720255e+14 3.717736e+12 -2.154004e+13 -5.691671e-01 -7.241071e-02 -8.190272e-01 8.608090e+00 0 5789723
-1.868056e+14 3.430045e+13 9.166942e+12 -9.557795e-01 6.642062e-02 -2.864854e-01 2.376318e+01 0 3190291
4.561393e+13 -6.268986e+12 1.642159e+14 -6.610911e-02 2.266421e-01 9.717319e-01 -8.301948e+00 0 817634
-6.447161e+12 1.247129e+14 1.327250e+14 5.985748e-01 3.992443e-01 6.944870e-01 1.170342e+01 0 4219837
1.556358e+14 -9.517198e+13 3.393389e+13 9.711930e-01 -2.220691e-01 -8.642577e-02 1.283148e+01 0 3280200
-4.291369e+13 1.640971e+14 3.825584e+13 2.617051e-01 9.648335e-01 2.463327e-02 -1.158694e+01 0 871905
2.481784e+13 9.482209e+13 -1.397718e+14 3.382925e-01 8.854546e-01 -3.186352e-01 3.262340e+00 0 4479005
-1.172654e+14 1.040171e+14 -6.926007e+13 -3.104550e-01 9.249307e-01 -2.193649e-01 -1.555664e+01 0 415927
6.350133e+13 -1.680091e+14 -1.570835e+13 3.815778e-01 -9.243365e-01 6.179140e-04 -1.183910e+01 0 6015828
2.475571e+13 -1.538617e+14 9.274369e+13 4.623405e-01 -8.848842e-01 5.675568e-02 -8.854592e+00 0 1485515
-8.346022e+13 1.354290e+14 6.176051e+13 -4.056922e-01 -5.332245e-02 9.124531e-01 9.960033e+00 0 563402
-1.274206e+14 9.208326e+13 -6.445805e+13 -9.075623e-01 -2.452764e-01 -3.408375e-01 -1.534489e+01 0 2571256
-2.822988e+13 -1.585257e+14 6.115687e+13 -3.088781e-01 -9.500925e-01 4.380213e-02 2.032859e+01 0 4936006
6.321520e+13 1.948274e+14 -4.263017e+13 1.555467e-01 9.862316e-01 5.614652e-02 2.247230e+01 0 1285857
5.012822e+13 -1.378889e+14 -9.222990e+13 -4.584330e-02 -9.986374e-01 -2.493369e-02 4.430146e+00 0 7894424
-1.215711e+14 -1.169806e+14 3.530948e+13 -8.296322e-01 -5.553674e-01 5.724841e-02 -1.465509e+01 0 856498
4.325477e+13 1.415125e+14 -8.443942e+13 4.999982e-01 8.470028e-01 1.805215e-01 -9.597056e+00 0 1
3.008662e+12 1.656597e+14 -4.262985e+13 -1.012761e-01 6.003052e-01 -7.933328e-01 -1.051623e+01 0 6285139
7.940835e+13 -1.033336e+14 1.093128e+14 -1.270207e-01 -7.152202e-01 6.872596e-01 2.804399e+00 0 41453
-1.027515e+14 1.341906e+14 -3.983308e+13 5.923058e-01 7.506487e-01 -2.927462e-01 6.863156e+00 0 595769
9.116061e+13 1.552408e+14 -7.248838e+13 8.260755e-01 3.385223e-01 -4.505573e-01 9.075403e+00 0 27137854
5.333145e+13 1.555763e+14 -4.626836e+13 3.024342e-02 5.514505e-01 -8.336592e-01 -4.889500e+00 0 4066544
-1.681287e+14 1.749078e+13 -1.564263e+13 -7.516996e-01 6.587882e-01 -3.075389e-02 4.880718e+00 0 337193
6.780406e+13 -1.608143e+14 -1.154470e+13 4.435088e-02 -6.786039e-01 7.331642e-01 -1.659286e+01 0 1757419
-9.422441e+13 -9.642345e+13 -1.103943e+14 -6.296377e-01 -2.710402e-01 -7.280752e-01 5.918728e+00 0 2304882
1.088168e+14 -6.192599e+13 -1.173899e+14 6.876017e-01 -4.025778e-01 -6.042640e-01 2.698151e+00 0 2491709
-5.538697e+13 -1.016749e+14 -1.243046e+14 -7.594412e-01 2.465183e-01 -6.020613e-01 -1.526676e+01 0 323771
-1.004014e+14 -1.059246e+14 8.730260e+13 -9.017071e-01 1.499720e-01 4.055029e-01 -9.510633e+00 0 2829529
5.493810e+11 -1.041210e+14 -1.632172e+14 6.050672e-01 -4.780650e-01 -6.366691e-01 2.287732e+01 0 12621696
2.538568e+13 1.690157e+14 3.565309e+13 4.479983e-01 8.938144e-01 1.983098e-02 8.229007e+00 0 4458038
-1.516292e+14 7.977278e+13 -4.323297e+13 -4.095985e-01 8.754152e-01 2.566657e-01 -1.429806e+01 0 3169309
1.137754e+14 5.412200e+13 -1.136278e+14 5.883024e-01 7.196736e-01 -3.687415e-01 7.735626e+00 0 301378
8.844124e+13 -8.208757e+13 1.241437e+14 -5.057199e-02 5.900231e-02 9.969760e-01 -1.098560e+01 0 4549504
4.367964e+13 1.484437e+14 -7.240114e+13 2.578581e-01 9.528088e-01 1.602014e-01 7.038087e+00 0 4414925
6.659744e+13 1.641977e+14 -2.474656e+13 7.460274e-01 5.637079e-01 3.545088e-01 -2.359504e+01 0 6985140
-2.830847e+13 -8.898966e+13 1.761135e+14 -7.958389e-01 -4.180608e-01 4.380246e-01 -2.627651e+01 0 6240968
5.055173e+13 -1.180544e+14 1.207830e+14 2.338740e-01 -1.216089e-02 9.721909e-01 -9.613721e+00 0 3566601
2.595551e+13 2.421888e+13 -1.689757e+14 3.136619e-01 5.988278e-01 -7.368999e-01 -9.038453e+00 0 8195262
1.523993e+14 -1.482207e+13 8.197134e+13 5.053267e-01 -2.293284e-01 8.318974e-01 -2.040326e+01 0 1701618
-1.598330e+14 -5.995507e+13 8.027367e+12 -9.656900e-01 -2.367467e-01 -1.067417e-01 1.429020e+01 0 13895648
-8.079344e+13 -1.522444e+14 -2.715743e+13 -3.623470e-01 -4.768729e-01 8.008101e-01 1.372549e+01 0 1817876
6.909887e+13 1.079925e+14 1.345066e+14 5.595342e-02 4.916784e-01 8.689773e-01 -1.234292e+01 0 14559469
-1.794296e+14 -2.046816e+13 3.556274e+13 -8.343268e-01 4.110007e-01 3.673925e-01 -2.274399e+01 0 800854
-6.092970e+13 -7.376358e+12 -1.691510e+14 1.565287e-01 -1.063788e-01 -9.819278e-01 -6.720338e+00 0 5014857
-8.045442e+13 -4.474369e+13 -1.431856e+14 -8.889597e-01 -4.254535e-02 -4.560050e-01 5.663479e+00 0 690692
-8.845231e+13 1.444926e+14 6.627936e+13 -1.444529e-01 8.859168e-01 4.407775e-01 7.196913e+00 0 1777210
6.390242e+13 9.195071e+13 -1.407583e+14 4.050307e-01 6.235957e-01 -6.686394e-01 9.864919e+00 0 3737702
1.644331e+14 -1.583565e+13 -4.068319e+13 2.271287e-01 -9.705223e-01 8.061656e-02 1.373227e+00 0 1334020
-1.308508e+14 -4.815828e+13 -9.799026e+13 -6.616653e-01 3.861793e-01 -6.427010e-01 5.314012e+00 0 616623
5.701554e+13 5.465554e+13 -1.510405e+14 -1.435931e-04 9.959216e-01 -9.022314e-02 -3.362426e+00 0 717126
-1.510539e+14 1.766634e+13 8.727811e+13 -1.393707e-01 -3.893722e-01 9.104752e-01 1.936678e+01 0 1566053
9.879551e+13 -6.904383e+13 -1.204217e+14 6.111371e-01 1.966157e-01 -7.667162e-01 1.013036e+00 0 10971592
3.064701e+13 8.776227e+13 -1.440946e+14 2.782513e-01 1.748362e-01 -9.444620e-01 9.392216e+00 0 2284111
-1.349043e+13 1.127370e+14 -1.323555e+14 -5.325143e-01 6.972708e-01 -4.798354e-01 -7.659624e+00 0 5579300
1.367909e+14 6.915635e+13 -7.261703e+13 -2.670413e-01 2.828940e-01 -9.212274e-01 3.164806e+00 0 205409
9.103027e+13 1.052772e+14 -1.608598e+14 3.162646e-01 4.988846e-01 -8.069020e-01 -2.005700e+01 0 6833972
1.512567e+14 5.018915e+13 7.943983e+13 5.622009e-01 8.159410e-01 -1.347975e-01 -1.339697e+01 0 1434761
8.609693e+13 -3.778466e+13 1.520138e+14 4.801273e-01 4.281192e-01 7.656316e-01 -6.633756e+00 0 109159
1.481994e+14 4.078609e+13 9.188873e+13 8.993732e-01 -3.358587e-01 2.798692e-01 -2.373774e+01 0 623077
-1.032735e+14 -4.864373e+13 1.883811e+14 -6.081072e-01 -3.308619e-01 7.216204e-01 2.168879e+01 0 5534310
-1.620133e+13 -1.594936e+14 -5.581826e+13 -8.940552e-01 -3.958931e-01 -2.096042e-01 -3.040899e+00 0 2817651
1.366274e+14 9.866913e+13 -3.726740e+13 8.410088e-01 2.572794e-01 4.759322e-01 -6.439207e+00 0 4547089
9.819486e+13 -1.495264e+14 3.259787e+12 6.775158e-01 -6.062460e-01 4.164591e-01 2.350714e+01 0 10447248
-4.953840e+13 -1.574629e+14 1.116377e+14 -3.530120e-01 -8.546162e-01 3.808065e-01 1.187083e+01 0 3120032
9.896416e+13 3.041659e+13 1.345582e+14 9.307274e-01 1.040006e-01 3.506142e-01 -4.649402e+00 0 425350
1.217107e+14 8.941197e+13 -7.900731e+13 8.410627e-01 5.064892e-01 -1.899533e-01 -1.239783e+01 0 28399330
-7.350731e+13 -1.214671e+14 -9.415260e+13 -2.611989e-01 -6.111937e-01 -7.471395e-01 2.187434e+00 0 939922
1.667425e+14 2.182234e+13 3.394994e+13 2.209882e-01 -3.162348e-01 9.225832e-01 5.081274e+00 0 6778564
-1.192342e+13 9.095796e+12 -1.705820e+14 7.159584e-01 -4.628060e-01 -5.226989e-01 9.593990e-01 0 1832311
1.192469e+14 1.346403e+14 5.180561e+13 7.828385e-01 2.791267e-01 5.561044e-01 1.336312e+01 0 5511514
1.826929e+14 1.685189e+14 2.209706e+14 6.578696e-01 6.812985e-01 3.209983e-01 -1.834595e+01 0 5696435
-8.039634e+13 -1.474476e+14 2.417546e+13 -4.775898e-01 -8.733191e-01 -9.602951e-02 1.200206e+01 0 2093572
-1.123645e+14 -2.242684e+14 -1.307859e+14 -1.903841e-01 -8.412960e-01 -5.059396e-01 2.339446e+01 0 29631032
-5.595253e+12 1.766311e+14 5.819678e+12 -4.756228e-01 8.794249e-01 1.987135e-02 1.650852e+01 0 7774984
-3.389093e+13 -1.409720e+14 9.814697e+13 -2.248036e-01 -9.736102e-01 3.932544e-02 1.502563e+01 0 122942
3.453250e+12 1.518191e+14 7.575722e+13 1.794781e-01 9.537467e-01 -2.411531e-01 -1.029698e+01 0 4387689
7.255619e+13 5.409118e+13 1.608904e+14 8.025534e-01 1.167421e-02 5.964661e-01 1.297555e+01 0 213051
1.638060e+14 7.003755e+13 1.339710e+13 3.925356e-01 9.196541e-01 1.233488e-02 1.779282e+01 0 1593489
1.430648e+12 -1.281896e+14 -1.461550e+14 -7.338105e-01 -4.722466e-01 -4.883700e-01 -1.896625e+01 0 1542784
1.311256e+14 9.711568e+13 1.128702e+14 1.373664e-01 9.317692e-01 3.360605e-01 2.354816e+01 0 4211784
1.006828e+14 -5.934154e+13 1.233898e+14 4.316398e-01 -7.359502e-01 5.215980e-01 -8.828868e+00 0 3050792
3.653157e+13 -4.838117e+13 -1.588697e+14 7.363246e-01 -3.479498e-01 -5.803077e-01 -8.272627e+00 0 3707331
7.735960e+12 -4.398416e+12 -1.862961e+14 1.614009e-01 1.077728e-01 -9.809866e-01 1.376532e+01 0 2541920
1.447293e+14 -9.130432e+13 -1.227150e+12 -3.276569e-01 -9.445956e-01 -1.949713e-02 7.058743e+00 0 2934623
-9.977921e+13 -5.476848e+13 -1.272853e+14 -8.648771e-01 -2.333802e-01 -4.444336e-01 -8.980679e+00 0 9
8.118514e+11 -2.234868e+13 1.769314e+14 4.485904e-01 -2.499327e-01 8.580794e-01 1.271236e+01 0 5468963
3.658692e+13 4.470220e+12 1.709017e+14 8.981183e-01 -2.205437e-01 3.804524e-01 1.891481e+01 0 6951024
-8.784790e+13 1.040127e+13 -1.577353e+14 -4.922883e-01 2.168018e-02 -8.701622e-01 1.443411e+01 0 4987859
-1.171126e+14 -2.751753e+13 -1.204162e+14 -9.728747e-01 -5.194191e-02 -2.254258e-01 -1.260290e+01 0 2511920
-1.832937e+13 1.679211e+14 -3.011118e+13 9.548034e-02 9.377471e-01 -3.339371e-01 4.398786e+00 0 201760
5.219018e+13 -1.108097e+14 -1.255925e+14 4.900757e-01 -6.897725e-01 -5.329537e-01 -1.143147e+01 0 3345487
1.173808e+14 1.131519e+14 -5.078367e+13 -1.435100e-01 9.878037e-01 -6.040449e-02 -1.282640e+01 0 550236
-1.153703e+14 3.183195e+13 -1.252740e+14 7.192513e-02 9.654553e-01 -2.504454e-01 -2.177976e+01 0 2210431
4.339979e+13 1.638799e+14 3.142699e+13 5.469759e-01 7.485731e-01 -3.747742e-01 4.616069e+00 0 12311993
-6.014804e+13 -8.250862e+13 1.357628e+14 -6.362480e-01 4.874880e-01 5.979498e-01 1.643049e+01 0 14435313
1.648249e+14 4.549448e+13 -5.593743e+12 5.932836e-01 3.438593e-01 -7.278567e-01 -7.746882e+00 0 2757732
9.038861e+13 1.420226e+14 2.890388e+13 1.006145e-01 9.582086e-01 -2.677929e-01 1.065427e+01 0 5699855
5.161016e+13 8.510881e+13 1.533269e+14 3.155697e-01 8.142876e-01 4.871873e-01 1.679232e+01 0 1302577
7.521925e+13 -4.643870e+13 1.471016e+14 7.187197e-01 6.175791e-01 3.194338e-01 1.618593e+01 0 1249520
-1.701952e+14 -1.604284e+13 -2.260730e+12 -7.713925e-01 -1.009591e-02 -6.362796e-01 2.970854e+00 0 5215365
8.271137e+13 2.914409e+12 1.638651e+14 4.774415e-01 6.373334e-01 6.048601e-01 1.511174e+01 0 655625
1.321765e+14 -1.036172e+14 2.866956e+13 8.351225e-01 -5.221533e-01 -1.729922e-01 9.878786e+00 0 1
-1.004356e+14 3.685797e+13 -1.319764e+14 -1.449800e-01 -5.799420e-01 -8.016533e-01 1.077702e+01 0 3756532
1.839095e+14 -1.721862e+12 5.132688e+13 8.863053e-01 -4.535337e-01 -9.364850e-02 -2.136792e+01 0 4879175
1.389925e+14 6.079812e+13 -7.822845e+13 9.856754e-01 -1.361888e-01 9.948169e-02 1.047290e+00 0 1846427
6.148327e+12 -1.734176e+14 1.190765e+13 7.068160e-01 -6.308298e-01 3.201014e-01 -8.336936e+00 0 4699068
-8.148478e+13 -9.920886e+13 1.222684e+14 3.514189e-01 7.016835e-02 9.335851e-01 2.632935e+01 0 566450
1.225743e+14 -5.562291e+13 1.197831e+14 8.535908e-02 -9.220261e-01 3.775999e-01 -2.082468e+01 0 13177226
-1.232271e+14 1.367746e+14 -2.312863e+13 -8.230614e-01 5.630191e-01 -7.469585e-02 -8.103231e+00 0 14993096
1.890237e+13 1.667691e+14 -2.554274e+13 8.000041e-01 5.473108e-01 2.458543e-01 -7.229077e+00 0 40078
-4.482101e+13 -1.239924e+14 1.128175e+14 5.885591e-02 -8.929842e-01 4.462232e-01 1.191988e+01 0 8046137
-5.606881e+13 -9.650606e+13 1.369463e+14 -7.029044e-01 4.239278e-02 7.100199e-01 -1.882296e+01 0 7757363
-8.967282e+13 8.988817e+13 -1.126190e+14 -3.840654e-01 7.203232e-01 -5.776056e-01 1.599625e+00 0 610459
6.554898e+13 -3.611231e+13 -1.603358e+14 5.110010e-01 3.090537e-01 -8.020996e-01 2.121840e+01 0 15024925
-7.943277e+12 -1.540446e+14 -8.301222e+13 1.430160e-01 -9.061945e-01 3.979422e-01 8.576503e+00 0 9340032
3.661783e+12 9.020957e+13 -1.440353e+14 7.662675e-02 2.320119e-01 -9.696901e-01 9.922088e+00 0 2209682
5.263616e+11 1.666690e+14 -3.255210e+13 6.619003e-01 6.379223e-01 -3.936283e-01 -9.149683e-01 0 3857500
1.239277e+14 1.075252e+14 -5.435623e+13 5.700985e-01 7.180872e-01 3.991722e-01 -8.395153e+00 0 2825096
-2.438909e+13 1.333874e+14 -1.025188e+14 -1.872503e-01 7.809990e-01 -5.958002e-01 -1.065513e+01 0 1028385
-5.378215e+13 4.486371e+13 1.573672e+14 6.001455e-01 -4.749750e-01 6.436025e-01 1.378881e+01 0 14032140
-1.574969e+13 -1.595180e+14 -5.573476e+13 -1.014148e-01 -6.664425e-01 7.386267e-01 6.000400e+00 0 1076829
-9.456050e+13 -1.262955e+14 -7.341258e+13 -2.717220e-01 -7.958382e-01 -5.411181e-01 1.252655e+01 0 493291
-8.452673e+13 5.070106e+13 -1.424676e+14 -6.589275e-01 2.629493e-01 -7.047497e-01 4.947405e+00 0 19563525
1.471531e+14 6.913865e+13 4.931210e+13 -2.057242e-02 9.920971e-01 1.237742e-01 -4.653997e+00 0 15039698
2.210239e+13 -2.041046e+14 2.268285e+13 1.726479e-02 -8.724219e-01 -4.884485e-01 1.532344e+01 0 755075
1.343389e+14 1.112622e+14 -3.652501e+13 9.779055e-01 1.845560e-01 -9.818287e-02 -2.120603e+01 0 11164016
-7.730376e+13 1.571467e+14 3.042791e+13 -4.659974e-01 7.667101e-01 4.415903e-01 9.372993e+00 0 80755
-4.706248e+13 -1.714617e+14 1.802165e+13 -5.117437e-01 -8.234340e-01 2.451018e-01 -2.135205e+01 0 2507515
2.981978e+13 -1.664561e+14 2.625051e+13 -2.741921e-03 -5.834223e-01 8.121643e-01 3.599975e+00 0 2
1.289268e+14 -1.055076e+14 -3.604332e+13 7.806449e-01 -5.210595e-01 -3.450949e-01 1.262033e+01 0 3095885
-1.135394e+14 8.105147e+13 1.291461e+14 -8.559220e-01 -3.372717e-02 5.160038e-01 -1.404347e+01 0 1859771
-1.779599e+13 8.210689e+13 1.559173e+14 9.127711e-02 8.761164e-01 4.733799e-01 1.317659e+01 0 9281834
1.207413e+14 1.452481e+14 -9.921293e+12 4.252511e-01 9.024274e-01 6.918224e-02 1.616466e+01 0 6500971
6.930628e+13 -3.080658e+13 -1.552272e+14 3.666433e-01 9.159851e-02 -9.258415e-01 -1.304217e+01 0 1521980
-1.720613e+14 3.256339e+13 -3.273959e+12 -9.098710e-01 -4.114825e-01 5.307500e-02 1.323700e+01 0 408988
1.584258e+14 -1.776232e+13 -9.916041e+13 5.914137e-01 -3.913363e-01 -7.050430e-01 1.303826e+01 0 12562371
-1.529676e+14 -2.200408e+13 7.337583e+13 -9.276168e-01 -1.196923e-01 -3.538374e-01 1.273756e+01 0 211616
1.575344e+14 2.018121e+13 6.083798e+13 2.732858e-01 -4.980957e-01 8.229311e-01 -1.740701e+01 0 1266861
8.397914e+13 -1.129371e+14 9.833310e+13 -1.386387e-01 -9.064022e-01 3.990166e-01 -1.206490e+01 0 13940959
3.345009e+13 1.306767e+14 1.099354e+14 2.105596e-01 9.766279e-01 4.315805e-02 8.448492e+00 0 775996
1.191888e+14 -1.132002e+14 1.119909e+14 5.680274e-01 -8.010136e-01 1.890032e-01 2.123167e+01 0 8410521
-2.226412e+13 -1.212260e+14 1.178134e+14 -2.885936e-01 3.262599e-01 9.001490e-01 -9.015103e+00 0 4850280
-1.661873e+14 4.565352e+12 -3.902959e+13 -3.660267e-01 2.613758e-01 -8.931446e-01 -1.136105e+01 0 3988417
-1.020825e+14 1.639069e+13 -1.375199e+14 -2.873104e-01 7.788157e-01 -5.575831e-01 -9.694772e+00 0 953494
-1.543436e+14 5.530781e+13 -6.052741e+13 -8.618116e-01 -1.240589e-03 -5.072270e-01 1.258635e+01 0 7232345
7.576646e+13 6.230731e+13 1.525455e+14 3.332234e-02 7.807346e-01 6.239737e-01 -1.673963e+01 0 8384087
1.389857e+14 -3.652039e+13 9.103637e+13 2.271479e-01 -9.587217e-01 1.710452e-01 -9.676486e-01 0 4024759
1.380199e+14 -9.698364e+13 2.476405e+13 4.881867e-01 -6.783904e-01 5.490538e-01 -6.458930e+00 0 1127991
6.095463e+13 -1.506413e+14 -5.723390e+13 -3.166879e-01 -8.687236e-01 3.808255e-01 -1.406106e+01 0 4197481
-8.982805e+13 -7.746718e+13 -1.272891e+14 -9.104478e-01 -3.587371e-01 -2.058943e-01 -1.057141e+01 0 1800268
1.520874e+13 1.212061e+14 1.649164e+14 -5.252665e-01 4.107377e-01 7.452447e-01 2.112610e+01 0 4521236
-6.806425e+12 -2.353194e+13 1.760518e+14 9.976657e-02 -9.675633e-01 2.320946e-01 1.416555e+01 0 1413360
6.396397e+13 1.419009e+14 9.745610e+13 7.958337e-01 3.776624e-01 4.733073e-01 1.241861e+01 0 5356566
7.803425e+13 1.427973e+14 -5.229177e+13 -4.633693e-01 8.440770e-01 2.698573e-01 -2.358832e+00 0 560150
-4.074425e+13 1.464195e+14 -7.626123e+13 -1.534308e-01 8.356247e-01 5.274376e-01 -1.131754e+01 0 349931
1.435530e+14 -4.487644e+13 -9.754778e+13 1.536591e-01 -1.342566e-01 -9.789607e-01 -1.530429e+01 0 3383479
1.053960e+14 6.520495e+13 1.195032e+14 9.248193e-01 2.929939e-01 -2.426188e-01 -1.527236e+01 0 8605325
-2.841948e+13 1.113356e+14 1.304959e+14 2.754971e-01 9.255167e-01 -2.598467e-01 1.023162e+01 0 302786
2.877350e+13 -1.846342e+14 -1.914956e+14 1.883820e-01 -2.384737e-01 -9.527027e-01 -1.895392e+01 0 6825516
-1.058899e+14 1.647317e+14 4.758522e+13 -5.129520e-01 4.672502e-01 7.201094e-01 1.436018e+01 0 6464440
-9.703798e+13 1.278804e+14 1.146877e+14 -5.443528e-01 7.009008e-01 4.608885e-01 1.715986e+01 0 8000177
-1.208233e+14 3.147142e+12 1.243249e+14 -1.829836e-01 -8.452655e-01 5.020390e-01 2.634684e+01 0 4328020
-3.944157e+13 -1.650426e+14 -1.911669e+12 -2.235389e-01 -9.350324e-01 -2.752175e-01 8.679830e+00 0 4106884
-4.692197e+13 6.997871e+13 1.488782e+14 -1.832060e-01 5.639555e-01 8.052265e-01 3.813689e+00 0 595451
5.206549e+13 2.558420e+13 1.661855e+14 -6.660247e-01 -3.426740e-01 6.625599e-01 1.345171e+01 0 18555557
1.262527e+13 1.670000e+14 -8.629260e+13 2.518963e-01 9.498381e-01 1.853532e-01 1.390352e+01 0 19712531
9.125802e+13 1.462164e+14 -6.979596e+13 -1.223477e-01 9.861366e-01 -1.120962e-01 2.144846e+01 0 21365522
-1.800649e+14 -3.560339e+13 -3.167122e+13 -8.445658e-01 2.191693e-01 -4.885422e-01 1.783332e+01 0 9091404
1.705162e+14 -9.276535e+12 1.525213e+13 7.994463e-01 3.975604e-01 -4.503679e-01 1.573678e+01 0 5761506
-1.346988e+14 -1.544209e+14 4.715214e+13 -9.419014e-01 -3.345165e-01 -3.033973e-02 -1.491014e+01 0 8361278
-2.111437e+13 9.810273e+13 -1.521526e+14 2.806284e-01 2.409409e-01 -9.290830e-01 -1.584472e+01 0 6905615
-2.929508e+13 1.713884e+14 -1.140044e+13 -4.138608e-01 6.832124e-01 -6.016145e-01 -1.986010e+01 0 1189114
6.349301e+12 -3.841590e+13 1.699178e+14 -6.482247e-01 3.430797e-01 6.797801e-01 9.643389e+00 0 147692
-5.573289e+13 4.299666e+13 1.544725e+14 -4.957754e-01 8.540060e-01 -1.577356e-01 -1.416964e+01 0 3270480
-1.588831e+14 -4.874291e+13 -3.686871e+13 -7.972167e-01 1.463157e-02 -6.035160e-01 -6.262613e+00 0 2887951
-3.376338e+13 1.224775e+14 -1.145000e+14 -2.584123e-01 4.253803e-01 -8.673377e-01 1.457775e+01 0 16711256
6.475850e+13 -1.499939e+14 4.624566e+13 2.983219e-01 -8.680615e-01 -3.968290e-01 -8.402038e+00 0 1320155
-1.380076e+14 -8.930985e+13 -7.759758e+13 -8.625032e-02 -9.962710e-01 -2.239609e-03 -1.222173e+01 0 7268215
2.168954e+13 -1.532797e+14 7.222724e+13 4.036805e-03 6.172457e-02 9.980851e-01 -1.101213e+01 0 3016570
-1.368923e+14 9.575597e+13 -6.113006e+13 -1.723891e-01 9.156854e-01 3.630457e-01 -2.494771e+01 0 9211257
1.243684e+14 -1.165050e+14 4.808252e+12 2.733645e-01 -9.419971e-01 -1.947132e-01 -1.012205e+01 0 1308290
-1.085873e+14 -7.433898e+13 -1.222900e+14 2.960316e-03 -6.408810e-01 -7.676345e-01 -9.137318e+00 0 4673702
-6.723052e+13 1.509859e+14 3.846996e+13 -4.308456e-01 3.165386e-01 8.450890e-01 8.345969e+00 0 2461159
6.613682e+13 -5.275466e+13 -1.584062e+14 6.234702e-01 3.863249e-01 -6.797337e-01 -1.374334e+01 0 297143
2.364231e+13 -1.733465e+14 -1.493922e+13 -2.139589e-01 -9.060497e-01 -3.650967e-01 -2.091547e+01 0 13701482
-1.341831e+14 -8.971860e+13 -5.815706e+13 -8.694942e-01 4.560595e-01 -1.897095e-01 -1.304361e+01 0 4595099
1.627076e+14 1.197822e+14 1.486532e+13 9.154196e-01 4.005541e-01 3.953845e-02 -1.806054e+01 0 3576649
8.910705e+13 1.201443e+14 -7.994806e+13 7.582141e-01 4.777796e-01 4.436643e-01 -3.350701e+00 0 4946
1.025895e+14 -1.340956e+14 2.143916e+13 -1.851630e-01 -9.770341e-01 1.054466e-01 -4.441681e-01 0 990675
-1.304499e+14 -1.935387e+13 -1.151626e+14 -8.322346e-01 3.633146e-01 -4.187935e-01 1.024590e+01 0 9226643
7.036710e+13 1.129197e+14 -1.058842e+14 9.568241e-01 -1.771702e-01 -2.304308e-01 1.171676e+00 0 2422640
7.891892e+13 1.520912e+14 1.393813e+12 4.407106e-01 8.856111e-01 1.465170e-01 -1.311110e+01 0 563728
-1.103609e+14 1.428472e+14 4.538118e+12 -2.030476e-01 9.102642e-01 -3.608195e-01 -1.741836e+01 0 19001904
-1.464989e+14 -5.249155e+13 7.474561e+13 -9.549659e-01 -2.962750e-01 -1.616464e-02 1.356259e+01 0 2885548
-1.201552e+14 -1.022065e+14 -8.494467e+13 -7.420200e-01 -5.711000e-01 3.510713e-01 -1.382885e+01 0 2873867
1.241194e+14 -1.093206e+14 4.228057e+13 1.453362e-01 -8.710843e-01 -4.691370e-01 7.703331e+00 0 3521096
1.123669e+14 7.608740e+13 -1.448664e+14 5.114211e-01 -4.406843e-01 -7.377302e-01 -2.222260e+01 0 1848458
-8.845934e+13 1.206981e+14 -8.881710e+13 -8.821369e-01 2.532033e-01 -3.971429e-01 -7.862942e+00 0 24923253
9.527480e+13 1.405262e+14 -2.619830e+13 2.637497e-01 8.980145e-01 -3.521448e-01 6.795879e+00 0 34856
5.224898e+12 9.892687e+12 1.754370e+14 1.045409e-01 -1.684136e-01 9.801572e-01 1.573367e+01 0 1123893
-7.697455e+13 -1.497323e+14 -2.079118e+13 -9.441933e-01 -9.049008e-02 3.167183e-01 -1.579887e-01 0 1355952
5.643189e+13 3.314759e+13 1.669205e+14 1.232864e-01 2.247387e-01 9.665883e-01 -1.156697e+01 0 8176778
-3.541230e+13 5.588355e+13 1.567970e+14 -4.845349e-02 9.827812e-01 1.783069e-01 1.329071e+01 0 5558708
1.491639e+14 -8.048057e+13 1.096374e+13 5.595920e-01 -7.777443e-01 -2.863049e-01 1.734558e+00 0 2237329
7.266671e+13 -1.607814e+14 5.664520e+13 5.224161e-02 -9.983729e-01 2.285502e-02 1.505372e+01 0 1968720
8.007623e+13 -8.429941e+13 1.252089e+14 5.645266e-01 -7.570450e-01 -3.289265e-01 7.271764e+00 0 9324234
3.830840e+12 1.372247e+14 -1.060780e+14 4.920712e-01 7.847840e-01 -3.768023e-01 -1.375294e+01 0 7850910
1.485778e+14 4.262117e+13 -1.042703e+14 1.656042e-01 3.054926e-02 -9.857190e-01 -1.245684e+01 0 2238435
-1.655884e+14 -1.299109e+13 -3.632367e+13 -7.688144e-01 6.348563e-01 7.669307e-02 -9.698750e+00 0 2037454
7.711939e+13 1.904850e+14 -5.644270e+12 4.140793e-01 7.904192e-01 -4.514154e-01 1.467825e+01 0 4248544
9.760566e+13 -3.494498e+13 -1.496217e+14 3.262033e-01 -1.484775e-01 -9.335662e-01 -1.322416e+01 0 14527617
3.334282e+13 -1.509551e+14 -7.460019e+13 5.881296e-01 -4.092128e-01 -6.976019e-01 1.596508e+01 0 1040601
-2.151734e+14 -1.184346e+14 -4.249443e+13 -8.274918e-01 -4.480759e-01 -3.383569e-01 1.594556e+01 0 2509699
3.530552e+13 -8.108426e+13 -1.452356e+14 9.916382e-01 1.285639e-01 -1.118371e-02 2.349390e+01 0 969315
-2.167010e+12 1.152985e+14 -1.250082e+14 8.471940e-01 4.261459e-01 -3.172726e-01 1.062813e+00 0 7192102
1.350313e+14 -1.293564e+14 3.691228e+13 8.617902e-01 -4.779166e-01 1.700392e-01 -9.477265e+00 0 2505807
3.490304e+13 1.727570e+14 2.111511e+14 -2.693522e-01 6.933244e-01 6.683941e-01 -1.670573e+01 0 10291428
-6.265056e+13 -1.511198e+14 -4.674269e+13 -2.876523e-01 -9.066521e-01 -3.086068e-01 -9.631154e+00 0 498205
1.049993e+14 -1.039563e+14 -8.801631e+13 2.518439e-01 -9.667991e-01 -4.329200e-02 -9.780365e+00 0 3944709
-6.904635e+13 1.221665e+14 9.608008e+13 1.111210e-01 5.574259e-02 9.922424e-01 9.388732e+00 0 4526352
1.839732e+14 8.178254e+12 2.881206e+13 7.946566e-01 5.163016e-01 3.193015e-01 1.392586e+01 0 8079704
8.295630e+13 -9.102442e+13 -1.709661e+14 -7.446841e-02 -6.430352e-02 -9.951480e-01 1.403450e+01 0 164647
-3.919377e+13 1.129563e+14 -1.213861e+14 -1.941154e-01 -3.161652e-01 -9.286327e-01 -4.634781e+00 0 5399741
-1.727354e+14 -3.583754e+13 2.431954e+13 -5.417172e-01 -3.251896e-01 7.751092e-01 -1.609238e+01 0 9632142
-1.626637e+14 1.246976e+14 2.009234e+13 -4.638013e-01 8.548786e-01 2.325315e-01 -2.663220e+01 0 5552117
6.537902e+13 -1.295007e+14 -8.864325e+13 -5.121071e-01 -5.659291e-01 -6.461196e-01 -1.079554e+01 0 2561645
5.172316e+13 7.624568e+13 -1.712346e+14 2.678557e-01 7.735122e-01 -5.743972e-01 -1.348425e+01 0 2254459
-1.650277e+14 1.792672e+13 -5.978353e+13 -9.255682e-01 -2.864160e-01 -2.475668e-01 -6.727203e+00 0 2763510
2.561913e+13 1.167168e+14 -1.217903e+14 -4.337937e-01 4.154290e-02 -9.000540e-01 1.521885e+01 0 879747
7.925076e+13 5.850042e+13 -1.381908e+14 1.585796e-01 -3.813974e-03 -9.873388e-01 -2.476070e+00 0 333528
8.210550e+13 6.740504e+13 1.395317e+14 4.229936e-01 4.736923e-01 7.724584e-01 1.308921e+01 0 9190440
9.631248e+13 -1.225247e+14 -6.823473e+13 6.000135e-01 -5.428681e-01 -5.876036e-01 7.961910e+00 0 7805622
1.134972e+14 4.231579e+13 -1.206988e+14 -1.713622e-01 3.929177e-01 -9.034659e-01 8.250962e+00 0 1019132
-3.991303e+13 1.464562e+14 7.900216e+13 -4.000463e-01 8.081260e-01 -4.323140e-01 -3.763731e+00 0 1905764
-1.239678e+14 7.432974e+13 9.176391e+13 -9.980285e-01 6.253755e-02 5.304051e-03 1.140357e+01 0 7694545
-7.086693e+13 -1.554146e+14 -3.301417e+12 -9.197106e-02 -9.679056e-01 2.338804e-01 -9.720298e-01 0 3160373
6.563863e+13 -1.699011e+14 -2.259476e+13 3.624885e-01 -9.319187e-01 1.138364e-02 1.920177e+01 0 473027
8.776030e+13 1.179530e+14 -9.163068e+13 8.123482e-01 5.488465e-01 -1.971244e-01 -1.399318e+01 0 2137586
1.177254e+13 -1.013827e+14 1.362517e+14 -4.101229e-03 -8.839047e-01 -4.676492e-01 -8.995218e+00 0 26606850
-6.030941e+13 -5.257851e+12 1.586216e+14 5.712427e-01 9.954539e-02 8.147224e-01 -1.512886e+01 0 2052118
5.575331e+13 -1.726333e+14 -6.138993e+12 5.967104e-01 -8.021224e-01 2.316124e-02 -9.686407e+00 0 184488
5.890396e+13 -1.551837e+14 -7.790466e+13 5.431252e-01 -6.042404e-01 -5.830168e-01 1.540442e+01 0 11922977
8.589104e+12 2.437869e+14 8.965860e+13 3.914147e-01 8.897595e-01 2.347821e-01 2.065863e+01 0 517983
1.150344e+14 1.450195e+14 -1.122661e+14 9.246052e-01 3.690943e-01 -9.420565e-02 1.258508e+01 0 3460056
2.954912e+12 -1.682875e+14 3.877197e+13 -6.864191e-01 -7.163476e-01 1.251992e-01 -1.995199e+01 0 18300635
1.152300e+14 1.227554e+14 -2.122021e+13 -6.765336e-02 9.805591e-01 1.841925e-01 1.168267e+00 0 106655
-1.356586e+14 -6.341005e+13 -7.966830e+13 -7.827352e-01 3.550494e-02 -6.213413e-01 -7.738744e+00 0 733266
-1.955273e+14 -1.112871e+13 -5.089056e+13 -7.324360e-01 -6.324206e-01 -2.521541e-01 2.064912e+01 0 2162522
-1.002902e+14 1.242522e+14 8.822297e+13 -8.390832e-01 3.056739e-01 -4.500032e-01 -1.013821e+01 0 5967460
-4.532297e+13 1.009722e+14 1.287700e+14 -8.730781e-01 3.977554e-01 -2.820022e-01 -9.605403e+00 0 21191170
-1.578951e+14 -7.549811e+13 4.319316e+13 -3.443629e-01 -7.500576e-01 5.646484e-01 -7.855394e+00 0 13607616
-1.139919e+14 1.182041e+14 -4.796702e+13 -1.078825e-01 9.631217e-01 -2.464911e-01 -1.128306e+01 0 3099175
-3.575392e+13 -1.250697e+14 1.391163e+14 -6.648883e-01 -2.514953e-01 7.033304e-01 2.057270e+01 0 9951744
7.205594e+13 5.542257e+13 -1.577786e+14 -1.085098e-01 3.057052e-02 -9.936252e-01 -1.332754e+01 0 5536052
1.092730e+14 4.782934e+13 -1.264160e+14 8.769799e-01 4.554967e-01 1.530651e-01 1.046349e+01 0 1132200
-1.493987e+14 -5.462694e+13 -5.976421e+13 -7.305204e-01 -6.627583e-01 -1.645948e-01 1.425045e+01 0 13379910
-2.425134e+13 -3.991286e+13 -1.726933e+14 5.721831e-01 2.138275e-01 -7.917602e-01 -1.501681e+01 0 10915013
-1.560850e+14 6.414368e+13 -2.035551e+13 -6.050866e-01 3.902094e-01 6.939790e-01 4.436705e+00 0 8171977
1.670849e+14 -3.420895e+13 -2.802084e+13 6.584334e-01 -4.441272e-01 6.076319e-01 6.882506e+00 0 477005
-8.680032e+13 -5.924330e+13 1.357428e+14 -6.116919e-01 -7.557142e-01 2.339424e-01 1.075314e+01 0 6357364
-9.868112e+13 -7.642253e+13 1.183501e+14 -4.503147e-01 6.871872e-01 5.700794e-01 1.171745e+01 0 581671
1.460705e+14 1.814623e+13 -9.022369e+13 4.838421e-01 4.261270e-01 -7.644034e-01 -9.247539e+00 0 1992284
-1.257415e+14 -9.837926e+13 -5.993448e+13 -4.587050e-01 -7.474684e-01 4.805004e-01 -2.752664e+00 0 1837419
-1.378356e+14 9.172167e+13 -4.801773e+13 -9.714030e-01 -1.983601e-01 -1.304974e-01 -1.666496e+00 0 2557721
-1.257774e+14 7.894922e+13 8.889869e+13 -8.157630e-01 1.999643e-01 5.427201e-01 -1.658024e+01 0 1592079
-1.413395e+14 8.496883e+13 -7.145505e+13 -7.763066e-01 6.298853e-01 2.434417e-02 1.049666e+01 0 15007458
9.457951e+13 -1.105212e+14 8.790986e+13 -2.346696e-01 -9.710192e-01 -4.529867e-02 -1.346819e+01 0 721064
-3.387797e+13 -1.241376e+14 1.108062e+14 5.618866e-01 -5.985768e-01 5.709547e-01 1.567623e+01 0 1628331
1.382590e+14 -8.521347e+12 9.892690e+13 8.994434e-01 -4.365165e-01 -2.132916e-02 4.005158e+00 0 98568
-6.336818e+13 1.270458e+14 -9.883478e+13 6.879475e-01 7.256788e-01 1.088716e-02 -2.149130e+01 0 4499655
1.169274e+14 -3.208118e+13 1.188106e+14 1.763697e-01 4.216074e-01 8.894610e-01 4.459476e+00 0 1
1.183965e+14 -1.135010e+14 -9.120058e+13 5.727672e-01 1.298844e-02 -8.196152e-01 1.962602e+01 0 250577
1.273105e+14 -6.784851e+13 -8.919170e+13 6.865379e-01 -4.604178e-01 -5.627443e-01 -9.207277e-01 0 239698
5.953492e+13 1.122764e+14 -1.163478e+14 -2.947352e-01 7.332797e-01 -6.127251e-01 -3.425352e+00 0 8544
5.106693e+13 -2.812657e+12 1.643274e+14 -5.846415e-01 3.624124e-01 7.258454e-01 -1.235342e+01 0 39281
-1.712115e+14 -9.902714e+13 7.360333e+13 -8.860205e-01 -4.390890e-01 -1.488910e-01 -2.257482e+01 0 1166734
9.640260e+12 5.148247e+13 1.689691e+14 3.838075e-01 -2.633227e-01 8.850723e-01 -8.901222e+00 0 2569718
-1.010078e+14 1.518506e+13 -1.430149e+14 -6.596261e-01 4.990795e-01 -5.619725e-01 -9.550074e+00 0 2214121
-1.125167e+14 -3.655434e+13 -1.319172e+14 1.636783e-02 -1.558565e-03 -9.998648e-01 1.384982e+01 0 1426960
-7.966537e+13 1.507904e+14 -1.166422e+13 4.628757e-01 7.860351e-01 4.097498e-01 2.034732e+00 0 2375640
1.523379e+14 2.941355e+13 -6.897907e+13 7.774230e-01 -2.738250e-02 -6.283818e-01 -1.915649e+01 0 9926396
8.079761e+13 -7.615237e+13 -1.597142e+14 4.452744e-01 -5.344359e-01 -7.184073e-01 -1.597124e+01 0 1244166
-7.366169e+13 8.592950e+13 1.369118e+14 -3.082819e-01 5.216491e-01 7.955152e-01 9.122519e+00 0 8682383
6.790223e+13 2.620239e+13 1.535903e+14 6.072530e-01 -5.218658e-01 5.990825e-01 -8.072818e+00 0 1613015
-1.315587e+13 -2.522682e+13 -1.958022e+14 -6.610503e-02 -2.119641e-01 -9.750391e-01 1.486513e+01 0 20648445
1.250981e+13 8.880052e+13 -1.449907e+14 -2.616960e-01 9.422949e-01 -2.087956e-01 -9.902013e+00 0 3676802
1.280272e+14 -3.217277e+13 1.064913e+14 5.527744e-01 5.590538e-01 6.179800e-01 4.992491e+00 0 391676
-9.750646e+13 -5.463176e+12 1.411590e+14 -8.074337e-01 5.061541e-01 3.030823e-01 5.964674e+00 0 1834597
-1.157894e+14 1.252114e+14 3.674250e+13 -5.807929e-01 4.702033e-01 -6.645212e-01 -8.988970e+00 0 745410
-1.359954e+14 -7.774544e+13 -8.787170e+13 -9.225027e-01 -2.122160e-01 3.224175e-01 6.485521e+00 0 1589443
-1.580903e+14 -5.396771e+13 4.302972e+13 -8.770613e-01 4.747216e-01 -7.350447e-02 1.128013e+00 0 200750
-6.315155e+13 1.115502e+13 -1.687763e+14 -7.840781e-01 -4.952351e-01 -3.741173e-01 1.653175e+01 0 3510838
2.142832e+12 -9.874394e+13 1.390364e+14 -5.507918e-01 -2.708246e-01 7.894824e-01 6.115258e+00 0 5174747
-1.244664e+14 5.427724e+13 1.282821e+14 -1.711658e-01 5.090480e-01 8.435475e-01 1.177906e+01 0 9398790
1.219461e+14 1.281305e+14 -3.907131e+12 8.645391e-01 4.110685e-01 -2.891278e-01 1.052991e+01 0 10605396
-3.550438e+12 1.290728e+14 1.120224e+14 4.359656e-01 7.800066e-01 4.489139e-01 -1.592949e+01 0 3891636
1.853815e+14 -4.513028e+12 -6.276717e+13 9.010369e-01 1.938247e-01 -3.880263e-01 1.344886e+01 0 5392208
4.616385e+13 -1.028932e+14 1.295654e+14 7.607372e-03 -5.636797e-01 8.259584e-01 1.328596e+01 0 1193565
1.206410e+14 1.215000e+14 1.614601e+13 -3.907446e-01 8.015653e-01 4.525614e-01 1.761020e+01 0 1012820
-5.276178e+13 1.187014e+14 1.104655e+14 -3.911297e-01 5.805264e-01 7.141475e-01 4.849057e+00 0 10475011
1.714601e+14 -3.608694e+13 -2.763549e+12 9.694069e-01 1.549742e-02 2.449695e-01 8.997041e+00 0 11722928
-9.574105e+13 -8.686231e+13 1.118655e+14 -6.348532e-01 -6.553111e-01 4.093028e-01 -1.509327e+01 0 2497569
2.898630e+13 1.568242e+14 -7.882792e+13 5.236186e-01 4.730519e-01 -7.085517e-01 8.808549e+00 0 5428711
1.616293e+14 3.537093e+13 5.127874e+13 1.982736e-01 8.507738e-01 4.866945e-01 -3.157480e+00 0 661674
2.157439e+13 2.790079e+13 -1.680058e+14 -1.792253e-01 7.074480e-01 -6.836634e-01 1.040029e+01 0 935570
6.568354e+13 -1.010691e+14 -1.212395e+14 4.408976e-01 -7.675599e-01 -4.652539e-01 -9.284236e+00 0 115268
-1.856570e+14 2.498452e+13 -4.026798e+13 -5.009601e-01 -2.925749e-02 -8.649757e-01 -1.603687e+01 0 556601
-1.285027e+13 -1.760615e+14 -4.458219e+13 1.229243e-01 -9.898517e-01 -7.129656e-02 1.873086e+01 0 1582030
-1.161177e+14 7.108333e+13 -1.040919e+14 -8.598400e-01 3.832711e-01 -3.373106e-01 9.073215e+00 0 5547234
9.541163e+13 6.890988e+12 -1.419290e+14 9.539855e-01 -3.111918e-02 -2.982337e-01 -4.972542e+00 0 890118
-7.831663e+12 -1.703111e+14 -6.466413e+13 -8.405233e-01 -2.663041e-01 -4.718080e-01 -2.805752e+01 0 21662898
-1.678613e+14 3.672820e+13 2.243304e+13 -8.731855e-01 2.541222e-01 4.158954e-01 -1.401240e+01 0 4439117
-8.196615e+13 1.179188e+14 9.195639e+13 3.755157e-01 3.127824e-01 8.724421e-01 -2.310316e+00 0 1200050
-9.871417e+13 -4.883522e+13 -1.369592e+14 -1.425744e-01 -5.917932e-01 -7.933809e-01 1.446522e+01 0 4091993
-1.640677e+14 -4.124993e+13 -2.467747e+13 -9.413293e-02 -9.925287e-01 -7.762545e-02 5.055456e-01 0 95022
-1.011484e+14 -1.687140e+13 1.417015e+14 -9.523496e-01 2.838595e-01 1.115979e-01 9.420895e+00 0 23972426
-1.378916e+14 -9.889478e+13 -5.043574e+13 -1.147601e-01 -6.817110e-01 -7.225650e-01 -3.533618e+00 0 1579833
1.580534e+14 1.436095e+13 -6.773261e+13 5.290292e-01 8.320494e-01 1.667990e-01 -7.494578e+00 0 5506394
1.191528e+13 -1.113339e+14 1.315093e+14 6.386152e-02 -6.047360e-01 7.938615e-01 -1.281469e+01 0 5121455
-4.462225e+13 -4.333739e+13 -1.596750e+14 3.507175e-01 -1.286475e-01 -9.276029e-01 -8.926898e+00 0 565482
3.713598e+13 -5.410848e+13 -1.859262e+14 6.055879e-01 -6.198118e-01 -4.990958e-01 1.385717e+01 0 491188
1.332326e+13 1.697559e+14 -2.635006e+13 2.284861e-01 8.074982e-01 5.438205e-01 -9.462277e+00 0 1530716
-3.590723e+13 1.624316e+14 -5.078184e+13 -5.033075e-01 7.309408e-01 4.608764e-01 -1.281245e+01 0 1016451
-5.818404e+13 8.728076e+13 -1.343337e+14 2.533274e-01 9.382905e-01 -2.354490e-01 -1.412593e+01 0 8485898
-1.265126e+14 1.171468e+14 -1.105115e+13 -4.850548e-01 8.152048e-01 -3.164853e-01 5.191699e+00 0 7792157
-3.916237e+13 -1.657804e+14 -4.787030e+13 1.969787e-01 -9.723378e-01 -1.255332e-01 2.220343e+01 0 348559
9.068672e+13 -1.267838e+14 -6.757837e+13 -5.425763e-01 -7.906465e-01 2.837058e-01 2.449676e+00 0 12987483
-3.767043e+13 -1.630620e+14 3.659781e+13 -5.011757e-01 -8.287186e-01 2.490952e-01 5.364445e+00 0 2992103
-7.858778e+13 -1.396472e+14 5.910638e+13 -3.754930e-01 1.010039e-01 9.213052e-01 1.813126e+01 0 2024758
-5.848851e+13 1.144242e+14 1.313698e+14 -7.101718e-01 5.613419e-01 4.249132e-01 -6.186250e+00 0 8924387
1.040019e+14 2.228287e+12 1.350118e+14 8.616621e-01 -5.028142e-01 6.867572e-02 1.020643e+01 0 1934045
-3.094033e+13 -1.074767e+14 -1.752421e+14 2.014164e-01 -9.148902e-01 -3.498677e-01 2.688591e+01 0 2796788
5.086841e+13 -5.345081e+13 1.556385e+14 -1.610940e-01 -6.082003e-01 7.772651e-01 5.238245e+00 0 150306
-2.569835e+13 -8.075204e+13 -1.505638e+14 -4.748491e-01 -5.766262e-02 -8.781761e-01 -1.341813e+01 0 2552815
1.864605e+12 -1.020145e+14 1.374305e+14 7.617189e-01 -6.210106e-01 1.847435e-01 1.598429e+01 0 1720967
-2.145466e+13 1.671037e+14 3.442893e+13 4.418683e-01 7.109573e-01 -5.470760e-01 2.011610e+00 0 458109
1.660501e+13 -6.579961e+13 -1.584940e+14 -4.495490e-01 -8.615613e-01 -2.358344e-01 8.516362e+00 0 3380486
7.420135e+13 -1.530773e+14 -5.901615e+12 -2.262871e-01 -9.622687e-01 -1.511064e-01 -3.298022e-01 0 2952616
3.338948e+13 5.049806e+13 1.677874e+14 -3.500804e-01 4.538741e-01 8.194157e-01 -1.144869e+01 0 4683153
5.781562e+13 1.723553e+14 3.468953e+13 3.276135e-01 7.349997e-01 5.936706e-01 1.109839e+01 0 2735871
1.456492e+14 -5.385070e+13 -6.856050e+13 7.026278e-01 2.123234e-01 -6.791413e-01 -9.743439e+00 0 16197426
1.053072e+14 7.997768e+12 1.332041e+14 4.874932e-01 8.262296e-01 2.823030e-01 8.091902e+00 0 4885809
8.872400e+13 -1.469715e+14 -2.746034e+13 4.498689e-01 -7.851336e-01 -4.256561e-01 1.461282e+01 0 4437345
2.438505e+13 7.969394e+13 1.490189e+14 3.672778e-01 7.307461e-01 5.754278e-01 -1.281279e+01 0 3198473
-2.391770e+13 -1.694004e+14 -6.610370e+13 -4.117975e-01 -8.518419e-01 3.237102e-01 1.952132e+01 0 13154343
-1.535116e+14 -2.342762e+13 -6.920513e+13 -9.020790e-01 -3.792534e-01 2.059618e-01 -2.356518e+00 0 5
-1.651106e+14 -4.864394e+13 -4.666145e+13 -7.418940e-01 -3.077479e-01 -5.957218e-01 9.545508e+00 0 1005631
1.052589e+14 -2.485680e+12 -1.461977e+14 -1.538517e-01 9.053665e-02 -9.839374e-01 7.914462e+00 0 10857227
-6.097728e+13 1.188249e+14 1.209132e+14 -1.186588e-01 9.901714e-01 -7.403140e-02 -1.498946e+01 0 34238659
-5.188656e+13 2.456244e+14 -5.666165e+13 -3.846261e-01 8.768423e-01 -2.884619e-01 2.020631e+01 0 5165475
9.330851e+13 -1.019274e+14 -1.430326e+14 6.274919e-01 -5.759693e-01 -5.239401e-01 -1.980510e+01 0 1905575
-3.963766e+13 5.103669e+12 1.658150e+14 -9.882159e-01 1.126995e-01 1.035771e-01 1.012879e+01 0 205249
1.636906e+14 -5.346232e+13 4.599897e+13 8.612528e-01 4.979229e-01 1.015698e-01 -1.736140e+01 0 33566873
6.484475e+13 1.501780e+14 -4.811231e+13 5.701213e-01 7.924153e-01 2.168864e-01 -1.420031e+01 0 547654
-7.872664e+13 -7.721089e+13 1.322655e+14 -4.686002e-01 -8.825347e-01 3.932430e-02 1.371816e+01 0 2601360
-7.171888e+13 -1.974360e+12 -1.574865e+14 5.394864e-01 -5.006158e-01 -6.770068e-01 -1.152723e+01 0 4578781
-7.730649e+13 1.562053e+14 1.659211e+13 7.886804e-02 9.944742e-01 6.928848e-02 -1.584721e+01 0 2765817
6.346975e+13 4.014348e+13 -1.556685e+14 -6.872103e-02 2.677417e-01 -9.610368e-01 -1.911471e+01 0 2884576
1.527243e+14 -7.416501e+13 1.719637e+13 6.424580e-01 1.887563e-01 -7.427105e-01 -3.575291e+00 0 3770289
-1.998110e+13 -1.604777e+14 -6.667828e+13 7.137439e-02 -4.254589e-01 -9.021587e-01 -4.619691e+00 0 3393243
9.125912e+13 -1.003504e+14 -1.028457e+14 3.414508e-01 -6.290138e-01 -6.983931e-01 -5.645773e+00 0 3721547
-9.293580e+13 1.297153e+14 6.009155e+13 -2.475796e-01 8.014127e-01 5.444649e-01 3.326162e+00 0 2431478
-1.340095e+14 1.041427e+14 2.795122e+13 -4.246683e-01 8.418390e-01 -3.331124e-01 6.056103e+00 0 1072152
1.290304e+14 -1.239192e+14 6.187160e+12 5.858589e-01 -7.560827e-01 2.917331e-01 -1.810285e+01 0 9415223
1.231745e+14 -4.191171e+13 1.090907e+14 3.730850e-01 -4.328724e-01 8.206272e-01 -1.852412e+01 0 777938
-5.708570e+12 1.409121e+14 1.780332e+14 2.907515e-02 6.644375e-01 7.467781e-01 -2.046986e+01 0 305667
-1.722076e+13 -6.484955e+13 1.863160e+14 5.321391e-01 -4.448023e-01 7.204019e-01 -1.292380e+01 0 4135115
-8.447666e+13 1.396938e+14 -5.860272e+13 -8.348510e-01 5.447371e-01 -7.927975e-02 -2.134549e+01 0 749787
1.110390e+14 1.041547e+14 -8.300666e+13 7.759852e-01 5.300958e-01 3.418267e-01 1.409226e+01 0 647701
4.276146e+13 9.130477e+13 1.421989e+14 -7.044515e-02 9.431020e-01 3.249555e-01 1.327057e+01 0 12665902
3.916514e+13 -1.369498e+14 9.615957e+13 5.244417e-01 -6.068265e-01 -5.972625e-01 1.164553e+01 0 2571079
-1.556290e+14 4.960199e+13 -6.723617e+13 -2.316672e-01 -1.093371e-01 -9.666311e-01 -1.400497e+01 0 603089
-5.551222e+13 -1.242772e+14 1.118734e+14 -1.741471e-01 -2.446387e-01 9.538473e-01 -6.052095e+00 0 1385821
-1.430169e+14 3.065070e+13 8.755644e+13 -7.850949e-01 -1.173742e-01 6.081523e-01 -2.141659e+00 0 14975617
5.153259e+13 -8.311897e+13 1.441686e+14 -1.683363e-01 9.326962e-02 9.813071e-01 -1.075075e+01 0 3871787
1.833036e+14 -6.001359e+12 -5.740647e+12 9.191675e-01 3.588561e-01 1.623377e-01 -1.371184e+01 0 2844101
6.879711e+13 1.017369e+14 1.248451e+14 -2.866349e-01 7.606222e-01 5.824898e-01 -3.557671e+00 0 660595
-3.866236e+13 1.829474e+13 1.643837e+14 9.259053e-01 -6.247136e-02 3.725543e-01 -9.925066e+00 0 1496899
-6.194507e+13 5.251886e+13 -1.494563e+14 -8.390167e-01 -2.416788e-01 -4.874857e-01 -4.332381e+00 0 1397210
1.548913e+14 1.144315e+14 2.117383e+13 8.151161e-01 5.757994e-01 6.356746e-02 -1.685418e+01 0 4625220
-4.259225e+13 -1.272382e+14 2.213422e+14 -1.630625e-01 -5.166486e-01 8.405265e-01 1.556102e+01 0 3799374
-1.470552e+14 -1.338222e+14 -7.309857e+12 -5.987874e-01 -7.723341e-01 -2.120228e-01 1.282141e+01 0 9828294
1.264092e+14 1.095703e+14 1.355302e+14 -8.456919e-02 5.006968e-01 8.614817e-01 1.879475e+01 0 9332348
-2.386252e+12 1.530724e+14 8.021251e+13 4.236891e-01 8.195074e-01 3.858692e-01 -1.386857e+01 0 21404708
9.874152e+13 -1.520252e+13 1.377484e+14 -5.046303e-01 5.095277e-01 6.969431e-01 6.477696e+00 0 2839434
-1.202405e+14 9.639972e+12 -1.278923e+14 -9.221097e-01 1.726948e-01 -3.462517e-01 -1.344561e+01 0 19532743
9.875843e+13 -5.655333e+13 -1.270099e+14 9.708653e-01 2.395481e-01 6.099902e-03 1.525818e+01 0 143437
-2.675592e+12 1.485805e+14 -8.567292e+13 5.681223e-01 8.226826e-01 -2.074844e-02 1.641540e+01 0 2111454
-1.640799e+14 -3.456536e+13 -8.939447e+13 -9.539372e-01 2.695533e-01 -1.317000e-01 -1.801020e+01 0 10037633
1.129675e+14 9.593756e+13 1.349884e+14 7.228350e-01 3.675251e-01 5.851793e-01 1.160662e+01 0 3325665
-1.093455e+14 6.727740e+13 -1.122034e+14 -8.967247e-01 -1.196564e-01 -4.261070e-01 1.349319e+01 0 762212
1.168256e+14 1.727201e+13 1.226430e+14 3.370825e-01 7.229593e-01 6.030798e-01 -2.591252e+00 0 5775168
-4.717538e+13 -1.997390e+13 -1.617257e+14 -7.432583e-01 6.196690e-02 -6.661285e-01 -5.545259e+00 0 1437449
3.444081e+13 -1.630987e+14 4.415845e+13 8.476283e-01 -3.272906e-01 -4.176208e-01 2.990932e+01 0 5020893
-1.299412e+14 -6.598418e+13 8.731837e+13 -6.375588e-01 8.426214e-02 7.657798e-01 6.005401e+00 0 17175348
-1.298461e+14 9.919820e+13 -5.265448e+13 -6.985855e-01 6.595447e-01 -2.774509e-01 -1.309124e+01 0 1400869
-9.271347e+13 8.091210e+13 1.168822e+14 -1.543817e-01 7.545180e-01 6.378628e-01 6.680561e+00 0 14409899
6.414941e+12 9.915660e+13 1.434305e+14 -4.434697e-01 5.886109e-01 6.759229e-01 -1.709123e+01 0 2903971
-2.144649e+13 -1.316531e+14 1.135973e+14 -6.980460e-01 -6.891681e-01 1.943684e-01 7.409663e+00 0 3482726
9.327891e+13 1.333739e+14 4.870046e+13 7.602981e-01 6.451960e-01 -7.529155e-02 7.767211e+00 0 4554763
-8.108009e+13 -1.471003e+14 -3.608743e+13 -2.030636e-01 -9.749503e-01 9.075824e-02 -3.542338e+00 0 3736642
-8.096911e+13 -1.352970e+14 6.251814e+13 2.836298e-01 -9.017910e-01 -3.260785e-01 8.367057e-02 0 1312796
-1.288086e+14 4.896887e+13 -1.210166e+14 -9.163985e-01 3.473503e-01 -1.989007e-01 -1.078628e+01 0 796955
-3.216111e+13 -1.669316e+14 -8.781957e+12 -2.861629e-01 -9.576404e-01 -3.218203e-02 -8.726604e+00 0 46295
9.531761e+13 7.503794e+13 1.186342e+14 2.772408e-01 -6.594648e-01 6.987444e-01 -1.547888e+01 0 6013662
-1.494866e+14 4.069222e+13 8.239172e+13 -6.910240e-01 -6.037571e-01 3.974458e-01 2.313175e+01 0 1355832
-7.760889e+13 -9.698663e+13 1.207380e+14 -2.362750e-01 -5.240109e-01 8.182828e-01 8.172049e+00 0 11916201
-1.304723e+14 -1.142117e+14 -2.689374e+12 -7.919470e-01 -5.717954e-01 -2.141726e-01 9.488996e+00 0 1111834
1.627414e+14 -5.320549e+13 -4.829378e+11 6.720776e-01 -7.086726e-01 -2.146972e-01 -1.124763e+01 0 5
1.825222e+14 2.970533e+13 -3.059588e+12 8.903145e-01 4.513423e-01 -6.025178e-02 1.979416e+01 0 6830575
-1.229412e+14 9.769249e+13 6.423550e+13 -2.059658e-01 7.922575e-01 5.743745e-01 1.238779e+00 0 8340331
-1.756907e+14 -5.546622e+13 -5.062611e+12 -9.335951e-01 1.244061e-01 3.360406e-01 8.441853e+00 0 431455
-1.178704e+13 -5.340676e+13 1.635703e+14 2.280605e-01 -9.571286e-01 1.785869e-01 1.218037e+01 0 1900521
-1.389070e+13 -1.403592e+14 9.684905e+13 3.199676e-02 -5.078691e-01 8.608398e-01 6.973474e+00 0 477311
1.446715e+14 8.770826e+13 -3.056661e+13 4.309494e-01 9.006275e-01 5.614862e-02 -5.189744e+00 0 627796
1.728824e+14 -1.809597e+13 -1.126601e+14 3.620470e-01 -7.385344e-01 -5.687609e-01 2.106309e+01 0 7743185
-1.550164e+14 -5.828425e+13 4.858492e+13 -9.516159e-01 -1.039657e-01 2.891684e-01 -1.386354e+01 0 1075111
-1.294648e+14 1.020786e+14 4.073847e+13 -7.581216e-01 3.811475e-01 -5.291297e-01 6.488665e+00 0 94645
-1.464251e+13 -3.208207e+13 -1.790366e+14 -4.932784e-02 -2.816697e-01 -9.582426e-01 1.199594e+01 0 2023146
2.721684e+13 7.669535e+13 -1.498215e+14 8.818783e-01 3.862265e-01 -2.704067e-01 8.532117e+00 0 7056523
-1.099831e+14 -4.162963e+12 1.290867e+14 3.584332e-01 -8.719448e-01 3.335235e-01 1.049400e+01 0 3713623
2.152184e+13 7.530831e+13 1.506163e+14 -2.308714e-01 4.279932e-02 9.720425e-01 6.849529e+00 0 941987
-1.539725e+14 -4.283073e+13 8.549365e+13 -4.924435e-01 -7.582500e-01 4.272662e-01 2.836776e+01 0 3706168
-9.014019e+13 -1.388790e+14 3.937937e+13 -6.126905e-01 -6.973735e-01 3.718611e-01 1.101876e+01 0 8392078
1.738474e+14 4.575263e+13 3.173126e+13 8.740767e-01 4.853311e-01 2.106506e-02 2.223742e+01 0 4886672
5.253881e+13 -1.199298e+14 1.520533e+14 5.978307e-02 -4.311733e-01 9.002864e-01 -1.629155e+01 0 5319646
-8.231727e+13 -4.999670e+13 -1.397332e+14 -9.917979e-01 1.086670e-01 -6.729377e-02 8.806696e-01 0 2143641
-9.432342e+13 -1.349034e+14 -4.858754e+13 4.821340e-01 -6.127296e-01 -6.261862e-01 1.243043e+01 0 1
-4.786051e+12 -1.543460e+14 -1.056715e+14 5.812415e-01 -7.998735e-01 -1.495348e-01 2.119287e+01 0 83185
-1.317914e+13 -1.166115e+14 -1.238810e+14 -1.311674e-01 1.214441e-01 -9.838935e-01 8.673215e+00 0 13796102
-9.573775e+13 8.507171e+13 -1.141684e+14 -3.943891e-01 6.630709e-01 -6.362344e-01 -1.017461e+01 0 7218757
-1.600220e+14 -4.848539e+13 3.265012e+13 -9.429976e-01 -3.277533e-01 5.773421e-02 -3.859988e+00 0 8680646
-1.684618e+14 -2.106403e+13 1.242279e+13 -4.458356e-01 7.105595e-01 -5.443674e-01 6.113623e+00 0 9404269
-1.316752e+14 9.107761e+13 -7.249992e+13 -2.833978e-01 2.308141e-01 -9.308117e-01 1.087622e+01 0 417363
1.547599e+14 3.250729e+13 6.608569e+13 4.196131e-01 -7.915887e-01 4.441984e-01 5.704633e+00 0 6883618
