# 781 1.000000e+07 1.000000e+04 0.000000e+00 1.000000e+00 5.000000e-01
-9.171762e+13 8.697495e+13 1.184154e+14 -3.813271e-01 2.527058e-01 8.892297e-01 -1.397203e+01 0 31627018
1.743808e+13 -5.955176e+13 1.721040e+14 1.275658e-01 -6.825131e-01 7.196547e-01 -1.229081e+01 0 16567949
-8.352632e+13 -6.160802e+13 1.362553e+14 -4.411838e-01 -6.143180e-01 6.541943e-01 3.922023e+00 0 4663382
-8.757912e+13 1.289287e+14 -6.926095e+13 -3.003102e-01 9.538000e-01 -8.912151e-03 -1.602113e+01 0 8400941
2.902995e+13 -2.421138e+13 -1.742580e+14 1.921485e-01 2.643530e-01 -9.450907e-01 1.147834e+01 0 2271426
-1.291439e+14 9.079155e+13 -6.263426e+13 1.746337e-01 9.501431e-01 -2.583237e-01 1.170914e+00 0 4777551
-1.205345e+14 -7.756009e+13 9.126569e+13 -4.075148e-01 2.849719e-01 8.675959e-01 1.797785e+00 0 3328704
1.625604e+14 -1.581362e+13 -5.135562e+13 1.790266e-01 1.083457e-01 -9.778603e-01 8.503140e+00 0 553223
-7.828975e+13 1.241006e+14 9.436542e+13 -2.486449e-01 7.111929e-01 6.575564e-01 1.411673e+01 0 7301885
6.563042e+13 -1.196258e+14 -1.057652e+14 3.066330e-01 -4.938064e-01 -8.137146e-01 -5.453820e+00 0 834199
8.239273e+13 9.511462e+13 -1.176142e+14 3.004094e-01 9.480107e-01 1.050236e-01 -1.529248e+01 0 7649644
5.259061e+13 1.450237e+14 -7.184364e+13 6.782831e-01 3.999236e-01 6.164358e-01 3.658197e+00 0 1271578
1.355222e+14 -1.869564e+13 -1.067282e+14 9.556259e-01 2.836604e-01 7.947271e-02 -3.248995e+00 0 22555
-1.211535e+14 -1.179367e+14 4.150255e+13 1.179150e-01 -7.560497e-01 6.438050e-01 -6.270493e+00 0 469434
4.054431e+13 -2.033963e+13 1.774857e+14 8.133148e-01 2.555247e-01 5.227103e-01 -2.007835e+01 0 2078541
-1.895098e+14 -3.979023e+13 4.323562e+12 -9.006571e-01 -6.871063e-02 -4.290637e-01 -1.860994e+01 0 2660890
2.525881e+13 8.128819e+13 1.467549e+14 3.085072e-01 7.809834e-01 5.430361e-01 2.037166e+00 0 4416921
-1.182524e+14 -1.215683e+14 7.784927e+12 -8.169812e-01 -4.643286e-01 -3.419658e-01 -7.311442e+00 0 3197191
-5.620514e+13 -1.520990e+14 8.004199e+13 -9.151818e-02 -7.775161e-01 6.221681e-01 -1.207316e+01 0 30
4.316817e+13 1.547011e+14 6.105056e+13 6.815722e-01 5.943512e-02 7.293331e-01 -1.335162e+01 0 25391060
1.075545e+14 5.751673e+13 1.180238e+14 8.424322e-01 1.492595e-01 5.177157e-01 -1.476433e+01 0 39696050
7.681438e+13 1.130415e+14 -1.020220e+14 4.352254e-01 8.932413e-01 1.126889e-01 -4.279259e+00 0 621870
6.728939e+13 -5.842843e+13 -1.443949e+14 -4.407345e-01 2.520350e-01 -8.615285e-01 4.141903e+00 0 617986
-8.670481e+13 -6.838888e+13 1.352236e+14 -5.377025e-01 -4.843519e-01 6.901298e-01 1.197963e+01 0 1297308
1.739727e+14 3.278772e+13 -2.074689e+13 8.732316e-01 -3.489751e-01 -3.401220e-01 1.660191e+01 0 17674976
8.016937e+12 4.378315e+11 -1.700196e+14 5.931098e-02 1.752360e-01 -9.827383e-01 1.124708e+01 0 16005113
-3.153023e+13 8.210324e+12 1.711584e+14 2.808487e-01 3.884435e-01 8.776307e-01 1.254075e+01 0 17086696
5.061092e+13 1.686302e+14 1.706531e+13 4.270848e-01 2.697379e-01 8.630412e-01 1.941361e+01 0 1996266
-2.556629e+12 1.540957e+14 -1.372702e+14 2.703651e-01 9.079064e-01 -3.203259e-01 1.495254e+01 0 4121582
1.616260e+14 -2.845225e+13 4.503322e+13 6.877323e-01 -5.702079e-01 -4.493185e-01 -1.191125e+01 0 8653717
-1.125544e+14 1.591967e+14 2.970624e+13 -7.497397e-01 5.901227e-01 -2.994088e-01 1.527373e+01 0 1830288
9.102348e+12 -1.302604e+14 -1.234579e+14 -1.071463e-01 -9.504454e-01 -2.918446e-01 -1.502755e+01 0 151145
2.059838e+14 5.392275e+12 6.566100e+13 9.464656e-01 -1.307626e-01 2.951338e-01 1.513607e+01 0 2093583
-1.457096e+14 -6.859677e+13 6.790164e+13 -9.534592e-01 -2.379467e-01 -1.851943e-01 -1.086640e+01 0 2670989
-6.372240e+13 1.538261e+14 -8.617812e+13 -6.002477e-01 7.858525e-01 -1.487903e-01 1.404008e+01 0 7405442
1.353257e+14 -1.367031e+13 -1.250596e+14 9.252334e-01 -3.026574e-01 2.287829e-01 1.767460e+01 0 15186279
-1.291041e+13 -1.899048e+14 -1.300082e+13 4.283351e-01 -8.617541e-01 -2.718621e-01 -1.930303e+01 0 10511591
1.261010e+14 -1.107197e+14 2.515662e+13 9.662663e-01 2.546223e-01 -3.869022e-02 1.002654e+01 0 878740
5.995048e+13 -2.335491e+13 -1.838549e+14 -2.164045e-01 -1.469416e-01 -9.651825e-01 -1.129311e+01 0 3690151
6.633040e+13 1.180984e+14 1.031807e+14 3.282904e-01 8.448044e-01 4.225292e-01 1.035313e+01 0 1842013
1.690156e+14 9.305224e+12 3.931133e+13 7.231025e-01 3.602597e-01 -5.893520e-01 1.209671e+01 0 669412
-1.145284e+14 7.719464e+13 -1.220782e+14 -8.421956e-01 1.746300e-01 -5.101088e-01 1.437906e+01 0 9589248
1.566153e+14 2.562925e+13 -6.634756e+13 3.243803e-01 1.298368e-01 -9.369737e-01 -1.181205e+01 0 5802090
-1.399966e+14 -5.392118e+13 -7.959095e+13 -6.957145e-01 -2.647751e-01 -6.677391e-01 -4.715042e+00 0 2
-5.378771e+13 1.625010e+14 -2.376230e+13 5.669470e-01 8.222751e-01 -4.934248e-02 2.422016e+00 0 828624
-1.462011e+14 -6.627252e+13 -9.197917e+13 -8.022431e-01 -5.104844e-01 -3.095348e-01 -1.979045e+01 0 1464528
-1.342343e+14 -6.039895e+13 8.444720e+13 -9.145433e-01 -3.385884e-01 -2.212881e-01 -1.365176e+01 0 6687788
-1.335351e+14 -9.394538e+13 5.036085e+13 -6.453512e-01 1.390530e-03 7.638848e-01 2.168850e+00 0 14538887
-1.628056e+14 4.573931e+13 -1.533578e+13 -9.056905e-01 -2.500662e-01 3.423326e-01 1.010190e+01 0 5387493
-5.265965e+13 5.706438e+13 1.511315e+14 -1.536236e-01 5.901935e-02 9.863653e-01 -1.331347e+01 0 7604739
1.297529e+14 -1.888943e+13 1.078509e+14 -1.068209e-01 3.238601e-01 9.400553e-01 -1.893397e+00 0 2
-1.637607e+14 -3.391133e+13 3.870097e+13 -5.554809e-01 -8.313797e-01 -1.576842e-02 -5.353631e+00 0 5605688
-1.535258e+14 8.007312e+12 -8.504145e+13 -8.184876e-01 -2.773935e-01 -5.031211e-01 -1.245004e+01 0 116950
-1.421863e+14 8.939414e+13 2.476294e+13 -2.543697e-01 9.588350e-01 -1.262203e-01 -1.698759e+01 0 1722165
-1.706528e+14 -1.745483e+13 1.005492e+13 -8.116231e-01 -4.743957e-01 -3.409058e-01 -6.441553e+00 0 569638
1.207979e+14 5.340863e+13 1.069862e+14 7.945084e-01 -5.920404e-01 1.350728e-01 -9.350993e+00 0 3120408
-1.597700e+14 5.491105e+13 -2.546577e+13 -9.002414e-01 4.295819e-01 -7.088586e-02 7.848428e+00 0 693280
-1.526496e+14 -8.607630e+13 7.344658e+12 -7.347294e-01 -6.330411e-01 2.437862e-01 7.562492e+00 0 2422994
-1.842823e+14 2.240195e+13 -2.022549e+13 -7.149032e-01 6.164499e-01 -3.300044e-01 7.108159e+00 0 13519051
1.082781e+14 -8.137450e+13 -1.050570e+14 7.170968e-01 -2.127785e-01 -6.636999e-01 -1.039302e+01 0 8653886
4.013123e+12 4.850510e+13 -1.624887e+14 7.104351e-01 3.319462e-01 -6.205591e-01 4.234791e+00 0 252310
6.257931e+13 -1.656003e+14 -1.075557e+13 4.965323e-01 -5.742583e-01 6.509094e-01 1.838748e+01 0 13718500
-4.798101e+13 1.636778e+14 1.710352e+13 8.572088e-02 9.910959e-01 1.018866e-01 -9.834918e+00 0 6034567
1.063910e+14 -2.925928e+13 -1.394761e+14 5.239386e-01 -1.908433e-01 -8.301007e-01 1.048730e+01 0 14952022
-2.920300e+13 -1.739476e+14 -4.995483e+12 -7.179221e-01 -5.062694e-01 -4.777856e-01 4.412022e+00 0 8
-2.037000e+13 1.175999e+14 -1.270270e+14 -2.521010e-01 6.916041e-01 -6.768522e-01 6.355936e+00 0 165878
-1.184062e+14 9.165587e+13 8.230175e+13 -1.766823e-01 3.556102e-01 9.177825e-01 3.288532e+00 0 582977
-8.055620e+13 -6.088210e+13 -1.366144e+14 -9.831340e-01 3.479620e-02 -1.795460e-01 1.848700e+01 0 263997
-7.381701e+13 7.431459e+13 1.443501e+14 6.553835e-01 2.921367e-01 6.965117e-01 -2.157754e+01 0 218758
9.902430e+12 1.588089e+13 -1.741791e+14 -4.279360e-01 5.623513e-01 -7.075534e-01 1.136986e+01 0 6603877
-1.199929e+14 3.869512e+13 1.154575e+14 -8.029369e-01 1.086142e-01 5.860847e-01 -1.373471e+01 0 19493656
1.540253e+14 -4.881242e+13 7.248179e+13 9.714723e-01 -2.355365e-01 2.764312e-02 1.197469e+01 0 2616209
9.140727e+13 1.386158e+14 4.383143e+13 4.472581e-01 8.472056e-01 -2.867104e-01 -1.180172e+01 0 15677510
1.622685e+14 -5.638005e+13 2.239770e+13 9.000971e-01 -4.242050e-01 -9.937511e-02 -1.162993e+01 0 926404
9.585944e+13 -5.436836e+13 1.299106e+14 -1.417281e-01 -3.076578e-01 9.408825e-01 7.984768e+00 0 9644530
-4.840633e+13 1.647964e+14 2.456456e+13 -4.633387e-01 6.222130e-01 -6.310057e-01 -1.016702e+01 0 1461135
1.553241e+14 7.507292e+13 -1.940831e+13 8.406819e-01 4.417206e-01 3.132680e-01 1.339708e+01 0 425353
-1.597906e+13 1.701318e+14 -6.327018e+12 6.002908e-01 6.074797e-01 5.202109e-01 1.601057e+00 0 5596871
1.714794e+14 5.353928e+12 1.068679e+13 9.431793e-01 2.808745e-01 1.775455e-01 -8.510569e+00 0 8663335
-1.652436e+14 4.231718e+13 2.637876e+13 -8.321980e-01 -2.369475e-01 5.013007e-01 -4.367063e+00 0 1702188
3.705515e+13 1.536540e+14 7.812028e+13 -1.850382e-01 8.899285e-01 -4.168790e-01 -1.038910e+01 0 3317212
-8.378059e+13 2.139051e+13 1.562407e+14 5.548180e-02 8.022157e-01 5.944508e-01 5.493764e+00 0 693141
-7.672585e+13 1.403515e+14 5.933205e+13 -8.837267e-01 -4.114778e-02 4.661909e-01 -7.228816e+00 0 9050521
1.523516e+14 -8.054905e+13 2.657916e+13 5.036993e-01 -8.585004e-01 -9.625043e-02 1.042839e+00 0 24303
1.588188e+14 1.994404e+13 -5.675473e+13 6.432692e-01 6.034952e-02 -7.632580e-01 8.626200e+00 0 936098
-1.650298e+14 -4.163365e+13 -1.332751e+13 -4.503297e-01 -3.336572e-01 -8.281764e-01 -7.402593e+00 0 12
-1.287198e+14 1.174843e+14 1.082532e+14 -8.099362e-01 5.859076e-01 2.675049e-02 -1.972237e+01 0 50487
1.503558e+14 -7.941462e+13 -2.091118e+13 4.292999e-01 -6.712004e-01 6.043109e-01 -7.386861e+00 0 3119
-2.133669e+13 -8.767636e+13 1.473827e+14 -5.011317e-01 -8.371251e-01 2.192913e-01 7.430539e+00 0 6958337
9.099075e+13 -1.539418e+14 -7.236124e+12 2.455454e-01 -9.439988e-01 -2.203943e-01 -1.733930e+01 0 6070189
-1.678708e+14 7.596960e+13 5.596260e+12 -9.854025e-01 1.232158e-01 -1.174721e-01 2.489444e+01 0 6519153
-1.165260e+14 -4.872495e+13 1.203760e+14 -8.217350e-01 4.438020e-01 3.574791e-01 -1.380869e+01 0 175469
9.519638e+13 -2.229943e+13 1.431222e+14 8.280809e-02 -8.280107e-01 5.545639e-01 -1.203500e+01 0 618353
1.507646e+14 8.399804e+13 -1.481382e+13 9.385695e-01 -4.385782e-02 -3.422920e-01 7.485270e+00 0 326384
1.574067e+14 4.431282e+13 4.833267e+13 4.795336e-01 4.909753e-01 7.273175e-01 1.005274e+01 0 13034524
-1.045904e+14 -1.113640e+14 7.533903e+13 -4.714556e-01 -8.473463e-01 2.444051e-01 -1.024385e+01 0 6462677
1.622028e+14 5.371299e+13 -6.070008e+13 8.303309e-01 1.723556e-01 -5.299473e-01 1.202504e+01 0 9511979
-1.273577e+14 8.755472e+11 1.152025e+14 3.115271e-01 2.085465e-01 9.270702e-01 6.276358e+00 0 1582525
9.211066e+13 1.377900e+14 4.815549e+13 -5.866034e-01 7.068327e-01 3.953277e-01 -1.921069e-01 0 2304570
-2.670035e+13 -6.922834e+13 1.613629e+14 -3.912579e-01 -8.951268e-01 2.136942e-01 -1.565967e+01 0 525182
7.881409e+13 -2.793501e+13 1.476097e+14 4.936897e-01 -8.199227e-01 -2.898227e-01 3.226141e+00 0 372872
-1.677791e+14 3.805974e+13 3.430764e+12 -4.403374e-01 -8.905572e-01 -1.140649e-01 -1.343906e+00 0 2393018
-5.669417e+13 -1.129228e+14 -1.646735e+14 2.524629e-01 -8.342273e-01 -4.902319e-01 -1.606775e+01 0 3565090
1.837790e+14 -5.452752e+13 4.724105e+13 5.703499e-01 -7.969647e-01 1.988677e-01 -2.228684e+01 0 1725286
1.843546e+14 8.223158e+13 2.959318e+13 8.830304e-01 4.692413e-01 8.359440e-03 -1.638085e+01 0 6563076
-4.092546e+13 -1.519301e+14 7.443138e+13 2.885166e-01 -9.382881e-01 1.907189e-01 9.824914e+00 0 599875
1.140753e+14 1.301831e+14 1.620145e+13 5.972402e-01 6.965658e-01 -3.976181e-01 -5.407918e+00 0 176665
2.178373e+13 1.773421e+13 -1.839619e+14 2.382777e-01 -2.349056e-01 -9.423604e-01 2.600904e+01 0 1865669
1.364634e+14 -3.295624e+13 1.000954e+14 8.450028e-01 5.300598e-01 -7.075877e-02 -3.489509e+00 0 844605
-1.293802e+14 -8.047410e+13 -1.156109e+14 -2.346669e-01 -6.553905e-01 -7.179100e-01 -1.397067e+01 0 2740098
1.304330e+14 9.733261e+13 5.207790e+13 2.576379e-01 8.154741e-01 5.182902e-01 1.106140e+01 0 5513912
1.180303e+13 -5.056202e+13 1.623255e+14 4.178724e-01 3.069253e-01 8.550904e-01 7.450562e+00 0 2721181
9.031295e+13 1.437684e+14 -1.676917e+13 9.371985e-01 -9.797193e-02 -3.347542e-01 -1.313263e+01 0 12301856
1.499134e+14 -6.686145e+13 5.087403e+13 7.545127e-01 3.703604e-01 -5.417968e-01 -7.175883e+00 0 447250
-8.652054e+13 -1.491917e+14 8.395488e+12 -1.541650e-01 -6.532416e-01 7.412885e-01 -6.243528e+00 0 7
5.864524e+13 -4.535189e+13 1.525504e+14 8.641751e-01 -4.413705e-01 2.416473e-01 -3.388324e+00 0 3611633
2.747512e+13 -1.657892e+14 3.184861e+13 -4.863646e-01 -5.255420e-01 6.980366e-01 4.179169e+00 0 8904215
-4.572225e+13 1.525843e+14 1.185064e+14 -3.191193e-01 4.027117e-01 8.578963e-01 -2.407796e+01 0 1739322
1.550484e+14 -7.883599e+13 -4.301378e+12 7.106640e-01 -6.883867e-01 1.451911e-01 -1.054893e+01 0 427174
3.800283e+13 1.565441e+14 6.150314e+13 -7.190688e-01 3.589703e-01 5.950466e-01 -7.850100e+00 0 6966171
1.482951e+13 -1.695307e+14 1.241310e+13 -1.598832e-01 -2.470324e-01 9.557261e-01 -9.386149e+00 0 7441429
1.277112e+14 -5.897941e+13 -9.616309e+13 1.801238e-01 -1.942802e-01 -9.642669e-01 9.386417e+00 0 5334104
1.681971e+14 -6.444110e+13 6.808807e+13 9.579875e-01 -2.863452e-01 -1.632053e-02 1.896624e+01 0 12825752
-1.723147e+14 -1.577632e+13 5.322941e+13 -7.647092e-01 1.205434e-02 -6.442627e-01 2.183526e+01 0 1477453
-1.487418e+13 1.656165e+14 -3.379557e+13 -7.446887e-02 9.965782e-01 -3.586592e-02 9.023719e+00 0 4941418
1.399781e+14 -9.882134e+13 -2.031147e+13 7.307261e-01 -5.137839e-01 -4.495170e-01 -1.149019e+01 0 1312408
-1.352235e+14 -4.653014e+13 9.126319e+13 -2.884398e-01 -6.466068e-01 7.061884e-01 8.521126e+00 0 278823
-7.392230e+12 1.611646e+14 -5.941369e+13 6.064348e-01 7.303261e-01 -3.144210e-01 -2.145681e+01 0 13443454
-3.783596e+13 1.698461e+14 1.675993e+13 3.231821e-01 8.614957e-01 -3.916358e-01 5.341464e+00 0 2646682
1.413238e+14 7.115642e+13 -6.436389e+13 5.348729e-01 -3.506910e-01 -7.687176e-01 5.519033e+00 0 8454301
6.336354e+13 1.605656e+14 -3.503638e+12 -7.587382e-03 9.213394e-01 -3.886852e-01 9.626345e+00 0 2878602
1.478678e+14 -8.026266e+13 -2.201254e+13 -1.034523e-01 -9.153187e-01 3.892161e-01 9.750239e+00 0 1437963
1.566284e+13 1.616715e+14 4.892925e+13 3.146427e-01 2.340012e-02 9.489217e-01 -8.808201e+00 0 4
1.283501e+14 -8.027643e+13 9.203472e+13 6.692811e-01 -7.354943e-01 -1.054082e-01 7.957809e+00 0 4806355
-1.322644e+14 -9.495845e+13 5.046260e+13 -6.170481e-01 -7.499977e-01 2.382331e-01 1.780183e+01 0 1733425
-1.509911e+14 1.955396e+13 7.810340e+13 -6.136368e-01 7.882217e-01 -4.643825e-02 -1.336646e+01 0 1053283
-1.170672e+14 1.236165e+14 -2.399100e+12 -4.876280e-01 6.221363e-01 -6.125074e-01 5.506881e+00 0 754358
3.184253e+12 -1.697130e+14 2.645407e+13 7.010051e-01 -5.234493e-01 -4.843476e-01 -4.432554e+00 0 1779005
2.781293e+13 -1.363855e+14 -1.290462e+14 4.125186e-01 -7.255015e-01 -5.508866e-01 1.622821e+01 0 217509
1.464761e+12 -1.646206e+14 5.127582e+13 7.515279e-02 -7.613225e-01 -6.440032e-01 1.914911e+01 0 2265045
1.378681e+14 8.099048e+12 -1.059970e+14 2.552902e-01 1.716901e-01 -9.514985e-01 1.060161e+01 0 568335
7.882080e+12 -5.052062e+13 1.703370e+14 5.908041e-01 -2.366348e-01 7.713329e-01 1.363124e+01 0 3515220
-1.666508e+14 2.246068e+13 -3.837328e+13 -6.328343e-01 2.504617e-01 -7.326593e-01 7.237715e+00 0 341879
-1.701981e+14 -8.059408e+13 1.301989e+14 -9.900812e-01 -1.247051e-01 6.471401e-02 1.901880e+01 0 2182481
4.808192e+13 -5.675122e+13 1.525125e+14 7.741612e-01 -1.421731e-01 6.168154e-01 1.524585e+01 0 2514614
1.391473e+14 -1.788062e+13 -1.189377e+14 2.827480e-02 4.188207e-01 -9.076287e-01 -1.341968e+01 0 5224137
1.214217e+14 -3.209618e+13 1.154863e+14 7.096744e-01 -7.796220e-02 7.002029e-01 4.747622e+00 0 595721
1.405317e+14 -1.401798e+14 3.774266e+13 9.049645e-01 -4.027166e-01 1.373268e-01 -1.563983e+01 0 12152560
9.689459e+13 -5.278918e+12 1.483186e+14 3.928076e-01 5.490302e-02 9.179803e-01 -9.408495e+00 0 1258548
2.975367e+13 -1.649461e+14 3.441475e+13 7.835239e-01 -1.910673e-01 5.912559e-01 1.919627e+01 0 14034977
-1.691569e+14 -1.874234e+13 1.336850e+13 -3.123477e-01 -8.048523e-01 -5.046302e-01 2.202902e+01 0 7355297
1.205582e+14 -8.343245e+13 8.612120e+13 -3.029607e-01 -9.490394e-01 -8.682736e-02 -1.103031e+00 0 744262
1.125464e+14 7.882660e+13 1.008599e+14 1.490864e-02 -4.262194e-01 9.044970e-01 -1.822117e+01 0 6858201
7.167414e+13 -1.224416e+14 9.353760e+13 9.684300e-01 1.218927e-01 2.174524e-01 1.359641e+01 0 3941640
-1.670310e+14 -4.138622e+13 -4.550126e+13 -8.127274e-01 -5.251778e-01 -2.523144e-01 1.824852e+01 0 4108207
9.872714e+13 1.009988e+14 1.408852e+14 -5.115074e-03 6.760317e-01 7.368548e-01 -1.004610e+01 0 1009903
-1.619990e+14 -4.531025e+13 -3.702766e+13 -6.905349e-01 -6.825702e-02 -7.200712e-01 -6.782426e+00 0 7217434
1.485015e+14 -5.657399e+13 6.331038e+13 2.363074e-01 -2.406564e-01 9.414050e-01 -9.545717e+00 0 16013248
2.730641e+13 4.026158e+13 -1.894538e+14 7.273431e-02 4.369050e-01 -8.965622e-01 1.015762e+01 0 848453
1.534172e+13 1.653167e+14 -6.027993e+13 -1.241822e-01 9.920574e-01 -2.002319e-02 1.122888e+01 0 1599084
1.756190e+14 9.649746e+11 3.403540e+12 3.224090e-01 9.441265e-01 -6.839312e-02 -1.379991e+01 0 15377697
6.375867e+13 -1.137589e+14 1.230720e+14 -2.504586e-01 -9.614371e-01 1.136182e-01 -1.914646e+01 0 3201808
-1.103665e+13 1.745616e+14 4.532199e+12 6.803899e-01 7.134950e-01 1.673156e-01 5.599906e+00 0 7520633
-7.712427e+13 -9.548251e+13 -1.253079e+14 5.698146e-02 -7.428646e-01 -6.670123e-01 -5.270022e+00 0 6314578
-8.205554e+13 3.826796e+13 1.568192e+14 -1.479817e-01 3.181185e-01 9.364305e-01 1.270131e+01 0 16673034
5.765324e+13 1.611705e+14 4.283112e+13 4.629342e-01 8.844401e-01 5.880224e-02 -8.883567e+00 0 4663015
6.280367e+12 -6.955851e+13 -1.908261e+14 1.462765e-02 -6.880842e-01 -7.254834e-01 -2.050816e+01 0 8242010
8.712984e+13 1.470749e+14 8.095813e+12 7.559139e-01 3.655504e-01 -5.431088e-01 1.171753e+00 0 80690
1.605209e+14 5.872848e+13 -3.136282e+12 6.276516e-01 7.784834e-01 -4.134338e-03 -9.913380e+00 0 1114291
-1.741677e+14 -2.144411e+13 1.243496e+13 -4.878609e-01 3.392334e-01 8.043087e-01 -1.793908e+01 0 4741356
-9.555918e+12 -8.275800e+11 1.696519e+14 -5.214297e-01 2.630343e-01 8.117414e-01 1.318331e+01 0 8681604
8.497503e+13 2.876214e+13 1.572853e+14 3.190679e-01 8.074787e-01 4.961591e-01 -6.442993e+00 0 6626814
2.908815e+13 -1.438213e+14 -1.095899e+14 -2.906311e-01 -9.038705e-01 3.139295e-01 1.421615e+01 0 1237645
1.453772e+14 -6.931563e+13 5.388376e+13 2.509012e-01 -2.711335e-01 9.292660e-01 -6.874610e+00 0 1436332
3.055180e+13 -9.663231e+13 -1.454738e+14 8.518148e-01 -5.094682e-01 -1.218760e-01 -7.758857e+00 0 9267365
1.006837e+14 -9.965356e+12 1.383231e+14 8.228150e-01 -5.481490e-01 1.500270e-01 9.176634e+00 0 1365343
-9.852572e+13 1.387133e+14 3.372674e+12 2.101503e-01 7.983956e-01 -5.642707e-01 -1.156464e+01 0 618271
4.876374e+13 -1.927922e+13 1.641164e+14 -2.452264e-01 -5.205085e-01 8.178844e-01 7.651431e+00 0 4753171
3.357244e+12 2.435503e+13 1.695050e+14 8.529337e-01 -1.965105e-01 4.836195e-01 -8.702234e+00 0 1453470
1.402068e+14 -6.155332e+13 8.198000e+13 6.444929e-01 -3.275860e-01 6.908808e-01 -1.549916e+01 0 353970
-3.825022e+13 -1.657657e+14 -6.444477e+12 -4.831090e-01 -8.746293e-01 4.036544e-02 -7.435476e+00 0 2536914
-5.173269e+12 -4.462209e+13 1.638515e+14 -4.502555e-01 -6.366966e-01 6.260091e-01 1.025037e+01 0 9137334
-6.313303e+13 -1.529105e+14 3.883513e+13 -2.164371e-01 -7.324281e-01 -6.455261e-01 7.340118e+00 0 315903
-1.725216e+14 7.788827e+11 -6.764334e+12 -6.453801e-01 -7.517786e-01 -1.353269e-01 1.294896e+01 0 134950
1.273396e+14 -1.390809e+14 2.139233e+13 4.721249e-01 -7.079540e-01 5.252611e-01 -1.307750e+01 0 2248871
7.762055e+13 -1.587541e+14 8.506345e+12 6.349116e-01 -6.054411e-01 -4.799253e-01 2.474302e+01 0 5117032
-7.280396e+13 3.106672e+13 -1.600852e+14 -2.043488e-01 6.512228e-02 -9.767296e-01 -1.456798e+01 0 341049
-1.721183e+14 2.047526e+13 1.230274e+13 -9.856150e-01 -2.380551e-02 -1.673212e-01 -9.127771e+00 0 3275409
-1.707278e+14 -9.741824e+12 -5.590975e+12 -3.672264e-01 4.943562e-01 7.878811e-01 7.344215e+00 0 6349390
-1.387641e+13 1.961607e+14 8.078504e+12 -1.339382e-02 9.939582e-01 1.089391e-01 -1.283664e+01 0 17219
-7.762336e+13 -1.430226e+14 -6.215162e+13 3.012039e-01 -9.532756e-01 -2.327586e-02 -4.211620e+00 0 2888856
-3.074487e+13 -1.730684e+14 -2.278139e+13 -2.304574e-01 -9.597636e-01 -1.604468e-01 -9.362451e+00 0 6790843
4.732914e+13 1.486934e+14 -6.650498e+13 -7.193249e-01 5.456728e-01 -4.298987e-01 -4.202385e+00 0 6462288
-1.815651e+14 3.386720e+13 1.780084e+13 -6.788459e-01 4.819175e-01 5.540071e-01 1.571946e+01 0 7336635
7.524921e+13 1.075641e+14 1.075387e+14 8.164144e-01 4.178492e-01 3.985844e-01 -1.417178e+01 0 6056831
-6.277446e+13 -2.499136e+13 1.806856e+14 -3.368608e-01 6.546042e-01 6.767704e-01 1.346757e+01 0 46
-1.024045e+14 -1.060611e+14 -9.026110e+13 -4.177968e-01 -5.188447e-01 -7.458190e-01 -7.485286e+00 0 8804321
8.444547e+13 2.900667e+13 -1.449629e+14 -6.242512e-01 2.849089e-01 -7.274183e-01 -6.468573e+00 0 2266044
-1.448022e+14 4.119700e+13 -9.294951e+13 -7.578262e-01 -1.054274e-01 -6.438824e-01 -2.042852e+01 0 859189
-1.174168e+14 -1.180285e+14 3.395524e+13 -5.273697e-01 -6.067947e-01 -5.947112e-01 -4.842000e+00 0 8085536
1.491154e+14 -8.088493e+13 -5.139930e+13 8.421818e-01 -2.998960e-01 -4.480985e-01 1.159160e+01 0 1265626
5.376915e+13 -1.104279e+14 1.540039e+14 5.561745e-01 -6.853910e-01 4.700098e-01 -1.755344e+01 0 5612371
-1.390825e+13 -9.051684e+13 1.443593e+14 8.581395e-02 -5.596785e-01 8.242548e-01 -1.421692e+01 0 5860844
1.683769e+14 3.655120e+12 5.763201e+13 8.366777e-01 3.244701e-01 4.412365e-01 -6.023371e+00 0 164498
9.114249e+13 8.921230e+13 -1.129515e+14 4.248270e-01 -3.119574e-01 -8.498262e-01 3.443107e+00 0 3464328
-1.377267e+14 5.992800e+13 -8.213086e+13 -7.336817e-01 -6.248903e-01 -2.668767e-01 -1.255469e+00 0 648266
2.075698e+13 -1.596078e+14 5.693793e+13 4.576890e-01 -7.556355e-01 4.685465e-01 1.336192e+01 0 21745412
1.066727e+14 1.705796e+14 -8.185478e+13 4.394353e-01 3.993828e-01 -8.046055e-01 -1.664896e+01 0 5177473
-1.015085e+14 4.641961e+13 -1.317034e+14 -9.825903e-01 -1.851808e-01 -1.497778e-02 1.780685e+01 0 560624
-2.912744e+13 1.581504e+14 -6.750874e+13 -5.171832e-01 2.787553e-01 -8.092077e-01 -1.269721e+01 0 4989504
1.032875e+14 1.327491e+14 1.144286e+14 6.662292e-01 -8.550126e-02 7.408293e-01 -3.665598e+01 0 30790513
1.573576e+14 -7.152335e+13 -3.596499e+13 8.623363e-01 -3.515118e-01 -3.644387e-01 -9.713350e+00 0 7073659
-1.679001e+14 -1.452642e+13 4.697446e+13 -7.268641e-01 -4.273366e-01 5.376355e-01 1.898389e+01 0 1056814
1.277485e+14 1.152350e+14 5.337972e+12 3.707310e-01 7.536610e-01 -5.427280e-01 -4.738837e+00 0 1484371
7.496184e+12 -7.013492e+13 -1.563089e+14 5.145750e-01 -8.196357e-01 -2.518132e-01 7.375296e+00 0 8086982
1.139958e+14 6.291856e+13 1.143910e+14 1.478472e-01 1.891330e-01 9.707574e-01 -1.557493e+01 0 23631275
-1.543763e+14 -1.533782e+14 3.992125e+13 -8.084346e-01 -3.142858e-01 4.976524e-01 1.314566e+01 0 725843
5.163407e+13 1.376554e+14 -1.160829e+14 4.962487e-02 7.545928e-01 -6.543143e-01 1.699895e+01 0 7835377
-9.232202e+13 -6.876343e+13 1.272483e+14 -5.062523e-01 -7.044560e-01 4.974438e-01 -7.443652e+00 0 2678360
5.595939e+13 1.231714e+14 -1.059078e+14 5.453822e-01 7.840886e-01 -2.962488e-01 5.959637e+00 0 12136905
1.204731e+14 -2.610215e+13 -1.199426e+14 6.666456e-01 -3.644864e-01 -6.501794e-01 1.310013e+01 0 3785252
-1.652627e+13 1.278940e+14 1.109279e+14 5.181901e-01 5.955922e-01 6.137987e-01 1.144419e+01 0 207820
-1.436710e+14 8.339519e+13 -5.240547e+13 -5.085713e-01 8.593255e-01 -5.398980e-02 -1.463553e+01 0 10660863
2.939555e+13 1.466974e+14 1.225829e+14 -3.632877e-01 3.819559e-01 8.497833e-01 -6.880693e+00 0 782774
-3.995996e+13 -1.289067e+14 1.358852e+14 -1.557509e-01 -9.742478e-01 -1.630424e-01 2.438781e+01 0 10019768
-1.452951e+14 5.832748e+13 6.992844e+13 -9.526020e-01 1.752434e-01 -2.486748e-01 1.538625e+01 0 2318622
6.781065e+13 -1.204231e+14 1.039754e+14 6.007134e-01 -7.977233e-01 -5.273512e-02 -7.444595e+00 0 850440
1.132805e+14 -1.157861e+14 -5.050039e+13 7.923691e-01 -7.988214e-02 -6.047892e-01 -4.987299e+00 0 2650668
4.449502e+13 1.400767e+14 8.469353e+13 4.513996e-01 8.708168e-01 -1.947215e-01 -1.161207e+01 0 9719222
-1.640225e+14 -2.507967e+13 3.647113e+13 -3.534996e-01 -8.959322e-01 2.689677e-01 1.591224e+01 0 1372034
5.599363e+13 5.638780e+13 -1.504929e+14 9.692904e-01 9.486546e-02 -2.268845e-01 7.182804e+00 0 1900560
-1.296998e+14 -9.097632e+13 -1.096058e+14 -6.416734e-01 1.597191e-01 -7.501633e-01 -1.806607e+01 0 7540805
-5.725599e+13 -1.360282e+14 9.095805e+13 2.010834e-02 -5.360076e-01 8.439737e-01 1.054162e+01 0 44736
-6.977818e+12 4.074122e+13 -1.686255e+14 3.092110e-01 3.477683e-01 -8.851248e-01 -1.020811e+01 0 3555453
1.069745e+14 -2.489559e+13 -1.953461e+14 4.757846e-01 -5.040431e-01 -7.208118e-01 -1.909984e+01 0 89932
-1.336096e+14 1.331251e+14 1.067933e+13 -5.847068e-01 4.198811e-01 -6.941310e-01 1.634220e+01 0 16951939
-1.498201e+14 2.336197e+13 -7.860883e+13 -3.156036e-01 -6.348004e-02 -9.467654e-01 4.398587e+00 0 280090
-1.088080e+12 -1.253903e+14 1.225822e+14 -5.840132e-01 -2.456845e-01 7.736716e-01 1.394741e+01 0 2225656
-1.588604e+14 -1.010388e+14 4.193562e+13 -9.006631e-01 6.334780e-02 4.298755e-01 -2.887946e+01 0 13596399
1.030917e+14 6.437251e+13 -1.191772e+14 4.882429e-01 8.331300e-01 -2.598330e-01 8.336944e+00 0 3605104
1.339503e+14 -3.738396e+13 1.015733e+14 4.331984e-01 8.238147e-02 8.975257e-01 1.269919e+01 0 6401347
9.396122e+13 -5.114769e+13 1.363112e+14 -1.652560e-01 -1.477960e-01 9.751137e-01 -1.272112e+01 0 800204
-1.490265e+14 1.492700e+13 8.009773e+13 -1.514299e-01 5.277173e-01 8.358130e-01 -7.657399e+00 0 56612
1.452944e+14 -5.878111e+13 6.537162e+13 -4.436215e-03 -9.735347e-01 -2.284964e-01 -2.032918e+01 0 28196687
2.667237e+13 -1.773598e+14 -3.532248e+12 5.147803e-01 -7.391638e-01 -4.343249e-01 1.501701e+01 0 313827
-1.265251e+14 1.190745e+14 -9.739247e+13 -7.201708e-01 3.871202e-01 -5.757534e-01 1.948086e+01 0 22279686
-1.742800e+14 -3.442739e+13 -1.784028e+13 -8.854487e-01 4.415033e-01 1.451050e-01 1.629240e+01 0 1467757
2.818927e+13 1.062679e+14 -1.355286e+14 6.551747e-01 5.879869e-01 -4.743601e-01 -2.177664e+01 0 20535427
-9.739603e+13 -6.076264e+13 -1.431114e+14 -8.292018e-01 2.802441e-01 -4.836192e-01 -1.754326e+01 0 2329531
7.306519e+13 -1.446735e+14 -5.063533e+13 -1.294522e-01 -3.453028e-01 -9.295204e-01 6.595412e+00 0 4737467
1.678456e+14 -1.438310e+13 -3.319852e+13 2.440184e-01 5.945004e-01 -7.661751e-01 -1.800605e+00 0 1
8.788565e+13 -3.317497e+13 -1.442699e+14 4.649784e-01 1.305770e-01 -8.756396e-01 9.500397e+00 0 318870
1.647578e+14 2.467055e+13 3.260701e+13 5.477883e-01 -1.498970e-01 -8.230789e-01 -5.205222e+00 0 258445
-8.678912e+13 -1.430647e+14 -4.192471e+13 6.115623e-02 -8.464790e-01 5.288981e-01 -9.231382e+00 0 397365
-1.339104e+13 7.899170e+13 -1.542211e+14 -2.339120e-01 8.768756e-01 -4.199694e-01 1.795351e+01 0 2687749
5.533411e+13 1.465767e+14 -1.405762e+14 2.520356e-01 9.482102e-01 1.933272e-01 2.016305e+01 0 651729
-1.592829e+14 2.659774e+13 7.688623e+13 -7.997815e-01 9.809824e-02 5.922214e-01 2.022482e+01 0 1540917
1.524835e+14 -1.025718e+14 -1.000222e+13 9.757287e-01 -1.627395e-01 -1.465246e-01 1.845548e+01 0 2329899
-1.203398e+14 -7.271739e+13 1.033229e+14 -8.283216e-01 -1.401037e-01 5.424520e-01 -1.288695e+01 0 15326011
-2.202085e+13 -1.559871e+14 6.329230e+13 7.132976e-01 -5.812197e-01 3.916507e-01 1.033680e+01 0 20805430
-1.027107e+14 -1.342351e+14 -1.409546e+13 4.848047e-01 -7.510493e-01 -4.482069e-01 8.547756e+00 0 1412446
-1.622193e+14 -1.379295e+13 -4.770962e+13 -8.666373e-01 4.921963e-01 8.174715e-02 -2.231848e+00 0 1379723
-9.056960e+13 1.352356e+14 8.098217e+13 -4.200416e-01 -2.250856e-01 8.791482e-01 -8.234833e+00 0 2657532
-1.953845e+13 1.020390e+14 -1.345774e+14 -1.605834e-01 9.271055e-01 3.386566e-01 3.720744e+00 0 6454716
1.585574e+14 -1.286119e+14 -9.525964e+13 7.723438e-01 -5.221412e-01 -3.617371e-01 -1.579434e+01 0 5770659
9.230164e+13 1.399913e+14 -5.345978e+13 1.563426e-01 8.213066e-01 -5.486460e-01 -9.994789e+00 0 5503648
1.195229e+14 -1.239606e+14 5.222913e+13 7.744446e-01 -6.210158e-01 1.207268e-01 -1.345711e+01 0 1141353
-1.446924e+14 9.774214e+13 1.271025e+14 -4.418661e-01 2.554719e-01 8.599352e-01 2.145568e+01 0 2607827
1.555171e+14 7.280558e+13 -9.600866e+12 -1.006006e-01 8.796274e-01 4.649034e-01 -2.556230e+00 0 1042163
-7.927814e+13 9.665311e+13 -1.176493e+14 -6.555387e-01 -4.737193e-01 -5.880978e-01 -5.520955e+00 0 2835153
1.559987e+14 3.311228e+13 6.238967e+13 8.831568e-01 3.011802e-01 -3.596172e-01 -5.795521e+00 0 272173
-1.322374e+14 -1.061462e+14 -4.421809e+13 9.607005e-02 -3.361968e-01 -9.368790e-01 2.416970e+01 0 7803113
-9.628533e+13 -7.405570e+13 -1.188724e+14 -3.330729e-01 -4.353384e-01 -8.363869e-01 7.882566e+00 0 368567
1.326962e+14 -1.197932e+12 -1.354073e+14 5.098799e-01 6.949096e-01 -5.070731e-01 2.443359e+01 0 4212012
5.694223e+13 1.359299e+14 -8.587007e+13 -2.088917e-01 5.535064e-01 -8.062226e-01 -4.831063e+00 0 19072498
-4.709731e+13 1.649592e+14 -2.430813e+13 -8.953536e-01 4.452879e-01 -7.782514e-03 -2.785354e+00 0 133100
-1.793080e+11 1.761642e+14 1.573708e+13 5.478652e-01 6.369558e-01 5.423386e-01 -1.467175e+01 0 7944437
2.048221e+11 1.060211e+14 1.358860e+14 -2.949661e-01 9.407850e-01 1.670887e-01 1.484653e+01 0 5107863
-1.102751e+14 5.982865e+13 1.201203e+14 -7.829050e-01 4.537746e-01 4.256152e-01 1.306832e+01 0 17253160
1.364829e+13 6.526359e+13 -1.599814e+14 -9.614682e-02 -5.731899e-01 -8.137623e-01 -7.611429e+00 0 1206136
1.505351e+14 7.126827e+13 6.136264e+13 2.728102e-01 2.727426e-01 9.225975e-01 -1.255101e+01 0 35
1.291952e+13 -1.540197e+14 9.028830e+13 2.320656e-01 -6.950435e-01 6.804852e-01 -9.779693e+00 0 5158923
-1.020601e+14 -9.975014e+13 9.230490e+13 -2.489980e-01 -1.482789e-01 9.570859e-01 -6.884281e+00 0 4232638
1.284353e+14 -1.219929e+14 1.293628e+13 9.218657e-01 -1.573149e-01 -3.541408e-01 1.758096e+01 0 448783
1.194786e+14 8.646824e+13 8.465156e+13 7.920246e-01 -5.579733e-01 2.477150e-01 -1.216769e+01 0 110182
1.413691e+14 1.302714e+14 -4.474080e+12 9.140447e-01 3.437239e-01 -2.153513e-01 -2.283689e+01 0 14543374
1.099069e+14 -1.225517e+14 -4.239152e+13 7.090864e-01 -7.051044e-01 -4.925618e-03 -4.516194e+00 0 584376
3.198151e+12 -9.998910e+13 -1.394959e+14 4.211772e-01 4.771647e-01 -7.713129e-01 1.272234e+01 0 1138036
-1.091461e+14 7.142087e+13 -1.152366e+14 -7.472170e-02 8.496766e-01 -5.219831e-01 1.535119e+01 0 5150966
-6.420360e+13 9.469966e+13 -1.252703e+14 6.273667e-01 4.164937e-01 -6.579848e-01 -1.414908e+01 0 2156069
9.270936e+13 -1.048571e+14 -1.032671e+14 9.576634e-01 2.847590e-01 4.234648e-02 -6.798317e+00 0 429143
-1.670107e+14 3.577572e+12 3.320419e+13 -8.834351e-01 -4.469674e-01 -1.405794e-01 8.399194e+00 0 1093269
-7.938512e+13 -1.289864e+14 -9.532991e+13 -1.169041e-01 -4.286145e-02 -9.922179e-01 -2.169326e+01 0 3781408
7.335296e+13 -8.135607e+13 -1.299711e+14 -4.346886e-01 -7.543073e-01 -4.920025e-01 -7.130515e+00 0 496444
8.508607e+13 -1.471414e+14 1.253865e+13 9.272853e-01 -3.285309e-01 -1.794699e-01 1.237366e+01 0 717424
1.844083e+14 -3.904853e+13 6.273455e+13 8.041763e-01 -5.113350e-01 3.030462e-01 -2.179553e+01 0 182706
-5.588911e+13 -1.473692e+14 6.509951e+13 -7.066884e-01 -3.214171e-01 6.303036e-01 2.809902e+00 0 384001
1.695839e+14 -8.394080e+12 1.271720e+13 1.304051e-01 -9.476437e-01 -2.914891e-01 -1.803725e+01 0 10877874
-1.352304e+14 3.599265e+13 1.253323e+14 -8.497797e-01 1.061213e-01 5.163456e-01 -2.262371e+01 0 6926777
7.091935e+13 -1.178120e+14 1.004941e+14 9.990162e-01 4.319051e-02 -1.006078e-02 9.763804e+00 0 245004
-4.102370e+13 -9.735723e+13 -1.379232e+14 3.955327e-01 -6.232727e-01 -6.745999e-01 -7.860248e+00 0 755569
9.943969e+13 -1.365711e+14 -1.999444e+13 9.947044e-01 -4.592056e-02 9.194811e-02 -7.946368e-01 0 213562
-6.420807e+13 -1.347999e+14 -8.577781e+13 1.057139e-01 -8.813456e-01 -4.604938e-01 8.333451e+00 0 12734159
1.531547e+14 -1.023716e+13 -7.790292e+13 9.327859e-01 -1.297941e-01 3.362499e-01 -7.266227e+00 0 29
-1.203037e+14 6.502210e+13 1.008642e+14 -8.768749e-01 3.115515e-02 4.797081e-01 -5.849612e+00 0 2787700
6.400845e+13 -1.481497e+14 5.289209e+13 2.674006e-01 -9.047286e-01 3.316070e-01 -1.036411e+01 0 328250
-2.841589e+13 1.193835e+14 -1.297065e+14 -2.054690e-01 5.896798e-01 -7.810635e-01 -8.237262e+00 0 9175639
1.310163e+14 9.399277e+13 7.938956e+13 7.443243e-01 5.913069e-01 3.103829e-01 -1.355637e+01 0 222842
2.220475e+12 -7.597522e+13 -2.493215e+14 -2.443383e-01 1.147222e-01 -9.628799e-01 2.095919e+01 0 3141016
6.605752e+13 1.566218e+14 -1.371611e+13 -6.707009e-01 7.177435e-01 -1.870953e-01 -1.097666e+00 0 1852895
-1.558422e+13 1.447194e+14 -8.735948e+13 -5.560189e-01 8.189372e-01 1.420736e-01 -4.397254e+00 0 1917110
-8.431996e+13 1.630833e+14 3.970699e+13 3.952682e-01 9.146254e-01 8.499047e-02 -2.296621e+01 0 18556845
-8.825650e+13 1.153255e+14 -9.355216e+13 1.182031e-01 3.139455e-01 -9.420543e-01 1.097129e+01 0 1249153
-1.421038e+14 1.023813e+14 1.272873e+14 -5.269507e-01 4.367327e-01 7.291004e-01 -1.493010e+01 0 600714
-4.739107e+13 1.290420e+14 1.068545e+14 6.518482e-02 8.454167e-01 5.301146e-01 -2.057688e+01 0 791801
5.060483e+13 1.375613e+14 8.544142e+13 9.285952e-01 7.266023e-02 3.639114e-01 7.806581e+00 0 1187544
-1.212540e+14 -1.266182e+14 3.618454e+12 -6.736459e-01 -5.593182e-01 -4.830780e-01 1.463931e+01 0 3237771
1.599492e+13 1.703602e+14 3.347636e+13 -6.578267e-01 5.809715e-01 -4.793080e-01 2.107397e+01 0 4466494
-1.359926e+13 4.063312e+13 -1.800193e+14 -5.650820e-01 3.915341e-01 -7.262117e-01 -1.044308e+01 0 8972727
-1.331884e+14 -1.033067e+14 -3.369022e+13 -2.358049e-01 -7.659969e-01 5.980341e-01 -3.589656e+00 0 12504413
-8.639980e+13 9.874423e+13 1.076106e+14 -2.750404e-01 9.577411e-01 -8.417132e-02 -8.273723e+00 0 846863
-4.249249e+13 1.642727e+14 4.121299e+12 -4.389552e-01 8.516998e-01 -2.862269e-01 1.609693e+01 0 22524513
-4.096769e+13 -1.443727e+14 8.223400e+13 -5.407317e-01 -8.159318e-02 8.372286e-01 -1.032089e+01 0 5034278
1.361188e+14 -1.116318e+14 -1.600852e+13 4.112636e-01 -6.519229e-01 -6.370705e-01 -1.208168e+01 0 4503697
1.533344e+14 -7.405815e+13 1.125472e+13 4.422259e-01 -4.778708e-01 -7.589965e-01 -8.642283e+00 0 3789542
-1.566258e+13 4.950166e+13 1.742463e+14 1.242837e-01 -2.452140e-01 9.614695e-01 1.425311e+01 0 10264456
8.809636e+12 1.130803e+14 1.265325e+14 6.110146e-01 2.549914e-01 7.494268e-01 -5.987287e+00 0 8510895
-1.776829e+14 1.577493e+12 2.487769e+13 -6.581383e-01 6.088573e-01 4.428847e-01 -2.170316e+01 0 1912957
-7.515090e+13 -1.923524e+14 6.830423e+13 -4.341975e-01 -7.469893e-01 5.034675e-01 1.309558e+01 0 5640236
-1.730611e+14 2.118334e+13 2.134484e+13 -5.462063e-01 -8.215617e-01 1.633862e-01 -5.444043e+00 0 217645
-7.226127e+13 1.186694e+14 -9.788130e+13 -9.784058e-01 -3.188979e-02 -2.042182e-01 4.374975e-01 0 5574998
-4.071399e+13 -2.935368e+13 1.669768e+14 -3.789111e-01 2.614368e-01 8.877371e-01 -1.572779e+01 0 1741080
8.150893e+13 -1.000061e+14 -1.255468e+14 6.665296e-01 1.039719e-01 -7.381925e-01 2.022472e+01 0 3136664
1.063416e+14 1.341158e+14 -1.897162e+13 5.260640e-01 8.226374e-01 -2.156951e-01 2.403087e+01 0 6204392
3.022326e+13 7.691926e+13 -1.505455e+14 4.347465e-01 -1.203116e-01 -8.924800e-01 -1.004486e+01 0 8396091
-9.805471e+13 -2.753720e+13 -1.356696e+14 -5.471734e-01 -6.242953e-01 -5.575452e-01 -3.421811e+00 0 3646680
1.304824e+14 -1.051007e+14 2.636620e+13 4.330369e-01 -8.985909e-01 7.080566e-02 1.565902e+00 0 1260630
-1.709717e+14 -5.489937e+13 -1.724243e+13 -6.584885e-01 -5.538936e-01 5.095045e-01 -5.267117e+00 0 1247854
-9.056538e+13 1.214198e+14 7.691852e+13 -3.904749e-01 8.177719e-01 -4.228221e-01 8.830691e+00 0 1530975
7.565102e+13 1.164105e+14 9.900601e+13 -4.322155e-02 8.347274e-01 -5.489646e-01 1.324457e+01 0 11457712
-1.410257e+14 -9.348923e+13 2.401760e+13 -8.932641e-01 -3.379922e-01 2.963790e-01 -5.465056e+00 0 2062995
1.779084e+13 1.560883e+14 6.407072e+13 -7.839147e-01 -3.098136e-03 6.208608e-01 2.685039e+01 0 34271954
-1.728588e+13 -7.608898e+13 -1.512122e+14 1.636465e-01 -8.629770e-01 -4.780068e-01 1.168612e+01 0 9284094
1.735461e+13 1.671577e+14 2.946742e+13 -5.893263e-01 4.830538e-01 6.475751e-01 -1.069612e+00 0 31496071
-1.300667e+14 1.792900e+13 -1.348065e+14 -6.351436e-01 7.163041e-01 -2.889654e-01 -2.074792e+01 0 5457233
1.500898e+14 -4.038470e+13 -6.828466e+13 2.658035e-01 -6.918416e-01 6.713447e-01 -1.544532e+01 0 7960270
-5.194215e+13 -6.676315e+13 1.479583e+14 5.473806e-01 2.570769e-01 7.964207e-01 7.455074e+00 0 1739633
-1.386122e+14 2.032494e+13 1.015762e+14 -5.901380e-01 4.220907e-01 6.881690e-01 9.710235e+00 0 3006184
-1.681903e+14 3.831607e+13 3.795586e+13 -1.015878e-01 9.948142e-01 -4.963244e-03 2.969662e+00 0 420075
-9.203701e+12 1.768967e+14 4.352809e+13 -2.098064e-01 7.816946e-01 5.873115e-01 -1.512940e+01 0 2358170
8.796924e+13 1.403553e+14 -3.980867e+13 -1.374242e-01 5.827019e-01 -8.009826e-01 -1.019893e+01 0 1274977
-7.183861e+11 2.767670e+13 -1.801065e+14 -3.092274e-01 -8.350563e-02 -9.473147e-01 -1.381816e+01 0 14243641
8.960478e+13 -1.440244e+14 2.408677e+13 -3.416807e-01 -8.588765e-01 -3.815566e-01 -1.382377e+01 0 1610712
-1.968416e+13 -1.250105e+14 -1.330684e+14 1.595116e-01 -5.831449e-01 -7.965538e-01 -1.364983e+01 0 525561
-1.244446e+14 -5.567194e+13 1.025100e+14 3.043735e-01 -8.132196e-01 4.960149e-01 -8.983907e-01 0 8153415
-6.973651e+13 1.730879e+14 -3.413659e+13 4.106984e-01 8.739841e-01 2.597665e-01 -3.023346e+01 0 8858027
2.354087e+13 -2.630825e+13 -1.720821e+14 6.537816e-01 -5.173902e-01 -5.521567e-01 -1.601683e+01 0 1156946
-1.873723e+12 1.581530e+14 6.859850e+13 -3.116757e-02 9.861250e-01 1.630521e-01 -4.987553e+00 0 1499893
-4.856149e+13 1.212421e+14 1.096002e+14 -3.440410e-02 9.932836e-01 -1.104720e-01 -9.469334e+00 0 1964230
-6.062035e+13 -7.729226e+13 -1.400165e+14 1.708069e-01 -9.039173e-01 -3.921206e-01 7.646653e+00 0 1936133
-5.751474e+13 1.001162e+14 -1.304289e+14 -4.754402e-01 3.861941e-01 -7.904497e-01 6.624518e+00 0 140657
1.640261e+14 4.287232e+13 1.701150e+13 9.248126e-01 -1.128784e-02 -3.802554e-01 1.365673e+01 0 1577660
8.643557e+13 -1.164507e+14 9.168401e+13 8.777420e-01 3.993291e-01 2.647741e-01 2.264503e+01 0 9339392
1.000868e+13 1.661558e+14 -5.221677e+13 8.448856e-02 9.952738e-01 -4.787272e-02 1.294884e+01 0 3836802
1.064595e+14 1.188084e+14 -5.850629e+13 9.121082e-01 -3.954604e-01 -1.080265e-01 -6.181560e-01 0 445512
1.538675e+14 2.189687e+13 -6.795073e+13 5.291562e-01 6.771458e-01 -5.113387e-01 -9.939715e+00 0 1903677
1.715911e+14 -2.570945e+12 -3.676606e+13 9.935822e-01 1.125267e-01 1.149400e-02 -7.640555e+00 0 1017943
1.766425e+14 -2.290468e+12 -8.121869e+12 5.396745e-01 -7.358480e-01 -4.089976e-01 4.087343e+00 0 5348056
6.132429e+13 -1.569949e+14 3.750175e+13 -4.505715e-01 -8.838817e-01 1.254527e-01 -2.009378e+01 0 2083585
1.196621e+14 1.248407e+14 -2.958189e+13 9.913254e-01 9.436400e-02 9.148479e-02 -1.901540e+01 0 1973303
8.159266e+13 1.460661e+14 2.853549e+13 7.215098e-01 4.371336e-01 -5.369709e-01 2.082564e+00 0 189679
-6.915901e+13 -6.830270e+13 -1.426744e+14 3.045218e-01 3.736273e-01 -8.761673e-01 -1.099406e+01 0 10441488
1.524563e+14 3.401435e+13 -6.767567e+13 4.503241e-01 -3.732036e-01 -8.111271e-01 -1.069279e+01 0 664655
-5.742996e+13 8.018255e+13 1.391192e+14 3.254562e-01 8.849723e-01 3.330201e-01 1.220919e+01 0 1738852
-2.660152e+13 -1.617358e+14 -5.275307e+13 5.350468e-02 -9.816740e-01 1.829028e-01 1.412772e+01 0 1396417
-9.680516e+13 1.259181e+14 1.062013e+14 -2.104666e-01 6.127064e-01 7.617708e-01 -1.404089e+01 0 26735248
1.792325e+14 -2.246498e+13 2.217573e+13 9.092740e-01 2.789769e-01 -3.088572e-01 1.773033e+01 0 1095373
-6.068746e+13 1.991362e+13 -1.664388e+14 -1.941588e-01 2.911728e-02 -9.805379e-01 -1.760818e+01 0 23027460
4.245280e+13 3.540597e+13 -1.644130e+14 5.416161e-01 5.800009e-01 -6.084825e-01 6.625153e+00 0 2366738
3.761510e+13 -1.422063e+14 8.792983e+13 -3.762511e-01 -4.009664e-01 8.352611e-01 -1.608665e+01 0 712096
1.290610e+14 8.514980e+13 -7.330788e+13 -3.697210e-01 9.059108e-01 -2.064754e-01 1.789247e+01 0 63460
-5.472794e+13 4.250341e+13 -1.553623e+14 1.913930e-01 6.101392e-02 -9.796152e-01 6.342405e+00 0 931629
-1.283303e+14 -1.050498e+14 -5.455088e+13 -7.701465e-01 -1.312210e-01 -6.242239e-01 -1.650265e+01 0 4953980
6.040698e+13 -8.320463e+13 1.352246e+14 -5.772763e-03 -4.322617e-01 9.017297e-01 1.518456e+01 0 6034824
1.362883e+13 -8.622361e+13 1.490375e+14 -1.553190e-03 3.331336e-01 9.428783e-01 -9.511612e+00 0 211717
1.255510e+14 8.422677e+13 7.923476e+13 8.361025e-01 4.872297e-01 2.520709e-01 1.005854e+01 0 12895071
-1.428573e+14 1.029919e+14 2.520447e+13 -8.600630e-01 -5.068763e-01 -5.803514e-02 -2.722385e+00 0 1754209
1.249391e+14 -7.084670e+13 9.113928e+13 7.514223e-01 -1.575077e-01 -6.407464e-01 9.057195e+00 0 1195204
3.139510e+13 2.787580e+13 -1.679383e+14 2.415657e-01 5.092334e-01 -8.260311e-01 6.320076e+00 0 10955953
6.291728e+13 -9.706907e+13 -1.258603e+14 -5.039627e-01 2.469244e-01 -8.276774e-01 6.775113e+00 0 2436897
-1.312526e+14 7.739729e+13 -8.289673e+13 -7.518112e-01 -9.337700e-02 -6.527333e-01 -7.155787e+00 0 2953750
-1.566485e+13 7.392669e+13 1.527775e+14 2.232991e-01 3.104374e-01 9.239947e-01 -1.251111e+01 0 1006178
1.061754e+14 7.763345e+13 1.070847e+14 4.845679e-01 1.430222e-01 8.629824e-01 4.083996e+00 0 4
1.188617e+14 -1.122606e+14 -4.765087e+13 4.873589e-01 -6.896053e-01 -5.356547e-01 1.997540e+00 0 1741771
-1.040885e+14 -1.117661e+14 1.347811e+14 -5.007716e-01 -2.060421e-01 8.406988e-01 1.787912e+01 0 2129064
-1.011198e+14 -3.990850e+13 1.328252e+14 -6.811737e-01 -3.827362e-01 6.241117e-01 1.255023e+01 0 1856713
2.139152e+13 -1.721656e+14 6.106855e+13 6.224255e-01 -7.665583e-01 1.580344e-01 -3.328897e+00 0 5601805
6.313321e+12 -1.599068e+14 1.036783e+14 3.759265e-01 -7.881916e-01 4.872713e-01 -1.540621e+01 0 20669620
1.486660e+14 -9.560992e+13 -2.924328e+13 8.604435e-01 -4.654263e-02 -5.074157e-01 -8.408060e+00 0 5581686
-1.485268e+14 2.161956e+13 -8.254070e+13 -3.040314e-01 4.058794e-01 -8.618740e-01 1.366020e+00 0 1659777
-5.709950e+13 4.958061e+12 -1.745899e+14 4.960985e-01 4.452785e-02 -8.671237e-01 -1.471661e+01 0 13883758
-1.469606e+14 2.862095e+13 8.175753e+13 -9.676421e-01 7.649764e-02 2.404513e-01 6.952867e+00 0 9387437
-1.353027e+14 -1.007075e+14 -2.206458e+13 -5.508162e-01 -6.428111e-01 -5.323489e-01 6.282761e+00 0 286364
-1.017531e+14 -8.301499e+13 -1.151550e+14 -7.807987e-01 -1.018306e-01 -6.164284e-01 5.642128e+00 0 3166037
-9.697610e+13 -1.236066e+14 -6.421950e+13 -6.106609e-01 6.491784e-01 -4.534983e-01 -1.788301e+01 0 728353
1.148821e+14 -2.394457e+13 -1.224644e+14 7.070351e-01 -6.326177e-01 3.160636e-01 4.794907e+00 0 322503
-4.053432e+13 -3.126825e+13 1.857436e+14 2.512802e-01 -2.398738e-01 9.377200e-01 1.756449e+01 0 24322388
1.490433e+14 9.366626e+13 1.974521e+13 9.879715e-01 1.017545e-01 -1.164403e-01 1.101782e+01 0 462697
7.059918e+13 1.175753e+14 1.032247e+14 9.101089e-01 9.447516e-02 4.034553e-01 -1.982994e+01 0 5130882
6.928759e+13 -1.122953e+14 1.070241e+14 5.622489e-01 -8.184514e-01 1.183786e-01 -1.041181e+01 0 5279699
1.545011e+14 2.014651e+13 7.180847e+13 8.756015e-01 -2.466864e-02 -4.824039e-01 2.498323e+00 0 1930002
1.116956e+14 3.498516e+13 -1.319353e+14 9.921374e-01 -1.199329e-01 3.577082e-02 -1.442256e+01 0 13536639
-1.452764e+14 8.854246e+13 -5.714328e+13 -9.075801e-01 -4.159548e-01 5.727090e-02 -1.837357e+01 0 10865769
-1.350413e+14 -2.263121e+13 1.025952e+14 3.875176e-01 -3.209498e-01 8.641883e-01 -4.403020e+00 0 918606
1.107937e+14 1.656189e+14 4.564627e+13 2.124206e-01 9.419801e-01 -2.599058e-01 -1.295124e+01 0 5399440
5.952238e+13 8.304781e+13 -1.411298e+14 9.396266e-01 -1.788248e-01 -2.917594e-01 7.663633e+00 0 7154
-4.026455e+13 4.945524e+13 -1.672899e+14 -1.423866e-01 -6.582815e-01 -7.391830e-01 1.283565e+01 0 5897486
1.051012e+14 -1.774019e+12 1.339532e+14 8.383304e-03 -2.538658e-01 9.672031e-01 -6.535093e+00 0 6924591
9.739462e+13 -7.406144e+13 1.218884e+14 3.764174e-01 -8.929419e-01 2.469105e-01 2.960554e+00 0 7066163
3.005812e+13 -1.499474e+14 -7.696418e+13 3.595283e-02 -8.216430e-01 -5.688675e-01 -6.549215e+00 0 3013271
1.561296e+14 5.232878e+13 4.142291e+13 8.068370e-01 -5.902264e-01 2.543354e-02 4.495754e-01 0 5809876
5.533394e+13 1.619471e+14 -2.168029e+13 5.182067e-01 8.395477e-01 -1.631609e-01 3.702430e+00 0 2
1.529723e+14 1.127722e+14 -5.490854e+13 9.585170e-01 1.507045e-02 -2.846367e-01 1.334891e+01 0 2860550
1.461026e+14 -2.667146e+13 8.584599e+13 4.768950e-01 8.272569e-01 2.970136e-01 2.471890e+01 0 2035364
6.833977e+13 -6.266218e+13 -1.478759e+14 8.390800e-01 -5.440057e-01 -1.592425e-03 -1.536409e+01 0 108555
9.351337e+13 1.164988e+14 9.210973e+13 2.447490e-01 2.935706e-01 9.240748e-01 1.168921e+01 0 9957607
-9.542758e+13 -9.575247e+13 1.122565e+14 -7.616121e-01 -1.428540e-01 6.320915e-01 -1.397706e+01 0 3612972
9.808567e+13 -7.714410e+13 -1.188993e+14 3.109124e-01 -5.194617e-01 -7.959227e-01 -9.942610e+00 0 1029500
2.014416e+13 2.507966e+13 1.672566e+14 -9.409943e-02 9.124987e-01 3.981099e-01 -4.097015e+00 0 1513428
-1.552954e+14 6.433775e+13 2.585306e+13 -7.727043e-01 -6.338780e-01 -3.356812e-02 1.348373e+00 0 5883428
-8.101463e+13 -5.525971e+13 1.494802e+14 -8.558874e-01 -4.098064e-01 3.154606e-01 -1.281505e+01 0 9257680
-1.555108e+14 -4.480083e+13 6.046049e+13 -9.425529e-01 3.326507e-01 3.061900e-02 -2.140062e+01 0 2088093
1.223274e+14 -7.933901e+13 8.996083e+13 3.132750e-01 -3.505646e-01 8.825890e-01 -5.797530e+00 0 131314
-1.620756e+14 -2.855556e+12 -1.060480e+14 -9.430814e-01 -1.146320e-01 -3.121810e-01 -1.335906e+01 0 1199018
-1.345900e+14 1.152287e+14 -2.598115e+13 -5.136341e-01 3.698902e-01 -7.741842e-01 9.591204e+00 0 3599943
6.669045e+13 -1.169316e+14 1.246446e+14 1.169289e-01 -2.404894e-01 9.635831e-01 -8.793507e+00 0 17738257
-9.708016e+13 -1.006166e+14 1.053163e+14 -7.480636e-01 -3.464384e-02 6.627222e-01 -1.436882e+01 0 12385621
-1.504628e+14 4.216822e+13 -7.089286e+13 -8.522185e-01 2.209493e-01 -4.742415e-01 -6.254731e+00 0 956313
9.758843e+13 6.610294e+13 -1.219710e+14 -2.898145e-01 3.110996e-01 -9.051103e-01 3.639909e+00 0 89087
-5.526802e+12 -9.194790e+13 1.428285e+14 3.449763e-01 -5.199823e-01 7.814152e-01 5.092932e+00 0 5389228
-1.035283e+14 -2.640958e+13 -1.333604e+14 -3.541597e-01 5.990225e-01 -7.181525e-01 1.174975e+01 0 4841566
9.264202e+12 1.777232e+14 -1.333530e+13 4.058451e-01 5.362110e-01 7.401132e-01 -1.879532e+01 0 10777427
1.545579e+14 3.465907e+13 -7.059430e+13 2.802590e-01 7.108555e-01 -6.450886e-01 9.689602e+00 0 1861195
-1.462931e+14 -1.000103e+14 -2.617245e+12 -7.603250e-01 5.321304e-02 6.473594e-01 1.056282e+01 0 11435639
1.273331e+14 5.547625e+13 -9.858736e+13 -3.461718e-01 -3.740173e-01 -8.603930e-01 -6.129410e+00 0 4467876
-6.795112e+13 9.235937e+13 -1.265943e+14 -1.071724e-01 9.918936e-01 -6.827292e-02 4.300087e+00 0 1584901
1.548628e+14 -1.307230e+13 1.141064e+14 3.794008e-01 -3.998201e-01 8.343854e-01 1.139940e+01 0 1718038
2.170820e+13 7.698362e+13 1.499951e+14 4.466660e-01 6.370880e-01 6.281786e-01 7.898370e+00 0 984972
7.897143e+13 -1.796771e+13 1.504423e+14 5.571901e-01 -2.861220e-01 7.795341e-01 -6.476218e+00 0 1456395
6.589798e+13 9.162198e+13 -1.360161e+14 8.902324e-01 4.118311e-01 -1.946315e-01 4.311264e+00 0 33547528
-1.083107e+14 -3.381920e+13 1.290908e+14 -4.964833e-01 -7.085117e-01 5.015132e-01 -3.819951e+00 0 7196888
1.653654e+14 -3.956493e+13 -1.152597e+13 4.983849e-01 -8.006688e-01 3.324785e-01 -2.396893e-01 0 641855
1.417714e+14 -3.649387e+13 -8.819895e+13 3.835700e-01 -8.489989e-01 -3.634212e-01 -2.022001e+01 0 254389
-1.686679e+14 5.333936e+13 -5.919282e+12 -6.243612e-01 2.454744e-02 7.807499e-01 1.677069e+01 0 2297455
6.426881e+13 2.478179e+13 1.562910e+14 -8.601706e-02 7.969569e-01 5.978802e-01 1.755247e+01 0 22645850
-6.928315e+13 -1.650664e+14 -1.608381e+13 -2.446785e-01 -9.362961e-01 2.519566e-01 -6.739163e+00 0 2820784
-3.195626e+13 4.546900e+13 1.656952e+14 3.936038e-01 1.015284e-01 9.136564e-01 6.297977e+00 0 6958214
1.680173e+14 3.109473e+13 -3.562114e+13 8.768839e-01 4.400388e-01 -1.934954e-01 -7.465479e+00 0 2195050
1.318695e+14 1.074679e+14 -1.948510e+13 9.694899e-01 2.418125e-01 -4.019951e-02 4.555793e+00 0 9222959
-1.700304e+14 3.471058e+13 6.373195e+13 -8.416442e-01 -8.404488e-02 5.334524e-01 1.642511e+01 0 2066891
4.033689e+13 9.249561e+13 -1.396937e+14 -1.431519e-01 3.276930e-01 -9.338762e-01 1.024638e+01 0 8193695
1.095396e+14 7.004139e+13 -1.123777e+14 9.946039e-01 6.140101e-02 8.362372e-02 7.428806e+00 0 1965074
-2.888630e+13 -1.020989e+14 -1.361295e+14 -2.377300e-01 -9.175724e-01 -3.186616e-01 -1.450906e+01 0 2058869
1.927103e+13 1.547138e+14 6.678877e+13 -8.797121e-01 1.926370e-01 4.347385e-01 -1.343341e+00 0 11966
-1.259545e+14 -6.976439e+13 -9.023561e+13 -6.876414e-01 -7.221141e-01 7.550128e-02 2.100751e+00 0 747324
-4.146444e+13 -1.632675e+14 -3.690961e+13 -2.802709e-01 -6.452240e-01 7.107279e-01 -8.489500e+00 0 870865
1.317991e+14 8.672749e+13 -6.273569e+13 6.154691e-01 -7.532942e-01 -2.318309e-01 4.894801e+00 0 13
-7.297194e+13 -1.316323e+14 -7.969724e+13 1.903961e-01 -8.408106e-01 -5.067414e-01 1.570538e+01 0 11560258
1.281776e+14 -9.436331e+13 -6.336999e+13 3.125830e-01 -4.998138e-01 -8.077611e-01 7.455738e+00 0 202420
4.197797e+13 -1.669832e+14 1.684781e+13 -3.242595e-01 -9.383229e-01 1.200243e-01 -1.543815e+01 0 2756245
1.329550e+14 -8.232464e+13 1.621851e+14 7.752803e-01 1.772518e-02 6.313686e-01 2.345237e+01 0 1094239
8.664089e+13 -1.366477e+14 -9.401268e+13 -3.299811e-01 -8.171083e-01 -4.727013e-01 1.196105e+01 0 6416080
1.735017e+14 -2.366020e+13 -9.030520e+12 8.072525e-01 -5.458030e-01 2.245941e-01 9.440429e+00 0 3142294
-1.170069e+14 1.239411e+14 -4.534385e+13 -8.616651e-01 2.562085e-01 -4.380530e-01 2.002219e+01 0 478527
-1.619705e+13 5.692343e+13 1.590305e+14 7.339484e-01 -3.672046e-01 5.713847e-01 8.199136e+00 0 9346749
8.641144e+13 1.156673e+14 -8.899892e+13 3.990472e-01 5.582209e-01 -7.274275e-01 2.066073e+00 0 167550
8.620454e+13 1.762513e+13 -1.540762e+14 1.769025e-01 6.612652e-02 -9.820045e-01 1.091647e+01 0 3373927
-2.015346e+13 -1.002949e+14 -1.509809e+14 -7.630636e-01 -3.745694e-01 -5.267179e-01 1.018852e+01 0 8686179
9.314302e+12 1.575288e+14 1.164095e+14 2.892442e-01 7.703406e-01 5.682545e-01 -1.669937e+01 0 28106867
-1.642353e+14 2.440748e+13 3.575766e+13 -9.006281e-01 -7.859262e-02 4.274250e-01 7.222064e+00 0 1
-7.819322e+13 -8.301708e+13 1.449323e+14 -7.472150e-01 -5.745522e-01 3.340053e-01 -3.200997e+01 0 6537433
1.264861e+14 3.068438e+13 -1.101808e+14 -3.647683e-01 2.538016e-01 -8.958397e-01 1.256067e+01 0 134955
-8.638071e+13 1.418463e+14 -3.714393e+13 -8.588393e-01 3.187858e-01 -4.009622e-01 -2.815778e+00 0 6676319
1.272367e+14 1.230731e+14 -4.514009e+13 8.507162e-01 3.324587e-01 4.071279e-01 9.020054e+00 0 1254955
1.636679e+14 -1.354580e+13 4.244313e+13 2.268029e-01 8.607426e-01 -4.557221e-01 1.463311e+01 0 506626
3.079153e+13 -1.310000e+14 1.091911e+14 7.773939e-01 -5.878673e-01 2.237649e-01 -1.040131e+01 0 2658755
-1.467267e+14 -6.748972e+12 -9.304077e+13 -4.880962e-01 -8.725611e-01 -1.998335e-02 -4.655438e+00 0 3012997
-1.567145e+14 -6.323400e+13 -1.501862e+13 -8.813049e-02 -9.600623e-01 -2.655436e-01 1.552929e+01 0 2743878
1.258650e+14 1.154304e+14 -3.157994e+12 -2.044362e-01 7.689766e-01 6.057068e-01 1.374296e+01 0 9202612
1.180768e+14 -3.235360e+13 1.207658e+14 2.474706e-01 -8.154652e-02 9.654577e-01 -9.480529e+00 0 1529127
-1.294266e+14 -4.876294e+13 1.020770e+14 -2.727774e-01 2.901401e-01 9.172847e-01 9.893415e+00 0 15074109
1.057490e+14 -8.000924e+13 1.080766e+14 2.364043e-01 -2.081789e-01 9.490914e-01 -1.147653e+01 0 5199721
2.377546e+13 4.115448e+13 -1.721133e+14 7.415747e-02 -2.391899e-01 -9.681368e-01 1.823618e+01 0 1238633
-1.589705e+14 -5.841532e+13 -4.321010e+13 -8.940819e-01 -4.412905e-01 7.668303e-02 -8.662735e+00 0 773870
1.414991e+14 -1.440568e+13 -1.088083e+14 4.054567e-01 -1.579266e-01 -9.003689e-01 8.762275e+00 0 6522491
-1.467601e+14 9.087841e+13 1.725746e+13 -3.870151e-02 5.281571e-01 8.482643e-01 -1.360708e+01 0 2874417
-8.590933e+13 1.482966e+14 1.049108e+13 -6.936220e-01 5.801068e-01 4.270417e-01 1.300484e+01 0 461226
4.835751e+13 -1.582187e+14 -4.006063e+13 2.804946e-01 -9.517266e-01 -1.246565e-01 1.259099e+01 0 135681
5.578469e+13 1.469204e+14 -6.489686e+13 3.606964e-01 8.134872e-01 -4.562201e-01 1.084004e+01 0 3266859
-5.075060e+13 9.170114e+13 1.463142e+14 -6.618024e-01 6.969578e-01 2.761656e-01 -1.115816e+01 0 3422509
1.485869e+14 -7.796844e+13 2.517965e+13 2.590819e-01 -9.213608e-01 2.897772e-01 1.083067e+00 0 878081
5.134885e+13 -1.306567e+14 -9.701940e+13 -4.783249e-01 -7.244756e-01 -4.963269e-01 2.180243e+00 0 4236633
1.544464e+14 -8.117955e+13 -3.587488e+12 9.352802e-01 2.784540e-01 2.184362e-01 -3.714238e+00 0 1487108
-2.190073e+13 -1.614447e+14 5.336220e+13 1.302557e-01 -7.964668e-01 5.904863e-01 -1.181267e+01 0 4366725
-1.672019e+14 3.295538e+13 2.570116e+13 -5.674326e-01 6.682603e-01 -4.810909e-01 -1.288854e+01 0 7377421
-1.006824e+14 1.352377e+13 -1.370176e+14 1.369112e-01 8.355876e-02 -9.870528e-01 7.069527e+00 0 561989
1.070481e+14 -5.357327e+13 -1.210587e+14 2.289402e-01 -1.138346e-01 -9.667616e-01 1.082743e+01 0 14473732
-4.143292e+13 -3.952037e+13 1.599376e+14 4.644341e-01 2.083670e-01 8.607463e-01 -5.306214e+00 0 8860615
-1.102836e+13 -1.823877e+14 -7.776353e+12 1.743318e-01 -9.367363e-01 -3.035351e-01 2.133499e+01 0 671124
9.062059e+13 -1.122096e+14 9.843386e+13 6.851410e-01 -5.966590e-01 4.178275e-01 1.603804e+01 0 5833594
1.986604e+13 1.132218e+14 1.315491e+14 -2.424417e-01 7.113630e-01 6.596853e-01 2.102728e+01 0 4168108
-1.007685e+14 -2.688751e+13 -1.344366e+14 -3.624817e-01 5.259713e-01 -7.693901e-01 1.433310e+01 0 166
-1.728286e+14 -2.420894e+13 -4.457572e+13 -9.106463e-01 3.166299e-01 2.654598e-01 1.858697e+01 0 684079
-1.149416e+14 -5.009026e+12 -1.271225e+14 -6.285584e-01 -3.920058e-01 -6.717483e-01 1.267373e+01 0 3582569
3.950443e+13 1.693361e+14 -8.396521e+12 -4.573599e-01 7.012738e-01 5.468427e-01 -1.691896e+01 0 9369785
1.270893e+13 1.939962e+13 1.687100e+14 1.490779e-01 2.132741e-01 9.655516e-01 1.202982e+01 0 2082678
1.467277e+14 4.878355e+13 8.061571e+13 8.232998e-01 7.999383e-02 5.619417e-01 7.849950e+00 0 3282734
6.358040e+13 -1.383647e+14 -7.544529e+13 -8.049926e-01 -5.691752e-01 -1.674112e-01 5.209733e+00 0 7944827
-1.219591e+14 1.178560e+14 6.277328e+12 -4.232920e-02 9.963699e-01 7.385925e-02 2.494667e+00 0 371656
1.430982e+14 -7.085450e+13 -6.190735e+13 6.234196e-01 6.110217e-01 -4.878528e-01 7.053761e+00 0 10
-4.436401e+13 2.789609e+13 1.614428e+14 1.009929e-01 -6.209453e-01 7.773207e-01 -5.626678e+00 0 1320564
-6.576097e+13 -7.013943e+13 -1.439361e+14 6.814804e-02 3.040756e-02 -9.972117e-01 8.066790e+00 0 368430
9.734833e+13 -1.098991e+14 -1.055533e+14 6.313754e-01 -4.762725e-01 -6.119882e-01 9.184980e+00 0 2228154
1.138390e+14 -4.725955e+13 -1.196397e+14 3.634576e-01 -3.207205e-01 -8.746639e-01 8.504959e+00 0 1773123
-6.813581e+13 8.995182e+13 -1.358065e+14 -5.948375e-01 7.294719e-01 -3.376967e-01 -1.886147e+01 0 1645566
-1.365106e+14 1.026639e+14 3.702686e+13 -5.548442e-01 7.666063e-01 3.232069e-01 9.595419e+00 0 792146
-6.395521e+13 4.453661e+12 1.667005e+14 1.356753e-01 -4.008093e-02 9.899423e-01 -7.918595e+00 0 973286
1.815331e+14 -1.336356e+13 -1.868362e+13 9.254228e-01 -1.224030e-01 3.586226e-01 -1.939218e+01 0 2066274
-4.255962e+13 1.194335e+14 -1.233415e+14 -6.679042e-01 -2.157771e-01 -7.122810e-01 -4.907830e+00 0 2604032
2.362703e+12 1.432463e+14 9.136570e+13 -2.097781e-01 9.628296e-01 -1.701536e-01 -8.394397e+00 0 2868170
5.476533e+13 -4.649894e+13 -1.559396e+14 7.047632e-01 -6.590731e-01 -2.625481e-01 -3.691153e+00 0 5225187
3.918283e+12 -8.238960e+13 1.483571e+14 3.855493e-01 1.994535e-01 9.008718e-01 -4.219918e+00 0 229545
-1.798213e+14 5.533153e+13 4.265326e+13 -6.934465e-01 7.204489e-01 9.237346e-03 9.837167e+00 0 9302423
2.622088e+13 1.598833e+13 -1.669978e+14 -2.047316e-01 8.357313e-01 -5.095471e-01 -2.839601e+00 0 3730958
-1.224753e+14 -2.358750e+12 1.349654e+14 -4.425793e-01 6.900141e-01 5.727165e-01 1.250302e+01 0 17708670
1.308794e+14 1.102744e+14 -4.429951e+12 6.694845e-01 6.738459e-01 -3.126056e-01 8.542252e+00 0 2195553
-8.543980e+12 -1.383667e+14 -1.044801e+14 6.951003e-01 -7.187091e-01 -1.711258e-02 1.746686e+01 0 2633275
1.353763e+14 -9.373213e+13 5.793970e+13 7.021356e-01 -1.293273e-01 7.002000e-01 1.492881e+01 0 1237892
2.745248e+13 1.641389e+14 -3.819858e+13 1.569288e-01 8.780190e-01 4.521682e-01 8.144178e+00 0 11326939
-1.731080e+14 -1.280066e+13 1.749349e+13 -5.695500e-01 6.571790e-01 4.936887e-01 1.299648e+00 0 91
-9.786546e+13 1.066327e+14 -8.953894e+13 -9.266773e-01 -2.954768e-01 -2.322987e-01 2.083443e+01 0 7961680
-1.679215e+13 6.695834e+13 1.575198e+14 -1.280218e-01 1.826666e-01 9.748043e-01 1.137740e+01 0 3151583
-6.970929e+13 1.287249e+14 -8.576566e+13 3.207944e-01 4.282533e-01 -8.448018e-01 -7.580126e-01 0 492976
-9.537113e+13 1.311248e+14 -6.269064e+13 -9.169148e-01 3.954070e-01 5.404174e-02 -8.974212e+00 0 3532867
8.743539e+13 1.153037e+14 1.022055e+14 3.413045e-01 -2.467185e-01 9.069957e-01 1.169232e+01 0 3939641
9.631768e+12 -1.732998e+14 -1.168601e+12 -7.193505e-01 -6.932382e-01 4.422204e-02 3.256318e+00 0 14543431
-1.294893e+14 6.586070e+13 -1.048708e+14 -8.291918e-01 2.831931e-01 -4.819155e-01 -1.366498e+01 0 1180864
-5.339773e+13 -1.503943e+14 5.939246e+13 -5.823908e-01 -5.946827e-01 5.542323e-01 1.054642e+00 0 2990491
-4.957685e+13 1.647647e+14 -1.128985e+13 4.506804e-01 7.170387e-01 -5.317356e-01 -2.063404e+01 0 6003537
8.264894e+13 1.176417e+14 -9.035149e+13 4.478282e-01 -1.586627e-01 -8.799296e-01 5.284456e+00 0 3325270
1.138412e+14 -4.256265e+13 -1.332109e+14 1.129925e-01 -4.981702e-01 -8.596855e-01 9.652092e+00 0 3890730
1.301353e+14 6.289544e+13 8.934898e+13 9.369346e-01 -2.214584e-01 -2.703879e-01 9.045663e+00 0 468550
-1.340217e+14 1.029196e+14 2.911942e+13 -6.429597e-01 4.851672e-01 -5.926345e-01 -8.500345e+00 0 992640
-1.299060e+14 3.181851e+12 -1.172509e+14 -5.528371e-01 -7.873185e-01 -2.729480e-01 1.396430e+01 0 4571468
-1.333216e+14 9.301986e+13 5.099203e+13 -3.800996e-01 9.246206e-01 -2.451589e-02 7.365562e+00 0 9260036
1.095927e+14 -1.328774e+14 -1.526302e+14 3.799819e-01 -8.778853e-01 -2.914296e-01 2.274413e+01 0 3645759
9.523783e+13 7.105955e+13 1.210480e+14 2.800679e-01 8.328987e-01 4.773277e-01 1.992363e+00 0 301959
1.136119e+14 1.314257e+14 -2.283979e+13 8.618047e-01 -2.603653e-01 -4.353189e-01 -2.205294e+01 0 2650796
7.973650e+13 1.512556e+14 2.308576e+13 1.370942e-01 5.328774e-01 -8.350131e-01 -2.065587e+01 0 2585891
1.430222e+14 4.525649e+12 -9.802605e+13 8.120582e-01 -5.834753e-01 1.086388e-02 -1.768918e+01 0 5699761
-9.855886e+13 1.615174e+13 -1.496827e+14 4.540114e-01 3.954472e-01 -7.984329e-01 -2.620532e+01 0 12489570
3.527377e+13 -1.203407e+14 -1.187838e+14 8.571902e-01 4.504863e-04 -5.149998e-01 -7.509205e+00 0 2136957
-1.430060e+14 1.026141e+14 1.304291e+13 -9.224542e-01 -8.784084e-03 3.860066e-01 1.854149e+01 0 5034191
-4.393742e+13 -1.391331e+14 9.080285e+13 4.194515e-01 -9.026525e-01 -9.632754e-02 1.900132e+01 0 73017
-3.695862e+13 -1.249456e+14 1.126856e+14 -6.948855e-01 -3.922972e-01 6.026915e-01 1.000433e+01 0 6221497
1.661903e+14 -3.436430e+13 7.278624e+13 9.602860e-01 4.095062e-02 2.759960e-01 -1.309819e+01 0 22
-1.602512e+14 1.122721e+13 6.199301e+13 -5.704212e-01 7.771483e-01 2.658199e-01 6.657633e+00 0 2690506
5.807550e+13 1.580378e+14 -2.723746e+13 4.443989e-01 5.485529e-01 7.082368e-01 9.480815e+00 0 983940
1.595008e+14 1.441759e+13 -7.396746e+13 6.777702e-01 6.994630e-01 2.266696e-01 1.619025e+01 0 933958
-1.392452e+14 9.658722e+13 -9.188973e+12 -7.085794e-01 4.477919e-01 -5.453418e-01 -9.068203e+00 0 4508724
1.658534e+14 1.255138e+13 4.022608e+13 8.434964e-01 -4.494731e-01 -2.940878e-01 3.531244e+00 0 3190481
-1.386850e+13 2.977771e+13 -1.674957e+14 -3.939991e-01 -7.275552e-01 -5.616299e-01 -7.809509e+00 0 476503
1.057129e+14 -1.158874e+14 6.828434e+13 8.933626e-01 2.895579e-01 3.435977e-01 3.410315e-01 0 18
-2.424883e+12 1.702849e+14 4.775489e+12 -6.096812e-01 7.289110e-01 -3.114122e-01 -2.565700e+00 0 318866
-1.611384e+14 -4.590830e+13 3.117308e+13 -9.657249e-01 2.595281e-01 4.545110e-03 3.876751e+00 0 2190567
-1.887800e+14 -6.171784e+13 5.190113e+13 -9.687248e-01 -1.024257e-01 2.260118e-01 1.128557e+01 0 3645691
-1.707742e+14 -3.093961e+13 2.591541e+13 -9.719659e-01 1.218871e-02 2.348058e-01 7.281126e+00 0 5562440
-4.456429e+13 -8.670788e+13 1.406557e+14 1.001507e-01 3.829719e-01 9.183150e-01 -8.472123e+00 0 238516
-1.436889e+14 1.257176e+14 1.917037e+13 -7.788796e-01 6.257056e-01 -4.288434e-02 1.296022e+01 0 5748759
5.390986e+13 5.317701e+13 -1.602190e+14 4.986090e-01 4.730831e-01 -7.263480e-01 1.118769e+01 0 107806
-5.035656e+13 1.470826e+14 -7.433353e+13 -4.693637e-01 8.819393e-01 -4.336882e-02 -5.930114e+00 0 4695227
2.242758e+13 1.291257e+14 -1.094140e+14 1.726629e-01 2.029769e-01 -9.638402e-01 -7.616867e+00 0 6999866
9.513481e+13 -7.271844e+13 1.201457e+14 3.008939e-01 -9.362376e-01 1.814445e-01 1.645166e-02 0 10830435
6.806728e+13 -1.544899e+12 1.556203e+14 9.872060e-01 -1.562710e-01 -3.168115e-02 -7.259406e+00 0 6661313
1.727605e+14 -3.103525e+13 -4.209780e+13 8.470416e-01 -6.077259e-02 5.280409e-01 1.788745e+01 0 2684604
-1.448699e+14 1.741605e+13 9.268870e+13 -4.892092e-01 6.959060e-01 5.257272e-01 -1.025712e+01 0 16770327
1.176120e+14 -1.459040e+14 -5.184867e+13 9.872621e-01 -6.948537e-03 1.589503e-01 -1.478708e+01 0 1250875
-1.674258e+14 2.675469e+13 1.263510e+13 -4.844645e-01 1.157456e-01 -8.671200e-01 -2.271030e+01 0 73425
-1.365407e+14 3.756752e+13 1.009130e+14 -8.380057e-01 3.993002e-01 -3.718949e-01 -1.028076e+01 0 3467442
1.673635e+14 -1.218504e+12 4.501929e+13 4.870643e-01 3.525985e-01 7.990261e-01 -6.166037e+00 0 1170857
1.719134e+14 3.058791e+13 -5.227912e+12 4.224531e-01 1.904115e-01 8.861585e-01 -1.183816e+01 0 1059959
-1.256637e+14 -9.449270e+13 -6.698430e+13 -5.353451e-01 -8.433740e-01 -4.610760e-02 9.231791e+00 0 5549088
-1.405588e+14 3.764325e+12 -9.537807e+13 -9.940613e-01 -1.057497e-01 -2.567226e-02 1.005340e+01 0 5290441
-7.463618e+13 2.897445e+13 -1.520508e+14 -8.166930e-01 -3.901233e-01 -4.252251e-01 -5.094660e+00 0 5370368
6.225090e+13 1.665287e+14 1.958752e+13 1.415586e-01 6.365860e-01 -7.581025e-01 -7.044818e+00 0 658422
-7.732847e+13 1.324524e+14 -9.462467e+13 5.954908e-02 1.603687e-01 -9.852592e-01 1.542109e+01 0 26256782
3.663985e+13 1.774792e+14 1.055917e+13 6.031759e-01 7.882408e-01 -1.218820e-01 1.648759e+01 0 2067446
-5.372956e+13 -2.025398e+13 1.614373e+14 -5.364047e-01 5.261549e-01 6.598720e-01 -4.798689e+00 0 4627905
-1.091549e+14 7.429826e+13 -1.096254e+14 -9.314449e-01 2.650264e-01 2.493418e-01 1.358036e+01 0 9980697
-1.539988e+14 -7.327723e+13 1.163569e+13 -3.142244e-02 -7.862445e-01 6.171161e-01 1.631648e+01 0 3785829
-4.463979e+13 1.467989e+14 -8.335852e+13 -3.496780e-02 9.985139e-01 4.179981e-02 -1.311339e+01 0 204565
-1.724349e+14 -7.513650e+12 -1.643670e+13 -9.402382e-01 -2.074982e-01 -2.699938e-01 1.038141e+01 0 27
-1.650995e+14 -4.397063e+13 -1.228164e+13 -4.044511e-01 -2.316944e-01 8.847242e-01 9.402545e+00 0 12802795
-8.269261e+13 6.931647e+13 1.328163e+14 -6.962682e-01 -4.905934e-01 5.239549e-01 -2.673587e+00 0 15314266
2.662620e+13 -1.346996e+14 1.148131e+14 -2.685465e-02 -8.844199e-01 4.659188e-01 1.258145e+01 0 9326260
-1.030352e+14 -1.022156e+14 9.824160e+13 -7.194026e-01 -4.271962e-01 5.476891e-01 4.605292e+00 0 129017
6.746478e+13 1.551607e+14 -1.871138e+13 4.571024e-01 6.725252e-01 -5.820372e-01 3.576344e+00 0 5528223
1.619534e+14 -7.882223e+13 -8.988417e+13 6.881620e-01 4.543133e-01 -5.657142e-01 2.586827e+01 0 4474622
-1.100095e+14 -5.963182e+13 1.319078e+14 -7.221704e-01 -1.137817e-01 6.822929e-01 6.752924e+00 0 197728
1.058027e+13 -1.691121e+14 -1.015914e+13 2.508973e-01 -8.694019e-01 4.256653e-01 4.685565e+00 0 2232560
-8.859867e+13 1.421106e+14 -3.516308e+13 -5.062714e-01 3.970231e-01 -7.655468e-01 -1.512028e+01 0 10693545
-1.387310e+14 2.054682e+13 9.584313e+13 3.002041e-01 -3.029023e-01 9.045041e-01 -4.176809e+00 0 194440
2.169943e+12 -1.696616e+14 1.270544e+12 -8.896336e-01 -4.506602e-01 7.387500e-02 3.450994e-01 0 6784765
-1.493942e+14 -9.283368e+13 5.971978e+13 -6.798521e-01 -1.617166e-01 7.152964e-01 -2.792850e+01 0 1963168
8.777983e+13 -1.245101e+14 -7.890593e+13 3.054301e-01 -5.463343e-01 -7.798919e-01 -1.381850e+01 0 4355841
1.196275e+14 -1.300358e+13 -1.331761e+14 -5.509527e-02 -7.678648e-01 -6.382383e-01 1.720160e+01 0 5637522
-1.659600e+13 9.460032e+13 1.454487e+14 4.197427e-01 5.554951e-01 7.178031e-01 4.995336e+00 0 212375
-1.567727e+13 -1.474129e+14 8.509712e+13 -5.675689e-01 -8.100782e-01 1.471015e-01 5.752848e+00 0 1070247
1.060901e+14 -5.914068e+13 -1.216658e+14 2.728949e-01 -9.597017e-01 -6.708903e-02 1.217347e+01 0 844059
-7.514469e+13 -1.091450e+14 -1.177613e+14 2.577270e-01 -1.448902e-01 -9.552924e-01 -1.517038e+01 0 3507849
-1.352351e+14 -1.335064e+13 1.221865e+14 -9.977320e-01 -3.723509e-02 -5.607456e-02 1.181966e+01 0 3843855
-8.905504e+13 -3.326538e+13 -1.668407e+14 -6.909472e-01 7.956961e-03 -7.228614e-01 -1.839436e+01 0 2661769
1.492422e+13 1.214731e+14 -1.254180e+14 2.765160e-01 5.251671e-01 -8.048220e-01 9.498698e+00 0 588197
-1.051725e+14 -6.865922e+13 1.214076e+14 -7.174327e-01 2.136600e-01 6.630534e-01 -1.273522e+01 0 2009771
-4.170217e+13 1.493413e+14 7.249012e+13 3.868225e-01 5.777221e-01 7.187527e-01 -1.498558e+01 0 5573471
8.672153e+13 -1.466879e+14 -7.479641e+12 4.554260e-01 -8.653113e-01 -2.093407e-01 7.166880e+00 0 2040457
-9.939508e+11 -6.663031e+13 1.919707e+14 1.811442e-01 -3.587424e-01 9.156914e-01 -2.729336e+01 0 11466100
4.768061e+13 1.168154e+14 1.219813e+14 9.822524e-01 1.460868e-01 1.176387e-01 -1.769671e+01 0 7385334
-7.558387e+13 -6.914704e+13 -1.406377e+14 -4.151542e-01 -2.001694e-01 -8.874566e-01 7.510967e+00 0 1066940
2.105342e+11 1.400038e+14 -1.019149e+14 -5.688286e-01 -1.141321e-01 -8.144986e-01 2.179986e+01 0 9837713
-1.015763e+14 -1.018126e+14 9.504114e+13 3.558350e-01 -5.457258e-01 7.586599e-01 2.656670e+01 0 3290175
-2.994258e+12 1.112162e+14 -1.344150e+14 -1.183578e-01 6.638625e-01 -7.384294e-01 -1.257982e+01 0 14603481
-8.232751e+13 1.612821e+14 -4.358264e+13 -8.684143e-01 4.690476e-01 1.607826e-01 2.550929e+01 0 12983081
-2.652096e+13 1.409285e+14 9.107891e+13 -9.756710e-02 9.785118e-01 1.816464e-01 2.435800e+00 0 9293246
1.169241e+13 -1.689723e+14 1.290891e+13 4.903010e-02 -9.001344e-01 4.328442e-01 -6.271852e+00 0 4082440
-1.004653e+14 -6.078357e+13 -1.224004e+14 -4.002123e-01 -2.025505e-01 -8.937580e-01 -4.995304e+00 0 636642
-4.060064e+13 1.059025e+14 1.266475e+14 3.504465e-01 6.403138e-01 6.835096e-01 2.369338e+00 0 275321
-1.013144e+14 -1.762899e+14 4.399081e+13 -6.252358e-01 -5.962816e-01 5.035160e-01 1.266948e+01 0 16436071
1.185461e+14 -8.946453e+13 -8.393333e+13 1.887734e-01 -8.156962e-01 -5.468129e-01 1.088608e+00 0 446316
7.352088e+13 1.529919e+14 -3.497380e+12 3.079954e-01 9.053342e-01 2.924190e-01 -5.330888e+00 0 556845
-1.708190e+14 -8.189316e+13 1.347481e+13 -6.431227e-01 -6.283865e-01 4.376340e-01 -1.100646e+01 0 19743729
1.578829e+14 1.023031e+13 8.858414e+13 4.833223e-01 9.812866e-02 8.699254e-01 -9.257755e+00 0 154195
-8.646866e+13 1.106396e+14 -9.898211e+13 -2.807729e-01 3.845520e-01 -8.793670e-01 5.430452e+00 0 4217535
3.497970e+11 1.844538e+14 -1.150960e+14 -8.338727e-02 7.969048e-01 -5.983220e-01 2.007324e+01 0 6240166
-9.130160e+13 -1.346081e+14 -5.373745e+13 -1.234261e-01 -6.343541e-01 7.631257e-01 -9.667511e+00 0 1879690
1.703824e+14 -2.847605e+11 7.015845e+11 6.063121e-01 3.021732e-01 7.355794e-01 -6.560511e+00 0 9741249
8.387160e+13 1.559272e+14 1.343890e+12 5.224068e-01 7.692805e-01 -3.678297e-01 1.080315e+01 0 2695069
-1.535123e+14 -6.472488e+13 -3.592197e+13 -7.756261e-01 4.156644e-01 -4.750023e-01 2.333900e+00 0 6
-1.609233e+14 -5.685342e+13 -9.694293e+12 -8.766533e-01 -4.251960e-01 2.251387e-01 -3.471731e+00 0 628815
-1.183134e+13 -7.541699e+13 1.523971e+14 -7.981881e-01 -3.165287e-01 5.125478e-01 8.306244e+00 0 3595699
-9.463535e+13 1.643131e+14 2.031435e+13 2.053184e-01 6.630903e-01 7.198303e-01 -2.920929e+01 0 18947424
-1.108739e+14 -1.188678e+14 6.908871e+13 -2.488081e-01 -8.894797e-01 3.833020e-01 1.528937e+01 0 2306614
1.262587e+12 9.053847e+13 1.452095e+14 -7.789628e-03 -1.430017e-01 9.896918e-01 -5.815586e+00 0 6671392
1.073521e+13 -8.391549e+13 1.483906e+14 -6.011865e-01 -9.478418e-02 7.934675e-01 -9.968987e+00 0 1382414
9.737752e+13 1.286965e+14 -5.431910e+13 9.660160e-01 -2.210888e-01 -1.339135e-01 -1.921823e+00 0 5756778
-2.128778e+13 1.456392e+14 -9.490885e+13 -6.337940e-01 6.604995e-01 -4.025488e-01 1.232652e+01 0 824241
-3.598346e+13 -1.655415e+14 1.530384e+13 9.121777e-02 -9.916817e-01 9.081169e-02 -1.036179e+01 0 2409893
4.818726e+12 -9.127986e+13 1.431796e+14 -8.464307e-02 6.364732e-01 7.666403e-01 4.383629e+00 0 8767370
1.025443e+14 5.599884e+13 -1.250340e+14 1.915083e-01 8.529984e-01 -4.855083e-01 1.392514e+01 0 8151161
1.600320e+14 2.927141e+13 9.532978e+13 5.205593e-01 5.068921e-01 6.870796e-01 2.059969e+01 0 2523471
-8.895534e+12 -9.624562e+13 1.506120e+14 1.586394e-01 -5.118625e-01 8.442928e-01 9.997765e+00 0 2123035
-1.249849e+13 -1.751884e+14 -9.952905e+13 -3.279076e-01 -3.322528e-01 -8.843555e-01 -1.823661e+01 0 7616300
-1.283329e+14 5.917263e+13 9.407370e+13 -9.971075e-01 3.392476e-02 6.801249e-02 -4.685278e+00 0 17720
1.086496e+14 -7.096327e+13 -1.350767e+14 6.444905e-01 -7.530276e-01 -1.325949e-01 -1.421596e+01 0 2770660
-1.664183e+14 -1.148619e+13 -3.371515e+13 -1.908222e-01 8.294766e-03 -9.815896e-01 -8.382429e+00 0 300909
-4.692696e+13 -1.545635e+14 5.821863e+13 -6.534480e-01 -1.227323e-01 7.469555e-01 2.480801e+00 0 7729539
-5.199811e+13 3.886421e+13 -1.578408e+14 5.640868e-01 -1.834976e-01 -8.050681e-01 -8.491179e+00 0 2639372
-8.738432e+13 -9.699984e+12 -1.638046e+14 -4.726180e-01 -5.856859e-01 -6.584863e-01 -9.862557e+00 0 1615535
-1.266792e+14 1.329336e+14 3.879149e+13 -8.637185e-01 3.725868e-01 -3.393663e-01 -1.682997e+01 0 4753311
-1.672992e+14 3.344643e+13 -2.653260e+13 -9.671079e-01 -8.970578e-02 2.380234e-01 1.752720e+01 0 9200260
1.426503e+14 8.294434e+13 -4.347419e+13 3.670824e-01 8.039973e-01 -4.678022e-01 9.169882e+00 0 426579
1.062932e+14 9.063639e+13 1.004874e+14 5.567172e-01 2.523055e-01 7.914593e-01 -1.903820e+01 0 1176927
-8.863039e+13 7.482781e+13 -1.263530e+14 -1.305662e-02 9.931893e-01 1.157781e-01 1.215511e+00 0 1981315
-1.691561e+14 -1.410572e+13 1.040084e+13 -4.165212e-01 6.993303e-01 -5.809021e-01 3.458824e-01 0 151247
-4.538167e+13 7.322087e+13 1.604675e+14 -6.139104e-01 9.771227e-02 7.833047e-01 -8.184315e+00 0 4229053
1.333471e+14 1.057828e+14 -4.427829e+12 6.977885e-01 6.427894e-01 -3.160902e-01 -1.876422e+01 0 9125851
-1.497191e+14 -6.675427e+13 -4.375902e+13 2.713955e-01 -5.531972e-01 -7.876023e-01 -6.256282e+00 0 4848055
7.594862e+13 -2.916701e+13 -1.573306e+14 3.904999e-01 -6.664708e-01 -6.350799e-01 9.584054e+00 0 647242
-3.613156e+13 6.431935e+12 1.678657e+14 -3.483824e-01 2.907743e-01 8.911117e-01 -4.951347e+00 0 1219693
-6.093938e+13 1.795955e+14 -6.388678e+12 -1.190009e-01 7.903373e-01 6.010039e-01 1.351045e+01 0 625111
1.569748e+14 -5.011418e+13 -4.293468e+13 2.308350e-01 -5.201189e-01 -8.223087e-01 -2.172626e+01 0 3264200
8.419854e+12 -1.764257e+14 2.642603e+13 -6.731391e-02 -9.585509e-01 -2.768556e-01 1.259345e+01 0 13
5.020178e+13 1.517634e+14 -7.136626e+13 1.886190e-01 9.682240e-01 -1.642109e-01 -1.474664e+01 0 1407
4.508343e+13 -1.088500e+14 -1.251280e+14 -1.426947e-01 -8.664760e-01 -4.783906e-01 7.253287e+00 0 1805219
6.436204e+13 -8.805152e+13 -1.309577e+14 4.132579e-02 -8.318463e-01 -5.534653e-01 3.871779e+00 0 2673995
4.798251e+12 -1.962751e+13 1.690197e+14 5.573116e-01 -4.292265e-01 7.107520e-01 3.175118e+00 0 12371712
5.203932e+13 -9.814140e+13 1.359243e+14 -4.420386e-01 2.463338e-01 8.625089e-01 1.326512e+01 0 3130740
-2.808719e+13 -5.547956e+13 -1.848392e+14 -6.186947e-01 -4.157195e-01 -6.666289e-01 1.485744e+01 0 3807112
1.412299e+14 -2.122043e+13 9.817245e+13 8.962028e-01 3.483615e-01 2.747088e-01 -1.091254e+01 0 23879885
-7.388453e+13 -9.055207e+13 -1.435198e+14 4.840842e-01 -3.384865e-01 -8.069011e-01 -1.056996e+01 0 6147979
-1.491771e+14 3.998125e+13 7.103167e+13 -9.707161e-01 1.726606e-01 -1.670288e-01 8.007630e+00 0 1357301
-1.831833e+14 -6.111850e+13 -1.769761e+14 -8.783352e-01 -3.082286e-01 -3.654071e-01 2.855365e+01 0 2716843
1.510626e+14 7.453306e+13 -2.179380e+13 3.422501e-01 9.271723e-01 1.523692e-01 -1.195420e+01 0 1003335
-5.190791e+13 1.121298e+14 -1.164531e+14 -3.886459e-01 1.409457e-02 -9.212794e-01 8.767037e+00 0 1424857
-2.771199e+13 1.766274e+14 4.762627e+13 4.878113e-01 6.834783e-01 5.430446e-01 1.027931e+01 0 4038086
-7.957891e+13 1.398539e+14 8.575370e+13 -5.066059e-01 7.002407e-01 -5.030044e-01 -1.686110e+01 0 15984454
1.544314e+14 -1.274316e+14 4.338618e+12 7.494216e-01 -6.570562e-01 -8.151340e-02 -2.284060e+01 0 1042080
-1.097863e+14 -1.354869e+14 -8.949496e+13 -4.403744e-01 -4.679754e-01 -7.662046e-01 1.126822e+01 0 8766625
-8.871836e+13 -1.080516e+13 -1.533483e+14 -5.315754e-01 1.697721e-01 -8.298223e-01 -1.826485e+01 0 178585
1.084102e+14 3.816422e+13 -1.247287e+14 5.963288e-01 -1.019892e-01 -7.962350e-01 -2.974701e+00 0 1356533
5.074196e+13 1.554176e+14 -5.449600e+13 -2.517779e-01 7.940001e-01 -5.533279e-01 -1.314754e+01 0 2971325
1.651984e+14 8.404684e+13 -8.395780e+13 8.864742e-01 1.484699e-01 -4.383152e-01 1.076474e+01 0 488925
4.572492e+13 8.684342e+13 1.384391e+14 -1.876629e-01 5.538581e-01 8.111867e-01 1.154931e+01 0 273883
1.742011e+14 2.367798e+13 2.235363e+12 8.455025e-01 -3.016084e-02 -5.331190e-01 -1.856946e+01 0 4734544
-1.502610e+14 8.359028e+13 -5.290082e+12 -9.326484e-01 3.595245e-01 3.015098e-02 -7.390482e+00 0 6276813
1.655968e+14 2.654998e+13 -3.436484e+13 6.696045e-01 -5.272079e-01 5.231459e-01 1.255529e+00 0 7334338
1.344353e+14 8.488352e+13 6.095743e+13 8.811541e-01 -3.949855e-02 -4.711766e-01 1.919047e+00 0 7312084
9.173073e+13 5.823894e+13 -1.371869e+14 8.105519e-01 5.854173e-01 -1.709280e-02 1.148627e+01 0 5381150
7.593219e+13 3.448457e+13 -1.486304e+14 6.349302e-01 4.249753e-01 -6.451819e-01 4.833140e+00 0 623663
-1.314042e+14 -2.853808e+13 -1.050297e+14 -4.002794e-01 8.688611e-01 -2.913019e-01 -1.745846e+01 0 5619774
1.250645e+14 1.012029e+14 -5.521299e+13 9.892667e-01 -7.535372e-03 1.459264e-01 -8.942695e+00 0 1649452
-4.189504e+13 -1.818632e+14 -2.085903e+13 -4.726367e-01 -7.937899e-01 3.827690e-01 1.117020e+01 0 5986617
-7.935049e+13 -1.178865e+14 9.678914e+13 -9.028492e-01 1.763886e-01 3.921101e-01 1.211730e+00 0 3120166
-2.072451e+13 -9.870279e+13 -1.831974e+14 1.123924e-01 -4.360335e-01 -8.928845e-01 1.753721e+01 0 5894295
5.573995e+13 1.699846e+14 2.811901e+13 -3.847415e-01 7.350111e-01 5.583303e-01 1.716637e+01 0 1611577
-6.703590e+13 -6.481207e+13 -1.519628e+14 -1.290034e-01 -2.184433e-01 -9.672852e-01 -1.491032e+01 0 461484
-3.379977e+13 -2.422784e+13 -1.781303e+14 -5.795345e-01 2.472352e-01 -7.765401e-01 9.896991e+00 0 1353811
1.214719e+14 9.476925e+13 7.349403e+13 4.514956e-01 8.048559e-01 3.851736e-01 -6.943630e+00 0 1447402
1.330586e+14 -1.167591e+14 1.038643e+14 1.842755e-01 -8.267702e-01 5.315013e-01 1.448562e+01 0 5442271
4.992743e+13 1.503735e+14 6.795880e+13 -5.313051e-01 4.526773e-01 7.160993e-01 -8.538541e+00 0 2674249
-6.836132e+13 1.725073e+14 1.234654e+13 -1.703061e-01 8.949094e-01 4.124719e-01 7.718606e+00 0 1311127
-1.492416e+14 -1.174405e+14 -2.752909e+13 -5.232771e-01 -4.596310e-01 -7.175796e-01 -1.459597e+01 0 1148586
1.243100e+14 -1.657190e+12 1.177971e+14 1.157460e-01 -6.807696e-01 7.232949e-01 -1.337597e+01 0 20455809
-1.190303e+14 -1.192290e+14 2.880256e+13 -6.830156e-02 -6.865335e-01 -7.238831e-01 1.854024e+01 0 187364
6.144362e+13 1.094840e+14 -1.149148e+14 7.844221e-01 6.179629e-01 5.295065e-02 4.410440e-01 0 332282
4.717125e+13 1.790790e+14 -9.260486e+13 -3.329972e-01 8.179178e-01 -4.691731e-01 2.162033e+01 0 5692301
5.125052e+13 -1.781524e+14 9.317548e+13 1.857861e-02 -9.207393e-01 3.897357e-01 1.724679e+01 0 133989
-8.685476e+13 1.312315e+14 -6.602187e+13 -9.458845e-01 1.674109e-01 -2.779856e-01 -1.011072e+01 0 2456285
-6.774809e+13 1.001696e+14 1.219448e+14 -2.745737e-01 -3.724993e-01 8.864838e-01 1.419146e+01 0 10821583
1.333091e+14 -9.366819e+13 -1.256978e+14 8.657931e-01 -2.383251e-01 -4.400039e-01 2.025373e+01 0 4917986
1.592226e+14 1.461453e+14 -5.225675e+13 4.708686e-01 8.165192e-01 -3.340347e-01 2.438122e+01 0 2177780
5.567653e+13 1.715105e+13 -1.662945e+14 2.029501e-01 9.436595e-01 -2.613773e-01 -1.446385e+01 0 4193168
-7.823959e+13 -2.379296e+13 1.522960e+14 -6.932548e-01 -6.926376e-01 1.991254e-01 9.964220e+00 0 31804643
-9.240977e+13 5.583160e+13 -1.334658e+14 -8.777993e-01 1.803713e-01 -4.437732e-01 7.582632e+00 0 5709207
-1.540444e+14 -7.075428e+13 1.652326e+13 -9.723560e-01 -1.197777e-01 -2.004423e-01 -1.280352e+01 0 4631893
9.259933e+13 3.904152e+13 1.372315e+14 9.157917e-02 2.425628e-01 9.658036e-01 1.642153e+01 0 1629844
7.724316e+13 -1.454318e+14 -4.438820e+13 -7.084963e-01 -6.788790e-01 -1.927595e-01 2.787536e+00 0 361793
1.582108e+14 -3.970586e+13 -1.121447e+14 5.373652e-01 -2.859033e-01 -7.934091e-01 -1.144269e+01 0 1820711
2.868116e+13 1.692718e+14 -7.179216e+12 2.183939e-01 7.666133e-01 -6.038280e-01 1.160248e+01 0 5722003
-1.567657e+14 -3.057651e+13 5.995818e+13 -5.154844e-01 -1.375818e-01 8.457820e-01 4.299274e+00 0 7009673
-9.157979e+13 -4.092940e+13 1.445450e+14 -2.850290e-01 -4.164352e-01 8.633309e-01 2.083540e+01 0 13086636
-1.287044e+11 -3.985554e+13 1.739782e+14 1.350160e-01 -4.679717e-01 8.733689e-01 1.163978e+01 0 7584871
8.401161e+13 5.616668e+13 -1.417627e+14 -1.931452e-01 3.030995e-01 -9.331804e-01 1.282972e+01 0 436640
5.868133e+13 1.751837e+14 4.399394e+13 8.266234e-01 5.500114e-01 -1.190847e-01 -1.900832e+01 0 5290880
-1.675261e+14 4.728401e+13 7.059020e+13 -4.171722e-01 -1.024749e-01 9.030317e-01 1.409962e+01 0 14142910
-4.432594e+13 1.618572e+14 3.614210e+13 3.962917e-01 5.665866e-01 7.224489e-01 5.189093e+00 0 953129
1.709390e+14 -2.653036e+13 -3.627246e+13 7.747383e-01 -6.065298e-01 1.786116e-01 8.153491e+00 0 14462490
7.098373e+13 -1.640917e+14 1.639842e+13 6.865250e-02 -9.965535e-01 -4.656092e-02 1.217600e+01 0 7491832
-1.186239e+14 4.136637e+12 -1.253499e+14 -8.175290e-01 -1.737682e-01 -5.490455e-01 -4.945429e+00 0 21646
6.995419e+13 1.310427e+14 1.201268e+14 5.241552e-01 3.197794e-01 7.893051e-01 -1.685192e+01 0 992486
1.044638e+14 -1.332544e+14 1.761054e+13 6.965713e-01 -5.723691e-01 -4.326453e-01 -7.346559e+00 0 25271491
-1.636651e+14 9.948192e+12 5.145638e+13 -6.099973e-01 1.571410e-01 7.766659e-01 -7.402541e+00 0 5000318
-8.616484e+13 -1.234647e+14 -8.341470e+13 -1.835340e-01 -8.072721e-01 -5.609163e-01 -6.150620e+00 0 6605533
-4.981177e+13 4.160592e+13 -1.576667e+14 1.004882e-01 6.015629e-01 -7.924797e-01 1.259627e+01 0 1173629
-8.137329e+13 -6.411747e+13 1.347684e+14 -8.320156e-01 -5.189451e-01 1.960765e-01 1.851304e+01 0 2398447
9.895753e+13 1.089538e+14 -9.256218e+13 4.818525e-01 7.253545e-01 -4.916086e-01 1.412592e+01 0 1348086
8.927860e+13 3.718449e+13 -1.551101e+14 7.470723e-01 -1.532916e-01 -6.468266e-01 -1.409639e+01 0 2155048
-8.614828e+13 1.039471e+14 -1.030869e+14 4.698299e-01 8.592591e-01 2.023208e-01 -2.967621e+00 0 6386933
-3.371817e+13 1.275698e+14 1.121824e+14 -4.679377e-01 3.706168e-01 8.022951e-01 1.234795e+01 0 16296132
1.449992e+14 4.506399e+13 8.115000e+13 8.892365e-01 -2.269353e-01 3.971886e-01 7.724730e+00 0 1141878
-1.207673e+14 4.857116e+13 1.154210e+14 -8.815749e-01 -4.126678e-01 2.291962e-01 1.964950e+01 0 3936697
-1.606165e+13 1.601961e+14 -6.549597e+13 -7.109228e-02 9.953986e-01 6.424572e-02 -2.055234e+01 0 10554495
-1.188063e+14 2.150132e+13 -1.193893e+14 -9.063931e-01 3.777550e-01 -1.890842e-01 1.384889e+01 0 17682758
-8.417349e+13 -1.140701e+14 1.015415e+14 -5.094965e-01 -8.254630e-01 2.429487e-01 1.415935e+01 0 994629
4.658776e+13 -1.544941e+14 6.298625e+13 7.664628e-02 -5.934757e-01 8.011941e-01 8.870707e+00 0 18474266
-1.164570e+14 2.046064e+13 -1.251892e+14 -3.604123e-01 5.938243e-01 -7.193578e-01 -1.276646e+01 0 608106
4.844316e+13 -1.865122e+14 4.825545e+13 3.573431e-01 -9.208850e-01 -1.558103e-01 -1.238066e+01 0 13193073
7.223082e+13 -2.723037e+13 -1.578584e+14 8.474719e-01 -3.004673e-01 -4.376194e-01 -1.203958e+01 0 4112026
5.147928e+13 1.125659e+13 -1.667172e+14 2.422678e-01 -2.493319e-01 -9.376246e-01 9.958052e+00 0 466280
-1.694847e+14 6.943451e+13 4.485105e+13 -9.893296e-01 9.540042e-02 1.101170e-01 -9.552876e+00 0 2406
-7.049935e+13 1.138267e+14 1.046793e+14 -7.274858e-01 -3.792548e-01 5.717781e-01 -1.436675e+01 0 10206388
1.344353e+14 9.906290e+13 3.715841e+13 7.629739e-01 6.396946e-01 -9.306803e-02 6.166355e+00 0 12105285
5.560490e+13 -6.015237e+13 -1.511964e+14 8.994628e-01 1.506616e-01 -4.102046e-01 1.153238e+01 0 17535947
1.276566e+14 1.107262e+14 -1.529145e+13 6.236703e-01 2.982036e-01 -7.225717e-01 8.082093e+00 0 7391194
1.183728e+14 3.080417e+12 -1.223276e+14 8.035870e-01 5.812606e-01 -1.280000e-01 -3.630230e+00 0 2741742
2.379668e+13 1.266446e+14 1.113371e+14 9.197673e-01 8.681794e-02 3.827412e-01 6.372647e-01 0 3343252
-1.673627e+14 -1.235280e+14 -2.949743e+12 -7.679946e-01 -2.180575e-01 -6.021921e-01 -1.712431e+01 0 2032495
6.504205e+13 4.294095e+13 -1.574001e+14 -2.186594e-01 -4.829787e-01 -8.478913e-01 1.138837e+01 0 3771449
-1.586957e+14 2.252700e+13 -6.033082e+13 -9.707254e-01 -6.297848e-02 2.317883e-01 -5.102063e+00 0 1373110
-4.377138e+13 8.957089e+13 1.392316e+14 5.016244e-01 3.991163e-01 7.675149e-01 -1.464002e+01 0 31171699
1.481186e+14 -5.904580e+13 -9.199601e+13 5.241057e-01 -7.142301e-02 -8.486530e-01 -8.854749e+00 0 4520549
