# 781 1.000000e+07 1.000000e+04 0.000000e+00 1.000000e+00 5.000000e-01
1.194936e+14 -5.497156e+13 1.529347e+14 5.683795e-01 -5.032092e-01 6.509418e-01 1.162749e+01 0 35027991
8.557667e+13 -2.637585e+13 1.898805e+14 8.046925e-01 -1.262164e-01 5.801202e-01 1.962354e+01 0 10745271
5.963991e+13 1.674789e+14 1.245472e+13 2.228699e-01 8.605510e-01 -4.580186e-01 1.326708e+01 0 1916903
1.566619e+13 1.139068e+14 1.247894e+14 6.352602e-01 2.737091e-02 7.718130e-01 -1.647439e+01 0 3842038
-1.152953e+14 1.104431e+14 -8.137336e+13 -5.091846e-01 7.824195e-01 -3.585398e-01 -1.909263e+01 0 298644
9.091412e+13 1.031292e+14 -1.160473e+14 9.827816e-01 -8.089545e-02 -1.661213e-01 -2.633261e+01 0 5598495
2.856861e+13 1.151413e+14 -1.241232e+14 2.316894e-01 5.130490e-01 -8.264991e-01 1.301364e+01 0 17295007
-1.388311e+14 -7.188754e+13 1.032589e+14 -5.630479e-01 -7.768040e-01 -2.820507e-01 -8.986402e+00 0 409515
-1.053540e+14 -1.611144e+14 -2.612653e+12 -7.143927e-01 -6.116010e-01 -3.399814e-01 -2.474978e+01 0 14064661
-1.732198e+14 8.875000e+13 -3.287041e+13 -3.595732e-01 7.818263e-01 -5.093670e-01 -1.586491e+01 0 4407307
-4.814660e+13 -1.043704e+14 1.248451e+14 1.986024e-01 2.554393e-01 9.462071e-01 -9.565374e+00 0 1358039
1.263787e+14 -6.085652e+13 -9.748543e+13 9.222646e-01 3.865228e-01 -5.299440e-03 1.393360e+01 0 38629
3.198879e+13 4.000629e+13 1.622277e+14 9.215963e-01 3.802876e-02 3.862825e-01 7.500984e+00 0 1885387
-2.198512e+12 -1.673770e+14 3.300035e+13 -5.428968e-01 -7.424949e-01 3.923830e-01 -3.784750e-01 0 811456
9.454361e+12 1.024043e+14 -1.355931e+14 -4.075742e-01 4.146602e-01 -8.135971e-01 -1.646851e+01 0 1910662
4.463021e+13 1.460946e+14 -7.678356e+13 4.680912e-01 1.605564e-01 -8.689720e-01 -9.732369e+00 0 502410
1.459939e+14 3.439298e+13 -8.004279e+13 3.086529e-01 9.434410e-01 -1.210472e-01 -2.553112e+00 0 975673
1.052066e+14 5.202772e+13 -1.279821e+14 5.541150e-01 8.208812e-01 1.382414e-01 1.549346e+01 0 2404067
-3.232882e+13 -1.616827e+14 -6.066145e+13 -1.079813e-02 -5.807778e-01 -8.139905e-01 8.414013e+00 0 817860
-1.133607e+14 3.186682e+12 1.268913e+14 -6.247413e-01 6.998926e-01 -3.461917e-01 2.639540e+00 0 852001
1.192425e+14 -5.225720e+13 -1.203428e+14 2.183302e-01 -3.929207e-02 -9.750836e-01 -6.910882e+00 0 14307496
5.343602e+13 -9.278968e+13 1.319888e+14 -1.205014e-01 -9.094305e-01 3.980146e-01 -8.204256e+00 0 461877
-1.233494e+14 2.335410e+13 -1.196116e+14 -2.436254e-02 -7.826148e-01 -6.220294e-01 -1.333059e+01 0 2333633
-6.746550e+13 1.566281e+14 -2.503735e+13 2.466088e-01 7.762297e-01 -5.802168e-01 6.475107e+00 0 4464293
1.698396e+14 1.293167e+13 1.905434e+13 4.765791e-01 -5.781393e-01 6.622895e-01 -1.845200e+01 0 9913010
-1.583603e+14 -9.008989e+13 3.727149e+13 -6.934626e-01 -6.258109e-01 -3.570299e-01 -6.290756e+00 0 1231574
-1.300913e+14 -1.441540e+13 1.088405e+14 -6.927591e-01 -3.792818e-01 6.133761e-01 9.150330e+00 0 4519377
-1.411226e+14 -7.713335e+13 -7.158796e+13 -9.981892e-01 5.057210e-02 3.257068e-02 -1.811296e+01 0 20063418
-1.612153e+14 3.560798e+13 4.479883e+13 -5.194352e-01 6.926294e-01 5.004514e-01 -1.603010e+01 0 5865548
7.055471e+13 -1.755685e+14 1.399514e+13 6.788893e-01 -6.282067e-01 -3.800863e-01 1.344425e+01 0 1546186
2.591075e+13 1.578629e+14 6.867104e+13 1.781997e-01 9.785616e-01 1.032568e-01 -1.209752e+01 0 8649303
6.092679e+13 -1.598639e+13 1.596581e+14 4.837310e-01 6.979094e-01 5.281352e-01 -1.521060e+01 0 8759103
2.449696e+12 1.172473e+14 -1.244886e+14 4.164792e-01 8.478996e-01 3.280416e-01 3.146626e+00 0 1232810
-7.096724e+13 -1.087346e+14 1.181654e+14 1.338523e-01 -6.699141e-01 7.302730e-01 -1.439118e+01 0 259713
-5.809206e+13 3.209123e+13 1.562444e+14 -3.436280e-01 -5.693019e-01 7.468702e-01 1.280719e+01 0 2086210
-1.020428e+14 -1.274723e+14 4.663017e+13 1.490055e-02 -5.377454e-01 8.429756e-01 -2.103073e+00 0 268064
-1.459854e+14 5.546866e+13 7.996119e+13 -7.557786e-01 2.459315e-01 6.068908e-01 -1.319176e+01 0 681899
-1.738784e+14 2.957439e+13 2.570528e+13 -5.994115e-01 7.342514e-01 3.187172e-01 -1.802062e+01 0 2902766
8.284073e+13 1.299778e+13 1.478309e+14 8.647468e-01 -1.457755e-01 4.805856e-01 5.351871e+00 0 1692663
-9.739100e+13 -1.329392e+14 -4.067055e+13 -5.956578e-01 -7.935142e-01 -1.246070e-01 -1.020589e+00 0 169931
1.352234e+14 3.505031e+13 1.010439e+14 5.462871e-01 3.687690e-01 7.520504e-01 -5.209204e+00 0 3
7.355584e+13 -1.507670e+14 3.476317e+13 4.843334e-01 -5.527520e-01 6.781493e-01 1.283776e+01 0 2567614
-1.593080e+14 1.863309e+13 6.261464e+13 -7.738550e-01 6.098871e-01 1.708397e-01 1.708506e+01 0 3789073
-7.357489e+13 1.385058e+14 -6.654695e+13 2.241298e-01 7.051637e-01 -6.726887e-01 5.206361e+00 0 470650
-1.532255e+14 4.748812e+13 -5.625836e+13 -9.870579e-01 -9.235853e-02 1.310974e-01 -9.382352e-01 0 968936
-7.666037e+13 -1.490186e+14 3.837876e+13 5.238964e-02 -7.695240e-01 -6.364654e-01 1.486810e+01 0 2847668
1.049054e+14 -1.282182e+14 4.124970e+13 3.849002e-01 -5.114914e-01 7.682632e-01 -6.566085e+00 0 11820150
-1.104045e+14 -1.288586e+14 1.801838e+13 -6.201750e-01 2.691357e-03 -7.844589e-01 3.194927e+00 0 3277514
-1.692801e+14 -2.632861e+12 3.198374e+13 -5.984316e-01 -7.181116e-01 3.552398e-01 -7.654704e+00 0 2206323
-1.780651e+14 -1.769762e+13 7.911998e+13 -8.890560e-01 -3.898549e-01 -2.399846e-01 1.764523e+01 0 2992059
1.931827e+13 1.043432e+14 1.422858e+14 5.127131e-01 -2.342453e-01 8.259869e-01 -2.403172e+01 0 7542433
-6.861741e+13 -1.496792e+14 5.050705e+13 3.582715e-01 -6.229975e-01 6.953529e-01 2.798987e+01 0 12824238
-3.381154e+13 -1.627531e+14 4.460896e+13 -7.323937e-02 -9.964277e-01 4.204457e-02 -5.121248e+00 0 2
-7.767900e+13 -6.404476e+13 1.387367e+14 -1.788650e-01 1.820797e-01 9.668786e-01 1.505252e+01 0 200794
2.207078e+13 9.088455e+13 1.429996e+14 -4.402374e-01 8.124567e-01 3.822370e-01 -4.855737e+00 0 6087859
3.856519e+13 4.308376e+13 1.622217e+14 8.344247e-01 5.510748e-01 -7.204230e-03 6.705187e+00 0 449155
-6.271664e+13 -7.838406e+13 1.518692e+14 -1.984423e-01 1.401993e-01 9.700334e-01 1.932249e+01 0 124199
-1.635689e+14 -1.886502e+13 5.242596e+13 -6.706480e-01 -4.862067e-01 5.602092e-01 1.137007e+01 0 1513765
2.058719e+14 -1.702392e+13 1.168467e+14 8.195956e-01 2.329905e-01 5.234296e-01 1.456520e+01 0 1440718
1.468760e+14 -8.444167e+12 9.888935e+13 7.706755e-01 2.694840e-01 5.774406e-01 -1.855669e+01 0 819732
1.091371e+14 1.006690e+14 -8.312942e+13 4.402446e-01 -1.478869e-02 -8.977561e-01 -1.558088e+01 0 15559370
1.719906e+14 -3.364087e+13 2.637275e+13 7.730352e-01 -6.312942e-01 -6.232333e-02 -1.100689e+01 0 18331410
-1.152189e+13 -1.319038e+14 -1.066009e+14 -6.631715e-01 -4.350819e-01 -6.090216e-01 -8.267716e+00 0 298107
-1.130651e+14 1.179577e+14 6.709806e+13 -4.862931e-01 8.557250e-01 1.767874e-01 -1.166203e+01 0 12579059
-1.459237e+14 8.928620e+13 -1.647385e+13 -9.536384e-01 2.448856e-01 -1.749423e-01 1.737090e+01 0 100123
2.496548e+13 3.831671e+13 -1.661231e+14 -7.052079e-01 -3.760860e-01 -6.010334e-01 1.129055e+01 0 1021700
-8.184714e+13 -4.172082e+13 1.447245e+14 -1.553149e-01 5.046360e-01 8.492466e-01 -1.343693e+01 0 2211062
1.076022e+14 1.786670e+13 1.321092e+14 4.093580e-03 7.788731e-01 6.271682e-01 -1.313472e+01 0 4180224
1.444930e+14 -6.401096e+13 6.936443e+13 4.295935e-01 -8.934095e-01 1.314115e-01 -2.060688e+01 0 11161584
-2.497750e+13 1.169708e+14 -1.212207e+14 -7.069480e-01 -2.091151e-01 -6.756444e-01 1.449768e+01 0 12287385
1.297819e+14 1.199465e+13 -1.156330e+14 2.206891e-01 4.512226e-01 -8.646933e-01 2.093241e+01 0 1631873
-8.162071e+13 -1.556658e+14 2.275825e+13 -1.274569e-01 -8.510775e-01 5.093347e-01 -4.012979e+00 0 6608851
9.232102e+13 4.237337e+13 1.731431e+14 3.200447e-01 -4.318596e-01 8.432489e-01 7.456761e+00 0 4625211
4.418125e+13 -5.769114e+13 -1.559999e+14 4.090132e-01 2.741617e-01 -8.703698e-01 9.207738e+00 0 281928
9.279112e+13 9.069965e+13 1.110226e+14 6.279835e-02 9.958889e-01 6.528184e-02 -1.036703e+00 0 2641774
-7.421477e+13 -2.899910e+13 -1.548471e+14 -6.806451e-01 6.127388e-01 -4.015887e-01 1.813538e+01 0 1793807
-7.920103e+13 -1.252936e+14 8.422436e+13 3.064552e-01 -9.258373e-02 9.473719e-01 -1.096218e+01 0 13228864
-5.698672e+13 -1.502559e+14 9.304703e+13 -8.604433e-02 -9.825132e-01 1.651187e-01 1.834371e+01 0 18931351
-1.052248e+14 -1.081304e+14 -7.929602e+13 -7.081912e-01 -3.899060e-01 -5.885903e-01 2.628426e+00 0 6706656
6.879955e+13 -3.042951e+12 1.551372e+14 6.896835e-01 2.108966e-01 6.927187e-01 -1.135853e+01 0 892613
-2.094719e+13 1.561650e+14 -6.646550e+13 -8.098949e-01 5.293647e-01 -2.526721e-01 1.800723e+01 0 21603040
-4.035859e+13 1.644447e+14 -1.922366e+13 1.870503e-01 7.697286e-01 -6.103525e-01 7.352545e+00 0 16628105
-1.163112e+14 -7.378904e+12 1.235831e+14 -8.937836e-01 3.303712e-01 3.033245e-01 1.500133e+01 0 4126341
-6.333526e+11 2.040241e+14 6.049491e+13 8.830947e-02 9.390193e-01 -3.323315e-01 1.542411e+01 0 4605818
-3.228149e+13 -1.890426e+14 -1.265171e+14 3.462191e-01 -6.898748e-01 -6.357712e-01 -1.864338e+01 0 553119
-5.392057e+13 -1.123564e+14 -1.353508e+14 -6.275234e-01 -7.065181e-01 -3.271797e-01 1.040924e+01 0 450766
9.752933e+12 -1.740341e+14 -2.495738e+13 2.338065e-01 -9.678362e-01 9.288551e-02 -1.117275e+01 0 14840997
1.145701e+13 1.544222e+14 6.936097e+13 -2.710086e-01 9.528975e-01 -1.361646e-01 -1.215982e+00 0 663358
9.808039e+13 -1.440457e+13 -1.392300e+14 8.138258e-01 -5.005814e-01 -2.951371e-01 6.738282e+00 0 18132757
5.876907e+13 9.678693e+13 1.276168e+14 5.653587e-01 -2.262949e-01 7.931962e-01 -1.257287e+01 0 5053918
6.202399e+13 1.582036e+14 -1.971307e+12 2.167718e-01 9.503540e-01 -2.232426e-01 7.810444e+00 0 1463152
-1.605060e+14 3.077200e+13 7.225560e+13 -6.873292e-01 3.665544e-01 -6.270697e-01 2.067960e+01 0 6077895
1.822493e+13 8.699542e+13 -1.551045e+14 5.667481e-01 1.486173e-01 -8.103762e-01 1.120984e+01 0 1187944
-1.170840e+14 4.221998e+13 1.243886e+14 -8.540785e-01 4.071340e-01 3.237156e-01 -1.935720e+01 0 15874529
-8.834630e+13 -1.270341e+14 -7.428360e+13 -5.264654e-01 -7.135844e-01 -4.622028e-01 -1.347577e+01 0 3341741
1.716855e+14 -4.489193e+13 -4.604152e+13 9.850880e-01 -1.351693e-01 1.064464e-01 -1.607723e+01 0 5728710
1.347460e+14 1.735298e+14 -1.939277e+13 5.018573e-01 7.950676e-01 -3.405977e-01 -2.051443e+01 0 7784988
1.447980e+14 -1.060227e+14 -1.671516e+13 8.691275e-01 -1.734154e-01 4.631895e-01 -9.758190e+00 0 3726373
-1.030163e+14 -1.370351e+14 -7.101096e+12 4.085428e-01 -7.888242e-01 -4.591831e-01 2.117822e+01 0 14155650
-3.460480e+13 1.619076e+14 3.928444e+13 2.016243e-01 4.270648e-01 -8.814552e-01 7.064156e+00 0 736103
-1.349700e+14 -9.809306e+13 3.383968e+13 -5.990668e-01 3.404249e-01 7.247274e-01 1.283408e+00 0 259382
-1.586435e+13 -1.142828e+14 -1.262776e+14 -3.224150e-02 3.546668e-01 -9.344367e-01 -5.750351e+00 0 390404
4.605175e+13 -1.489684e+14 -1.125351e+14 -5.785360e-01 -5.574132e-01 -5.954717e-01 -2.082532e+01 0 5834585
7.212657e+13 -1.125695e+14 -1.197829e+14 4.944294e-02 -7.953539e-01 -6.041254e-01 -1.053076e+01 0 1362504
-1.027956e+14 -2.557887e+13 1.370849e+14 2.060652e-01 3.482471e-01 9.144731e-01 -9.653253e+00 0 6674223
1.532270e+14 1.151360e+14 -5.222771e+13 8.980652e-01 4.230981e-01 -1.202786e-01 8.841080e+00 0 7078569
-1.565029e+14 -9.335508e+13 -2.730263e+13 -8.061987e-01 -1.313147e-01 -5.768883e-01 1.722678e+01 0 5896561
9.318730e+13 -1.419503e+14 -4.050358e+13 -2.878025e-01 -9.016270e-01 -3.228600e-01 5.714903e+00 0 1489586
-6.600938e+12 1.800678e+14 -1.560207e+13 3.215869e-01 8.977652e-01 -3.009975e-01 -1.805057e+01 0 19379838
1.186562e+14 -9.262920e+13 -7.906552e+13 -6.037403e-01 -3.864926e-01 -6.972239e-01 5.855148e+00 0 2872631
3.337552e+13 -1.669262e+14 6.601186e+12 1.839100e-01 -9.088005e-01 3.745114e-01 -6.534748e+00 0 16849344
-1.058447e+14 1.085424e+14 1.115314e+14 -8.757499e-01 1.856590e-01 4.456375e-01 -1.098588e+01 0 14469152
5.173277e+13 1.730399e+14 -4.728734e+13 5.913309e-01 5.319892e-01 -6.060654e-01 -1.271071e+01 0 1769734
-2.572489e+13 -7.728326e+12 -1.879466e+14 3.600930e-01 3.793745e-01 -8.522957e-01 -1.732661e+01 0 1065845
8.770085e+13 1.635265e+14 -1.214550e+13 1.577618e-01 9.815124e-01 -1.083728e-01 -8.535377e+00 0 5218936
4.589468e+13 1.530661e+14 5.773025e+13 3.142317e-01 2.646713e-01 9.117058e-01 3.687659e+00 0 31
-1.085120e+14 -5.132549e+13 1.312307e+14 8.948032e-02 -9.469587e-01 3.086461e-01 -6.979605e+00 0 766460
-1.072896e+14 -8.088693e+13 -1.049129e+14 -4.688746e-01 -8.761144e-01 1.121614e-01 -6.735568e+00 0 861876
9.481112e+13 -1.658931e+14 -3.852848e+13 3.008757e-01 -9.522704e-01 5.152583e-02 1.585789e+01 0 3298104
1.693249e+14 -1.111002e+13 -1.427725e+13 8.787523e-01 -5.449270e-02 -4.741570e-01 8.499478e+00 0 34
7.338159e+13 1.261003e+14 -9.869353e+13 4.640018e-01 4.017692e-01 -7.894832e-01 9.253040e+00 0 14865488
1.815713e+14 -4.563866e+12 2.168317e+13 9.231460e-01 -5.909674e-02 -3.798803e-01 -1.078417e+01 0 2408382
-1.247307e+14 -1.149962e+14 5.297287e+12 -9.091207e-01 -3.950168e-01 1.321409e-01 -1.452492e+01 0 4198726
7.011397e+13 -1.511259e+14 -3.319215e+13 6.545799e-01 1.871701e-01 -7.324565e-01 9.723763e+00 0 252157
8.910871e+13 8.574929e+13 -1.170530e+14 6.364508e-01 7.179528e-01 -2.819115e-01 2.240653e+01 0 442940
7.359930e+13 -1.284457e+14 -8.539965e+13 4.505697e-01 3.894247e-01 -8.033276e-01 -3.177814e+00 0 1537614
1.483943e+14 -3.015830e+13 -9.680314e+13 9.023036e-01 4.260406e-01 -6.586089e-02 -4.471992e+00 0 11745166
-8.022804e+13 -1.300519e+14 -9.127812e+13 -7.056185e-02 -7.948700e-01 -6.026630e-01 -9.707103e+00 0 7694701
-1.015235e+13 1.389126e+14 1.034754e+14 7.107425e-01 6.469406e-01 2.762482e-01 -1.306780e+01 0 9042628
3.014607e+12 -1.600528e+14 -6.654510e+13 3.672826e-03 -6.121545e-01 -7.907296e-01 -6.828395e+00 0 11
-1.421854e+14 8.540281e+13 6.048471e+13 -1.647848e-01 6.702128e-01 7.236441e-01 1.410321e+01 0 32584696
8.687259e+13 1.451596e+14 -2.434420e+13 5.751270e-01 7.726340e-01 -2.688227e-01 -1.059347e+01 0 4222661
-1.450595e+14 5.150859e+13 -9.153694e+13 -8.992519e-01 3.820943e-01 -2.129551e-01 1.094893e+01 0 13470195
8.584908e+13 -1.091837e+14 -9.842558e+13 8.804415e-01 -4.148422e-01 -2.296275e-01 -7.853244e+00 0 13507236
-1.315032e+13 -1.107156e+14 1.280112e+14 -3.856856e-01 2.653942e-02 9.222485e-01 -6.553627e+00 0 851251
-6.736031e+13 1.214787e+14 -1.119013e+14 -3.189206e-01 -4.540032e-02 -9.466934e-01 -1.403344e+01 0 4616663
-1.098905e+14 1.385139e+14 -5.021335e+13 2.142982e-02 8.124006e-01 -5.827057e-01 -1.804474e+01 0 2323074
5.864300e+13 2.286667e+13 1.585971e+14 -5.001445e-01 -2.768835e-01 8.204822e-01 -1.507646e+01 0 6067418
5.759194e+13 -1.065355e+14 1.188083e+14 5.980328e-01 -6.822410e-01 -4.205995e-01 6.426782e+00 0 2598892
1.568585e+14 -2.515781e+13 6.549571e+13 7.814023e-01 -5.924306e-01 1.960520e-01 5.354145e+00 0 454018
1.165821e+14 -1.642218e+13 -1.221224e+14 8.480396e-01 -2.061172e-02 -5.295318e-01 1.725027e+01 0 8693370
1.166438e+14 3.979860e+13 -1.182574e+14 3.546248e-01 8.648966e-01 -3.552394e-01 7.216637e-01 0 5844
1.485045e+14 5.798141e+11 1.245132e+14 7.374425e-01 -6.161056e-01 2.767534e-01 1.800399e+01 0 7192492
3.086196e+13 9.195598e+13 1.396153e+14 9.039824e-01 4.187724e-01 8.628765e-02 8.664931e-01 0 1038964
-2.384049e+13 1.568106e+13 1.676358e+14 5.738515e-01 2.885515e-01 7.664414e-01 3.139956e+00 0 408629
-6.812040e+13 -8.212312e+13 -1.632453e+14 -8.083697e-01 8.504775e-02 -5.824992e-01 9.771620e+00 0 2768876
-7.284864e+13 1.068009e+14 1.198507e+14 -7.600954e-01 -2.422766e-01 6.029569e-01 1.552030e+01 0 5411989
-7.871102e+13 -2.068002e+13 -1.514257e+14 -7.748841e-01 6.084540e-01 -1.712845e-01 -1.029867e+01 0 6618606
-1.460471e+14 -1.224399e+14 9.850302e+12 -8.931868e-01 -1.523776e-01 4.230821e-01 1.418827e+01 0 2012952
8.303616e+13 1.131609e+14 9.549554e+13 6.110309e-01 5.763001e-01 5.426964e-01 6.096222e+00 0 2265324
1.582052e+14 -6.219564e+13 1.131260e+14 7.766101e-01 1.804043e-01 6.035984e-01 -8.591512e+00 0 17973239
4.170345e+13 -1.457513e+14 -1.029496e+14 8.632044e-02 -8.378415e-01 -5.390458e-01 1.982030e+01 0 2646742
1.694575e+14 6.322790e+12 -1.872981e+13 9.853416e-01 1.643562e-01 4.570628e-02 -1.355590e+01 0 5741586
-9.666739e+13 -1.394062e+14 1.553383e+11 6.651484e-01 -6.469061e-01 -3.729478e-01 3.618372e+00 0 4
-1.506712e+13 1.316070e+14 1.144423e+14 -9.101365e-01 1.422888e-01 3.891085e-01 1.788931e+01 0 4829136
1.574590e+14 4.127202e+13 -4.930868e+13 1.154424e-01 9.795839e-01 -1.645855e-01 3.200930e+00 0 3840742
1.974903e+13 -5.093424e+13 1.610451e+14 2.200956e-01 -9.568488e-01 1.897323e-01 -6.232934e+00 0 6765513
-1.672056e+14 -4.592594e+13 -7.361382e+12 -6.084740e-01 6.533366e-01 -4.504562e-01 3.595821e+00 0 3862943
1.161051e+14 -1.587351e+14 1.351517e+13 9.247991e-01 -3.059017e-01 2.262094e-01 1.502683e+01 0 1092980
-7.629485e+13 7.429917e+13 -1.377221e+14 -3.366197e-01 8.045990e-01 -4.891908e-01 -9.705751e+00 0 3789430
1.107430e+14 -1.286859e+14 -7.783245e+12 -6.249784e-01 -7.792613e-01 -4.640918e-02 -2.362971e+01 0 6193614
1.030943e+14 -1.188798e+14 8.533616e+13 5.980975e-01 -4.223394e-01 6.811085e-01 -1.171804e+01 0 21702069
-1.398288e+14 1.201369e+13 9.885931e+13 -9.845261e-01 -1.341771e-02 -1.747235e-01 -3.060971e+00 0 3417049
-1.187833e+14 5.858834e+13 -1.147596e+14 -4.608551e-01 -5.035581e-01 -7.307816e-01 -3.131303e+00 0 33608992
-7.538815e+13 -5.599112e+13 -1.416764e+14 -7.140822e-01 -5.796747e-01 -3.925096e-01 5.891385e+00 0 6153407
-1.038852e+14 4.864376e+13 1.250997e+14 2.947816e-02 7.146428e-01 6.988681e-01 6.687036e-01 0 2145144
1.079424e+14 -2.117332e+13 1.361842e+14 -1.968964e-01 -5.420521e-01 8.169525e-01 -1.896554e+01 0 9584202
-8.912981e+13 -6.679195e+13 -1.300768e+14 -9.651640e-01 -2.576134e-01 -4.575762e-02 6.652540e+00 0 13916441
2.266416e+13 1.622305e+14 -5.261134e+13 -6.527088e-01 7.449256e-01 1.380474e-01 -3.729518e+00 0 1015641
-1.172922e+14 -7.076873e+13 1.019421e+14 -4.638642e-01 7.317154e-01 4.994223e-01 1.568053e+00 0 6373257
1.482929e+14 -1.158583e+14 6.049080e+13 3.723601e-01 5.696724e-03 9.280709e-01 2.288320e+01 0 9783187
5.392467e+13 1.517426e+13 -1.713602e+14 1.583169e-01 -1.956162e-01 -9.678172e-01 -1.509323e+01 0 7503063
1.471460e+14 8.778877e+13 1.744750e+13 5.341189e-01 5.954527e-01 -6.001275e-01 -1.347981e+01 0 9599345
-5.914498e+13 1.438796e+14 7.511180e+13 5.524961e-01 2.950882e-01 7.795326e-01 1.392137e+01 0 5230564
3.139987e+13 -2.760754e+13 -1.716575e+14 2.432307e-01 5.155448e-02 -9.685974e-01 -9.633911e+00 0 6142730
-5.404159e+13 4.838021e+13 -1.539400e+14 -5.491049e-01 8.087836e-01 -2.106015e-01 -1.099277e+01 0 15284781
-1.665327e+14 -3.142220e+13 5.438807e+13 -3.278990e-01 -7.953474e-01 5.098085e-01 1.273851e+01 0 209016
-1.197338e+14 -1.736312e+13 -1.499700e+14 -4.297311e-01 -2.731904e-01 -8.606382e-01 -1.648631e+01 0 3409050
-1.142708e+14 -1.506352e+14 4.386327e+13 -7.894502e-01 -5.492789e-01 2.739729e-01 -2.238552e+01 0 95636
-1.559088e+14 2.165359e+13 6.512973e+13 -4.794081e-01 8.469571e-01 2.298509e-01 -1.110348e+01 0 3274867
-7.101198e+13 1.094215e+14 1.091772e+14 -8.831334e-01 3.962829e-01 -2.510682e-01 -9.805203e+00 0 9076862
1.135617e+14 5.504629e+13 -1.142414e+14 9.242206e-01 -2.283848e-01 -3.060337e-01 2.508715e+00 0 503008
1.631393e+14 4.910145e+13 1.478257e+13 7.329699e-01 -6.268267e-01 -2.642792e-01 -1.866096e+01 0 2659754
-1.541174e+14 8.285801e+13 4.387837e+12 -5.224011e-02 9.564286e-01 2.872548e-01 3.032295e+00 0 641253
1.353979e+14 5.793265e+13 -1.109775e+14 4.850916e-01 7.885956e-01 -3.778931e-01 2.224004e+01 0 2033343
-3.198764e+13 -1.663762e+13 1.676388e+14 -7.501983e-01 6.433323e-01 1.527286e-01 1.875731e+01 0 1933457
1.003317e+14 1.243952e+14 7.395208e+13 9.905579e-01 8.863219e-02 1.045917e-01 1.194341e+01 0 9084809
6.882797e+13 -1.121261e+14 1.188340e+14 4.918025e-01 -8.392544e-01 2.319104e-01 -1.079875e+01 0 2733827
-1.652704e+13 1.661667e+14 -4.009721e+13 2.185234e-01 4.936682e-01 -8.417477e-01 3.987148e+00 0 4334528
-1.040861e+14 1.075974e+14 -8.133565e+13 -9.373838e-01 3.203076e-01 1.368012e-01 -8.206053e+00 0 4847622
-1.587193e+14 -4.235489e+13 -4.641236e+13 -5.428246e-01 -2.387148e-01 8.052060e-01 1.404564e+01 0 7285195
-8.060155e+13 1.209967e+14 -9.109614e+13 -9.871304e-01 -1.515515e-01 5.104602e-02 1.711169e+01 0 3546341
-1.159590e+13 1.579662e+14 6.170574e+13 2.715395e-01 9.284915e-01 2.533178e-01 4.403594e+00 0 11071274
-3.689831e+13 -1.686500e+14 -3.070335e+12 -1.384014e-01 -9.901487e-01 -2.122604e-02 -9.194133e+00 0 4892022
-1.397313e+14 8.028631e+13 6.439497e+13 -2.847284e-01 6.583267e-01 6.968039e-01 -1.976591e+01 0 2278009
-1.077643e+14 -1.152662e+14 1.077273e+14 -5.984500e-01 -5.045538e-01 6.223207e-01 2.072009e+01 0 3396176
-1.622057e+14 -2.055666e+13 5.602716e+13 -5.655479e-01 -7.914408e-01 2.318988e-01 1.038013e+01 0 7199017
1.160307e+14 -1.352452e+14 -4.664170e+13 2.680078e-01 -9.441095e-01 1.919090e-01 1.235109e+01 0 10159373
-1.047990e+14 1.510006e+13 -1.342932e+14 -5.289656e-01 7.162665e-01 -4.551458e-01 6.871926e+00 0 9702251
-4.422858e+13 -1.280047e+14 -1.065178e+14 -2.940492e-01 -8.484363e-01 -4.401034e-01 1.037520e+01 0 383911
1.154091e+14 6.772746e+13 -1.166493e+14 5.940480e-01 6.110007e-01 -5.232448e-01 -9.764077e+00 0 4643672
-4.552843e+13 -8.980058e+13 2.059500e+14 -3.702555e-01 -3.697231e-01 8.521829e-01 1.782028e+01 0 14397942
1.890572e+13 -1.028838e+14 -1.341148e+14 -2.852050e-01 -9.582180e-01 2.182642e-02 -1.045485e+01 0 9560009
9.414943e+13 9.450848e+13 -1.048885e+14 8.823249e-01 -1.304503e-01 -4.522008e-01 1.125678e+01 0 685946
-7.239529e+13 -8.510228e+13 1.417128e+14 -3.864614e-01 6.282651e-02 9.201633e-01 1.216784e+01 0 6166982
-2.668921e+13 1.020935e+14 1.329123e+14 -6.581496e-01 7.037346e-01 2.675754e-01 -1.467811e+01 0 458910
-1.096920e+14 -9.828321e+13 8.465355e+13 -6.959611e-01 -6.593876e-01 -2.843347e-01 8.219099e+00 0 899030
-5.836377e+13 -1.454596e+14 6.633007e+13 3.971072e-02 -9.764799e-01 -2.119198e-01 7.030386e+00 0 23973
1.229793e+14 -7.935081e+13 8.598918e+13 9.571058e-01 -1.668437e-01 -2.368788e-01 -2.516059e+00 0 6791674
1.589067e+14 4.389794e+13 -4.144393e+13 5.291789e-01 5.940413e-01 -6.058752e-01 1.558250e+01 0 1679934
-1.460603e+14 4.895637e+13 8.705045e+13 -5.432441e-01 3.456498e-01 7.651223e-01 -1.267443e+01 0 1136611
-1.424439e+14 2.117015e+13 9.129042e+13 -7.568663e-01 -5.453089e-01 3.602660e-01 1.320212e+01 0 4820468
2.905321e+13 -1.884211e+13 2.155111e+14 1.563710e-01 -2.703143e-01 9.499886e-01 1.408649e+01 0 1162176
1.327409e+14 -4.222517e+13 1.162071e+14 5.834425e-01 9.317670e-03 8.121010e-01 1.473576e+01 0 5071978
1.488749e+14 -8.612774e+13 3.392064e+13 3.948993e-01 -8.836676e-01 -2.513684e-01 1.031350e+01 0 4512901
8.815010e+13 1.446257e+14 -3.144006e+13 7.144639e-01 6.995739e-01 1.173464e-02 -9.400998e+00 0 3444806
-6.366923e+13 1.169448e+14 1.078022e+14 -4.526864e-01 8.348606e-01 -3.131816e-01 -5.649245e+00 0 1359228
3.997034e+13 -1.623794e+14 1.324981e+14 5.237360e-01 -5.466596e-01 6.533482e-01 2.563050e+01 0 14405471
8.056283e+13 1.443891e+14 4.271291e+13 6.625111e-02 9.006195e-01 4.295291e-01 -5.852301e+00 0 55769
3.278121e+13 -5.687476e+13 1.565328e+14 4.620425e-01 -4.047747e-01 7.890970e-01 6.118392e+00 0 7960489
1.104278e+14 1.398329e+13 1.295227e+14 9.253235e-01 -6.067953e-02 3.742920e-01 6.508663e+00 0 14941525
-4.920987e+13 -1.645693e+14 -8.634417e+12 1.451658e-01 -9.862136e-01 -7.943360e-02 9.653237e+00 0 3674334
1.160613e+14 -1.222861e+14 4.789140e+13 6.473114e-01 -7.211640e-01 2.468003e-01 1.214763e+01 0 2907326
-3.961383e+13 -1.007113e+14 -1.377264e+14 6.715476e-01 -5.002101e-01 -5.466385e-01 1.759024e+01 0 13057197
-6.772701e+13 -8.290142e+13 1.358612e+14 -8.245622e-01 -5.420959e-01 -1.619545e-01 -7.084780e+00 0 574723
2.118947e+13 1.163612e+14 -1.232158e+14 -1.563832e-01 -1.162424e-01 -9.808323e-01 9.550436e+00 0 602788
7.902629e+12 -1.274001e+14 1.372291e+14 -4.740064e-01 -5.241717e-01 7.075040e-01 1.593425e+01 0 267470
5.104142e+13 1.143276e+14 -1.226585e+14 4.230526e-01 6.626402e-01 -6.180085e-01 1.247531e+01 0 10791197
-6.025059e+13 1.109712e+13 1.585879e+14 5.365316e-01 7.315435e-01 4.206875e-01 -1.683388e+01 0 18015917
-1.063776e+14 2.077276e+13 -1.407643e+14 1.887969e-01 4.102079e-01 -8.922361e-01 -1.513633e+01 0 15300108
1.092950e+14 -1.140866e+14 -7.054787e+13 6.731105e-01 -1.654694e-01 -7.207927e-01 -8.803009e+00 0 3775941
-6.455806e+13 8.758813e+13 1.316733e+14 -5.534288e-01 8.229994e-01 1.280182e-01 -1.033739e+01 0 1135645
1.677291e+14 -8.928492e+13 -1.076192e+14 6.482213e-01 -6.432717e-01 -4.074441e-01 -2.312343e+01 0 17269636
2.558521e+13 -1.676658e+14 -2.247286e+13 -2.345402e-02 -9.439787e-01 3.291720e-01 1.308778e+01 0 764741
-9.147563e+13 1.319619e+14 1.184547e+14 -5.392906e-01 8.383239e-01 -7.986626e-02 -2.022652e+01 0 7104107
-7.340006e+12 -1.390476e+14 9.886215e+13 -2.035078e-01 -5.148512e-01 8.327741e-01 -6.846522e+00 0 705348
1.681945e+14 -5.439596e+13 6.752959e+13 9.572939e-01 1.608388e-01 -2.402482e-01 -1.455397e+01 0 12653333
-1.000782e+14 -6.124285e+13 -1.232268e+14 -7.008571e-01 9.914042e-02 -7.063784e-01 2.028937e+00 0 1105754
9.990882e+13 -1.291205e+14 -4.663155e+13 3.193343e-01 -6.896672e-01 6.499114e-01 -9.624012e+00 0 1963331
-1.362212e+14 3.529602e+13 -9.554781e+13 -2.337958e-01 4.801784e-01 -8.454396e-01 4.672434e+00 0 4893326
5.407381e+13 1.396168e+14 -1.061013e+14 2.393544e-02 8.322864e-01 -5.538289e-01 -6.166790e+00 0 6667960
-1.116659e+14 1.335658e+14 2.110471e+13 -7.104366e-01 2.820673e-01 6.447619e-01 -6.356600e+00 0 16
1.848224e+13 -1.715795e+14 7.572688e+13 -3.808267e-01 -5.205538e-01 7.641955e-01 7.599463e+00 0 3839752
-9.355084e+13 -1.731699e+14 -3.506586e+13 -2.973087e-01 -9.541372e-01 3.506753e-02 -1.787116e+01 0 4080801
8.448598e+13 5.334988e+13 1.372164e+14 6.725562e-01 -5.467428e-01 4.987389e-01 -6.715519e+00 0 425148
5.118631e+13 -9.031880e+13 1.351113e+14 4.769840e-01 3.757141e-01 7.945598e-01 -1.293941e+01 0 3148046
1.412073e+14 -3.340299e+13 -1.829707e+14 3.505389e-01 -3.660910e-01 -8.620324e-01 1.293204e+01 0 507197
5.775177e+13 1.461747e+14 6.625336e+13 2.155104e-01 9.760666e-01 -2.914074e-02 -3.747425e+00 0 565891
-7.891204e+13 1.128840e+14 -9.954353e+13 -6.222381e-01 6.692192e-01 -4.061593e-01 5.089409e+00 0 4751857
-1.507681e+14 -1.409999e+14 -1.733192e+13 -8.997733e-01 -3.412312e-01 -2.719728e-01 -2.643441e+01 0 16943105
-6.540502e+13 -1.552975e+14 3.995532e+13 4.390024e-01 -8.614624e-01 2.552632e-01 1.203231e+01 0 3490845
5.610893e+11 -1.452831e+14 8.778605e+13 4.536912e-01 -6.670804e-01 5.909045e-01 -1.780516e+00 0 17347
1.296068e+14 -4.360749e+13 1.044641e+14 6.003095e-01 -6.661808e-01 4.425287e-01 2.582696e+00 0 909268
1.662573e+14 1.351971e+13 9.451055e+13 5.122601e-01 -4.918116e-01 7.040674e-01 1.230735e+01 0 5086727
-4.340256e+13 -8.261070e+13 -1.440942e+14 4.759315e-01 -6.928573e-02 -8.767489e-01 -1.430978e+01 0 3443336
-3.335181e+13 1.092936e+14 1.332766e+14 -1.359775e-01 9.577855e-01 -2.532925e-01 2.072042e+01 0 2119480
9.219492e+13 1.141564e+14 -8.744388e+13 8.903789e-01 4.547662e-01 -2.032540e-02 7.069661e+00 0 5941075
-1.103621e+14 -1.212965e+13 -1.297202e+14 -8.486080e-01 -3.789302e-01 3.691564e-01 -5.683948e+00 0 2174667
-1.548876e+13 8.737292e+13 1.494658e+14 -1.382033e-01 2.016264e-01 9.696632e-01 -8.258042e+00 0 12099419
-1.680113e+14 -1.011425e+13 -4.576190e+13 -9.741795e-01 -1.907380e-01 -1.208024e-01 -1.812143e+01 0 4447354
-8.249318e+13 -1.154207e+13 1.552097e+14 1.701594e-01 -7.348341e-01 6.565552e-01 1.697799e+01 0 2680084
1.736525e+13 -4.175947e+13 1.639032e+14 2.768717e-01 -2.775935e-01 9.199369e-01 -1.466269e+01 0 78501
-2.544859e+13 -1.542119e+14 6.699464e+13 -2.839490e-01 -7.238290e-01 -6.288438e-01 -8.816468e+00 0 1
-1.657906e+14 1.657075e+13 3.272134e+13 -7.005999e-01 6.221140e-01 3.494767e-01 1.008272e+01 0 4830721
-9.341163e+13 1.452761e+14 -9.064334e+12 -8.791342e-01 3.712798e-01 -2.987881e-01 -9.206055e-01 0 3372700
-1.538296e+14 -3.829648e+13 -6.260290e+13 -7.238801e-01 -6.874087e-01 -5.888031e-02 -9.380513e+00 0 1975916
-5.371075e+13 -1.848954e+14 4.609947e+13 4.741774e-02 -9.967601e-01 -6.496818e-02 2.294493e+01 0 4985648
-1.624809e+14 -2.738828e+13 -4.346528e+13 -5.913216e-01 -6.998641e-01 4.006606e-01 1.301981e-01 0 521462
-3.860289e+13 9.579186e+13 1.467490e+14 -2.356353e-01 8.016085e-01 5.494540e-01 1.832571e+01 0 2521079
1.119504e+14 -7.215093e+13 -1.055245e+14 8.483974e-01 4.060256e-01 -3.396543e-01 -5.722845e+00 0 1894262
-4.807058e+13 -1.029498e+14 1.304448e+14 8.351487e-02 -6.661619e-01 7.411165e-01 8.772188e+00 0 10061217
-1.296137e+14 -2.736452e+13 -1.069392e+14 7.671956e-02 1.545032e-01 -9.850091e-01 -1.460954e+01 0 441133
-1.367489e+13 7.684054e+13 1.513821e+14 -9.389378e-01 -5.363203e-02 3.398815e-01 -8.386546e+00 0 15226039
1.939215e+14 1.969068e+12 5.097921e+13 9.388407e-01 -3.443022e-01 -5.833120e-03 1.465054e+01 0 2698055
-1.363271e+14 -1.131108e+14 1.762660e+13 -9.930013e-01 -7.995872e-02 -8.691914e-02 -2.401283e+01 0 1533449
1.359410e+14 -4.878315e+13 -9.099964e+13 -1.286119e-01 -4.095944e-01 -9.031564e-01 -1.088167e+01 0 3887933
1.765276e+13 -3.541906e+13 1.655733e+14 1.490638e-01 -2.615602e-01 9.536070e-01 -4.943552e+00 0 1276214
6.470299e+13 -1.551020e+14 -3.956892e+13 1.503181e-01 -8.604319e-01 4.868896e-01 5.236942e+00 0 2
-1.685795e+14 1.460963e+13 -1.714510e+13 -3.249032e-01 4.917064e-01 8.078755e-01 5.788024e+00 0 4712035
-1.123409e+14 1.428149e+14 2.825963e+13 -8.943910e-01 3.235812e-01 -3.088042e-01 2.271892e+01 0 3824139
3.626978e+13 1.238342e+14 -1.112164e+14 9.259899e-01 2.577835e-01 2.758450e-01 6.700059e+00 0 9075453
-2.331956e+13 -7.978320e+13 1.554514e+14 6.037407e-01 -7.569224e-01 2.501311e-01 -1.260664e+01 0 9572737
1.190727e+14 1.213269e+14 1.065037e+13 8.175176e-01 -9.082745e-03 5.758320e-01 -9.913695e+00 0 2400845
-5.215887e+11 -1.519880e+13 -1.699854e+14 -1.936885e-01 -9.132455e-01 -3.584234e-01 1.117083e+01 0 1503625
-1.657293e+14 3.463039e+13 -4.639618e+13 -8.608635e-01 2.287264e-01 4.545308e-01 -1.525944e+01 0 9804661
1.453247e+13 -2.725565e+12 1.914651e+14 7.537909e-01 2.564909e-01 6.049890e-01 -2.222863e+01 0 551713
6.444143e+13 1.608373e+14 -2.823674e+12 -2.652073e-01 9.630711e-01 -4.646725e-02 1.653596e+01 0 16647106
-2.576127e+13 -1.295130e+14 1.076609e+14 -4.577817e-02 1.538862e-01 9.870276e-01 1.108360e+01 0 334412
2.492007e+13 1.371945e+14 1.079164e+14 6.936521e-01 6.777334e-01 2.439759e-01 -1.758124e+01 0 8016091
4.918890e+11 -1.684064e+14 -3.661452e+13 -5.056001e-01 -5.285389e-01 -6.819202e-01 8.524425e+00 0 10332672
8.247561e+13 1.422458e+14 4.694218e+13 5.562542e-04 6.105146e-01 7.920048e-01 -6.976139e+00 0 3842088
-7.332850e+13 -1.130693e+14 -1.029854e+14 5.461900e-01 -8.375966e-01 -1.041213e-02 9.644686e+00 0 4572216
-1.323143e+14 -1.054124e+14 1.656799e+13 -7.940827e-01 -1.209403e-01 5.956560e-01 3.665516e+00 0 251356
1.535136e+14 4.779160e+13 -5.599197e+13 6.544591e-01 5.656137e-01 5.017613e-01 8.543362e+00 0 5838353
3.076609e+13 -1.358372e+14 1.006904e+14 7.811474e-01 -4.564280e-01 4.260073e-01 1.417640e+01 0 3319012
-1.387094e+14 -1.195819e+14 3.982236e+13 -3.624940e-01 -8.555564e-01 3.696232e-01 1.650281e+01 0 4183917
-1.930540e+13 -2.044106e+13 -1.673729e+14 -4.547997e-01 1.193894e-02 -8.905137e-01 -8.306006e+00 0 1767031
-1.620987e+14 -3.083667e+13 -4.850767e+13 -9.798817e-01 1.647317e-01 1.126735e-01 -1.333881e+01 0 13071467
-1.089569e+14 -9.985011e+13 8.568241e+13 -9.972105e-01 -7.089005e-02 2.336320e-02 -1.552653e+01 0 370563
-6.979467e+13 -9.938706e+13 1.274321e+14 -2.345861e-01 -9.719965e-01 1.385908e-02 1.124936e+01 0 11231392
9.717104e+13 8.480147e+13 1.154908e+14 -1.503518e-01 3.174592e-01 9.362767e-01 -7.874268e+00 0 1532629
5.042978e+13 1.344128e+14 -9.126089e+13 6.144315e-01 4.859820e-01 -6.215267e-01 1.668736e+00 0 4491995
5.197502e+13 7.440929e+13 1.436584e+14 8.715227e-01 1.865322e-01 4.534909e-01 3.831942e+00 0 291489
2.194119e+13 1.504623e+14 -7.760222e+13 4.004895e-01 8.314307e-01 -3.851379e-01 -6.813270e+00 0 4700947
-1.261994e+14 3.562046e+13 1.239653e+14 -8.066645e-01 5.594103e-01 -1.906635e-01 -1.455977e+01 0 2870371
4.951231e+13 -5.447905e+13 -1.650911e+14 5.146693e-01 -6.802302e-01 -5.219218e-01 -8.774381e+00 0 5026192
1.455405e+14 -7.808085e+13 -6.251335e+13 4.625026e-01 -7.568063e-01 -4.618826e-01 5.515183e+00 0 1001400
1.345380e+14 1.126127e+14 3.159272e+13 3.198203e-01 9.165924e-01 2.399445e-01 -5.160679e+00 0 1399856
-1.517347e+14 8.685878e+13 -2.549969e+11 -9.697049e-01 2.165931e-01 1.129593e-01 -1.369706e+01 0 18206333
4.276376e+12 -1.711615e+14 5.521800e+12 6.143445e-01 -7.884720e-01 -2.987832e-02 1.477169e+01 0 3
1.047616e+14 -3.674672e+13 1.287753e+14 1.189938e-01 -8.725248e-01 4.738575e-01 9.720406e+00 0 573794
1.336185e+14 1.130173e+14 3.618274e+13 -2.368844e-01 9.461394e-01 2.206942e-01 1.831926e+01 0 20473131
2.751084e+13 -1.637326e+14 5.077326e+13 1.247190e-01 -9.796519e-01 -1.572491e-01 -1.210619e+01 0 1594832
4.696205e+13 1.583372e+14 4.138733e+13 7.008952e-01 1.588828e-01 6.953432e-01 -1.301008e+01 0 4522171
-1.456007e+14 -7.323687e+13 -5.006923e+13 -1.952191e-01 -9.765497e-01 -9.077534e-02 1.681380e+01 0 5543033
1.079510e+14 5.391269e+12 -1.401321e+14 3.557714e-01 4.949733e-01 -7.927346e-01 -3.251360e+00 0 1329399
1.042127e+14 -9.469149e+13 1.015087e+14 5.081060e-01 -7.919274e-01 3.386432e-01 -1.562760e+01 0 7045932
-1.171597e+14 -5.483387e+13 1.224829e+14 -5.610925e-01 -4.253849e-01 7.100865e-01 1.632265e+01 0 1357481
1.622410e+14 5.461397e+13 -6.192949e+13 2.106750e-01 4.687089e-01 -8.578625e-01 1.811917e+01 0 6111260
1.014230e+14 -1.288655e+14 6.690684e+13 -5.773395e-02 -9.982346e-01 -1.394694e-02 6.899383e+00 0 11180440
3.776867e+13 5.038757e+13 1.599282e+14 7.393591e-01 2.351889e-01 6.308996e-01 -9.775756e+00 0 67887
-5.245767e+13 1.675808e+14 -1.258057e+13 -4.262936e-01 8.665857e-01 -2.594282e-01 -1.815719e+01 0 3210560
9.409068e+13 -1.092764e+14 9.155290e+13 5.627217e-01 -8.252821e-01 -4.747296e-02 8.986340e+00 0 655861
-4.385825e+13 -1.144980e+14 1.490936e+14 2.283909e-01 -9.124875e-01 3.394173e-01 1.411413e+01 0 4626536
-1.408044e+14 9.127568e+13 -2.486201e+13 -9.879728e-01 2.993185e-02 1.517034e-01 1.161195e+01 0 13702658
1.383908e+14 -8.677129e+13 4.577826e+13 3.635788e-01 -8.502953e-01 -3.805369e-01 -1.362863e+01 0 348662
5.726792e+13 1.160510e+14 1.111444e+14 -1.216266e-01 5.062767e-01 8.537511e-01 1.194482e+01 0 1718113
-1.362940e+14 7.225253e+13 -1.506308e+14 -5.781521e-01 3.551631e-01 -7.345743e-01 1.845063e+01 0 2929895
-1.343317e+14 2.218037e+12 -1.228532e+14 -5.602141e-01 -5.612450e-01 -6.092325e-01 2.023381e+01 0 10452284
-6.695073e+12 1.563872e+14 -7.244959e+13 1.157647e-01 9.902235e-01 7.781997e-02 -2.397710e+01 0 9443707
-1.633037e+14 6.744717e+12 -4.552053e+13 -6.738172e-01 -9.258716e-02 7.330744e-01 8.071067e+00 0 1534436
1.380016e+14 1.027186e+14 2.821017e+13 -1.684431e-01 5.548667e-01 8.147085e-01 -7.914215e+00 0 10403644
-1.072474e+14 -1.303028e+14 -2.156846e+13 -9.784293e-01 1.247162e-01 1.646876e-01 -6.713514e-01 0 1522970
-1.762211e+13 -1.574736e+14 8.943172e+13 1.796108e-02 -9.905961e-01 -1.356347e-01 1.888770e+01 0 526482
-1.614781e+14 -3.564822e+13 -3.818447e+13 -4.390810e-01 6.719007e-01 -5.964539e-01 -1.721727e+01 0 3258590
8.851241e+13 8.004953e+13 1.348751e+14 5.124754e-01 7.049930e-01 4.902589e-01 1.182678e+01 0 3033300
-1.799399e+14 8.767523e+12 3.294851e+13 -9.531631e-01 3.024306e-01 -3.979610e-03 1.319856e+01 0 8162440
1.369710e+14 -3.494075e+12 1.008004e+14 7.911818e-01 4.264306e-01 -4.383928e-01 1.539996e+01 0 7857862
6.502810e+13 6.741357e+13 -1.417447e+14 -4.679025e-01 3.843155e-01 -7.958447e-01 -1.741391e+00 0 4361352
9.276746e+13 -1.071162e+14 -9.332158e+13 7.093901e-01 5.905522e-01 -3.847256e-01 1.731627e+00 0 4324912
-1.358170e+14 3.717802e+13 9.639529e+13 -1.555328e-01 -6.083092e-01 7.783119e-01 -8.774976e-01 0 59968
-1.136298e+14 1.028631e+14 7.792762e+13 -9.816342e-01 1.848497e-01 -4.716841e-02 1.453657e+01 0 12
-4.091450e+13 1.546540e+14 6.263188e+13 -2.478064e-01 7.936806e-01 -5.555746e-01 -1.009492e+01 0 2167621
-1.043553e+14 -1.654392e+13 1.605797e+14 -4.133571e-01 -5.561570e-01 7.209891e-01 -1.097286e+01 0 5571355
-1.350127e+14 8.372956e+13 -9.154752e+13 -5.683522e-01 -5.244134e-01 -6.340082e-01 -8.553376e+00 0 350076
4.309717e+12 -1.745024e+14 -5.503103e+13 4.275581e-01 -8.699193e-01 -2.458342e-01 1.580611e+01 0 2072102
-1.751774e+14 3.451335e+13 -5.449704e+12 -5.690654e-01 -4.491252e-01 6.888041e-01 -1.293831e+01 0 1436778
-9.887335e+12 1.595945e+14 5.688047e+13 -4.699948e-02 9.700896e-01 2.381539e-01 -6.124132e+00 0 1499227
2.308891e+13 2.282041e+13 -1.666944e+14 2.225013e-01 -6.386445e-01 -7.366317e-01 1.397768e+01 0 3776744
-7.459892e+13 -1.302960e+14 1.030387e+14 3.204894e-01 -7.994787e-01 5.080555e-01 1.363579e+01 0 1991017
4.085532e+13 -1.682173e+14 -5.060480e+12 -1.183910e-01 -9.901749e-01 -7.441214e-02 2.206273e+00 0 9397797
-2.350103e+13 1.339637e+14 1.623781e+14 8.484149e-02 7.889436e-01 6.085802e-01 -2.270327e+01 0 9336682
1.350939e+13 -1.482362e+14 8.681348e+13 1.093771e-01 -9.688135e-01 2.223445e-01 -1.026821e+01 0 5
7.095173e+13 -1.217665e+14 -1.000016e+14 3.631819e-01 -5.719675e-01 -7.354945e-01 -6.622264e+00 0 2197087
6.566247e+13 -9.555301e+13 1.253328e+14 -1.757322e-01 -9.334785e-01 3.126276e-01 6.927027e+00 0 189475
1.497742e+14 6.376272e+13 4.951078e+13 7.035310e-01 -7.090483e-01 -4.790288e-02 -2.038873e+01 0 5299926
1.695055e+13 9.544696e+13 -1.391741e+14 8.283791e-01 -1.075853e-01 -5.497394e-01 2.776648e+00 0 2033667
-1.043212e+14 -1.290712e+14 4.249350e+13 -9.720723e-01 1.550486e-01 1.761684e-01 -1.386386e+01 0 15920317
7.853914e+13 1.141365e+14 -9.978878e+13 5.059750e-01 8.545187e-01 -1.174185e-01 8.763022e+00 0 45430
-1.880639e+14 2.381439e+13 -1.791764e+14 -6.696895e-01 2.110448e-01 -7.120226e-01 -2.997610e+01 0 1849988
-1.081659e+14 -1.412558e+14 -5.965538e+13 -6.184111e-01 -7.856525e-01 -1.783079e-02 1.815513e+01 0 6835766
-1.090636e+13 1.131545e+14 1.515157e+14 9.581589e-02 7.376051e-01 6.683996e-01 -2.206505e+01 0 2918747
1.106330e+14 -1.081353e+14 -7.292660e+13 8.861070e-01 -4.325947e-01 -1.663616e-01 -5.601984e+00 0 4919496
-7.589827e+13 8.175921e+13 -1.344935e+14 2.585137e-01 -3.976266e-02 -9.651889e-01 1.136384e+01 0 1030726
-1.472155e+14 2.328458e+13 -8.151285e+13 -9.947252e-01 6.549667e-02 7.894284e-02 -3.448056e+00 0 5
4.266087e+13 6.883813e+13 1.587261e+14 2.362437e-01 3.885051e-01 8.906473e-01 1.274707e+01 0 19588254
-9.835648e+13 -5.596289e+13 -1.340520e+14 -2.657416e-01 -4.666332e-01 -8.435845e-01 -8.472011e+00 0 3554061
-1.011894e+14 -1.307845e+14 -5.226178e+13 -9.947180e-01 2.734807e-02 -9.893490e-02 4.124558e+00 0 5669713
5.267293e+13 1.625164e+14 6.481469e+12 -3.225833e-01 6.069801e-01 -7.263024e-01 1.315685e+01 0 5663578
-7.953038e+13 -4.514910e+13 1.742262e+14 -6.225271e-01 -1.909015e-01 7.589576e-01 1.589587e+01 0 891952
4.761304e+13 -1.225093e+14 -1.084515e+14 7.658526e-01 -4.471659e-01 -4.620740e-01 7.294527e+00 0 692681
-1.236610e+14 -5.494438e+13 -1.218169e+14 -6.820964e-02 -5.027899e-01 -8.617133e-01 1.489169e+01 0 3313344
-1.370906e+14 2.373220e+13 -1.126767e+14 -1.288351e-01 -8.296996e-02 -9.881890e-01 1.655286e+01 0 1143804
-2.356751e+13 2.156404e+12 -1.698552e+14 -4.445997e-01 8.306278e-01 -3.352441e-01 1.578067e+01 0 8291297
9.068418e+13 1.233196e+14 7.415350e+13 4.841752e-01 6.863306e-01 -5.427014e-01 -9.397530e+00 0 3152154
6.287779e+13 1.491684e+14 6.301897e+13 8.698782e-01 4.379674e-01 -2.269283e-01 -1.365625e+01 0 12341448
-3.015305e+13 -4.480733e+13 -1.620329e+14 -1.913543e-01 -2.483082e-01 -9.495929e-01 -7.346918e+00 0 3069611
-1.665387e+14 5.473208e+13 -5.344454e+12 -6.763793e-01 1.892570e-01 -7.118235e-01 8.312026e+00 0 17499067
1.289764e+14 -4.970574e+13 1.972344e+14 7.213765e-01 -3.123209e-01 6.181194e-01 -2.173617e+01 0 3178455
-2.969925e+13 2.151992e+13 -1.656270e+14 3.574421e-01 -3.573879e-01 -8.628493e-01 -2.611300e+00 0 499006
-8.056624e+13 4.322667e+13 1.519834e+14 -3.957740e-01 2.616254e-01 8.802926e-01 1.532698e+01 0 3599595
8.773368e+12 -8.617364e+13 -1.484571e+14 2.799875e-01 -8.003156e-01 -5.301905e-01 -7.109691e+00 0 764005
-2.876873e+13 1.352046e+14 1.018681e+14 -3.071539e-01 8.512528e-01 4.254705e-01 8.737824e+00 0 22511
5.734786e+13 1.075744e+14 1.180564e+14 -2.551122e-01 9.002062e-01 -3.529114e-01 1.371639e+01 0 1640696
-1.481541e+14 7.776986e+13 -2.786489e+13 -9.682495e-01 5.725209e-02 -2.433416e-01 3.816475e-01 0 100536
-1.277829e+14 6.870021e+13 9.343629e+13 -8.315633e-01 5.020288e-02 5.531565e-01 1.245911e+01 0 5537404
-6.233905e+13 1.595269e+14 1.200447e+13 1.274478e-02 9.306524e-01 -3.656824e-01 -1.375871e+01 0 430755
-6.537599e+12 1.389151e+14 9.942941e+13 7.671581e-01 4.788723e-01 4.267902e-01 -7.014479e+00 0 5
1.279643e+14 6.060298e+13 -9.360884e+13 3.571580e-01 8.411239e-01 -4.061388e-01 1.326547e+01 0 5406971
-3.216367e+13 -1.667853e+14 1.848364e+13 -2.200336e-01 -9.319818e-01 2.880886e-01 6.669132e+00 0 4155427
-5.466641e+13 -1.196768e+14 -1.277152e+14 -7.991092e-01 -4.390872e-01 -4.106421e-01 1.197582e+01 0 2768785
1.020237e+12 -1.540515e+14 7.637226e+13 2.893733e-01 -9.419455e-01 -1.702988e-01 1.784142e+01 0 6393025
-7.548612e+12 2.168409e+13 -1.698570e+14 4.092660e-02 -2.408836e-01 -9.696907e-01 -2.144604e+01 0 20965617
1.397151e+14 -9.345941e+13 -5.130268e+13 7.600768e-01 -6.469637e-01 -6.100274e-02 -8.631324e+00 0 3300936
-7.037526e+13 -1.193746e+14 1.024849e+14 -9.342740e-02 -4.940026e-01 8.644262e-01 7.632822e+00 0 3272091
1.277884e+14 8.554321e+13 7.429236e+13 -1.108666e-01 9.807424e-01 1.607884e-01 5.366464e-01 0 620957
8.326938e+13 -2.245086e+13 -1.615005e+14 5.266044e-01 1.569486e-02 -8.499656e-01 -6.382832e+00 0 4375076
1.506497e+14 -6.374881e+13 5.321516e+13 7.113293e-01 -2.900127e-01 6.402369e-01 -1.152492e+01 0 13132503
7.213838e+13 3.674741e+13 -1.495840e+14 6.401774e-01 4.372721e-01 -6.316376e-01 9.433862e+00 0 1740866
-9.027215e+13 1.334075e+14 7.173876e+13 3.331267e-01 8.410440e-01 -4.262296e-01 -2.471675e+01 0 21154303
9.345650e+13 -8.037819e+13 -1.167338e+14 -5.144552e-01 -8.551687e-01 -6.342227e-02 7.352913e+00 0 17295066
-9.764943e+13 -1.204992e+14 -7.576603e+13 1.336048e-01 -8.113824e-01 -5.690416e-01 1.284305e+01 0 1532661
-1.003498e+14 1.387911e+14 -2.042514e+13 -2.417400e-01 8.178837e-01 5.221379e-01 -1.483223e+01 0 1410838
4.169341e+13 -1.289865e+14 1.137014e+14 -3.749646e-02 -4.829888e-03 9.992851e-01 1.433111e+01 0 3617921
-1.524980e+14 -9.608912e+13 8.262604e+12 -6.378871e-01 -7.065998e-01 -3.062952e-01 1.662688e+01 0 970142
-3.463730e+13 4.174735e+13 -1.650424e+14 4.391091e-01 2.252618e-01 -8.697358e-01 5.330481e+00 0 765620
7.267116e+12 -9.363349e+13 -1.476922e+14 -2.058493e-02 -7.190614e-01 -6.946416e-01 1.107509e+01 0 3613071
1.501828e+14 -2.419179e+13 7.722548e+13 9.502059e-01 -2.758611e-01 -1.449463e-01 1.264332e+00 0 17279033
1.633538e+14 5.406070e+13 1.312897e+13 9.918542e-01 -1.270671e-01 -8.897270e-03 6.648243e+00 0 22371383
-3.632436e+13 5.203323e+13 1.636120e+14 -5.694742e-01 4.382938e-01 6.954119e-01 5.317994e+00 0 4235685
-3.538412e+13 1.668560e+14 3.117724e+13 -5.145987e-01 7.242629e-01 4.589461e-01 -6.611562e+00 0 15793391
9.145874e+13 -1.444975e+14 -5.698700e+13 2.970889e-01 -8.508559e-01 -4.333387e-01 7.659744e+00 0 5468901
1.689359e+14 -2.652708e+13 2.736769e+13 9.578244e-01 2.628456e-01 -1.161232e-01 -6.820962e+00 0 690031
1.422840e+13 -2.015251e+14 -3.191536e+13 -5.578194e-02 -9.414771e-01 -3.324294e-01 1.408094e+01 0 3702731
8.775995e+13 -2.275869e+13 1.438316e+14 -3.515568e-01 -1.761580e-01 9.194434e-01 1.271244e+01 0 2583642
-1.482717e+14 -8.978662e+13 2.433031e+13 -8.826778e-01 -3.804690e-01 2.759042e-01 -8.459631e+00 0 431064
-2.330992e+13 1.451270e+14 9.180727e+13 -7.576925e-01 2.612477e-01 5.980399e-01 -8.579974e+00 0 464563
3.616430e+13 -1.501914e+14 -7.088837e+13 -7.055341e-01 -7.051953e-01 -7.015153e-02 9.689755e+00 0 19434697
-2.183174e+13 -1.695072e+14 5.257105e+11 5.080737e-01 -4.641527e-01 -7.255504e-01 -1.213860e+00 0 4002335
3.488110e+12 -1.011122e+14 1.365390e+14 -1.574692e-01 -9.664084e-01 2.031212e-01 5.934644e+00 0 1344684
-1.498898e+14 -7.322926e+13 3.270882e+13 -3.953461e-01 -2.027257e-01 -8.958816e-01 -8.135680e+00 0 10328661
-6.534261e+13 1.168666e+14 -1.049709e+14 3.702219e-01 8.252908e-01 4.264163e-01 -9.141163e+00 0 1421298
-5.718734e+13 8.047151e+13 -1.384392e+14 1.329302e-02 9.742560e-01 2.250523e-01 -1.255495e+01 0 7800216
3.753562e+13 -1.571266e+14 5.853432e+13 3.698042e-01 -4.608457e-01 8.067627e-01 6.067049e+00 0 3278356
2.908497e+13 1.158717e+14 1.251245e+14 -4.742596e-01 6.020017e-01 6.423954e-01 1.290656e+01 0 3385077
6.641292e+13 -3.243308e+13 -1.573649e+14 -4.569389e-01 3.727410e-03 -8.894903e-01 -1.266475e+01 0 8234563
-2.517712e+12 -2.237271e+13 -1.718667e+14 8.270331e-01 2.540511e-02 -5.615789e-01 -7.542346e+00 0 265162
5.928126e+12 -3.938165e+13 -1.855134e+14 7.757918e-02 -6.579459e-01 -7.490585e-01 1.652871e+01 0 20247102
-4.572913e+13 -1.490263e+14 7.059385e+13 -5.712749e-01 -6.051109e-01 5.545141e-01 9.064627e+00 0 21467768
-3.807942e+13 -1.650928e+14 -2.780675e+13 -4.908430e-01 -6.301529e-01 -6.016481e-01 9.273047e+00 0 2593050
-6.929825e+13 1.587802e+14 -3.142871e+13 2.786597e-01 6.724493e-01 -6.856827e-01 1.367932e+01 0 12813490
5.812690e+13 1.026831e+14 1.315833e+14 7.266861e-01 3.782675e-01 5.734466e-01 1.844070e+01 0 46
-1.058956e+14 -1.151068e+14 6.774716e+13 -5.781981e-01 -1.171843e-01 -8.074372e-01 1.643417e+01 0 4189748
-1.073086e+14 1.234234e+14 5.219116e+13 -5.492830e-01 4.236420e-01 7.202886e-01 -7.617163e+00 0 17530238
1.224594e+14 1.157887e+14 4.093938e+13 8.732869e-01 4.109004e-01 2.617841e-01 4.027548e+00 0 1
6.764590e+13 2.163762e+13 -1.540236e+14 -6.211197e-01 -6.363503e-02 -7.811280e-01 -1.450208e+01 0 11964343
-1.448299e+14 1.108693e+14 2.154555e+13 -9.418236e-01 2.417340e-01 2.335229e-01 1.890023e+01 0 231433
9.020191e+13 1.431067e+14 2.417142e+13 1.085471e-01 9.531640e-01 2.823046e-01 1.418120e+01 0 477806
6.504882e+12 -5.249472e+13 -1.650187e+14 -1.943273e-01 -4.782455e-01 -8.564568e-01 1.063193e+01 0 1517511
1.020870e+14 1.138365e+14 -1.076108e+14 7.638605e-01 5.550304e-01 -3.293304e-01 1.255840e+01 0 7612377
1.534550e+14 4.435817e+13 -5.959714e+13 8.049828e-01 5.010672e-02 -5.911785e-01 -7.965222e+00 0 1146529
5.036029e+13 -1.338716e+14 -9.157330e+13 2.372566e-01 -8.943894e-01 3.791792e-01 -4.189971e+00 0 142053
-1.070009e+14 -1.061607e+14 1.145721e+14 -5.769098e-01 -8.139252e-01 -6.856269e-02 1.389321e+01 0 1016753
-5.662885e+13 1.652271e+14 -9.334382e+11 -8.885568e-02 9.287635e-01 3.598653e-01 1.612760e+01 0 6951944
-1.184343e+14 7.405645e+13 9.633095e+13 -2.444451e-01 -5.012441e-01 8.300608e-01 -4.584744e+00 0 11904773
-1.367788e+14 2.452623e+13 9.747343e+13 -4.803103e-01 5.910254e-01 6.480671e-01 -2.018823e-01 0 5212
-1.461147e+14 -9.395817e+13 3.001418e+13 -7.944538e-01 7.134083e-02 -6.031199e-01 -1.453394e+01 0 1720554
1.688902e+14 4.407788e+12 -2.398610e+13 3.110410e-01 -7.423099e-03 -9.503675e-01 4.934842e+00 0 45426
9.274113e+13 1.179345e+14 1.060523e+14 3.575447e-01 8.630744e-01 3.567413e-01 2.647901e+01 0 856361
1.143406e+14 -1.211854e+14 -5.709175e+13 9.619826e-01 -2.670229e-01 5.734303e-02 1.630206e+01 0 1179033
1.747624e+14 8.525443e+12 -4.071442e+13 6.608861e-01 7.334005e-01 -1.592270e-01 1.860511e+01 0 122816
-3.297272e+13 1.746809e+14 -2.999734e+13 -9.101999e-01 3.831475e-01 -1.572713e-01 -1.014725e+01 0 1360119
3.178534e+13 1.643741e+14 2.786860e+13 -5.539414e-01 3.202177e-01 7.685112e-01 1.391231e+01 0 738638
1.503136e+14 7.674940e+13 2.794502e+13 7.626144e-01 6.468346e-01 -4.932712e-03 1.736075e+01 0 974119
1.349991e+12 1.759579e+14 6.857165e+12 5.656722e-02 9.758215e-01 -2.111220e-01 -7.558668e+00 0 6
8.912849e+13 6.666734e+13 1.617935e+14 7.559658e-01 5.091036e-01 4.114962e-01 -1.619832e+01 0 3712266
-1.676436e+14 -2.500082e+13 2.467773e+13 -4.991840e-01 -8.275746e-01 2.567791e-01 -2.587453e+00 0 9524553
-5.311548e+13 -1.641730e+14 6.453480e+12 -5.190529e-01 -6.529080e-01 5.516297e-01 1.709801e+00 0 2547460
-1.077159e+14 -8.882427e+13 1.073529e+14 -7.232365e-01 -5.915226e-01 3.564127e-01 -1.162127e+01 0 11128585
5.184502e+13 3.767689e+13 -1.596551e+14 1.775422e-01 2.543860e-01 -9.506664e-01 5.130022e+00 0 438867
-2.791964e+13 -2.577315e+13 1.681589e+14 -4.988247e-01 1.068958e-01 8.600856e-01 -7.729218e+00 0 1187023
-5.430708e+13 -5.688907e+13 -1.518202e+14 -7.659339e-01 4.857816e-01 -4.211430e-01 1.244098e+01 0 2061007
1.598511e+14 -3.022007e+13 5.103523e+13 3.428597e-01 -9.044398e-01 -2.538423e-01 -4.914730e-01 0 793210
-1.095889e+14 -6.638993e+13 1.112283e+14 6.669202e-02 -8.485955e-01 5.248217e-01 -3.272396e+00 0 4091997
1.434177e+14 -1.204232e+14 -1.722725e+13 8.618861e-01 -4.614497e-01 -2.102771e-01 2.404764e+01 0 3573825
-3.878175e+13 7.160019e+13 -1.582779e+14 -1.547079e-01 -6.773683e-01 -7.191923e-01 -1.524676e+01 0 5765043
5.752875e+13 5.390456e+13 -1.552080e+14 9.019605e-01 3.689010e-01 -2.244536e-01 -1.676665e+01 0 8725499
-1.164350e+14 -1.022540e+14 -7.653499e+13 -2.523817e-01 6.772793e-02 -9.652546e-01 6.784805e+00 0 45982
7.845970e+13 1.097441e+14 1.028570e+14 8.110229e-01 3.917541e-01 4.344773e-01 -7.291757e+00 0 3826385
-3.048925e+13 -1.494305e+14 -9.197468e+13 -2.609715e-02 -8.490030e-01 -5.277432e-01 1.730368e+01 0 2076399
9.233586e+13 -6.087751e+13 -1.479891e+14 -1.027595e-01 4.127290e-01 -9.050388e-01 1.847310e+01 0 3959174
1.521083e+14 -4.836309e+13 -5.897722e+13 9.590072e-01 4.122969e-02 2.803662e-01 -3.410887e+00 0 759569
7.960484e+13 -1.634298e+14 6.542527e+12 4.440792e-01 -8.451653e-01 -2.974715e-01 1.702075e+01 0 11009729
-3.575655e+13 3.035594e+13 1.663817e+14 -7.899246e-01 5.854391e-01 1.824286e-01 1.084853e+01 0 7639802
-1.057455e+14 -8.149469e+13 -1.064372e+14 -7.499145e-01 -5.471845e-01 -3.717759e-01 1.191553e+01 0 1002589
6.695886e+13 1.531927e+14 7.857575e+13 2.735374e-01 4.307608e-01 8.600130e-01 -1.821189e+01 0 21357611
1.704485e+14 6.377205e+12 -2.882211e+13 7.560335e-01 4.789147e-01 -4.461546e-01 -7.216516e+00 0 1215288
-5.417464e+13 -1.449800e+14 -7.930767e+13 -6.381357e-01 -5.929787e-01 4.910795e-01 3.524839e+00 0 1909935
-5.676794e+13 -1.419778e+14 7.776227e+13 -2.405293e-01 -9.524620e-01 1.869806e-01 5.774811e+00 0 5823787
4.470759e+13 8.550604e+13 1.479698e+14 3.213076e-01 2.838672e-01 9.034273e-01 -1.348285e+01 0 153251
-1.509095e+14 -1.339061e+14 5.880981e+13 -8.231550e-01 -3.104204e-01 4.754523e-01 1.581347e+01 0 12557524
-1.119959e+13 -1.240860e+14 1.151714e+14 7.627696e-01 -6.459469e-01 3.058001e-02 -3.073639e+00 0 3244420
5.221604e+13 -1.140318e+14 -1.173056e+14 5.738279e-01 2.857755e-01 -7.674985e-01 -2.723440e+00 0 330418
7.447512e+13 -1.072257e+14 1.171970e+14 1.997219e-02 -1.766527e-01 9.840706e-01 -1.040235e+01 0 6671826
-1.335371e+14 2.873201e+13 -1.034113e+14 -4.413180e-01 -5.301000e-02 -8.957837e-01 -6.217496e+00 0 663898
6.179159e+13 -4.799683e+13 1.514244e+14 5.919983e-01 4.232655e-01 6.858457e-01 2.071141e+01 0 1260895
-1.906065e+13 -9.805264e+13 -1.386720e+14 -7.289142e-01 3.455519e-02 -6.837324e-01 4.111237e+00 0 25308721
7.704042e+13 -1.561095e+14 4.507636e+12 -3.852216e-01 -9.054106e-01 -1.784266e-01 8.680307e+00 0 13091807
-1.040631e+14 -1.180396e+14 6.772074e+13 -2.971360e-01 -9.462815e-01 1.275206e-01 -2.235998e+00 0 3780511
1.519199e+14 9.580061e+13 1.271093e+14 6.469967e-01 3.569684e-01 6.737721e-01 -1.425477e+01 0 2811026
-9.666049e+13 -7.347831e+13 -1.186410e+14 -7.113264e-01 2.210747e-01 -6.671887e-01 3.227113e+00 0 2983926
9.839071e+13 1.405101e+14 -2.817383e+13 2.878601e-01 8.840723e-01 3.681749e-01 1.348515e+01 0 2850329
5.838633e+13 8.295858e+13 -1.444646e+14 -4.837974e-01 8.371181e-01 -2.552908e-01 -1.056205e+01 0 1812143
-3.499406e+13 -7.940023e+13 1.467515e+14 8.328139e-02 4.506044e-01 8.888306e-01 -8.847625e+00 0 1432052
1.000872e+14 1.291975e+14 5.375379e+13 3.759880e-01 9.098658e-01 1.754343e-01 -1.212834e+01 0 1880546
3.156882e+13 -1.221421e+14 -1.139980e+14 -7.006285e-02 -9.725015e-01 2.221082e-01 -9.547023e+00 0 6866405
1.318057e+14 9.319770e+13 5.499623e+13 1.487414e-01 8.321120e-01 5.342897e-01 -1.968054e+00 0 1
-1.114659e+14 1.134295e+14 -6.012511e+13 -6.712558e-01 -2.432672e-01 -7.001691e-01 1.521218e+01 0 2959879
1.326078e+14 1.727429e+13 -1.055713e+14 -4.273053e-01 -2.109470e-01 -8.791539e-01 8.012349e+00 0 964909
-1.483018e+14 -8.653648e+13 8.349516e+12 -9.425146e-01 -1.739950e-01 2.852926e-01 -9.041852e+00 0 53539
-7.072976e+12 1.582423e+14 9.769211e+13 5.457736e-02 8.944151e-01 4.438952e-01 -1.747523e+01 0 983529
1.223963e+14 4.289055e+13 -1.114477e+14 2.400583e-01 6.826847e-01 -6.901547e-01 1.430183e+01 0 6687599
-1.377849e+14 -1.010929e+14 -5.560488e+13 -5.273677e-01 -3.878090e-01 -7.559679e-01 -1.769195e+01 0 3047222
-6.848632e+13 1.573666e+14 5.202432e+12 -5.381645e-01 3.526630e-01 7.655114e-01 1.412416e+01 0 173795
1.540386e+14 -2.776184e+12 7.152776e+13 4.639757e-01 -1.753361e-01 8.683224e-01 -4.808613e+00 0 9671586
-5.433265e+13 7.683317e+13 -1.495046e+14 -1.057425e-01 8.176908e-01 -5.658624e-01 -1.330485e+01 0 3295533
1.452990e+14 -4.728791e+13 8.077816e+13 9.395832e-01 2.468419e-01 -2.371761e-01 -6.482922e+00 0 2759671
1.733030e+13 -1.511665e+14 7.807883e+13 -1.614246e-02 -7.301373e-01 6.831097e-01 1.835133e+01 0 15660147
-1.062441e+14 1.335857e+14 -3.154418e+12 -4.281798e-01 7.874394e-01 4.433973e-01 5.571519e+00 0 1
1.629193e+14 6.343640e+13 -1.971663e+12 6.720772e-01 6.868609e-01 -2.766484e-01 1.595756e+01 0 5584335
1.323573e+14 8.953422e+13 -5.883210e+13 4.052441e-01 8.171635e-01 -4.099036e-01 -3.547617e+00 0 1134040
-5.616194e+13 -8.214961e+13 -1.375605e+14 2.982277e-01 -7.043059e-01 -6.442154e-01 7.165994e+00 0 5270041
-1.455221e+13 -9.427444e+13 -1.470556e+14 -9.213612e-02 -6.031112e-01 -7.923180e-01 1.429905e+01 0 1835211
9.305690e+13 1.617638e+14 -1.555955e+13 7.246915e-01 6.890346e-01 7.322908e-03 -2.210729e+01 0 6078152
1.003184e+14 1.213661e+14 -7.231167e+13 4.366037e-01 8.355703e-01 3.334658e-01 1.686328e+01 0 9856679
-2.207401e+13 -1.707516e+14 8.385654e+12 -3.803817e-01 -2.276064e-01 -8.963845e-01 1.090288e+01 0 90
-1.380769e+14 -9.849211e+13 1.099788e+13 -7.170235e-01 -6.830522e-01 -1.389858e-01 6.519355e+00 0 8814280
-8.421087e+13 5.789161e+13 -1.381516e+14 -3.143909e-01 7.952418e-01 -5.184099e-01 2.697019e+00 0 883789
-1.128042e+14 1.314914e+14 -1.116137e+13 2.147895e-01 7.818930e-01 5.852425e-01 -1.842547e+01 0 318512
3.093986e+13 8.374236e+13 1.695391e+14 -1.871814e-01 -2.230252e-01 9.566728e-01 1.602374e+01 0 3075710
-5.337443e+13 6.895382e+13 -1.463561e+14 -2.472085e-01 7.174649e-01 -6.512542e-01 -5.081040e+00 0 3210179
-1.133004e+14 -7.475603e+13 1.273107e+14 -4.408156e-01 4.634599e-01 7.686915e-01 1.470014e+01 0 6603442
1.447973e+13 3.365578e+13 -1.662180e+14 1.672846e-02 2.115039e-01 -9.772340e-01 4.365688e+00 0 492885
1.214398e+12 1.736454e+14 -2.897264e+12 1.455617e-01 8.132699e-01 -5.633861e-01 -1.220814e+01 0 2174595
-3.098412e+13 -1.668439e+14 6.166274e+12 1.160546e-02 -9.312846e-01 3.641075e-01 6.373193e+00 0 494021
-7.164301e+13 1.170845e+14 1.100626e+14 1.868364e-01 7.531099e-01 6.308072e-01 8.107541e+00 0 10390220
1.171192e+13 -1.402568e+14 9.648271e+13 4.114190e-01 -6.209951e-01 6.671578e-01 -4.859113e+00 0 526763
-1.078689e+14 -3.964727e+13 -1.261391e+14 -2.971237e-01 3.503577e-01 -8.882381e-01 1.253705e+01 0 5488663
-8.945300e+12 1.497457e+12 1.727962e+14 5.706524e-01 4.634959e-01 6.778845e-01 -1.867955e+01 0 10343771
-8.824337e+13 -1.187083e+14 8.593538e+13 -7.859393e-01 -2.874842e-01 -5.474049e-01 -1.510220e+01 0 3122365
-1.120304e+14 1.202734e+14 -4.778710e+13 -5.164415e-01 7.909824e-01 -3.280777e-01 6.292494e+00 0 102090
-1.124234e+14 -5.777657e+12 1.321057e+14 -4.473545e-01 8.892999e-01 9.497156e-02 5.246334e+00 0 2354725
8.892648e+13 1.165409e+14 8.641157e+13 -2.106110e-01 9.567614e-01 -2.006257e-01 1.029513e+01 0 9446234
-1.087282e+14 -2.337309e+13 -1.302494e+14 -2.989276e-01 -4.071319e-02 -9.534069e-01 -1.028288e+01 0 3520924
-1.091520e+14 -5.462853e+13 -1.194765e+14 -5.400982e-02 3.780923e-01 -9.241911e-01 -7.472408e+00 0 2
8.215975e+13 7.182663e+13 -1.351770e+14 8.360616e-01 4.486022e-01 -3.158433e-01 -7.348684e+00 0 58512
2.892475e+13 1.413599e+14 9.318029e+13 -1.933197e-01 9.609869e-01 1.978173e-01 -2.025641e+01 0 1587827
-9.137070e+13 -1.444850e+14 3.787039e+13 2.289644e-01 -9.248153e-01 3.037961e-01 1.181152e+01 0 2174501
1.555534e+14 5.060490e+13 -1.024917e+14 4.471370e-01 4.199357e-01 -7.897610e-01 -1.286740e+01 0 94911
6.280232e+13 8.406389e+13 -1.333028e+14 5.218539e-02 9.847440e-01 1.660001e-01 -3.849683e+00 0 11757491
-9.387752e+13 -1.657795e+14 7.248508e+12 2.710459e-01 -9.622669e-01 2.401232e-02 -1.657730e+01 0 2419793
2.532442e+13 -1.991703e+14 1.313774e+13 6.814980e-02 -9.921878e-01 -1.044941e-01 -1.807313e+01 0 6675707
-1.545010e+14 7.098338e+13 -1.154621e+13 -8.529012e-01 3.683793e-01 -3.699408e-01 8.765406e+00 0 20429913
6.986190e+13 -1.882875e+13 1.566661e+14 -2.702526e-01 -2.779442e-01 9.217974e-01 6.860548e+00 0 4833096
4.529178e+12 1.536764e+14 1.137188e+14 -5.813693e-01 4.210439e-01 6.962268e-01 1.790974e+01 0 290444
-1.673162e+14 -2.310062e+13 1.844134e+13 -4.254523e-01 8.784167e-01 2.176568e-01 -1.491775e+01 0 13
2.921961e+12 1.248360e+13 -1.692032e+14 6.570455e-01 -3.213868e-01 -6.819104e-01 -1.176305e+01 0 5121158
-1.677185e+14 -4.051404e+13 4.654503e+12 -1.854516e-01 -6.288295e-01 -7.551034e-01 -6.258898e+00 0 3021030
8.777423e+13 1.034039e+14 -1.157292e+14 4.648896e-01 3.219118e-01 -8.247730e-01 -1.540016e+01 0 463642
-7.218002e+12 1.214082e+14 1.182227e+14 4.744111e-01 7.346595e-01 4.849841e-01 3.690462e+00 0 10118266
-6.667716e+13 -1.484167e+14 -4.946075e+13 -5.927544e-01 -5.776305e-01 5.612355e-01 1.423901e+01 0 515729
1.448905e+14 1.100205e+14 2.069081e+13 8.646849e-01 1.745771e-01 4.710019e-01 -2.259882e+01 0 5710451
-1.238733e+14 -5.124559e+13 1.062582e+14 -6.376253e-02 -7.520607e-01 6.560023e-01 -7.083527e+00 0 11767412
-1.225244e+14 1.449101e+13 1.213154e+14 -6.060695e-01 7.647260e-01 2.188011e-01 7.888861e+00 0 767563
-1.513954e+14 2.648527e+13 -1.185315e+14 -2.199666e-01 6.011333e-01 -7.682795e-01 1.213552e+01 0 10356949
3.523181e+13 -7.597333e+13 -1.500732e+14 -6.365578e-02 -2.442008e-01 -9.676332e-01 8.796065e+00 0 1931280
1.323919e+14 1.632806e+13 1.055308e+14 7.381629e-01 6.501874e-01 1.799222e-01 1.026436e+01 0 1661619
-1.393880e+14 -2.716191e+13 1.012968e+14 -9.057929e-01 -3.124498e-01 -2.862068e-01 1.684781e+01 0 2190055
-9.568458e+13 7.508373e+13 -1.265406e+14 -8.660613e-01 4.355095e-01 -2.454979e-01 1.649013e+01 0 3383276
-1.152158e+14 -1.244914e+14 4.968194e+12 -7.829636e-01 3.170028e-01 -5.352356e-01 -1.434038e+01 0 18
-1.527855e+14 -6.420406e+13 6.949287e+13 -8.104292e-01 -5.307159e-01 2.480829e-01 -1.622578e+01 0 5327668
-1.705761e+14 -2.569708e+13 4.293367e+13 -7.392396e-01 -4.572307e-01 4.944339e-01 -1.384891e+01 0 4985665
5.200962e+12 4.050167e+13 -1.652293e+14 3.397992e-01 4.701279e-01 -8.145651e-01 4.473128e+00 0 10043578
4.313407e+13 -1.579445e+14 -4.439735e+13 5.886035e-01 -3.126435e-01 -7.455199e-01 -6.069714e+00 0 221838
-1.078196e+14 -6.716667e+12 -1.387580e+14 -1.217975e-01 8.572281e-01 -5.003253e-01 -1.605496e+01 0 2955231
-1.097278e+14 2.882491e+13 1.368878e+14 -8.094903e-01 4.243712e-01 4.057519e-01 8.885661e+00 0 317608
7.681575e+12 -1.160626e+14 -1.294669e+14 -1.729790e-01 -6.857062e-01 -7.070256e-01 -1.177054e+01 0 1890603
-6.283182e+12 8.076487e+13 1.513764e+14 4.717619e-01 4.828827e-01 7.377432e-01 1.232463e+01 0 7839655
-6.331551e+13 -5.228590e+13 1.514308e+14 -1.024347e-02 7.725790e-01 6.348360e-01 8.803102e+00 0 871560
1.518047e+13 1.300493e+13 1.686702e+14 -5.600203e-01 -6.412454e-02 8.259935e-01 7.115289e+00 0 4238269
-1.625787e+14 -3.977729e+13 8.438120e+13 -9.036203e-01 4.283336e-01 -7.829611e-04 1.132693e+01 0 1668852
1.316500e+14 -4.569940e+13 -9.770563e+13 7.836238e-01 -5.090359e-01 3.561126e-01 2.756792e+00 0 764144
1.697353e+14 -9.566796e+13 2.153433e+13 8.743818e-01 -4.626928e-01 1.461912e-01 1.975498e+01 0 1507704
1.283992e+14 -7.204767e+13 -8.502492e+13 -1.704934e-01 1.987389e-01 -9.651087e-01 -1.021459e+00 0 744024
1.570254e+14 1.059641e+13 6.689990e+13 6.662490e-01 4.999265e-01 5.533405e-01 -4.238454e-01 0 1490028
6.801466e+13 5.287025e+13 1.464956e+14 -4.184298e-01 3.838437e-01 8.231528e-01 -1.063048e+01 0 12845797
-9.887400e+13 -1.344122e+14 3.230584e+13 -5.815903e-01 -7.982472e-01 1.566976e-01 9.840996e+00 0 307127
-8.897660e+13 -5.781056e+13 -1.348922e+14 -1.200706e-02 -1.978574e-01 -9.801573e-01 5.178114e+00 0 4104449
-6.242159e+13 -1.324429e+14 -9.051960e+13 -5.766431e-01 -7.467225e-01 -3.314939e-01 -1.411430e+01 0 339640
1.123533e+12 8.211208e+13 -1.484822e+14 2.786342e-02 9.677841e-01 2.502350e-01 1.019262e+01 0 4830689
-1.389067e+13 -9.245541e+13 1.678121e+14 2.814860e-01 -2.601871e-01 9.236170e-01 -1.261102e+01 0 8764582
-4.753131e+13 3.823047e+13 -1.664687e+14 -2.977417e-01 -8.338340e-01 -4.648342e-01 1.998569e+01 0 9709048
-1.725416e+12 1.655319e+14 4.413337e+13 7.307618e-01 6.454096e-01 -2.223368e-01 4.115356e-01 0 17177606
-1.313617e+14 2.726607e+13 -1.084248e+14 -8.612019e-01 -4.619659e-01 2.119403e-01 1.287292e+01 0 6206836
-1.623616e+14 4.275980e+13 5.205991e+13 -9.925570e-01 1.052039e-01 6.134062e-02 -6.211592e+00 0 1403974
8.578179e+12 -2.410885e+13 -1.691801e+14 5.216411e-01 -4.440242e-01 -7.285143e-01 -6.769005e+00 0 6672519
7.337121e+13 -8.749110e+13 1.331897e+14 -2.280470e-01 -7.177036e-01 6.579484e-01 -1.199285e+01 0 11828893
4.065706e+13 9.138389e+13 -1.627072e+14 5.510943e-02 6.284429e-01 -7.759011e-01 -1.442336e+01 0 6896301
1.366448e+14 7.715163e+13 6.528703e+13 2.915192e-01 8.885647e-01 3.542165e-01 1.245482e+01 0 7062753
-2.831203e+13 -1.618744e+14 -4.349041e+13 -4.785688e-01 -5.828007e-01 -6.567460e-01 -1.233625e+01 0 1157245
-1.468460e+14 -2.951995e+13 8.649627e+13 -6.559869e-01 -7.051407e-01 2.691797e-01 1.731210e+01 0 2696049
3.358501e+13 8.325783e+13 1.601575e+14 4.724426e-01 -2.693425e-01 8.391976e-01 7.486619e+00 0 572040
1.162596e+14 -8.995653e+12 1.245036e+14 8.352464e-01 4.282210e-01 3.449495e-01 1.769935e+01 0 7145253
8.692726e+13 1.446044e+14 -1.735611e+13 -8.181682e-02 9.905932e-01 1.096862e-01 9.173190e+00 0 2
2.161273e+13 -1.522826e+14 7.362055e+13 7.639144e-01 -5.633417e-01 3.147712e-01 1.402252e+01 0 5640912
-1.178917e+14 -4.387261e+13 1.378622e+14 -4.914604e-01 1.208208e-02 8.708161e-01 1.925966e+01 0 7009264
-1.789480e+13 1.455139e+14 8.712552e+13 9.010403e-01 4.006340e-01 1.661890e-01 3.376617e-01 0 3188250
-1.134439e+13 9.732318e+13 1.510031e+14 -5.871182e-01 1.358778e-01 7.980159e-01 -2.109244e+01 0 1932484
8.416506e+13 1.454551e+14 2.749684e+13 -2.471356e-01 9.510756e-01 1.854162e-01 -1.987593e+00 0 829335
6.295513e+13 1.577652e+14 1.623459e+13 7.831350e-01 5.845840e-01 -2.120403e-01 -7.729187e+00 0 7942229
-8.929788e+12 -1.029908e+13 -1.705656e+14 -3.319305e-01 4.828897e-01 -8.103331e-01 -1.998904e+01 0 197232
1.963054e+12 5.776340e+13 -1.654095e+14 -9.506625e-02 9.881662e-01 -1.203743e-01 1.248256e+01 0 1945867
1.243449e+14 4.699580e+13 -1.111625e+14 7.630114e-01 4.599276e-01 -4.541808e-01 -6.427946e+00 0 1038787
2.430209e+13 6.390976e+13 -1.552579e+14 -1.753663e-01 -7.198886e-01 -6.715706e-01 -4.118970e+00 0 1214963
1.451405e+14 -9.043295e+13 9.817739e+12 5.075250e-01 -6.146372e-01 -6.038539e-01 -1.243806e+01 0 306685
-1.223012e+14 -7.205872e+13 1.147370e+14 -7.297559e-01 5.222092e-02 6.817105e-01 6.647837e+00 0 1410724
-1.416472e+14 1.016005e+14 -4.586203e+13 -2.422211e-01 7.176459e-01 -6.529267e-01 -1.421984e+01 0 5546133
2.177481e+14 9.978975e+13 3.861694e+13 8.995607e-01 8.296313e-03 4.367170e-01 -2.031313e+01 0 865772
6.986994e+13 -1.794686e+13 -1.587362e+14 4.778057e-02 -5.796885e-01 -8.134361e-01 -1.284485e+01 0 4044730
1.308116e+14 8.527176e+13 7.643526e+13 8.839160e-01 -4.573328e-01 -9.766885e-02 -1.727990e+01 0 8760477
-1.306643e+14 -1.256052e+14 6.495534e+13 -5.954376e-02 -6.544918e-01 7.537208e-01 -1.213495e+01 0 1866266
1.448895e+14 -1.901083e+13 9.477010e+13 9.962054e-01 2.599114e-02 -8.306201e-02 8.103660e+00 0 9010863
-6.063945e+13 1.492200e+14 -5.782967e+13 3.708325e-01 7.370736e-01 -5.649830e-01 -2.989167e+01 0 4105787
-6.624987e+13 -5.476441e+12 1.918408e+14 5.000922e-02 4.397965e-02 9.977800e-01 -1.499139e+01 0 349337
4.758170e+13 -7.206294e+13 -1.497819e+14 6.079873e-01 -7.938363e-01 -1.324323e-02 7.661335e+00 0 3834709
8.496510e+13 -7.727292e+13 1.297421e+14 7.835863e-01 7.125490e-02 6.171833e-01 -1.408169e+01 0 506824
-5.748072e+13 1.604223e+14 -2.018597e+12 2.966411e-01 9.549659e-01 6.642601e-03 -1.111903e+01 0 3547389
1.594019e+14 3.090812e+13 4.977523e+13 -4.271868e-02 8.315341e-01 5.538286e-01 1.299256e+01 0 1388340
-1.018208e+14 1.356123e+14 1.433892e+13 4.081801e-01 7.969661e-01 4.452349e-01 -2.393472e+01 0 65012
-4.386821e+13 1.621186e+13 1.632394e+14 3.133217e-01 9.135720e-01 2.592600e-01 -7.640222e+00 0 5056088
-1.145586e+14 -7.035462e+13 1.099142e+14 -8.498828e-01 1.907279e-01 4.912455e-01 3.754842e+00 0 3530202
-1.288457e+14 -8.251159e+12 1.110189e+14 -6.690318e-01 -7.422084e-02 7.395186e-01 1.611250e+01 0 2004314
-7.800620e+13 -2.569811e+13 1.522620e+14 -1.742615e-01 -4.213988e-01 8.899753e-01 1.247757e+01 0 305669
1.207537e+14 3.233106e+13 -1.162709e+14 5.939573e-01 2.525771e-01 -7.638191e-01 1.043299e+01 0 243647
-4.819470e+13 1.675620e+14 8.696094e+12 -9.574823e-01 2.866475e-01 3.257122e-02 1.864280e+01 0 416904
-1.710852e+14 2.080263e+13 6.696730e+13 -8.756926e-01 -1.680597e-01 4.526791e-01 1.780932e+01 0 20182876
4.439140e+13 -9.601524e+13 -1.340714e+14 8.344239e-01 -5.344841e-01 1.344001e-01 8.053498e+00 0 13208001
-6.346724e+12 -1.987117e+14 -1.330313e+13 1.680457e-01 -6.987724e-01 6.953256e-01 -1.369383e+01 0 6340155
-6.483119e+13 -1.334447e+14 8.248354e+13 -9.063696e-01 -4.210954e-01 3.424756e-02 4.525367e+00 0 1179068
-1.226405e+14 5.158770e+13 -1.055403e+14 -1.440807e-01 -6.485003e-01 -7.474544e-01 -2.026530e+00 0 245285
-1.242159e+14 -7.386614e+13 9.339740e+13 -8.855088e-01 2.247450e-01 4.066496e-01 6.335492e-01 0 969616
4.069061e+13 -2.454583e+13 -1.794188e+14 -1.806275e-01 6.312072e-01 -7.542885e-01 1.297263e+01 0 2398670
-1.691970e+14 6.067699e+13 -4.271567e+13 -9.923418e-01 1.095814e-01 5.700566e-02 1.403524e+01 0 6820082
1.870518e+13 -1.712540e+14 -4.028573e+13 -2.793262e-01 -7.063699e-01 6.503987e-01 5.980911e+00 0 458114
6.794572e+13 -1.425413e+13 -1.566748e+14 4.183792e-01 -9.006370e-01 -1.175236e-01 1.641586e+01 0 1387939
6.215369e+13 1.568281e+14 -2.970371e+13 9.343498e-01 1.974744e-01 -2.966383e-01 2.057006e+00 0 15857317
1.611097e+14 -3.299963e+13 -4.181023e+13 5.326757e-01 -7.651183e-01 3.617328e-01 1.252857e-01 0 646516
-1.528041e+14 5.319102e+12 -7.648450e+13 -2.645131e-01 -4.140346e-01 -8.709811e-01 1.193467e+01 0 15658131
-6.448434e+13 -1.972179e+14 4.592599e+13 -3.062161e-01 -7.748939e-01 5.529657e-01 -1.856888e+01 0 2259189
1.549306e+14 -7.269986e+13 1.397542e+13 8.797233e-01 -2.838164e-01 -3.814908e-01 8.132762e+00 0 10118813
5.673067e+13 -9.516983e+13 1.285840e+14 1.985175e-01 -2.168359e-01 9.558101e-01 -7.450019e+00 0 115175
-1.281904e+14 -2.139814e+13 1.298571e+14 -8.726699e-01 -9.198874e-02 4.795679e-01 1.191687e+01 0 6044573
-4.741193e+13 1.362999e+14 8.986696e+13 -6.651856e-01 7.384720e-01 1.103958e-01 7.197717e+00 0 381281
-3.679878e+12 1.437992e+14 -1.012993e+14 -2.755334e-01 6.538034e-01 -7.047144e-01 1.086172e+01 0 1614878
-1.315916e+14 1.240889e+14 -1.560703e+13 -4.617588e-01 8.701946e-01 1.718727e-01 4.231491e+00 0 5740992
2.982671e+13 -1.637943e+14 3.494565e+13 3.725282e-01 -5.651011e-01 7.361273e-01 9.257614e-01 0 1393613
1.389966e+14 2.545333e+12 -1.005204e+14 6.254902e-01 -7.451958e-01 -2.311820e-01 4.750475e+00 0 2737424
1.503239e+14 7.913405e+13 5.858780e+13 8.776734e-01 4.396173e-01 -1.908561e-01 1.574393e+01 0 27724264
-1.222614e+14 9.389835e+13 -8.152842e+13 2.037805e-02 2.362255e-01 -9.714846e-01 -7.636712e+00 0 4535605
-1.456078e+14 6.488850e+13 7.585164e+13 -8.459999e-01 3.849470e-01 3.689174e-01 -1.669567e+01 0 4334679
1.513659e+14 -6.414620e+13 -4.363765e+13 5.528162e-01 -7.050293e-01 -4.442160e-01 2.124561e+00 0 166670
1.051766e+14 -1.234884e+14 5.910710e+13 6.537106e-01 -4.419189e-01 6.143046e-01 -6.397473e+00 0 1832409
-1.439688e+14 -1.930511e+13 -8.909929e+13 -2.990930e-01 2.786244e-01 -9.126400e-01 4.268699e+00 0 24464678
1.247749e+14 1.141472e+14 5.177959e+13 9.561688e-01 -4.043788e-03 -2.927881e-01 -1.798725e+01 0 18
-3.282201e+13 1.667869e+14 -2.168036e+13 -6.888205e-01 3.977208e-01 -6.060895e-01 -3.967407e-01 0 345558
5.287696e+13 8.495149e+13 1.536030e+14 5.223891e-01 8.463309e-01 1.040845e-01 1.603167e+01 0 17961921
1.367137e+14 6.766264e+13 8.300476e+13 7.174904e-01 6.538730e-01 2.401201e-01 6.638674e+00 0 193638
6.625396e+13 1.568806e+14 -7.741304e+12 8.627076e-01 5.044566e-01 -3.548476e-02 4.525590e+00 0 2215781
1.880214e+14 1.444635e+12 5.207849e+12 8.332253e-01 -1.771757e-01 5.237788e-01 -2.349975e+01 0 6851567
-1.092623e+14 -6.881495e+13 1.356914e+14 -1.971738e-01 -9.573811e-01 2.110541e-01 1.675147e+01 0 12977852
-4.646058e+13 -1.063843e+14 -1.274955e+14 -9.323328e-01 5.275124e-02 -3.577330e-01 1.693724e+01 0 5171393
-8.457561e+13 -8.327709e+13 1.350007e+14 -3.643143e-01 -5.039692e-01 7.831284e-01 1.848057e+01 0 14109079
-7.796291e+13 1.471149e+14 7.041382e+13 -8.349639e-01 3.253416e-01 4.438334e-01 -1.231883e+01 0 5569615
1.480464e+14 7.497718e+13 -6.442642e+13 9.837069e-01 -1.207882e-02 -1.793736e-01 7.781846e+00 0 7887120
-5.801349e+13 1.435892e+14 -1.106356e+14 -4.699289e-01 7.912403e-01 -3.912870e-01 -1.580566e+01 0 1265190
-1.378356e+14 1.928704e+13 1.100093e+14 -1.142209e-01 -3.175420e-01 9.413398e-01 -1.913317e+01 0 10909316
-1.084530e+14 1.254292e+14 4.953466e+13 -3.269824e-01 7.554938e-01 -5.677249e-01 -1.659599e+01 0 792168
-1.544340e+14 -5.050959e+13 -7.131947e+13 -9.798908e-01 -1.430427e-01 1.391144e-01 4.325321e+00 0 691578
-4.800487e+13 -1.616230e+14 -2.342255e+13 -7.303907e-01 -6.423995e-01 2.320612e-01 -1.739665e+00 0 1
-6.661722e+13 1.054283e+14 -1.522948e+14 6.729711e-02 4.269359e-01 -9.017743e-01 -2.065057e+01 0 2841901
9.558437e+13 1.249449e+14 6.610461e+13 4.752290e-01 8.496701e-01 -2.285128e-01 -1.120302e+01 0 11456915
1.268483e+14 5.963744e+13 9.579551e+13 8.247619e-01 -3.109012e-01 4.723434e-01 -5.850348e-02 0 7559006
2.304722e+12 5.066035e+13 1.624559e+14 7.863086e-01 5.827525e-01 2.052275e-01 1.207811e+01 0 4040660
1.437784e+14 -9.504862e+13 -1.376504e+13 9.221249e-01 -3.821945e-01 -6.010919e-02 1.213747e+01 0 664536
-6.546846e+13 -7.917391e+13 -1.389625e+14 2.017087e-02 -7.376916e-01 -6.748365e-01 -6.291075e+00 0 6279017
-1.486711e+14 1.427648e+14 -1.086126e+13 -4.570350e-01 8.717513e-01 1.765466e-01 -2.007586e+01 0 1572226
1.566291e+13 8.055550e+13 -1.486965e+14 -8.434499e-02 -4.222500e-01 -9.025469e-01 -1.477877e+01 0 2429340
-1.623488e+14 -1.350460e+13 -6.509988e+13 -7.871610e-01 -1.835217e-01 5.888101e-01 1.496025e+01 0 815336
-6.464262e+13 1.301830e+14 -1.139323e+14 -7.311056e-02 7.386765e-01 -6.700834e-01 1.633175e+01 0 3051182
1.288020e+14 -9.420592e+13 5.838923e+13 9.581644e-01 -2.845089e-01 -3.123647e-02 1.153945e+01 0 425355
1.126117e+14 -8.736023e+13 -1.009500e+14 4.195234e-01 -4.221174e-01 -8.036274e-01 -9.345530e+00 0 4992812
-3.446777e+13 1.479439e+14 7.700651e+13 -6.389880e-01 6.462396e-01 -4.172154e-01 -9.028425e+00 0 4840249
-5.373494e+13 9.018254e+12 1.658481e+14 3.688772e-01 -2.368242e-01 8.988014e-01 1.891905e+01 0 4697561
2.377242e+13 -1.694862e+14 -9.555421e+12 -3.289992e-01 -8.500289e-01 4.113519e-01 -1.628108e+01 0 3655469
-2.986840e+13 7.398536e+13 1.499012e+14 -5.229372e-01 1.668028e-01 8.358909e-01 7.715008e+00 0 3846008
3.420748e+13 -4.861645e+13 1.615631e+14 4.992940e-01 -3.019549e-01 8.121138e-01 8.868816e+00 0 4641346
-9.218547e+12 1.665746e+14 -3.947649e+13 9.192998e-01 3.935580e-01 7.480583e-05 -1.645816e+01 0 16114242
-3.404098e+13 1.630148e+14 4.483134e+13 -1.515304e-01 9.791976e-01 -1.349466e-01 -1.879999e+01 0 10601516
1.154049e+14 6.414927e+13 -1.070880e+14 5.184786e-01 -8.931107e-02 -8.504137e-01 2.409093e+00 0 104093
1.675309e+14 -5.808573e+12 -3.920386e+13 5.063412e-01 8.606634e-01 5.363807e-02 1.793561e+01 0 2655226
4.558149e+13 1.455213e+13 1.627374e+14 7.436068e-01 6.222615e-01 2.446212e-01 4.462530e+00 0 402521
-9.822849e+13 -1.176094e+14 7.344829e+13 1.569728e-03 -7.746038e-01 6.324448e-01 -8.512511e-01 0 1773253
-1.545107e+14 6.420477e+13 3.392945e+13 -8.546375e-01 4.568116e-01 -2.468155e-01 4.404149e+00 0 905908
6.622144e+13 -1.550635e+14 -1.994623e+13 -6.741298e-01 -6.315044e-01 3.830811e-01 -1.625304e+01 0 109594
-3.241688e+13 1.557538e+14 -6.585636e+13 -5.578611e-01 8.166445e-01 1.479285e-01 -9.879729e+00 0 11577988
-1.390998e+14 -9.845155e+13 -5.338634e+12 -5.041468e-02 -3.961788e-01 9.167883e-01 -1.591284e+01 0 2152460
6.990571e+13 -1.338138e+14 7.935068e+13 8.484205e-01 -5.201511e-01 -9.810939e-02 -3.103030e+00 0 358849
-7.653561e+13 1.084490e+14 1.258594e+14 -1.064150e-01 -7.569260e-02 9.914366e-01 1.425085e+01 0 1981544
-1.669172e+14 -7.943682e+13 7.098500e+12 -8.138929e-01 -5.106556e-01 -2.771449e-01 1.437955e+01 0 1123850
-5.721301e+13 1.597915e+14 5.852051e+12 -8.703478e-01 2.642351e-01 4.155413e-01 8.691949e+00 0 2198883
7.721959e+13 2.080933e+13 -1.521733e+14 -1.117572e-01 3.933652e-01 -9.125646e-01 -4.874923e+00 0 14411744
3.081287e+13 -8.920978e+13 1.442119e+14 -8.627956e-02 -7.566122e-01 6.481465e-01 -9.258324e+00 0 57451
1.524626e+14 7.994519e+13 1.221698e+13 8.897127e-01 -4.026072e-01 2.152179e-01 -1.834867e+00 0 2
7.712272e+13 -1.385584e+14 6.805560e+13 -6.366289e-01 -7.690033e-01 5.777131e-02 6.106298e+00 0 863422
-9.191285e+13 1.596114e+13 -1.455890e+14 -4.362637e-01 2.481913e-01 -8.649133e-01 8.942524e+00 0 2229922
-3.566958e+13 2.158245e+13 -1.661820e+14 1.972695e-01 -4.924064e-01 -8.477150e-01 1.623285e+01 0 8765620
-9.250996e+12 -7.986564e+13 -1.496541e+14 -9.241896e-01 -1.303340e-01 -3.590078e-01 -1.139124e+01 0 282353
7.638024e+13 1.515931e+14 5.892864e+12 4.990970e-01 5.115467e-01 -6.994442e-01 -4.429483e+00 0 2547740
1.638463e+14 8.317357e+13 1.219330e+13 7.823489e-01 5.647672e-01 -2.626180e-01 -1.107613e+01 0 6829118
1.383854e+14 -1.109906e+14 -2.620792e+13 2.080993e-01 -6.004747e-01 -7.720912e-01 1.716552e+01 0 6892198
-4.532271e+13 7.314507e+13 1.499059e+14 -3.745872e-01 9.271916e-01 4.753558e-04 1.304713e+01 0 724193
-1.826300e+14 -1.457039e+12 7.778049e+12 -9.407932e-01 3.375513e-01 3.110091e-02 1.162875e+01 0 2637119
-6.929477e+13 -1.175748e+14 1.163302e+14 -3.783256e-01 -7.367862e-01 5.603712e-01 1.066645e+01 0 2048238
1.417030e+14 -9.471073e+13 -8.464744e+12 5.203152e-01 1.651808e-01 -8.378469e-01 -1.607116e+01 0 13605063
-4.304748e+13 7.306706e+13 1.472209e+14 2.038498e-01 5.377458e-01 8.180921e-01 6.489711e+00 0 1974367
-7.693314e+13 1.173417e+14 -9.536377e+13 -8.546736e-01 1.439365e-01 -4.988139e-01 9.218354e+00 0 67138
1.418569e+14 7.041593e+12 -9.300449e+13 4.547360e-01 -6.264119e-01 -6.331061e-01 7.385097e+00 0 9
-1.534212e+14 -4.778662e+13 5.916915e+13 -3.926005e-01 -2.249456e-01 8.917759e-01 -6.251393e+00 0 16601784
5.851855e+13 8.887680e+13 1.332350e+14 1.457608e-01 6.074341e-01 7.808826e-01 7.375197e+00 0 11762587
1.670998e+12 2.407424e+13 -1.704422e+14 4.432738e-01 -1.127204e-01 -8.892707e-01 9.222978e+00 0 4989481
-5.783488e+13 -8.060009e+13 -1.500408e+14 1.545688e-01 -4.796855e-01 -8.637189e-01 2.007172e+01 0 2231206
-2.662024e+13 -1.383433e+14 1.062863e+14 -6.123968e-01 -1.330283e-01 7.792777e-01 -1.695578e+01 0 3333325
1.544989e+14 -7.594480e+13 2.905308e+13 9.103286e-01 3.750934e-01 -1.749480e-01 2.036598e+01 0 1958107
-1.019915e+13 1.041575e+14 -1.366203e+14 7.888860e-01 5.141757e-01 -3.365743e-01 8.099975e+00 0 454500
1.591055e+14 3.660329e+13 -4.630980e+13 7.959027e-01 5.814242e-01 -1.687743e-01 -1.986827e+00 0 2728537
-9.395658e+13 1.432368e+14 1.049331e+13 1.184601e-01 9.604264e-01 2.520879e-01 -1.575611e+01 0 2697734
6.259472e+13 -4.593557e+13 -1.512757e+14 -6.630663e-01 3.326558e-01 -6.705842e-01 -1.135210e+01 0 5796160
3.678337e+13 1.637347e+14 4.009935e+13 9.772913e-03 8.407066e-01 5.414027e-01 -9.297723e+00 0 6033141
-7.487127e+13 -1.497990e+14 6.980002e+13 -1.771071e-01 -6.793001e-01 7.121688e-01 1.293096e+01 0 3450382
-9.140693e+13 -3.021172e+13 -1.412948e+14 -5.331579e-01 4.450727e-01 -7.194811e-01 -1.323269e+01 0 99547
1.668547e+14 -7.941359e+12 -4.317155e+13 6.080091e-01 -7.938814e-01 8.790000e-03 -2.083658e+01 0 3860765
-8.367458e+13 1.132811e+14 -9.542912e+13 -1.330199e-01 -5.126777e-02 -9.897865e-01 -2.397382e+00 0 858663
5.891670e+13 1.724343e+13 1.585206e+14 4.124415e-01 -7.455904e-01 5.234377e-01 3.568258e+00 0 2481869
1.700099e+14 2.355176e+13 1.280730e+13 7.648666e-01 6.299660e-01 1.346176e-01 -7.795420e+00 0 576104
5.625561e+13 1.686459e+14 5.378411e+13 6.259933e-01 7.523429e-01 -2.052136e-01 9.536149e+00 0 1416985
7.676327e+13 -1.585588e+14 1.355282e+13 7.584413e-01 -6.441930e-01 -9.890482e-02 -5.451232e+00 0 1189699
1.163381e+14 -2.151015e+13 1.270124e+14 6.417434e-01 3.121820e-01 7.005053e-01 7.268752e+00 0 2741737
-6.441157e+13 -9.456677e+13 -1.376700e+14 -5.877715e-01 1.534186e-01 -7.943472e-01 -2.038488e+01 0 3824150
-3.234320e+12 -1.164830e+14 -1.259597e+14 -8.271732e-01 2.079500e-01 -5.220549e-01 -1.891567e+01 0 7597604
1.397998e+13 -1.434302e+14 -9.097644e+13 -4.266258e-01 -6.083418e-01 -6.692613e-01 -1.404954e+01 0 2794465
5.618572e+13 -7.155330e+13 -1.479692e+14 7.778854e-01 1.323322e-01 -6.143147e-01 2.267087e+01 0 2201188
-6.150370e+13 -9.474094e+13 1.267695e+14 -8.078275e-01 1.455543e-01 5.711643e-01 -2.219915e+00 0 3
-1.473959e+14 8.666860e+13 7.963390e+12 -6.752133e-01 -2.760143e-02 7.371059e-01 -7.784031e+00 0 46481178
8.035256e+13 -8.174940e+13 1.265161e+14 -1.685294e-01 -1.970550e-01 9.657987e-01 1.479059e+01 0 7251686
-1.735004e+14 3.421915e+13 -9.079776e+12 -8.524266e-01 -6.680124e-02 -5.185619e-01 -1.243751e+01 0 918034
3.633385e+12 8.541995e+13 -1.475388e+14 8.645978e-03 -5.109130e-01 -8.595889e-01 9.166435e+00 0 3650484
-2.466984e+13 1.886620e+13 -1.668199e+14 3.705556e-02 4.739228e-01 -8.797864e-01 3.608923e-02 0 314498
-1.700063e+14 1.080688e+13 -2.058064e+13 -9.954429e-01 -6.093317e-02 -7.335229e-02 7.941830e+00 0 3339958
-1.296258e+14 -1.158722e+14 1.921447e+13 -5.910033e-01 -1.761340e-01 7.872051e-01 1.195803e+01 0 4024575
1.336533e+14 7.597056e+13 -7.179451e+13 4.679387e-01 8.550722e-01 -2.233494e-01 7.464264e+00 0 5
4.180206e+12 -1.239340e+14 -1.212569e+14 -2.117405e-01 2.308524e-01 -9.496700e-01 9.449468e+00 0 14615254
5.613902e+12 9.229833e+13 1.869342e+14 -4.072090e-01 8.174788e-01 4.073196e-01 -1.310631e+01 0 2264544
4.612576e+13 1.562538e+14 -9.002931e+13 -2.420037e-01 2.847676e-01 -9.275460e-01 -2.200411e+01 0 7083508
-1.604987e+14 4.182167e+13 -7.600872e+13 -5.178257e-01 6.983046e-01 -4.941936e-01 -1.909570e+01 0 6556070
-4.103017e+12 5.236575e+13 -1.642902e+14 -6.797540e-03 3.992028e-02 -9.991797e-01 -1.105501e+01 0 8005982
-8.084600e+13 8.794463e+13 -1.225336e+14 -3.206114e-01 7.794811e-01 -5.381612e-01 -1.243503e+01 0 5730603
1.415285e+14 4.279954e+12 -9.862329e+13 3.252209e-01 -9.422988e-01 -7.939989e-02 -2.070375e+01 0 2498234
-1.307352e+14 1.249792e+14 7.679644e+12 -9.058044e-01 4.194775e-01 5.964038e-02 1.924419e+01 0 2557306
-9.544283e+13 1.112216e+14 -8.557218e+13 -5.945049e-01 6.912882e-01 -4.107121e-01 9.438023e+00 0 2388377
-2.052226e+13 -9.353048e+13 1.519680e+14 3.331555e-01 -3.508720e-01 8.751550e-01 1.146660e+01 0 1170915
-1.147238e+14 -8.974287e+13 1.087274e+14 -7.155810e-01 -5.171683e-02 6.966126e-01 7.750756e+00 0 4099657
-7.401482e+12 4.314113e+13 -1.666173e+14 6.218504e-01 7.815391e-01 -4.998674e-02 1.266708e+01 0 2687692
-1.101457e+14 -1.133763e+14 -7.371591e+13 -4.225513e-02 -9.073706e-01 -4.182023e-01 2.800806e+01 0 1712894
2.074538e+14 2.344764e+13 -2.108521e+13 9.801294e-01 1.275331e-01 1.519268e-01 1.473351e+01 0 7846
-1.246474e+13 -4.488992e+13 -1.666176e+14 5.800369e-01 -1.042468e-01 -8.078922e-01 -1.423283e+01 0 2415607
2.876722e+13 1.690420e+14 -8.446912e+12 1.123035e-01 7.199274e-01 -6.849033e-01 5.499563e+00 0 5590689
1.234995e+14 5.851571e+13 -1.024331e+14 8.024042e-01 5.925610e-01 -7.084422e-02 -2.557237e+00 0 5449272
1.552672e+14 6.420788e+13 3.064430e+13 9.316152e-01 -2.975000e-01 -2.087749e-01 -1.616860e+01 0 2183270
-1.082552e+14 -9.519277e+12 -1.303249e+14 -8.423050e-01 1.398301e-01 5.205476e-01 1.098864e+01 0 4977945
-1.562366e+14 7.020991e+13 -2.558223e+13 -7.973350e-01 5.942664e-01 -1.053774e-01 -7.645482e+00 0 1196255
-1.435615e+14 6.898972e+12 -9.044386e+13 -3.243435e-01 -9.089925e-01 -2.617900e-01 1.282359e+00 0 2675853
-1.123155e+14 -1.232029e+13 -1.746242e+14 -8.572362e-01 -1.023844e-01 -5.046420e-01 1.748209e+01 0 11343071
-6.004404e+13 2.053393e+11 -1.616465e+14 3.572073e-01 -1.599643e-01 -9.202252e-01 -1.919693e+01 0 1510660
-6.765939e+13 1.226907e+14 -9.675003e+13 -2.609216e-01 9.650562e-01 -2.421804e-02 5.985914e+00 0 4976316
7.449513e+13 -1.501778e+14 -2.631572e+13 6.664416e-02 -8.010510e-01 5.948747e-01 -1.855319e+00 0 302307
-9.372725e+13 8.626334e+13 1.123578e+14 -3.219374e-01 7.000600e-01 6.373949e-01 4.466579e+00 0 3233150
-6.132900e+13 -9.919080e+13 -1.293850e+14 5.613776e-01 -2.548860e-01 -7.873299e-01 -1.078873e+01 0 9352917
-4.925389e+13 -1.626296e+14 -1.060052e+13 2.592105e-01 -8.914552e-01 3.716418e-01 1.388649e+01 0 7005292
-1.086978e+14 3.589791e+13 1.263632e+14 -7.548939e-01 -6.006920e-01 2.632572e-01 -2.003744e+00 0 21163419
1.037017e+13 1.539017e+14 -7.131183e+13 -7.112434e-01 6.367595e-01 2.977755e-01 -5.618357e+00 0 264743
4.640199e+13 -6.025138e+13 -1.753177e+14 4.636509e-01 1.998724e-01 -8.631795e-01 1.860246e+01 0 688403
