# 781 1.000000e+07 1.000000e+04 0.000000e+00 1.000000e+00 5.000000e-01
9.241827e+13 -1.156258e+14 8.523815e+13 -2.583689e-01 -3.875777e-01 8.848893e-01 -1.280026e+01 0 4660204
9.239099e+13 -2.057564e+13 -1.445996e+14 2.173022e-01 -4.665599e-01 -8.573807e-01 -1.131342e+01 0 1383441
-4.034392e+13 -1.688145e+14 2.172549e+12 -3.734155e-01 -6.652247e-01 6.465578e-01 7.490147e+00 0 11325104
1.488070e+14 -3.519869e+13 -7.670044e+13 5.937259e-01 -7.927712e-01 -1.378528e-01 5.581855e-01 0 14245982
-1.033745e+14 1.330636e+14 2.742305e+13 -7.505781e-01 5.783151e-02 6.582461e-01 1.361510e+01 0 11133445
-1.270362e+14 -7.301629e+13 8.608304e+13 -7.818637e-01 2.603334e-01 5.664942e-01 3.838829e-01 0 40322
1.011436e+12 -2.421838e+13 1.686127e+14 3.573563e-02 -6.339793e-01 7.725239e-01 -1.116762e+01 0 20364159
-5.416472e+13 7.065886e+13 1.488651e+14 1.375855e-01 5.686732e-01 8.109753e-01 7.461373e+00 0 6169705
-1.523129e+14 3.367040e+13 8.745214e+13 -9.579038e-01 1.424507e-01 2.492552e-01 -1.478029e+01 0 5437805
1.560797e+14 3.141075e+13 -7.085464e+13 6.983715e-01 6.749210e-01 -2.382411e-01 2.299515e+01 0 2156637
1.077241e+14 8.592458e+13 1.002849e+14 4.476954e-01 8.190843e-01 3.587056e-01 9.481841e+00 0 4
-1.199425e+14 -6.591138e+13 -1.013536e+14 -5.047701e-01 -7.859290e-01 3.571032e-01 9.510054e+00 0 1
2.436812e+13 -6.989157e+13 1.667361e+14 3.791000e-01 -4.182845e-01 8.254219e-01 -8.793523e+00 0 2528132
1.107582e+14 -1.944696e+14 -4.392739e+13 3.260733e-01 -9.404868e-01 -9.571175e-02 -1.606054e+01 0 8775933
1.174959e+14 1.098207e+14 -5.555449e+13 -5.903481e-02 9.974520e-01 -4.005563e-02 -8.984581e+00 0 1210500
9.752992e+13 -1.326597e+14 -4.793383e+13 -2.044191e-01 -4.560328e-01 -8.661680e-01 1.006732e+01 0 2479944
1.239250e+14 -9.407939e+13 -6.789626e+13 7.255710e-01 -6.842227e-01 -7.338939e-02 3.925848e+00 0 1075976
2.632305e+13 9.453969e+13 -1.443939e+14 -7.548387e-01 1.048718e-01 -6.474724e-01 2.407295e+01 0 13360643
1.471279e+13 -1.646348e+14 3.885619e+13 1.219987e-01 -9.605788e-01 2.498091e-01 1.311705e+01 0 148207
-8.279254e+13 -1.741049e+14 -5.058476e+13 -5.553328e-01 -3.756843e-01 -7.419345e-01 -1.998374e+01 0 2071809
5.971983e+13 -1.596173e+14 -1.897612e+13 -5.369611e-01 -8.259719e-01 -1.715899e-01 1.304240e+00 0 7595190
1.662243e+14 -7.691376e+13 1.273313e+14 8.537915e-01 -1.792829e-01 4.887716e-01 3.572605e+01 0 15674329
-7.195479e+13 -1.563954e+14 1.704600e+13 -2.511062e-01 -8.519010e-01 4.595763e-01 1.539652e+01 0 32028986
-2.337600e+14 -2.820266e+14 9.264886e+12 -7.026131e-01 -7.102736e-01 4.296858e-02 2.419535e+01 0 1842410
6.423675e+13 -7.064921e+13 -1.416024e+14 1.277227e-02 -8.323002e-01 -5.541779e-01 -1.635171e+01 0 3882194
-1.179782e+14 -4.232782e+13 1.149780e+14 -6.426942e-01 4.008437e-01 6.528923e-01 6.456083e+00 0 118672
-5.520352e+13 2.415399e+13 1.588651e+14 4.543640e-01 -2.324322e-01 8.599585e-01 -2.137963e+01 0 16193930
5.832918e+13 -9.772194e+13 -1.293811e+14 5.791081e-01 -7.436518e-01 -3.340895e-01 -5.729118e+00 0 17153397
6.101795e+13 1.172104e+14 -1.156831e+14 -9.447956e-02 7.603454e-03 -9.954978e-01 1.737303e+01 0 2506945
1.443968e+14 8.802459e+13 1.363890e+13 2.208848e-01 7.313909e-01 6.451956e-01 1.435031e+01 0 34
8.138417e+13 6.443427e+13 -1.354660e+14 -9.623572e-02 4.695488e-01 -8.776460e-01 1.251085e+01 0 2546513
-5.370746e+13 1.895016e+14 -5.974499e+12 4.675512e-01 8.614390e-01 1.982894e-01 8.400013e+00 0 785680
6.841215e+13 1.554012e+14 2.036530e+13 9.527667e-01 3.010822e-01 3.981452e-02 -1.966325e+01 0 1336655
1.195860e+14 3.966836e+12 1.301011e+14 2.879353e-01 -3.374906e-01 8.962105e-01 -1.195993e+01 0 1056803
1.751879e+14 3.013845e+13 2.762764e+13 9.966313e-01 -7.830303e-02 -2.438463e-02 -1.673844e+01 0 678110
-7.323268e+13 -1.335722e+14 7.629550e+13 4.036037e-02 -7.671139e-01 6.402400e-01 -6.682964e+00 0 858290
-1.323448e+13 9.543725e+13 1.423144e+14 -1.732661e-01 8.758673e-01 4.503724e-01 -6.138245e+00 0 423372
1.192887e+14 -1.244677e+14 -4.909671e+13 9.051401e-01 -1.515986e-01 -3.971641e-01 1.844115e+01 0 23446
7.046979e+13 1.544461e+14 -1.385490e+13 -3.395987e-01 7.588738e-01 5.556827e-01 -1.261797e+00 0 3444969
-6.008276e+13 1.379845e+14 -1.383024e+14 -6.166601e-01 4.078763e-01 -6.733255e-01 1.879407e+01 0 9708405
-1.513171e+14 -6.553899e+13 -5.520576e+13 -4.343740e-01 3.934066e-01 -8.102780e-01 3.785874e+00 0 1398945
-3.084329e+13 -6.297641e+13 -1.738006e+14 -2.331824e-01 -1.828286e-01 -9.550914e-01 -1.244801e+01 0 7278748
-1.445660e+14 -4.081353e+13 -7.889759e+13 -6.737587e-01 -5.392554e-01 5.052256e-01 3.101318e-01 0 270026
-7.522660e+13 -4.771459e+13 -1.491799e+14 -7.751044e-01 -4.301573e-01 -4.627935e-01 8.156431e+00 0 353041
1.517871e+14 -6.635567e+13 -4.032601e+13 7.401230e-01 -6.283335e-01 -2.396143e-01 -9.428522e+00 0 9117955
-3.951141e+13 1.596396e+14 7.300590e+13 1.014362e-01 6.424618e-01 7.595746e-01 -1.211452e+01 0 1543992
-1.294513e+14 -1.134617e+14 -2.356468e+13 -7.802273e-01 -5.821861e-01 -2.287022e-01 -9.601289e+00 0 1396751
-1.235395e+14 -9.541227e+13 -7.162050e+13 -3.352985e-01 -9.392219e-01 7.373725e-02 1.207605e+01 0 2560170
1.365606e+14 -1.123847e+13 -1.037559e+14 9.890166e-01 -1.471719e-01 -1.365745e-02 -1.326460e+01 0 7788119
-6.602628e+13 -6.819937e+13 1.513015e+14 -2.761213e-01 -9.594718e-01 5.631126e-02 -1.828367e+01 0 3219379
-1.071939e+14 -3.094703e+13 -1.407290e+14 -4.648801e-01 -8.292667e-01 -3.101666e-01 -1.128539e+01 0 5426961
-1.366746e+14 -3.003015e+13 9.603958e+13 2.677073e-01 -5.318988e-01 8.033782e-01 1.354082e+01 0 1380279
9.053505e+13 6.463882e+13 1.290066e+14 6.603361e-01 7.467429e-01 7.956913e-02 1.467684e+01 0 2595916
-8.155770e+13 -3.412309e+12 1.523762e+14 -6.126143e-01 -7.897910e-01 3.055948e-02 1.420526e+01 0 6348174
3.044514e+12 -1.153823e+14 1.293262e+14 -6.410954e-01 -7.024830e-01 3.090539e-01 3.383328e+00 0 1345074
6.564205e+13 -1.171928e+14 1.056027e+14 3.537248e-01 -9.202130e-01 -1.675913e-01 1.293748e+01 0 10057404
1.056034e+14 6.489748e+13 -1.276414e+14 1.535148e-01 -4.310474e-01 -8.891745e-01 -1.549973e+01 0 5125813
-1.147751e+14 -1.113124e+14 5.659509e+13 -8.248984e-01 6.607393e-03 5.652424e-01 -2.032862e+00 0 5278634
-4.237337e+13 1.617281e+14 2.995416e+13 -9.392944e-01 3.153861e-01 -1.351205e-01 1.780071e+00 0 18478504
1.176822e+14 2.517506e+13 -1.198140e+14 4.546209e-02 5.492809e-01 -8.344002e-01 -5.872210e+00 0 202015
6.699537e+13 -6.340867e+13 -1.522858e+14 1.062939e-01 -1.652546e-01 -9.805063e-01 -2.196697e+01 0 10273418
1.047989e+14 -1.307888e+14 -3.508583e+13 8.646236e-01 -4.024277e-01 -3.007955e-01 1.725524e+01 0 6869897
6.912459e+13 2.250574e+14 -3.742534e+13 5.412979e-01 7.909818e-01 -2.852094e-01 -2.731770e+01 0 466017
-1.574388e+14 1.905094e+13 6.053578e+13 -7.355082e-01 2.791617e-01 -6.173301e-01 -1.337851e+01 0 2876401
8.371468e+13 -4.700327e+12 1.511963e+14 2.237793e-01 6.594240e-01 7.176927e-01 -8.782651e+00 0 479243
-5.346282e+13 -2.401388e+13 1.762303e+14 -4.967689e-01 -3.299553e-01 8.027142e-01 1.167034e+01 0 423302
8.344790e+13 7.473025e+13 -1.298829e+14 4.834949e-01 4.912609e-01 -7.244966e-01 1.302695e+01 0 15006467
1.492805e+14 7.387741e+13 5.105708e+13 2.411299e-01 1.777578e-01 9.540747e-01 -9.299473e+00 0 2915462
-1.542265e+14 -9.874953e+13 1.256580e+13 -8.851000e-01 -3.548875e-01 3.010861e-01 -1.121201e+01 0 3647320
-1.725520e+13 1.580648e+14 7.079589e+13 5.197589e-01 8.514672e-01 6.967316e-02 -1.825762e+01 0 15154332
-1.608056e+14 4.832792e+13 2.500714e+13 -1.893417e-01 9.197942e-01 3.436982e-01 -1.823163e+01 0 22057780
5.476357e+13 3.002468e+13 1.642154e+14 1.287636e-01 4.562296e-01 8.804967e-01 -7.280126e+00 0 4561461
6.611616e+13 -4.524952e+13 1.561894e+14 5.658189e-01 -3.228978e-01 7.586738e-01 -1.115311e+01 0 2087537
1.395917e+14 2.452731e+12 -1.011629e+14 4.720248e-01 8.698411e-01 1.434193e-01 2.585178e+01 0 11462184
1.412359e+14 -9.144056e+13 -2.507194e+13 7.917993e-01 -4.572961e-01 -4.048879e-01 1.455928e+01 0 1427257
-7.519291e+12 -1.885696e+14 -4.624635e+12 8.437971e-02 -6.347420e-01 7.681033e-01 -1.729663e+01 0 10762413
9.311645e+13 4.896371e+13 1.345147e+14 3.102252e-01 -8.685834e-01 3.864235e-01 -1.308169e+01 0 2359158
1.385701e+13 1.605453e+14 -1.057598e+14 3.674052e-01 8.442563e-01 -3.901855e-01 1.222822e+01 0 18227061
1.219214e+13 2.207462e+13 1.681995e+14 2.758949e-01 -2.721200e-01 9.218637e-01 1.871145e+00 0 4047119
2.380186e+13 -1.462043e+14 -1.091793e+14 -4.471042e-01 -7.495933e-01 -4.880653e-01 1.498072e+01 0 3882180
1.566172e+14 4.813756e+13 4.737231e+13 3.455563e-01 2.395497e-01 9.073075e-01 1.047304e+01 0 5767589
7.824457e+13 7.230975e+13 -1.425099e+14 -1.785981e-01 4.479563e-01 -8.760353e-01 -4.696663e+00 0 22128748
1.627037e+14 -5.294122e+13 1.904839e+13 8.728294e-01 4.864214e-01 3.953444e-02 -6.824247e-01 0 2153648
-3.521542e+13 -7.964051e+13 1.471037e+14 -1.250211e-02 -1.043398e-01 9.944631e-01 -9.575883e+00 0 4192731
-7.961656e+12 -1.183130e+14 1.213201e+14 -2.715905e-01 4.128435e-01 8.693669e-01 3.734769e+00 0 63089
-1.024015e+14 -1.362126e+14 8.085961e+12 -5.085185e-01 -3.583234e-03 -8.610436e-01 2.189526e+00 0 2446711
-9.469252e+12 -1.678483e+14 -4.243125e+13 5.107762e-03 -9.893856e-01 1.452240e-01 1.238481e+01 0 7726540
1.130987e+14 -2.902438e+13 1.364912e+14 9.176441e-01 -3.356430e-01 2.127746e-01 -1.247662e+01 0 1328094
4.560002e+12 1.023183e+14 1.375626e+14 -1.969278e-01 2.421710e-01 9.500382e-01 7.229871e+00 0 2861348
1.289072e+14 1.120459e+14 -2.438123e+13 5.037859e-01 1.878811e-01 -8.431491e-01 9.070852e+00 0 2517103
-2.032821e+13 -1.596457e+14 6.236411e+13 -5.417036e-01 -8.324085e-01 -1.168472e-01 -1.782760e+01 0 16567978
-9.941275e+13 -1.402399e+14 1.514916e+13 -1.516664e-01 -8.832388e-01 -4.437190e-01 1.693057e+01 0 8646608
1.337102e+14 3.726277e+13 9.804022e+13 9.087947e-01 -3.544973e-01 -2.200544e-01 1.510172e+00 0 1361401
9.915539e+13 1.012183e+14 -9.350408e+13 6.181972e-01 -3.332421e-01 -7.118862e-01 2.390383e-01 0 78261
1.224020e+14 -7.954694e+13 -1.155569e+14 9.925994e-01 1.131941e-01 -4.397170e-02 -9.380905e+00 0 7994588
5.270618e+13 1.336628e+14 1.022533e+14 9.005561e-01 3.829451e-01 2.057956e-01 1.283240e+01 0 2848030
-3.608390e+13 1.621398e+14 5.471636e+13 -6.184003e-01 6.071937e-01 -4.988957e-01 1.454492e+01 0 3753452
1.593469e+14 -6.345728e+13 -6.216743e+13 5.449517e-01 -8.245057e-01 1.523745e-01 1.278757e+01 0 3020168
-1.525806e+14 6.171444e+13 -4.864208e+13 -8.237697e-01 1.453915e-01 -5.479642e-01 -5.743086e+00 0 10760578
-1.021982e+14 -1.085522e+14 -1.081748e+14 -8.078890e-01 -3.150276e-01 -4.980692e-01 -1.871611e+01 0 1975843
8.690632e+13 -1.147061e+14 8.999472e+13 -1.033383e-02 -8.004933e-01 5.992525e-01 6.734414e-01 0 2697412
7.245870e+13 -1.294243e+14 9.297666e+13 -5.034480e-01 -8.437035e-01 -1.862915e-01 4.655308e+00 0 544541
1.398699e+14 -8.221466e+13 5.233358e+13 7.286068e-01 -5.669359e-01 3.843381e-01 4.583222e+00 0 3
-1.297758e+14 5.427655e+13 -1.117261e+14 -6.499820e-01 7.552582e-01 -8.431165e-02 1.150678e+01 0 2583268
-1.501954e+14 -7.724042e+13 -1.751097e+13 -9.982129e-02 -1.430748e-01 -9.846651e-01 2.195534e+01 0 3565945
4.278505e+13 1.239924e+14 1.087896e+14 -2.026074e-01 3.864465e-01 8.997829e-01 -2.835167e+00 0 937872
-6.140769e+13 -4.807423e+13 -1.506169e+14 -2.635405e-01 5.623418e-01 -7.837845e-01 1.037589e+00 0 2464975
3.886591e+13 -1.152175e+14 -1.199248e+14 4.201986e-01 3.952658e-01 -8.168219e-01 -5.379753e+00 0 1201025
1.499888e+14 5.647244e+13 6.294639e+13 7.378272e-01 1.594598e-01 6.558838e-01 5.442119e+00 0 4487579
-7.489893e+13 -3.118176e+13 -1.678952e+14 -6.609094e-01 -6.624071e-01 -3.527259e-01 -1.128842e+01 0 3704861
1.987372e+13 1.026177e+14 -1.408560e+14 4.946987e-01 2.000049e-02 -8.688344e-01 -1.157389e+01 0 1468570
-2.590563e+13 -1.288510e+14 -1.076265e+14 7.918469e-02 -5.307910e-01 -8.437954e-01 -8.634598e+00 0 2466624
-3.085920e+13 -1.704987e+14 1.595153e+12 -6.414152e-01 -4.099585e-01 6.484756e-01 6.958900e+00 0 4431758
1.410153e+14 2.599865e+13 -9.111803e+13 1.164366e-01 -8.139755e-01 -5.691102e-01 -1.091437e+01 0 7139936
-1.743843e+13 4.688667e+13 -1.651216e+14 -4.417586e-01 3.734510e-02 -8.963563e-01 1.096561e+01 0 807063
-1.132408e+14 -8.636516e+13 -9.863448e+13 -8.392399e-01 -6.524524e-02 -5.398327e-01 6.949191e+00 0 302490
4.554878e+13 1.091516e+14 1.262159e+14 -1.527788e-01 9.512755e-01 -2.678311e-01 -5.646798e+00 0 2608429
-6.003793e+13 -1.590002e+14 1.921210e+13 1.159057e-01 -7.288220e-01 6.748217e-01 1.084860e+01 0 6318707
1.029085e+14 -1.545665e+14 -1.918327e+13 6.953643e-01 -5.162450e-01 4.999595e-01 2.434855e+01 0 5998215
-1.392028e+14 1.004938e+14 1.125504e+13 -8.593498e-01 3.238273e-01 3.957951e-01 1.196438e+01 0 8183781
-8.564164e+13 1.475760e+14 1.327503e+13 -6.280366e-01 4.853229e-01 -6.083023e-01 -3.160877e+00 0 3550494
-1.636028e+14 -4.654792e+13 4.035562e+13 -5.071011e-01 -8.257139e-01 -2.470730e-01 -1.486376e+01 0 5635523
7.431009e+13 1.271641e+14 -9.457614e+13 9.390117e-01 1.104648e-02 -3.437078e-01 -1.992441e+01 0 850313
9.737275e+13 9.848530e+13 -1.094751e+14 2.697455e-01 -2.905208e-01 -9.180605e-01 -1.728413e+01 0 3063550
1.313508e+14 -1.013700e+14 -4.894333e+13 5.529791e-01 -8.299439e-01 -7.353412e-02 -1.800107e+01 0 554244
-1.677385e+14 1.884015e+13 -4.700059e+13 -6.285540e-01 -2.047324e-01 -7.503363e-01 -1.574304e+01 0 448937
-6.168139e+13 -1.331363e+14 -8.881303e+13 9.704280e-02 -6.352771e-01 -7.661630e-01 7.628258e+00 0 8521140
1.601075e+14 6.484792e+13 2.521704e+13 7.604044e-01 2.725030e-01 -5.895144e-01 -1.278842e+01 0 2782131
-6.927982e+12 1.273679e+14 1.211275e+14 -1.238383e-01 6.598975e-01 7.410798e-01 1.447938e+01 0 5918696
8.666352e+13 -3.458517e+13 -1.433334e+14 7.198898e-01 3.597621e-02 -6.931554e-01 9.046575e+00 0 1528156
7.316140e+13 -6.064434e+13 1.408121e+14 6.026896e-01 -3.033782e-01 7.380562e-01 1.522985e+01 0 181816
7.041887e+13 -1.540336e+14 1.576242e+13 2.780799e-01 -5.675721e-01 -7.749409e-01 -8.532799e+00 0 22389028
1.185420e+14 1.004151e+14 -6.888891e+13 4.386217e-01 6.508412e-01 -6.196908e-01 4.718355e+00 0 8572980
4.746696e+13 1.417832e+14 8.872671e+13 4.764674e-05 7.094335e-01 7.047723e-01 8.015440e+00 0 4390860
1.581863e+14 -6.665207e+13 -3.980740e+12 8.576275e-01 5.116548e-01 5.181172e-02 4.663148e-01 0 1874208
1.005816e+14 -1.164789e+14 7.233658e+13 -4.815915e-01 -8.752215e-01 -4.535384e-02 -2.249448e+01 0 21949105
1.343449e+14 1.150982e+14 2.474927e+13 8.129788e-01 2.768966e-01 5.122438e-01 7.004909e+00 0 957474
-1.426397e+14 8.547816e+13 3.764587e+13 -6.437393e-01 -5.089623e-01 5.714517e-01 -4.901345e+00 0 1012668
8.145260e+13 9.226586e+13 1.207716e+14 6.106663e-01 7.497854e-01 2.547714e-01 4.223486e+00 0 265689
8.269549e+13 -6.679819e+13 -1.428165e+14 4.742533e-01 1.284202e-01 -8.709719e-01 -1.917110e+01 0 6643143
1.264535e+14 -5.898904e+12 -1.136634e+14 6.888973e-01 1.718746e-01 -7.041872e-01 -6.001016e+00 0 3868662
1.364892e+13 -1.760466e+14 -3.385877e+13 -9.296940e-02 -9.185498e-01 -3.842174e-01 2.094296e+01 0 21205750
-5.252277e+13 -1.088606e+14 -1.195149e+14 -1.700491e-01 -5.660744e-01 -8.066245e-01 -5.782186e-01 0 116719
-1.880264e+14 -6.087013e+13 -2.096302e+14 -8.446907e-01 -4.531524e-01 -2.848695e-01 -1.675730e+01 0 4607344
-5.953395e+13 -9.887368e+13 -1.249481e+14 1.554122e-01 -9.847155e-01 7.862809e-02 9.625290e+00 0 44824
-9.293143e+13 -1.429986e+14 -3.180192e+13 -2.517230e-01 -9.589553e-01 1.305381e-01 -1.120579e+01 0 6903195
9.570631e+13 -7.146131e+13 -1.225362e+14 7.870141e-01 -2.625422e-01 -5.582835e-01 1.192004e+01 0 8319523
9.065238e+13 -1.273710e+14 -8.081242e+13 -2.961581e-01 -9.361236e-01 -1.896389e-01 -1.914257e+01 0 4836001
3.578299e+13 1.621441e+14 -3.527117e+13 6.687890e-01 6.873670e-01 2.832805e-01 -1.064219e-01 0 4973380
-6.671897e+13 1.010750e+14 -1.211660e+14 5.415521e-02 9.926330e-01 -1.083833e-01 8.992775e+00 0 3016552
-1.219183e+14 1.170691e+14 -2.134601e+13 -7.830708e-01 6.169867e-01 -7.827886e-02 1.829137e+01 0 389964
-1.255876e+14 1.435723e+14 2.527326e+13 -8.246948e-01 5.621304e-01 -6.235402e-02 2.009033e+01 0 9243611
-1.439467e+14 -9.196717e+13 -3.349038e+12 -9.847339e-01 -4.156108e-02 -1.690318e-01 5.206943e-01 0 2598446
-1.192275e+14 -1.106006e+14 -4.996289e+13 -9.600575e-02 -6.299761e-01 -7.706575e-01 8.197231e+00 0 151168
7.549467e+13 -1.269856e+14 -8.535740e+13 -1.624901e-02 -4.132930e-01 -9.104531e-01 -5.281645e+00 0 1199825
5.959362e+13 5.348995e+13 -1.535204e+14 2.282827e-01 6.771662e-01 -6.995234e-01 1.000331e+01 0 1252788
6.830758e+13 3.020132e+13 -1.630742e+14 6.899640e-01 -2.113585e-01 -6.922986e-01 1.198939e+01 0 4472994
5.361398e+13 -1.601540e+14 -2.923182e+13 -3.822858e-02 -6.282760e-01 -7.770507e-01 3.463981e+00 0 16555604
1.178800e+14 -1.253832e+14 -3.339837e+12 7.335715e-01 -5.754479e-01 3.615696e-01 8.631293e+00 0 10905240
-1.348286e+14 8.461749e+13 5.884976e+13 -7.246079e-01 4.849343e-01 4.896755e-01 1.301384e+01 0 2269330
1.025041e+14 1.257050e+14 -5.145643e+13 9.831851e-01 4.208960e-02 -1.776950e-01 -1.618043e+01 0 39
-3.340254e+13 1.176340e+14 -1.812582e+14 -2.410753e-02 2.656370e-01 -9.637717e-01 2.061707e+01 0 2473468
-9.271802e+11 4.426288e+13 1.652377e+14 -2.342673e-01 -5.193041e-01 8.218528e-01 -1.476857e+01 0 3425679
9.607355e+13 -1.406993e+14 1.110884e+13 6.016649e-01 -6.768198e-01 4.241630e-01 -7.975261e+00 0 3974
1.703941e+14 -3.584460e+13 6.779578e+13 5.248427e-01 4.342688e-01 7.320866e-01 -4.664260e+00 0 434718
8.822971e+12 1.224919e+14 1.225786e+14 2.052943e-01 5.523852e-01 8.079139e-01 1.696740e+01 0 452493
1.537198e+14 -1.097978e+14 -5.330652e+13 6.116628e-01 -7.225607e-01 -3.221407e-01 9.531343e+00 0 827412
7.219772e+12 -1.338403e+14 1.056467e+14 -6.702490e-01 -7.082426e-01 2.217178e-01 -3.112220e-01 0 8252282
8.197125e+13 1.299150e+14 -7.454300e+13 -2.535404e-01 5.789280e-01 -7.749578e-01 1.173621e+01 0 414369
1.402475e+14 9.382771e+13 5.039823e+13 8.923788e-01 4.468531e-01 -6.310625e-02 1.163201e+01 0 12352584
1.334118e+14 -3.185016e+13 -1.047814e+14 8.241893e-01 -5.523404e-01 -1.250284e-01 -7.629793e+00 0 107344
1.397998e+14 9.566238e+13 -1.242090e+13 7.245392e-01 4.873655e-01 -4.873580e-01 -8.264126e+00 0 61456
8.433971e+13 -1.446356e+14 -2.821698e+13 7.047725e-01 -4.918342e-01 -5.112679e-01 1.404662e+01 0 5776627
3.504875e+12 3.200056e+13 -1.680554e+14 -4.442375e-02 5.881822e-01 -8.075074e-01 -5.207254e+00 0 1487317
1.429613e+13 1.617639e+14 -1.107078e+14 9.472225e-02 9.727994e-01 -2.113976e-01 -1.610739e+01 0 5854673
-6.545446e+13 8.530418e+13 -1.312124e+14 -7.810863e-01 4.388270e-01 -4.442241e-01 -8.085727e+00 0 1093204
-5.144839e+13 1.531040e+13 1.659684e+14 -1.672151e-01 8.951210e-01 4.132765e-01 1.388756e+01 0 1846001
1.517746e+14 2.204364e+13 -7.875687e+13 6.123991e-01 7.651288e-01 -1.988599e-01 1.692026e+01 0 113651
1.049429e+14 8.576601e+13 1.108496e+14 7.961671e-01 6.041374e-01 3.370421e-02 1.694989e+01 0 7785875
5.864644e+13 -6.897651e+13 -1.442217e+14 1.205673e-01 -2.823655e-01 -9.517002e-01 -5.168480e+00 0 3282592
6.246059e+13 1.608243e+14 -1.972102e+13 -3.954194e-01 7.835585e-01 -4.792490e-01 3.194397e-01 0 2680952
-1.217746e+14 -1.725841e+13 1.423201e+14 -6.888240e-01 3.909664e-01 6.104644e-01 1.097673e+01 0 2693720
-1.085427e+14 1.209218e+14 -4.929739e+13 -5.780453e-01 -1.230469e-02 -8.159119e-01 3.675434e-01 0 1880219
3.659591e+13 -1.632762e+14 -1.039768e+14 4.626126e-02 -4.321752e-01 -9.006023e-01 1.510517e+01 0 20138181
-4.251475e+13 1.572474e+14 -6.414581e+13 -7.178347e-01 6.759825e-01 1.666165e-01 -8.921542e+00 0 9305643
-1.652189e+14 -1.784334e+13 3.406991e+13 -9.053618e-01 -3.244742e-01 -2.739278e-01 6.053620e+00 0 9395346
-5.138438e+13 -1.613574e+14 1.175970e+13 5.062984e-01 -6.762094e-01 -5.351661e-01 -4.577179e-01 0 1778376
6.212133e+13 -2.075612e+13 1.569431e+14 -5.586301e-02 -4.857205e-01 8.723273e-01 2.452593e+00 0 1529599
9.030620e+13 1.323644e+14 -6.541358e+13 -3.612851e-01 7.423593e-01 -5.642479e-01 1.912132e+01 0 960002
8.956122e+13 2.861729e+13 -1.418837e+14 7.940228e-01 2.303113e-02 -6.074515e-01 -8.879620e+00 0 7609973
-1.847162e+14 7.034270e+13 1.453959e+13 -6.790136e-01 7.211354e-01 -1.374927e-01 -2.483557e+01 0 356057
-1.334724e+14 -9.836413e+13 -4.407204e+13 -9.507409e-01 1.754808e-01 -2.555351e-01 2.716422e+00 0 1975218
1.490408e+14 2.533305e+13 -8.547276e+13 9.298678e-01 2.593657e-01 2.609126e-01 1.166497e+01 0 1048873
1.654100e+14 4.574662e+13 4.006541e+13 9.028111e-01 4.200134e-01 9.230868e-02 1.248714e+01 0 2695657
-7.250047e+13 -1.337734e+14 9.819269e+13 1.560284e-01 -3.924469e-01 9.064439e-01 -1.065515e+01 0 6301495
9.796161e+13 -1.036113e+14 -1.493704e+14 7.616626e-01 8.170675e-03 -6.479223e-01 -1.592401e+01 0 1733216
5.724069e+12 7.431948e+13 -1.532270e+14 -4.997319e-01 6.408909e-01 -5.826894e-01 1.037002e+01 0 120133
1.222582e+13 -1.850210e+14 -5.192542e+13 6.267323e-01 -6.700242e-01 -3.978368e-01 -1.789179e+01 0 29911139
1.165978e+14 3.129791e+13 1.212041e+14 -3.664870e-01 -5.097843e-01 7.783362e-01 -1.102550e+01 0 1356
-4.933894e+13 1.345769e+14 -9.733964e+13 3.248289e-01 6.190109e-01 -7.150606e-01 1.201088e+01 0 8697038
-1.351225e+13 -1.474278e+14 1.025997e+14 -6.081132e-01 -2.925563e-01 7.379764e-01 -1.346150e+01 0 2686752
1.178260e+14 -1.006758e+14 6.891845e+13 9.936289e-01 -3.261361e-02 -1.078798e-01 7.091489e+00 0 5121
1.207896e+14 -5.259725e+13 1.291418e+14 4.752524e-01 3.275808e-01 8.165941e-01 -1.683980e+01 0 3444757
-1.272602e+14 -1.512248e+13 -1.187053e+14 -3.030312e-01 -2.245950e-01 -9.261367e-01 -1.253947e+01 0 1375023
1.859159e+14 7.046397e+13 2.083223e+13 9.284737e-01 -3.707666e-01 -2.164956e-02 -2.650180e+01 0 7152901
-6.328731e+13 -1.595929e+14 -3.791058e+13 -5.020587e-01 -8.556610e-01 -1.256236e-01 7.437144e+00 0 3819918
-1.354171e+14 1.130534e+14 -2.124163e+12 2.502170e-02 9.948808e-01 -9.790914e-02 3.951437e+00 0 5251433
-2.798902e+13 -1.576447e+14 6.924078e+13 -6.584637e-01 -4.584976e-01 5.968295e-01 2.751403e+00 0 4213359
8.127694e+13 -1.257335e+14 -8.316083e+13 8.109378e-01 -5.782991e-01 -8.916267e-02 -4.654013e+00 0 3486826
-1.490575e+14 -6.354251e+13 -5.935109e+13 -5.498225e-01 -2.893362e-01 -7.835686e-01 -1.547108e+01 0 2594929
-5.206919e+13 -8.610331e+13 -1.397487e+14 -3.300464e-01 -5.631904e-01 -7.575526e-01 -1.055766e+01 0 15468395
1.027180e+14 4.238328e+13 -1.417938e+14 7.531560e-01 -1.892430e-01 -6.300343e-01 6.419918e+00 0 13096259
-9.191169e+13 7.812138e+13 1.263420e+14 -3.391828e-01 -4.267809e-01 8.383395e-01 -1.716383e+01 0 4880524
-1.673515e+13 1.797743e+14 -1.454530e+13 4.355406e-01 8.422733e-01 -3.176162e-01 1.384127e+01 0 2688299
5.072426e+13 1.598868e+14 2.809015e+13 2.491476e-01 8.754346e-01 4.141735e-01 6.239065e+00 0 4736561
-8.670652e+13 1.773794e+14 7.073292e+13 2.401199e-01 7.740347e-01 5.858436e-01 -1.927396e+01 0 7289724
1.178922e+13 1.733067e+14 -1.862175e+13 -2.969093e-01 8.813532e-01 3.675071e-01 1.137316e+01 0 1077853
1.588241e+14 -1.355054e+13 6.000105e+13 5.419783e-01 6.228357e-01 5.642120e-01 2.066426e+01 0 1736788
-1.145771e+14 1.211512e+14 5.249136e+13 2.622052e-01 9.637819e-01 -4.871279e-02 -1.968243e+01 0 9525
-1.468763e+14 4.353575e+13 -8.043406e+13 -2.431109e-01 9.431501e-01 -2.266384e-01 -1.789112e+01 0 865500
-1.273301e+14 -6.452116e+13 1.180672e+14 -4.899004e-01 -8.498561e-01 1.942734e-01 1.690136e+01 0 9399650
-7.701172e+13 4.455006e+12 1.621991e+14 -9.889880e-01 -7.155383e-02 1.295485e-01 1.584606e+01 0 3829896
1.427805e+14 2.250918e+13 8.877562e+13 9.934970e-01 -1.610060e-02 1.127141e-01 -2.415122e+00 0 225886
8.187019e+13 -1.597303e+14 -5.987447e+13 5.632175e-01 -8.002130e-01 -2.060221e-01 1.575225e+01 0 2618258
-9.723779e+13 -6.549225e+13 -1.235408e+14 -2.181622e-01 4.887382e-01 -8.447131e-01 3.847705e+00 0 538071
1.372482e+14 -8.269514e+13 5.687661e+13 9.248572e-01 -8.284012e-02 3.711828e-01 1.390875e+01 0 3034032
4.256636e+13 -6.369152e+13 1.514325e+14 -3.335236e-01 -9.266572e-01 1.734026e-01 -1.255411e+00 0 11731770
-3.806405e+13 1.356164e+14 1.257363e+14 -7.048921e-01 1.688833e-01 6.889162e-01 -2.274047e+01 0 12219240
6.032781e+13 -8.980242e+13 -1.796164e+14 2.440826e-01 -2.408128e-01 -9.393790e-01 1.594519e+01 0 5248151
8.130117e+13 5.093215e+13 1.402789e+14 1.489888e-01 9.857917e-01 -7.757015e-02 7.999514e+00 0 286248
-1.316027e+14 -1.385293e+12 -1.092146e+14 -9.585941e-01 -2.635467e-01 -1.078914e-01 -3.341523e+00 0 510106
1.346869e+14 -7.890398e+13 -6.657414e+13 -6.849863e-02 -8.049183e-01 -5.894187e-01 -2.343859e+01 0 956726
-1.162849e+14 -1.114926e+13 -1.281084e+14 -2.583568e-01 2.756459e-01 -9.258894e-01 -1.570130e+01 0 9505408
1.067273e+14 -1.266682e+14 -1.777821e+14 6.986461e-01 -5.595163e-01 -4.459094e-01 1.839419e+01 0 874641
6.805978e+13 1.529353e+14 -3.616226e+13 9.414860e-01 3.270970e-01 -8.131263e-02 -1.278870e+01 0 4781273
-1.918579e+13 -1.470265e+14 -8.375711e+13 3.928762e-02 -9.992277e-01 -6.729150e-04 -5.995993e+00 0 7441487
-1.228910e+14 1.055582e+14 -5.046519e+13 1.832564e-01 9.456655e-01 -2.685774e-01 -1.162855e+01 0 1014810
6.094416e+13 1.407984e+14 -7.545337e+13 -4.586068e-01 7.170047e-01 -5.249611e-01 1.195025e+01 0 8653
-1.287412e+14 -1.307845e+13 1.170045e+14 -7.312191e-01 -3.525269e-01 5.839892e-01 1.434550e+01 0 1403890
-3.095337e+13 1.273362e+14 1.079191e+14 3.671988e-01 8.893208e-01 -2.725318e-01 -8.072409e+00 0 759178
-9.076600e+11 -1.285060e+14 -1.453422e+14 2.435079e-02 -6.797697e-01 -7.330212e-01 -1.483896e+01 0 6891930
-1.144061e+14 -1.002590e+14 7.772553e+13 -8.641441e-01 -4.910606e-01 -1.100657e-01 6.790702e+00 0 437056
-1.865115e+13 -1.407337e+14 9.388083e+13 -6.362615e-01 -7.158589e-01 2.876063e-01 -1.140292e+01 0 14446400
-1.690359e+14 1.139543e+13 1.290512e+13 -4.726646e-01 -8.009614e-02 8.775949e-01 -1.082935e+01 0 9885662
-4.894635e+12 1.370326e+14 1.143717e+14 1.270777e-01 5.988482e-01 7.907162e-01 1.257352e+01 0 1458715
-1.439610e+14 4.917184e+13 -7.987006e+13 -8.292831e-01 5.314345e-01 1.728206e-01 7.788015e+00 0 4435967
-9.617059e+13 4.894087e+13 -1.459412e+14 -9.806972e-01 7.305773e-02 -1.813712e-01 -1.729979e+01 0 4365664
1.648136e+14 4.356433e+13 2.266034e+13 8.520169e-01 4.333315e-01 2.937533e-01 1.169187e+01 0 25548926
-8.593940e+13 -1.451904e+14 -9.420445e+13 2.712244e-01 -8.745456e-01 -4.020041e-01 -1.760087e+01 0 4382472
1.452408e+14 -9.093350e+13 -1.024119e+13 9.858338e-01 -4.741489e-02 -1.608835e-01 1.214222e+00 0 2456171
1.499316e+14 -7.564832e+13 -3.559757e+13 5.129047e-01 -8.577601e-01 3.429866e-02 -1.079308e+01 0 2048017
1.440402e+14 3.477588e+13 -8.714528e+13 7.041956e-01 3.639221e-01 -6.096468e-01 -1.224780e+01 0 2570613
-1.360758e+14 -5.442100e+13 -1.133393e+14 -9.586965e-01 -1.536326e-01 -2.393700e-01 -2.221275e+01 0 17378789
-2.128115e+13 1.096813e+14 1.294142e+14 -7.854779e-01 6.177260e-01 3.793566e-02 -6.057547e+00 0 1042764
5.633176e+13 1.323501e+14 -1.042205e+14 -4.745624e-01 5.625737e-01 -6.769796e-01 2.702590e+01 0 4986393
5.662297e+13 -1.527119e+14 4.734521e+13 8.738311e-01 -4.299000e-01 -2.271677e-01 1.580761e+00 0 72956
-4.301384e+13 -1.125998e+14 1.215904e+14 -6.016642e-01 -7.488389e-01 -2.779218e-01 1.189715e+01 0 2898293
-1.275431e+14 5.348792e+13 -1.057513e+14 -9.986863e-01 3.610475e-02 -3.636219e-02 1.453402e+01 0 3023819
-1.033199e+14 -3.620873e+13 -1.341065e+14 1.030688e-01 -7.374447e-01 -6.674969e-01 1.762172e+01 0 2033879
-9.632908e+13 2.475273e+13 -1.389854e+14 -6.892862e-01 -6.909928e-01 -2.177466e-01 -5.731788e+00 0 404482
-3.183286e+13 6.526026e+13 1.576818e+14 2.173914e-01 -4.893924e-01 8.445330e-01 1.499778e+01 0 10044754
5.084781e+13 3.533438e+13 -1.592005e+14 7.826569e-01 5.618082e-01 -2.679920e-01 4.930012e+00 0 5833101
-7.216832e+13 1.564503e+14 4.884518e+13 2.949349e-01 5.377486e-01 7.898353e-01 -1.727496e+01 0 4351833
1.598742e+14 6.824852e+13 -6.183430e+13 7.306692e-01 2.891282e-01 -6.184880e-01 -9.613158e+00 0 63
1.060664e+14 1.450860e+14 4.896217e+13 6.842336e-01 7.184574e-01 1.250734e-01 1.945498e+01 0 770538
-1.504099e+14 7.456861e+13 5.395540e+13 -8.725712e-01 3.006621e-01 3.849959e-01 1.572127e+01 0 557942
7.466323e+13 -9.653066e+13 -1.215415e+14 4.913648e-01 -3.916067e-02 -8.700730e-01 1.242480e+01 0 5038124
2.123708e+13 3.882269e+13 1.673911e+14 1.867979e-01 4.843895e-01 8.546774e-01 -6.154443e+00 0 1389428
1.412796e+14 9.665854e+13 -1.189021e+13 5.784497e-01 8.152107e-01 2.876409e-02 -8.106185e+00 0 3890229
3.165007e+13 1.811947e+14 -1.091232e+13 -2.304457e-01 7.145368e-01 -6.605543e-01 -1.187943e+01 0 9072184
7.508559e+13 6.185329e+13 -1.686620e+14 5.830367e-02 2.673790e-01 -9.618260e-01 2.297342e+01 0 16541990
1.213455e+14 -1.201719e+14 -1.173716e+13 8.442097e-02 -9.123362e-01 4.006442e-01 5.221957e+00 0 457222
1.217464e+14 1.113212e+14 4.113391e+13 4.229696e-01 9.061343e-01 -4.170781e-03 -1.037930e+00 0 459789
-9.887402e+13 5.921360e+13 1.311551e+14 -7.409851e-01 -2.315517e-01 6.303371e-01 -4.499011e+00 0 3339872
-1.012903e+14 -1.020980e+14 9.925520e+13 -9.107555e-01 -4.019394e-01 9.470540e-02 5.266022e+00 0 2334079
-1.035967e+14 1.454395e+14 -8.318276e+13 -7.126054e-01 4.366756e-01 -5.490974e-01 1.733693e+01 0 1000839
1.367324e+14 -5.231087e+13 8.567992e+13 3.859678e-01 -3.829475e-01 8.392736e-01 1.224903e+00 0 445647
-1.664222e+14 3.382580e+13 -7.364072e+12 -5.697561e-01 7.761387e-01 2.701606e-01 3.604621e+00 0 2090108
-1.339071e+14 8.215966e+13 -6.535982e+13 -8.105787e-01 3.714917e-01 -4.527207e-01 -5.087840e+00 0 4581507
-1.658177e+13 -9.241805e+13 -1.424919e+14 1.919009e-01 -1.324625e-01 -9.724339e-01 -9.123011e+00 0 3124653
-1.367806e+13 9.490096e+13 1.552103e+14 -7.192037e-02 9.913238e-01 1.100204e-01 1.065705e+01 0 4356942
1.426844e+14 -1.607848e+13 1.245765e+14 6.465975e-01 -2.983197e-01 7.020805e-01 1.139223e+01 0 14455971
-1.261668e+14 -1.135166e+14 9.488184e+12 -9.155439e-01 9.929260e-02 -3.897697e-01 -8.204604e+00 0 158740
1.080376e+14 1.101179e+13 1.307636e+14 6.898380e-01 -7.011973e-01 1.801274e-01 -9.030477e+00 0 195349
-1.685993e+14 5.795723e+12 1.771078e+13 -8.887281e-01 1.094101e-01 -4.451874e-01 -3.356163e+00 0 3760926
6.498903e+13 7.266806e+13 1.388894e+14 -2.049019e-01 7.163002e-01 6.670302e-01 -2.926632e+00 0 869731
-1.748488e+14 3.389549e+13 3.517963e+12 -9.813810e-01 -1.917612e-01 1.090433e-02 1.170527e+01 0 14319376
1.452861e+14 1.111500e+14 -2.161581e+13 9.788424e-01 2.044437e-01 -8.390279e-03 9.848992e+00 0 366878
1.735746e+14 -8.456353e+13 -9.262297e+13 9.093094e-01 -4.116064e-01 6.112693e-02 -1.834604e+01 0 9053089
-1.406399e+14 8.913212e+13 5.154121e+13 -5.137959e-01 4.261297e-01 7.445987e-01 -7.861207e+00 0 642174
-1.076982e+14 1.334732e+14 1.266331e+13 -3.599738e-01 5.271957e-01 7.697295e-01 -6.640772e+00 0 1683636
-2.379596e+13 -1.654723e+14 2.903436e+13 -6.179721e-02 -9.136677e-01 -4.017367e-01 -3.308234e+00 0 16267336
-5.803240e+13 -4.436421e+13 -1.532586e+14 5.071660e-01 3.847056e-01 -7.712226e-01 3.364708e+00 0 899549
3.897653e+12 -1.696208e+14 -1.552345e+12 1.998549e-01 -6.995828e-01 -6.860334e-01 -7.717849e+00 0 3189749
4.521191e+13 1.622192e+14 7.084363e+13 5.605160e-02 4.879210e-01 8.710863e-01 -1.523949e+01 0 14711034
1.132419e+14 -2.025112e+12 -1.267074e+14 9.240141e-01 1.695322e-01 -3.427195e-01 6.420698e+00 0 821478
-1.581149e+14 3.566943e+13 -1.163947e+14 -6.164783e-01 6.867975e-01 -3.850503e-01 -2.473199e+01 0 1858803
4.801480e+13 2.918841e+13 1.611643e+14 7.680329e-01 3.496709e-01 5.365218e-01 6.020111e+00 0 27462497
-4.221941e+13 1.565016e+14 -6.240907e+13 8.121550e-02 2.222744e-01 -9.715957e-01 1.212440e+01 0 15
-1.742748e+14 3.066970e+13 -1.140635e+13 -8.481068e-01 -4.161881e-01 -3.278754e-01 -7.502826e+00 0 5786695
1.352823e+14 9.098489e+13 -8.251303e+13 8.583077e-01 5.039128e-01 9.684885e-02 8.432141e+00 0 4049587
1.389918e+13 1.616041e+14 -5.344370e+13 -1.187171e-01 9.544594e-01 2.737033e-01 -1.261310e+01 0 11406285
6.439341e+13 1.597716e+14 2.635356e+12 -1.633552e-01 6.688014e-01 7.252722e-01 -4.987912e+00 0 5889213
1.351486e+14 9.893477e+13 4.111302e+13 6.718037e-01 5.215702e-01 5.259699e-01 9.687913e+00 0 214309
4.528212e+13 -1.167252e+14 1.151287e+14 6.260006e-01 -6.235849e-01 -4.682575e-01 9.340869e+00 0 13450837
8.013915e+13 -1.115232e+14 -1.142122e+14 7.303623e-01 -6.749411e-01 -1.050018e-01 1.669573e+01 0 2245783
5.360148e+13 -1.614382e+14 -1.926329e+13 7.334521e-01 -6.514876e-01 -1.939380e-01 -1.198322e+00 0 122458
9.260843e+13 -4.321797e+13 -1.453077e+14 -1.502347e-01 3.415565e-01 -9.277762e-01 1.868845e+01 0 1547536
-1.500609e+13 -8.363702e+13 1.812192e+14 -4.757887e-01 2.407550e-01 8.459682e-01 -1.625405e+01 0 8977436
1.825228e+13 2.165131e+13 1.791772e+14 -4.422775e-01 -4.747902e-01 7.608974e-01 1.840346e+01 0 8622273
3.579776e+13 -1.683480e+14 -2.975313e+13 7.609943e-01 -4.644406e-01 -4.529709e-01 1.886548e+01 0 69
-2.849827e+13 6.939222e+13 -1.735394e+14 -7.238247e-01 -7.365545e-02 -6.860413e-01 2.532129e+01 0 186380
-4.188058e+13 1.226865e+14 1.544670e+14 -3.455477e-01 5.999177e-01 7.215923e-01 1.835319e+01 0 20304494
-1.603414e+14 -2.288709e+13 -1.236660e+14 -8.914811e-01 -1.472902e-01 -4.284473e-01 -1.556079e+01 0 2477514
-1.625067e+14 -4.622903e+13 1.930098e+13 1.775054e-02 -5.111239e-01 8.593237e-01 1.426402e+01 0 10
-1.722550e+14 4.284214e+13 7.112997e+12 -9.270437e-01 -3.743753e-01 -2.080947e-02 1.844048e+01 0 1325224
5.972407e+13 1.557014e+14 -3.880501e+13 7.778175e-01 3.561945e-01 5.178082e-01 -1.223839e+01 0 4246522
1.619967e+13 -7.550058e+12 1.769689e+14 -4.217890e-01 -4.218474e-01 8.025826e-01 -1.273640e+01 0 13645132
-2.472140e+13 1.106658e+14 1.274703e+14 -1.371935e-01 1.137161e-01 9.839952e-01 -1.485754e+01 0 4577919
1.543016e+13 -1.698161e+14 -4.926268e+12 -8.336588e-03 -3.660081e-01 -9.305743e-01 -1.261303e+01 0 1314478
3.796417e+13 -1.405449e+14 -8.721012e+13 -7.226709e-03 -9.316984e-01 3.631610e-01 9.682672e+00 0 2800768
1.090487e+14 -6.324730e+12 -1.407963e+14 -1.990705e-01 3.862123e-01 -9.006725e-01 -1.775871e+01 0 1234538
-8.065573e+13 1.142688e+14 9.880844e+13 -9.291994e-01 -2.976142e-01 2.191217e-01 8.427680e+00 0 1742974
-7.261013e+13 -1.433767e+14 5.791862e+13 -3.174120e-01 -7.865955e-01 5.296387e-01 6.588153e+00 0 1572480
-8.080482e+13 1.221687e+14 9.294115e+13 -8.728218e-01 2.126194e-01 4.392893e-01 2.353044e+01 0 2236012
-9.774879e+13 -1.405790e+14 -1.661881e+13 -4.849237e-01 -1.238624e-01 8.657408e-01 8.803182e+00 0 12427751
-1.349157e+14 -7.587137e+13 7.211543e+13 2.115209e-01 -8.155915e-01 5.385809e-01 1.900681e+01 0 20069326
1.282018e+14 8.112028e+13 8.531206e+13 5.144531e-01 6.382084e-01 5.727373e-01 -9.722798e+00 0 3595651
3.712490e+13 1.369603e+14 -1.042696e+14 4.428375e-02 9.641463e-01 2.616504e-01 -1.851477e+01 0 6420324
-1.721670e+14 -3.422913e+12 1.195156e+13 -9.358551e-01 -1.599267e-01 3.140044e-01 -5.425896e+00 0 197191
-1.403361e+13 1.745683e+14 -1.717788e+13 3.255326e-01 9.403112e-01 -9.921431e-02 -1.914612e+01 0 4153270
1.231419e+14 1.191585e+14 -5.722629e+13 9.734660e-01 -8.659591e-02 -2.118136e-01 -2.109610e+01 0 89
7.505397e+13 -1.501172e+14 -3.218070e+13 -6.342610e-01 -3.241416e-01 -7.018869e-01 8.849878e+00 0 1778918
1.037898e+14 -9.015818e+13 -1.205911e+14 7.986257e-01 -4.869735e-01 -3.536295e-01 -1.240475e+01 0 13212876
-2.235439e+12 -3.282765e+13 1.674723e+14 7.399941e-01 -6.401510e-01 2.064352e-01 -6.218788e+00 0 388156
-1.418629e+13 -4.255829e+13 1.639495e+14 -4.389938e-01 -8.965018e-01 -5.974085e-02 6.151679e+00 0 4094619
-1.670945e+14 3.735121e+13 8.505458e+12 -4.280241e-01 8.548380e-01 2.933384e-01 6.398381e-01 0 6
-6.004363e+13 -1.191131e+14 1.607634e+14 2.208648e-01 -8.359508e-01 5.023993e-01 -1.340409e+01 0 18822902
7.801073e+13 -1.532605e+14 2.854489e+13 -2.131534e-01 -6.833481e-01 -6.982844e-01 -1.492480e+01 0 652307
-2.123587e+13 -5.936955e+13 1.593711e+14 -7.189006e-01 -1.829251e-01 6.706119e-01 -7.667924e+00 0 1487633
1.421091e+14 9.390194e+13 4.802601e+13 6.236387e-01 3.534407e-01 -6.972477e-01 1.215065e+01 0 1544855
-4.816233e+13 1.599532e+14 3.407786e+13 -9.458268e-01 3.010868e-01 -1.214844e-01 1.156378e+01 0 422572
-1.455922e+14 4.986920e+12 -8.720738e+13 -8.210512e-01 5.012349e-01 -2.732006e-01 -6.684205e+00 0 1350685
1.739311e+14 4.312894e+13 -5.573475e+13 9.198191e-01 3.476203e-01 -1.819147e-01 1.692363e+01 0 2192172
2.119574e+13 -1.662686e+14 2.924949e+13 1.571701e-01 -7.986826e-01 -5.808646e-01 -1.956835e+00 0 32832
9.444551e+13 3.356047e+12 1.551696e+14 2.093005e-01 -1.958682e-01 9.580339e-01 -2.063891e+01 0 5709512
-1.571927e+14 4.624820e+13 5.048023e+13 -8.648739e-01 3.025920e-01 4.005387e-01 -4.583806e+00 0 37149
-9.468821e+13 -2.655683e+13 1.449231e+14 -9.290438e-01 3.320815e-01 1.630933e-01 7.337736e+00 0 12088753
-1.226854e+14 5.419627e+13 1.058532e+14 4.918119e-01 3.984826e-01 7.741658e-01 1.016229e+01 0 566314
-1.508742e+13 -1.202462e+14 -1.196988e+14 4.931862e-01 -1.697019e-01 -8.532108e-01 1.105785e+01 0 645361
1.217338e+14 5.002746e+13 -1.144194e+14 6.620156e-01 7.171217e-01 2.178803e-01 1.112517e+01 0 386583
-1.519308e+14 -9.575768e+13 -1.985181e+13 3.201552e-02 -9.197444e-01 -3.912100e-01 -4.391525e+00 0 515157
-3.722049e+13 -1.485103e+14 7.478953e+13 -2.505860e-01 -3.520390e-01 9.018177e-01 -4.794484e+00 0 994101
1.495260e+14 -6.745730e+13 7.753070e+13 5.864260e-01 -7.056642e-01 3.976714e-01 1.316146e+01 0 17021470
3.918563e+13 -1.432177e+14 8.475796e+13 -3.161658e-01 -8.924117e-01 3.219326e-01 2.470268e+00 0 1868306
1.459962e+14 8.664225e+13 -5.835564e+12 9.548375e-01 8.909813e-02 2.834553e-01 -8.472073e+00 0 1000606
1.447428e+14 3.140565e+13 8.264380e+13 5.551293e-01 -8.042016e-01 2.123471e-01 -7.100595e+00 0 1249374
-6.271262e+13 -1.193743e+14 1.155587e+14 -4.525727e-01 -7.966156e-01 -4.007262e-01 1.607725e+01 0 6512652
-3.062529e+13 -1.485413e+14 -8.431691e+13 -8.013673e-03 -9.190432e-01 3.940753e-01 -1.192544e+01 0 337580
2.800614e+13 -1.298736e+13 1.686827e+14 6.076729e-01 4.656043e-01 6.433866e-01 5.023625e+00 0 973597
-1.271111e+14 -9.776170e+13 1.013628e+14 -3.478722e-01 -7.962364e-01 4.949672e-01 -2.023192e+01 0 1210122
-1.167961e+14 2.504687e+12 -1.230308e+14 -3.907788e-01 4.195677e-01 -8.193015e-01 -3.465153e+00 0 4823328
-1.713350e+14 -3.038957e+13 -3.550907e+13 -8.458619e-01 9.572090e-02 -5.247430e-01 -6.120850e+00 0 2723453
5.619358e+13 -9.656989e+13 -1.448909e+14 6.808718e-02 -3.173753e-02 -9.971744e-01 -1.193528e+01 0 394372
1.260908e+14 1.124064e+14 -2.263164e+13 9.161693e-01 -3.682462e-01 -1.582044e-01 -1.964649e+01 0 25446993
6.167876e+13 1.816148e+14 2.248275e+12 4.195799e-01 8.896918e-01 1.800033e-01 1.489603e+01 0 462216
-5.264164e+13 1.461262e+14 -7.274051e+13 -5.548286e-02 7.352808e-01 -6.754878e-01 -1.838792e+01 0 24623510
5.265211e+12 3.511907e+13 -1.763607e+14 5.586772e-01 -2.225612e-02 -8.290865e-01 -1.396185e+01 0 202250
4.579907e+13 -3.862582e+13 -1.596324e+14 7.758399e-01 -4.347918e-01 -4.571964e-01 7.069066e+00 0 2293061
1.004776e+14 -8.255304e+13 -1.130655e+14 9.278540e-01 -3.352170e-01 1.634517e-01 1.014467e+01 0 24129774
-5.725725e+13 1.390595e+14 8.468779e+13 -5.951573e-01 6.578023e-01 -4.616102e-01 -1.698023e+01 0 4475954
-3.062890e+13 -1.800702e+14 3.481711e+13 -1.216318e-02 -9.619233e-01 -2.730489e-01 2.277184e+01 0 3106133
-7.170513e+13 -1.520062e+14 -4.273950e+13 -2.232516e-01 -9.066148e-01 -3.580618e-01 6.121303e+00 0 1753767
1.690152e+14 -1.684284e+13 7.380122e+12 6.716733e-01 2.686096e-01 6.904374e-01 1.053792e+01 0 20
1.665833e+14 -4.254557e+11 6.044506e+13 8.031889e-01 -3.396181e-01 4.894356e-01 4.561296e+00 0 3722453
-4.649854e+13 -1.533364e+14 5.590861e+13 -9.429932e-01 -3.046731e-01 1.339332e-01 3.235154e+00 0 6270320
-1.095766e+13 1.746124e+14 -1.878572e+12 6.068203e-02 9.636474e-01 -2.601948e-01 -1.798245e+01 0 10184937
-2.798711e+13 -6.725285e+13 1.531966e+14 -6.838627e-01 3.026579e-01 6.638750e-01 -9.207279e+00 0 455580
-8.505434e+13 -8.679114e+13 1.227351e+14 -6.330213e-01 1.226136e-01 7.643625e-01 -1.939315e+01 0 10754142
-7.882195e+13 -1.186346e+14 -9.473611e+13 -7.534050e-01 -4.701676e-01 4.596992e-01 9.108751e+00 0 6222615
-1.577188e+14 -1.152233e+13 -6.306147e+13 -6.618222e-01 -5.431436e-01 -5.167073e-01 2.807357e+01 0 6431038
-8.849545e+13 -1.559494e+14 5.595222e+13 -3.664925e-01 -7.671809e-01 5.264188e-01 1.815027e+01 0 13722694
6.341814e+13 1.584243e+14 9.975474e+12 -1.368588e-01 9.845670e-01 1.090754e-01 -2.002182e+01 0 4227873
4.455691e+13 9.721319e+13 -1.371882e+14 -7.723577e-01 3.266432e-01 -5.447639e-01 -1.210849e+01 0 20610470
-7.262579e+13 -2.726858e+13 -1.519764e+14 9.798382e-02 -8.919384e-01 -4.414126e-01 -8.849196e+00 0 151060
7.649403e+13 -9.847333e+13 -1.160623e+14 8.658626e-01 -4.334491e-01 -2.498077e-01 -1.915296e+00 0 5663173
-9.075872e+13 -1.053566e+14 -9.802562e+13 -7.932026e-01 -5.815600e-01 1.806037e-01 2.447999e+00 0 869027
-1.673478e+14 4.178340e+13 -1.226084e+13 -9.986442e-01 3.791871e-02 3.566348e-02 9.082575e+00 0 5579132
2.792094e+13 1.218939e+14 1.162191e+14 1.657371e-03 9.990557e-01 4.341587e-02 -1.800464e+01 0 1494547
5.557721e+13 1.604921e+14 4.148460e+13 4.388100e-01 8.961354e-01 6.623529e-02 -1.544140e+01 0 1987748
7.780514e+13 1.429165e+14 5.244423e+13 3.047282e-01 4.406689e-01 8.443647e-01 1.494806e+01 0 6412790
8.755361e+13 -3.255197e+13 1.424110e+14 3.339090e-01 8.989523e-01 2.835306e-01 8.933386e-01 0 702510
-1.023501e+13 1.901751e+14 5.086121e+12 -7.926290e-01 6.095512e-01 1.365867e-02 2.468236e+01 0 19352670
-1.611938e+14 5.533131e+13 2.844007e+13 -7.833906e-01 2.696345e-01 5.599968e-01 6.985470e+00 0 1222790
-1.457371e+14 8.961922e+13 -7.112098e+12 -8.701501e-01 -1.870963e-01 4.558879e-01 1.164340e+01 0 2582870
-3.324840e+13 1.620757e+14 -4.392323e+13 -4.462672e-01 8.168419e-01 -3.655338e-01 -5.900331e+00 0 1142373
-8.584353e+13 4.186193e+13 -1.406091e+14 -8.669558e-01 -5.899429e-02 -4.948811e-01 6.506672e+00 0 1300739
3.038264e+13 8.574606e+13 1.515452e+14 -3.546282e-01 5.057449e-01 7.864229e-01 2.282094e+01 0 10992375
-1.627484e+14 -6.172762e+13 1.542941e+13 -9.478396e-01 -3.020462e-01 1.018242e-01 7.181459e+00 0 153027
-2.858238e+13 1.416941e+14 -8.924905e+13 -5.455681e-02 7.297605e-01 -6.815227e-01 1.286457e+01 0 2786443
-9.578339e+13 1.405780e+14 -2.172788e+12 -8.324483e-01 2.372546e-01 -5.007395e-01 1.003698e+00 0 400557
-9.074105e+13 -5.347224e+13 1.339868e+14 -5.966354e-01 -4.426232e-01 6.694108e-01 1.053361e+01 0 2619004
-2.998334e+13 -7.146169e+13 1.611067e+14 -2.390063e-01 -3.524285e-01 9.048039e-01 -1.662624e+01 0 11491414
5.435732e+13 -1.424096e+14 8.938092e+13 -1.972603e-01 -9.778062e-01 7.059313e-02 -1.063333e+01 0 56276
9.848810e+13 2.802396e+13 1.578811e+14 2.428051e-01 3.054730e-02 9.695940e-01 1.374284e+01 0 6825100
-5.511938e+13 -1.359202e+14 -9.494513e+13 1.820361e-02 -9.927165e-01 -1.190908e-01 1.488202e+01 0 12307085
1.388401e+14 7.328052e+13 -8.843492e+13 8.489774e-01 3.709486e-01 -3.763436e-01 1.391695e+01 0 567101
-3.789561e+13 8.447714e+13 -1.551913e+14 1.174808e-01 -8.305844e-02 -9.895957e-01 1.139163e+01 0 1056032
8.972891e+13 -8.296999e+13 1.188105e+14 4.107967e-01 -6.861124e-02 9.091417e-01 -1.100718e+01 0 2053510
3.730615e+12 -1.702358e+14 -3.046113e+13 -3.569174e-01 -1.601426e-01 -9.203066e-01 -1.062046e+01 0 1534936
2.844086e+12 -5.005241e+13 -1.806671e+14 -3.010232e-01 -5.795779e-02 -9.518539e-01 1.059335e+01 0 93482
1.541275e+14 -6.409351e+13 -8.086539e+13 6.841616e-01 -7.282817e-01 3.909708e-02 1.632601e+01 0 3248967
-1.610896e+14 5.695888e+13 6.185876e+13 -6.602139e-01 7.336580e-01 -1.608214e-01 1.502500e+01 0 828717
-8.942744e+13 2.876889e+12 -1.495641e+14 -7.021545e-01 -5.343391e-01 -4.705963e-01 1.683261e+01 0 191082
-2.442101e+13 1.705671e+14 -5.013242e+13 -3.966389e-01 4.326104e-01 -8.096455e-01 1.681695e+01 0 18653068
-1.614148e+14 -3.698698e+12 -5.204052e+13 -5.188439e-01 8.187546e-01 -2.458493e-01 -9.852980e+00 0 10134441
1.596689e+14 -6.689973e+12 6.651907e+13 8.905121e-01 9.352084e-02 4.452438e-01 -4.833699e+00 0 170225
5.688188e+13 1.804308e+14 6.037233e+13 -1.185199e-01 6.379945e-01 7.608654e-01 2.652982e+01 0 407917
4.494192e+12 -1.374007e+14 1.029794e+14 -5.362920e-01 -8.440008e-01 -7.317493e-03 -1.984342e+01 0 2720860
1.387313e+14 -8.292092e+13 -5.216422e+13 9.334816e-01 -3.586071e-01 3.620206e-03 -2.111554e+00 0 4534440
-1.483243e+14 -7.163180e+13 -1.100927e+14 -5.115107e-01 5.289164e-01 -6.772032e-01 -2.095081e+01 0 1467447
1.174554e+14 -3.345539e+13 1.207659e+14 8.151466e-01 -2.872422e-01 5.030189e-01 -1.133801e+01 0 1493600
-1.426183e+14 8.965403e+13 3.705624e+13 -7.276296e-01 6.858698e-01 -1.173757e-02 -6.019813e-01 0 976260
1.366951e+14 -9.766186e+13 -2.622967e+13 5.229354e-01 6.560131e-01 -5.442291e-01 8.614479e-01 0 8504825
1.007435e+14 -7.770490e+13 -1.142191e+14 -2.691569e-01 -7.554197e-01 -5.974074e-01 -1.322831e+01 0 12239109
5.469178e+13 1.022137e+14 -1.243167e+14 2.281458e-01 9.504420e-01 -2.112095e-01 1.379169e+01 0 15554896
1.264772e+14 -8.303429e+13 -8.123971e+13 7.709447e-01 -6.369011e-01 -1.114833e-03 8.792382e+00 0 569647
-1.104936e+14 1.272666e+14 2.399831e+13 -8.261544e-02 9.226641e-01 3.766507e-01 -9.992965e+00 0 136238
-3.133449e+12 -1.540463e+14 7.329045e+13 -1.325032e-01 -9.162361e-01 -3.780929e-01 7.987738e+00 0 1608427
1.662302e+14 3.105042e+13 -2.240883e+13 5.255777e-01 -8.392073e-01 -1.396397e-01 -1.659172e+01 0 18670338
3.405742e+13 -1.622963e+14 -7.360036e+13 -1.447405e-01 -4.121991e-01 -8.995232e-01 1.400850e+01 0 1341394
-1.751047e+14 1.215140e+13 -3.040495e+13 -6.036792e-01 3.177914e-02 -7.965937e-01 -1.473953e+01 0 1801583
-1.566326e+14 -6.709988e+13 -2.276427e+13 -2.378903e-01 -9.239629e-01 -2.995007e-01 -7.308062e+00 0 2028940
9.695201e+13 1.038037e+14 9.768353e+13 4.273046e-01 2.092045e-02 9.038656e-01 -9.898219e+00 0 1741957
1.186050e+14 -1.098450e+14 6.281360e+13 1.275231e-01 -9.909435e-01 4.205858e-02 -2.385065e+01 0 735943
6.415568e+13 1.158141e+14 -1.075533e+14 2.409821e-01 9.544574e-01 1.758941e-01 9.899513e+00 0 12172497
2.416641e+13 -1.024341e+14 1.340013e+14 -3.924151e-01 -5.786225e-01 7.149870e-01 -1.158614e+01 0 3708020
-5.659219e+12 4.467397e+13 -1.636240e+14 -9.172194e-01 -3.004784e-01 -2.615746e-01 9.490891e+00 0 2420422
-2.853504e+13 1.620187e+14 9.458399e+13 -2.992828e-01 7.997882e-01 5.203543e-01 -1.345327e+01 0 14618454
-1.456552e+14 -7.659202e+13 5.181684e+13 -8.740228e-01 -3.319638e-01 3.548015e-01 -1.204809e+01 0 10216210
-9.446560e+13 -1.039997e+14 9.909823e+13 -9.486406e-01 -8.035944e-02 3.059794e-01 -1.038615e+01 0 372247
-3.018219e+13 9.726780e+13 1.364148e+14 -4.917199e-01 -2.475063e-01 8.348366e-01 7.960250e+00 0 1886896
1.276972e+14 -6.018314e+13 1.001521e+14 2.624852e-01 -4.890391e-01 8.318307e-01 -2.198540e+01 0 1464962
-1.642049e+14 -1.692245e+13 6.359389e+13 -7.264557e-01 4.021382e-01 5.572674e-01 1.427687e+01 0 1630774
3.427527e+13 1.592222e+14 -6.365911e+13 6.080656e-01 2.545489e-01 -7.519715e-01 -1.978217e+01 0 1869509
6.900619e+13 -1.039809e+14 -1.148594e+14 8.340307e-01 -4.768440e-01 -2.775114e-01 3.359357e+00 0 7714619
-4.871402e+13 1.458561e+14 -7.466000e+13 -5.680625e-02 8.409349e-01 -5.381463e-01 -1.675121e+01 0 17515547
8.731231e+13 5.838745e+13 -1.356039e+14 -1.920475e-01 5.516459e-01 -8.116678e-01 -1.733811e+01 0 224941
8.477949e+13 -3.598786e+13 -1.564894e+14 9.070327e-01 1.198592e-01 -4.036404e-01 1.376005e+01 0 2080550
-1.695640e+14 3.857256e+13 -3.725607e+13 -8.391268e-01 -2.745216e-01 -4.695787e-01 -1.013819e+01 0 12647011
-6.848812e+13 -8.899645e+13 1.272071e+14 -4.791881e-01 4.856051e-01 7.311405e-01 -1.732537e+01 0 12075
-1.208586e+14 1.064632e+14 -7.219021e+13 -4.946511e-01 6.611588e-01 -5.640828e-01 -8.630587e+00 0 1514781
-7.460808e+13 -1.475742e+14 -5.209135e+13 -4.132172e-01 -6.493980e-01 6.383837e-01 -1.346001e+01 0 8337090
2.829840e+13 1.190944e+14 1.183071e+14 -1.434243e-02 2.908193e-01 9.566705e-01 -1.190509e+01 0 1978171
1.964590e+14 -6.231266e+13 3.646794e+13 7.933798e-01 -4.358757e-01 -4.249245e-01 -1.878117e+01 0 4619455
-1.460504e+14 -1.896460e+13 -8.467166e+13 -9.508832e-01 -4.843337e-02 -3.057375e-01 -2.482090e+00 0 84341
-2.304138e+13 -8.415366e+13 -1.534918e+14 -5.503947e-01 4.545912e-01 -7.002946e-01 1.097657e+01 0 3534379
-1.625756e+14 -5.695550e+13 2.601668e+13 -6.364047e-01 3.157154e-01 7.037846e-01 7.666355e+00 0 14762252
9.686815e+13 1.295712e+13 -1.399375e+14 6.416701e-01 7.600034e-01 -1.032196e-01 7.374261e+00 0 6155
-1.268567e+14 -1.086963e+14 3.192971e+13 -2.313675e-01 -7.530068e-01 6.159950e-01 9.426004e+00 0 252485
1.481269e+14 -4.074384e+13 -8.894586e+13 5.561196e-01 -8.304145e-01 3.380528e-02 9.534669e+00 0 4979562
9.237937e+13 -1.479733e+14 1.333094e+13 3.749907e-01 -9.266719e-01 2.571502e-02 7.613421e+00 0 5814797
-1.034110e+14 1.374504e+14 6.552107e+13 -6.511942e-01 -2.530382e-02 7.584892e-01 1.646106e+01 0 577835
-9.634996e+13 3.424697e+13 -1.414888e+14 1.566624e-01 4.319641e-01 -8.881801e-01 6.151049e+00 0 1641875
1.135345e+14 -9.150043e+13 -1.048072e+14 6.175863e-01 4.155545e-02 -7.854045e-01 -1.446737e+01 0 7904879
1.083720e+13 3.161836e+13 1.739305e+14 -6.248267e-01 5.915069e-01 5.096187e-01 -1.296754e+01 0 17793070
-1.424617e+14 -5.578124e+13 -7.452949e+13 -7.250266e-01 -6.874463e-01 -4.188043e-02 7.128431e+00 0 1262454
-1.694352e+14 1.147529e+13 1.777279e+13 -5.517994e-01 -7.468754e-01 -3.710722e-01 1.267031e+01 0 1266774
6.855849e+13 -2.303011e+13 1.550761e+14 1.397731e-01 -2.151013e-02 9.899499e-01 1.548397e+01 0 11470216
-9.515506e+13 3.244093e+13 -1.465000e+14 -5.160030e-01 -3.928533e-01 -7.611880e-01 1.170074e+01 0 236555
-1.053578e+14 -1.135915e+14 6.933710e+13 -8.497540e-01 -2.244590e-02 -5.267014e-01 -5.602753e+00 0 662911
9.698857e+13 -1.265368e+14 -7.282068e+13 7.149723e-01 -5.627682e-01 -4.148573e-01 1.185340e+01 0 2675391
-1.151025e+14 -1.365671e+14 8.722093e+10 8.317765e-02 -9.964532e-01 1.274474e-02 1.730852e+01 0 1859550
2.890938e+13 -6.267468e+13 1.620735e+14 -1.924517e-01 -4.902712e-02 9.800810e-01 -7.521656e+00 0 4237609
-1.293643e+14 -1.164158e+13 -1.161652e+14 -9.407893e-01 -6.583830e-02 -3.325369e-01 9.380498e+00 0 2714853
-6.373352e+13 -1.338851e+14 -8.509989e+13 -5.522485e-01 -6.831001e-01 -4.779078e-01 1.195176e+01 0 6
-1.417081e+14 2.680584e+13 -9.288926e+13 -3.771251e-01 3.252890e-01 -8.671584e-01 2.930226e+00 0 674514
1.600717e+14 3.933912e+13 5.013109e+13 7.898850e-01 -8.731931e-02 -6.070066e-01 1.821383e+01 0 6203644
-4.556549e+13 1.259612e+14 1.044997e+14 -8.635211e-01 3.290635e-01 3.821629e-01 5.566571e+00 0 453696
3.829964e+13 3.459920e+12 1.658137e+14 -3.444946e-01 -4.204993e-03 9.387789e-01 5.199127e+00 0 4412836
-1.060357e+14 3.123054e+13 -1.353622e+14 8.422516e-02 -1.520319e-01 -9.847804e-01 1.621795e+01 0 1650204
7.411234e+13 -3.720231e+13 -1.558083e+14 7.530624e-01 6.385893e-01 -1.584323e-01 -1.305711e+01 0 9161617
-2.071832e+13 1.696017e+14 1.100624e+13 3.390166e-01 8.052599e-01 -4.864404e-01 5.640454e+00 0 1753389
8.578773e+13 -8.905709e+13 -1.186058e+14 2.376406e-01 -3.046976e-01 -9.223266e-01 1.912005e+01 0 10749945
-1.421646e+14 8.117111e+13 4.683599e+13 -8.215619e-01 1.088187e-01 5.596379e-01 8.535276e+00 0 1187505
1.694384e+13 8.285484e+13 -1.677768e+14 5.679179e-01 5.198367e-01 -6.381528e-01 -1.885122e+01 0 1547933
1.490624e+14 -1.269298e+14 -1.585106e+13 4.001982e-01 -8.299547e-01 -3.886085e-01 1.226327e+01 0 3105776
5.675983e+13 -1.373940e+14 -1.268184e+14 4.971212e-01 -5.306504e-01 -6.864989e-01 -9.832546e+00 0 24870716
1.740086e+14 6.228986e+13 -7.453710e+13 8.940505e-01 4.183887e-01 1.600767e-01 -1.619410e+01 0 3204201
-7.427502e+13 -4.301874e+13 -1.481820e+14 -4.368428e-01 -7.368209e-01 -5.160071e-01 -7.688477e+00 0 4420649
-6.167485e+13 8.748370e+13 1.410574e+14 2.242349e-01 1.961935e-02 9.743376e-01 1.065616e+01 0 362362
1.213122e+14 -6.596637e+13 -9.866737e+13 -5.124802e-03 6.773968e-01 -7.356000e-01 1.298468e+01 0 340374
-1.442780e+14 5.595878e+13 -7.025720e+13 8.172531e-02 9.947002e-01 6.239043e-02 3.204272e+00 0 4226324
-1.335879e+14 9.447919e+13 -5.304943e+13 -2.915616e-01 7.331050e-01 -6.144501e-01 -1.332615e+00 0 1685258
-1.553655e+13 1.064519e+14 1.356844e+14 7.713191e-02 6.258014e-01 7.761593e-01 -1.044193e+01 0 365171
1.675769e+14 2.295772e+13 -1.510621e+13 5.419433e-01 8.059427e-01 2.382307e-01 -1.353543e+00 0 2655010
-5.270404e+13 1.085375e+14 -1.656551e+14 1.883900e-01 7.577329e-01 -6.247800e-01 -1.763952e+01 0 5491057
1.865318e+13 1.664976e+14 4.652745e+13 2.104877e-01 9.710151e-01 1.132455e-01 -1.425215e+01 0 13000217
-1.063493e+14 1.222282e+14 -5.157817e+13 -1.406442e-01 4.521294e-01 8.807941e-01 4.391928e+00 0 11112083
-1.301200e+14 -4.576373e+13 1.016746e+14 -7.973721e-01 4.139912e-01 4.391003e-01 1.134963e+01 0 546338
-8.769280e+13 2.687501e+13 -1.506672e+14 -7.150016e-01 -6.818636e-01 -1.543851e-01 1.571252e+01 0 16146901
1.300228e+14 -9.418457e+13 6.962627e+13 8.993972e-03 -8.476020e-02 9.963608e-01 1.526194e+01 0 2611162
1.626423e+14 3.725579e+13 -5.790333e+13 9.481226e-01 6.169236e-02 -3.118614e-01 -1.904801e+01 0 2445312
2.459756e+13 -1.132828e+14 1.241607e+14 2.364993e-01 -3.007369e-02 9.711661e-01 -1.437721e+01 0 5574209
-2.763480e+13 -3.622005e+13 -1.679287e+14 3.066610e-02 -3.861021e-01 -9.219462e-01 -1.178153e+01 0 12366223
2.256219e+14 -2.451514e+14 -8.210518e+13 8.189610e-01 -4.651466e-01 -3.360678e-01 2.290848e+01 0 3277181
-8.474858e+13 7.551500e+13 -1.260238e+14 -9.600224e-01 -2.784745e-01 2.844190e-02 -1.365153e+00 0 2243658
-9.386533e+12 1.460410e+13 -1.792169e+14 -8.210126e-02 1.920260e-01 -9.779496e-01 1.543264e+01 0 2900513
1.670907e+14 1.410110e+13 -2.708337e+13 4.423506e-01 -8.837835e-01 1.524886e-01 -2.716082e+00 0 1635835
1.128970e+14 -1.287752e+14 1.159538e+13 9.931101e-01 -1.151624e-01 2.167790e-02 -4.904621e+00 0 1775645
-1.116451e+14 -2.357899e+13 1.261195e+14 4.309199e-01 -2.787872e-01 8.582457e-01 6.208914e+00 0 1032412
1.640625e+14 6.129074e+13 -1.556394e+14 9.575676e-01 2.788137e-01 -7.298805e-02 -2.356400e+01 0 3830097
1.073955e+14 2.382736e+13 -1.292200e+14 7.496711e-02 5.669066e-01 -8.203639e-01 -8.524799e+00 0 948422
1.596625e+14 -2.239786e+14 1.562041e+14 8.013517e-01 -5.775371e-01 1.558410e-01 2.636026e+01 0 10365275
-1.263866e+13 -1.680532e+14 -3.932683e+13 3.889362e-01 -8.188538e-01 -4.221458e-01 1.958228e+01 0 469697
1.541515e+14 -1.608774e+12 7.216765e+13 4.473275e-01 1.126767e-01 8.872441e-01 -1.096419e+01 0 349428
9.607426e+13 -1.424582e+14 2.093630e+13 -1.058800e-01 -9.241064e-01 -3.671740e-01 5.427636e+00 0 13284134
8.131187e+13 1.101935e+14 -1.140559e+14 2.524031e-01 6.811157e-01 -6.872948e-01 9.248891e+00 0 1411013
-3.112426e+13 -1.012678e+14 -1.326040e+14 7.234864e-01 3.374281e-01 -6.022539e-01 1.371490e+01 0 13688757
-1.925337e+14 -2.847848e+12 4.233890e+13 -9.899052e-01 -9.710533e-02 1.032391e-01 -2.143734e+01 0 894797
-9.423996e+13 5.646523e+13 1.294686e+14 -8.660381e-01 -4.999471e-01 5.555586e-03 -1.039063e+01 0 2145217
-1.192775e+14 -7.323064e+13 -9.999316e+13 -2.244577e-01 -8.327459e-01 -5.061157e-01 -4.098629e+00 0 5230669
2.261056e+13 1.362125e+14 1.060687e+14 7.259031e-01 6.715341e-01 -1.486835e-01 1.292247e+01 0 2755719
-1.887309e+14 6.257696e+12 -2.335323e+13 -8.210518e-01 3.552779e-01 4.468238e-01 1.575243e+01 0 8168120
-1.353294e+14 1.104571e+14 -1.361532e+12 -1.880477e-01 7.699945e-01 6.097102e-01 1.113992e+01 0 2255708
-1.484700e+14 6.217514e+13 -5.986538e+13 -8.695660e-01 1.557275e-01 -4.686191e-01 -1.700596e+01 0 4331724
-1.707342e+13 2.284145e+13 1.690620e+14 5.977902e-01 4.465757e-01 6.657455e-01 1.234784e+01 0 3099283
1.450882e+14 4.381401e+13 8.908499e+13 7.817163e-02 8.244324e-02 9.935252e-01 1.022128e+01 0 1288927
9.455850e+13 -5.330939e+13 1.461808e+14 1.569938e-01 -7.778757e-01 6.084918e-01 5.747375e+00 0 1120521
4.594390e+13 -1.646278e+14 -1.313257e+13 9.149917e-01 -1.595988e-01 -3.705650e-01 4.776926e-01 0 3038323
-1.251569e+14 2.256486e+12 -1.150678e+14 -8.958598e-01 6.761233e-02 4.391626e-01 5.540058e+00 0 8335353
-1.231605e+14 2.848647e+13 -1.246641e+14 5.931012e-02 6.479266e-01 -7.593902e-01 -2.425160e+01 0 6694221
1.154690e+14 -1.263691e+14 1.566335e+13 2.861874e-01 -5.190933e-01 8.053812e-01 -8.193414e+00 0 10826117
-5.116863e+13 1.041177e+14 1.248255e+14 7.086840e-01 6.489153e-01 2.769043e-01 -8.602939e+00 0 399527
-4.681482e+13 -1.460518e+14 7.845373e+13 -4.206449e-01 -8.901973e-01 1.749477e-01 1.570652e+01 0 12072853
1.339900e+14 8.092087e+13 7.128582e+13 9.943601e-01 9.795716e-02 -4.064837e-02 6.024061e+00 0 3316263
-1.936397e+14 -4.699875e+13 -7.724586e+13 -5.690504e-01 2.578515e-01 -7.808292e-01 1.584928e+01 0 10859825
-2.008825e+14 -1.545281e+13 -6.354444e+12 -9.616183e-01 -1.439890e-01 -2.335751e-01 2.016972e+01 0 7025218
8.369560e+13 3.589029e+13 -1.433500e+14 8.720642e-01 -4.638198e-01 1.561257e-01 5.401679e+00 0 3244600
7.468963e+13 4.906561e+13 -1.452789e+14 6.002777e-01 7.265954e-01 -3.342541e-01 -4.169405e+00 0 134020
1.578414e+14 2.078498e+13 7.225861e+13 9.257571e-01 3.680143e-01 -8.682876e-02 -2.093647e+01 0 99067
-5.499388e+13 -1.700270e+14 -2.854447e+13 -4.582500e-01 -7.004746e-01 5.471219e-01 1.312196e+01 0 10640131
1.386851e+14 -1.288080e+12 -9.825217e+13 6.684448e-01 5.179770e-01 -5.337428e-01 -5.339116e+00 0 23777449
1.557155e+14 -1.101504e+14 1.612447e+13 9.449890e-01 -3.199944e-01 6.781865e-02 -1.549764e+01 0 940161
-3.120694e+13 1.668907e+14 3.536188e+13 7.447786e-01 6.374215e-01 1.974809e-01 8.477525e+00 0 1502557
2.896045e+13 5.680019e+12 1.689412e+14 -2.997867e-01 -3.672751e-01 8.804754e-01 -1.144264e+01 0 995763
-2.316166e+14 -2.989456e+13 6.938192e+13 -7.652936e-01 8.241093e-02 6.383841e-01 -1.727327e+01 0 5872425
-9.368899e+13 1.379462e+14 -9.883044e+13 -5.020907e-01 6.872275e-01 -5.249983e-01 1.935846e+01 0 3624584
9.440378e+13 2.282099e+13 -1.422015e+14 4.234447e-01 5.588785e-01 -7.129862e-01 -9.713932e+00 0 6089933
-3.473766e+13 -6.978271e+13 -1.592752e+14 -6.912366e-01 -6.905678e-01 -2.128571e-01 1.716353e+01 0 2887414
1.653704e+14 2.122242e+13 -6.585778e+13 9.135193e-01 3.785053e-01 -1.490514e-01 8.489231e+00 0 3
1.398596e+14 -4.680237e+13 9.407187e+13 -5.427568e-02 2.021290e-01 9.778538e-01 8.358447e+00 0 4751655
-2.742703e+13 -9.724038e+12 1.687021e+14 -3.519482e-02 -7.031244e-02 9.969040e-01 -3.252785e+00 0 26024
1.644529e+14 6.180878e+13 4.107780e+13 4.409159e-01 6.475802e-01 6.214766e-01 1.692261e+01 0 26341343
1.533576e+14 -6.507360e+13 -1.071257e+14 5.041005e-01 -2.725301e-01 -8.195182e-01 -1.540140e+01 0 17854193
-1.107569e+14 4.688222e+13 -1.228283e+14 -9.753610e-01 1.822139e-01 -1.243745e-01 -3.278622e+00 0 271977
1.012050e+14 -1.208772e+14 8.472801e+13 5.036026e-01 -6.891900e-01 -5.209622e-01 1.498331e+01 0 895690
-1.221632e+14 -1.042961e+14 5.453579e+13 1.494241e-01 2.642268e-01 9.528151e-01 5.448026e+00 0 12965361
1.461707e+14 -6.333658e+13 6.528900e+13 5.396963e-01 -1.861747e-01 8.210158e-01 7.926028e+00 0 4043535
-1.713973e+13 2.250763e+13 1.798155e+14 1.847069e-02 -4.093051e-01 9.122106e-01 -1.343283e+01 0 5296229
1.165492e+14 -1.625635e+14 -6.431092e+13 4.943371e-01 -7.092483e-01 -5.025909e-01 1.924100e+01 0 3257285
-2.457060e+13 7.906454e+13 -1.570293e+14 1.860739e-01 7.423292e-01 -6.436800e-01 -1.852574e+01 0 12688271
9.022629e+13 1.625005e+14 4.897930e+12 -3.772113e-02 9.763958e-01 -2.126694e-01 2.420652e+01 0 10423186
-1.298859e+14 -1.049112e+14 -3.414973e+13 -9.294208e-01 -1.691907e-01 3.279505e-01 9.021698e+00 0 7049493
6.923586e+13 8.225948e+13 1.337558e+14 -2.022662e-01 4.166278e-01 8.862898e-01 1.064851e+01 0 2115323
7.481473e+13 -1.049368e+14 -1.239572e+14 -1.874531e-01 -9.167449e-01 -3.527607e-01 -2.003570e+01 0 67031
-1.240534e+14 1.633054e+13 1.264001e+14 -3.694406e-01 -3.343364e-01 8.670253e-01 -8.259923e+00 0 1862724
-6.897024e+13 1.551338e+14 8.440981e+11 -3.236135e-01 7.967788e-01 -5.103116e-01 6.366822e+00 0 587006
1.303815e+14 9.850022e+13 4.815298e+13 1.433592e-01 4.384085e-01 8.872689e-01 8.888697e+00 0 1924147
3.155877e+13 1.619211e+14 -4.610234e+13 -4.408990e-01 7.019719e-01 -5.593242e-01 1.177838e+01 0 8
3.887156e+13 9.882587e+13 -1.396177e+14 -2.681200e-01 2.222580e-01 -9.373970e-01 1.320614e+01 0 298840
3.422289e+13 -1.954822e+13 1.680162e+14 -5.200461e-01 -5.395601e-01 6.621382e-01 -9.812500e+00 0 9842382
4.632421e+13 1.629467e+14 3.738331e+13 5.477352e-01 7.337342e-01 4.020203e-01 -1.727078e+01 0 30227013
1.013325e+13 1.266195e+14 -1.127604e+14 1.473530e-02 3.010381e-01 -9.534983e-01 8.379394e+00 0 5880665
-6.859483e+13 -9.940198e+13 1.258718e+14 -7.281211e-01 -6.520154e-01 2.114606e-01 -8.169175e+00 0 2197123
1.388872e+12 -1.203941e+14 1.255873e+14 5.519787e-01 -7.717108e-01 3.158827e-01 1.297862e+01 0 4926945
9.328885e+13 1.254908e+14 -6.981125e+13 4.698833e-01 6.796727e-01 -5.632537e-01 -2.753144e+01 0 8339930
-8.702345e+13 -1.004950e+14 -1.062291e+14 -1.749867e-01 -8.971674e-01 -4.055493e-01 -3.130355e+00 0 5962814
-1.412776e+14 7.883472e+13 6.292154e+13 -9.580081e-01 2.820118e-01 5.186281e-02 1.063579e+01 0 626176
1.475954e+14 7.720261e+13 3.251007e+13 8.577979e-01 -3.873465e-01 -3.378541e-01 2.221604e+00 0 633397
8.884913e+13 -1.477556e+14 2.564524e+13 6.744714e-02 -6.749082e-01 -7.348128e-01 -2.204690e+01 0 10904656
4.810799e+13 -1.191051e+14 -1.115899e+14 1.690468e-01 4.213589e-01 -8.909993e-01 -1.165217e+01 0 278370
-2.493685e+13 1.810586e+14 1.865221e+13 -5.698460e-01 5.756726e-01 5.864100e-01 -8.426382e+00 0 2340681
-1.619777e+14 -2.615793e+13 -4.687705e+13 -6.255061e-01 -6.792396e-01 3.838953e-01 1.122939e+00 0 240020
-4.826007e+13 1.688578e+14 6.470700e+13 -4.787448e-01 8.594360e-01 1.793688e-01 1.271557e+01 0 13404658
1.518661e+14 -5.726613e+13 -6.741218e+13 9.237266e-01 2.307568e-01 -3.057459e-01 -7.923947e+00 0 926352
4.330030e+13 -1.419652e+14 -1.069897e+14 -1.159428e-01 -1.753830e-01 -9.776493e-01 1.343418e+01 0 12645020
-1.223668e+14 1.125109e+14 3.411655e+13 -9.047197e-01 4.260000e-01 -2.494613e-03 -3.579957e+00 0 30
-3.810981e+13 1.635867e+14 2.714406e+13 -3.329475e-01 9.337797e-01 1.311539e-01 5.956102e+00 0 1306758
1.181836e+14 -1.419124e+14 -1.974751e+13 8.706489e-01 -4.308619e-01 -2.373363e-01 -1.061059e+01 0 40
-1.415993e+14 9.587290e+13 -2.573795e+12 -2.577667e-01 7.088783e-01 -6.565424e-01 2.086437e+00 0 2487283
-2.383443e+13 -1.752356e+14 -8.027210e+12 4.171684e-01 -8.799007e-01 -2.274760e-01 1.255924e+01 0 122019
-3.367231e+13 1.803179e+14 2.950148e+13 3.193604e-01 9.152950e-01 2.454467e-01 -2.523730e+01 0 1435386
-3.670625e+13 1.377729e+14 1.288137e+14 -4.707084e-01 6.688763e-01 5.753591e-01 2.596096e+01 0 1583364
1.656793e+14 -4.369954e+13 -3.166652e+13 7.184454e-01 -6.922978e-01 6.752727e-02 4.708820e+00 0 3193471
1.112251e+14 9.856763e+13 8.601563e+13 7.269091e-01 -2.405378e-01 6.432299e-01 -1.599953e+01 0 7743796
-4.276496e+13 8.732745e+12 1.739378e+14 1.787100e-01 -7.970669e-01 5.768423e-01 -1.372300e+01 0 8996471
2.280058e+13 1.130996e+14 -1.316824e+14 2.847905e-02 9.454762e-01 -3.244436e-01 1.953679e+01 0 20140826
-1.734706e+14 -4.883920e+13 2.961401e+13 -9.177825e-01 -1.861905e-01 3.507254e-01 -1.043162e+01 0 1984280
-1.228428e+13 2.278406e+13 -1.693660e+14 3.927672e-01 8.966717e-01 -2.042395e-01 -1.900600e+01 0 30772853
-2.574097e+13 8.179419e+13 1.472411e+14 -1.995985e-01 1.498213e-01 9.683563e-01 1.151076e+01 0 2024595
7.878863e+13 1.269025e+14 8.598554e+13 7.283349e-01 -3.198457e-01 6.059925e-01 -2.380365e+01 0 1549187
-7.987274e+13 2.442738e+14 -2.898311e+13 1.322039e-01 8.681058e-01 -4.784501e-01 1.407398e+01 0 11692222
5.397584e+13 -9.614597e+12 -1.619384e+14 2.607986e-01 -1.961982e-01 -9.452462e-01 9.904250e+00 0 1487863
-1.440392e+14 -7.993514e+13 4.679510e+13 -2.649536e-01 -9.633572e-01 4.174439e-02 1.533443e+01 0 6419842
-1.193235e+14 1.093926e+14 -5.429432e+13 -6.389721e-01 3.014808e-01 -7.076892e-01 1.238114e+01 0 7730447
-8.706499e+13 -4.542093e+13 -1.402270e+14 -5.291583e-01 2.905910e-01 -7.972129e-01 -2.078311e+01 0 7521041
8.915296e+13 1.067988e+13 1.461493e+14 9.948550e-01 -2.443473e-02 9.831852e-02 -7.624763e+00 0 2241015
8.835482e+13 1.089079e+14 -9.898672e+13 -2.049738e-01 9.663910e-01 -1.551585e-01 1.802267e+01 0 39
-1.650299e+14 3.119018e+12 -3.923994e+13 -1.913557e-01 -5.289643e-01 -8.267888e-01 -1.746796e+00 0 1
-2.797669e+13 -1.335054e+14 1.077065e+14 -8.409461e-01 -2.298616e-01 4.898707e-01 2.760741e+00 0 3102230
1.685369e+14 -1.746778e+13 5.258691e+13 4.148674e-01 -3.400258e-01 8.439594e-01 1.072578e+01 0 5043237
9.821071e+13 3.105659e+13 1.429764e+14 7.586727e-01 2.731386e-01 5.914482e-01 1.334231e+01 0 3066065
-1.436602e+14 1.030404e+14 -1.892016e+13 1.139227e-01 9.432500e-01 3.119311e-01 8.615884e+00 0 21631419
9.632524e+13 1.561618e+13 -1.499529e+14 -1.924444e-02 2.109583e-01 -9.773056e-01 -1.350794e+01 0 59653
3.074346e+13 -1.568301e+14 -5.997137e+13 -1.455163e-02 -5.528807e-01 -8.331333e-01 1.551028e+01 0 6001552
-6.373035e+12 -1.402732e+14 -1.039599e+14 2.660286e-01 -8.505218e-01 -4.536975e-01 1.260461e+01 0 10188998
-8.301941e+13 8.752514e+13 1.222918e+14 -7.079151e-01 6.927461e-01 -1.376922e-01 -4.920162e+00 0 622573
-1.448446e+14 -8.657758e+13 -2.360422e+13 -9.468027e-01 -2.144184e-01 -2.399780e-01 3.516483e+00 0 2035115
-4.135104e+13 1.312275e+14 -1.079210e+14 -3.387237e-01 4.407847e-01 -8.312491e-01 -1.326974e+01 0 23459071
-1.007862e+14 1.321711e+14 -4.780170e+13 -2.962636e-01 8.153484e-01 -4.974282e-01 5.730481e+00 0 52399
-1.648412e+14 4.341085e+13 -2.214496e+13 -2.346108e-01 9.717930e-01 -2.400419e-02 5.871378e+00 0 2270238
1.433002e+14 -6.381338e+13 7.715613e+13 5.492465e-01 -1.214053e-01 8.267944e-01 -1.161200e+01 0 3790260
-1.302132e+14 -1.512780e+13 -1.089180e+14 1.936347e-01 -5.044964e-01 -8.414208e-01 1.126006e+01 0 7659837
-1.074999e+14 8.184904e+13 1.048137e+14 -3.627590e-01 8.938047e-01 2.636647e-01 -1.540571e+01 0 2647892
1.143282e+14 -1.230702e+14 3.076489e+13 -6.980177e-02 -9.840441e-01 1.636610e-01 2.315009e-01 0 1946730
7.133689e+13 1.405549e+14 6.606914e+13 9.832330e-01 -1.734261e-01 -5.635809e-02 -1.733411e+01 0 331586
1.407700e+14 -7.775352e+13 -6.454801e+13 9.287106e-01 3.548485e-01 1.076066e-01 1.467375e+01 0 2744533
-1.522774e+14 -1.353962e+13 -1.064678e+14 -9.459009e-01 -3.064404e-01 -1.066104e-01 -1.898728e+01 0 9224667
6.766186e+13 -4.035948e+13 -1.506346e+14 -6.750809e-01 -3.037628e-02 -7.371181e-01 -1.163231e+01 0 2774564
1.520327e+14 -3.143722e+13 7.300938e+13 9.798132e-01 -1.631725e-01 -1.155026e-01 1.436239e+01 0 2633053
-1.502459e+14 3.078083e+13 1.037151e+14 -5.354173e-01 6.733459e-01 5.098368e-01 8.386030e+00 0 3452605
-4.219508e+12 -1.528410e+14 8.143163e+13 -8.505846e-01 -4.918042e-01 1.861033e-01 1.698292e+00 0 11184322
-5.298170e+13 -1.127287e+13 -1.739323e+14 -5.709959e-01 -2.953331e-01 -7.659909e-01 1.212491e+01 0 6450601
-1.283314e+14 1.835733e+13 1.126573e+14 -8.078457e-01 5.215931e-01 2.744556e-01 -1.711209e+01 0 684170
1.568449e+14 -5.041725e+13 4.534276e+13 8.323459e-01 -2.681986e-01 4.850461e-01 -9.892863e+00 0 9168196
1.336752e+14 -1.059101e+14 9.341101e+12 9.439773e-01 -1.814491e-01 2.756503e-01 1.103962e+01 0 2447358
-7.432964e+13 -1.817026e+14 1.644620e+14 -3.716435e-01 -7.855942e-01 4.946948e-01 -2.300778e+01 0 13607736
3.532394e+13 1.057781e+14 -1.308661e+14 -1.944483e-01 -1.623405e-01 -9.673859e-01 -8.623274e+00 0 1782036
1.392746e+14 7.536167e+13 -7.806634e+13 9.272420e-01 2.472950e-01 2.811895e-01 1.165435e+01 0 3293272
6.600165e+13 3.865631e+13 1.814450e+14 8.183268e-01 -2.347012e-01 5.246491e-01 -2.081705e+01 0 6951468
-3.455314e+13 -7.532070e+13 -1.488928e+14 1.116897e-01 -7.472255e-01 -6.551179e-01 1.019318e+01 0 11010440
9.945871e+13 -2.472975e+13 1.351967e+14 9.761773e-01 -2.132048e-01 4.026825e-02 -9.767584e+00 0 1265626
1.431935e+14 -8.443118e+13 4.171961e+13 4.114983e-01 -9.113198e-01 -1.285829e-02 7.920905e+00 0 2907442
1.685231e+14 -1.352146e+13 4.810622e+13 7.881697e-01 -5.452483e-01 2.854695e-01 -1.429301e+01 0 2136779
8.790158e+12 1.952484e+13 1.710787e+14 -7.909823e-01 -1.586478e-01 5.909127e-01 -5.560667e+00 0 11421235
2.129381e+12 -1.373829e+14 1.034251e+14 8.274487e-02 -2.912890e-01 9.530498e-01 1.229073e+01 0 199726
1.971419e+13 1.102779e+14 -1.279157e+14 5.811740e-02 3.382800e-01 -9.392492e-01 5.250102e+00 0 1753728
-1.041206e+14 5.219372e+12 -1.340683e+14 -5.274807e-01 -3.054680e-01 -7.927505e-01 3.664985e-01 0 1
-4.113135e+12 -2.458296e+13 1.706355e+14 8.498541e-01 3.347176e-03 5.270073e-01 9.119706e+00 0 17240909
-1.542010e+14 8.131929e+13 -4.199422e+13 -2.760835e-01 5.960869e-01 -7.539618e-01 -1.860040e+01 0 3230454
-4.447897e+12 9.516448e+13 1.449214e+14 -7.764705e-01 4.376347e-01 4.533976e-01 1.412508e+01 0 3822895
2.304847e+14 3.099373e+13 -4.783956e+13 9.237098e-01 3.547656e-01 -1.445735e-01 -1.297673e+01 0 5251414
1.636497e+14 2.722610e+13 3.556467e+13 8.885520e-01 -4.061062e-01 -2.134315e-01 -7.645360e+00 0 877288
-9.054558e+13 1.432384e+14 -8.568792e+12 1.352000e-01 9.717907e-01 -1.932453e-01 5.819387e-01 0 4350109
1.687519e+14 -1.028317e+13 -5.788967e+13 9.869884e-01 1.179580e-01 -1.092691e-01 1.117921e+01 0 2613546
-1.464077e+14 -9.946463e+13 -1.391919e+12 -9.225198e-01 -6.583364e-02 3.802936e-01 5.560522e+00 0 712697
6.664784e+13 -9.250472e+13 -1.259249e+14 -3.402047e-02 -8.306086e-01 -5.558165e-01 -5.630593e+00 0 2152353
-1.683711e+14 1.321929e+12 -2.867231e+13 -7.906348e-01 -4.975285e-02 6.102633e-01 -1.241171e+01 0 2317104
-1.691656e+14 -3.917858e+12 -1.659920e+13 -1.725467e-01 -9.782890e-01 -1.147968e-01 1.310451e+01 0 8204418
1.113498e+14 -1.057320e+14 -7.785260e+13 8.665714e-01 -3.978096e-01 -3.013328e-01 -6.438877e+00 0 3577176
5.266246e+13 -1.343256e+14 -1.064005e+14 1.575182e-01 -8.613282e-01 4.830132e-01 -1.806217e+01 0 2137801
-5.897357e+13 7.266105e+13 1.510628e+14 1.383938e-01 6.308618e-01 7.634530e-01 9.168498e+00 0 9127207
1.170979e+14 1.078752e+14 6.236657e+13 5.461012e-01 8.101485e-01 2.131498e-01 -6.827076e+00 0 2050011
1.780815e+13 -1.440688e+14 1.161112e+14 5.987814e-01 -4.278842e-01 6.770347e-01 1.980868e+01 0 14740542
-1.303482e+14 -3.724478e+13 -1.024283e+14 8.808061e-02 5.841628e-01 -8.068430e-01 -1.744192e+01 0 4014628
-9.376757e+13 1.211787e+14 -9.447757e+13 -3.735192e-01 3.442693e-01 -8.613722e-01 1.106815e+01 0 1129219
-5.416298e+13 -1.437603e+14 -8.248177e+13 7.177799e-01 -4.071676e-01 -5.648067e-01 2.149581e+01 0 1645151
-1.138548e+14 1.294763e+14 4.119377e+12 -9.111621e-01 8.397590e-02 4.034002e-01 -1.401341e+01 0 5223194
-1.161440e+14 -8.213693e+13 9.282411e+13 -6.862281e-01 -6.395081e-01 3.465838e-01 8.841014e+00 0 2894929
-1.097162e+14 -1.066215e+14 7.910949e+13 -7.538420e-01 -2.378084e-01 6.125107e-01 2.833357e+00 0 2465747
9.949969e+13 -1.819175e+13 1.419964e+14 2.387660e-01 8.790396e-02 9.670903e-01 -1.390428e+01 0 11314365
-3.756468e+13 -8.156334e+13 1.554769e+14 4.464481e-01 -5.454655e-01 7.093317e-01 -1.558277e+01 0 5386837
-7.421285e+13 7.582504e+13 -1.371812e+14 -5.932057e-01 4.435280e-01 -6.718556e-01 -1.099140e+01 0 397635
5.931098e+13 1.709625e+14 1.545835e+14 -1.434921e-02 6.914515e-01 7.222804e-01 -1.978322e+01 0 28147890
-8.658730e+12 -1.518410e+14 7.559399e+13 -4.549950e-01 -8.533970e-01 -2.543485e-01 -1.441855e+01 0 6012288
-3.235507e+13 5.749983e+13 -1.571498e+14 -3.656332e-01 -4.961331e-01 -7.875052e-01 1.212472e+01 0 969560
-3.628312e+13 1.133110e+14 1.240238e+14 -5.104302e-01 2.654551e-01 8.179209e-01 -9.927777e-02 0 879029
-1.665249e+14 8.874055e+12 4.269210e+13 -9.264505e-01 1.124631e-01 3.592235e-01 6.869798e+00 0 3175494
-1.366824e+14 -9.824243e+13 -5.641476e+13 -6.545436e-01 -1.052361e-01 -7.486641e-01 -1.677516e+01 0 5127352
6.653577e+13 -3.445379e+13 -1.546612e+14 4.941336e-01 -8.212192e-01 -2.853611e-01 1.760791e+01 0 3817562
-1.217350e+14 -1.139552e+14 -4.422267e+13 3.122045e-01 -7.279784e-01 -6.103899e-01 -9.763037e+00 0 5840384
3.891714e+13 4.310267e+13 1.605412e+14 -3.426723e-01 -4.281598e-01 8.362146e-01 -1.044383e+01 0 1736082
1.357431e+14 -8.420092e+13 -5.717333e+13 5.055440e-01 -4.119696e-01 -7.580938e-01 3.409957e+00 0 10136321
-2.531905e+13 3.923487e+13 1.657177e+14 1.489481e-01 -3.930652e-02 9.880635e-01 1.008729e+01 0 7619716
-8.383194e+13 -1.314504e+14 -9.468832e+13 -5.138681e-01 -3.509123e-01 -7.828156e-01 1.349676e+01 0 11319696
1.119765e+14 8.943721e+13 -1.046275e+14 9.112327e-01 -2.558018e-01 -3.228320e-01 1.529636e+00 0 82271
7.615481e+13 8.636574e+13 1.254963e+14 -7.034811e-01 8.798007e-02 7.052474e-01 1.804112e+01 0 6438353
1.462916e+14 3.179678e+13 8.317903e+13 8.182654e-01 7.503814e-02 5.699220e-01 3.471596e+00 0 6531864
-5.181818e+13 1.022972e+14 1.281512e+14 -2.988572e-01 8.074991e-02 9.508753e-01 -8.410762e+00 0 3093472
-1.226025e+14 -1.153338e+14 4.321823e+13 -8.906219e-01 3.423792e-01 -2.992811e-01 1.730310e+00 0 2567942
-9.387433e+13 -1.077282e+14 1.381654e+14 -8.989822e-01 -3.763866e-01 2.239737e-01 -2.586994e+01 0 9405578
-1.948688e+12 1.692784e+14 4.783055e+13 2.658858e-01 7.129106e-01 6.488938e-01 -2.289124e+01 0 4316165
1.281793e+14 -9.476687e+13 -6.184662e+13 1.780439e-01 -7.808894e-01 5.987588e-01 -8.819446e+00 0 1279403
-4.918739e+13 1.499319e+14 6.786174e+13 -5.839264e-01 8.056337e-01 9.992114e-02 -5.471221e+00 0 2693063
4.790746e+13 -1.561032e+14 -4.857936e+13 -1.547508e-01 -7.098993e-01 -6.870918e-01 -1.706375e+01 0 2410266
-9.118869e+13 -8.436742e+13 -1.176687e+14 -5.016001e-01 -8.622343e-01 -7.035194e-02 -7.826246e+00 0 1765589
-1.434062e+14 -8.283242e+13 3.943510e+13 -2.258620e-01 -9.272925e-01 -2.985212e-01 1.165600e+01 0 4878724
4.750864e+13 1.622750e+14 -6.931004e+13 3.976785e-01 9.142613e-01 7.731772e-02 -2.090788e+01 0 18652795
3.467985e+13 -2.266481e+14 2.694226e+13 1.385002e-01 -8.046182e-01 -5.774143e-01 -2.560825e+01 0 502333
-9.176527e+13 -8.695323e+13 -1.161100e+14 2.640204e-01 -1.635100e-01 -9.505565e-01 -9.046758e+00 0 1540381
-1.062217e+14 -1.251089e+14 5.044703e+13 -4.653375e-01 -7.828668e-01 4.130140e-01 3.492933e+00 0 1234681
1.723844e+14 1.222355e+13 -4.073255e+13 8.947225e-01 8.845130e-02 4.377762e-01 -1.244277e+01 0 3358269
1.034295e+14 -5.147419e+13 -1.242243e+14 6.914771e-01 -5.083633e-01 -5.132506e-01 -1.659919e+00 0 7044644
-8.177222e+13 -1.727244e+14 -2.953459e+13 -5.139958e-01 -8.557977e-01 5.846919e-02 -2.033557e+01 0 1526259
9.359833e+13 4.620366e+13 1.343313e+14 2.661857e-01 9.632477e-01 3.604214e-02 1.686237e+01 0 662622
-3.213476e+13 -2.134744e+13 -1.660128e+14 7.173217e-03 -3.436618e-01 -9.390661e-01 -1.924312e+01 0 258481
3.038489e+13 -5.592891e+13 1.578562e+14 3.575432e-01 -1.072013e-01 9.277234e-01 1.769909e+01 0 7020777
-1.355769e+13 1.070623e+14 1.309988e+14 -7.378378e-01 6.597364e-01 1.426298e-01 -2.712213e+00 0 539688
-1.362981e+14 -1.109921e+14 1.469549e+12 -9.748821e-01 -2.194765e-01 -3.788217e-02 -9.962465e+00 0 166137
6.019587e+12 7.033702e+13 1.557652e+14 -5.542771e-01 -3.679231e-01 7.465986e-01 -4.575171e+00 0 9395158
-4.453437e+13 1.300288e+14 9.986580e+13 1.422917e-01 9.035286e-01 4.042142e-01 -8.521562e+00 0 3200980
1.883367e+13 -6.391279e+12 -1.689417e+14 -3.330903e-01 3.771683e-01 -8.641730e-01 6.167035e+00 0 576610
6.646683e+13 1.227932e+14 1.075753e+14 9.638677e-01 -2.048649e-01 1.702629e-01 6.159257e+00 0 10443486
3.358997e+13 1.394190e+14 9.415353e+13 5.803712e-01 9.651391e-02 8.086126e-01 7.489929e+00 0 4673202
6.225379e+13 7.532344e+13 -1.511259e+14 3.585379e-02 8.805103e-01 -4.726692e-01 -6.649759e+00 0 13195339
7.385060e+13 -4.703945e+13 1.470643e+14 9.989719e-02 -7.035383e-01 7.036010e-01 -9.606693e+00 0 8212539
2.411009e+13 -1.069431e+14 -1.921355e+14 4.437952e-01 -6.319822e-01 -6.353300e-01 -1.409594e+01 0 1997029
-1.697019e+12 1.567861e+14 7.811063e+13 3.527879e-02 8.187557e-01 5.730571e-01 8.243860e+00 0 1457134
6.822782e+13 -1.301888e+14 8.619916e+13 6.145386e-03 -7.968493e-01 6.041468e-01 -1.787516e+01 0 848552
7.162001e+13 -1.454964e+14 -5.266137e+13 6.319891e-01 -9.929462e-02 7.685898e-01 1.811307e+01 0 458744
1.105441e+14 -1.141316e+14 6.551146e+13 7.627953e-01 -5.005064e-01 -4.094345e-01 -9.788723e+00 0 3746145
-1.482444e+14 -3.388543e+13 7.554918e+13 -9.710154e-01 2.005903e-01 1.299714e-01 7.177184e+00 0 6
-7.285886e+13 -1.278854e+14 8.440863e+13 -8.640034e-01 -4.284093e-01 -2.645065e-01 -9.955841e+00 0 4720155
-1.324734e+14 5.348724e+13 -1.068385e+14 -7.959697e-01 3.622015e-01 -4.850177e-01 -1.167517e+01 0 2374772
1.195051e+14 -6.583637e+13 -1.085405e+14 9.671356e-01 2.365020e-01 -9.335717e-02 1.639112e+01 0 2927044
1.445871e+14 5.405984e+13 7.109825e+13 5.642430e-01 -7.481811e-01 3.490773e-01 -1.381538e+01 0 4847949
1.235469e+14 -2.132078e+13 -1.230415e+14 5.271616e-01 6.778461e-01 -5.124698e-01 1.794661e+01 0 814607
8.746543e+13 8.313638e+11 -1.453341e+14 1.985728e-01 -9.009157e-01 -3.859013e-01 -4.662675e+00 0 950511
1.025459e+14 7.847552e+13 1.112526e+14 -2.506262e-01 3.537541e-01 9.011351e-01 1.161109e+01 0 742844
1.499054e+14 -1.030913e+14 -7.378784e+12 8.756576e-01 -1.369918e-01 -4.630950e-01 -1.318653e+01 0 18980854
-1.323373e+14 -1.379008e+14 -1.003048e+14 -6.702145e-01 -7.170899e-01 -1.912971e-01 1.527965e+01 0 21175073
-1.456033e+14 8.508102e+13 2.451981e+13 -5.020025e-01 -3.037729e-01 8.097626e-01 -6.888374e+00 0 6771896
6.692163e+13 -1.053375e+14 1.453565e+14 4.779044e-01 -6.662998e-01 5.724088e-01 -1.092395e+01 0 3142560
1.665330e+14 6.569849e+13 -6.417281e+13 9.463267e-01 3.179690e-01 -5.797794e-02 1.703293e+01 0 16397349
1.673994e+14 -1.812122e+13 -3.845530e+13 4.738047e-01 -8.624480e-01 -1.780238e-01 7.181768e-01 0 543670
2.814974e+13 1.028167e+14 1.352567e+14 7.264679e-01 4.581875e-01 5.121607e-01 8.292305e+00 0 3846715
1.305259e+14 -9.053512e+12 1.386043e+14 8.233060e-01 -5.450071e-01 1.585387e-01 -2.494305e+01 0 2081735
2.361442e+13 4.279736e+13 1.786499e+14 4.640313e-03 6.011206e-02 9.981808e-01 1.176147e+01 0 9315929
1.526252e+14 8.237787e+13 -2.221619e+13 8.691741e-01 -2.401820e-02 4.939226e-01 -1.831179e+01 0 1477196
1.684872e+14 -3.464690e+13 2.006480e+13 9.152625e-02 -9.290055e-01 3.585689e-01 -1.676520e+01 0 6090027
-1.015270e+14 -8.966356e+13 -1.166693e+14 -7.931797e-02 -9.805981e-01 -1.792651e-01 1.884063e+01 0 1474154
-9.055180e+13 1.432175e+14 -1.440678e+13 4.578018e-01 6.690851e-01 -5.854423e-01 -2.764334e-01 0 103876
-3.952336e+13 -1.637648e+14 -2.817865e+13 3.392962e-01 -5.516376e-01 -7.619541e-01 1.015424e+00 0 2
1.389764e+14 7.425816e+13 -6.730242e+13 7.989132e-01 4.414395e-01 -4.084958e-01 -9.007049e+00 0 1834762
-5.614020e+13 -1.598910e+14 4.304744e+13 -9.938662e-01 -1.026360e-01 4.118006e-02 4.141091e+00 0 14722942
-8.820437e+13 -8.461114e+13 1.175924e+14 -6.177164e-01 -6.342758e-01 4.648877e-01 -1.984117e+00 0 619822
-1.348215e+14 9.090998e+13 9.613382e+13 -1.518418e-01 8.900295e-02 9.843894e-01 2.609843e+01 0 3283189
-1.336267e+14 -1.045129e+14 8.177460e+11 -3.316340e-01 -6.885818e-01 -6.448829e-01 1.262853e+00 0 151003
1.572420e+14 7.715917e+13 -8.667729e+12 8.525076e-01 -1.151773e-01 -5.098677e-01 -1.530935e+01 0 654771
9.166614e+13 -1.068816e+14 -9.977130e+13 4.059264e-01 -8.314522e-01 -3.793561e-01 -8.894325e+00 0 8477237
5.777346e+13 -3.916572e+13 1.548630e+14 4.871190e-01 -9.058007e-02 8.686255e-01 -3.853826e+00 0 3874394
-1.368450e+13 1.718322e+14 -4.302325e+13 -5.092403e-01 8.545087e-01 1.024162e-01 -7.857787e+00 0 9866244
-7.072928e+13 4.543762e+13 1.479740e+14 -4.289194e-02 6.096413e-01 7.915161e-01 5.766813e+00 0 17949
9.296362e+13 -6.382443e+13 -1.290178e+14 -4.707682e-01 -1.043721e-01 -8.760615e-01 -2.110969e+01 0 1432658
-1.269241e+14 9.326661e+13 -8.087480e+13 -2.962245e-01 3.041741e-01 -9.053889e-01 -1.104381e+01 0 1826653
1.262370e+14 -6.463697e+13 9.310086e+13 4.978115e-01 -4.418647e-01 7.462837e-01 -5.969108e+00 0 13553368
4.563533e+13 -5.665459e+13 -1.541468e+14 4.413740e-01 -2.986770e-01 -8.461566e-01 -1.251621e+01 0 24188852
2.157794e+13 -8.483882e+13 1.520299e+14 5.929149e-01 -3.844889e-01 7.075452e-01 -1.492473e+01 0 1455420
-4.763788e+13 -1.169837e+14 1.138409e+14 6.185144e-01 -2.620237e-01 7.407992e-01 -3.369889e+00 0 995741
1.877360e+13 -1.188037e+13 1.708288e+14 3.831951e-01 7.704820e-02 9.204483e-01 -7.079436e+00 0 691132
-1.228715e+14 -2.991828e+12 -1.192591e+14 -3.840745e-01 5.887154e-01 -7.112672e-01 -2.105490e+01 0 12348770
-1.313001e+14 6.403180e+13 -1.115162e+14 -8.553771e-01 3.806368e-01 -3.513484e-01 -1.490581e+01 0 5571856
1.417130e+14 9.604854e+13 2.822277e+13 7.757742e-01 4.377759e-01 4.544520e-01 -8.468074e+00 0 833088
5.679790e+13 -1.268308e+14 9.795912e+13 4.903891e-01 2.678559e-01 8.293201e-01 1.727493e+01 0 5025204
-1.352033e+14 -1.014930e+14 5.797209e+13 -9.604909e-01 -2.224116e-01 1.673029e-01 1.068419e+01 0 1637430
1.454281e+11 1.685748e+14 -5.967213e+13 6.702040e-01 4.960070e-01 -5.520902e-01 7.775221e+00 0 6883181
1.063933e+14 -1.109117e+14 7.269110e+13 5.957034e-01 -6.015895e-01 -5.321912e-01 -1.057261e+01 0 1998713
-1.641421e+14 4.718126e+13 -2.935337e+12 -6.673968e-01 2.137160e-01 7.133771e-01 6.666500e+00 0 1
1.201817e+14 1.106130e+14 -4.610482e+13 1.883723e-02 5.745289e-01 8.182675e-01 7.670274e+00 0 7669354
-2.107820e+13 9.363792e+13 1.422190e+14 -3.819409e-02 5.985450e-01 8.001781e-01 6.881744e+00 0 854370
-6.130343e+13 -1.132183e+14 -1.309852e+14 -5.876786e-01 1.951181e-02 -8.088592e-01 -1.622911e+01 0 64906
1.158046e+14 3.631064e+13 1.185510e+14 7.409036e-01 4.760316e-01 -4.737675e-01 -2.492517e+00 0 8838168
1.600153e+14 -3.901218e+13 5.199890e+13 9.055168e-01 -2.138614e-01 -3.664733e-01 7.811230e+00 0 768955
-1.054227e+14 -1.250299e+14 -4.514958e+13 -5.536199e-01 -4.933982e-01 6.708675e-01 -6.542009e+00 0 357411
1.612870e+10 1.189341e+14 -1.216518e+14 -5.717424e-01 7.427945e-01 -3.483777e-01 1.124034e+01 0 15395063
6.165690e+13 -7.389825e+13 -1.407290e+14 -1.987644e-01 -3.628432e-01 -9.104052e-01 -1.581377e+01 0 14099140
5.883464e+13 1.411429e+14 1.319699e+14 4.195470e-01 2.701895e-01 8.665898e-01 -1.613387e+01 0 2896178
-2.689948e+13 -6.369991e+13 -1.633351e+14 -5.003298e-01 -8.051588e-01 -3.184170e-01 -1.432066e+01 0 4307655
-3.773241e+13 3.333042e+13 -1.643796e+14 -1.018401e-01 -2.294922e-01 -9.679679e-01 8.039874e+00 0 25155544
-1.341803e+14 -1.180713e+14 2.289113e+13 -4.992690e-01 -6.215980e-01 -6.036111e-01 -9.940637e+00 0 9096464
