# 781 1.000000e+05 1.000000e+04 0.000000e+00 1.000000e+00 5.000000e-01
1.191592e+11 2.341632e+12 -1.253544e+12 -4.046872e-01 6.838676e-01 -6.070860e-01 8.107629e+00 0 246197
-1.545239e+12 1.485686e+11 2.497221e+12 -3.453144e-01 -2.827504e-01 8.948800e-01 2.698333e-01 0 1
1.601754e+12 -1.338880e+12 -2.577975e+10 6.802778e-01 -7.323283e-01 3.028712e-02 -7.126003e+00 0 2
-1.512273e+12 1.106589e+12 -2.473757e+11 -5.139061e-01 8.345366e-01 -1.986182e-01 -4.148363e+00 0 9347
-3.121698e+12 2.227885e+12 1.567365e+12 -5.943565e-01 4.110403e-01 6.912208e-01 8.314403e+00 0 4
-1.474328e+12 -2.457250e+12 9.986024e+11 -7.947862e-01 -6.048517e-01 -4.969250e-02 -2.086188e+01 0 1
-2.160454e+12 8.841875e+11 1.146999e+12 -8.221205e-01 2.957735e-01 4.864524e-01 4.617528e+00 0 17629
4.144312e+12 -1.355639e+13 -1.304976e+13 1.594534e-01 -7.488643e-01 -6.432549e-01 -1.921792e+01 0 1
7.038868e+11 -2.213663e+12 1.936640e+11 1.355231e-01 -9.796195e-01 1.482535e-01 -7.266341e+00 0 1905
1.447633e+12 -3.192209e+12 -5.218165e+11 8.978117e-02 -9.299884e-01 -3.564560e-01 -2.088273e+01 0 1
1.443517e+12 -4.124212e+12 -2.785876e+11 1.714463e-01 -9.559692e-01 2.381786e-01 -3.845490e-01 0 2
1.112597e+12 -3.703878e+11 2.116426e+12 8.375661e-01 -7.187273e-02 5.415878e-01 -1.658059e+00 0 2
3.244271e+12 1.173824e+12 -2.491640e+12 6.714854e-01 4.377984e-02 -7.397234e-01 -1.063621e+01 0 48120
-1.335387e+12 1.963720e+11 1.170647e+12 -4.935100e-01 7.412218e-01 4.550144e-01 -1.157195e+00 0 48788
2.017486e+11 -1.282064e+12 -1.105678e+12 8.161956e-02 6.074831e-02 -9.948105e-01 -3.739232e-01 0 190661
-8.115504e+11 -6.233307e+12 -3.626139e+12 3.114783e-02 -8.940793e-01 -4.468243e-01 1.699605e+01 0 1
3.905835e+11 -1.915414e+12 1.091380e+12 2.412455e-01 -9.700577e-01 2.808349e-02 2.423943e+00 0 1
-5.994299e+11 -5.054404e+11 -1.644286e+12 2.876099e-01 -8.975890e-01 -3.340875e-01 8.599205e+00 0 87026
-4.248340e+11 -1.258946e+12 -1.153805e+12 4.289401e-01 -4.195827e-01 -7.999755e-01 5.079562e+00 0 33448
4.224567e+11 1.053784e+12 1.268108e+12 4.062218e-01 9.097378e-01 -8.579687e-02 -1.257484e+00 0 87091
-2.013505e+12 -2.391508e+12 1.330263e+12 -8.201509e-01 -5.721331e-01 -4.013072e-03 -1.271973e+01 0 2
-4.221450e+11 4.259785e+11 1.601864e+12 -2.912809e-01 9.364979e-01 1.952618e-01 -4.912953e+00 0 89284
7.587501e+11 1.353347e+12 1.311434e+12 6.613979e-01 7.262270e-01 -1.874756e-01 -8.161445e+00 0 1
1.377130e+12 -2.586632e+12 -1.951468e+12 1.291288e-01 -8.312321e-01 -5.407208e-01 -4.563575e+00 0 3
-1.375759e+12 -6.409388e+11 8.658665e+11 -3.007608e-01 -1.107168e-01 9.472511e-01 -9.245900e+00 0 2
-5.709668e+11 4.820231e+11 1.919712e+12 -5.994099e-01 7.811837e-03 8.004041e-01 -1.842516e+00 0 28816
1.620490e+12 7.708279e+11 1.405882e+11 7.022785e-01 -6.120801e-01 3.635421e-01 -1.995142e+01 0 1
-1.315478e+12 -7.208148e+11 -1.204833e+12 -8.959214e-01 1.424522e-02 -4.439842e-01 -1.388463e+00 0 94871
-1.927070e+12 -4.808959e+12 -8.049442e+10 -3.115003e-01 -9.102723e-01 2.727122e-01 9.767410e+00 0 1
1.035895e+12 1.104863e+12 8.064425e+11 8.695539e-01 -4.202949e-01 2.592840e-01 -9.708085e+00 0 88914
-1.160789e+12 1.526697e+12 2.691591e+12 -3.292785e-01 7.211015e-01 6.095804e-01 -6.194667e+00 0 1
-5.401813e+11 1.514451e+12 -1.349736e+12 1.681933e-01 7.439132e-01 -6.467644e-01 -4.426986e+00 0 378985
3.167680e+12 -3.579425e+12 -1.568595e+11 7.651877e-01 -5.901141e-01 2.573967e-01 1.628560e+01 0 1
-4.421034e+11 -1.787418e+12 2.005247e+11 -4.191155e-01 -9.055562e-01 -6.565167e-02 2.403902e+00 0 120790
-6.979681e+12 4.884719e+12 -3.437694e+12 -7.860834e-01 4.455061e-01 -4.284824e-01 1.361087e+01 0 2
1.549182e+12 1.755193e+12 1.834947e+12 4.920607e-01 1.558606e-01 8.564950e-01 -4.161810e+00 0 18285
2.278740e+12 -1.194401e+12 1.246939e+12 6.246120e-01 -4.076249e-01 6.661094e-01 -7.302939e+00 0 246504
2.371448e+10 -1.396595e+12 -9.669903e+11 -3.807931e-01 -9.234881e-01 4.654360e-02 -8.934554e+00 0 261872
-7.370897e+11 -4.438977e+11 1.897682e+12 -5.042037e-01 -4.472796e-01 7.387284e-01 9.729554e+00 0 3
-6.821532e+11 3.502084e+12 4.911327e+11 -3.388575e-01 9.395104e-01 4.995700e-02 -3.853341e-01 0 1
-2.868784e+11 -3.186190e+12 8.534623e+11 1.122542e-01 -9.545510e-01 2.761004e-01 1.270564e+01 0 1
3.823548e+11 -1.473105e+12 -9.069379e+11 8.530361e-01 -5.198761e-01 -4.536773e-02 9.046536e+00 0 98463
-1.827449e+12 1.214683e+11 -1.288571e+12 -5.637741e-01 7.079995e-01 -4.253181e-01 -2.524251e+01 0 1
1.768011e+12 -2.652162e+12 1.523563e+12 1.935781e-01 -9.081472e-01 3.712092e-01 -1.494704e+01 0 1
-1.084360e+12 -2.329509e+12 3.494712e+11 -6.316403e-01 -7.718256e-01 7.290954e-02 -1.026941e+01 0 335117
9.756519e+12 -9.073709e+12 2.224236e+12 7.678324e-01 -6.330354e-01 9.848697e-02 1.638848e+01 0 2
-1.555563e+12 1.523494e+12 1.467788e+12 -7.759042e-01 5.943926e-01 2.113531e-01 3.923813e+00 0 1
3.298015e+12 -5.439985e+12 -3.473677e+12 4.288178e-01 -7.699545e-01 -4.725308e-01 -1.289716e+01 0 1
-1.587444e+11 -1.445984e+13 -7.357953e+12 -4.192515e-02 -8.967066e-01 -4.406354e-01 1.441285e+00 0 1
1.253742e+12 1.979342e+12 -1.598590e+12 4.705205e-01 7.116909e-01 -5.216383e-01 4.137876e+00 0 2
3.224085e+12 -2.178587e+12 1.221415e+12 9.225630e-01 -3.480041e-01 1.666451e-01 -1.279623e+00 0 1
2.452280e+12 1.013833e+12 1.011292e+12 9.607134e-01 2.541317e-01 1.115653e-01 6.269098e-02 0 181329
1.817135e+11 6.393468e+12 1.985729e+12 -1.631565e-01 8.868311e-01 4.323316e-01 1.864588e+01 0 1
-8.431802e+11 2.055121e+12 -3.169457e+11 -5.482998e-01 8.362795e-01 1.993101e-03 -9.680559e-01 0 1
-3.973979e+12 2.721772e+12 -4.357702e+12 -4.905480e-01 5.928137e-01 -6.386975e-01 -9.458778e-01 0 1
1.453267e+12 -5.663022e+11 1.445792e+12 4.885853e-01 -4.321326e-01 7.579880e-01 1.713058e+00 0 1
1.725685e+12 -1.891303e+11 2.087234e+12 3.996284e-01 -2.394965e-02 9.163643e-01 -5.664942e+00 0 66665
2.460232e+12 3.911392e+11 9.790116e+11 9.025085e-01 -4.260035e-01 6.324150e-02 -3.258213e+00 0 2
-5.854601e+11 3.290798e+12 3.509305e+11 -2.395997e-01 9.585966e-01 -1.538976e-01 -2.990510e+00 0 73432
-2.929153e+12 -1.242493e+12 -1.016780e+12 -8.312777e-01 -3.078858e-01 -4.627998e-01 2.139887e+00 0 1
-1.625170e+12 -4.590734e+10 -1.804499e+12 -4.245454e-01 2.297272e-01 -8.757777e-01 1.327181e+00 0 2
4.540176e+11 -6.527985e+11 1.865011e+12 4.697125e-01 -4.317000e-01 7.700684e-01 -5.108623e+00 0 2
-2.883114e+12 1.822390e+12 2.982876e+12 -4.887791e-01 3.339517e-01 8.059598e-01 -1.250985e+01 0 1
-5.639511e+12 -1.972599e+12 8.801782e+12 -6.110238e-01 -2.527920e-01 7.501641e-01 -1.064450e+01 0 1
6.106465e+12 5.256201e+11 6.050619e+12 6.140267e-01 1.706225e-01 7.706226e-01 1.247552e+01 0 1
5.281292e+11 9.500855e+11 1.405610e+12 9.824583e-01 1.843496e-01 2.812254e-02 -1.192905e+00 0 1
-1.000438e+11 -1.525700e+11 2.524882e+12 3.403641e-01 -3.366364e-01 8.779682e-01 1.045792e+01 0 2
6.194822e+11 1.570308e+11 1.974050e+12 4.706871e-01 -6.347372e-01 6.128313e-01 5.632662e+00 0 2
3.114407e+12 6.735053e+11 2.124107e+12 8.947429e-01 3.057363e-01 3.255156e-01 -2.125144e+00 0 2
1.687979e+12 9.815168e+11 -1.174928e+12 5.037326e-01 5.076172e-01 -6.989837e-01 7.138166e+00 0 46932
2.604069e+12 -5.307059e+11 -8.062315e+11 8.765983e-01 -3.377503e-01 -3.427830e-01 -8.538722e+00 0 2
-1.888510e+12 1.345247e+11 7.585704e+11 -8.386726e-01 -3.748438e-01 3.951208e-01 3.847679e+00 0 31912
-3.424885e+11 4.112515e+11 -1.839005e+12 4.343398e-01 9.308958e-03 -9.007010e-01 -3.529591e+00 0 3
-6.107686e+11 -2.238797e+12 -2.816640e+12 -3.866088e-01 -4.655247e-01 -7.961284e-01 -1.145230e+01 0 1
2.847055e+11 1.685850e+12 2.107850e+11 7.528180e-01 6.493069e-01 -1.080071e-01 -1.088621e+01 0 116296
-5.611244e+11 6.484591e+11 1.683140e+12 -8.652574e-02 9.495766e-01 3.013596e-01 -6.854350e+00 0 257081
-8.810491e+11 1.413777e+12 3.692795e+11 3.658584e-01 3.758857e-01 8.513857e-01 -5.112539e+00 0 33295
-1.751566e+12 -4.515085e+11 -1.188124e+12 -9.035055e-01 -3.406721e-01 -2.600392e-01 -3.238623e+00 0 87332
7.554654e+11 1.944242e+12 -1.475129e+12 -9.785014e-02 9.625530e-01 -2.528181e-01 7.951275e-01 0 1
1.415834e+12 -1.444263e+11 -1.115306e+12 2.801127e-01 3.458952e-01 -8.954850e-01 2.570006e-01 0 2
5.520139e+12 -3.284212e+12 -4.959568e+11 7.929939e-01 -6.067602e-01 5.479726e-02 2.327686e+00 0 1
-9.201210e+11 3.456680e+10 -1.449340e+12 -9.144260e-01 1.972583e-01 -3.534322e-01 -3.907232e+00 0 6108
-5.475736e+12 -1.252689e+11 -5.478783e+12 -6.374601e-01 -5.803482e-02 -7.682946e-01 1.426828e+01 0 1
1.354100e+12 1.507884e+11 -1.120648e+12 9.999867e-01 2.614140e-03 4.436670e-03 -1.782146e+00 0 21040
-1.655582e+12 -1.322096e+11 7.960161e+11 -5.833269e-01 -7.988280e-01 -1.469815e-01 1.659794e+01 0 7727
2.735643e+11 2.449806e+11 -1.750518e+12 3.044928e-02 3.058035e-01 -9.516076e-01 2.356029e+00 0 84199
-8.713168e+11 -1.155676e+12 1.016449e+12 2.863219e-01 -9.498916e-01 1.254020e-01 8.110159e+00 0 104668
1.732041e+11 1.959511e+12 5.184640e+11 -2.557115e-01 9.657888e-01 4.317009e-02 7.153061e+00 0 7778
4.297996e+10 -7.299939e+12 -2.024993e+12 -1.438920e-01 -9.699177e-01 -1.963538e-01 -2.376728e+01 0 1
3.151895e+10 -9.778781e+12 1.109837e+12 -6.515921e-02 -9.868677e-01 1.478053e-01 5.282213e+00 0 1
-1.380750e+12 -1.895976e+12 -3.918003e+11 -5.497777e-01 -8.254862e-01 1.277383e-01 -3.879226e+00 0 3
-1.443808e+12 1.061513e+12 8.156491e+10 -6.043536e-01 5.313215e-02 7.949426e-01 7.059484e+00 0 15999
-4.408890e+11 -1.185281e+10 -1.637798e+12 6.562204e-02 9.078979e-01 -4.140232e-01 -2.765003e+00 0 36
7.829187e+11 1.451185e+12 1.248307e+12 8.954671e-01 7.642912e-02 4.385171e-01 -4.908946e+00 0 1
-1.732570e+12 -2.372982e+11 -2.447934e+12 -5.043062e-01 4.287114e-01 -7.495877e-01 -4.797570e+00 0 2
-7.378046e+11 7.104519e+11 -1.391729e+12 1.722191e-01 9.642017e-01 -2.016325e-01 -1.037321e+01 0 14596
-9.058484e+11 -1.602764e+12 -1.454030e+12 2.594430e-01 -7.257159e-01 -6.372015e-01 2.206514e+01 0 2
-1.028284e+12 -2.582830e+11 2.250934e+12 -6.417902e-01 -4.794274e-02 7.653802e-01 -3.324916e+00 0 20146
1.288320e+12 -3.685430e+12 1.600075e+12 5.856917e-01 -6.788602e-01 4.428476e-01 5.627470e+00 0 1
-2.063756e+12 -6.173817e+11 -2.073500e+12 -7.854189e-01 -2.326034e-01 -5.735963e-01 -5.156830e+00 0 120097
-2.541429e+12 -5.358456e+12 1.609766e+12 -3.032572e-01 -9.434304e-01 1.340675e-01 1.488941e+01 0 51832
-1.330642e+12 -1.527866e+12 7.025492e+12 -1.475475e-01 -2.603140e-01 9.541836e-01 -7.840828e+00 0 11648
1.121519e+11 -7.356297e+11 2.927154e+12 7.070593e-02 -4.743388e-01 8.774984e-01 -7.881062e+00 0 1
-1.607229e+12 3.200809e+12 -3.410351e+12 -1.223701e-01 4.806037e-01 -8.683580e-01 5.495557e+00 0 1
8.595373e+11 -1.393457e+12 -5.662266e+11 6.504146e-01 -3.513604e-01 -6.734291e-01 8.544486e+00 0 102946
3.366605e+11 -2.944974e+12 -2.025196e+11 -2.809416e-01 -9.597187e-01 -3.437301e-03 -3.916286e+00 0 1
3.702926e+11 1.811650e+12 1.235989e+11 2.031696e-01 9.088795e-01 3.642254e-01 -2.225937e+00 0 29169
2.589756e+11 1.892060e+12 4.189908e+11 2.392993e-01 9.708626e-01 -1.271564e-02 2.073985e+00 0 95649
2.711982e+12 -1.017558e+12 2.370901e+12 8.191181e-01 -3.862888e-01 4.240596e-01 -6.452187e+00 0 59730
1.840426e+12 5.139629e+11 -2.103180e+12 5.627146e-01 2.698196e-01 -7.813768e-01 1.072719e+01 0 2
1.748117e+11 -6.322723e+11 1.603345e+12 -4.238328e-01 5.969579e-02 9.037711e-01 1.305114e+00 0 32236
-2.507606e+12 -5.935021e+11 1.765027e+11 -8.995555e-01 -1.047247e-01 4.240668e-01 1.385221e+00 0 18860
2.202366e+13 -1.383723e+13 2.623157e+12 8.105449e-01 -5.776324e-01 9.673513e-02 -5.148914e-01 0 1
1.252020e+12 8.734158e+11 -1.371038e+12 3.306877e-01 5.625197e-01 -7.577712e-01 8.154357e+00 0 75597
1.420533e+12 7.757395e+11 1.062228e+12 6.459200e-02 9.140953e-02 9.937163e-01 -4.819395e+00 0 1
9.659928e+11 -4.551743e+11 1.342233e+12 7.604881e-01 -6.472370e-01 5.236555e-02 -2.038600e+00 0 1442
1.382721e+12 -1.162949e+12 -9.174936e+11 4.039186e-01 -7.080871e-02 -9.120504e-01 9.469431e+00 0 1
-1.724265e+11 -1.595558e+11 -1.769109e+12 -1.635031e-01 -3.464709e-01 -9.237016e-01 6.087692e+00 0 13439
-7.574111e+11 1.699580e+12 4.037689e+10 -3.347502e-01 8.509550e-01 4.047443e-01 3.176765e+00 0 156386
1.081381e+12 -1.171420e+12 -5.801911e+11 3.274291e-01 -9.390985e-01 -1.043272e-01 -7.889310e+00 0 338284
9.294791e+11 -2.324449e+12 2.231452e+11 8.722936e-02 -9.107331e-01 4.036784e-01 -1.033642e+01 0 1
-5.176136e+11 -7.086108e+11 -1.682451e+12 1.433321e-01 -6.784802e-01 -7.205001e-01 8.919221e-01 0 100119
1.832522e+12 1.074054e+12 1.724134e+12 8.322884e-01 7.690875e-02 5.489818e-01 -3.821172e+00 0 175601
8.603442e+11 2.929468e+12 -1.796102e+12 3.076918e-01 5.460328e-01 -7.792137e-01 4.103746e+00 0 1
-2.030993e+12 3.793318e+11 6.709192e+11 -5.452221e-01 5.875097e-01 5.979676e-01 -6.572245e-01 0 1
1.364588e+11 1.313545e+12 1.488948e+12 3.669276e-01 4.120790e-01 8.339994e-01 1.871130e-01 0 3
9.390430e+11 1.229231e+12 -1.420502e+12 7.066602e-01 6.120983e-01 -3.549183e-01 -1.078511e+01 0 14317
1.257277e+12 3.181824e+11 -1.093070e+12 6.246625e-01 -1.646940e-01 -7.633300e-01 -2.914209e+00 0 79739
-3.501255e+11 2.132386e+12 -1.333474e+12 -1.537962e-01 9.829811e-01 1.004728e-01 5.261581e+00 0 42127
-3.176131e+11 -1.096255e+12 -1.456297e+12 -3.993657e-01 -7.277174e-01 -5.576149e-01 -4.158161e+00 0 104324
-1.081162e+12 -1.379186e+12 8.672400e+11 -3.922088e-01 -8.849388e-01 2.511085e-01 1.655509e+00 0 261053
-4.819753e+10 1.487545e+12 8.134149e+11 1.968568e-02 2.690035e-01 9.629380e-01 -1.808231e+00 0 363189
-2.423730e+12 2.655229e+12 3.498084e+12 -6.510144e-01 3.883319e-01 6.522105e-01 -2.603283e+00 0 1
1.079764e+13 -1.700502e+13 3.270324e+11 5.498632e-01 -8.346796e-01 3.099133e-02 -7.946587e+00 0 1
-7.240645e+12 3.471383e+12 6.292142e+12 -7.692667e-01 3.206280e-01 5.526540e-01 -5.362932e+00 0 80793
3.421785e+11 -1.224457e+12 1.676241e+12 -2.092739e-02 -2.259724e-01 9.739089e-01 1.505805e+00 0 7709
-1.786415e+12 -2.163797e+12 -5.661458e+11 -6.487877e-01 -7.604863e-01 -2.711376e-02 -2.587651e+00 0 80018
1.090476e+12 1.748199e+12 1.596677e+11 6.220555e-01 5.386880e-01 -5.682097e-01 -6.503441e+00 0 31050
-2.838256e+12 2.730660e+11 3.541619e+12 -5.912581e-01 6.142599e-03 8.064590e-01 6.754559e+00 0 2
-2.614543e+11 5.239240e+11 1.833796e+12 1.760539e-01 8.554803e-01 4.869893e-01 -2.687657e-01 0 37487
-3.077645e+11 -1.597202e+12 -8.228913e+11 2.556505e-01 -8.806240e-01 -3.989288e-01 9.242264e+00 0 67855
-2.438563e+12 2.452874e+11 -1.473099e+12 -9.487028e-01 -3.094762e-01 -6.471095e-02 4.037947e+00 0 1
-6.209358e+12 5.864591e+12 7.868721e+08 -7.818591e-01 6.218668e-01 -4.447524e-02 1.192239e+01 0 1
9.555771e+11 -5.772182e+11 -1.650454e+12 8.996043e-01 -2.642407e-02 -4.359059e-01 -7.288772e-01 0 2
-3.104819e+11 1.353125e+12 1.059009e+12 3.622346e-01 9.217035e-01 1.387399e-01 -1.152797e+01 0 53695
1.160782e+12 -1.381592e+12 -7.625652e+10 4.706233e-01 -8.663207e-01 1.673385e-01 -1.170634e+01 0 1
-1.475541e+12 -6.022061e+11 6.585645e+11 -6.747565e-01 7.325150e-01 -9.014130e-02 -1.638454e+01 0 3674
-6.376131e+11 9.819227e+11 2.386738e+12 -5.467207e-01 3.221327e-02 8.366952e-01 -6.040744e-01 0 2
-2.390808e+12 -9.989802e+11 -3.219752e+12 -6.321121e-01 6.934505e-03 -7.748459e-01 -1.555828e+01 0 51649
3.276229e+11 -1.068196e+12 -1.511520e+12 8.052199e-02 -4.357763e-01 -8.964459e-01 5.994784e+00 0 1
-9.962942e+10 -8.013554e+11 -1.535353e+12 4.616664e-01 -1.153852e-01 -8.795171e-01 1.842545e+00 0 4
-2.950510e+12 -1.891359e+12 9.233643e+10 -6.675222e-01 -7.415520e-01 -6.719151e-02 3.675319e+00 0 3
4.520527e+11 -7.468956e+11 4.393592e+12 2.412816e-01 -3.632053e-01 8.999250e-01 -5.171480e+00 0 2
-1.561188e+12 1.084941e+12 2.806094e+10 -8.553135e-01 1.343691e-01 5.003837e-01 -1.031270e+00 0 2
1.564841e+11 -5.144977e+12 2.292964e+12 9.050897e-02 -8.834145e-01 4.597683e-01 1.026144e+01 0 1
3.190950e+11 1.491892e+12 9.595563e+11 -3.651693e-01 2.068571e-01 9.076682e-01 9.049127e+00 0 4
1.243940e+12 -8.507070e+11 1.075550e+12 3.529896e-01 -1.776344e-01 9.186100e-01 -3.378185e+00 0 1
3.870928e+12 2.594947e+12 -7.371975e+11 8.535120e-01 4.594839e-01 -2.457475e-01 4.448395e-01 0 187802
-1.093590e+12 -1.852099e+12 -2.092050e+12 -1.768563e-01 -3.323780e-01 -9.264161e-01 1.305070e+01 0 1
-1.862296e+12 -5.318577e+12 -2.973831e+12 -4.454208e-01 -7.944252e-01 -4.129030e-01 -1.068984e+01 0 1
-2.073637e+12 1.326943e+12 1.992695e+12 -3.470472e-01 3.048248e-01 8.869273e-01 -6.471270e+00 0 92291
1.043217e+12 -6.834059e+11 1.461500e+12 6.777009e-01 4.553542e-01 5.773856e-01 1.263301e+01 0 2
1.314142e+12 5.140214e+11 1.236143e+12 7.150419e-01 5.441769e-01 4.388469e-01 -1.915047e+00 0 21059
-3.810742e+11 1.457900e+12 1.041507e+12 -2.484756e-01 3.453343e-01 9.049884e-01 7.311667e+00 0 2
-5.717360e+12 2.723472e+12 9.496432e+11 -9.001227e-01 2.773652e-01 3.359280e-01 2.657256e+00 0 1
1.101023e+13 1.635306e+12 1.619493e+12 9.781925e-01 5.458333e-02 2.004000e-01 -4.061585e-01 0 1
3.557206e+11 -7.532808e+11 1.595759e+12 1.792796e-01 -1.744967e-01 9.681992e-01 -1.627514e-01 0 8824
8.609423e+12 -6.901562e+12 1.488655e+11 7.986391e-01 -6.015986e-01 -1.595967e-02 1.344822e+01 0 1
-1.160448e+12 -1.768721e+12 3.067386e+11 -6.994994e-01 -2.791973e-01 6.578370e-01 -1.962257e+00 0 1
-6.396603e+11 1.576365e+12 1.389279e+11 -7.907131e-01 5.825178e-01 -1.882704e-01 6.199563e+00 0 29611
-2.863006e+11 -2.481060e+12 -2.345918e+11 -2.921771e-01 -9.193211e-01 -2.635931e-01 -8.952876e+00 0 659883
-7.544042e+11 3.294481e+11 1.483010e+12 -1.566272e-01 -7.924958e-01 5.894220e-01 5.019898e+00 0 42730
-5.926825e+11 1.156430e+12 -1.091156e+12 -4.010294e-01 9.034205e-01 1.516799e-01 -1.793291e+00 0 61350
1.783142e+12 1.118927e+10 -5.608023e+11 8.458966e-01 2.514961e-01 4.703282e-01 5.064148e+00 0 169838
-1.466982e+11 2.022345e+11 2.300861e+12 -3.623364e-01 -2.881077e-01 8.864007e-01 -7.248407e+00 0 1
-9.121837e+11 4.562377e+12 8.668163e+11 -1.310442e-01 9.800349e-01 -1.495292e-01 1.917688e+00 0 216558
5.987129e+08 8.497314e+11 -1.620872e+12 1.214227e-01 -3.934157e-01 -9.113071e-01 -8.475221e+00 0 1
-1.132611e+12 2.901674e+12 -8.471150e+11 -3.700355e-02 9.180147e-01 -3.948160e-01 -4.675893e+00 0 26131
8.399509e+11 2.441452e+12 3.289604e+12 -5.746196e-02 4.998130e-01 8.642251e-01 1.662182e+01 0 1
-1.536310e+12 -6.802457e+11 5.308247e+11 -9.294905e-01 -3.492923e-01 1.184999e-01 -3.933225e+00 0 58315
-1.606826e+13 5.656061e+12 4.752551e+12 -9.355772e-01 2.960730e-01 1.924475e-01 -4.833421e+00 0 1
-6.085679e+11 -1.995399e+12 -1.102852e+11 -8.296395e-01 -4.090505e-01 -3.799683e-01 -1.778376e+01 0 3
-1.571633e+12 -1.109412e+11 8.413818e+11 -3.231418e-01 5.585365e-01 7.639478e-01 -9.224871e+00 0 24595
-3.796145e+11 5.113497e+10 -2.238215e+12 1.311805e-01 4.171526e-01 -8.993194e-01 -6.915281e+00 0 52387
2.280707e+12 1.485719e+12 2.963537e+12 8.584307e-01 2.052286e-01 4.700829e-01 -1.323834e+01 0 1
8.780281e+11 1.578760e+12 3.198828e+11 3.478502e-01 9.349115e-01 7.028985e-02 -2.218924e+00 0 5
-2.305441e+12 -9.395610e+11 7.658108e+11 -6.114365e-01 -3.619721e-01 7.036488e-01 5.954240e+00 0 18864
-1.535459e+12 -8.636662e+10 2.960960e+12 -1.852312e-01 -1.721062e-01 9.675065e-01 2.577480e+00 0 250703
1.418982e+12 -4.048516e+12 -4.017313e+12 2.432179e-01 -5.832894e-01 -7.749958e-01 6.158123e+00 0 213507
-5.391148e+11 2.121286e+12 -8.754558e+11 1.080216e-01 9.636400e-01 -2.443959e-01 -5.693146e+00 0 9728
-3.334359e+12 -7.566619e+12 -1.971405e+12 -5.177090e-01 -8.013067e-01 -2.998083e-01 -3.983640e+00 0 1
1.048952e+12 -1.471362e+12 -6.389701e+11 4.798938e-02 -7.592754e-01 -6.489976e-01 4.263506e-01 0 1
1.761211e+12 -2.420564e+11 -3.148207e+11 9.663411e-01 2.513947e-01 -5.464077e-02 3.161427e+00 0 49768
-2.362841e+12 1.000000e+12 2.907952e+11 -6.877126e-01 6.290320e-01 3.624501e-01 -1.889577e+00 0 2
-9.976500e+11 1.074966e+11 -1.420820e+12 -5.477047e-01 1.539703e-01 -8.223824e-01 -2.865748e+00 0 290290
-2.120807e+12 -8.046083e+11 -7.303759e+11 -6.911897e-01 -6.358218e-01 -3.434929e-01 1.096410e-01 0 1
2.465228e+11 1.365940e+12 -1.289430e+12 2.205846e-02 3.768264e-01 -9.260212e-01 6.467174e+00 0 3
1.853804e+12 7.203759e+11 8.014771e+11 9.733484e-01 2.986089e-02 2.273791e-01 3.272953e-01 0 15936
-2.275694e+11 1.626684e+12 -1.177154e+12 -7.414760e-01 6.661722e-01 8.017396e-02 6.494299e+00 0 108515
1.632894e+12 3.841787e+11 2.842141e+11 7.119305e-01 1.169898e-01 -6.924365e-01 -1.652158e+00 0 54819
5.774531e+11 5.188454e+12 -1.678100e+12 -4.135685e-03 9.813666e-01 -1.921003e-01 1.411795e+01 0 1
9.753447e+11 1.630981e+11 1.483484e+12 5.013839e-02 3.240584e-01 9.447075e-01 6.837313e+00 0 157330
-2.000419e+12 1.367260e+12 -1.464877e+12 -4.641934e-01 8.328030e-01 -3.016019e-01 -6.524692e+00 0 68625
-3.139053e+12 1.782771e+12 1.088776e+12 -8.677401e-01 4.724319e-01 1.543866e-01 5.920332e+00 0 170383
4.012039e+12 -7.948227e+11 -2.764205e+10 8.566350e-01 -5.057011e-01 1.021899e-01 -6.633350e+00 0 3
-1.545265e+12 9.734657e+11 -4.747473e+12 -4.334776e-01 2.541214e-01 -8.645921e-01 -6.520831e+00 0 1
6.205680e+11 2.598947e+12 -1.706698e+12 1.533250e-01 7.636501e-01 -6.271602e-01 1.168322e+01 0 1
-3.204131e+11 -3.255564e+10 -1.967148e+12 -6.478445e-01 2.841210e-01 -7.068047e-01 -2.016685e+00 0 29848
1.408702e+12 1.260877e+12 3.686847e+11 8.207929e-01 3.607156e-01 4.429258e-01 -8.755102e+00 0 2
-1.489145e+12 -9.323146e+10 -1.148266e+12 -6.557156e-01 7.494111e-01 -9.176104e-02 -8.077751e+00 0 36334
1.663222e+12 2.443080e+12 -3.454387e+11 6.820437e-01 6.804995e-01 -2.678372e-01 -9.488048e+00 0 1
-1.828364e+12 2.534393e+11 8.059886e+11 -9.310017e-01 3.568977e-01 7.654991e-02 -7.149382e-01 0 74765
2.073153e+12 -3.626339e+11 -4.517537e+11 6.848885e-01 -5.100024e-01 -5.204087e-01 -1.235155e+01 0 1
-1.641186e+11 -1.981075e+12 8.219363e+11 -7.551271e-01 -6.161301e-01 2.239794e-01 -1.120264e+01 0 26077
-1.275860e+12 1.303221e+12 2.383664e+12 -8.369264e-03 3.322766e-01 9.431449e-01 -7.961265e+00 0 1
1.375097e+12 -8.490289e+10 9.898930e+11 4.473365e-01 5.647007e-01 6.935439e-01 9.050851e+00 0 3672
2.443345e+11 1.158790e+12 1.335598e+12 3.145488e-01 -2.784862e-01 9.074715e-01 -2.893455e+00 0 9785
-1.396335e+12 9.293217e+10 6.051810e+12 -1.497097e-01 1.270279e-01 9.805360e-01 3.947105e+00 0 1
-1.996004e+11 -7.816277e+11 2.247821e+12 3.197893e-01 -1.060128e-01 9.415392e-01 7.771343e+00 0 410283
2.268645e+12 -1.497742e+12 1.161943e+12 5.061295e-01 -7.974374e-01 3.285217e-01 -2.056564e+01 0 1
-1.753102e+11 -4.162761e+12 3.440294e+12 -2.146849e-01 -8.054977e-01 5.523440e-01 -1.084038e+01 0 181856
2.263515e+11 5.404676e+11 -2.167798e+12 -9.466164e-02 3.844132e-01 -9.182950e-01 4.184696e+00 0 264021
-1.160578e+11 1.467253e+12 -1.058758e+12 -6.234934e-01 7.785996e-01 -7.098317e-02 1.088350e+01 0 40904
7.396157e+11 -1.885103e+12 -5.615068e+10 6.623668e-01 -6.121829e-01 4.318591e-01 1.094991e+01 0 1
-9.989662e+11 7.694685e+11 1.752344e+12 -4.862696e-01 5.618203e-02 8.720009e-01 5.745435e-01 0 34133
1.255447e+12 1.208516e+12 8.676692e+11 4.242054e-01 8.987996e-01 1.104948e-01 9.567072e+00 0 14399
-1.045819e+12 -3.844575e+12 1.146091e+11 4.429469e-02 -9.676271e-01 -2.484670e-01 1.223476e+00 0 1
-8.393731e+11 -1.423117e+12 8.700332e+11 -3.822708e-01 -9.133544e-01 1.401884e-01 7.154495e+00 0 128836
1.379556e+12 -5.360500e+12 1.433028e+13 1.140001e-01 -4.291331e-01 8.960183e-01 -1.007545e+01 0 1
-5.110592e+11 1.844848e+12 -5.536626e+11 -3.904149e-01 8.034086e-01 -4.495674e-01 4.923809e+00 0 13193
6.158126e+11 2.225248e+12 2.971505e+11 2.468008e-01 9.054203e-01 3.454033e-01 4.731927e+00 0 164173
-2.305436e+12 9.434300e+11 3.450312e+12 -6.413249e-01 3.168586e-01 6.987868e-01 -6.282646e+00 0 1
1.487026e+12 -6.516607e+11 -5.489889e+11 5.101759e-01 -8.508650e-01 1.254963e-01 -9.246175e+00 0 16908
3.164485e+11 -9.593346e+10 1.934644e+12 -2.517255e-01 -4.451591e-01 8.593414e-01 -8.900384e+00 0 1
2.377857e+12 1.121411e+12 1.642521e+12 7.512007e-01 5.982508e-01 2.789148e-01 1.321207e+01 0 3
-2.487912e+12 1.237300e+12 7.156366e+11 -7.191315e-01 2.144829e-01 6.609440e-01 8.722437e+00 0 1
-3.142280e+12 9.922787e+10 -2.084957e+12 -8.932035e-01 4.160403e-02 -4.477238e-01 -8.504107e+00 0 1
-1.366819e+12 -2.257235e+12 -1.457897e+12 -3.335910e-01 -9.211133e-01 -2.006669e-01 1.160423e+00 0 33707
1.640163e+11 1.695579e+12 -1.197360e+12 5.189959e-01 5.700138e-01 -6.369674e-01 -1.100684e+01 0 11376
9.879407e+11 2.918291e+12 -3.981766e+12 3.756037e-01 4.227561e-01 -8.247419e-01 -1.306270e+00 0 26118
1.709734e+12 -1.431130e+12 9.789554e+11 9.813902e-01 -1.877441e-01 4.031789e-02 1.496916e+01 0 13008
1.012509e+13 1.389475e+12 -4.348763e+12 8.878223e-01 1.937721e-01 -4.174013e-01 1.498267e+01 0 1
-7.202066e+11 1.460840e+12 3.903666e+12 -3.005092e-01 5.968852e-01 7.439236e-01 6.616170e+00 0 70961
-1.687945e+12 8.524782e+11 -1.509191e+12 -8.515998e-01 2.615153e-01 -4.542989e-01 -4.540943e+00 0 1
2.558473e+11 1.559267e+12 6.210560e+11 5.405938e-01 5.591490e-02 8.394236e-01 -6.775411e+00 0 74039
-7.021553e+12 4.185167e+13 5.630725e+11 -1.688112e-01 9.855330e-01 1.508348e-02 -1.057177e+01 0 1
-1.313254e+12 2.534536e+12 6.395248e+11 -1.939889e-01 9.800486e-01 4.327784e-02 -1.119422e+01 0 3
1.973691e+12 3.285878e+11 -1.542231e+10 9.914981e-01 -2.761435e-02 1.271572e-01 -8.546570e+00 0 2
5.216414e+12 -1.361013e+12 -7.919051e+11 8.752768e-01 -4.836011e-01 -4.536875e-03 -2.171937e+01 0 1
3.022054e+12 1.755845e+11 -8.638017e+11 7.695590e-01 8.265303e-02 -6.332041e-01 3.056804e+00 0 93322
3.662117e+12 4.542877e+11 4.727433e+12 4.245237e-01 1.330275e-01 8.955910e-01 1.110142e+01 0 1
-4.135106e+12 -6.708937e+10 -8.944455e+11 -9.093494e-01 2.634894e-01 -3.219582e-01 -5.345638e+00 0 1
1.870697e+11 -1.741980e+12 -3.920522e+11 7.859913e-01 -4.813543e-01 3.879636e-01 6.221250e+00 0 6990
8.167490e+12 8.593934e+12 1.742154e+12 6.256789e-01 7.746819e-01 9.161785e-02 -1.872329e+00 0 1
3.059713e+12 5.502495e+11 2.688988e+12 7.857355e-01 1.201938e-01 6.067728e-01 6.397651e+00 0 1
1.027065e+13 -2.915933e+12 5.153835e+12 8.389250e-01 -3.753540e-01 3.940993e-01 -2.806202e+00 0 1
1.275363e+12 1.840237e+12 4.068941e+12 2.261688e-01 2.421407e-01 9.435124e-01 2.988241e+00 0 365562
-2.175831e+12 -1.185821e+12 1.376709e+12 -9.089817e-01 5.670604e-05 4.168361e-01 -1.278766e+01 0 1
6.525535e+11 9.646272e+11 -1.245010e+12 1.802317e-01 8.268709e-01 -5.327299e-01 4.191394e+00 0 2479
-8.993519e+11 -1.584980e+12 4.701958e+11 -5.992898e-02 -9.940835e-01 9.058978e-02 1.110095e+01 0 151647
-1.428726e+12 -2.059417e+12 -3.540522e+11 -9.637925e-02 -9.923900e-01 -7.663650e-02 1.547178e+01 0 7610
1.521044e+12 -9.651471e+11 -2.824268e+11 9.933308e-01 2.347840e-02 -1.128832e-01 1.810648e+01 0 1
1.650045e+12 7.205852e+11 -1.593153e+11 7.812152e-01 5.521591e-01 2.912441e-01 8.663812e+00 0 1
-7.413843e+11 -1.043273e+12 -1.395097e+12 2.062311e-02 -8.863782e-01 -4.625023e-01 3.925683e+00 0 46291
3.073736e+11 2.508698e+12 1.531989e+12 5.779296e-02 8.350815e-01 5.470821e-01 6.289920e+00 0 98923
1.500558e+12 -1.712923e+12 9.934262e+11 2.224604e-01 -7.205232e-01 6.567783e-01 -3.215699e+00 0 2
2.619355e+12 -1.524756e+12 2.741967e+12 5.729062e-01 -6.618258e-01 4.834927e-01 -1.876783e+01 0 1
-9.672033e+10 2.385344e+12 3.063567e+12 1.935726e-01 3.948216e-01 8.981345e-01 2.064664e+00 0 1
-3.244872e+11 -1.187728e+10 -3.399673e+12 1.677625e-01 2.225451e-01 -9.603798e-01 -4.305351e+00 0 91998
2.134119e+12 -5.824908e+12 -2.555509e+12 5.164430e-01 -7.612705e-01 -3.921146e-01 1.814919e+00 0 1
1.525220e+12 -1.237387e+12 8.622615e+10 7.362527e-01 -4.488706e-01 5.064062e-01 -2.654803e+00 0 96848
1.654032e+12 7.279672e+11 -3.568663e+11 6.796613e-01 6.919307e-01 -2.435004e-01 1.271115e+01 0 2
8.005666e+11 2.798775e+11 -2.257161e+12 4.573564e-01 6.577155e-01 -5.985277e-01 8.069915e+00 0 106012
-3.341405e+12 -4.177951e+12 -2.552349e+12 -5.711372e-01 -5.575777e-01 -6.024196e-01 5.509825e+00 0 2
1.639281e+12 4.054101e+11 -8.262471e+11 7.498317e-01 -3.215709e-01 -5.782253e-01 -1.079273e+01 0 19997
-1.178490e+11 -7.486126e+10 2.509713e+12 6.657663e-02 -3.440576e-01 9.365853e-01 2.667010e+00 0 27512
-4.592783e+11 -1.184055e+12 1.187151e+12 -9.269583e-01 -3.675373e-01 7.526357e-02 -1.057921e+01 0 1415
-2.111359e+12 9.995076e+11 -1.421102e+12 -5.341162e-01 -8.823294e-02 -8.407942e-01 1.386396e+01 0 1
2.011137e+12 2.016075e+12 4.477828e+12 2.612600e-01 2.223872e-01 9.393014e-01 -6.317991e+00 0 1
-1.510203e+12 -1.481309e+12 -3.716406e+11 -3.121494e-01 -8.891456e-01 -3.346385e-01 1.078338e+01 0 375144
-5.341319e+12 2.121926e+12 2.618456e+12 -8.417225e-01 1.026127e-01 5.300697e-01 3.107663e+00 0 1
2.074657e+12 1.999258e+11 -3.692050e+11 8.509074e-01 -3.936105e-02 -5.238389e-01 -5.469220e+00 0 22029
-2.932950e+12 -1.843079e+12 1.333036e+11 -9.008885e-01 -4.303718e-01 5.639067e-02 1.735704e+00 0 129993
-1.215508e+12 -1.670268e+12 -6.313227e+11 -8.429502e-01 -3.720538e-01 -3.886012e-01 -5.677811e+00 0 60592
2.360161e+12 -1.059454e+12 4.482864e+12 6.582860e-01 2.979761e-02 7.521779e-01 -1.640996e+00 0 1
-7.407973e+11 -3.825330e+11 -1.486799e+12 2.595804e-02 -9.122999e-02 -9.954915e-01 7.422089e+00 0 2
-2.077833e+12 7.021208e+11 -1.482307e+12 -7.984837e-01 -2.493748e-01 -5.479380e-01 -1.406118e+00 0 1
-1.527718e+11 -1.653948e+12 4.199671e+12 1.728044e-01 -5.354316e-01 8.267113e-01 1.439288e+01 0 1
1.372220e+12 9.102997e+12 -2.525276e+12 1.009421e-01 9.810651e-01 -1.652934e-01 -3.910046e+00 0 1
-4.502240e+11 -1.345750e+12 9.295438e+11 2.255584e-01 7.388639e-02 9.714238e-01 5.881403e-01 0 1550
-7.183497e+11 2.110785e+11 -2.069690e+12 -5.805029e-01 -3.992808e-02 -8.132786e-01 -3.741846e+00 0 71610
2.896711e+12 2.839420e+12 7.453369e+11 5.605005e-01 8.272482e-01 -3.872475e-02 1.202083e+01 0 6748
8.298686e+11 -1.007322e+12 1.279397e+12 8.521533e-01 1.985330e-01 4.841687e-01 2.659934e+00 0 1
-8.134564e+11 1.024493e+12 -1.115012e+12 -9.111783e-01 2.983740e-01 2.841250e-01 6.312130e+00 0 26397
-9.319417e+11 -1.128362e+11 1.533128e+12 -8.076340e-01 -3.353069e-01 4.850739e-01 4.999994e+00 0 148364
-8.336057e+11 -1.086852e+12 -1.000450e+12 -3.587236e-01 -5.834488e-01 -7.286322e-01 1.728890e+00 0 115670
-1.705208e+12 -1.934921e+11 -1.808901e+12 -4.690995e-01 -1.468445e-01 -8.708515e-01 1.049637e+01 0 1
7.221378e+10 2.593546e+12 -9.993833e+11 -2.298083e-01 7.551288e-01 -6.139778e-01 1.047564e+01 0 1
-9.414244e+12 4.261830e+12 -4.760923e+12 -8.712224e-01 2.676947e-01 -4.114742e-01 -2.050921e-01 0 1
-2.117954e+12 2.011687e+11 2.363029e+12 -3.187525e-01 2.118270e-01 9.238648e-01 -9.827619e+00 0 71885
9.500619e+12 7.322350e+10 -1.219144e+12 9.714103e-01 3.244916e-03 -2.373847e-01 -6.468662e+00 0 1
-5.879421e+11 -1.365986e+12 -1.056630e+12 -3.819757e-01 -6.015908e-01 -7.015576e-01 -6.815681e+00 0 3
7.165447e+11 -1.034793e+12 1.566946e+12 6.472754e-02 -5.506067e-01 8.322516e-01 3.313411e+00 0 76909
-9.833706e+11 3.059146e+12 -1.367848e+12 -3.532496e-01 9.348083e-01 -3.671733e-02 -2.047093e+00 0 83360
1.122265e+12 1.810918e+12 -3.899900e+11 8.317473e-01 4.573837e-01 3.146372e-01 -1.457981e+01 0 169151
-4.451815e+12 5.705824e+12 5.350729e+12 -3.808801e-01 6.628295e-01 6.446607e-01 -6.705168e-02 0 1
-1.359279e+13 4.931354e+12 -5.580874e+11 -9.357853e-01 3.522651e-01 1.466950e-02 7.962380e+00 0 1
6.527060e+12 2.441395e+11 -4.113017e+12 7.893485e-01 1.159963e-01 -6.028879e-01 1.225227e+01 0 2
-5.504302e+12 -3.638397e+11 -6.718665e+12 -6.433081e-01 -1.590458e-01 -7.489053e-01 1.478378e+01 0 1
-1.355085e+12 7.909832e+11 1.266826e+12 -8.083390e-01 2.695826e-01 5.233672e-01 -1.817389e+00 0 110033
3.485474e+12 1.795020e+12 7.511318e+11 7.231129e-01 6.869355e-01 7.229993e-02 7.165179e+00 0 62238
1.618333e+13 8.507406e+11 4.482156e+12 9.463222e-01 1.438253e-01 2.894627e-01 -6.512227e-01 0 1
2.020800e+12 -6.507902e+11 1.120121e+12 8.868498e-01 3.179229e-01 3.352945e-01 1.834595e+01 0 1
4.869692e+12 2.634440e+12 -5.382640e+12 5.780757e-01 5.090371e-01 -6.377379e-01 1.329389e+01 0 1
6.646018e+11 1.673895e+12 -4.726387e+11 7.138337e-01 4.384973e-01 -5.460417e-01 -1.220623e+01 0 26015
1.786927e+11 2.005967e+12 3.874808e+11 3.664327e-01 8.185028e-01 4.424706e-01 -1.389392e+00 0 68184
-1.514006e+12 -9.871185e+11 -1.500722e+12 -8.084279e-01 -2.258659e-01 -5.435337e-01 1.837687e+00 0 80818
-4.466123e+11 -6.307640e+11 1.727730e+12 -4.788788e-02 5.460889e-02 9.973588e-01 6.160210e-01 0 62782
-2.085520e+12 1.667592e+12 -9.043310e+11 -8.611781e-01 3.621828e-01 -3.566454e-01 1.195561e+01 0 1
-5.793451e+11 1.247999e+12 1.866889e+12 1.960848e-01 4.909769e-01 8.488183e-01 2.076213e-01 0 3
9.052405e+11 1.058241e+12 -1.314896e+12 4.532045e-01 3.540630e-01 -8.180740e-01 6.889775e+00 0 1
-1.888052e+12 -6.534843e+11 3.241202e+10 -8.029585e-01 -5.474904e-01 2.356098e-01 2.098414e+00 0 15688
5.085904e+12 -2.029738e+12 8.618258e+11 9.208220e-01 -3.899220e-01 6.909158e-03 -8.291843e+00 0 1
3.383430e+11 -2.090568e+12 -2.464517e+11 -5.608938e-01 -6.626787e-01 -4.962410e-01 -1.456350e+01 0 173596
1.098766e+12 6.716956e+11 1.178595e+12 -1.490113e-01 7.437169e-01 6.516754e-01 7.085564e+00 0 16031
1.354307e+12 -3.399825e+12 4.381073e+11 -5.908938e-02 -9.976835e-01 3.370567e-02 -8.091154e+00 0 70667
-1.783142e+12 -1.680811e+12 -3.495617e+11 -6.507547e-01 -7.539247e-01 -9.008797e-02 8.483181e+00 0 2
-2.894386e+12 -2.874551e+11 2.524096e+12 -6.835777e-01 -3.556932e-01 6.373412e-01 -3.414692e+00 0 1
7.097399e+11 1.726508e+12 -8.173946e+11 3.968844e-01 5.635974e-01 -7.244590e-01 2.622269e+00 0 2
1.852610e+12 -1.590725e+12 1.658848e+12 7.648437e-01 -6.488548e-02 6.409400e-01 1.314959e+01 0 48327
3.561403e+12 2.195381e+12 -1.106920e+12 7.136737e-01 5.150725e-01 -4.747316e-01 8.824194e+00 0 1
9.514275e+11 -1.313380e+12 8.828302e+11 7.115260e-02 -8.043571e-01 5.898703e-01 -1.121048e+01 0 4
-1.940205e+12 -1.433667e+12 3.974790e+12 -3.836835e-01 -1.114983e-01 9.167088e-01 1.044812e+00 0 15415
3.504738e+10 1.244883e+11 -1.947841e+12 -4.264199e-01 -4.148628e-01 -8.037754e-01 2.529371e+00 0 87006
1.822380e+12 1.480766e+12 1.968354e+12 3.346967e-01 7.526049e-01 5.670661e-01 1.133311e+01 0 125560
-2.416783e+12 2.091351e+12 -9.721503e+11 -8.324625e-01 5.063885e-01 -2.248933e-01 8.028700e+00 0 23259
1.195763e+12 1.089704e+12 -1.130111e+12 2.350474e-01 9.306622e-01 -2.803937e-01 3.216786e+00 0 1
-5.853974e+11 -2.507858e+12 3.453922e+11 -2.072202e-01 -9.530463e-01 2.208225e-01 -4.247389e+00 0 36925
-2.325178e+12 -1.440142e+12 5.004521e+11 -8.869428e-01 -3.952343e-01 -2.390028e-01 -7.418482e+00 0 92381
1.229649e+12 -1.201719e+12 -3.322664e+11 7.499885e-01 1.686824e-01 -6.395808e-01 1.178545e+01 0 38250
2.663967e+11 1.541501e+12 8.257088e+11 -2.254888e-01 9.558574e-01 1.883916e-01 7.351070e+00 0 1
1.212736e+12 -1.505085e+11 1.339018e+12 -4.057105e-02 -2.413114e-01 9.695993e-01 -5.402383e+00 0 70284
-4.894352e+11 -1.195398e+12 1.103809e+12 1.393192e-01 -1.307901e-01 9.815723e-01 3.504908e+00 0 86506
6.842925e+11 -1.161332e+12 -2.084292e+12 5.377815e-01 -2.083851e-01 -8.169252e-01 1.000215e+01 0 1
-1.008020e+12 -1.262583e+11 1.361178e+12 -1.465910e-02 -4.785655e-01 8.779295e-01 6.148017e+00 0 288
-8.497456e+11 5.128954e+11 -1.385871e+12 -8.636272e-01 -4.939911e-01 -1.006030e-01 1.803428e-01 0 1
6.594081e+11 -2.472317e+12 -1.196255e+12 2.956138e-01 -9.528471e-01 -6.851935e-02 -4.553926e+00 0 1
-5.713363e+11 1.673072e+12 -1.412736e+12 -2.547181e-01 8.177888e-01 -5.160815e-01 -4.706714e+00 0 112421
-9.540345e+11 -1.577024e+12 9.541225e+09 -7.097427e-01 -4.977500e-01 4.985080e-01 -9.972010e+00 0 55318
1.433103e+12 3.727634e+11 -1.072307e+12 5.530488e-01 5.570876e-01 -6.195082e-01 8.264755e-01 0 274727
2.141745e+12 4.874277e+12 -4.002111e+11 5.516518e-01 8.309449e-01 7.218598e-02 -1.472504e+01 0 1
-1.021483e+12 -7.607501e+12 -2.373465e+13 3.017815e-03 -3.409471e-01 -9.400777e-01 1.597001e+01 0 1
-1.560876e+12 1.344447e+11 8.580349e+11 -7.448837e-01 4.563594e-01 4.867077e-01 -1.071933e+01 0 65059
-2.827451e+11 -7.529682e+11 -4.358572e+12 -1.529630e-02 -3.342138e-01 -9.423732e-01 -8.022023e+00 0 1
-1.146803e+12 2.683063e+11 1.402261e+12 -4.950012e-01 -5.362233e-01 6.836947e-01 1.370289e+01 0 1
8.498210e+12 -5.399065e+12 1.155504e+11 7.643844e-01 -6.390418e-01 -8.568585e-02 -3.227266e+00 0 1
-2.592885e+12 1.144476e+12 6.601074e+11 -5.886359e-01 7.704425e-01 2.447980e-01 -1.565044e+01 0 2
5.310447e+12 4.369636e+12 -5.839004e+12 6.044250e-01 4.400704e-01 -6.640847e-01 2.133798e+00 0 160604
2.423379e+12 -2.435416e+11 -3.163489e+12 4.602316e-01 2.760635e-01 -8.437866e-01 1.024749e+01 0 3299
-1.146935e+12 -2.113627e+11 1.581250e+12 -5.026128e-01 -4.974184e-01 7.070752e-01 1.278310e+00 0 34377
-3.247360e+12 -1.012621e+12 -7.681188e+11 -8.800047e-01 -3.426414e-01 -3.289204e-01 -1.464105e+00 0 28284
1.482771e+12 -8.602128e+10 1.893442e+12 5.937384e-01 2.386515e-01 7.684531e-01 6.677091e-01 0 29627
1.401262e+11 1.376304e+12 1.992917e+12 1.992249e-01 4.845965e-01 8.517486e-01 -7.348697e+00 0 47353
-1.499134e+12 -6.816728e+11 -7.513401e+11 -5.712889e-01 -1.088591e-04 -8.207490e-01 -6.951548e+00 0 116628
2.015304e+12 -2.444455e+11 -1.039497e+12 9.217360e-01 -1.143106e-01 -3.705885e-01 3.039888e+00 0 17983
1.284028e+12 -3.643312e+12 1.754741e+12 1.697208e-01 -9.316072e-01 3.214078e-01 4.908742e+00 0 2
2.294699e+12 -2.836779e+12 5.331524e+11 3.196210e-01 -9.089757e-01 2.675921e-01 -6.381607e+00 0 5538
5.786367e+11 2.701630e+12 -5.123552e+12 1.542698e-01 3.645855e-01 -9.183018e-01 -7.821577e+00 0 3
1.553800e+12 -1.344626e+12 1.026316e+12 9.306498e-01 -2.935861e-01 2.183991e-01 1.394431e+01 0 75153
-5.580056e+11 1.764621e+12 -9.812816e+10 -6.222046e-01 6.638318e-01 4.149564e-01 1.018132e+01 0 116164
-1.054956e+12 1.368475e+12 4.228338e+10 -7.542094e-01 5.592048e-01 -3.441774e-01 3.311815e+00 0 195772
-2.949003e+12 -1.059225e+12 2.079534e+12 -6.474450e-01 -5.548898e-01 5.224100e-01 7.452293e-01 0 1
-1.854633e+12 -1.780038e+12 -1.271815e+12 -4.390366e-01 -7.357921e-01 -5.156131e-01 9.387406e+00 0 2
-5.437793e+10 -7.434065e+11 -1.543495e+12 -3.928991e-01 1.189658e-01 -9.118539e-01 -6.060892e-01 0 1
-6.417463e+11 -4.692079e+11 -1.515980e+12 -8.290912e-01 -6.238257e-02 -5.556224e-01 -3.677747e+00 0 6674
-1.601478e+12 -6.886742e+12 7.928787e+12 -2.316486e-01 -6.261553e-01 7.444921e-01 -1.583041e+01 0 1
-1.136800e+12 1.213693e+12 3.817716e+11 2.338695e-01 9.288662e-01 -2.872501e-01 -1.099679e+01 0 43922
1.725341e+11 -8.373764e+11 1.491372e+12 6.008826e-01 1.577667e-01 7.836132e-01 1.965854e+00 0 15658
-1.407254e+12 -3.547141e+11 -2.011210e+12 -6.546651e-01 5.028539e-01 -5.644037e-01 -1.540307e+00 0 1
-8.696179e+12 -9.059893e+11 -1.061388e+12 -9.869917e-01 -3.923915e-02 -1.559091e-01 -1.568732e+01 0 1
4.968267e+11 1.924967e+11 2.076034e+12 1.479181e-01 8.040974e-01 5.758017e-01 -1.482616e-01 0 4
-2.174831e+12 1.146804e+12 1.655310e+12 -9.261659e-01 -1.183148e-01 3.580758e-01 2.314227e+01 0 4
-1.607914e+13 2.210519e+13 -1.054772e+13 -5.207938e-01 7.703654e-01 -3.678463e-01 -2.456247e+01 0 1
1.651029e+12 -3.842628e+11 1.397271e+12 5.714830e-01 -3.982280e-01 7.175107e-01 -5.006252e-01 0 26392
1.693599e+12 9.296981e+10 -3.620831e+10 1.316342e-01 -1.270552e-01 9.831223e-01 -2.448410e+00 0 82020
1.115450e+12 -6.851814e+11 1.079757e+12 3.505997e-01 -8.895564e-01 2.928638e-01 -8.946305e+00 0 27072
1.346243e+12 -2.148342e+11 -1.157687e+12 3.171543e-01 -3.081647e-02 -9.478732e-01 3.988422e+00 0 417265
2.116762e+12 -1.343273e+12 -1.155088e+12 5.220463e-01 -7.788133e-01 -3.477320e-01 -2.379699e+00 0 2
1.097599e+11 -1.921612e+12 1.021842e+12 -7.923723e-02 -9.968541e-01 -1.835365e-03 1.071015e+00 0 13768
-1.206471e+12 1.222929e+12 5.250121e+11 -7.699578e-01 5.168979e-01 -3.741410e-01 6.152481e+00 0 168079
-7.830621e+11 3.191842e+11 -1.470425e+12 5.206303e-01 -8.728938e-02 -8.493083e-01 1.566135e+00 0 90600
-3.171561e+12 -3.256423e+12 1.701957e+12 -6.139314e-01 -5.613779e-01 5.549261e-01 5.925073e+00 0 159946
-8.754991e+11 -4.193573e+10 -1.469052e+12 1.167287e-01 -4.927516e-01 -8.623052e-01 4.541809e+00 0 2617
1.694038e+12 -3.121520e+09 -1.498055e+12 2.940418e-01 -2.300361e-01 -9.276976e-01 1.807382e+00 0 1
5.800554e+11 -2.746170e+11 -1.712353e+12 -5.284347e-01 1.758196e-01 -8.305686e-01 -1.296691e+00 0 55180
8.538689e+11 -1.068797e+12 -1.009164e+12 -6.921805e-01 -4.088788e-01 -5.947304e-01 -1.288717e+01 0 21343
9.825742e+10 -2.184466e+12 -7.126253e+11 -1.328085e-01 -5.884525e-01 -7.975497e-01 3.742779e+00 0 1
-1.426609e+12 6.953116e+11 -3.231684e+12 -3.774599e-01 5.094434e-01 -7.732991e-01 -1.131020e+01 0 1
3.133316e+10 7.634082e+10 2.143336e+12 -3.911701e-02 -2.067396e-01 9.776137e-01 3.534381e+00 0 558894
-2.430284e+12 -1.852020e+12 1.722957e+11 -9.414488e-01 -3.369493e-01 -1.180848e-02 -1.456034e+01 0 2
-4.012389e+11 -6.472398e+11 1.558453e+12 5.981697e-01 1.423213e-01 7.886303e-01 2.799848e+00 0 52480
9.087650e+11 -1.950505e+12 -4.788549e+12 9.674053e-02 -2.794180e-01 -9.552837e-01 5.729760e+00 0 1
-1.039422e+12 -6.690173e+11 1.225347e+12 -8.038889e-01 -5.907702e-01 6.894354e-02 4.005534e+00 0 137709
5.044269e+12 -7.000970e+11 -5.271968e+12 7.206030e-01 -2.545485e-01 -6.449313e-01 9.869275e-01 0 1
2.893312e+12 -3.428242e+11 -8.135422e+11 9.794752e-01 -1.435704e-01 1.414772e-01 3.334212e+00 0 4
1.457661e+12 -1.804503e+12 -9.113962e+11 5.998080e-02 -9.018923e-01 -4.277764e-01 -1.296963e+01 0 113376
2.456797e+11 6.443500e+11 -1.619966e+12 -3.396938e-01 3.464828e-01 -8.743900e-01 7.239016e+00 0 1
1.619285e+12 4.376581e+11 2.960058e+11 3.021691e-01 7.174755e-01 6.276326e-01 9.170014e+00 0 115365
2.399219e+12 8.875589e+11 -1.193192e+12 7.131453e-01 4.452221e-01 -5.414804e-01 -1.045374e+00 0 4
-5.926363e+11 -6.199709e+11 1.490468e+12 -5.955816e-01 -2.961964e-02 8.027486e-01 2.046405e-01 0 33700
3.214300e+11 1.869833e+12 1.013819e+12 2.066873e-01 9.404960e-01 2.697175e-01 4.767230e+00 0 1
8.309043e+10 2.603414e+12 -1.011597e+12 -1.674520e-01 9.753418e-01 -1.437647e-01 -2.582335e+00 0 1
-5.855909e+11 1.254595e+12 -1.102299e+12 6.960712e-01 6.426027e-01 -3.202292e-01 -7.179388e+00 0 155952
1.270031e+12 1.104735e+12 7.198203e+11 2.041334e-01 9.724691e-01 1.123987e-01 2.863221e+00 0 118586
4.024013e+11 2.153372e+12 1.433629e+11 8.373983e-02 7.091829e-01 7.000338e-01 -3.188486e+00 0 28581
-8.672754e+10 1.462767e+12 -2.035285e+12 -3.740135e-01 7.207059e-01 -5.836925e-01 1.591055e+01 0 1
2.970771e+11 1.446213e+12 1.421782e+12 1.558288e-01 9.366968e-01 3.135547e-01 -2.588829e+00 0 1435
-1.380890e+12 -6.246817e+10 2.348179e+12 -1.852522e-01 1.797023e-01 9.661204e-01 2.090411e+00 0 38889
-9.204970e+10 -5.326186e+11 -3.691105e+12 -3.671486e-01 -2.371436e-01 -8.994247e-01 2.184270e+00 0 2
-1.171276e+12 -1.221785e+12 5.214215e+11 -9.909499e-01 -1.342221e-01 -1.660095e-03 -1.699935e+01 0 1
-2.510813e+12 1.346408e+11 6.351332e+11 -9.841906e-01 1.751650e-01 -2.619450e-02 4.499934e-01 0 211261
-3.375617e+12 -7.122385e+11 -1.861653e+12 -9.180274e-01 1.372872e-02 -3.962791e-01 -1.103168e+01 0 91076
-1.326206e+12 -2.987785e+12 3.011944e+12 -2.570652e-01 -7.944568e-01 5.502325e-01 2.521418e-01 0 365864
1.253331e+12 -5.528649e+11 1.026470e+12 7.979341e-01 -5.375937e-01 2.725696e-01 -1.116097e+00 0 3463
3.413746e+12 7.018877e+12 3.017210e+12 5.712152e-01 7.232487e-01 3.881037e-01 -2.575216e+01 0 3
-6.315109e+12 -1.385551e+13 -9.895164e+11 -4.808035e-01 -8.741857e-01 -6.802434e-02 -2.248101e+01 0 1
-6.583463e+11 -1.302340e+12 1.534031e+12 -3.172063e-01 -3.326166e-01 8.881139e-01 -3.079094e-01 0 157048
1.313089e+12 -1.936533e+12 5.332498e+12 2.377360e-01 -2.470360e-01 9.393907e-01 -5.909549e+00 0 39081
-1.215049e+12 8.740235e+11 -8.349529e+11 -9.592341e-01 -2.300955e-01 1.640913e-01 1.136098e+01 0 234376
1.499981e+12 5.914875e+11 5.666626e+11 3.415882e-01 8.974322e-01 2.791648e-01 1.017081e+01 0 12715
-1.273150e+12 -2.839590e+12 1.873373e+12 -4.927455e-01 -6.809412e-01 5.417758e-01 3.915953e+00 0 2
3.211224e+11 -3.648497e+11 1.774293e+12 7.703134e-01 -5.032170e-01 3.916503e-01 7.729101e+00 0 1
1.090198e+10 -1.253791e+12 -1.308094e+12 6.068468e-02 -9.029039e-01 -4.255373e-01 2.870601e+00 0 108128
5.447280e+12 -2.917977e+12 -7.530199e+11 8.914510e-01 -4.530599e-01 7.203459e-03 6.205283e+00 0 1
5.065238e+11 1.056025e+12 -1.659298e+12 -5.351541e-02 4.632051e-01 -8.846339e-01 6.936340e+00 0 205875
-2.385753e+12 7.732878e+11 -7.341120e+11 -9.846059e-01 1.074969e-01 -1.378247e-01 1.357412e+01 0 1
2.378019e+12 -1.299950e+12 -2.089056e+12 4.358983e-01 -4.749502e-01 -7.644704e-01 -8.639460e+00 0 19687
2.863143e+12 1.342501e+11 -6.918750e+11 8.831524e-01 -4.594786e-01 -9.445236e-02 -7.889397e+00 0 2
-1.025320e+12 -1.454072e+12 1.220074e+12 -6.353857e-01 -5.786057e-01 5.113711e-01 -4.882764e+00 0 89070
1.662482e+12 5.696252e+11 -1.085967e+11 8.995411e-01 1.207012e-01 -4.198297e-01 -8.923372e+00 0 138122
1.574228e+12 3.847276e+11 -1.798556e+12 1.993823e-01 -1.780140e-01 -9.636170e-01 1.022591e-01 0 159639
6.850689e+11 -1.689966e+12 -3.015392e+12 1.169116e-02 -5.409801e-01 -8.409541e-01 -7.765322e+00 0 24119
3.345161e+12 5.927245e+12 1.877828e+12 5.121515e-01 8.200254e-01 2.554586e-01 7.798438e+00 0 1
3.495574e+12 -2.748819e+12 2.304328e+12 5.416787e-01 -4.768145e-01 6.922659e-01 5.939078e+00 0 1
-1.349081e+11 1.036653e+12 -1.778072e+12 3.697002e-01 5.025070e-01 -7.815424e-01 -1.237398e+01 0 1
-3.327648e+11 1.005765e+12 -1.548666e+12 -7.003689e-01 6.521018e-01 -2.902527e-01 9.830835e+00 0 155935
-1.123183e+12 1.709978e+12 -3.937951e+09 9.850769e-02 9.945265e-01 -3.483252e-02 -4.449978e+00 0 322284
2.563969e+12 -2.301004e+12 1.945272e+12 5.726055e-01 -4.852194e-01 6.608215e-01 -7.739876e+00 0 5
2.818335e+12 -7.797287e+12 6.883222e+12 2.071030e-01 -6.463904e-01 7.343622e-01 -7.778442e+00 0 3
-2.065476e+12 4.591801e+11 1.575215e+12 -9.184613e-01 1.659574e-01 3.590082e-01 2.629164e+00 0 1
-6.996410e+10 -1.546788e+12 -1.040748e+12 5.812184e-02 -5.829780e-01 -8.104064e-01 5.321238e+00 0 1
1.208262e+12 -8.670235e+11 9.219415e+11 5.726054e-01 -7.673537e-01 2.886025e-01 -1.667880e+00 0 32990
-1.240037e+12 -5.088791e+10 1.164359e+12 -5.766309e-01 -4.621941e-01 6.737013e-01 6.677426e+00 0 285677
-1.158092e+11 3.826334e+11 1.648981e+12 -6.622400e-01 -2.998401e-01 6.866834e-01 2.472899e+00 0 106894
-1.627542e+12 -2.137469e+12 -1.571933e+12 -1.932898e-01 -7.353789e-01 -6.495051e-01 1.833254e+00 0 1
-1.811156e+12 2.129483e+11 -1.160271e+11 -4.128715e-01 -4.252866e-02 -9.097958e-01 -2.542172e+00 0 12287
2.380443e+12 4.357320e+11 1.318827e+11 8.051535e-01 7.851848e-02 5.878458e-01 2.531905e+00 0 1
-8.235043e+11 -3.441497e+11 -1.465252e+12 -3.233519e-01 -6.437866e-01 -6.935289e-01 8.679791e+00 0 287961
-2.982012e+10 6.636700e+11 -1.561893e+12 -5.080872e-01 4.159949e-01 -7.541854e-01 3.703163e+00 0 17348
-1.706101e+12 4.044202e+12 1.618349e+12 -2.102586e-01 9.693206e-01 1.273146e-01 -1.882800e+00 0 1
8.881791e+11 -1.338825e+12 -5.596921e+11 4.668508e-01 -7.556949e-01 -4.593207e-01 -2.085082e+00 0 14139
1.734265e+11 -4.720869e+11 1.697621e+12 2.870112e-01 -4.411081e-01 8.503224e-01 4.445426e+00 0 26854
2.242659e+12 1.748041e+11 -1.551176e+12 6.645751e-01 5.521466e-01 -5.034621e-01 5.783970e+00 0 62173
1.200962e+12 1.404766e+12 -5.115588e+11 7.249069e-01 6.272452e-01 2.847342e-01 -6.947361e+00 0 4
-3.244875e+12 8.907449e+11 -1.104687e+12 -7.620949e-01 4.169592e-01 -4.953346e-01 -1.132873e+00 0 1
6.154853e+10 -1.756813e+12 -1.967475e+12 1.952946e-01 -2.616746e-01 -9.451912e-01 -1.300552e+00 0 3
-6.745752e+11 3.570835e+11 -1.675664e+12 -1.442240e-01 -5.078382e-01 -8.492937e-01 1.028506e+00 0 4126
-9.931300e+11 1.739772e+12 -6.075982e+11 -6.825132e-01 6.037904e-01 4.118410e-01 8.975762e+00 0 2
1.999147e+12 2.761011e+10 -1.842966e+12 2.831724e-01 4.421549e-01 -8.510655e-01 6.984953e-01 0 4
-2.073370e+11 -2.270982e+11 1.667973e+12 5.384170e-02 1.983200e-01 9.786574e-01 -7.065031e-01 0 35160
-2.866240e+12 1.317129e+12 3.452326e+12 -4.688931e-01 1.957988e-01 8.612793e-01 -2.381436e+00 0 256057
6.098540e+11 -8.252031e+11 1.355591e+12 5.389537e-01 2.662438e-01 7.991516e-01 3.829236e+00 0 57291
-3.445154e+11 1.068231e+12 -1.304501e+12 6.099771e-01 -1.383663e-01 -7.802453e-01 -5.306607e+00 0 68641
-4.977849e+11 -6.305182e+10 -4.522529e+12 -2.859113e-01 2.185778e-01 -9.329944e-01 7.745507e+00 0 1
1.472826e+12 4.674725e+12 2.888755e+12 3.265596e-01 8.519276e-01 4.093631e-01 3.332654e+00 0 1
-4.200535e+11 -3.481809e+11 2.201637e+12 4.008552e-01 -1.177260e-02 9.160658e-01 6.186800e+00 0 166230
-1.343936e+12 6.746476e+12 -9.666994e+11 -4.646301e-02 9.986900e-01 2.143375e-02 4.065613e-01 0 1
-8.616772e+11 -1.316123e+12 -7.622369e+11 -3.353909e-01 -8.018490e-01 -4.945211e-01 5.248899e+00 0 254496
2.173533e+12 2.250168e+12 1.387152e+12 4.047165e-01 7.967969e-01 4.486860e-01 1.551748e+01 0 1
1.232200e+12 -2.517889e+12 4.597070e+12 6.059068e-02 -3.659950e-01 9.286422e-01 5.840482e+00 0 1
-5.487469e+11 -1.353808e+12 -2.135233e+12 3.026104e-02 -1.680476e-01 -9.853143e-01 5.489829e+00 0 1
-4.827176e+11 5.946198e+11 -1.620056e+12 -1.659002e-01 -5.063683e-01 -8.462082e-01 3.410117e-01 0 230069
1.741339e+12 6.676489e+12 4.654934e+11 1.332171e-01 9.910605e-01 -7.229258e-03 1.467294e+01 0 1
-6.992228e+11 1.663190e+12 -7.079401e+11 -4.669261e-01 7.986284e-01 3.797008e-01 -3.934112e+00 0 1
4.325798e+11 1.361369e+12 1.630889e+12 4.867524e-01 8.127436e-01 3.201873e-01 2.926892e-01 0 47640
-2.003382e+12 2.213794e+11 9.048829e+11 -8.089651e-01 5.873184e-01 -2.515121e-02 -1.355433e+01 0 35351
2.433874e+12 1.648868e+12 6.992272e+11 7.116914e-01 6.764107e-01 1.896418e-01 -4.016440e-01 0 2650
7.165006e+12 -1.946965e+12 -2.734186e+13 2.701754e-01 -2.552311e-02 -9.624728e-01 1.195076e+01 0 1
1.364436e+12 -3.650907e+11 -1.069624e+12 8.025688e-01 -3.238263e-02 -5.956800e-01 -3.095540e+00 0 226885
-5.571819e+12 9.648190e+11 1.840061e+12 -8.333125e-01 3.820230e-01 3.995606e-01 -2.242822e+01 0 1
-3.023707e+12 -7.222236e+12 -2.319802e+11 -5.541944e-01 -8.281603e-01 -8.377996e-02 -2.471095e+01 0 1
-2.140341e+12 -1.049089e+12 1.480883e+12 -6.173074e-01 -3.275576e-01 7.152885e-01 5.844752e+00 0 19164
-9.883819e+11 -2.645131e+12 -3.471771e+11 -5.731932e-01 -7.418076e-01 -3.480964e-01 -8.238471e-01 0 39759
1.190899e+12 -1.805548e+12 2.355107e+11 1.533642e-01 -9.416255e-01 2.997011e-01 -1.197632e+01 0 60028
1.365483e+12 7.562809e+11 7.603571e+11 2.513332e-01 8.285653e-01 5.003111e-01 1.134338e+01 0 892357
-1.427083e+12 -1.029392e+12 -6.847765e+11 -9.642852e-01 -4.116516e-02 -2.616475e-01 -1.103921e+01 0 25736
4.736419e+11 -4.119024e+11 -2.441321e+12 -4.063721e-01 -3.160057e-01 -8.573226e-01 -9.925028e+00 0 1
-3.825701e+10 1.950656e+12 4.124575e+10 -3.303245e-01 9.133015e-01 -2.382562e-01 1.055359e+01 0 1
8.870026e+11 -7.646527e+11 1.946150e+12 6.410916e-01 -3.187287e-01 6.981501e-01 1.370207e+00 0 112534
3.354834e+12 2.053124e+12 4.738739e+11 6.236601e-01 7.312443e-01 2.762786e-01 2.060503e+01 0 1
-2.997105e+12 2.046688e+12 -2.363933e+12 -6.020232e-01 5.668473e-01 -5.623631e-01 -1.004680e+01 0 1
1.299988e+12 1.461298e+12 3.054005e+11 9.689656e-01 1.191374e-01 2.165915e-01 -1.178647e+01 0 97165
8.392130e+11 -4.335871e+11 -1.483473e+12 1.165119e-01 -2.088091e-01 -9.709911e-01 4.984399e+00 0 34803
1.043863e+10 -3.483598e+12 -5.730842e+12 -1.552376e-01 -6.088765e-01 -7.779272e-01 -1.510719e+01 0 2
1.730409e+12 8.193902e+12 5.605984e+12 1.082117e-01 7.710805e-01 6.274751e-01 -4.720955e+00 0 1
9.027818e+11 -1.329301e+12 9.370379e+11 5.392182e-01 -3.272143e-01 7.759990e-01 6.328026e+00 0 28363
9.172602e+11 2.590980e+12 2.162574e+12 3.965371e-01 7.420238e-01 5.405174e-01 -1.261933e+00 0 246735
-2.007464e+12 7.160643e+12 2.831833e+12 -1.066275e-01 9.396726e-01 3.250323e-01 -2.089321e+01 0 1
3.971214e+11 5.043938e+12 1.773231e+12 -3.416969e-02 8.680649e-01 4.952734e-01 1.388746e+01 0 1
1.739417e+12 -1.001717e+12 8.871885e+11 8.170743e-01 -5.359387e-01 -2.125074e-01 -3.632248e+00 0 148500
-1.652195e+12 1.342330e+12 -9.273024e+11 -6.312202e-01 6.804165e-01 3.722828e-01 -7.519284e+00 0 1
7.022100e+11 1.089209e+12 -1.228972e+12 -5.989132e-01 9.470808e-02 -7.951939e-01 2.772387e+00 0 94471
-8.116497e+11 -1.928430e+11 1.500264e+12 4.504336e-02 -1.026342e-02 9.989323e-01 3.003377e+00 0 886932
1.711887e+12 1.103458e+12 4.011066e+11 3.219239e-01 5.788467e-01 7.492006e-01 1.936935e+00 0 1
-8.280965e+10 5.448233e+11 2.190321e+12 -1.553347e-01 6.094998e-01 7.774195e-01 -2.972050e+00 0 86199
8.361438e+11 -1.660759e+12 -6.011556e+11 2.622346e-01 -9.181075e-01 -2.971728e-01 -6.788501e+00 0 30118
-6.257107e+11 2.076895e+12 -2.951960e+11 2.110902e-01 8.868487e-01 4.110235e-01 -3.641501e+00 0 290902
9.806195e+11 9.999035e+11 1.151268e+12 9.062073e-01 2.978545e-01 -3.001184e-01 2.238814e+00 0 1
-3.259309e+12 -4.913623e+12 -3.870891e+12 -5.474100e-01 -5.581011e-01 -6.235908e-01 -1.946726e+01 0 1
-9.158098e+11 2.963686e+11 -2.279672e+12 -5.093916e-01 -1.557406e-02 -8.603939e-01 -3.684999e+00 0 1
-1.485944e+12 -3.950878e+11 -7.159029e+11 -2.918753e-01 -8.887577e-01 -3.534382e-01 1.229746e+01 0 5439
1.088281e+12 -1.406228e+12 9.422676e+11 1.332459e-01 -9.649743e-01 2.259872e-01 -9.327679e+00 0 418690
-4.446785e+11 -1.190425e+12 -1.341226e+12 -3.331830e-02 -8.561027e-01 -5.157306e-01 -3.585116e+00 0 2
-1.102940e+12 -1.232193e+12 1.244578e+12 -6.590318e-01 -3.282806e-01 6.766896e-01 1.505924e+00 0 1
1.653289e+12 1.330586e+12 -7.328194e+11 4.052346e-01 7.962818e-01 -4.491328e-01 3.035639e+00 0 1
-7.787485e+11 -4.507690e+11 1.447220e+12 -4.715441e-01 -4.483724e-01 7.593474e-01 2.966954e+00 0 7752
3.469198e+10 -8.907413e+11 2.006625e+12 -2.681507e-01 1.221391e-01 9.556031e-01 -6.746671e+00 0 97994
2.415038e+12 5.370525e+10 1.161875e+12 6.945543e-01 -5.226295e-01 4.944216e-01 -1.543695e+01 0 2
2.408884e+12 -3.237365e+11 1.780847e+12 8.596514e-01 -4.779595e-01 1.804280e-01 -1.719706e-01 0 1
-6.258920e+11 -1.692278e+12 1.674581e+12 -1.636255e-01 -8.822876e-01 4.413562e-01 9.122833e+00 0 2
-1.347459e+12 -5.909741e+12 -2.947756e+12 -4.222400e-01 -7.693472e-01 -4.793937e-01 -2.006483e+01 0 1
-3.094046e+12 -1.038807e+12 1.887285e+12 -8.992347e-01 -2.297874e-01 3.722564e-01 -4.516218e+00 0 138952
7.246665e+11 1.293745e+12 -1.144128e+12 -3.816273e-01 8.709488e-01 -3.095298e-01 5.317734e+00 0 54506
-1.915925e+11 -8.128004e+11 1.882860e+12 8.645693e-02 -1.111308e-01 9.900379e-01 4.230705e-01 0 18683
-8.527148e+11 -2.653802e+12 -2.426071e+11 -2.662689e-01 -9.036313e-01 3.354867e-01 -3.884407e+00 0 3
2.032420e+12 3.664470e+11 -9.818198e+11 8.198471e-01 4.272704e-01 -3.811702e-01 1.143129e+01 0 3
1.371292e+10 1.586499e+12 9.529963e+11 -5.538882e-03 9.954657e-01 -9.495961e-02 2.091501e+00 0 119632
4.056543e+12 1.317074e+13 1.830341e+13 2.136825e-01 6.023418e-01 7.691060e-01 -1.636741e+01 0 1
4.260706e+09 -1.191883e+11 1.910620e+12 2.066201e-01 -6.684031e-01 7.145246e-01 3.588306e+00 0 86560
-1.152010e+11 -2.163066e+12 1.102139e+11 -2.784620e-01 -8.320848e-01 4.796809e-01 -1.083247e+01 0 3
-7.158978e+11 1.543945e+12 1.490315e+12 -2.203858e-01 6.625899e-01 7.158245e-01 -3.710497e+00 0 8933
1.537778e+12 -9.831934e+11 1.439609e+12 3.827841e-01 -8.423902e-01 3.792823e-01 -4.611305e+00 0 2
-2.859895e+12 1.677173e+12 -5.152058e+12 -2.815219e-01 2.247482e-01 -9.328632e-01 9.364694e+00 0 1
2.759121e+12 -3.302165e+12 -6.146512e+10 7.368047e-01 -6.588224e-01 -1.518942e-01 7.942590e+00 0 1
-6.248707e+11 1.380600e+12 7.647083e+11 -2.863633e-01 7.799723e-01 -5.564524e-01 -1.251246e+00 0 50779
-3.633141e+11 -7.490975e+11 -1.477690e+12 5.679954e-01 -6.867838e-01 -4.535519e-01 5.766917e+00 0 609903
2.470869e+12 3.866747e+12 1.846567e+12 2.977103e-01 9.345543e-01 1.948762e-01 2.083698e+01 0 1
3.498152e+11 3.064195e+11 1.775939e+12 2.417475e-01 -2.793528e-01 9.292578e-01 -2.871947e+00 0 21487
-5.028132e+11 -1.486648e+12 -6.432805e+11 -8.217385e-01 -4.484307e-01 -3.516471e-01 -1.082115e+01 0 135468
-7.693618e+11 -1.563889e+12 1.921922e+12 -7.480947e-01 -4.993462e-01 4.370443e-01 -1.400005e+00 0 1
8.917012e+12 3.558933e+11 -1.165863e+12 9.960046e-01 -6.452208e-02 -6.173850e-02 -1.934870e+00 0 1
2.408557e+12 3.873476e+12 -5.322722e+11 6.138335e-01 7.762835e-01 -1.435001e-01 1.311047e+00 0 2
3.357779e+11 2.889149e+11 1.639474e+12 2.365718e-01 -8.585078e-01 4.549705e-01 -4.180427e+00 0 11564
-9.939977e+11 -3.650608e+12 -1.826249e+12 -5.040800e-01 -7.201068e-01 -4.768118e-01 -2.235686e+01 0 1
3.336047e+12 -3.301885e+11 -8.633639e+12 4.941309e-01 -1.010077e-02 -8.693288e-01 5.176822e+00 0 3
2.054774e+11 1.440186e+12 -9.785938e+11 6.177019e-01 7.802519e-01 9.824074e-02 -2.255557e+00 0 1
9.679717e+11 6.581252e+11 -1.628715e+12 6.210842e-02 -1.438204e-01 -9.876529e-01 -7.148124e+00 0 23351
-1.730054e+11 1.610459e+12 -5.058309e+11 -2.331926e-01 8.074067e-01 -5.419553e-01 3.220260e+00 0 124390
3.563915e+12 -4.485455e+12 7.343556e+12 2.635067e-01 -4.261501e-01 8.654249e-01 5.347332e+00 0 2
2.047361e+12 -1.874390e+12 1.235225e+12 7.828740e-01 -4.919031e-01 3.809720e-01 -2.984908e+00 0 1
5.654124e+11 1.787422e+12 7.533414e+11 8.371944e-01 5.325652e-01 1.244177e-01 1.071443e-01 0 1
-8.733090e+11 1.417260e+12 -9.283698e+11 -6.926483e-01 7.116344e-01 1.175366e-01 7.960805e+00 0 39925
1.601752e+12 -8.504668e+12 -3.971993e+12 1.509378e-01 -9.273108e-01 -3.425090e-01 -1.043190e+01 0 4
-7.210196e+11 -5.308809e+11 -1.486068e+12 -6.226707e-01 -5.544830e-01 -5.521140e-01 3.520955e+00 0 52056
-2.161356e+12 -1.282137e+12 -2.637983e+12 -6.330492e-01 -2.632484e-01 -7.279760e-01 -1.160331e+01 0 2
3.445757e+12 6.995675e+11 6.043620e+11 8.771179e-01 4.669176e-01 1.124817e-01 -2.608707e-01 0 2
-3.565103e+12 3.217105e+12 -2.360208e+12 -4.295355e-01 7.869620e-01 -4.429334e-01 -2.283887e+01 0 1
2.981539e+11 -3.877846e+12 -1.266079e+12 1.547718e-01 -8.774024e-01 -4.541044e-01 7.533203e+00 0 3
-1.093789e+12 -7.243648e+11 -1.149075e+12 -9.739853e-01 -9.316944e-02 2.065721e-01 -5.295867e+00 0 18058
2.378997e+11 -2.429963e+12 -1.219041e+12 -3.503744e-01 -9.365581e-01 -9.833335e-03 -1.933882e+01 0 1
9.819100e+11 1.382332e+12 -1.994227e+11 3.417061e-01 9.283579e-01 -1.462483e-01 6.492157e+00 0 14241
1.514237e+11 -1.313364e+12 1.304600e+12 4.593129e-01 -3.238736e-01 8.271261e-01 2.384544e-01 0 336475
-2.738535e+11 2.698528e+12 -1.407356e+12 1.230756e-01 8.209351e-01 -5.576001e-01 -5.962518e-01 0 2
-2.562938e+12 -3.560802e+12 -5.984223e+12 -3.078758e-01 -5.246636e-01 -7.936880e-01 -5.778618e+00 0 2
-1.481488e+12 -8.683844e+11 2.661317e+11 -8.926315e-01 4.503319e-01 -2.025232e-02 -9.425684e+00 0 90338
4.390616e+11 1.300070e+12 -1.368678e+12 4.723354e-01 5.376041e-01 -6.984849e-01 -7.074296e+00 0 113623
-3.087935e+11 1.624021e+12 4.012351e+11 -2.533809e-01 3.901601e-01 8.851967e-01 2.951164e+00 0 9446
1.642898e+11 -1.409673e+12 1.552817e+12 5.330238e-01 -3.603552e-01 7.655258e-01 1.213682e+01 0 157123
-1.934045e+12 1.698997e+12 5.740523e+11 -8.091889e-01 5.259623e-01 2.618720e-01 -4.518344e+00 0 1
5.348765e+11 1.205694e+12 -1.181340e+12 -4.760129e-01 7.783842e-01 -4.093040e-01 4.768044e+00 0 106747
8.440993e+11 -8.303878e+11 1.244449e+12 3.760580e-01 -4.284083e-01 8.216123e-01 4.182493e+00 0 84169
1.203310e+11 1.694402e+12 -1.341378e+12 -2.937135e-01 7.622717e-01 -5.767792e-01 -3.498200e-01 0 1
-3.064419e+12 -1.842614e+12 -2.657299e+12 -6.714491e-01 -3.375005e-01 -6.597344e-01 3.507061e+00 0 81167
1.419203e+12 2.119388e+12 1.314924e+12 8.013290e-01 2.878386e-01 5.244242e-01 -9.000822e+00 0 302228
8.688007e+11 -2.059490e+12 1.044844e+12 5.751012e-01 -7.198654e-01 3.886545e-01 9.942242e+00 0 1
-1.389189e+12 -7.613787e+11 -6.096682e+11 -1.385163e-01 -8.996733e-01 4.140062e-01 1.504194e+01 0 2
-2.129247e+12 -6.222245e+10 3.398825e+12 -2.792812e-01 5.492145e-02 9.586374e-01 6.869825e+00 0 1
1.562298e+12 -3.435844e+11 -6.210558e+11 5.960744e-01 -7.973116e-01 -9.481280e-02 -1.318970e+01 0 75548
6.910416e+11 -3.611470e+11 1.604374e+12 4.326828e-01 6.243147e-01 6.503974e-01 -4.023244e+00 0 1
-4.467056e+11 -1.651297e+12 -3.270104e+11 3.737309e-01 -9.273644e-01 1.790186e-02 1.176615e+01 0 212938
-1.611885e+11 -7.917390e+11 -1.970169e+12 -6.052174e-01 -3.586075e-01 -7.107127e-01 -6.429946e+00 0 148003
-8.973787e+11 -5.741200e+11 -1.428051e+12 -9.839147e-01 -1.176211e-01 -1.344513e-01 -8.313375e+00 0 1
1.270193e+12 -9.726956e+11 -6.882071e+11 3.758592e-01 -9.264318e-01 -2.130771e-02 -2.366106e+00 0 2
-2.959683e+12 -2.916281e+11 -8.866467e+11 -9.241593e-01 -3.556367e-01 -1.394709e-01 3.710904e+00 0 2
-1.915891e+10 6.281308e+11 -2.309174e+12 -3.305434e-01 -1.595193e-01 -9.302121e-01 -1.691836e+00 0 3
-1.395207e+12 -9.907782e+11 -3.163831e+11 -5.220451e-01 1.748249e-01 -8.348084e-01 -2.415675e+00 0 99108
-3.831632e+12 -1.328857e+11 4.525244e+12 -6.774520e-01 -1.829547e-01 7.124509e-01 1.741150e+01 0 1
1.216304e+12 1.771420e+11 -1.384588e+12 4.657654e-01 9.986097e-02 -8.792556e-01 6.306888e+00 0 2
1.217346e+12 -5.604444e+11 -2.098552e+12 -6.226428e-02 -4.065932e-01 -9.114851e-01 -9.730549e-01 0 2595
-3.031001e+11 -1.598613e+12 -3.282849e+12 8.483719e-02 -5.839980e-01 -8.073097e-01 1.157313e+01 0 1
-7.477711e+12 1.588445e+13 -2.814942e+13 -2.024805e-01 4.604869e-01 -8.642647e-01 7.406720e+00 0 1
1.222253e+12 1.868217e+12 2.558542e+12 6.046480e-01 5.663994e-01 5.599934e-01 3.343079e-01 0 2
1.401423e+12 8.901070e+11 7.325173e+11 4.410976e-01 8.954050e-01 6.068611e-02 5.075823e+00 0 1
1.511175e+12 -9.573430e+11 -9.349451e+10 4.768065e-01 -2.916089e-01 -8.292285e-01 -4.951263e+00 0 2
5.832474e+11 -1.337534e+12 1.279667e+12 4.516595e-01 -5.018064e-01 7.376951e-01 6.534473e+00 0 3316
-1.450412e+11 1.982708e+12 -1.856356e+12 2.855160e-01 7.985978e-01 -5.298322e-01 3.375468e-02 0 2
1.336749e+12 -1.036083e+12 2.177259e+11 9.693488e-01 2.443744e-01 -2.537952e-02 9.897641e+00 0 1907
5.112860e+11 -5.031104e+11 1.591442e+12 6.763153e-02 9.121679e-02 9.935318e-01 3.324215e+00 0 363146
-1.786954e+12 1.700090e+12 -1.732762e+12 -5.231387e-01 7.345461e-01 -4.321665e-01 -9.946435e+00 0 1
-1.039811e+12 7.281413e+11 3.465017e+12 -2.915740e-01 8.628684e-02 9.526485e-01 1.017003e+01 0 4
7.274218e+11 3.737656e+11 1.532309e+12 7.510991e-01 2.475777e-01 6.120093e-01 -4.803115e+00 0 1
-7.488145e+11 -1.414459e+12 -9.511529e+11 -5.174554e-01 -8.372581e-01 1.767450e-01 -4.487723e+00 0 54901
3.033743e+12 3.713208e+12 3.858890e+11 5.474148e-01 8.264074e-01 -1.318627e-01 1.033592e+01 0 110855
-3.792973e+12 9.112130e+11 -2.627775e+12 -8.937338e-01 1.916656e-01 -4.055913e-01 -6.360306e+00 0 1
-2.327026e+12 -1.951132e+12 6.364380e+11 -4.270854e-01 -8.877377e-01 1.718134e-01 8.814764e+00 0 19026
2.175087e+12 2.936616e+11 3.226180e+12 3.016423e-01 1.871907e-01 9.348645e-01 8.524721e+00 0 2
5.615787e+12 1.033182e+13 3.819654e+12 5.275814e-01 7.963400e-01 2.958048e-01 -2.182350e+01 0 1
1.719133e+12 -5.347034e+11 3.840212e+11 7.656478e-01 -4.623226e-01 -4.472597e-01 -1.231648e+00 0 90222
2.858113e+12 5.781670e+11 -2.708809e+12 8.386715e-01 2.807031e-01 -4.667290e-01 -1.728980e+00 0 34349
2.211556e+11 8.012800e+11 1.962951e+12 5.988005e-02 4.424612e-01 8.947863e-01 -2.005536e+00 0 1
1.529854e+11 8.562028e+11 -1.521909e+12 3.820787e-01 -1.685739e-01 -9.086246e-01 -6.753375e+00 0 2
-1.975908e+12 -3.111410e+10 3.918314e+11 -9.479238e-01 1.765097e-01 2.651128e-01 3.745241e-01 0 1
-4.922485e+11 1.585119e+12 3.568439e+11 5.686134e-01 3.894891e-01 7.245530e-01 -1.046117e+01 0 50679
-1.397139e+12 5.922946e+12 3.378001e+12 -2.456298e-01 8.734339e-01 4.204512e-01 -4.455717e+00 0 2
-4.188955e+12 -1.565117e+12 -2.302241e+11 -8.997239e-01 -4.169207e-01 -1.291282e-01 -6.400837e+00 0 2
-2.578492e+12 -7.707507e+11 -4.843597e+11 -9.219741e-01 -3.853757e-01 -3.806944e-02 6.705373e+00 0 25585
-2.854558e+12 -4.259577e+12 1.533306e+12 -5.665965e-01 -7.539145e-01 3.325379e-01 3.076726e+00 0 1
-6.719712e+11 -3.846915e+11 1.547628e+12 -5.859947e-01 3.074294e-01 7.497315e-01 -2.376367e+00 0 54884
-1.658721e+10 -1.652796e+12 4.588852e+11 -1.272239e-01 -2.364490e-01 9.632787e-01 1.466798e+00 0 47795
-1.921610e+10 1.067918e+10 2.820026e+12 6.714188e-02 -9.434984e-02 9.932724e-01 6.127866e+00 0 81906
-4.195424e+10 -1.781228e+11 2.148023e+12 4.756508e-02 -4.479913e-01 8.927717e-01 4.654345e+00 0 5
5.299750e+11 -1.472068e+12 6.814720e+11 -4.239843e-01 -8.625444e-01 -2.761420e-01 -1.317320e+01 0 41675
8.406357e+11 8.996751e+11 1.805752e+12 7.060188e-01 3.058120e-01 6.387616e-01 -8.397162e+00 0 1
8.206134e+11 -2.163123e+11 1.469280e+12 6.229810e-01 -3.387482e-01 7.050846e-01 -1.820265e+00 0 60490
-2.418855e+12 -6.754369e+11 -1.804715e+12 -7.955198e-01 -4.152124e-01 -4.413015e-01 -4.237759e+00 0 2
-1.166921e+12 3.267750e+12 -4.589438e+12 -1.533170e-01 7.189660e-01 -6.779247e-01 -6.903772e+00 0 2
2.713557e+12 1.509736e+13 -1.502971e+12 7.598212e-02 9.899538e-01 -1.192403e-01 2.645278e+00 0 1
-2.428287e+11 2.132863e+12 1.280352e+12 -7.927914e-02 8.969442e-01 4.349781e-01 3.719209e+00 0 3
-1.228760e+12 1.022235e+12 7.320137e+11 -5.555078e-01 8.295780e-01 -5.666918e-02 9.561056e-01 0 1
-2.520963e+11 -3.157934e+12 -2.421091e+12 6.782382e-03 -7.748669e-01 -6.320880e-01 1.038462e+01 0 1
1.200177e+12 1.022573e+12 -3.175265e+12 -1.080650e-01 4.805910e-01 -8.702610e-01 1.508671e+01 0 1
3.473210e+11 1.707765e+12 -6.522993e+11 2.148931e-01 9.701689e-01 -1.122194e-01 6.677757e+00 0 3
-1.632359e+12 -1.870736e+12 -5.392795e+12 -1.998542e-01 -2.548846e-01 -9.460931e-01 -6.330652e+00 0 79640
-6.509017e+11 7.034741e+11 1.435415e+12 -1.692691e-02 -5.510877e-01 8.342757e-01 -4.805171e+00 0 1
-6.176778e+11 -1.084718e+12 -1.221395e+12 -1.627683e-01 -7.383036e-01 -6.545336e-01 -1.385432e+00 0 13139
-5.302804e+11 -1.358236e+12 2.744732e+12 -2.020615e-01 1.220440e-01 9.717389e-01 2.035787e+00 0 57022
4.571221e+11 -1.162213e+12 -1.339581e+12 2.563987e-01 -8.439485e-01 -4.711800e-01 -1.310738e-01 0 116262
-1.537107e+12 9.505431e+11 -5.446590e+11 -5.367449e-01 6.839149e-01 -4.941309e-01 1.389290e-01 0 191632
1.587867e+12 1.160066e+12 3.036746e+12 2.611408e-01 -2.491355e-02 9.649792e-01 -8.191162e+00 0 2
1.586532e+12 1.013496e+12 2.135831e+11 4.208781e-01 8.701329e-01 -2.563791e-01 4.953179e+00 0 2
-1.001617e+12 1.708504e+12 1.910604e+12 -2.051526e-01 7.586552e-01 6.183484e-01 7.179228e+00 0 1
1.190502e+11 -1.974651e+12 -2.624002e+11 6.429467e-01 -7.211758e-01 2.579245e-01 2.393393e+01 0 1
-2.559652e+12 3.132142e+12 -2.278780e+10 -5.163575e-01 8.534800e-01 -7.033384e-02 -1.441243e+00 0 223371
-1.502298e+11 2.306352e+12 2.585170e+12 2.532132e-02 6.840505e-01 7.289951e-01 -4.455675e+00 0 38306
1.003795e+12 -1.298940e+12 7.157291e+11 -2.210539e-02 -4.484780e-01 8.935205e-01 -1.671346e+00 0 1
-2.279201e+12 7.880372e+12 4.179471e+12 -2.674721e-01 8.011857e-01 5.353131e-01 9.071060e+00 0 1
5.290518e+11 1.852062e+12 3.183908e+11 1.036450e-01 9.764339e-01 -1.892999e-01 7.714439e+00 0 2
-7.430887e+11 -1.324227e+12 7.572311e+11 -8.733595e-01 9.990148e-02 4.767209e-01 -6.041855e-01 0 1
-6.906046e+11 -3.552314e+11 -1.683213e+12 -7.288894e-01 1.429265e-02 -6.844823e-01 -7.802130e+00 0 46732
9.437371e+11 -6.223452e+11 -1.855361e+12 4.032935e-01 -3.829314e-01 -8.310944e-01 2.751868e+00 0 9871
-1.191100e+12 -7.050424e+11 2.225572e+12 -3.531005e-01 -3.974745e-01 8.469557e-01 8.243027e+00 0 2
1.149691e+12 4.389614e+11 -1.169500e+12 9.902053e-01 -1.396163e-01 -8.981170e-04 -7.595690e+00 0 38199
6.300068e+11 -3.477370e+11 1.556373e+12 2.652599e-01 4.916752e-01 8.293930e-01 1.292430e+00 0 142581
-1.167404e+12 -2.444526e+12 -1.949804e+12 -2.245279e-01 -7.010205e-01 -6.768733e-01 -1.029933e+00 0 67755
-2.557623e+13 -1.718623e+12 7.545787e+12 -9.665968e-01 -1.142144e-02 2.560472e-01 -2.551492e+01 0 1
2.309765e+13 9.062851e+12 -4.177233e+12 9.272419e-01 3.252490e-01 -1.855683e-01 5.818726e+00 0 1
-1.433699e+12 3.823310e+11 8.225879e+11 -8.205019e-01 2.304056e-01 5.231538e-01 -1.881596e+00 0 89136
-1.749062e+12 -6.094112e+11 1.283513e+12 -9.543404e-01 -2.880121e-01 7.926760e-02 -2.773286e+00 0 503625
1.976068e+12 -1.626651e+12 -1.456585e+12 8.539606e-01 -3.593638e-01 -3.763098e-01 9.950073e+00 0 15543
-1.040440e+12 1.511619e+12 -3.358718e+11 -7.933485e-01 5.826788e-01 -1.763056e-01 1.051925e+01 0 375011
-3.822659e+11 9.079523e+11 1.587922e+12 -2.484318e-01 5.321135e-01 8.094052e-01 -3.184754e+00 0 220885
-7.788836e+11 -8.186979e+11 2.343283e+12 -3.843992e-01 -4.048402e-01 8.296636e-01 3.958691e+00 0 254653
1.687275e+11 9.904577e+11 -1.417034e+12 -8.747876e-01 2.725193e-01 -4.005994e-01 4.247888e+00 0 1
-4.429373e+11 1.907677e+12 -1.980559e+12 -9.179587e-02 8.492938e-01 -5.198783e-01 -6.873662e+00 0 1
-3.891672e+12 -1.154358e+12 -2.885976e+12 -9.268012e-01 -1.846665e-01 -3.270135e-01 -1.153800e+01 0 1
1.170021e+12 -5.300386e+11 -2.835479e+12 7.062016e-01 -1.749893e-01 -6.860453e-01 -4.513481e+00 0 19734
5.880178e+11 -8.944940e+12 1.174612e+13 -5.991395e-02 -6.362004e-01 7.691940e-01 -1.974145e+01 0 1
1.322798e+12 2.861181e+11 1.166472e+12 9.832693e-01 -1.392730e-01 -1.174071e-01 2.440105e+00 0 41611
1.461955e+12 8.419327e+11 1.964116e+12 3.248893e-01 6.118904e-01 7.211360e-01 8.919680e+00 0 1
-1.851774e+11 -7.764540e+11 2.055740e+12 -4.907669e-01 -5.461341e-01 6.788855e-01 3.056973e+00 0 3
2.321192e+12 -2.851061e+12 1.401980e+12 5.510298e-01 -5.963006e-01 5.837737e-01 -1.636117e+00 0 129592
-1.649071e+12 6.114619e+11 6.138133e+11 -5.882261e-01 -4.188368e-01 6.917845e-01 1.382490e+01 0 1
1.040494e+13 2.222624e+13 -2.301087e+12 4.406571e-01 8.935881e-01 -8.556676e-02 -1.154897e+01 0 1
7.192192e+11 -1.464626e+12 5.655965e+11 8.315926e-01 -5.103511e-01 2.190788e-01 3.511990e+00 0 297459
1.245977e+12 -1.980181e+12 5.808590e+11 6.193719e-01 -7.613191e-01 1.917596e-01 -7.988074e+00 0 1
-1.102283e+13 4.996463e+12 4.825008e+12 -8.157931e-01 4.238822e-01 3.934533e-01 1.054253e+00 0 2
1.340155e+12 1.079133e+12 -5.701182e+11 8.413225e-01 4.400530e-01 -3.138947e-01 -7.932318e+00 0 5581
2.959172e+11 2.664092e+12 -2.714223e+12 -2.221046e-01 5.164773e-01 -8.269950e-01 -2.611105e+00 0 2
-1.204806e+12 4.443867e+11 -1.915666e+12 -5.798622e-01 1.206098e-01 -8.057376e-01 -4.113412e+00 0 54717
-1.247921e+12 -1.205166e+12 -3.262828e+11 -1.500805e-01 -9.797486e-01 1.325467e-01 1.287876e+01 0 96763
5.775595e+11 8.995011e+11 -2.590712e+12 6.671881e-02 -9.743097e-02 -9.930034e-01 -5.532470e+00 0 87068
-1.649554e+12 1.359219e+12 -8.387914e+11 -7.794031e-01 6.144360e-01 -1.224715e-01 4.107623e+00 0 32504
-2.824997e+12 2.339979e+12 1.726013e+12 -8.840477e-01 3.207616e-01 3.399582e-01 2.305236e+01 0 1
3.189794e+12 -4.812978e+12 6.043962e+12 4.999235e-01 -5.039826e-01 7.043281e-01 -2.832510e+00 0 1
-2.210431e+12 -4.513013e+11 -6.343022e+11 -7.643907e-01 -2.368124e-01 -5.996888e-01 -3.818235e+00 0 5876
-1.057976e+11 -5.363303e+10 2.105331e+12 -3.866512e-01 3.249579e-01 8.630777e-01 3.586334e+00 0 125587
1.073457e+10 3.949179e+11 1.768784e+12 -7.768982e-01 4.768198e-02 6.278181e-01 5.119750e+00 0 4
4.681721e+11 -1.557486e+12 2.976622e+12 2.391703e-01 -2.635915e-01 9.345144e-01 -3.901746e+00 0 1
6.956371e+11 3.044663e+11 1.526493e+12 7.692317e-01 -2.659888e-01 5.809755e-01 4.458247e-01 0 11625
-1.101671e+10 1.794784e+12 3.581547e+11 -6.181710e-01 7.688824e-01 1.633541e-01 1.351464e+01 0 3
2.199807e+12 -2.134227e+11 4.034593e+11 8.738739e-01 1.797193e-01 4.517139e-01 3.290415e+00 0 371053
2.043796e+12 6.250523e+12 -1.279566e+13 1.472864e-01 3.473309e-01 -9.261036e-01 6.203604e+00 0 1
-7.769569e+11 1.954847e+12 3.225067e+11 -6.048204e-01 6.926340e-01 3.930018e-01 -2.589068e+00 0 3
-1.247789e+12 1.177963e+12 6.210280e+11 -8.707051e-01 4.913463e-01 -2.124578e-02 -5.207799e-01 0 16526
1.527826e+12 4.754604e+11 -2.407607e+12 7.046413e-01 -2.361142e-01 -6.691268e-01 -2.245271e+00 0 104745
3.023813e+11 -9.379022e+11 2.650066e+12 -1.977812e-01 -6.326097e-01 7.487907e-01 1.005359e+01 0 2
-1.571453e+11 2.586038e+12 4.409775e+12 -2.678644e-01 3.683516e-01 8.902616e-01 1.119156e+01 0 4
-1.354618e+13 2.266230e+12 1.277203e+11 -9.895203e-01 1.190409e-01 8.172471e-02 1.462224e+01 0 1
-1.455222e+12 1.060605e+12 -5.961795e+11 -8.256145e-01 3.608549e-01 4.337561e-01 6.128264e+00 0 48481
-2.121450e+12 -1.728302e+12 6.100155e+11 -6.961262e-01 -6.668969e-01 2.658137e-01 9.331954e+00 0 1
5.567797e+11 -5.559030e+11 1.683711e+12 9.250230e-01 -2.359717e-01 2.977412e-01 -1.191088e+00 0 1
2.108596e+12 -2.209890e+12 2.979098e+12 6.810426e-01 -3.511885e-01 6.425321e-01 -9.805474e-01 0 3
3.220118e+11 1.474780e+12 -1.286463e+12 4.881217e-02 9.872545e-01 -1.514793e-01 5.623627e+00 0 33741
-1.969889e+11 -1.230345e+12 1.643464e+12 -5.565286e-01 -5.245019e-01 6.443398e-01 -2.008834e+00 0 4
-7.099766e+10 2.100882e+12 -9.648802e+11 -1.607184e-01 7.211982e-01 -6.738269e-01 -9.286414e-01 0 167306
-2.472341e+11 -1.650515e+12 1.284594e+12 1.934342e-01 -2.156452e-01 9.571209e-01 -8.336060e-01 0 40051
4.007701e+11 2.251088e+12 1.506861e+12 -1.865374e-01 8.109698e-01 5.545555e-01 1.603775e+01 0 1
-7.560477e+11 -1.090366e+12 -1.125389e+12 -5.682223e-01 1.300001e-01 -8.125413e-01 -3.196857e+00 0 2
-5.020288e+12 -2.059996e+11 -7.309198e+12 -4.666779e-01 -1.248338e-01 -8.755731e-01 1.106695e+01 0 7
-1.419719e+12 3.495995e+12 -3.709177e+11 -3.668877e-01 9.002484e-01 2.344062e-01 -7.186286e+00 0 1
1.361543e+12 -6.425417e+11 -9.487445e+11 3.980354e-01 -8.575303e-01 -3.258982e-01 -1.108488e+01 0 63146
-6.912152e+11 1.925207e+12 -1.098379e+12 -2.577339e-01 6.283569e-01 -7.339897e-01 4.911290e+00 0 1
1.527941e+12 9.095369e+12 -9.894247e+11 1.597422e-01 9.871445e-01 5.302838e-03 6.931950e+00 0 2
-4.041197e+12 -2.206931e+12 2.074812e+12 -8.394939e-01 -4.829056e-01 2.491028e-01 -7.716632e+00 0 1
-7.389803e+11 9.513952e+10 1.766136e+12 -6.169219e-01 -1.642723e-02 7.868529e-01 -2.229290e+00 0 115398
-4.296309e+11 -2.154090e+12 -2.697993e+11 -2.663881e-02 -8.742068e-01 4.848225e-01 2.154123e-01 0 336
-1.625129e+12 -4.227091e+12 1.423804e+12 -2.985287e-01 -9.471752e-01 1.172168e-01 -4.482673e+00 0 64780
-7.194417e+11 8.840950e+11 -1.789734e+12 2.665137e-01 7.712962e-01 -5.779901e-01 -2.229067e+00 0 112059
1.533558e+12 -1.056748e+12 6.962043e+11 6.213324e-01 2.925346e-01 7.268904e-01 2.393844e+00 0 1
-1.490281e+11 -2.062450e+12 1.450731e+12 -1.201443e-01 -6.869825e-01 7.166731e-01 -3.014287e+00 0 35768
-2.795737e+12 6.511867e+11 -2.002976e+12 -4.783200e-01 2.616563e-01 -8.382995e-01 4.424068e+00 0 1
2.289284e+12 1.631617e+12 1.747263e+12 8.874189e-01 2.453089e-01 3.902707e-01 -1.422993e+01 0 1
3.293807e+12 -1.298545e+12 -1.059021e+12 6.464690e-01 -5.047436e-01 -5.721116e-01 -2.268508e-01 0 1
-6.726970e+12 4.622216e+12 -2.393588e+12 -7.568707e-01 5.889065e-01 -2.834359e-01 2.114415e+00 0 47670
7.838587e+11 6.972037e+11 1.649987e+12 4.012591e-02 -5.285734e-02 9.977956e-01 3.485325e+00 0 2
1.862062e+11 1.500471e+12 1.285812e+12 -2.561089e-01 7.757295e-01 5.767598e-01 2.999026e-01 0 14416
2.135748e+12 -9.035868e+11 2.371165e+12 6.831851e-01 2.327982e-01 6.921438e-01 6.287426e-01 0 1
-1.992535e+12 -1.342690e+12 8.910013e+11 -4.812542e-01 -6.520791e-01 5.858219e-01 -1.592967e+00 0 200996
4.096858e+12 -5.899265e+12 2.112520e+12 5.987497e-01 -7.046349e-01 3.807735e-01 -2.741066e-01 0 2
-5.019964e+12 3.959771e+12 -8.597694e+11 -6.500586e-01 7.597601e-01 1.372819e-02 -2.033258e+01 0 6
3.333680e+11 -1.288242e+12 1.431111e+12 3.734539e-01 -8.454486e-01 3.817707e-01 5.203358e+00 0 37781
1.108307e+12 3.003118e+12 -2.843597e+12 4.959437e-01 6.363434e-01 -5.908527e-01 -1.540999e+01 0 1
4.042441e+11 -1.642314e+12 -1.472134e+12 -2.509709e-01 -9.651240e-01 -7.449342e-02 -2.070705e+00 0 75573
-1.909898e+12 7.225699e+11 2.018637e+12 -4.975043e-01 3.783015e-01 7.806263e-01 -8.469713e+00 0 270411
-1.050133e+13 -6.526014e+12 -4.622099e+12 -7.492590e-01 -5.568402e-01 -3.585246e-01 1.908135e+01 0 1
-9.956074e+11 -1.086176e+12 1.349542e+12 2.539653e-01 -3.505550e-01 9.014504e-01 1.208971e+01 0 184805
-3.838880e+11 -2.081249e+12 1.850093e+12 1.025643e-01 -8.945870e-01 4.349652e-01 8.669445e+00 0 2
-4.503970e+12 1.551850e+12 1.023272e+12 -8.556843e-01 4.016678e-01 3.262934e-01 -1.357300e+01 0 2
1.964559e+12 -1.210547e+12 6.993908e+11 8.345015e-01 -3.182330e-01 4.498166e-01 6.231213e+00 0 92367
7.242628e+12 2.884261e+12 1.183505e+12 9.402253e-01 2.241616e-01 2.563748e-01 -3.269642e+00 0 1
-2.172527e+11 1.048383e+12 -1.599732e+12 -2.912046e-01 1.545464e-01 -9.440949e-01 -3.151762e+00 0 2
-1.625014e+11 -1.226424e+12 1.414280e+12 -4.345095e-01 -8.635386e-01 2.559345e-01 8.509842e-01 0 1
1.616677e+12 -3.099990e+12 -3.667554e+12 3.278163e-01 -6.429652e-01 -6.921938e-01 8.388565e+00 0 2
1.378572e+12 8.592810e+11 -6.371562e+11 7.286248e-01 6.321726e-01 2.635597e-01 1.214703e+00 0 37425
-3.784455e+12 3.189300e+11 -1.073683e+11 -9.426036e-01 3.211457e-01 -9.145485e-02 -1.781305e+01 0 1
3.067398e+11 -2.686728e+12 -5.122825e+12 1.645869e-01 -2.595035e-01 -9.516139e-01 1.324831e+01 0 5
-3.834581e+11 -8.952247e+11 -3.582063e+12 8.743549e-02 -2.206515e-01 -9.714257e-01 6.445367e+00 0 22080
7.699871e+11 -3.040594e+12 -2.760057e+12 2.185602e-02 -4.988133e-01 -8.664339e-01 1.314214e+00 0 271421
-9.807481e+11 1.272139e+12 8.861282e+11 -1.795417e-01 9.107238e-01 3.719503e-01 -4.430404e+00 0 23930
2.278095e+12 3.483630e+12 -3.363764e+11 3.335083e-01 9.426594e-01 -1.286207e-02 1.701521e+01 0 1
1.532565e+12 7.541156e+11 -4.122386e+11 3.739463e-01 -1.577438e-01 -9.139371e-01 3.335770e+00 0 1
1.001074e+12 -6.643945e+09 1.474525e+12 -1.524507e-01 2.936979e-01 9.436633e-01 5.762572e+00 0 212390
-1.541589e+12 1.183739e+12 1.517567e+12 -7.529924e-01 3.242677e-01 5.725845e-01 6.073381e+00 0 260878
3.892513e+12 -4.521889e+12 -5.927790e+10 5.988041e-01 -7.980695e-01 -6.722109e-02 -1.007942e+01 0 38658
-2.063916e+11 1.898635e+12 1.774690e+11 3.749709e-01 9.215395e-01 1.008052e-01 -6.342892e-01 0 2
6.717448e+11 6.697126e+11 1.844097e+12 -3.314075e-01 5.748059e-01 7.481759e-01 8.571721e+00 0 113916
-8.341574e+11 -4.310946e+11 1.414018e+12 4.083681e-01 -8.313601e-01 3.769296e-01 7.428376e+00 0 87489
-2.453492e+11 1.377998e+12 1.923458e+12 9.810401e-02 7.671470e-01 6.339252e-01 1.123499e+00 0 1556
-3.207732e+12 8.592542e+11 2.261367e+11 -9.706682e-01 3.297694e-02 -2.381507e-01 1.057585e+01 0 25898
6.584824e+11 8.007607e+12 1.004944e+13 9.778488e-02 6.140582e-01 7.831798e-01 6.187179e+00 0 1
1.955162e+12 2.130551e+11 2.075469e+12 7.364700e-01 -3.164733e-01 5.978767e-01 -1.291112e+01 0 2
5.457507e+10 -1.043697e+12 1.335827e+12 6.782172e-01 -5.229604e-01 5.162691e-01 6.427456e+00 0 41962
-2.048802e+11 -2.044818e+12 -4.933764e+11 2.608018e-02 -6.200281e-01 -7.841460e-01 -1.518718e+00 0 118325
-1.772217e+12 -9.703122e+11 -1.486470e+12 -8.520298e-01 -3.544644e-01 -3.852274e-01 2.707518e+00 0 133469
-1.534422e+12 -1.102289e+12 -3.334897e+11 -6.977618e-01 -2.652534e-01 -6.654090e-01 -7.768802e+00 0 269029
-1.275773e+12 -2.270261e+13 -1.583331e+13 -5.910417e-03 -8.418557e-01 -5.396703e-01 2.156451e+01 0 1
-1.233733e+12 1.861106e+12 -9.057529e+11 -2.380795e-01 9.299832e-01 -2.800882e-01 -1.383023e+01 0 3
3.933114e+12 3.546412e+11 3.212101e+11 9.218216e-01 2.899657e-01 2.572252e-01 2.037542e+00 0 2
6.752561e+11 1.463933e+12 -3.811388e+12 3.944105e-01 1.150513e-01 -9.117037e-01 -1.043883e+01 0 2
2.881235e+12 -3.289887e+12 2.085915e+12 7.335416e-01 -4.796628e-01 4.814979e-01 1.384725e+01 0 3
7.842016e+11 1.883773e+12 -8.007165e+11 6.447787e-01 6.505017e-01 -4.013826e-01 -7.729519e-01 0 1
