# 781 1.000000e+07 1.000000e+04 0.000000e+00 1.000000e+00 5.000000e-01
-1.697691e+14 9.244331e+12 -4.335079e+12 -7.607946e-01 2.358655e-01 6.046148e-01 6.852185e-01 0 1639211
-5.241809e+13 -1.338508e+14 9.320778e+13 6.377395e-01 -1.755506e-01 7.499802e-01 -5.864083e+00 0 4
1.720709e+14 4.732493e+12 -6.571772e+13 6.576268e-01 5.211960e-01 -5.439501e-01 3.055535e+01 0 1
8.759302e+13 -1.757507e+14 4.981135e+13 3.888444e-01 -7.621877e-01 5.175616e-01 -1.810197e+01 0 2459335
4.502304e+13 -6.652636e+13 -1.576908e+14 8.081349e-01 3.111216e-01 -5.001214e-01 -1.875909e+00 0 2
-1.426572e+14 4.460819e+13 -8.539044e+13 -5.627833e-01 1.244483e-01 -8.171827e-01 -7.687877e+00 0 8470290
-6.786790e+13 -9.221243e+13 1.269385e+14 -3.514018e-01 -6.357215e-01 6.872954e-01 -1.071919e+01 0 13623239
1.340914e+14 1.050186e+14 -1.871546e+13 9.681909e-01 -1.348547e-02 -2.498489e-01 -7.536720e+00 0 32
3.223679e+13 -1.859476e+14 4.660522e+13 -3.789088e-01 -8.367925e-01 3.952297e-01 4.363507e+00 0 4013433
7.915945e+13 1.381906e+14 -6.666422e+13 3.018309e-01 9.464580e-01 1.145221e-01 1.238141e+01 0 4201045
-1.630302e+14 3.265146e+13 -5.071483e+13 -8.771639e-01 3.312333e-01 -3.476608e-01 -1.967645e+01 0 5
1.562703e+14 1.273070e+14 7.293613e+13 4.246336e-01 8.458410e-01 3.228612e-01 -1.599315e+01 0 108
1.588464e+14 -5.929714e+13 -2.936881e+13 7.272514e-01 1.410905e-01 6.717134e-01 -6.756149e+00 0 1
-7.712167e+13 -3.035675e+13 1.494774e+14 -2.961469e-01 1.241744e-01 9.470363e-01 -1.499474e+01 0 8178973
1.479719e+14 -9.534975e+13 -2.748343e+11 2.320738e-01 -9.725089e-01 -1.918974e-02 -6.370934e+00 0 22
-5.482362e+13 -3.667420e+13 1.604302e+14 4.695278e-02 -7.475268e-02 9.960961e-01 1.234506e+01 0 1557726
1.666008e+14 -1.314007e+13 4.616087e+13 4.071030e-01 -1.661471e-01 8.981438e-01 1.313715e+01 0 4373204
7.671103e+13 1.438843e+14 -4.731325e+13 8.282732e-01 -4.120985e-01 -3.796555e-01 -3.217187e+01 0 18
-2.170790e+13 -2.915840e+13 2.180710e+14 3.077791e-02 5.097197e-02 9.982257e-01 -1.403695e+01 0 9163858
8.911632e+13 -8.954688e+13 1.420298e+14 9.698948e-01 -2.266323e-01 8.911710e-02 2.653339e+01 0 21
-1.513566e+14 1.100300e+14 7.661181e+13 -9.201266e-01 3.898671e-01 3.702222e-02 2.015567e+01 0 5
1.696194e+13 -5.440071e+13 -1.648141e+14 -3.525333e-01 -9.337624e-01 -6.170875e-02 1.259264e+01 0 3607124
8.683115e+13 -1.386402e+14 -4.781242e+13 -3.332521e-01 -6.224454e-01 -7.081700e-01 -1.862824e+01 0 8200
1.279795e+13 -9.755214e+13 -1.389395e+14 -6.748988e-01 -4.014055e-01 -6.191811e-01 -1.554888e+01 0 2809392
-1.418860e+13 -3.886163e+13 1.670251e+14 4.507863e-02 -6.807398e-01 7.311370e-01 1.007324e+01 0 11669386
4.123476e+13 1.588628e+14 6.128192e+13 5.283370e-01 6.985828e-01 4.825372e-01 -2.053097e+01 0 7057676
-8.567277e+13 3.879925e+13 -1.526952e+14 -4.790525e-01 -1.254917e-01 -8.687696e-01 -1.059212e+01 0 23270966
-2.245434e+13 1.054321e+14 1.316575e+14 1.434425e-01 9.235094e-01 3.557451e-01 -1.075675e+01 0 681298
1.170493e+14 9.166809e+12 1.265834e+14 1.928622e-01 -1.519082e-01 9.693957e-01 1.683181e+01 0 4005656
9.101376e+12 -1.582983e+14 6.547509e+13 -7.985318e-01 -6.000886e-01 -4.733408e-02 -5.381255e+00 0 12
2.795642e+13 -1.529369e+14 1.000602e+14 4.493419e-01 -5.364844e-01 7.143363e-01 3.011617e+01 0 19959972
-1.411824e+14 -4.538388e+13 9.613417e+13 -7.967263e-01 -5.429210e-01 2.654506e-01 -4.920357e+00 0 1671782
3.723171e+13 -1.318148e+14 -1.111281e+14 -5.161111e-01 -6.964451e-01 -4.985916e-01 1.117356e+00 0 3525101
2.780205e+13 -4.815259e+13 -2.012952e+14 4.592264e-01 -4.007445e-01 -7.927894e-01 -1.862805e+01 0 19936854
8.230467e+13 1.017704e+13 1.584976e+14 5.248450e-02 -1.545986e-01 9.865823e-01 4.156397e+00 0 5324294
-3.131188e+13 -1.525619e+14 -7.900183e+13 -2.197431e-01 -6.808556e-01 -6.986763e-01 9.171265e+00 0 1434220
-1.018641e+14 3.834314e+13 -1.444079e+14 -5.076170e-01 6.528435e-02 -8.591059e-01 -1.108598e+01 0 778430
-7.587211e+13 -1.060003e+14 1.113950e+14 2.553236e-01 -9.633411e-01 8.236367e-02 2.479390e+01 0 8250616
6.818369e+13 -1.606816e+14 6.529814e+13 7.268707e-01 -6.785150e-01 -1.061904e-01 2.519834e+01 0 79359
1.912093e+14 -5.739449e+13 2.246398e+13 8.056659e-01 -5.910871e-01 3.896783e-02 1.049603e+01 0 18628805
1.110603e+14 -8.965294e+13 -9.813592e+13 9.396734e-01 -4.234332e-02 -3.394422e-01 -8.230753e+00 0 30
5.756955e+13 -1.726559e+13 -1.586786e+14 3.199295e-01 3.877427e-01 -8.644655e-01 -5.691452e+00 0 3354667
1.617539e+14 1.560134e+13 -5.284867e+13 7.242699e-01 6.848259e-01 8.029012e-02 3.670740e+00 0 5058730
-1.107843e+14 -2.729850e+13 1.338695e+14 -8.258419e-01 -3.623955e-01 4.320354e-01 -1.351406e+01 0 781765
1.388921e+14 -1.821343e+14 6.041586e+12 7.329361e-01 -6.713562e-01 1.099338e-01 1.856490e+01 0 1292165
1.622224e+14 2.675885e+13 -4.612708e+13 8.883933e-01 3.598439e-01 -2.850785e-01 -3.274811e+00 0 2404775
4.132782e+13 1.481732e+14 7.165911e+13 -2.789513e-01 9.161194e-01 2.879433e-01 7.142368e-01 0 4
1.229117e+14 6.078164e+13 9.998611e+13 4.424999e-01 -3.373781e-01 8.308850e-01 -2.026737e+01 0 1195062
1.438453e+14 7.365257e+13 5.661948e+13 2.299284e-01 -3.246649e-01 9.174561e-01 -1.951180e+00 0 4720339
-7.417636e+13 1.035787e+14 -1.367328e+14 -8.426389e-01 3.217721e-01 -4.317665e-01 -4.272679e+00 0 31
-7.221454e+13 -4.806074e+13 1.498005e+14 5.736378e-02 -2.125011e-02 9.981272e-01 -1.656684e+01 0 273629
-7.733014e+13 2.879415e+13 -1.547539e+14 -3.973085e-01 3.803651e-01 -8.351457e-01 -1.504919e+01 0 3793445
1.568959e+14 5.044782e+13 5.440279e+13 5.179648e-01 -1.560853e-01 8.410410e-01 -1.491707e+01 0 4486532
5.144159e+13 -1.238404e+14 1.297007e+14 2.363682e-01 -5.926155e-01 7.700240e-01 1.777562e+01 0 7038885
-1.843365e+13 1.446934e+14 8.727132e+13 2.852409e-01 9.561007e-01 -6.715001e-02 4.264432e+00 0 4660672
1.456638e+14 -9.783917e+13 -1.527205e+13 9.074441e-01 -3.457841e-01 2.387018e-01 -1.335063e+01 0 455289
-1.515957e+14 -8.934244e+12 -7.713359e+13 -8.338008e-01 -4.883528e-01 2.574641e-01 -2.213616e+00 0 546685
1.803660e+14 1.718281e+13 -7.709593e+12 4.783889e-01 6.550463e-01 -5.848576e-01 -3.234421e+00 0 4
-1.509218e+14 -1.301667e+12 -8.100002e+13 -7.634140e-01 -6.227994e-01 -1.712309e-01 4.453850e+00 0 10154735
5.500825e+13 -3.764521e+13 1.560799e+14 5.663248e-01 -6.526737e-01 5.032825e-01 6.161942e+00 0 9683938
1.672117e+14 -3.628409e+13 2.492299e+13 4.647844e-01 -8.644656e-01 1.915062e-01 -3.486457e+01 0 14900697
1.406629e+14 -4.908358e+13 -8.556630e+13 6.645447e-01 1.777628e-01 -7.257966e-01 -1.070633e+00 0 1521958
1.155842e+14 8.697842e+13 9.046979e+13 6.947894e-01 -4.320234e-01 5.749986e-01 -3.051633e+00 0 16518680
3.670948e+13 -1.640916e+14 -4.313970e+13 -2.378359e-01 -9.639846e-01 -1.190289e-01 -1.370305e-01 0 1465167
1.703349e+14 5.041425e+12 -6.659748e+11 8.459118e-01 -1.510217e-02 5.331089e-01 7.351097e+00 0 15927214
1.471759e+14 9.956532e+13 1.233199e+13 5.338158e-01 7.115661e-01 4.568528e-01 1.901918e+01 0 12979642
-4.997059e+13 -1.917517e+13 1.646562e+14 4.079775e-01 -4.863902e-01 7.726441e-01 2.279419e+01 0 4981983
-1.370148e+14 7.872037e+13 6.168250e+13 -3.948307e-01 -3.057892e-01 8.663727e-01 2.082261e+01 0 6637104
5.397701e+13 -2.338167e+13 -1.675938e+14 2.776572e-01 6.749039e-01 -6.836747e-01 -2.497811e+01 0 33
5.091773e+13 3.360520e+12 -1.707228e+14 9.046506e-01 -3.598709e-01 -2.282547e-01 1.913229e+01 0 3285175
-2.189821e+13 -1.313516e+14 1.224401e+14 -5.399665e-01 -1.134079e-01 8.340113e-01 3.558064e+00 0 2
7.186067e+13 6.927303e+13 1.472652e+14 5.198055e-01 4.174833e-01 7.453254e-01 1.535398e+01 0 7910616
6.606443e+13 1.560126e+14 -1.959489e+13 2.474083e-01 6.430403e-01 7.247678e-01 -1.352757e+01 0 89
-7.507280e+13 2.152728e+13 1.520353e+14 1.714532e-01 8.411244e-01 5.129459e-01 9.463922e+00 0 1247522
-1.052428e+14 -7.026669e+13 1.151084e+14 -4.669311e-01 -7.996109e-01 -3.776212e-01 -7.826189e+00 0 1205209
1.157646e+14 2.152883e+13 1.761573e+14 3.789809e-01 1.403566e-01 9.146986e-01 -1.673633e+01 0 16
-1.343023e+14 -1.218675e+14 -2.273789e+13 -9.964261e-01 -8.351208e-02 1.267597e-02 -3.463280e+01 0 2
3.818496e+12 2.946081e+13 -1.747040e+14 -1.543915e-01 -6.450116e-01 -7.484138e-01 1.365080e+01 0 4068771
-3.763127e+13 2.835559e+13 1.686401e+14 -4.480879e-01 4.582310e-01 7.676207e-01 -6.002498e+00 0 970833
1.675757e+13 1.363691e+14 1.010206e+14 2.118774e-02 9.779892e-02 9.949806e-01 -1.111014e+01 0 539257
1.247269e+14 -3.306690e+13 1.148812e+14 1.229552e-01 -2.128946e-01 9.693080e-01 -2.072546e+01 0 33563
1.266175e+14 -1.226119e+14 -3.837142e+13 8.048990e-01 1.037946e-01 -5.842639e-01 3.015002e+01 0 2
2.389544e+13 1.217539e+14 1.444848e+14 -1.967987e-02 2.697599e-01 9.627265e-01 -1.669916e+01 0 5637542
1.189102e+14 1.364575e+14 -1.958766e+13 -1.455202e-01 9.276849e-01 -3.438380e-01 3.522586e+01 0 54
1.129072e+14 1.220968e+14 -3.976672e+13 3.499160e-01 4.877000e-01 7.998172e-01 1.062064e+01 0 7294220
1.290107e+14 7.642012e+13 -8.419368e+13 8.328010e-01 4.486188e-01 3.243203e-01 -1.328355e+01 0 1855275
1.186660e+14 2.752989e+13 -1.253800e+14 9.598702e-01 -2.469745e-01 -1.328640e-01 5.176586e+00 0 2934312
-6.800966e+13 1.061851e+14 1.212158e+14 -9.193717e-01 2.724460e-01 2.837761e-01 -8.594281e+00 0 25
-4.048457e+13 9.474173e+13 -1.361959e+14 -3.664972e-01 7.709178e-01 -5.209276e-01 -5.756406e+00 0 6090680
-7.299867e+13 -6.194201e+13 1.624053e+14 -7.025952e-01 -5.266317e-01 4.785592e-01 2.342744e+01 0 13123689
1.807987e+14 1.614223e+13 1.451163e+12 7.038592e-01 6.594076e-01 -2.641286e-01 -1.111426e+00 0 1
-7.086670e+13 -5.112343e+13 -1.454054e+14 -3.810051e-01 -9.143905e-01 1.368395e-01 1.684771e+01 0 2403786
6.312957e+13 -1.541485e+14 3.341795e+13 8.499097e-01 1.757284e-01 4.967626e-01 3.728931e+01 0 45
1.452758e+14 8.801453e+13 2.323751e+13 9.401960e-01 -2.593365e-01 2.208528e-01 -2.953083e+01 0 22475220
1.037281e+14 1.296790e+14 4.072237e+13 9.273322e-01 3.281920e-01 -1.798471e-01 -2.234819e+01 0 12179745
1.409193e+14 -5.433063e+13 7.717887e+13 1.912927e-01 -9.722940e-01 -1.343559e-01 -1.656206e+01 0 4067161
1.737445e+13 5.106200e+13 1.614792e+14 2.940264e-01 -1.065105e-01 9.498442e-01 -1.046214e+01 0 216061
8.828195e+13 -1.371678e+14 -4.712827e+13 4.349575e-02 -7.730497e-01 -6.328525e-01 -1.214800e+01 0 27416115
-1.190285e+14 6.410901e+13 -1.054569e+14 -4.539320e-02 7.717039e-01 -6.343599e-01 -1.804052e+01 0 2
1.336045e+13 -2.709289e+13 1.675958e+14 3.830900e-02 -3.573349e-02 9.986268e-01 -7.794602e+00 0 11531582
-2.323815e+13 -1.619822e+14 6.180773e+13 2.357555e-01 -9.705575e-01 -4.937080e-02 2.470221e+01 0 6347736
1.423375e+14 -8.993642e+13 -6.119707e+13 1.179571e-01 -9.748815e-01 -1.889237e-01 -6.671363e+00 0 37
1.076495e+14 -6.688657e+13 -1.189324e+14 5.543933e-01 -6.359995e-01 -5.367987e-01 -1.496351e+01 0 10679992
3.118793e+13 -3.964283e+13 1.627179e+14 9.332887e-01 1.387833e-01 3.312270e-01 1.753869e+01 0 6345705
-1.303345e+14 9.592306e+13 5.215200e+13 -4.821361e-01 7.377342e-01 -4.725389e-01 -1.239547e+01 0 5220484
-7.282090e+13 7.258718e+13 -1.386255e+14 1.921636e-01 1.859119e-01 -9.635922e-01 -3.027871e-01 0 391677
4.338898e+13 -5.162041e+13 -1.756173e+14 5.842116e-01 -7.716539e-01 -2.514895e-01 -1.609764e+01 0 31
1.720000e+14 2.641595e+13 -6.738166e+12 6.434589e-01 4.637507e-01 -6.090123e-01 2.179182e+01 0 1893118
-4.514695e+13 -1.223581e+14 1.093181e+14 -9.673715e-01 -2.948852e-02 2.516401e-01 -2.000215e+01 0 23529155
-6.466551e+13 1.894339e+14 4.840403e+13 -6.802376e-02 8.684077e-01 4.911628e-01 -2.028691e+01 0 10053801
-1.125261e+14 1.831520e+13 -1.388985e+14 -1.049740e-01 -6.849013e-01 -7.210345e-01 -6.821281e+00 0 6726753
8.354444e+13 1.179291e+14 1.003764e+14 -3.956554e-01 9.182806e-01 -1.474736e-02 4.050055e+01 0 2383466
-7.175099e+13 5.442264e+13 1.503093e+14 -8.166868e-01 3.179746e-01 4.815753e-01 -9.765962e+00 0 136361
-8.963273e+13 9.992961e+13 1.085986e+14 -8.683295e-01 1.446888e-01 -4.744144e-01 2.618983e+01 0 2352715
-6.590856e+13 1.455079e+14 8.602145e+13 -4.115081e-01 5.643182e-01 7.156857e-01 -7.717448e+00 0 1303532
-1.197601e+14 -1.086346e+14 -5.398157e+13 -9.635443e-01 -9.021091e-02 2.518817e-01 -2.177347e+01 0 2189559
2.165006e+13 1.514084e+14 7.976691e+13 5.450994e-01 5.285291e-01 6.507869e-01 -2.266379e+01 0 29
1.034790e+14 7.581510e+13 -1.190089e+14 3.735719e-01 3.461580e-01 -8.605920e-01 1.778653e+01 0 3640035
-1.361016e+14 -8.230466e+13 1.072549e+14 -7.094785e-01 -1.543434e-01 6.876179e-01 -2.486974e+01 0 31
1.033747e+13 -1.949479e+14 1.202291e+12 2.203712e-01 -7.380892e-01 -6.376996e-01 1.746466e+01 0 15
1.557164e+14 1.417030e+13 6.818510e+13 6.184455e-01 -7.838263e-01 -5.604856e-02 -3.027690e+01 0 4312976
1.201946e+14 5.778664e+13 -1.215563e+14 -1.424266e-01 3.920466e-01 -9.088532e-01 -6.376838e+00 0 5
1.606775e+14 -3.689768e+13 -9.524492e+13 5.021753e-01 -4.291536e-01 -7.507644e-01 -3.467102e+01 0 28758683
-1.052449e+14 -1.357049e+14 6.904904e+12 -3.431365e-01 -3.974429e-01 8.510561e-01 1.549311e+01 0 28
-1.048034e+14 1.351256e+14 -1.658200e+13 -4.017596e-01 6.152066e-01 -6.783141e-01 3.745657e+00 0 4400705
-6.722181e+13 4.258773e+13 -1.510588e+14 -2.942206e-01 6.125858e-01 -7.336027e-01 -1.162842e+01 0 12093033
4.900225e+13 -1.611398e+14 5.025778e+13 4.431653e-01 -7.253785e-01 5.267168e-01 1.718289e+01 0 2438077
-6.178983e+13 1.412453e+14 -7.633194e+13 -2.612185e-02 8.376908e-02 -9.961428e-01 -2.186124e+01 0 2304728
9.601669e+13 4.627313e+13 1.393752e+14 3.797821e-01 7.460755e-01 5.469341e-01 1.737155e+01 0 2170859
-7.131676e+13 1.178123e+14 -1.285105e+14 -5.690011e-02 9.242701e-01 -3.774747e-01 -2.878699e+01 0 1747017
1.282650e+14 -2.108044e+13 1.188736e+14 -1.732581e-01 -1.227863e-02 9.847999e-01 1.391582e+01 0 7347796
-1.687965e+14 1.967563e+13 1.159070e+13 -9.735257e-01 -2.284911e-01 -6.286167e-03 1.542786e+01 0 10427559
-1.538103e+14 7.727943e+13 -1.391675e+13 1.135906e-01 9.844422e-01 -1.340548e-01 -6.396218e+00 0 1
-4.140398e+13 -2.105881e+13 1.720413e+14 4.754391e-01 -3.086876e-01 8.238141e-01 1.276504e+01 0 1700922
-1.094999e+14 2.053570e+13 -1.307399e+14 -2.346911e-01 -3.877038e-01 -8.914067e-01 -4.791686e+00 0 544278
-1.177933e+14 2.069351e+13 1.282161e+14 -6.807002e-01 7.076067e-01 -1.895784e-01 -2.360109e+01 0 1
3.018825e+13 -1.619463e+14 -4.165082e+13 4.884625e-01 -6.943107e-01 5.285234e-01 -1.768502e+00 0 939297
2.437386e+12 -6.536640e+13 1.594806e+14 4.685477e-01 -4.315389e-01 7.708679e-01 2.107129e+01 0 9277399
1.067875e+14 -7.899340e+13 -1.134296e+14 -1.401238e-03 -9.821084e-01 -1.883111e-01 -2.265155e+01 0 2088411
3.469343e+13 1.534929e+14 -1.109668e+14 5.495735e-01 5.826083e-01 -5.987792e-01 -2.035344e+01 0 27236
-1.228778e+14 7.891113e+12 -1.180719e+14 -8.929583e-01 -3.303843e-01 -3.057313e-01 -1.007684e+01 0 14798914
1.581235e+14 5.924481e+13 4.629143e+13 8.561754e-01 -5.095220e-01 -8.573750e-02 -1.787904e+00 0 9683092
1.405107e+14 1.511793e+14 3.527993e+13 5.533585e-01 8.288370e-01 -8.260484e-02 2.672412e+01 0 3041797
-3.898881e+13 -7.105537e+13 1.491949e+14 -6.814516e-01 -4.111475e-01 6.054598e-01 -2.068063e+01 0 3614374
8.201958e+13 -1.579644e+14 7.490306e+13 4.451135e-01 -8.771400e-01 1.802758e-01 1.151405e+01 0 4035340
-6.003835e+13 1.532494e+14 6.852530e+13 -4.426686e-01 6.662485e-01 6.001312e-01 -9.668667e+00 0 1324287
1.692909e+14 -2.947639e+13 -4.312348e+13 6.674809e-01 6.220431e-01 -4.093064e-01 3.304156e+01 0 17004995
7.194204e+13 1.493791e+14 -4.523968e+13 5.436050e-01 7.335604e-01 4.079004e-01 5.950762e+00 0 4586222
1.036889e+13 1.604856e+14 8.406839e+13 -2.546347e-01 9.459079e-01 2.010458e-01 -3.473941e+00 0 4336177
-2.865475e+13 -4.758140e+13 -1.815651e+14 -4.686838e-02 -1.847873e-01 -9.816603e-01 1.406773e+01 0 2174043
-4.844033e+13 1.222186e+14 1.211912e+14 -1.567763e-02 9.127590e-01 4.081974e-01 1.037381e+01 0 2472208
-2.519241e+13 5.506630e+13 -1.627123e+14 -5.876767e-01 1.536743e-01 -7.943679e-01 -9.574152e+00 0 4783278
2.293417e+13 -2.493614e+13 -1.664975e+14 -2.378000e-01 1.916291e-01 -9.522234e-01 -6.502281e+00 0 3385442
-1.067676e+14 -1.490678e+14 -7.820666e+12 -7.173268e-01 -5.639834e-01 -4.091028e-01 -1.605197e+01 0 51
-1.285465e+14 5.151251e+13 -1.059334e+14 1.386484e-01 6.122794e-01 -7.783897e-01 -2.480022e+01 0 480583
-3.463119e+13 6.908521e+13 -1.516051e+14 1.266191e-02 1.350370e-01 -9.907596e-01 4.755361e+00 0 6160883
9.416120e+13 -1.093239e+14 -1.080431e+14 -1.380187e-01 -1.156183e-01 -9.836581e-01 -2.082243e+01 0 55
1.029224e+14 9.194406e+13 1.245345e+14 4.856866e-01 8.339323e-01 2.620409e-01 2.104910e+01 0 2508484
-9.725576e+13 -1.260877e+14 6.977899e+13 1.499339e-02 -9.993415e-01 -3.304054e-02 5.562341e+00 0 1037902
1.591225e+14 5.685242e+13 -2.443926e+13 3.592282e-01 8.169533e-01 -4.511567e-01 -8.302009e+00 0 1
8.281452e+13 -1.160642e+14 -9.910101e+13 -2.323136e-01 -1.922446e-01 -9.534529e-01 4.011956e+00 0 41
4.557145e+13 7.369536e+13 -1.687267e+14 -6.518125e-01 1.926775e-01 -7.334957e-01 2.301873e+01 0 1886081
-3.350123e+13 1.066010e+14 -1.569975e+14 -1.974822e-01 5.630314e-01 -8.024939e-01 1.591301e+01 0 1604882
-7.647683e+13 -1.507832e+14 -2.041101e+13 7.827129e-02 -9.345258e-01 -3.471816e-01 6.886939e+00 0 7344087
-4.629818e+13 1.067370e+14 -1.372930e+14 -2.597519e-01 8.078593e-01 -5.290485e-01 -1.976259e+01 0 11221935
7.183559e+13 9.295715e+13 -1.225464e+14 4.398509e-01 8.902134e-01 -1.185379e-01 -2.659363e+00 0 2789503
-1.028528e+14 1.197082e+14 6.831367e+13 -5.252033e-01 4.966780e-01 6.909938e-01 -1.182043e+01 0 38646897
1.080590e+14 -7.141520e+12 -1.327271e+14 9.494036e-01 -3.005598e-01 -9.108616e-02 -8.391708e+00 0 837575
-1.352035e+14 1.476196e+14 7.702431e+13 -6.839768e-01 6.054040e-01 4.070157e-01 1.961515e+01 0 2216009
-9.732288e+13 1.020680e+13 1.414102e+14 -4.066528e-01 2.901795e-02 9.131218e-01 -2.233159e+01 0 13963906
-4.732504e+13 2.933521e+13 -1.622838e+14 -5.883491e-01 5.663062e-01 -5.771851e-01 4.179865e+00 0 97370
-8.837054e+13 -7.820240e+13 1.218745e+14 -7.366528e-01 3.361938e-01 5.867847e-01 -9.758715e+00 0 6
1.912103e+13 -1.636456e+14 6.504389e+13 3.202755e-01 -2.854344e-01 9.033000e-01 1.996601e+01 0 14
8.105691e+13 -1.671290e+14 3.077085e+13 4.295827e-01 -6.916067e-01 5.806366e-01 1.805760e+01 0 704713
-7.903414e+13 1.490887e+14 3.107900e+13 1.157283e-01 8.978064e-01 -4.249125e-01 -1.719821e+01 0 7570615
1.262021e+14 9.975731e+13 1.008744e+14 5.851832e-02 9.038660e-01 4.237945e-01 -2.374353e+00 0 112
2.478755e+13 -1.933687e+13 1.685163e+14 -2.918972e-01 5.192124e-01 8.032524e-01 7.367345e+00 0 845412
1.397873e+14 -1.017501e+14 -3.085683e+13 1.574706e-01 -7.300375e-01 -6.650175e-01 -2.544910e+01 0 4702786
-1.065466e+13 -1.014406e+14 2.192798e+14 -1.689228e-01 -3.133461e-01 9.344941e-01 2.003741e+01 0 3841970
-6.113796e+13 7.647845e+13 1.476144e+14 -6.447129e-01 2.872973e-01 7.083823e-01 -1.294885e+01 0 1576388
-9.358907e+13 -6.182321e+13 1.277067e+14 -1.208931e-01 -6.412890e-01 7.577158e-01 -7.928732e+00 0 5360753
-1.039546e+14 -5.089708e+13 -1.496270e+14 -7.845251e-01 -6.025338e-01 -1.465383e-01 -1.237494e+01 0 2920343
8.744417e+13 -7.958702e+13 1.254599e+14 1.065800e-01 2.079846e-01 9.723081e-01 1.008138e+01 0 503222
-1.102792e+14 1.015552e+14 -8.025004e+13 -8.271183e-01 5.049639e-01 -2.467523e-01 1.648111e+01 0 1583110
1.583131e+14 -1.596977e+12 7.225612e+13 9.806521e-01 -1.139765e-01 1.591566e-01 -1.204771e+01 0 9798634
-1.489104e+14 -5.429044e+13 1.012258e+14 -1.211522e-01 -1.562706e-01 9.802559e-01 1.443334e+01 0 8829747
-3.338665e+13 1.301700e+14 1.463772e+14 -2.146171e-01 5.508771e-01 8.065196e-01 -1.299159e+01 0 10
6.525997e+13 -9.491770e+13 -1.256683e+14 -2.910173e-02 -8.204182e-01 -5.710228e-01 -1.521406e+01 0 8123389
1.524510e+14 6.096142e+13 -4.984246e+13 5.862494e-01 -2.357065e-01 7.750833e-01 1.574550e+00 0 5
-4.861351e+13 2.923104e+13 1.601588e+14 -6.833277e-02 6.281379e-01 7.750958e-01 -7.799866e-01 0 5473653
-5.103037e+13 1.619522e+14 9.590039e+12 -4.168374e-01 8.718857e-01 2.570251e-01 2.112556e+01 0 2087053
1.528404e+14 -7.552492e+13 -1.049435e+14 9.856388e-01 1.376510e-01 -9.781775e-02 9.853359e-01 0 4019385
1.418033e+13 -4.393944e+13 -1.653766e+14 -8.092898e-01 4.285861e-01 -4.017015e-01 1.471369e+01 0 687636
1.903064e+14 -4.357729e+13 1.240130e+13 7.975872e-01 5.764490e-01 1.776548e-01 -1.142895e+00 0 3
1.785082e+14 9.736182e+12 2.102119e+13 9.261049e-01 -2.600070e-01 -2.733607e-01 -1.652720e+01 0 7
-5.282667e+13 -8.596495e+13 -1.374413e+14 1.891265e-02 -1.584787e-01 -9.871813e-01 1.259544e+01 0 2902905
-8.484360e+13 -6.642232e+12 1.560334e+14 -4.437350e-01 1.991941e-01 8.737396e-01 -1.270796e+01 0 2269647
-7.986892e+13 -1.430230e+14 -6.535850e+13 -4.199471e-01 -8.267940e-01 -3.742407e-01 1.172603e+01 0 1147376
-2.931400e+13 -1.292778e+14 1.199708e+14 -6.799882e-01 -6.148620e-01 3.994506e-01 3.337028e+00 0 3024935
1.703690e+14 1.976677e+13 -2.263605e+13 7.149469e-01 2.715858e-01 -6.442764e-01 -1.031560e+01 0 1060468
-3.345858e+13 -1.847298e+14 -1.336721e+13 -3.688806e-01 -8.581678e-01 -3.570367e-01 1.449633e+01 0 1
-1.660330e+14 -4.597030e+13 8.949095e+13 -5.377400e-01 -6.108679e-01 5.810990e-01 2.530886e+01 0 5
-1.649479e+13 -1.515630e+14 -8.458921e+13 2.428576e-01 -8.945768e-01 3.751699e-01 1.456722e+01 0 7
-1.492264e+14 1.004412e+14 -4.443518e+13 -8.232968e-01 5.362269e-01 -1.861268e-01 1.373131e+01 0 11137994
-1.300100e+14 1.370042e+13 1.086697e+14 -9.456694e-01 -1.876700e-01 -2.654982e-01 9.820233e+00 0 2129218
1.218092e+14 4.460745e+13 1.099168e+14 -6.214738e-02 7.645503e-01 6.415610e-01 3.791113e+00 0 675668
7.250678e+13 8.977087e+13 1.263079e+14 -7.671512e-02 6.492620e-01 7.566860e-01 1.652839e+01 0 1708437
1.828891e+13 -6.384377e+13 -1.773861e+14 -3.186633e-01 -6.896475e-01 -6.502615e-01 -2.076879e+01 0 4882761
1.247274e+14 4.686336e+13 1.125277e+14 3.622595e-01 5.711596e-01 7.365764e-01 -1.914581e+01 0 6084765
8.294458e+13 -1.510082e+14 -2.057341e+13 1.314194e-01 -9.507767e-01 2.806288e-01 6.981170e+00 0 1104801
-1.433917e+13 7.847739e+13 -1.631368e+14 -3.738049e-01 9.243802e-01 -7.609955e-02 1.806448e+01 0 9281620
1.201151e+14 -1.337111e+13 -1.191929e+14 2.594908e-01 -9.492397e-01 -1.777878e-01 -1.799834e+01 0 1785884
-1.203138e+14 1.042619e+14 -8.282778e+13 -5.539542e-01 -1.394838e-01 -8.207795e-01 -1.940237e+00 0 3
1.697734e+14 -7.488464e+11 3.066424e+13 7.045045e-01 3.833852e-03 -7.096892e-01 1.681415e+01 0 1
-2.399928e+13 5.289828e+13 1.621716e+14 4.985023e-01 7.724691e-01 3.934297e-01 6.143723e+00 0 16416769
-2.825072e+13 -1.739718e+14 -2.990448e+13 -2.581045e-01 -8.066833e-01 -5.316429e-01 1.378406e+01 0 4237222
1.680009e+14 5.204746e+13 -3.038803e+13 6.374560e-01 7.571254e-01 1.428668e-01 2.006106e+01 0 2737765
-7.322484e+13 -1.175462e+14 -1.084057e+14 -2.121460e-01 -8.780240e-01 4.290313e-01 -9.355351e+00 0 30
1.511841e+14 6.705195e+13 7.874620e+13 1.076080e-01 9.733707e-01 2.024104e-01 4.125107e+01 0 813112
1.518725e+14 8.173437e+13 2.167307e+13 9.595253e-01 -1.970733e-01 -2.011799e-01 -2.745030e+00 0 13
1.139187e+14 -1.646352e+14 5.962724e+13 3.596314e-02 -9.984802e-01 4.176055e-02 3.926011e+00 0 5058710
1.232315e+14 -2.588075e+13 -1.233841e+14 5.249270e-01 -3.291345e-01 -7.849345e-01 -1.327386e+01 0 4
-8.031089e+13 5.011258e+13 -1.701452e+14 -6.906954e-01 4.289361e-01 -5.821973e-01 -1.258202e+01 0 11
-4.066998e+13 -6.964616e+13 -1.547731e+14 2.948702e-01 4.801733e-01 -8.261266e-01 2.373196e+01 0 2837662
1.063122e+14 -3.994288e+13 -1.346233e+14 3.290220e-01 -6.364799e-01 -6.975943e-01 -2.204727e+01 0 46
-1.465713e+14 8.555152e+13 -1.696584e+12 -5.522406e-01 -7.327048e-01 3.977109e-01 3.596765e+01 0 1
-6.157915e+12 -7.525937e+13 -1.546272e+14 -7.248249e-01 -6.150059e-01 -3.104779e-01 1.497601e+01 0 158306
-4.156535e+13 8.197134e+13 -1.439733e+14 -4.144966e-01 7.117033e-01 -5.671604e-01 -5.565664e+00 0 1426946
-6.298942e+12 -1.978332e+14 6.767050e+12 -2.052210e-01 -9.729462e-01 -1.061133e-01 1.268704e+01 0 11841201
-1.719803e+14 -2.835732e+13 4.753946e+13 -7.771575e-01 4.824210e-01 4.040993e-01 7.495419e+00 0 19575564
2.716767e+13 -1.047730e+14 1.330920e+14 2.502051e-01 -4.662163e-01 8.485516e-01 -8.013554e+00 0 316050
2.339263e+13 -5.268136e+13 -1.599375e+14 -4.990754e-01 -4.052419e-01 -7.659652e-01 3.114853e+00 0 9
3.209634e+13 -1.669508e+14 3.277047e+13 2.186631e-02 -9.639522e-01 -2.651755e-01 8.881767e+00 0 31276980
1.363210e+13 1.456031e+14 1.160338e+14 1.721541e-01 9.682011e-01 1.815202e-01 9.926868e+00 0 2896451
1.132756e+14 9.648114e+13 -1.268989e+14 -1.815343e-01 6.603657e-01 -7.286717e-01 3.128783e+01 0 9911295
-7.369899e+13 5.780316e+13 -1.424468e+14 7.076540e-02 9.973657e-01 1.593567e-02 4.033893e+00 0 2922814
1.005753e+14 1.360221e+14 -3.640404e+13 6.156239e-01 7.822857e-01 9.505940e-02 -7.893448e+00 0 10154126
3.237514e+13 -1.711936e+14 -8.008063e+12 7.470405e-01 -6.035275e-01 -2.787205e-01 3.456335e+01 0 22
-1.910838e+14 7.542240e+10 3.301224e+13 -7.116022e-01 2.181228e-01 6.678658e-01 1.009128e+01 0 8
-3.087546e+13 -1.563901e+14 1.151533e+14 5.394863e-02 -6.366567e-01 7.692580e-01 2.465790e+01 0 9785478
-6.325998e+13 -1.482642e+14 5.914018e+13 -8.466150e-01 -2.524971e-01 4.684957e-01 -2.779235e+01 0 1356071
7.155057e+13 -5.505125e+13 1.452531e+14 8.790095e-01 3.171649e-01 3.560179e-01 5.750040e-01 0 2514994
1.703288e+14 -6.039395e+13 -1.747151e+12 9.377717e-01 -1.632879e-01 3.064659e-01 -1.775543e+01 0 16
-1.393330e+14 -4.284210e+13 -8.925794e+13 -6.201079e-01 3.476782e-01 -7.032681e-01 4.724334e-01 0 2652124
-1.690881e+14 1.583753e+13 1.983009e+13 -7.186265e-01 1.822773e-01 -6.710819e-01 8.971865e+00 0 1505467
-1.684210e+14 -8.639119e+12 2.041210e+13 -6.841647e-01 -5.891132e-01 4.299585e-01 1.672606e+01 0 972810
1.640621e+14 5.698616e+13 -2.188446e+13 8.820237e-01 -1.657732e-01 -4.410821e-01 -2.303090e+01 0 2
2.803525e+13 -1.420373e+14 -9.601633e+13 -2.032531e-01 -9.510654e-01 2.327291e-01 -4.948680e-01 0 613764
-1.647185e+14 -4.654967e+13 1.804219e+13 -9.589177e-01 -2.659001e-01 -9.886321e-02 -1.196257e+01 0 678454
-9.281209e+13 1.863403e+13 -1.409258e+14 -6.156249e-01 5.884334e-01 -5.241681e-01 2.588713e+00 0 3135458
-1.508743e+14 -4.674517e+13 6.966559e+13 -9.706269e-01 -9.348910e-02 2.216828e-01 1.089330e+01 0 15
1.468759e+13 9.368707e+13 1.610358e+14 -4.309934e-01 8.370807e-01 3.369577e-01 2.159361e+01 0 22505812
-1.549898e+12 -1.698870e+14 1.296634e+13 8.822945e-01 -4.049790e-01 2.398926e-01 1.199220e+01 0 1116356
-9.063720e+13 1.176221e+14 8.532687e+13 -8.840115e-01 3.978631e-01 -2.454150e-01 1.939523e+01 0 6279447
7.553767e+13 -1.632684e+14 -1.554100e+13 3.326633e-01 -9.392070e-01 -8.500138e-02 9.093600e+00 0 10
1.133448e+14 -4.597116e+11 1.386535e+14 3.191825e-01 5.586282e-01 7.655436e-01 -6.965911e+00 0 4
-9.690946e+13 -9.663924e+13 -1.289283e+14 -4.570471e-01 -6.684816e-01 -5.867199e-01 -1.998098e+01 0 591103
-4.416112e+13 -9.199522e+13 -1.392155e+14 -9.629432e-01 -2.492373e-01 -1.030588e-01 -2.546003e+01 0 21
8.332289e+13 -1.719306e+14 4.332960e+13 3.027925e-01 -7.720148e-01 5.588468e-01 1.266075e+01 0 4
8.620125e+13 1.640008e+14 5.656429e+13 1.260558e-01 8.657604e-01 -4.843232e-01 -1.266820e+01 0 813075
1.108023e+14 7.038435e+13 -1.109652e+14 2.257171e-01 6.513977e-01 -7.243845e-01 1.739020e+01 0 6508799
-8.762391e+13 1.509707e+14 -2.811230e+13 -1.951619e-01 9.339270e-01 2.994865e-01 -1.448387e+01 0 13
1.346439e+14 3.321278e+13 -1.188102e+14 7.241666e-01 3.965564e-01 -5.642036e-01 1.442136e+01 0 1039310
7.477542e+13 1.576533e+14 -2.668877e+13 6.229927e-01 7.577139e-01 -1.942930e-01 1.495932e+01 0 8
-7.192126e+13 -7.974103e+13 -1.362327e+14 -5.962351e-01 -6.434496e-01 -4.800795e-01 -2.670364e+01 0 88
6.934324e+13 8.967200e+13 1.269458e+14 5.248573e-01 8.509244e-01 2.127247e-02 -2.338977e+01 0 16288573
3.302195e+13 -1.044146e+14 -1.345459e+14 4.587727e-01 -8.399350e-01 -2.898910e-01 -8.908563e+00 0 44047
-1.382734e+14 -1.033388e+14 -4.997542e+12 4.070019e-02 -9.945079e-01 9.642396e-02 1.496232e+00 0 6
1.052275e+14 -1.253522e+14 5.549771e+13 2.974323e-01 -9.528383e-01 -6.027610e-02 -1.718650e+00 0 65
-1.037305e+14 -1.383538e+14 -1.158653e+13 -2.719950e-01 -7.118327e-01 6.475437e-01 -5.400945e+00 0 7339504
-4.512411e+12 8.310937e+13 -1.551271e+14 1.676890e-01 -6.023766e-01 -7.803991e-01 1.809766e+01 0 4708251
1.546399e+14 -1.911906e+13 -8.425437e+13 4.565203e-01 3.945447e-01 -7.974482e-01 1.978456e+01 0 2645641
-1.273558e+13 -1.410196e+14 -9.794094e+13 -3.712714e-01 -9.285231e-01 -1.536296e-03 -1.392488e+01 0 8623324
3.325894e+13 1.643818e+14 -3.422828e+13 5.711780e-01 7.895530e-01 2.244142e-01 -1.826463e+00 0 26117144
9.081373e+13 8.908103e+13 -1.172561e+14 9.685945e-01 1.797946e-02 -2.479947e-01 -2.696198e+01 0 19045299
4.988605e+13 -1.173554e+14 -1.146342e+14 6.558024e-01 -7.544339e-01 2.743523e-02 2.710076e+01 0 14
1.426366e+14 -7.891186e+13 5.072305e+13 4.806179e-01 -1.786967e-01 8.585301e-01 -1.858902e+00 0 1913409
-1.145003e+14 -9.781532e+13 1.077734e+14 -4.138779e-01 1.347650e-01 9.003019e-01 -1.976463e+01 0 5508210
-1.157222e+14 -1.176930e+14 -4.572189e+13 -5.352399e-01 -7.177018e-01 -4.454464e-01 1.329472e+01 0 12
-2.523850e+13 2.734001e+13 -1.663423e+14 4.182116e-01 7.392785e-01 -5.277939e-01 1.146963e+00 0 639046
-5.162141e+12 1.660437e+14 7.151986e+13 1.851314e-01 9.805034e-01 6.587403e-02 5.312345e+00 0 9927384
-1.494072e+14 1.038164e+14 -4.859340e+13 -5.556506e-01 3.250224e-01 -7.652534e-01 2.365077e+01 0 3
-1.094783e+14 3.353966e+13 -1.281769e+14 -5.259066e-01 -5.967096e-01 -6.061023e-01 -2.494154e+00 0 1090730
-7.428255e+13 -1.380218e+14 -7.047421e+13 8.080286e-02 -8.667058e-01 -4.922316e-01 1.695716e+01 0 2835181
1.242387e+14 4.332946e+13 -1.178158e+14 5.720176e-01 8.199483e-01 2.192286e-02 -3.212283e+00 0 27
3.126803e+13 -1.422476e+14 8.824222e+13 -1.133014e-01 -3.194065e-01 9.408200e-01 5.750204e+00 0 2304081
5.088512e+13 1.065232e+14 -1.358205e+14 2.259449e-01 4.005147e-01 -8.879960e-01 7.135066e+00 0 7538956
1.193872e+14 -5.010621e+13 1.326751e+14 3.231593e-01 -8.615395e-01 3.915580e-01 -3.021924e+01 0 4935284
-1.693379e+14 2.585874e+13 -2.380797e+13 -1.088755e-01 8.229328e-01 -5.576090e-01 -1.197173e+01 0 26
-1.751521e+13 -7.571958e+13 1.510747e+14 -6.557622e-01 -5.686064e-01 4.966515e-01 4.054465e+00 0 2462766
1.362220e+14 -1.009014e+14 7.672645e+12 7.412015e-01 -3.852328e-01 5.497418e-01 2.795342e-01 0 44101
1.428266e+14 8.600597e+13 -8.668467e+13 8.972360e-01 4.347779e-01 7.704366e-02 1.582130e+01 0 2496282
-3.376460e+13 1.585582e+14 5.395011e+13 -5.240756e-01 8.419239e-01 -1.284870e-01 3.896772e+00 0 5
1.100354e+13 -1.301432e+14 -1.110297e+14 1.342972e-01 -9.909295e-01 -4.801993e-03 1.796447e+01 0 1066633
-1.357264e+14 -1.204113e+14 -2.173429e+13 -8.367036e-02 -9.809886e-01 1.751016e-01 -7.714863e+00 0 14596411
-1.290431e+13 1.438610e+14 -9.435838e+13 5.248599e-01 8.287274e-01 -1.942497e-01 -2.827165e+01 0 11631987
7.192817e+13 6.259285e+13 1.406544e+14 -1.174245e-01 7.995086e-01 5.890649e-01 4.244973e+00 0 4
-4.653695e+13 -2.771299e+13 -1.623998e+14 5.946801e-01 -6.848478e-01 -4.211164e-01 -3.219316e+00 0 714639
-9.392047e+13 -5.110986e+13 -1.337353e+14 -9.446495e-01 1.033317e-01 -3.113837e-01 -9.856401e-01 0 28067291
-1.589921e+14 -6.047757e+13 -4.669471e+12 -7.940596e-01 4.777422e-01 -3.758081e-01 -8.152069e+00 0 35
-1.355606e+14 -1.415107e+13 1.142186e+14 -3.416962e-01 -7.983179e-01 4.959156e-01 3.247492e+01 0 8277655
1.653655e+14 5.890146e+13 4.873047e+13 9.714380e-01 6.109292e-02 -2.292945e-01 5.590683e+00 0 3722895
9.016603e+13 -1.284042e+14 -7.175101e+13 5.851208e-01 -7.646105e-01 -2.701931e-01 -1.585950e+01 0 1760251
1.581243e+14 6.377582e+13 -2.117259e+13 4.123677e-01 7.958199e-01 -4.434227e-01 2.368804e+01 0 3
-6.951603e+13 -1.559911e+14 6.062418e+12 -7.340302e-01 -4.542189e-01 5.048612e-01 -2.706523e+01 0 2471928
-1.506861e+14 -6.030412e+13 1.140153e+14 -7.571084e-01 -6.060508e-01 2.439042e-01 2.682420e+01 0 35
1.552661e+14 8.908060e+13 -3.720655e+13 9.981058e-01 -1.923190e-02 5.843825e-02 1.095055e+00 0 248832
-5.323541e+12 4.213297e+13 1.683442e+14 -3.342923e-01 9.046894e-01 2.641701e-01 -6.064131e+00 0 1169105
1.471938e+14 1.888067e+13 9.561076e+13 6.663409e-01 -7.160985e-01 2.078286e-01 -3.767828e+01 0 9
-8.556778e+12 -1.134373e+14 -1.315737e+14 2.260158e-02 -5.530971e-01 -8.328102e-01 8.417228e+00 0 3865982
1.398255e+14 -9.763586e+13 -4.943096e+13 -3.751090e-02 -9.959352e-01 -8.188974e-02 -3.499594e+01 0 1222941
3.915714e+13 -3.081752e+13 1.737544e+14 3.371466e-01 -3.888122e-01 8.574131e-01 -1.391999e+01 0 564610
-1.463186e+14 -1.521514e+13 8.447234e+13 -1.452329e-01 2.472463e-01 9.580066e-01 -1.046709e+01 0 15661098
-1.326156e+14 -1.308661e+14 -1.387887e+14 -5.063262e-01 -8.609559e-01 -4.887458e-02 2.332540e+01 0 4597565
8.914851e+13 -7.724419e+13 1.233611e+14 5.416132e-01 7.106815e-01 4.489843e-01 3.351442e+00 0 27
5.483469e+13 1.619617e+14 -3.155949e+13 -1.314219e-02 9.554334e-01 -2.949139e-01 -7.147514e+00 0 8
9.968429e+13 -5.427050e+13 1.337988e+14 4.845957e-02 5.465217e-03 9.988102e-01 -8.942303e+00 0 17
7.739155e+13 -1.048826e+14 -1.091274e+14 3.234109e-01 -8.348151e-01 -4.455213e-01 4.605070e+00 0 566667
-1.488466e+14 8.557506e+13 -2.274346e+13 -9.052169e-01 2.724272e-01 -3.261378e-01 1.532175e+00 0 3937355
-5.447555e+13 6.965942e+13 -1.530900e+14 4.529347e-02 7.158903e-01 -6.967422e-01 -2.300639e+01 0 12468519
2.656740e+13 8.274879e+13 -1.489092e+14 -8.193064e-01 4.789866e-01 -3.151331e-01 2.487426e+01 0 11426714
1.068788e+14 3.554149e+13 1.270750e+14 7.922216e-01 -6.081097e-01 -5.086807e-02 -2.631854e+01 0 1906548
-1.462508e+14 -1.132926e+14 -1.175359e+13 -8.106009e-01 -4.518275e-01 3.725294e-01 1.378350e+01 0 1619036
1.313870e+14 -9.672434e+13 -6.440898e+13 8.992138e-01 -4.292394e-01 -8.466416e-02 -8.501623e+00 0 7336272
-1.659586e+14 -4.260726e+13 1.675442e+13 -5.758235e-01 -7.086992e-01 -4.076429e-01 2.043828e+01 0 16677084
-7.659586e+12 5.367937e+13 -1.864966e+14 -4.262431e-01 6.308147e-01 -6.483746e-01 -9.711689e+00 0 727345
-9.106283e+13 1.198472e+14 7.997859e+13 1.527932e-01 7.774950e-01 6.100457e-01 -7.120338e+00 0 1120600
-9.214262e+13 1.360922e+14 -4.348777e+13 -8.034073e-01 5.885737e-01 -9.009814e-02 1.563382e+01 0 546135
9.804827e+13 -7.218837e+13 1.186564e+14 4.672809e-01 -8.833812e-01 -3.586327e-02 -1.369935e+01 0 13857
1.291719e+14 -5.679487e+13 -1.060160e+14 6.291165e-01 6.459308e-01 -4.324187e-01 3.444342e+00 0 2
-1.244948e+14 -1.338702e+13 -1.344295e+14 -6.308280e-02 6.549530e-01 -7.530319e-01 -2.752537e+01 0 3625426
1.038781e+14 -3.317749e+13 -1.516626e+14 5.686839e-01 4.990764e-01 -6.538511e-01 2.550770e+01 0 4828063
8.106269e+13 -2.182072e+13 1.635322e+14 -3.275586e-01 -6.709039e-01 6.652768e-01 -2.418610e+01 0 24951347
5.565105e+13 1.125233e+14 1.292547e+14 2.691879e-01 9.613471e-01 -5.787667e-02 -1.106395e+01 0 2
3.077726e+13 -4.556756e+13 1.657524e+14 6.057780e-02 6.329732e-01 7.718000e-01 -1.046892e+01 0 2184981
3.238799e+13 5.631773e+13 1.628899e+14 6.668850e-01 3.336369e-02 7.444134e-01 -1.418466e+01 0 987299
-2.351058e+13 5.652266e+13 -1.592409e+14 -5.316484e-01 1.289649e-01 -8.370890e-01 -1.275459e+00 0 7684036
-5.200935e+13 4.238736e+13 -1.575037e+14 -9.564733e-01 2.259934e-01 -1.846232e-01 8.125955e+00 0 1450853
1.358374e+14 -8.131145e+13 6.161324e+13 -1.627562e-02 -8.793338e-01 4.759277e-01 -1.058881e+01 0 10946183
1.726542e+14 -4.339818e+13 1.968167e+13 8.571535e-01 -4.914141e-01 1.542730e-01 -1.672347e+01 0 6947257
-1.292747e+14 5.106558e+13 -9.759329e+13 -5.270547e-01 -8.240822e-01 -2.076097e-01 2.330793e+01 0 29240691
-5.417743e+13 1.501881e+14 8.799858e+13 3.840949e-01 8.420587e-01 3.786928e-01 -3.079149e+01 0 3155348
-9.794896e+13 9.308451e+13 1.026342e+14 -5.619454e-01 5.964455e-01 5.731231e-01 -7.843374e+00 0 8313175
-2.913785e+13 -1.394834e+14 1.082076e+14 -3.138360e-01 -8.183317e-01 4.814979e-01 4.064968e+00 0 215217
1.439303e+14 8.477603e+13 4.375996e+13 3.931042e-01 4.558534e-01 -7.985404e-01 1.438063e+01 0 18
1.361952e+13 -9.970290e+12 -1.700470e+14 -3.279733e-01 9.028709e-01 -2.779525e-01 -1.166129e+01 0 4387536
1.049755e+14 7.205314e+13 1.603884e+14 7.995310e-01 5.087431e-01 3.192658e-01 2.070961e+01 0 2320821
1.429773e+14 -1.670843e+14 -2.104018e+13 3.654895e-01 -9.087091e-01 -2.016561e-01 1.543109e+01 0 21091641
-1.649356e+13 -1.680253e+14 3.813180e+13 4.562281e-01 -6.085044e-01 -6.492907e-01 2.858167e+01 0 7419351
1.151897e+14 1.313750e+14 -6.751320e+13 6.523858e-01 3.392787e-01 -6.777040e-01 5.786530e+00 0 31
1.037010e+14 -9.928202e+13 -1.427352e+14 7.286043e-01 -4.330844e-01 -5.306352e-01 -1.314718e+01 0 16
9.341301e+12 1.652119e+14 -4.868082e+13 -4.833895e-01 4.239157e-01 -7.659178e-01 1.579055e+00 0 63466
3.774614e+13 1.245469e+14 1.114852e+14 -3.150380e-01 4.067993e-01 8.574762e-01 1.529012e+01 0 14
-2.119426e+13 9.341328e+13 -1.407062e+14 -8.004126e-01 3.293324e-01 -5.008791e-01 -5.345520e+00 0 2641100
-1.434477e+14 8.732882e+13 -5.193725e+13 -9.829712e-01 -1.305389e-01 1.293338e-01 3.112820e+01 0 7758567
-5.621818e+13 -1.429170e+14 -7.452405e+13 4.654577e-01 -7.703421e-01 -4.358006e-01 4.310723e+00 0 387240
-9.956268e+13 -8.586336e+13 1.771837e+14 2.232129e-01 -5.526266e-01 8.029819e-01 -7.329388e+00 0 15069285
-7.048890e+13 -2.844567e+13 -1.535544e+14 -8.283110e-01 -1.346803e-02 -5.601066e-01 7.803228e+00 0 18997708
1.740435e+14 -5.308452e+13 2.491193e+13 8.159938e-01 -5.663417e-01 -1.158066e-01 -3.103469e+01 0 1
-8.013666e+13 1.069918e+14 1.275888e+14 -4.975537e-01 5.955297e-01 6.307018e-01 1.842630e+01 0 19
1.086492e+13 -1.488580e+14 -8.748483e+13 -5.463705e-01 -6.436356e-01 -5.359222e-01 -3.309419e+00 0 2308868
-2.087490e+13 5.586527e+13 -1.602579e+14 -8.063047e-01 1.575594e-01 -5.701295e-01 -4.443710e+00 0 298221
-1.372288e+14 7.728790e+13 6.343693e+13 -5.282139e-01 7.807177e-01 -3.338711e-01 -5.885344e+00 0 8590004
8.877805e+13 1.452107e+14 3.115096e+13 2.096911e-02 9.992026e-01 -3.397668e-02 -1.678666e+00 0 35
-7.981450e+11 1.729835e+14 -5.865024e+13 1.174677e-01 9.150421e-01 -3.858747e-01 -1.468301e+01 0 8890917
6.912103e+13 -1.499852e+14 3.935987e+13 1.067343e-01 -9.113095e-01 3.976466e-01 -1.441860e+01 0 51189735
1.293295e+14 9.267027e+13 6.063206e+13 1.622155e-01 4.103170e-01 8.973996e-01 1.362234e+01 0 51
1.510621e+14 -5.185406e+13 -8.428103e+13 1.369356e-01 -9.315557e-01 -3.368273e-01 -2.990773e+01 0 17
9.331448e+13 1.837843e+14 -9.601589e+13 3.874012e-01 6.765625e-01 -6.262455e-01 2.155851e+01 0 7233563
-5.204862e+13 -1.445846e+13 1.612719e+14 -7.305690e-01 -2.613438e-01 6.308474e-01 -8.856341e+00 0 1670367
-2.350998e+13 -1.594135e+14 7.327189e+13 5.084077e-01 -4.546157e-01 7.313318e-01 -1.050522e+01 0 145795
-6.989187e+13 -8.937112e+13 1.335140e+14 -7.377942e-01 -3.302180e-01 5.887409e-01 4.169774e+00 0 31
-1.287474e+14 8.207553e+13 1.017602e+14 -7.415912e-01 3.991452e-01 5.391897e-01 -2.226887e+01 0 1046122
1.642135e+14 -1.793179e+13 -3.922494e+13 5.247450e-01 -7.874109e-01 3.234606e-01 -2.562236e+01 0 5866790
4.382156e+13 2.052199e+14 -6.437146e+13 -3.577432e-01 8.540328e-01 -3.776873e-01 3.427335e+01 0 1
-3.809032e+13 1.618284e+14 4.428574e+13 3.379837e-01 5.903106e-01 -7.330078e-01 -4.196265e-01 0 7168963
7.575928e+13 1.516435e+14 -6.190797e+12 1.112336e-01 2.745162e-01 9.551272e-01 -6.979141e+00 0 6024157
-4.976236e+13 -1.638084e+14 5.975375e+13 -7.955868e-01 -5.530021e-01 2.474478e-01 -3.265443e+01 0 2538710
1.193910e+14 -1.597798e+14 1.987911e+12 3.554673e-01 -9.321363e-01 6.902882e-02 -2.098383e+01 0 2601584
-1.779620e+14 2.987177e+13 3.993619e+13 -8.837429e-01 -7.390328e-03 -4.679143e-01 2.432221e+01 0 1
1.621702e+14 -6.255532e+13 1.459843e+13 4.341768e-01 -3.199474e-01 -8.420951e-01 -1.524742e+01 0 78
1.632340e+13 -1.722010e+14 -5.689985e+12 -2.242861e-01 -2.254249e-01 -9.480925e-01 -1.605496e+01 0 2203424
-1.148693e+14 1.170235e+14 -4.405116e+13 -5.512709e-01 8.271229e-01 -1.093993e-01 2.827988e+00 0 467568
-8.103958e+13 1.494844e+14 2.488716e+13 -4.859083e-01 7.886459e-01 3.767370e-01 -7.715629e+00 0 3126738
4.807806e+13 1.450128e+14 8.357949e+13 -2.287785e-01 9.701727e-01 -8.015746e-02 3.163616e+01 0 3024128
6.803699e+13 -2.636518e+13 1.535216e+14 8.501468e-01 2.377139e-02 5.260088e-01 -6.374581e+00 0 463927
1.778870e+13 2.079933e+13 1.700772e+14 2.501015e-01 -5.040750e-01 8.266545e-01 4.067470e+00 0 137018
1.504146e+14 -7.654503e+13 -4.305370e+13 9.711190e-01 -1.687382e-01 -1.686871e-01 -1.060779e+01 0 1273892
-2.129257e+13 9.264910e+13 1.413534e+14 -8.031782e-01 -2.465230e-02 5.952285e-01 1.493060e-01 0 12
1.778609e+14 -1.660209e+13 -2.738483e+13 8.482928e-01 8.921319e-03 -5.294523e-01 1.723071e+01 0 37496034
-7.356381e+13 1.072340e+14 -1.599398e+14 -3.349526e-03 8.196269e-01 -5.728878e-01 -2.162341e+01 0 19
-6.709268e+13 1.370627e+14 1.224922e+14 -8.482496e-01 5.243315e-01 7.449178e-02 2.940584e+01 0 830531
-1.753256e+14 6.378795e+13 -2.006558e+13 -9.265974e-01 1.582860e-02 3.757217e-01 -1.289232e+01 0 4842561
2.411578e+13 1.141321e+14 1.248304e+14 -1.609445e-01 2.419418e-01 9.568495e-01 2.089735e+01 0 1777456
-1.602799e+14 -4.920716e+13 2.662499e+13 -6.294177e-01 3.069470e-01 7.138745e-01 -1.939423e+01 0 13921509
-1.433502e+14 -8.947881e+13 -3.514436e+13 -6.972465e-01 -5.497133e-01 4.600681e-01 -3.255006e+00 0 6102533
-1.717982e+14 3.311778e+12 -2.307545e+13 -8.968960e-01 2.152412e-01 -3.863272e-01 -1.762675e+01 0 9487212
-1.341508e+14 -1.012817e+14 2.540583e+13 -3.236588e-01 4.805460e-01 8.150586e-01 3.053316e+00 0 2454420
-1.471741e+14 -9.839303e+13 7.959869e+13 -9.358860e-01 -5.237613e-02 -3.483880e-01 -3.416488e+01 0 986902
-1.400238e+13 1.013842e+14 1.631325e+14 -3.269851e-01 1.065821e-01 9.390000e-01 -9.104028e+00 0 10579559
1.368645e+14 5.203044e+13 -8.738490e+13 9.827494e-01 -1.454771e-01 -1.141930e-01 -2.926304e+00 0 22
1.277077e+14 -1.404221e+13 -1.144571e+14 6.089005e-01 -6.697771e-01 -4.250163e-01 -2.857267e+01 0 8
-1.773549e+14 1.402871e+13 -2.021669e+13 -9.952535e-01 5.397427e-02 8.097687e-02 1.394709e+01 0 10074538
-1.038443e+14 -1.330689e+14 8.860255e+13 9.725291e-02 -8.773935e-01 4.698111e-01 -5.930868e+00 0 5745364
1.409006e+14 2.488465e+13 -1.166701e+14 5.268666e-01 5.950249e-01 -6.069242e-01 3.181236e+01 0 64
8.041596e+13 -8.062307e+13 -1.276801e+14 6.436879e-01 -1.979305e-01 -7.392492e-01 1.888765e+01 0 1570835
1.664895e+14 -5.679603e+13 -5.794886e+13 7.829720e-01 4.347221e-03 -6.220417e-01 2.253198e+01 0 4369531
-9.473269e+13 -1.096304e+14 9.302225e+13 -3.321416e-01 -9.431913e-01 -8.496752e-03 1.885408e+01 0 10509803
1.741320e+14 -6.171916e+13 -1.383570e+14 4.116031e-01 -4.548454e-01 -7.897459e-01 8.808256e+00 0 2
2.225060e+13 1.696660e+14 1.541614e+13 3.908127e-01 8.290136e-01 4.000023e-01 -2.301763e+01 0 23726850
5.687312e+13 -1.205491e+14 -1.066963e+14 8.529479e-01 -4.720528e-01 -2.228137e-01 1.936255e+01 0 7598533
-1.276587e+14 -1.145138e+14 -2.807719e+13 2.004602e-01 -9.770564e-01 -7.194748e-02 2.656565e+01 0 9701920
-1.137297e+14 -8.503769e+13 -1.010743e+14 -5.430969e-01 -7.497436e-01 3.780613e-01 -9.009083e+00 0 3181315
-1.220775e+14 1.235321e+14 1.929385e+13 -7.113620e-01 5.035498e-01 4.903078e-01 -8.138662e+00 0 688961
-6.493523e+13 1.041163e+14 1.383151e+14 -4.797384e-01 7.984582e-01 3.637521e-01 1.434112e+01 0 29
8.484047e+13 1.304276e+14 9.296597e+13 -1.002330e-01 9.128116e-01 -3.958893e-01 -8.893150e+00 0 5427457
9.308396e+13 -1.066299e+14 1.008374e+14 -3.878582e-01 -8.055420e-01 4.479600e-01 -2.707487e+01 0 23515963
8.645900e+13 1.199033e+14 -8.494231e+13 -4.312726e-01 8.879922e-01 -1.596049e-01 1.068700e+01 0 14522299
1.879288e+14 -1.728783e+13 -5.187520e+11 9.845373e-01 1.393711e-02 -1.746197e-01 -1.063920e+01 0 2113742
8.001453e+13 1.063161e+14 1.156500e+14 2.217993e-01 6.034910e-01 7.659006e-01 -1.207131e+01 0 878669
-1.543043e+14 -7.601260e+13 -1.483290e+13 -8.916742e-01 7.742166e-02 4.460078e-01 -2.265141e+01 0 263816
1.555141e+14 -6.759062e+13 -2.561663e+13 7.257815e-01 6.804359e-01 1.012335e-01 3.455826e+01 0 1371935
-8.547273e+13 -1.291576e+14 -6.995953e+13 -4.290411e-01 1.440746e-01 -8.917209e-01 -4.241194e+00 0 1200272
2.727486e+13 -9.522096e+13 -1.385555e+14 9.432136e-01 -2.613789e-01 -2.050099e-01 5.191736e+00 0 320260
-1.579822e+14 -9.316842e+12 6.417267e+13 -4.258762e-01 -8.339276e-01 3.509903e-01 3.121829e+01 0 29
-3.579713e+13 1.055359e+14 1.412139e+14 1.250045e-01 5.922655e-01 7.959871e-01 -1.204320e+01 0 763546
-5.008199e+13 1.204472e+14 1.193545e+14 -7.837218e-01 5.729874e-01 2.397199e-01 -1.055759e+01 0 10386626
-3.107745e+13 1.465286e+14 -1.087189e+14 -1.255533e-01 6.885602e-01 -7.142277e-01 -1.086159e+01 0 7201485
-9.918643e+12 1.093763e+14 1.295198e+14 -4.606293e-01 7.516763e-01 4.720204e-01 1.461482e+01 0 8
-4.998481e+13 1.395285e+14 1.018763e+14 3.161140e-02 4.520044e-01 8.914554e-01 -2.195848e+01 0 15423605
1.269031e+14 1.098917e+14 -4.266640e+13 6.239194e-01 -9.627776e-03 -7.814294e-01 1.432488e+00 0 19449376
9.004446e+13 9.315170e+13 -1.121164e+14 -4.443784e-01 7.750969e-01 -4.491688e-01 2.578497e+01 0 12206969
1.350919e+13 1.559839e+14 8.200032e+13 -3.188598e-01 7.492112e-01 5.805265e-01 -5.955937e+00 0 2389392
9.771483e+13 -1.527612e+14 3.373233e+13 8.661046e-01 -4.871771e-01 1.118990e-01 2.928628e+01 0 4992897
-2.833481e+13 -1.714242e+14 -3.796901e+12 -5.769847e-02 -8.694367e-01 -4.906636e-01 1.604625e+01 0 1
3.288066e+12 1.458487e+14 -8.692752e+13 -1.313784e-01 4.380906e-02 -9.903638e-01 -1.954016e+01 0 3
-9.996196e+13 -6.869119e+13 1.198202e+14 -8.808479e-01 -4.731841e-01 1.427688e-02 4.905570e+00 0 22463847
-1.098541e+14 7.511713e+13 1.127769e+14 -8.893142e-01 2.067566e-01 4.078872e-01 2.049591e+01 0 211562
2.361507e+13 9.846355e+13 1.490854e+14 2.410099e-01 5.781639e-01 7.795131e-01 9.256170e+00 0 1064966
7.363688e+12 -2.751513e+12 1.775380e+14 4.334245e-01 1.040253e-01 8.951658e-01 1.597628e+01 0 1671698
-6.592953e+13 -4.393206e+13 1.509028e+14 -9.944234e-01 1.054598e-01 -5.772882e-04 4.974186e-01 0 2645462
9.292534e+13 7.363030e+13 1.223477e+14 8.291193e-01 -4.822268e-01 2.828752e-01 6.800992e+00 0 34
-7.053500e+13 6.925361e+11 1.590906e+14 3.283444e-02 2.522567e-03 9.994576e-01 1.289419e+01 0 765895
-2.534090e+13 1.188839e+14 -1.209543e+14 5.324595e-01 -3.575393e-01 -7.672370e-01 5.169115e+00 0 3411016
-1.705279e+14 1.608084e+12 -6.128421e+12 -6.374074e-01 6.994491e-01 3.232380e-01 1.483243e+00 0 17
6.427525e+13 1.652028e+14 7.819912e+13 6.624587e-01 7.411628e-01 -1.087483e-01 -2.688360e+01 0 9603636
-3.244687e+13 1.679155e+14 1.477164e+13 -7.702547e-01 4.739807e-01 4.266732e-01 2.765362e+01 0 17536941
1.484628e+14 9.446280e+13 7.627887e+13 5.701882e-01 8.167601e-01 8.825174e-02 -1.547192e+00 0 5248836
-1.923080e+13 -1.537979e+14 -7.299686e+13 -4.156270e-01 -8.636871e-01 2.851295e-01 -2.384861e+01 0 28
9.489409e+12 8.851052e+13 1.471935e+14 3.047994e-02 9.861830e-01 -1.628316e-01 -5.917273e+00 0 1086889
-4.875566e+13 -5.274320e+13 1.557915e+14 -6.348165e-01 -3.915880e-01 6.660832e-01 -5.725618e+00 0 1829030
-6.183200e+13 -6.776403e+13 1.463842e+14 -5.752904e-02 -9.923555e-01 1.091830e-01 1.818732e+01 0 25
1.972660e+12 -5.638373e+13 1.600902e+14 -2.907855e-01 5.159721e-01 8.057398e-01 4.024320e+00 0 523545
1.060188e+14 -1.378216e+14 7.921405e+12 1.151220e-01 -8.505062e-01 -5.132115e-01 3.589779e+00 0 6
-2.766849e+13 -7.824491e+13 -1.524734e+14 7.254832e-02 -3.139866e-01 -9.466516e-01 -5.586269e+00 0 14748408
-3.524056e+13 -2.006218e+14 3.706408e+13 2.552499e-01 -8.039860e-01 5.370792e-01 -1.139470e+01 0 6
-3.897905e+13 1.656136e+14 2.183459e+12 8.881562e-01 3.637614e-01 -2.808136e-01 -3.688752e+01 0 12
1.456323e+14 7.401758e+13 9.195337e+13 9.069947e-01 3.976102e-01 -1.388045e-01 -2.374919e+01 0 11590674
-1.254422e+14 -2.216509e+13 -1.164178e+14 -2.445966e-01 -2.117667e-01 -9.462174e-01 -2.713282e+00 0 5884765
1.398125e+14 -1.294140e+14 1.018995e+14 2.375259e-01 -8.456815e-01 4.779165e-01 6.722217e+00 0 3714947
7.945133e+13 1.620528e+14 -1.010328e+14 6.967536e-01 3.911355e-01 -6.012881e-01 7.051703e+00 0 14
-1.604629e+13 1.712745e+14 3.386438e+13 -1.262174e-01 9.749739e-01 -1.830168e-01 1.685487e+01 0 113
3.197829e+13 -2.047838e+14 -8.772683e+13 1.115460e-01 -8.984204e-01 -4.247332e-01 1.507853e+01 0 20
6.193540e+12 1.572499e+14 -1.117202e+14 4.850719e-02 9.937885e-01 -1.001571e-01 1.773290e+01 0 2501861
1.820497e+14 3.183399e+13 -2.476008e+13 8.658554e-01 3.153765e-01 3.883710e-01 2.664860e+01 0 1
-1.534412e+14 -4.985600e+13 -5.501029e+13 -9.572026e-01 -2.892186e-01 -1.076148e-02 -6.693074e+00 0 18457744
2.257118e+13 -1.837058e+14 -8.669036e+13 -2.278719e-01 -5.073936e-01 -8.310392e-01 -2.469643e+01 0 3844549
-1.531337e+14 6.686182e+13 -3.240376e+13 -6.490827e-01 5.069920e-01 -5.671426e-01 -1.181449e+01 0 1388785
-1.393803e+14 -6.886392e+12 1.010384e+14 -6.930732e-02 -9.710030e-02 9.928585e-01 1.519860e+01 0 18730043
-4.412786e+12 -6.142016e+13 1.698309e+14 3.110453e-01 -4.217117e-01 8.517101e-01 1.551812e+01 0 4296707
-1.759748e+13 7.214085e+13 -1.565336e+14 -1.851040e-01 7.231371e-01 -6.654392e-01 1.077365e+01 0 3801356
7.581131e+13 -1.785585e+13 -1.537377e+14 3.007961e-01 -1.581766e-01 -9.404796e-01 -1.088562e+01 0 6
-1.587758e+14 -3.949824e+13 5.292956e+13 -9.945218e-01 6.128076e-02 8.468185e-02 -2.079772e+01 0 633395
-9.615888e+12 8.620720e+13 -1.491183e+14 1.660630e-01 6.224005e-01 -7.648795e-01 -1.474486e+01 0 1045874
-1.297872e+14 -5.928617e+13 9.437892e+13 -8.963149e-01 -3.474032e-01 2.755549e-01 -5.025681e+00 0 351732
-8.613230e+13 -9.034727e+13 -1.154945e+14 -5.548242e-01 -6.844445e-01 -4.729755e-01 3.812254e+00 0 649931
-1.849248e+12 1.501814e+14 8.117343e+13 -1.644062e-01 8.691572e-01 4.664079e-01 1.325040e+01 0 533751
1.389590e+14 -4.156454e+13 9.288988e+13 5.558694e-01 -8.305529e-01 -3.451200e-02 -2.576494e+01 0 8149684
-1.126218e+14 -4.483655e+12 1.268637e+14 -8.499003e-01 -3.291930e-02 -5.259143e-01 -1.097772e+01 0 2302415
1.384668e+14 -1.841502e+14 -7.325221e+13 9.154538e-01 -3.390107e-01 -2.168320e-01 -6.321714e+00 0 4835707
2.004925e+13 1.235068e+14 1.652603e+14 -3.635989e-01 7.784683e-01 5.116473e-01 -8.663116e+00 0 41
1.479172e+14 -9.340755e+12 -8.360767e+13 7.159152e-01 -2.532630e-01 -6.506329e-01 -9.923384e+00 0 3566598
-5.908813e+13 7.268287e+13 -1.419727e+14 2.896289e-01 4.430868e-01 -8.484039e-01 -2.375878e-01 0 6
3.464241e+13 -1.175125e+14 1.196258e+14 5.898270e-01 -5.154290e-01 6.216406e-01 2.386177e+01 0 2036357
3.388503e+13 1.667416e+14 -1.993942e+13 2.794187e-03 5.171008e-01 -8.559199e-01 1.733543e+01 0 6703636
6.753988e+13 -4.611098e+13 -1.832195e+14 4.557977e-01 5.852023e-01 -6.706614e-01 -1.490712e+01 0 3467237
1.340387e+14 1.115912e+14 -3.430403e+12 4.784118e-01 8.778419e-01 2.271098e-02 -9.306417e+00 0 15
-5.067366e+13 -1.402994e+14 8.201940e+13 -5.685747e-01 -2.674208e-01 7.779518e-01 -3.631998e+01 0 1506830
-5.095066e+13 1.219045e+14 -1.084021e+14 4.512120e-02 1.448022e-01 -9.884313e-01 -7.165898e+00 0 12813072
-1.991771e+13 4.609749e+13 -1.624246e+14 6.429557e-01 7.550675e-01 -1.283789e-01 4.093113e-01 0 323904
1.626132e+14 -4.937003e+13 6.075871e+13 7.165928e-01 3.550997e-01 6.003323e-01 -2.010938e+00 0 13682936
9.346007e+12 1.595766e+14 -1.036816e+14 7.069008e-02 9.561968e-01 -2.840608e-01 1.245567e+01 0 3290025
-6.927542e+13 -1.459902e+14 -5.884348e+13 1.589209e-01 -7.399621e-01 -6.536056e-01 1.756641e+01 0 308474
-4.075117e+13 5.424325e+13 1.570933e+14 -3.925318e-01 -1.203253e-01 9.118337e-01 -2.071061e-01 0 653724
1.578103e+14 2.512781e+12 6.253991e+13 5.587855e-01 -5.616053e-01 6.102116e-01 -2.219607e+01 0 5892576
-1.374977e+14 7.285630e+13 -7.388631e+13 -8.769702e-01 2.816584e-01 -3.893479e-01 -1.458508e+01 0 1
1.137291e+14 5.463283e+13 -1.245883e+14 2.096083e-01 -2.641365e-02 -9.774286e-01 7.702590e+00 0 7138725
8.731675e+13 1.456949e+14 -2.073778e+13 1.640190e-01 8.807137e-01 4.443436e-01 2.110547e+01 0 13
-1.376065e+14 9.564790e+13 2.651220e+13 -6.330902e-01 7.280122e-01 2.630495e-01 -1.087538e+01 0 2359365
6.181575e+13 1.196764e+13 1.599803e+14 -8.895273e-02 -3.770956e-02 9.953218e-01 5.254261e+00 0 2824796
-8.906708e+13 5.624309e+13 1.418435e+14 8.128604e-02 2.329905e-01 9.690759e-01 -1.413377e+01 0 28
8.572957e+12 1.516636e+14 7.911455e+13 6.202960e-03 6.469801e-01 7.624817e-01 1.228125e+01 0 8206014
1.402074e+14 9.594038e+13 1.461547e+13 6.832841e-01 6.754110e-01 -2.773858e-01 1.306801e+01 0 9
1.550227e+13 -1.701377e+14 3.393653e+13 4.560119e-01 -8.879540e-01 5.992440e-02 2.074593e+01 0 1238225
-1.549832e+14 -3.478124e+13 -6.816746e+13 -7.341524e-01 -2.540764e-01 -6.296550e-01 -1.173609e+01 0 3
1.242087e+14 1.191769e+13 1.157974e+14 6.959633e-01 -6.219845e-01 3.588459e-01 -2.509195e+01 0 32
1.640053e+13 -4.914160e+13 1.655346e+14 9.148469e-01 -2.443924e-01 3.214459e-01 1.804117e+01 0 2801073
-1.798688e+13 1.562326e+14 6.373597e+13 1.563979e-01 9.566576e-01 2.456542e-01 -2.427319e+01 0 2946058
-9.086496e+13 -8.176413e+13 1.224166e+14 -4.301218e-01 3.191061e-01 8.444919e-01 -1.149370e+00 0 358831
7.988856e+13 3.648186e+13 -1.768587e+14 7.911990e-02 4.024811e-01 -9.120027e-01 -9.187210e+00 0 14576059
-4.883025e+13 -5.363973e+13 -1.545388e+14 -6.891267e-01 5.399983e-01 -4.832248e-01 -2.299384e+01 0 10253299
1.961773e+13 -1.584853e+14 -6.655643e+13 1.639923e-01 -5.648671e-01 8.087222e-01 1.998112e+01 0 4
-1.704893e+14 -5.199124e+13 1.501852e+12 -7.070989e-01 -2.830941e-01 -6.479729e-01 -9.247770e+00 0 15394323
-4.458307e+13 -1.041457e+13 -1.637103e+14 -7.411251e-02 -8.927470e-01 -4.444211e-01 -6.667391e+00 0 3939882
5.837784e+13 -9.038256e+13 1.366254e+14 1.676346e-01 1.168628e-01 9.788982e-01 1.174944e+01 0 1708423
7.927802e+13 1.039368e+14 1.156613e+14 -2.412427e-01 9.300294e-01 2.772133e-01 -6.217670e+00 0 10126424
-1.518390e+14 6.904624e+13 -4.878992e+13 -4.748314e-01 -1.337181e-01 -8.698589e-01 1.754108e+01 0 17
9.084686e+13 5.662262e+12 1.484921e+14 5.232563e-01 2.009170e-01 8.281517e-01 1.166438e+01 0 13452758
7.235495e+13 -1.454167e+14 5.236850e+13 4.143072e-01 -7.482628e-01 5.181238e-01 -6.110972e+00 0 79368
1.296470e+14 5.149256e+12 -1.107249e+14 4.945837e-01 -8.481035e-01 1.900194e-01 -1.574969e-01 0 5502983
1.110979e+14 -8.206930e+13 -1.144773e+14 6.937232e-01 -3.734332e-01 -6.158699e-01 1.204022e+01 0 5282551
1.460983e+14 -9.242472e+13 5.515616e+13 7.612653e-01 -6.218790e-01 1.836890e-01 1.406962e+01 0 3593550
7.647567e+13 -1.289137e+14 8.862378e+13 2.300589e-01 -5.614878e-01 7.948612e-01 -1.290099e+01 0 12592
1.566362e+13 -1.687428e+14 1.011334e+13 3.822530e-01 -9.240415e-01 5.475005e-03 -3.100594e+00 0 4
-9.138241e+13 -1.034846e+14 -9.980096e+13 -5.695568e-01 -4.781537e-01 -6.685612e-01 -7.385295e+00 0 2358855
-9.008018e+13 1.358383e+14 7.776627e+13 -9.204014e-01 3.829528e-01 7.879360e-02 -2.293673e+00 0 7824129
6.189090e+13 -1.486882e+14 -6.708231e+13 8.430306e-01 -5.055768e-01 1.835525e-01 4.729553e+00 0 679310
-4.977634e+13 -1.622235e+14 -5.630477e+12 7.729250e-01 -5.995574e-01 -2.076481e-01 2.933391e+00 0 1
3.435637e+13 9.688994e+13 1.507155e+14 -5.244075e-01 6.366240e-01 5.654260e-01 2.612172e+01 0 69
-1.652294e+14 6.052452e+13 -7.650967e+13 -6.989964e-01 1.455208e-01 -7.001626e-01 1.877092e+01 0 3781485
-1.305787e+14 -3.464562e+13 -1.045292e+14 -6.280825e-01 4.908425e-01 -6.038096e-01 5.800742e+00 0 72
8.974651e+13 -1.076682e+14 9.550673e+13 5.742032e-01 -4.216209e-01 7.018023e-01 9.731723e+00 0 1250252
1.427064e+14 -3.353125e+13 8.676065e+13 9.563933e-01 -2.044374e-01 -2.086077e-01 -5.628786e+00 0 19
-1.415735e+14 9.315633e+13 2.414724e+13 1.051377e-01 9.302996e-01 3.514096e-01 -4.154897e+01 0 1
1.055760e+14 5.289658e+13 1.237496e+14 8.084573e-01 5.411403e-01 2.314390e-01 -4.247107e+00 0 2464356
-9.398420e+13 6.590073e+13 -1.251360e+14 -9.270003e-01 -7.705890e-02 -3.670590e-01 4.150651e+00 0 477465
1.210919e+14 -1.164205e+14 -2.518189e+13 1.070958e-01 -9.911516e-01 7.841511e-02 -3.114903e+01 0 297149
-1.088179e+14 1.104044e+14 -7.942182e+13 -5.292152e-01 3.889948e-01 -7.540652e-01 -1.283775e+01 0 4834440
-7.871483e+13 -1.468836e+14 7.054750e+13 1.238597e-01 -9.112353e-01 3.928219e-01 7.450808e-01 0 698481
8.147674e+12 -1.219542e+14 1.216268e+14 -1.751291e-01 -4.149503e-01 8.928304e-01 4.301760e+00 0 6112930
2.884832e+13 -1.420645e+14 -9.435729e+13 -3.945121e-01 -2.240097e-01 -8.911677e-01 -2.131687e+01 0 6666137
-8.225831e+13 2.627289e+13 -1.481600e+14 -9.108070e-02 -2.607290e-01 -9.611060e-01 -5.900324e+00 0 1306
-4.868510e+13 9.245664e+13 1.445573e+14 -1.910508e-01 2.092285e-01 9.590219e-01 -1.144705e+01 0 6652708
4.564293e+13 7.618002e+13 1.450896e+14 5.709145e-01 2.514368e-01 7.815601e-01 -1.245801e+00 0 5628548
-1.112054e+14 1.210207e+14 5.695113e+13 -5.683100e-01 7.093449e-01 -4.169574e-01 1.380594e+01 0 7951422
-8.184696e+13 1.236297e+13 1.522424e+14 9.396053e-02 9.259639e-03 9.955329e-01 1.017825e+01 0 753665
-5.871537e+13 -1.806771e+13 1.760054e+14 -8.469009e-01 -7.674074e-02 5.261841e-01 -1.658923e+01 0 1152523
2.154265e+13 -1.652637e+14 -3.558670e+13 5.364929e-01 -6.116284e-01 -5.814517e-01 1.732272e+01 0 767023
1.362383e+14 3.260173e+13 1.084624e+14 8.073903e-01 2.489963e-01 5.349035e-01 -7.671475e+00 0 153678
8.623559e+12 1.787285e+14 2.754199e+13 -4.582169e-02 8.756951e-01 -4.806853e-01 2.159523e+01 0 719589
9.589549e+13 1.387186e+14 -3.274466e+13 2.890346e-01 8.282218e-01 -4.801121e-01 1.553081e+01 0 1343473
-9.395488e+10 1.461449e+14 9.297229e+13 -9.192216e-02 9.890637e-01 1.153400e-01 1.482161e+01 0 509847
1.299848e+14 -9.683665e+13 5.114112e+13 4.711979e-01 -1.156050e-01 8.744187e-01 -1.053371e+01 0 1503183
-8.951334e+13 -1.968418e+12 1.456366e+14 5.380785e-01 4.189955e-01 7.313783e-01 5.523629e+00 0 7927463
1.273432e+14 -1.090649e+14 -3.161732e+13 6.542567e-01 -7.501250e-01 -9.623216e-02 -1.214595e+01 0 3883973
7.675597e+13 1.511499e+14 9.233130e+12 4.388009e-01 2.308687e-01 8.684201e-01 -2.373997e+01 0 1
1.022984e+14 1.966222e+13 -1.350567e+14 3.706073e-01 3.998754e-01 -8.383018e-01 -1.147821e+01 0 4018535
-5.424396e+13 1.697195e+14 3.837358e+13 -4.777218e-01 8.335761e-01 2.773675e-01 -7.832946e+00 0 17
1.218916e+14 7.531360e+13 -9.096488e+13 8.031903e-01 5.404910e-01 -2.505092e-01 5.160261e+00 0 5879934
-1.966064e+14 -3.363183e+13 1.353273e+14 -6.321744e-01 -2.792529e-01 7.227540e-01 -1.187187e+01 0 1526514
1.401519e+14 -1.165409e+14 1.823205e+12 6.180376e-01 -4.946091e-01 -6.110576e-01 -1.084651e+01 0 53
1.016867e+13 -1.690366e+14 -3.276032e+13 3.094446e-01 -3.291902e-01 -8.921199e-01 1.674588e+00 0 173151
-1.783110e+14 -1.904648e+13 1.559749e+12 -8.145128e-01 -5.491829e-01 -1.869949e-01 -1.114259e+01 0 2855946
-1.506512e+14 -5.650349e+13 6.480482e+13 -7.751446e-01 8.677086e-02 6.257968e-01 -2.104730e+01 0 7414524
6.634829e+13 9.072266e+13 -1.479903e+14 6.598074e-01 6.353030e-01 -4.013032e-01 1.228655e+01 0 2821936
-6.789988e+13 1.060629e+14 1.269537e+14 8.640497e-02 9.264063e-01 3.664772e-01 -2.189583e-01 0 3991291
2.152897e+13 1.308678e+14 -1.073111e+14 1.877224e-01 9.724804e-01 1.379934e-01 1.568350e+01 0 2688054
6.758379e+13 -1.444282e+14 -8.396622e+13 2.372960e-01 -8.760841e-01 -4.197230e-01 -2.036921e+01 0 5548712
1.386092e+14 -2.350011e+13 9.930954e+13 7.751368e-01 3.493104e-01 5.264458e-01 -7.088891e-01 0 2904398
-1.663856e+14 -3.093030e+13 1.564276e+13 -2.357396e-01 -2.943214e-01 9.261759e-01 1.740221e+01 0 10410293
8.323728e+12 8.866413e+13 -1.443893e+14 -1.010074e-02 2.952289e-01 -9.553732e-01 -4.107218e+00 0 10072830
5.492652e+13 1.394474e+14 7.948371e+13 -1.301542e-01 9.261268e-01 3.540467e-01 3.718998e+00 0 181202
-3.088842e+13 7.271447e+13 -1.501568e+14 -9.412348e-01 2.511785e-01 -2.258018e-01 5.596120e+00 0 230060
-1.378210e+14 -3.255681e+13 1.060805e+14 -2.763176e-01 -5.906028e-01 7.581800e-01 1.723106e+01 0 634544
-4.203765e+13 -1.360430e+13 1.786983e+14 3.642042e-01 -6.290375e-01 6.867802e-01 1.758489e+01 0 36558417
1.670055e+14 -2.488468e+13 -2.071489e+13 5.798354e-01 7.385442e-01 3.440106e-01 2.370290e+01 0 3253284
-1.644326e+13 -1.682195e+14 -4.314742e+13 -7.507652e-01 -5.313718e-01 -3.924229e-01 -6.444997e+00 0 477315
1.229535e+14 -1.041238e+14 5.749208e+13 7.935089e-01 -6.040440e-01 -7.398986e-02 -8.658793e+00 0 13124813
1.350438e+14 -8.655444e+13 5.759309e+13 5.317893e-01 -8.274569e-01 -1.803197e-01 -2.153527e+00 0 7000151
-5.975144e+13 -1.086984e+14 -1.171211e+14 -5.921381e-01 -4.550385e-01 -6.650657e-01 8.382879e+00 0 336391
-1.069628e+14 -1.002539e+14 9.193199e+13 -8.625684e-01 -3.848263e-01 -3.284577e-01 -1.698899e+01 0 14006719
-3.830184e+13 -2.060985e+13 -1.648154e+14 -6.549006e-01 6.671434e-01 -3.549999e-01 -1.420204e+01 0 13
6.221551e+13 -1.942957e+13 1.596332e+14 7.221064e-01 1.785716e-01 6.683371e-01 1.088006e+01 0 13
-3.137957e+13 1.326127e+14 1.112913e+14 -2.441650e-01 8.127819e-01 5.289319e-01 1.253842e+01 0 12038694
1.100019e+14 -8.936476e+13 -9.546632e+13 8.555550e-01 5.104935e-01 -8.615151e-02 6.586539e+00 0 9871368
9.279021e+13 -1.175457e+14 -8.531869e+13 -9.042512e-02 -9.306853e-01 -3.544689e-01 -2.652674e+01 0 24559066
7.858111e+13 -1.150846e+14 -1.039605e+14 5.892876e-01 -8.051719e-01 -6.662103e-02 -1.908626e+01 0 40
-1.213562e+14 1.174901e+14 -2.404765e+13 -6.447117e-01 3.542099e-01 -6.774084e-01 -1.360692e+01 0 3194802
-1.234320e+14 1.776895e+13 1.236995e+14 -8.105364e-01 5.787382e-01 8.996024e-02 -1.805105e+01 0 10170948
-3.407672e+13 -1.579046e+14 5.412530e+13 3.795341e-01 -9.148692e-01 1.377253e-01 2.309183e+01 0 5559521
2.246818e+13 -4.790814e+13 -1.660640e+14 -3.444405e-01 1.484297e-01 -9.270002e-01 -1.378861e+01 0 12318361
-1.183157e+14 4.923859e+13 1.444691e+14 -5.739320e-01 6.471602e-01 5.017826e-01 1.047128e+01 0 6254759
4.762064e+13 9.755415e+13 -1.316465e+14 7.881839e-01 3.784362e-01 -4.853371e-01 -1.680451e+01 0 2320637
-3.018373e+12 -3.433473e+13 1.712061e+14 -4.276741e-01 4.218900e-01 7.994396e-01 -7.373571e+00 0 1451631
-2.665225e+13 -1.264671e+14 1.103729e+14 -8.309223e-01 -3.825059e-01 4.040512e-01 -2.204104e+01 0 4868692
-1.695109e+13 4.435603e+13 1.653552e+14 2.852071e-01 2.626784e-01 9.217684e-01 8.941115e+00 0 898502
-1.101399e+14 -1.211371e+14 4.569620e+13 -4.877650e-01 -3.300648e-01 8.081724e-01 6.125793e+00 0 10774927
1.538852e+14 -5.558575e+13 -4.843508e+13 2.966496e-01 -8.362302e-01 4.612137e-01 1.929761e+00 0 6
1.655449e+14 -1.458592e+13 -5.739744e+13 5.814724e-01 1.900967e-01 -7.910456e-01 -4.256789e+00 0 7889457
-1.423269e+14 -7.045991e+13 5.974985e+13 1.623634e-01 -5.548882e-03 9.867154e-01 9.815459e+00 0 2206556
2.442656e+13 -1.094543e+14 1.453705e+14 -2.321441e-01 -9.548133e-01 1.855822e-01 1.767829e+00 0 6425385
-2.790750e+13 -1.715678e+14 1.462820e+13 -2.858405e-01 -7.675285e-01 -5.737554e-01 -1.218633e+01 0 35
1.082232e+14 9.350151e+13 -1.039890e+14 2.365283e-01 8.161471e-01 -5.272174e-01 2.471958e+01 0 8644536
-3.270581e+13 -1.684800e+14 1.673024e+12 9.000742e-01 -4.098464e-01 1.479608e-01 3.543853e+01 0 16746250
1.555276e+14 -6.834452e+13 -6.086270e+13 8.120749e-01 3.640169e-01 -4.560987e-01 3.659369e+00 0 3828078
-2.455456e+13 -9.783736e+13 1.505068e+14 -1.484467e-01 -8.699965e-01 4.701804e-01 -1.530716e+01 0 2270275
-1.753527e+14 -1.316280e+13 6.497737e+13 -9.806569e-01 1.712623e-01 -9.476925e-02 -2.680888e+01 0 4836505
-8.466964e+13 7.133243e+13 -1.356350e+14 -4.915648e-01 8.680845e-01 -6.923432e-02 1.166589e+01 0 15
-1.710351e+14 1.189504e+13 -1.228179e+13 -8.389276e-01 -4.466694e-01 -3.109452e-01 5.285106e+00 0 13183861
8.552166e+13 -2.241864e+14 4.974102e+13 8.215598e-01 -5.567190e-01 1.228966e-01 4.208179e+01 0 11327134
-1.135301e+14 1.233726e+14 4.986934e+13 -5.824287e-01 8.066487e-01 -1.004723e-01 -1.564076e+01 0 3
-1.477921e+14 -8.757963e+12 8.282058e+13 2.932767e-01 1.224308e-01 9.481559e-01 1.174906e+01 0 18
7.056903e+13 -1.481016e+14 5.569447e+13 -6.884817e-01 -5.443293e-01 4.792688e-01 -2.802305e+00 0 10111377
-1.650078e+14 -1.583922e+13 -3.964133e+13 -8.704554e-01 1.379289e-01 -4.725284e-01 -3.655455e-01 0 816948
-4.554610e+13 -2.473957e+13 -1.618718e+14 7.039386e-01 -1.430662e-02 -7.101167e-01 -3.867659e+00 0 9680901
1.488512e+14 9.417315e+13 -1.149343e+13 1.568340e-01 8.774639e-01 -4.532773e-01 2.178984e+01 0 5551678
1.469502e+14 -2.374791e+13 1.002877e+14 9.138430e-01 3.962385e-01 8.880331e-02 -4.964337e+00 0 3231409
-3.929568e+13 3.894095e+13 1.610557e+14 6.061263e-01 -1.631261e-01 7.784606e-01 7.188601e+00 0 252516
-1.334831e+12 -5.598238e+13 -1.675118e+14 -5.208237e-01 -8.590208e-03 -8.536211e-01 -2.119166e+01 0 6456255
-9.056573e+13 -1.478999e+14 7.452953e+11 -9.479125e-02 -8.064668e-01 -5.836316e-01 1.699161e+01 0 5401738
1.001032e+14 -1.838595e+13 1.366043e+14 -1.955919e-01 -9.401045e-01 2.791904e-01 7.772673e-01 0 15723321
1.557900e+13 8.234758e+13 1.678486e+14 3.538503e-03 4.440733e-01 8.959835e-01 1.959172e+01 0 2225723
6.263992e+12 1.273803e+14 1.126311e+14 1.698686e-02 1.291827e-01 9.914753e-01 9.690031e+00 0 28
1.581368e+14 -1.119072e+14 1.379504e+13 6.480000e-01 -6.259791e-01 -4.338735e-01 1.302590e+01 0 727595
-1.017842e+14 -1.559906e+14 4.982699e+12 -4.727070e-01 -5.110743e-01 -7.178796e-01 1.621564e+01 0 69
-5.321780e+13 -1.342508e+14 -1.058563e+14 5.976622e-01 -4.299759e-01 -6.766983e-01 2.743531e+01 0 6890837
-1.629394e+14 -4.719730e+13 -3.546550e+13 -4.723779e-01 -8.289653e-01 2.994590e-01 2.710555e+00 0 1192743
-2.879396e+13 1.228375e+14 1.134716e+14 7.139213e-02 9.942584e-01 7.970803e-02 -1.031501e+01 0 2
-1.741459e+14 -5.537976e+12 2.222099e+13 -6.160752e-01 -7.852529e-01 -6.188155e-02 2.974366e+01 0 4
-1.388497e+14 3.494851e+12 -1.038357e+14 -5.596740e-02 7.496979e-01 -6.594093e-01 1.301565e+00 0 31
-1.630513e+14 -1.779643e+13 9.011523e+13 -3.802710e-01 -7.372416e-02 9.219321e-01 1.927437e+01 0 15
-9.522317e+12 -1.192370e+14 1.245249e+14 3.494914e-01 -6.855373e-01 6.386661e-01 1.839291e+01 0 1301661
1.358468e+14 1.008438e+14 1.217703e+13 7.820794e-01 1.146719e-01 6.125375e-01 -1.251207e+01 0 16060600
1.170782e+14 1.194141e+14 -3.294165e+13 9.684511e-01 1.298455e-01 -2.127032e-01 -2.153585e+01 0 3682688
9.887901e+13 -4.251604e+13 1.456151e+14 4.075689e-01 1.572514e-01 8.995330e-01 -9.474805e+00 0 4631666
-1.228209e+14 3.356450e+13 -1.153815e+14 -1.110512e-01 9.806448e-01 -1.612558e-01 -3.150795e+01 0 233628
1.457885e+13 -9.333885e+12 1.694150e+14 4.485496e-01 4.133241e-01 7.924433e-01 5.545541e+00 0 527083
-1.347997e+14 -3.534529e+13 -1.101869e+14 -6.146284e-01 -2.420473e-01 -7.507630e-01 1.317954e+01 0 2970580
1.261635e+14 5.090494e+13 -1.266264e+14 5.850393e-01 7.237099e-01 -3.660233e-01 2.163788e+01 0 782880
-1.685140e+14 -3.334984e+13 -4.034965e+13 -7.493540e-01 -4.267058e-01 -5.063505e-01 -6.106036e+00 0 6736641
-7.738451e+13 -6.414420e+13 1.529948e+14 -2.112324e-01 -2.357025e-01 9.485912e-01 1.494838e+01 0 11
1.597014e+13 4.689772e+13 1.732639e+14 3.914746e-01 8.566201e-01 3.360799e-01 1.074381e+01 0 15025356
4.396718e+13 1.554243e+14 -5.469155e+13 2.757333e-01 6.159271e-01 7.379736e-01 9.283027e+00 0 1808052
1.950821e+13 8.827293e+13 1.482509e+14 -4.071162e-01 3.427445e-01 8.466301e-01 -3.507438e+00 0 8
-1.466413e+14 -8.507183e+13 5.879386e+13 -6.671649e-01 -5.189264e-01 -5.344216e-01 1.638869e+01 0 2533828
-1.597388e+13 -4.332110e+13 1.653214e+14 -5.249274e-01 -5.972156e-01 6.064526e-01 4.786873e+00 0 13740264
-1.199159e+14 1.074113e+14 5.820935e+13 -2.793982e-01 7.281391e-01 -6.258995e-01 -2.192003e+01 0 15687277
1.081108e+14 -9.385439e+13 -9.116822e+13 -3.480965e-01 -8.990906e-01 -2.654523e-01 -2.421349e+01 0 1
7.650642e+13 9.499551e+13 1.198991e+14 -6.445090e-01 3.053570e-01 7.009745e-01 2.619648e+01 0 13271198
5.927875e+13 1.398557e+13 -1.760824e+14 6.225406e-01 -1.202572e-01 -7.732925e-01 8.726693e+00 0 4126587
-4.747975e+13 4.553283e+13 -1.578584e+14 -6.453913e-01 7.589033e-01 8.680876e-02 -1.338751e+01 0 113563
-4.163208e+13 1.683674e+14 -3.502002e+13 2.491192e-01 9.652376e-01 7.909501e-02 3.402604e+00 0 19940962
-5.701356e+13 -4.923898e+13 -1.835283e+14 -4.190627e-01 -3.299887e-01 -8.458687e-01 1.036527e+01 0 9277755
-4.520387e+12 -1.900509e+14 -2.751066e+13 4.238091e-01 -7.945042e-01 -4.349125e-01 -3.791083e+00 0 18403493
3.847576e+13 7.499259e+13 -1.499951e+14 -1.970517e-01 1.344635e-01 -9.711283e-01 -7.744413e+00 0 1019741
7.393940e+13 9.408744e+13 -1.228708e+14 4.271402e-01 1.817957e-01 -8.857209e-01 -1.915235e+01 0 11634967
-9.907823e+13 1.289988e+14 -5.089518e+13 -6.318192e-03 9.999787e-01 1.607026e-03 -8.159444e+00 0 147404
1.752645e+14 -5.015153e+13 -3.481221e+12 5.577171e-01 -7.442826e-01 3.674167e-01 -2.595100e+01 0 1958474
-3.544835e+13 -1.650413e+14 3.458832e+13 -4.497239e-01 -8.772264e-01 1.679946e-01 -1.571231e+01 0 2214292
2.088714e+13 -1.204486e+14 -1.330709e+14 -3.493377e-01 -8.127638e-01 -4.662383e-01 4.096993e+00 0 4
-9.162735e+11 -1.216545e+14 -1.773328e+14 -1.467469e-01 -2.043851e-01 -9.678285e-01 -1.890199e+01 0 8007117
-6.176895e+13 1.483662e+14 6.643816e+13 -3.257838e-01 9.429607e-01 -6.848343e-02 -7.807403e+00 0 6233462
1.208896e+13 1.443349e+14 9.448436e+13 3.666415e-02 -1.803784e-01 9.829137e-01 1.695422e+01 0 9
1.115538e+14 3.898359e+13 1.612091e+14 6.050745e-01 6.967941e-01 3.851789e-01 2.306757e+01 0 8113474
1.501741e+14 6.208710e+13 8.204647e+13 2.862357e-01 9.115315e-01 2.952616e-01 3.219191e+01 0 3155570
-3.216056e+13 -1.457595e+14 -1.020985e+14 5.813982e-01 -6.390048e-01 -5.036358e-01 2.825713e+01 0 3895351
-1.467191e+14 -1.498714e+13 -1.166680e+14 -7.747040e-01 -6.013055e-02 -6.294586e-01 1.556896e+01 0 10853955
-7.811186e+13 1.568325e+14 3.319148e+13 -2.989479e-01 8.885066e-01 -3.481181e-01 1.244865e+01 0 66
1.402266e+14 -9.446488e+13 1.432161e+13 7.194022e-01 1.398000e-01 -6.803796e-01 1.620053e+01 0 9026607
-1.696000e+14 9.976137e+11 -7.533706e+12 -7.414703e-01 5.725364e-01 -3.498913e-01 -3.638184e+00 0 6897979
1.522889e+14 -5.101984e+13 6.035814e+13 8.317083e-01 5.177841e-02 -5.527932e-01 1.977717e+01 0 593893
9.989668e+13 1.129831e+14 8.137014e+13 7.271075e-01 6.618419e-01 1.824280e-01 7.526696e+00 0 7633652
-9.072054e+13 1.157724e+14 -1.007529e+14 -5.697304e-01 8.218246e-01 3.392610e-03 2.815562e+01 0 1781937
1.063875e+14 1.060318e+14 -1.066186e+14 8.442167e-01 3.646033e-01 -3.928900e-01 1.446032e+01 0 836722
-1.360982e+14 -6.610851e+13 -1.435869e+14 -8.776521e-01 -2.976215e-01 -3.756970e-01 2.076005e+01 0 1006053
-4.745316e+11 1.720158e+14 -2.512768e+13 7.555145e-01 5.268877e-01 3.893421e-01 -3.160353e+01 0 4
-1.534335e+14 7.150698e+13 1.345284e+14 -5.669023e-01 -1.880481e-01 8.020347e-01 -1.118054e+01 0 5779669
-1.194768e+14 1.160461e+14 3.241947e+13 -2.583538e-01 2.222013e-01 9.401489e-01 1.067774e+01 0 1402610
-2.822838e+13 -4.723215e+13 1.628806e+14 -9.328114e-02 -8.340360e-01 5.437671e-01 -1.256601e+01 0 5932031
-7.204301e+13 2.162460e+14 1.955001e+14 -3.033616e-01 3.140712e-01 8.996283e-01 2.219009e+01 0 1
-8.887065e+12 9.881877e+13 1.380162e+14 -4.029468e-01 8.767467e-01 2.625814e-01 -1.715225e+01 0 592228
-2.453279e+13 1.353249e+14 1.252599e+14 -4.128616e-01 8.284464e-01 3.784467e-01 -1.335920e+01 0 1444930
-1.551581e+13 7.896492e+13 1.495480e+14 5.484003e-01 4.573600e-01 7.000564e-01 -1.723636e+01 0 2297786
7.392156e+13 2.398990e+13 -1.532060e+14 1.641725e-01 4.907424e-01 -8.556981e-01 -8.506626e+00 0 7655083
-4.976103e+13 -6.763238e+13 1.486632e+14 -7.923344e-01 -4.826213e-01 3.732062e-01 -1.022151e+00 0 1470
1.232904e+14 -1.391228e+14 -8.039498e+13 1.991710e-02 -8.840957e-01 -4.668812e-01 -3.162133e+01 0 18
-2.086529e+13 -6.663230e+13 -1.570548e+14 3.027256e-01 -8.035521e-01 -5.125049e-01 7.831391e+00 0 9960548
3.442451e+13 -1.625411e+14 -5.316279e+13 -2.890997e-01 -1.498333e-01 -9.455006e-01 -2.723338e+01 0 1
-6.871501e+12 -7.617420e+12 -1.696817e+14 2.243655e-01 -7.696585e-01 -5.977340e-01 -5.154117e+00 0 2229945
-8.102981e+13 -3.001899e+13 1.513151e+14 -8.207704e-01 -2.790784e-01 4.984487e-01 1.107659e+01 0 4034718
2.060798e+12 8.856562e+13 1.925711e+14 -3.932307e-01 4.794617e-01 7.845293e-01 2.408489e+01 0 3669567
-1.416044e+14 1.252619e+14 -3.847319e+13 -5.762013e-01 6.858041e-01 -4.445952e-01 -2.274009e+01 0 2912482
-1.464420e+14 9.927916e+13 -2.701953e+13 -1.535061e-01 9.345522e-01 -3.210110e-01 -3.313177e+00 0 1048079
6.297826e+13 -1.313355e+14 -9.142964e+13 2.640600e-01 -9.577080e-01 -1.143142e-01 5.402714e+00 0 4136188
7.813397e+13 1.006807e+14 -1.937116e+14 5.838203e-01 9.495966e-02 -8.063104e-01 -3.150646e+01 0 6331756
-7.688875e+13 4.546222e+13 -1.474139e+14 -2.939326e-01 8.626892e-01 -4.115469e-01 4.181296e+00 0 3204051
2.452779e+13 -5.757317e+13 1.597223e+14 -2.448431e-01 3.281043e-01 9.123592e-01 -9.526925e+00 0 3857601
-1.516824e+14 4.202651e+13 -6.483797e+13 -5.823221e-01 3.022291e-01 -7.546910e-01 4.165474e+00 0 104
1.152204e+14 5.455159e+13 1.133114e+14 -2.719008e-01 8.451782e-01 4.601562e-01 3.142379e+01 0 2
-1.693011e+14 -2.846837e+13 -4.453065e+12 -8.185003e-01 -5.459898e-01 1.787522e-01 1.190906e+00 0 155426
-6.607137e+13 -1.054838e+14 1.174741e+14 2.527289e-01 -8.047724e-01 5.370936e-01 -8.088228e+00 0 4184144
1.441534e+14 -2.732092e+13 -9.372854e+13 7.944819e-01 6.071869e-01 1.107273e-02 -2.776349e+00 0 1048425
1.603481e+14 -4.213380e+13 -1.074193e+14 8.226251e-01 -5.675041e-01 3.502952e-02 -2.374205e+01 0 13582706
-1.214882e+12 -1.254849e+14 -1.157702e+14 -4.704278e-01 -8.768673e-01 -9.900208e-02 8.443011e+00 0 18
6.757115e+13 1.450625e+14 -7.760584e+13 9.780365e-01 7.308755e-02 -1.951993e-01 -2.675931e+01 0 15
6.754552e+13 -6.666716e+13 -1.522471e+14 -4.182259e-01 -7.505057e-01 -5.116916e-01 5.413896e+00 0 998609
-1.259656e+14 -9.130041e+13 -6.814444e+13 -9.663870e-01 2.030565e-01 -1.576841e-01 -1.072055e+01 0 56491
1.273933e+14 -1.199393e+14 5.982008e+13 4.373473e-01 -7.634782e-01 -4.752140e-01 -2.434652e+01 0 5471288
-4.443281e+13 1.466803e+14 7.685244e+13 -1.801514e-01 9.836386e-01 -7.186002e-04 8.204578e+00 0 634909
1.210561e+14 3.867347e+12 -1.341800e+14 6.608543e-01 2.955513e-01 -6.898703e-01 1.310641e+01 0 1862715
-1.635165e+14 9.757358e+13 6.232339e+13 -6.981202e-01 2.256115e-01 6.795055e-01 2.134522e+01 0 1170304
-1.904749e+14 4.845442e+13 2.764185e+12 -4.007035e-01 8.941492e-01 1.998345e-01 -4.292622e+01 0 8037296
-9.052659e+13 1.520673e+14 -2.004642e+13 -6.064806e-01 5.487866e-01 -5.753386e-01 -5.258905e+00 0 10
1.943291e+13 -9.501721e+13 1.587808e+14 5.107945e-01 -5.395656e-01 6.692965e-01 1.390047e+01 0 19
8.699534e+13 -1.520594e+14 -5.743582e+12 1.862509e-01 -9.758336e-01 1.142775e-01 -1.570009e+01 0 6015802
1.642100e+14 -4.183276e+13 -2.352962e+13 9.902266e-01 1.373796e-01 -2.404297e-02 2.642574e+00 0 4273562
-1.574339e+14 6.778428e+13 -1.241810e+14 -9.291970e-01 -2.285947e-01 -2.904089e-01 -5.122364e+00 0 161135
-1.037279e+14 1.084177e+14 -1.188105e+14 -8.248349e-01 4.202525e-01 -3.782000e-01 -1.447938e+01 0 127971
-1.217307e+14 1.238386e+14 6.465587e+13 -7.546431e-01 4.920713e-01 4.340271e-01 -8.098683e+00 0 7549672
-1.508741e+14 9.140661e+13 1.395017e+13 -9.029276e-01 4.233461e-01 7.416038e-02 -1.117222e+01 0 16
-8.279290e+13 1.449224e+14 -4.353062e+13 -4.768244e-01 7.306407e-01 4.886744e-01 8.335030e+00 0 418460
1.937178e+13 1.322823e+13 -1.716647e+14 -1.524005e-01 -1.620629e-01 -9.749409e-01 1.073894e+01 0 3012324
1.585546e+14 3.285235e+13 -5.625819e+13 3.646448e-01 5.352123e-01 -7.619593e-01 1.658869e+01 0 4411590
-1.473783e+14 -7.637970e+13 -4.748139e+13 -8.915299e-01 2.950470e-01 3.436882e-01 -2.702138e+01 0 16
-1.405772e+14 -6.325468e+13 -8.373428e+13 -9.904580e-01 -1.159854e-01 -7.443345e-02 5.344233e+00 0 2139491
-1.967604e+13 1.734139e+14 -4.294169e+13 -4.379036e-01 8.956367e-01 7.794496e-02 1.896523e+01 0 11510263
-1.131972e+14 1.042888e+14 1.113807e+14 -7.718589e-01 4.405061e-01 4.584630e-01 -1.626266e+01 0 10954714
1.173693e+14 -1.225423e+14 1.713822e+13 8.916891e-01 -3.440003e-01 -2.942014e-01 2.292495e+01 0 1910746
8.214156e+13 9.083789e+13 -1.180839e+14 5.424012e-01 6.736769e-01 -5.019566e-01 5.345627e+00 0 1444834
-1.105941e+14 -1.272425e+14 -3.592305e+13 -7.660995e-01 -6.240245e-01 1.538991e-01 -2.229927e+01 0 8913067
-3.010081e+13 1.374575e+14 9.550548e+13 -7.368260e-01 6.760823e-01 4.172969e-04 1.619225e+01 0 10052706
-9.100173e+12 1.244832e+14 -1.148391e+14 -3.429381e-01 9.011556e-01 -2.651641e-01 2.770181e+00 0 464096
1.116976e+14 -1.242912e+14 3.657782e+13 -6.920442e-02 -9.950004e-01 7.200621e-02 -9.781518e+00 0 5231740
-9.699401e+13 1.282972e+14 -5.662445e+13 -6.134037e-01 7.596360e-01 2.160765e-01 1.119116e+01 0 1556543
-1.053543e+14 1.307518e+14 -8.067150e+13 -9.988006e-01 1.280094e-02 -4.726072e-02 -7.935331e-01 0 4
-2.604444e+13 -3.415899e+12 -1.700330e+14 -4.638017e-01 4.263173e-01 -7.766219e-01 -7.104989e+00 0 1018031
-7.696334e+13 1.250228e+14 -9.520220e+13 -8.235036e-01 5.605533e-01 8.730278e-02 1.635304e+01 0 5958437
5.887301e+12 9.706341e+13 1.410310e+14 8.505283e-01 2.853097e-01 4.418144e-01 -2.862152e+01 0 12404963
-1.349633e+14 8.779646e+13 -1.234502e+14 -5.202003e-01 2.799144e-01 -8.068703e-01 -1.079572e+01 0 2448005
-6.103609e+13 -1.402820e+14 -7.368093e+13 -7.440224e-01 -5.673173e-01 -3.529614e-01 -1.768127e+01 0 1
1.071853e+14 1.010933e+14 -1.027128e+14 9.827844e-02 5.036353e-01 -8.583081e-01 -9.940499e+00 0 1460308
3.421921e+13 4.130999e+13 1.609411e+14 -2.785961e-01 7.179599e-01 6.379011e-01 1.222735e+01 0 512001
-1.166128e+14 2.684321e+13 1.430398e+14 -6.376595e-01 -6.177461e-02 7.678374e-01 2.775810e+01 0 15300522
-7.161948e+12 1.664809e+14 4.869729e+13 5.745551e-01 7.129084e-01 4.020548e-01 -2.784867e+01 0 9
1.274772e+13 1.206005e+14 1.187480e+14 -3.329867e-01 -1.101763e-02 9.428672e-01 1.489294e+01 0 18312864
-3.984841e+13 7.119986e+13 1.580366e+14 -2.758471e-01 -1.316297e-01 9.521460e-01 -6.307744e+00 0 5407662
-1.516807e+14 9.882431e+13 -7.285851e+13 -3.217319e-01 7.372587e-01 -5.940860e-01 -2.427944e+01 0 195952
-7.396308e+13 1.254958e+14 8.755761e+13 3.561832e-01 9.330995e-01 4.958690e-02 -2.504470e+01 0 3347122
4.840455e+13 -1.129894e+14 -1.391227e+14 3.311766e-01 -9.417983e-01 -5.777584e-02 -2.462968e+01 0 14400694
4.292376e+13 -9.822694e+13 1.341037e+14 5.900472e-01 -3.190251e-01 7.416652e-01 1.594524e+01 0 12171663
5.337332e+13 -1.630623e+14 -4.927577e+12 4.691852e-01 -7.590169e-01 -4.513964e-01 1.611793e+01 0 6
-1.481179e+14 -8.432996e+13 6.348248e+12 -5.785102e-01 1.851430e-01 -7.943853e-01 -1.685650e+01 0 8
-1.671367e+14 3.696013e+13 -1.816161e+13 -4.663958e-01 -1.206622e-01 8.763080e-01 1.363233e+01 0 4227668
1.095477e+14 -5.359313e+13 1.245733e+14 7.267919e-01 -6.822987e-01 -7.900646e-02 -1.925603e+01 0 39
-1.249574e+14 3.182568e+13 -1.106680e+14 -5.795542e-01 6.412674e-02 -8.124067e-01 -2.472591e+00 0 542919
-4.460937e+13 -7.062065e+13 -1.505800e+14 2.287290e-01 -4.214682e-01 -8.775236e-01 -1.532998e+00 0 1152197
1.719891e+14 2.531254e+13 2.722495e+13 8.253038e-01 2.310479e-01 5.152576e-01 1.293551e+01 0 142233
-1.627500e+14 4.704263e+13 1.436637e+13 -6.244049e-01 -2.708620e-01 7.326338e-01 2.299068e+00 0 12777315
1.374655e+14 -1.167079e+14 3.713496e+13 6.239069e-01 -6.643008e-01 4.116364e-01 -1.791448e+01 0 2
4.139477e+13 1.056462e+14 -1.704411e+14 -1.128239e-01 3.106826e-01 -9.437940e-01 -1.163279e+01 0 3319330
-1.234002e+14 9.478862e+13 -6.792141e+13 -7.261841e-01 3.734753e-01 -5.772113e-01 8.863355e+00 0 3444405
-1.788744e+14 8.178792e+13 -8.425575e+12 -6.396610e-01 7.610403e-01 -1.079420e-01 -2.747835e+01 0 2
-1.489307e+14 7.347893e+13 3.868953e+13 -9.066979e-01 3.912239e-01 -1.576161e-01 -1.355524e+01 0 5
-1.574266e+14 -8.315476e+13 5.376733e+13 -9.248233e-01 -3.787463e-01 -3.540012e-02 5.635713e+00 0 581649
9.624249e+13 -6.067865e+13 -1.404092e+14 1.296499e-01 -8.373428e-01 -5.310819e-01 -1.791826e+01 0 26
7.690335e+13 1.372379e+14 -8.007022e+13 4.347019e-01 8.829848e-01 1.771220e-01 1.031381e+01 0 17585761
-4.388661e+13 1.222792e+14 -1.092101e+14 -7.769005e-01 6.182774e-01 -1.189905e-01 4.689877e+00 0 157350
-3.973526e+13 1.650072e+14 -6.756375e+13 -7.475080e-01 3.392356e-03 -6.642441e-01 3.763356e+01 0 100
-1.780804e+14 -3.071177e+13 -1.397653e+13 -7.965606e-01 -4.551055e-01 3.979576e-01 -4.542238e+00 0 16284449
-1.317100e+14 -2.871397e+13 1.176088e+14 -9.615050e-01 2.055581e-01 1.823567e-01 -2.204808e+01 0 377123
6.407194e+13 -4.950264e+13 -1.494419e+14 5.442034e-01 -5.425236e-01 -6.399304e-01 -1.403576e+01 0 12013221
-1.585861e+14 -8.323050e+13 -2.868550e+13 -5.127932e-01 -6.486162e-01 -5.624412e-01 -2.981481e-01 0 3175849
-1.468017e+14 2.559946e+13 -8.172516e+13 -6.588495e-01 5.823486e-01 -4.762221e-01 -2.543768e+00 0 22869977
7.204900e+13 -1.629663e+14 1.548063e+12 5.649077e-01 -8.033652e-01 -1.883711e-01 1.707961e+01 0 8957584
-4.596455e+13 -1.360962e+14 1.183702e+14 -1.183210e-01 1.497588e-01 9.816173e-01 1.733726e+01 0 11
-7.831696e+13 3.605288e+13 1.505879e+14 -4.459423e-01 -6.615073e-01 6.029457e-01 -7.547283e+00 0 8618658
1.299207e+14 -9.836560e+13 -4.848011e+13 9.548376e-01 -1.999864e-01 2.197510e-01 2.195218e+01 0 1885464
-1.543266e+14 3.853270e+13 -6.884898e+13 -9.155389e-01 -2.434008e-01 3.202257e-01 1.748401e+01 0 9424870
1.946197e+13 1.704040e+14 4.886952e+13 7.020505e-01 6.937739e-01 1.606328e-01 4.424214e-02 0 2061455
-6.895029e+13 1.081129e+14 1.691160e+14 1.833324e-01 7.011648e-01 6.890262e-01 -2.645757e+01 0 660479
4.544017e+13 -3.552071e+13 1.596959e+14 9.744928e-01 1.949179e-01 -1.112238e-01 -7.181745e-01 0 1593824
